21
0 28 14 43 33 6 19 32 12 19 5 46 37 41 11 10 20 1 44 27 40 
28 0 41 37 10 21 42 18 36 37 27 37 47 35 31 37 29 29 41 17 29 
14 41 0 46 45 20 9 40 7 15 18 50 33 44 12 4 23 12 45 36 46 
43 37 46 0 28 40 39 18 38 31 46 4 23 2 35 43 23 42 5 20 9 
33 10 45 28 0 27 43 10 38 37 33 28 42 27 33 40 26 34 33 11 19 
6 21 20 40 27 0 23 27 17 22 6 43 38 38 14 16 20 7 42 23 37 
19 42 9 39 43 23 0 36 6 7 23 44 23 37 10 9 18 17 37 33 41 
32 18 40 18 10 27 36 0 33 29 33 19 32 16 28 36 18 32 22 4 10 
12 36 7 38 38 17 6 33 0 8 17 43 27 36 5 4 16 11 37 29 39 
19 37 15 31 37 22 7 29 8 0 24 36 18 29 8 13 10 18 30 26 33 
5 27 18 46 33 6 23 33 17 24 0 49 42 44 16 15 25 6 47 29 43 
46 37 50 4 28 43 44 19 43 36 49 0 27 6 39 47 27 46 9 22 8 
37 47 33 23 42 38 23 32 27 18 42 27 0 22 26 31 19 36 18 31 29 
41 35 44 2 27 38 37 16 36 29 44 6 22 0 33 40 21 40 6 18 8 
11 31 12 35 33 14 10 28 5 8 16 39 26 33 0 8 11 10 34 24 34 
10 37 4 43 40 16 9 36 4 13 15 47 31 40 8 0 19 8 42 31 42 
20 29 23 23 26 20 18 18 16 10 25 27 19 21 11 19 0 20 23 15 23 
1 29 12 42 34 7 17 32 11 18 6 46 36 40 10 8 20 0 43 28 40 
44 41 45 5 33 42 37 22 37 30 47 9 18 6 34 42 23 43 0 24 14 
27 17 36 20 11 23 33 4 29 26 29 22 31 18 24 31 15 28 24 0 14 
40 29 46 9 19 37 41 10 39 33 43 8 29 8 34 42 23 40 14 14 0 
0 192
160 179
19 38
32 51
121 140
80 99
3 22
113 132
150 169
78 97
60 79
53 72
21 40
44 63
83 102
37 56
98 117
24 43
108 127
109 128
32 51
