21
0 2 13 12 12 26 26 11 6 17 21 22 10 37 17 19 9 8 12 27 27 
2 0 15 13 10 26 24 13 8 16 19 20 10 36 15 20 8 11 10 27 27 
13 15 0 12 24 29 39 9 7 28 34 35 16 43 29 20 20 6 24 31 27 
12 13 12 0 24 37 31 18 11 19 29 28 22 49 28 29 22 14 17 39 37 
12 10 24 24 0 21 22 17 17 19 14 17 10 28 5 19 4 18 13 21 25 
26 26 29 37 21 0 43 19 26 40 35 39 16 14 25 9 18 23 34 3 5 
26 24 39 31 22 43 0 37 32 12 7 4 31 47 18 41 26 35 14 42 47 
11 13 9 18 17 19 37 0 7 28 31 32 8 33 23 11 13 4 23 22 18 
6 8 7 11 17 26 32 7 0 23 27 28 11 38 22 18 13 3 18 27 25 
17 16 28 19 19 40 12 28 23 0 13 10 26 48 19 36 21 26 6 40 43 
21 19 34 29 14 35 7 31 27 13 0 4 24 39 10 34 19 30 12 34 39 
22 20 35 28 17 39 4 32 28 10 4 0 27 43 14 37 22 31 11 38 42 
10 10 16 22 10 16 31 8 11 26 24 27 0 27 16 10 5 10 20 17 17 
37 36 43 49 28 14 47 33 38 48 39 43 27 0 29 23 27 36 42 11 18 
17 15 29 28 5 25 18 23 22 19 10 14 16 29 0 24 10 24 14 23 29 
19 20 20 29 19 9 41 11 18 36 34 37 10 23 24 0 15 15 30 11 7 
9 8 20 22 4 18 26 13 13 21 19 22 5 27 10 15 0 14 15 18 21 
8 11 6 14 18 23 35 4 3 26 30 31 10 36 24 15 14 0 21 25 22 
12 10 24 17 13 34 14 23 18 6 12 11 20 42 14 30 15 21 0 34 37 
27 27 31 39 21 3 42 22 27 40 34 38 17 11 23 11 18 25 34 0 9 
27 27 27 37 25 5 47 18 25 43 39 42 17 18 29 7 21 22 37 9 0 
0 210
6 48
149 191
42 84
108 150
152 194
116 158
132 174
33 75
101 143
26 68
18 60
30 72
98 140
18 60
7 49
6 48
76 118
3 45
18 60
144 186
