21
0 25 18 19 16 29 16 21 18 14 40 30 14 2 29 37 23 16 33 33 11 
25 0 36 28 14 45 38 36 6 39 41 16 34 24 36 40 18 37 20 8 13 
18 36 0 11 33 10 7 38 29 17 27 32 30 21 15 24 22 5 32 43 26 
19 28 11 0 29 17 17 41 22 25 20 21 34 21 10 17 11 16 21 34 21 
16 14 33 29 0 43 32 22 12 29 48 28 20 14 39 46 25 32 31 21 7 
29 45 10 17 43 0 14 47 39 25 25 38 40 31 15 21 29 13 37 52 36 
16 38 7 17 32 14 0 33 31 11 34 36 25 18 22 31 27 1 38 46 26 
21 36 38 41 22 47 33 0 33 23 62 48 7 19 50 59 43 34 51 44 25 
18 6 29 22 12 39 31 33 0 32 38 16 29 18 31 36 15 31 19 14 7 
14 39 17 25 29 25 11 23 32 0 45 42 16 15 33 41 34 12 44 47 25 
40 41 27 20 48 25 34 62 38 45 0 27 55 42 12 3 23 33 24 45 40 
30 16 32 21 28 38 36 48 16 42 27 0 43 30 25 26 9 35 3 18 22 
14 34 30 34 20 40 25 7 29 16 55 43 0 13 43 52 37 26 46 41 21 
2 24 21 21 14 31 18 19 18 15 42 30 13 0 31 39 24 19 33 32 10 
29 36 15 10 39 15 22 50 31 33 12 25 43 31 0 8 17 21 24 41 31 
37 40 24 17 46 21 31 59 36 41 3 26 52 39 8 0 21 29 24 44 38 
23 18 22 11 25 29 27 43 15 34 23 9 37 24 17 21 0 26 10 23 18 
16 37 5 16 32 13 1 34 31 12 33 35 26 19 21 29 26 0 36 45 26 
33 20 32 21 31 37 38 51 19 44 24 3 46 33 24 24 10 36 0 21 26 
33 8 43 34 21 52 46 44 14 47 45 18 41 32 41 44 23 45 21 0 21 
11 13 26 21 7 36 26 25 7 25 40 22 21 10 31 38 18 26 26 21 0 
0 438
8 51
162 205
66 109
224 267
238 281
172 215
283 326
291 334
199 242
134 177
7 50
314 357
29 72
100 143
14 57
101 144
230 273
355 398
255 298
379 422
