21
0 31 10 26 30 22 12 15 14 35 41 9 21 29 11 28 26 17 10 15 25 
31 0 41 38 4 36 42 16 43 24 21 30 39 11 38 30 22 24 29 29 18 
10 41 0 33 40 29 10 25 4 45 51 17 25 39 14 36 31 27 14 18 32 
26 38 33 0 34 4 25 28 38 22 31 17 8 28 19 10 47 14 36 41 45 
30 4 40 34 0 33 40 15 43 20 17 28 36 6 36 25 25 21 29 30 22 
22 36 29 4 33 0 20 26 34 24 32 13 5 27 14 11 44 12 32 37 42 
12 42 10 25 40 20 0 26 14 41 47 13 16 37 6 30 37 22 21 26 37 
15 16 25 28 15 26 26 0 27 26 29 15 27 15 23 24 19 14 15 17 16 
14 43 4 38 43 34 14 27 0 49 55 22 30 42 19 41 31 31 15 18 32 
35 24 45 22 20 24 41 26 49 0 8 28 29 13 35 12 43 18 40 43 40 
41 21 51 31 17 32 47 29 55 8 0 34 37 13 42 21 43 25 44 46 39 
9 30 17 17 28 13 13 15 22 28 34 0 12 24 8 19 32 9 19 23 30 
21 39 25 8 36 5 16 27 30 29 37 12 0 31 10 17 44 15 31 36 43 
29 11 39 28 6 27 37 15 42 13 13 24 31 0 32 19 30 16 30 33 27 
11 38 14 19 36 14 6 23 19 35 42 8 10 32 0 24 37 16 22 27 36 
28 30 36 10 25 11 30 24 41 12 21 19 17 19 24 0 43 11 35 39 40 
26 22 31 47 25 44 37 19 31 43 43 32 44 30 37 43 0 33 16 13 3 
17 24 27 14 21 12 22 14 31 18 25 9 15 16 16 11 33 0 24 28 31 
10 29 14 36 29 32 21 15 15 40 44 19 31 30 22 35 16 24 0 4 17 
15 29 18 41 30 37 26 17 18 43 46 23 36 33 27 39 13 28 4 0 14 
25 18 32 45 22 42 37 16 32 40 39 30 43 27 36 40 3 31 17 14 0 
0 210
129 192
74 137
146 209
116 179
114 177
111 174
6 69
94 157
7 70
127 190
71 134
26 89
95 158
112 175
103 166
123 186
42 105
103 166
72 135
127 190
