21
0 25 29 24 4 35 51 50 16 13 45 30 22 25 19 17 14 6 37 48 16 
25 0 43 20 22 41 49 50 12 19 26 35 14 8 41 21 14 31 30 27 11 
29 43 0 24 27 12 29 27 42 41 46 13 48 37 14 46 29 25 28 50 32 
24 20 24 0 19 20 30 30 25 29 24 14 30 13 28 33 12 26 13 27 13 
4 22 27 19 0 32 47 46 16 14 40 26 22 21 19 18 10 9 33 43 12 
35 41 12 20 32 0 17 15 44 45 37 6 49 33 26 49 30 33 18 42 32 
51 49 29 30 47 17 0 2 56 59 35 20 61 41 43 63 42 50 19 39 43 
50 50 27 30 46 15 2 0 55 58 37 19 60 42 41 62 42 48 20 41 43 
16 12 42 25 16 44 56 55 0 6 38 38 6 17 35 8 13 23 38 39 12 
13 19 41 29 14 45 59 58 6 0 44 40 9 23 33 4 16 20 42 45 16 
45 26 46 24 40 37 35 37 38 44 0 33 40 21 52 46 31 49 19 4 29 
30 35 13 14 26 6 20 19 38 40 33 0 43 27 24 44 24 29 14 37 26 
22 14 48 30 22 49 61 60 6 9 40 43 0 20 41 8 19 29 42 40 17 
25 8 37 13 21 33 41 42 17 23 21 27 20 0 37 26 11 30 22 22 9 
19 41 14 28 19 26 43 41 35 33 52 24 41 37 0 37 26 13 38 56 29 
17 21 46 33 18 49 63 62 8 4 46 44 8 26 37 0 20 23 46 47 19 
14 14 29 12 10 30 42 42 13 16 31 24 19 11 26 20 0 18 26 33 2 
6 31 25 26 9 33 50 48 23 20 49 29 29 30 13 23 18 0 39 52 21 
37 30 28 13 33 18 19 20 38 42 19 14 42 22 38 46 26 39 0 23 26 
48 27 50 27 43 42 39 41 39 45 4 37 40 22 56 47 33 52 23 0 32 
16 11 32 13 12 32 43 43 12 16 29 26 17 9 29 19 2 21 26 32 0 
0 315
177 303
93 219
70 196
50 176
21 147
0 126
112 238
140 266
11 137
53 179
136 262
148 274
138 264
15 141
91 217
76 202
185 311
7 133
72 198
70 196
