21
0 31 16 21 31 9 41 24 26 2 36 28 45 46 28 35 40 30 39 46 43 
31 0 26 12 23 28 12 28 23 31 35 11 24 18 6 6 16 19 9 25 25 
16 26 0 13 16 6 39 8 10 18 20 30 48 35 21 33 28 16 36 48 29 
21 12 13 0 14 16 25 15 12 23 25 19 36 24 7 19 18 11 22 36 23 
31 23 16 14 0 22 35 9 5 33 12 33 48 23 17 30 16 3 32 48 13 
9 28 6 16 22 0 40 14 17 12 26 29 47 40 24 34 33 22 37 48 35 
41 12 39 25 35 40 0 40 36 41 47 15 15 21 18 6 23 31 2 15 33 
24 28 8 15 9 14 40 0 5 27 12 34 52 32 22 35 25 11 37 52 23 
26 23 10 12 5 17 36 5 0 28 13 31 48 27 17 30 20 6 33 48 18 
2 31 18 23 33 12 41 27 28 0 39 27 44 47 29 35 41 32 39 44 45 
36 35 20 25 12 26 47 12 13 39 0 44 60 33 29 42 26 15 44 60 20 
28 11 30 19 33 29 15 34 31 27 44 0 17 30 16 10 28 29 13 18 37 
45 24 48 36 48 47 15 52 48 44 60 17 0 37 31 18 39 44 17 0 49 
46 18 35 24 23 40 21 32 27 47 33 30 37 0 17 20 7 20 20 37 14 
28 6 21 7 17 24 18 22 17 29 29 16 31 17 0 13 13 13 15 31 21 
35 6 33 19 30 34 6 35 30 35 42 10 18 20 13 0 21 26 3 18 30 
40 16 28 18 16 33 23 25 20 41 26 28 39 7 13 21 0 13 21 39 9 
30 19 16 11 3 22 31 11 6 32 15 29 44 20 13 26 13 0 28 45 12 
39 9 36 22 32 37 2 37 33 39 44 13 17 20 15 3 21 28 0 17 31 
46 25 48 36 48 48 15 52 48 44 60 18 0 37 31 18 39 45 17 0 49 
43 25 29 23 13 35 33 23 18 45 20 37 49 14 21 30 9 12 31 49 0 
0 368
7 80
281 354
230 303
274 347
141 214
165 238
183 256
73 146
290 363
57 130
50 123
280 353
294 367
276 349
287 360
205 278
264 337
236 309
53 126
231 304
