21
0 10 43 11 29 60 31 39 18 13 39 55 48 17 30 4 37 27 44 47 61 
10 0 33 16 19 54 26 38 18 3 30 50 40 10 25 9 33 31 35 37 55 
43 33 0 42 14 32 23 41 35 30 4 29 14 27 22 39 28 47 5 5 33 
11 16 42 0 31 53 24 28 9 18 37 48 43 15 24 7 28 16 41 45 54 
29 19 14 31 0 43 21 40 27 16 12 39 25 16 20 26 29 40 18 19 43 
60 54 32 53 43 0 29 32 44 53 31 5 18 44 30 55 25 47 26 28 0 
31 26 23 24 21 29 0 18 15 25 19 24 19 15 1 26 7 24 20 24 30 
39 38 41 28 40 32 18 0 20 39 37 27 33 29 20 34 12 16 37 41 32 
18 18 35 9 27 44 15 20 0 20 31 39 35 11 15 13 19 13 34 38 44 
13 3 30 18 16 53 25 39 20 0 27 48 38 10 23 12 32 33 32 34 53 
39 30 4 37 12 31 19 37 31 27 0 28 13 23 17 35 24 42 5 7 32 
55 50 29 48 39 5 24 27 39 48 28 0 15 39 25 50 20 42 24 26 5 
48 40 14 43 25 18 19 33 35 38 13 15 0 31 19 44 20 43 8 11 19 
17 10 27 15 16 44 15 29 11 10 23 39 31 0 14 12 22 25 27 30 45 
30 25 22 24 20 30 1 20 15 23 17 25 19 14 0 25 9 25 19 23 30 
4 9 39 7 26 55 26 34 13 12 35 50 44 12 25 0 32 24 40 43 56 
37 33 28 28 29 25 7 12 19 32 24 20 20 22 9 32 0 23 24 28 25 
27 31 47 16 40 47 24 16 13 33 42 42 43 25 25 24 23 0 44 48 47 
44 35 5 41 18 26 20 37 34 32 5 24 8 27 19 40 24 44 0 3 27 
47 37 5 45 19 28 24 41 38 34 7 26 11 30 23 43 28 48 3 0 29 
61 55 33 54 43 0 30 32 44 53 32 5 19 45 30 56 25 47 27 29 0 
0 245
130 154
101 125
78 102
91 115
69 93
69 93
97 121
174 198
79 103
213 237
75 99
159 183
170 194
111 135
4 28
6 30
41 65
94 118
70 94
145 169
