21
0 43 15 9 32 42 15 30 16 25 11 24 33 11 16 33 29 20 28 10 31 
43 0 39 44 26 14 58 14 59 47 54 25 38 39 31 16 24 23 14 39 42 
15 39 0 7 20 43 29 31 28 39 20 30 18 3 8 24 35 22 27 22 43 
9 44 7 0 27 46 22 34 21 34 13 30 25 5 13 30 35 23 30 19 40 
32 26 20 27 0 35 47 25 47 49 40 32 12 22 15 9 35 23 21 34 49 
42 14 43 46 35 0 54 12 57 39 54 18 47 42 35 26 15 22 16 35 31 
15 58 29 22 47 54 0 44 4 24 10 35 47 26 32 48 39 34 43 19 34 
30 14 31 34 25 12 44 0 46 33 42 11 36 30 23 17 11 10 4 25 28 
16 59 28 21 47 57 4 46 0 28 8 38 46 25 32 49 42 36 45 22 38 
25 47 39 34 49 39 24 33 28 0 31 22 55 35 36 46 23 27 35 16 10 
11 54 20 13 40 54 10 42 8 31 0 36 38 18 25 43 40 31 40 20 39 
24 25 30 30 32 18 35 11 38 22 36 0 40 28 23 25 4 9 13 16 18 
33 38 18 25 12 47 47 36 46 55 38 40 0 21 18 21 44 31 31 38 57 
11 39 3 5 22 42 26 30 25 35 18 28 21 0 8 25 32 20 26 18 39 
16 31 8 13 15 35 32 23 32 36 25 23 18 8 0 17 28 14 18 20 38 
33 16 24 30 9 26 48 17 49 46 43 25 21 25 17 0 28 18 13 32 43 
29 24 35 35 35 15 39 11 42 23 40 4 44 32 28 28 0 13 15 20 17 
20 23 22 23 23 22 34 10 36 27 31 9 31 20 14 18 13 0 9 15 26 
28 14 27 30 21 16 43 4 45 35 40 13 31 26 18 13 15 9 0 24 31 
10 39 22 19 34 35 19 25 22 16 20 16 38 18 20 32 20 15 24 0 21 
31 42 43 40 49 31 34 28 38 10 39 18 57 39 38 43 17 26 31 21 0 
0 525
167 219
406 458
300 352
157 209
164 216
124 176
0 52
104 156
449 501
157 209
442 494
110 162
185 237
472 524
444 496
352 404
280 332
119 171
81 133
464 516
