21
0 18 24 7 30 20 19 8 7 28 17 32 19 17 17 17 24 18 28 14 31 
18 0 39 25 48 38 1 10 25 46 28 37 37 30 16 1 5 4 47 9 39 
24 39 0 23 29 8 39 29 20 25 36 52 7 10 27 38 45 40 23 38 18 
7 25 23 0 23 17 26 15 2 21 13 30 16 18 24 23 30 24 22 19 34 
30 48 29 23 0 20 49 38 23 3 25 37 21 33 45 46 53 46 6 41 46 
20 38 8 17 20 0 38 28 15 17 29 45 1 13 29 37 44 38 15 35 25 
19 1 39 26 49 38 0 11 26 47 29 38 37 30 16 2 5 5 48 11 38 
8 10 29 15 38 28 11 0 15 37 22 35 27 20 13 9 16 10 37 9 32 
7 25 20 2 23 15 26 15 0 21 16 32 14 16 23 24 31 25 21 20 32 
28 46 25 21 3 17 47 37 21 0 26 39 18 30 43 45 52 45 2 40 43 
17 28 36 13 25 29 29 22 16 26 0 16 29 32 34 26 31 25 28 18 47 
32 37 52 30 37 45 38 35 32 39 16 0 45 48 48 36 38 33 41 27 63 
19 37 7 16 21 1 37 27 14 18 29 45 0 12 28 36 43 37 16 34 24 
17 30 10 18 33 13 30 20 16 30 32 48 12 0 17 29 36 31 28 30 15 
17 16 27 24 45 29 16 13 23 43 34 48 28 17 0 16 21 20 42 22 22 
17 1 38 23 46 37 2 9 24 45 26 36 36 29 16 0 7 3 46 8 38 
24 5 45 30 53 44 5 16 31 52 31 38 43 36 21 7 0 6 52 13 44 
18 4 40 24 46 38 5 10 25 45 25 33 37 31 20 3 6 0 46 6 42 
28 47 23 22 6 15 48 37 21 2 28 41 16 28 42 46 52 46 0 41 41 
14 9 38 19 41 35 11 9 20 40 18 27 34 30 22 8 13 6 41 0 42 
31 39 18 34 46 25 38 32 32 43 47 63 24 15 22 38 44 42 41 42 0 
0 420
175 343
138 306
140 308
202 370
105 273
149 317
26 194
218 386
197 365
61 229
126 294
5 173
246 414
221 389
54 222
117 285
163 331
61 229
60 228
95 263
