21
0 8 22 27 27 15 31 17 24 12 16 20 12 25 20 12 7 27 17 14 25 
8 0 20 19 22 8 27 15 32 4 25 24 20 19 12 18 16 20 25 7 24 
22 20 0 28 8 14 9 5 31 16 36 13 22 37 18 17 25 15 27 26 5 
27 19 28 0 24 16 30 25 50 17 43 38 38 16 10 36 35 16 44 15 34 
27 22 8 24 0 13 6 10 39 17 42 22 30 36 15 25 31 7 35 27 13 
15 8 14 16 13 0 19 9 35 4 32 22 23 23 5 20 22 12 29 13 19 
31 27 9 30 6 19 0 13 39 23 45 21 31 42 21 26 34 14 36 33 10 
17 15 5 25 10 9 13 0 30 11 32 13 19 32 14 15 21 14 25 21 9 
24 32 31 50 39 35 39 30 0 33 20 18 12 50 41 15 17 44 7 38 28 
12 4 16 17 17 4 23 11 33 0 28 22 21 21 8 18 19 16 26 10 21 
16 25 36 43 42 32 45 32 20 28 0 28 15 36 37 19 11 44 14 28 37 
20 24 13 38 22 22 21 13 18 22 28 0 13 43 28 9 18 28 16 31 10 
12 20 22 38 30 23 31 19 12 21 15 13 0 37 29 4 6 33 5 26 22 
25 19 37 16 36 23 42 32 50 21 36 43 37 0 20 37 32 30 42 12 42 
20 12 18 10 15 5 21 14 41 8 37 28 29 20 0 26 27 10 35 13 23 
12 18 17 36 25 20 26 15 15 18 19 9 4 37 26 0 9 29 9 25 17 
7 16 25 35 31 22 34 21 17 19 11 18 6 32 27 9 0 33 9 21 26 
27 20 15 16 7 12 14 14 44 16 44 28 33 30 10 29 33 0 39 23 20 
17 25 27 44 35 29 36 25 7 26 14 16 5 42 35 9 9 39 0 31 26 
14 7 26 15 27 13 33 21 38 10 28 31 26 12 13 25 21 23 31 0 31 
25 24 5 34 13 19 10 9 28 21 37 10 22 42 23 17 26 20 26 31 0 
0 350
138 313
125 300
10 185
41 216
172 347
64 239
151 326
173 348
94 269
9 184
121 296
57 232
45 220
47 222
104 279
55 230
104 279
49 224
38 213
132 307
