21
0 24 36 22 33 53 34 45 15 39 41 15 7 25 16 38 44 25 7 2 31 
24 0 27 39 30 44 48 21 29 15 29 10 25 21 35 15 20 35 27 25 40 
36 27 0 34 8 17 36 31 27 27 5 33 31 11 35 22 29 25 43 36 26 
22 39 34 0 26 44 12 56 9 50 39 34 15 25 7 47 55 8 28 20 12 
33 30 8 26 0 19 27 38 21 34 13 33 27 9 29 29 36 17 41 32 18 
53 44 17 44 19 0 41 44 41 41 15 51 47 27 48 36 41 35 60 52 33 
34 48 36 12 27 41 0 63 19 57 40 45 27 30 19 54 61 12 40 32 9 
45 21 31 56 38 44 63 0 47 6 30 31 45 33 54 9 2 50 48 46 54 
15 29 27 9 21 41 19 47 0 41 33 25 8 17 7 38 46 9 22 13 15 
39 15 27 50 34 41 57 6 41 0 27 26 39 27 48 4 5 45 42 40 49 
41 29 5 39 13 15 40 30 33 27 0 36 36 16 40 22 28 30 48 41 31 
15 10 33 34 33 51 45 31 25 26 36 0 18 24 29 26 31 33 16 17 39 
7 25 31 15 27 47 27 45 8 39 36 18 0 20 10 37 44 17 14 5 23 
25 21 11 25 9 27 30 33 17 27 16 24 20 0 25 23 31 18 32 25 21 
16 35 35 7 29 48 19 54 7 48 40 29 10 25 0 46 53 13 21 13 18 
38 15 22 47 29 36 54 9 38 4 22 26 37 23 46 0 7 41 42 39 45 
44 20 29 55 36 41 61 2 46 5 28 31 44 31 53 7 0 49 48 45 52 
25 35 25 8 17 35 12 50 9 45 30 33 17 18 13 41 49 0 31 22 6 
7 27 43 28 41 60 40 48 22 42 48 16 14 32 21 42 48 31 0 9 38 
2 25 36 20 32 52 32 46 13 40 41 17 5 25 13 39 45 22 9 0 29 
31 40 26 12 18 33 9 54 15 49 31 39 23 21 18 45 52 6 38 29 0 
0 227
101 214
0 113
49 162
86 199
7 120
89 202
0 113
65 178
108 221
44 157
77 190
66 179
47 160
52 165
22 135
59 172
95 208
24 137
76 189
31 144
