21
0 23 33 34 3 21 12 25 8 35 41 23 37 42 35 33 21 20 24 15 36 
23 0 26 14 27 43 30 12 31 18 45 14 38 43 35 32 41 4 42 11 48 
33 26 0 19 34 40 28 14 40 14 20 12 13 18 10 7 37 24 34 33 30 
34 14 19 0 37 50 36 10 42 6 40 13 33 37 30 27 47 15 47 25 47 
3 27 34 37 0 17 9 27 6 37 40 26 37 42 35 34 17 23 21 19 34 
21 43 40 50 17 0 13 40 17 49 38 37 37 41 37 37 4 39 10 37 25 
12 30 28 36 9 13 0 26 14 35 31 24 29 33 27 26 11 26 13 26 24 
25 12 14 10 27 40 26 0 33 10 33 3 26 31 23 20 37 10 36 20 38 
8 31 40 42 6 17 14 33 0 43 46 32 43 48 41 40 19 28 24 22 38 
35 18 14 6 37 49 35 10 43 0 34 12 27 31 24 21 46 18 44 29 43 
41 45 20 40 40 38 31 33 46 34 0 30 6 4 9 13 34 41 28 48 15 
23 14 12 13 26 37 24 3 32 12 30 0 23 28 20 17 34 12 33 21 35 
37 38 13 33 37 37 29 26 43 27 6 23 0 5 3 6 33 35 28 43 19 
42 43 18 37 42 41 33 31 48 31 4 28 5 0 8 11 37 40 32 48 20 
35 35 10 30 35 37 27 23 41 24 9 20 3 8 0 3 33 32 28 40 20 
33 32 7 27 34 37 26 20 40 21 13 17 6 11 3 0 33 29 29 37 23 
21 41 37 47 17 4 11 37 19 46 34 34 33 37 33 33 0 37 6 36 21 
20 4 24 15 23 39 26 10 28 18 41 12 35 40 32 29 37 0 38 10 44 
24 42 34 47 21 10 13 36 24 44 28 33 28 32 28 29 6 38 0 39 15 
15 11 33 25 19 37 26 20 22 29 48 21 43 48 40 37 36 10 39 0 48 
36 48 30 47 34 25 24 38 38 43 15 35 19 20 20 23 21 44 15 48 0 
0 385
1 1
61 61
139 139
380 380
26 26
361 361
276 276
358 358
92 92
36 36
215 215
366 366
110 110
25 25
374 374
335 335
133 133
116 116
142 142
146 146
