21
0 13 18 27 12 28 43 31 25 8 29 8 22 7 5 9 33 37 13 30 17 
13 0 27 33 9 37 52 30 36 19 38 18 9 12 11 12 44 36 0 32 30 
18 27 0 9 19 10 25 22 10 10 10 10 34 26 16 28 18 26 27 17 21 
27 33 9 0 25 9 19 18 14 19 8 19 39 34 23 36 19 20 34 11 29 
12 9 19 25 0 29 44 21 29 13 30 12 14 16 7 17 37 28 9 23 28 
28 37 10 9 29 0 15 27 7 20 1 20 44 35 26 37 10 29 37 20 25 
43 52 25 19 44 15 0 35 20 35 14 35 58 51 41 53 16 35 52 28 39 
31 30 22 18 21 27 35 0 31 27 26 25 30 37 26 39 37 6 30 6 41 
25 36 10 14 29 7 20 31 0 17 8 18 44 31 24 34 8 35 36 26 18 
8 19 10 19 13 20 35 27 17 0 21 1 27 15 7 17 25 33 19 25 15 
29 38 10 8 30 1 14 26 8 21 0 21 44 36 26 38 11 28 38 19 26 
8 18 10 19 12 20 35 25 18 1 21 0 26 15 6 17 26 31 18 23 17 
22 9 34 39 14 44 58 30 44 27 44 26 0 22 20 21 52 36 9 35 39 
7 12 26 34 16 35 51 37 31 15 36 15 22 0 11 2 39 44 12 37 19 
5 11 16 23 7 26 41 26 24 7 26 6 20 11 0 13 32 32 12 25 20 
9 12 28 36 17 37 53 39 34 17 38 17 21 2 13 0 41 45 12 39 21 
33 44 18 19 37 10 16 37 8 25 11 26 52 39 32 41 0 40 44 31 24 
37 36 26 20 28 29 35 6 35 33 28 31 36 44 32 45 40 0 36 9 47 
13 0 27 34 9 37 52 30 36 19 38 18 9 12 12 12 44 36 0 32 30 
30 32 17 11 23 20 28 6 26 25 19 23 35 37 25 39 31 9 32 0 38 
17 30 21 29 28 25 39 41 18 15 26 17 39 19 20 21 24 47 30 38 0 
0 297
80 139
15 74
204 263
233 292
196 255
70 129
31 90
56 115
215 274
25 84
125 184
188 247
22 81
180 239
18 77
122 181
67 126
39 98
14 73
72 131
