21
0 35 36 36 43 19 33 13 41 25 31 9 7 29 33 42 6 40 18 29 30 
35 0 18 13 16 18 25 22 29 16 9 26 31 9 9 23 32 14 25 20 6 
36 18 0 32 35 17 42 23 10 31 27 27 37 25 9 5 31 7 19 36 13 
36 13 32 0 6 26 12 26 42 11 6 30 30 8 22 36 35 28 33 10 18 
43 16 35 6 0 32 16 33 46 18 12 37 37 14 26 39 42 30 39 16 22 
19 18 17 26 32 0 31 6 24 19 20 9 19 18 14 23 14 20 7 25 13 
33 25 42 12 16 31 0 28 52 11 15 31 26 16 32 47 35 39 38 6 28 
13 22 23 26 33 6 28 0 30 17 20 4 13 18 19 29 10 26 9 22 17 
41 29 10 42 46 24 52 30 0 41 37 32 43 36 19 8 35 16 22 46 24 
25 16 31 11 18 19 11 17 41 0 8 20 19 7 22 36 25 29 26 5 18 
31 9 27 6 12 20 15 20 37 8 0 25 26 2 17 32 30 24 27 10 13 
9 26 27 30 37 9 31 4 32 20 25 0 11 22 23 32 5 30 10 25 21 
7 31 37 30 37 19 26 13 43 19 26 11 0 24 31 43 11 39 21 22 28 
29 9 25 8 14 18 16 18 36 7 2 22 24 0 16 31 27 23 25 10 12 
33 9 9 22 26 14 32 19 19 22 17 23 31 16 0 14 28 7 19 27 4 
42 23 5 36 39 23 47 29 8 36 32 32 43 31 14 0 36 8 24 41 18 
6 32 31 35 42 14 35 10 35 25 30 5 11 27 28 36 0 35 12 30 27 
40 14 7 28 30 20 39 26 16 29 24 30 39 23 7 8 35 0 24 33 11 
18 25 19 33 39 7 38 9 22 26 27 10 21 25 19 24 12 24 0 31 19 
29 20 36 10 16 25 6 22 46 5 10 25 22 10 27 41 30 33 31 0 22 
30 6 13 18 22 13 28 17 24 18 13 21 28 12 4 18 27 11 19 22 0 
0 175
108 160
100 152
22 74
78 130
95 147
20 72
95 147
32 84
31 83
40 92
53 105
77 129
109 161
93 145
107 159
97 149
16 68
73 125
119 171
55 107
