21
0 17 25 35 30 18 31 35 18 20 26 19 28 29 20 19 33 27 16 21 18 
17 0 42 31 44 3 46 51 35 35 43 29 46 44 33 36 49 37 14 5 11 
25 42 0 42 10 42 6 10 18 7 6 19 7 5 12 22 7 18 33 46 43 
35 31 42 0 37 28 42 46 49 35 48 22 50 40 30 52 45 25 19 36 42 
30 44 10 37 0 43 5 9 27 10 16 16 17 5 10 32 8 11 32 50 48 
18 3 42 28 43 0 46 50 37 35 44 27 46 44 33 38 48 35 12 8 14 
31 46 6 42 5 46 0 4 24 11 12 21 12 2 13 29 2 16 36 51 49 
35 51 10 46 9 50 4 0 27 15 13 25 12 7 18 31 2 20 40 56 53 
18 35 18 49 27 37 24 27 0 19 13 28 15 23 23 4 25 31 33 38 32 
20 35 7 35 10 35 11 15 19 0 13 12 15 9 5 23 13 12 25 40 38 
26 43 6 48 16 44 12 13 13 13 0 25 2 11 18 17 11 24 36 48 43 
19 29 19 22 16 27 21 25 28 12 25 0 27 18 7 32 23 8 16 34 35 
28 46 7 50 17 46 12 12 15 15 2 27 0 12 19 19 11 26 39 50 46 
29 44 5 40 5 44 2 7 23 9 11 18 12 0 11 28 4 15 33 49 47 
20 33 12 30 10 33 13 18 23 5 18 7 19 11 0 27 16 7 22 39 38 
19 36 22 52 32 38 29 31 4 23 17 32 19 28 27 0 29 35 35 39 32 
33 49 7 45 8 48 2 2 25 13 11 23 11 4 16 29 0 19 38 54 51 
27 37 18 25 11 35 16 20 31 12 24 8 26 15 7 35 19 0 23 43 43 
16 14 33 19 32 12 36 40 33 25 36 16 39 33 22 35 38 23 0 20 23 
21 5 46 36 50 8 51 56 38 40 48 34 50 49 39 39 54 43 20 0 9 
18 11 43 42 48 14 49 53 32 38 43 35 46 47 38 32 51 43 23 9 0 
0 525
336 441
14 119
373 478
279 384
141 246
229 334
306 411
206 311
296 401
251 356
121 226
350 455
70 175
395 500
307 412
8 113
361 466
76 181
174 279
190 295
