21
0 32 19 17 22 21 12 25 13 29 24 1 10 8 28 10 18 23 18 31 27 
32 0 49 39 54 54 37 29 32 4 8 32 34 25 5 36 15 29 29 33 27 
19 49 0 32 9 13 28 29 31 47 40 20 27 23 44 12 33 42 23 32 46 
17 39 32 0 30 26 4 42 7 35 34 15 7 23 37 27 30 15 35 48 19 
22 54 9 30 0 4 26 38 31 52 46 23 27 29 50 19 40 43 31 42 47 
21 54 13 26 4 0 23 40 28 50 46 21 24 28 49 20 39 39 33 44 44 
12 37 28 4 26 23 0 38 6 33 31 11 3 19 34 22 27 16 31 44 21 
25 29 29 42 38 40 38 0 36 30 22 27 35 19 24 19 18 42 7 6 44 
13 32 31 7 31 28 6 36 0 27 26 11 4 17 29 23 23 11 30 42 15 
29 4 47 35 52 50 33 30 27 0 7 29 30 23 6 34 14 24 29 35 22 
24 8 40 34 46 46 31 22 26 7 0 25 28 17 3 27 6 26 21 27 26 
1 32 20 15 23 21 11 27 11 29 25 0 8 9 28 11 19 22 20 33 25 
10 34 27 7 27 24 3 35 4 30 28 8 0 16 31 20 23 15 28 41 20 
8 25 23 23 29 28 19 19 17 23 17 9 16 0 20 11 10 24 12 25 27 
28 5 44 37 50 49 34 24 29 6 3 28 31 20 0 31 10 28 24 29 27 
10 36 12 27 19 20 22 19 23 34 27 11 20 11 31 0 21 33 12 24 36 
18 15 33 30 40 39 27 18 23 14 6 19 23 10 10 21 0 26 15 23 26 
23 29 42 15 43 39 16 42 11 24 26 22 15 24 28 33 26 0 37 48 4 
18 29 23 35 31 33 31 7 30 29 21 20 28 12 24 12 15 37 0 13 39 
31 33 32 48 42 44 44 6 42 35 27 33 41 25 29 24 23 48 13 0 50 
27 27 46 19 47 44 21 44 15 22 26 25 20 27 27 36 26 4 39 50 0 
0 245
43 116
102 175
30 103
2 75
115 188
35 108
163 236
130 203
106 179
145 218
138 211
110 183
158 231
110 183
90 163
131 204
98 171
36 109
87 160
19 92
