21
0 21 5 2 17 22 15 25 29 8 17 28 19 30 19 33 41 36 33 32 10 
21 0 16 23 33 34 33 40 26 29 4 49 2 35 6 39 41 30 29 10 31 
5 16 0 7 22 26 20 29 29 12 13 34 14 32 14 35 41 35 32 26 14 
2 23 7 0 15 20 12 23 29 7 19 26 21 29 22 31 40 36 32 34 8 
17 33 22 15 0 6 5 7 24 19 29 18 31 18 34 19 30 32 27 44 18 
22 34 26 20 6 0 11 6 19 25 30 22 33 12 36 12 23 27 22 44 24 
15 33 20 12 5 11 0 11 28 15 29 15 31 23 33 24 35 36 31 44 13 
25 40 29 23 7 6 11 0 26 26 36 16 38 17 41 17 28 33 28 50 24 
29 26 29 29 24 19 28 26 0 36 24 42 27 11 31 15 14 7 3 33 37 
8 29 12 7 19 25 15 26 36 0 26 24 26 36 26 38 47 44 40 39 2 
17 4 13 19 29 30 29 36 24 26 0 45 2 31 7 35 38 28 27 14 28 
28 49 34 26 18 22 15 16 42 24 45 0 47 34 48 33 45 49 44 59 22 
19 2 14 21 31 33 31 38 27 26 2 47 0 34 4 38 41 31 30 12 28 
30 35 32 29 18 12 23 17 11 36 31 34 34 0 39 4 11 16 11 43 35 
19 6 14 22 34 36 33 41 31 26 7 48 4 39 0 42 46 35 35 13 29 
33 39 35 31 19 12 24 17 15 38 35 33 38 4 42 0 11 19 15 47 37 
41 41 41 40 30 23 35 28 14 47 38 45 41 11 46 11 0 13 11 47 46 
36 30 35 36 32 27 36 33 7 44 28 49 31 16 35 19 13 0 5 34 44 
33 29 32 32 27 22 31 28 3 40 27 44 30 11 35 15 11 5 0 35 40 
32 10 26 34 44 44 44 50 33 39 14 59 12 43 13 47 47 34 35 0 41 
10 31 14 8 18 24 13 24 37 2 28 22 28 35 29 37 46 44 40 41 0 
0 420
285 411
230 356
137 263
185 311
139 265
7 133
147 273
67 193
150 276
220 346
254 380
216 342
153 279
148 274
259 385
78 204
284 410
278 404
223 349
57 183
