21
0 10 11 14 48 37 35 38 37 19 34 36 7 27 9 26 10 24 27 16 37 
10 0 17 4 37 28 31 30 30 12 30 25 4 22 8 16 1 18 23 15 32 
11 17 0 20 51 36 29 47 46 29 45 41 16 22 19 32 16 22 22 10 31 
14 4 20 0 33 23 29 29 29 13 31 21 9 19 12 12 4 14 20 16 29 
48 37 51 33 0 20 41 30 34 34 44 12 41 36 43 21 37 32 37 43 38 
37 28 36 23 20 0 20 39 42 33 49 19 33 16 36 19 26 14 17 26 17 
35 31 29 29 41 20 0 55 56 42 60 37 35 9 40 33 29 14 8 19 3 
38 30 47 29 30 39 55 0 4 18 14 21 30 46 29 21 31 40 47 45 53 
37 30 46 29 34 42 56 4 0 17 10 24 30 48 27 24 31 42 49 45 56 
19 12 29 13 34 33 42 18 17 0 18 21 12 33 11 14 14 27 33 28 42 
34 30 45 31 44 49 60 14 10 18 0 33 28 51 25 29 32 45 52 46 60 
36 25 41 21 12 19 37 21 24 21 33 0 29 30 30 9 25 25 31 34 35 
7 4 16 9 41 33 35 30 30 12 28 29 0 26 4 19 6 22 27 18 36 
27 22 22 19 36 16 9 46 48 33 51 30 26 0 30 24 20 5 1 11 10 
9 8 19 12 43 36 40 29 27 11 25 30 4 30 0 21 10 26 31 22 40 
26 16 32 12 21 19 33 21 24 14 29 9 19 24 21 0 16 19 25 26 32 
10 1 16 4 37 26 29 31 31 14 32 25 6 20 10 16 0 16 21 14 30 
24 18 22 14 32 14 14 40 42 27 45 25 22 5 26 19 16 0 6 12 14 
27 23 22 20 37 17 8 47 49 33 52 31 27 1 31 25 21 6 0 11 9 
16 15 10 16 43 26 19 45 45 28 46 34 18 11 22 26 14 12 11 0 21 
37 32 31 29 38 17 3 53 56 42 60 35 36 10 40 32 30 14 9 21 0 
0 175
39 39
135 135
166 166
152 152
118 118
104 104
157 157
144 144
113 113
45 45
108 108
93 93
125 125
148 148
94 94
129 129
94 94
51 51
22 22
1 1
