21
0 12 22 36 17 33 16 32 51 23 21 19 13 40 40 39 25 34 10 43 46 
12 0 24 35 10 21 14 31 46 26 12 9 14 34 32 33 19 39 2 36 37 
22 24 0 14 16 33 10 10 33 2 21 21 9 23 28 24 15 17 22 27 37 
36 35 14 0 25 36 21 4 21 14 28 29 23 15 23 17 19 20 34 19 32 
17 10 16 25 0 18 6 21 36 19 5 4 9 24 22 22 8 33 10 26 29 
33 21 33 36 18 0 24 34 36 35 13 14 28 26 19 24 18 50 23 25 18 
16 14 10 21 6 24 0 17 35 13 11 10 4 23 24 23 9 27 12 26 32 
32 31 10 4 21 34 17 0 23 10 24 25 18 15 22 16 16 19 30 20 32 
51 46 33 21 36 36 35 23 0 33 35 37 38 11 16 13 27 41 46 10 22 
23 26 2 14 19 35 13 10 33 0 23 23 11 24 29 25 17 14 24 28 38 
21 12 21 28 5 13 11 24 35 23 0 2 15 23 20 21 8 38 12 24 25 
19 9 21 29 4 14 10 25 37 23 2 0 13 25 22 23 10 38 10 26 27 
13 14 9 23 9 28 4 18 38 11 15 13 0 27 28 26 13 25 13 30 36 
40 34 23 15 24 26 23 15 11 24 23 25 27 0 8 2 15 35 34 4 17 
40 32 28 23 22 19 24 22 16 29 20 22 28 8 0 6 15 42 32 6 9 
39 33 24 17 22 24 23 16 13 25 21 23 26 2 6 0 14 36 33 3 15 
25 19 15 19 8 18 9 16 27 17 8 10 13 15 15 14 0 32 18 18 23 
34 39 17 20 33 50 27 19 41 14 38 38 25 35 42 36 32 0 38 39 51 
10 2 22 34 10 23 12 30 46 24 12 10 13 34 32 33 18 38 0 36 37 
43 36 27 19 26 25 26 20 10 28 24 26 30 4 6 3 18 39 36 0 13 
46 37 37 32 29 18 32 32 22 38 25 27 36 17 9 15 23 51 37 13 0 
0 315
133 133
93 93
199 199
257 257
280 280
43 43
181 181
120 120
51 51
180 180
173 173
102 102
24 24
164 164
280 280
157 157
290 290
25 25
8 8
7 7
