21
0 5 23 13 41 37 49 5 24 10 41 12 22 37 47 40 43 27 10 5 12 
5 0 18 11 36 33 44 4 18 9 36 13 20 33 42 35 39 23 7 7 7 
23 18 0 16 24 18 28 21 3 17 21 28 18 18 29 24 22 22 18 26 15 
13 11 16 0 40 25 45 15 18 2 38 24 9 25 45 39 32 31 17 18 16 
41 36 24 40 0 35 8 37 21 40 5 39 42 35 5 3 33 19 32 41 29 
37 33 18 25 35 0 35 37 20 27 30 45 18 0 38 36 7 40 35 41 33 
49 44 28 45 8 35 0 45 26 46 7 47 46 35 4 12 32 28 39 49 37 
5 4 21 15 37 37 45 0 21 13 38 8 24 37 43 35 42 22 5 4 7 
24 18 3 18 21 20 26 21 0 19 19 27 20 20 26 21 23 20 17 25 14 
10 9 17 2 40 27 46 13 19 0 38 22 11 27 45 39 34 31 15 15 15 
41 36 21 38 5 30 7 38 19 38 0 41 39 30 8 8 28 23 32 42 30 
12 13 28 24 39 45 47 8 27 22 41 0 33 45 45 36 50 21 9 7 12 
22 20 18 9 42 18 46 24 20 11 39 33 0 18 46 42 25 38 25 27 24 
37 33 18 25 35 0 35 37 20 27 30 45 18 0 38 36 7 40 35 40 32 
47 42 29 45 5 38 4 43 26 45 8 45 46 38 0 8 35 24 37 47 35 
40 35 24 39 3 36 12 35 21 39 8 36 42 36 8 0 36 16 30 39 27 
43 39 22 32 33 7 32 42 23 34 28 50 25 7 35 36 0 42 40 46 37 
27 23 22 31 19 40 28 22 20 31 23 21 38 40 24 16 42 0 16 25 16 
10 7 18 17 32 35 39 5 17 15 32 9 25 35 37 30 40 16 0 9 2 
5 7 26 18 41 41 49 4 25 15 42 7 27 40 47 39 46 25 9 0 11 
12 7 15 16 29 33 37 7 14 15 30 12 24 32 35 27 37 16 2 11 0 
0 227
95 117
69 91
67 89
101 123
116 138
59 81
43 65
131 153
187 209
168 190
2 24
78 100
77 99
94 116
190 212
141 163
61 83
71 93
155 177
15 37
