21
0 18 22 24 45 46 26 41 19 25 41 19 16 25 35 44 14 17 27 35 26 
18 0 21 23 29 32 18 26 8 15 24 16 20 26 20 30 3 6 14 17 13 
22 21 0 42 32 54 39 28 13 37 42 35 6 4 42 51 19 27 36 33 35 
24 23 42 0 51 29 9 49 32 12 32 7 38 46 23 28 24 17 16 34 17 
45 29 32 51 0 43 43 4 25 39 27 44 37 34 34 39 31 35 35 19 35 
46 32 54 29 43 0 21 43 40 21 15 28 53 58 12 3 35 29 19 25 20 
26 18 39 9 43 21 0 41 27 3 23 7 36 43 14 20 20 11 7 25 8 
41 26 28 49 4 43 41 0 21 37 27 42 33 29 33 39 28 32 33 18 33 
19 8 13 32 25 40 27 21 0 24 29 25 14 17 28 37 8 15 22 20 21 
25 15 37 12 39 21 3 37 24 0 20 8 34 41 11 19 17 9 4 21 4 
41 24 42 32 27 15 23 27 29 20 0 28 43 46 9 11 27 23 16 10 16 
19 16 35 7 44 28 7 42 25 8 28 0 31 39 20 27 16 9 12 28 12 
16 20 6 38 37 53 36 33 14 34 43 31 0 9 41 50 17 25 34 35 33 
25 26 4 46 34 58 43 29 17 41 46 39 9 0 45 55 23 32 40 36 39 
35 20 42 23 34 12 14 33 28 11 9 20 41 45 0 9 23 17 8 15 9 
44 30 51 28 39 3 20 39 37 19 11 27 50 55 9 0 33 26 17 21 18 
14 3 19 24 31 35 20 28 8 17 27 16 17 23 23 33 0 8 16 21 15 
17 6 27 17 35 29 11 32 15 9 23 9 25 32 17 26 8 0 9 20 8 
27 14 36 16 35 19 7 33 22 4 16 12 34 40 8 17 16 9 0 17 1 
35 17 33 34 19 25 25 18 20 21 10 28 35 36 15 21 21 20 17 0 17 
26 13 35 17 35 20 8 33 21 4 16 12 33 39 9 18 15 8 1 17 0 
0 297
84 113
267 296
129 158
256 285
198 227
47 76
81 110
211 240
76 105
227 256
218 247
149 178
68 97
3 32
227 256
157 186
209 238
64 93
34 63
28 57
