31
0 35 31 6 14 6 4 17 18 37 23 21 26 44 25 8 33 31 34 31 18 11 17 19 38 39 11 24 22 13 20 
35 0 5 39 49 36 39 21 35 10 41 25 30 44 39 43 36 14 1 37 26 47 49 32 21 43 33 39 53 37 53 
31 5 0 35 46 34 36 16 34 15 41 25 31 46 38 39 37 17 5 38 21 43 46 32 24 44 31 39 51 32 50 
6 39 35 0 11 10 5 20 24 42 28 28 32 50 30 3 39 37 38 37 19 9 18 25 44 45 17 30 23 9 20 
14 49 46 11 0 14 9 31 25 51 26 32 35 50 30 7 41 44 48 38 30 2 11 28 50 45 20 29 15 20 10 
6 36 34 10 14 0 6 21 13 37 17 19 22 39 19 11 28 30 35 26 23 11 12 15 36 34 6 19 17 19 16 
4 39 36 5 9 6 0 22 19 41 23 24 28 45 25 5 35 35 38 32 22 7 13 21 41 41 13 25 19 14 16 
17 21 16 20 31 21 22 0 28 27 34 23 30 48 34 24 37 24 20 37 6 29 34 27 33 45 22 34 39 16 37 
18 35 34 24 25 13 19 28 0 32 6 10 10 26 6 24 15 24 34 13 32 23 17 3 27 21 6 6 20 31 22 
37 10 15 42 51 37 41 27 32 0 37 21 24 35 34 45 28 7 10 30 33 48 48 28 11 34 32 34 52 43 52 
23 41 41 28 26 17 23 34 6 37 0 16 13 24 4 27 15 29 40 12 38 24 16 9 31 19 12 3 17 36 21 
21 25 25 28 32 19 24 23 10 21 16 0 6 24 13 29 14 13 24 13 29 30 27 7 17 21 12 13 30 32 32 
26 30 31 32 35 22 28 30 10 24 13 6 0 18 9 33 7 16 29 7 36 33 28 7 17 14 15 10 30 38 33 
44 44 46 50 50 39 45 48 26 35 24 24 18 0 20 50 10 29 43 12 54 48 41 24 24 4 32 20 41 56 45 
25 39 38 30 30 19 25 34 6 34 4 13 9 20 0 30 11 26 37 7 38 28 21 7 27 15 13 0 22 38 25 
8 43 39 3 7 11 5 24 24 45 27 29 33 50 30 0 40 39 42 37 23 6 15 26 46 45 18 30 20 12 16 
33 36 37 39 41 28 35 37 15 28 15 14 7 10 11 40 0 21 35 3 43 38 32 13 19 7 22 12 33 45 36 
31 14 17 37 44 30 35 24 24 7 29 13 16 29 26 39 21 0 13 23 30 41 40 20 8 28 25 26 44 38 45 
34 1 5 38 48 35 38 20 34 10 40 24 29 43 37 42 35 13 0 36 25 45 47 31 20 42 32 38 52 37 52 
31 37 38 37 38 26 32 37 13 30 12 13 7 12 7 37 3 23 36 0 42 35 29 11 22 8 19 8 30 43 33 
18 26 21 19 30 23 22 6 32 33 38 29 36 54 38 23 43 30 25 42 0 28 35 31 39 50 26 39 41 12 38 
11 47 43 9 2 11 7 29 23 48 24 30 33 48 28 6 38 41 45 35 28 0 10 25 47 43 17 27 14 19 10 
17 49 46 18 11 12 13 34 17 48 16 27 28 41 21 15 32 40 47 29 35 10 0 21 45 36 15 20 5 27 4 
19 32 32 25 28 15 21 27 3 28 9 7 7 24 7 26 13 20 31 11 31 25 21 0 24 20 8 7 24 32 25 
38 21 24 44 50 36 41 33 27 11 31 17 17 24 27 46 19 8 20 22 39 47 45 24 0 24 30 28 48 47 49 
39 43 44 45 45 34 41 45 21 34 19 21 14 4 15 45 7 28 42 8 50 43 36 20 24 0 28 16 36 52 40 
11 33 31 17 20 6 13 22 6 32 12 12 15 32 13 18 22 25 32 19 26 17 15 8 30 28 0 13 19 24 20 
24 39 39 30 29 19 25 34 6 34 3 13 10 20 0 30 12 26 38 8 39 27 20 7 28 16 13 0 21 37 24 
22 53 51 23 15 17 19 39 20 52 17 30 30 41 22 20 33 44 52 30 41 14 5 24 48 36 19 21 0 33 5 
13 37 32 9 20 19 14 16 31 43 36 32 38 56 38 12 45 38 37 43 12 19 27 32 47 52 24 37 33 0 29 
20 53 50 20 10 16 16 37 22 52 21 32 33 45 25 16 36 45 52 33 38 10 4 25 49 40 20 24 5 29 0 
0 553
63 228
270 435
368 533
327 492
350 515
342 507
88 253
272 437
60 225
95 260
230 395
15 180
333 498
187 352
230 395
232 397
345 510
357 522
55 220
99 264
328 493
47 212
206 371
362 527
213 378
55 220
178 343
32 197
339 504
277 442
