31
0 45 33 47 11 34 28 23 47 29 20 2 51 36 19 7 35 23 43 41 41 35 28 47 27 21 42 14 12 39 31 
45 0 16 11 34 30 30 27 3 37 37 43 6 9 29 40 25 32 26 27 34 16 21 19 19 24 3 30 35 20 28 
33 16 0 14 25 15 30 11 16 37 33 32 22 8 24 31 10 16 15 34 20 2 21 31 16 16 12 21 26 8 11 
47 11 14 0 38 23 39 25 8 46 44 46 15 12 35 44 19 29 16 38 25 12 29 31 25 28 10 34 40 12 22 
11 34 25 38 0 31 17 18 37 20 12 9 40 27 8 5 30 21 38 30 38 27 16 35 16 10 31 4 1 32 27 
34 30 15 23 31 0 42 13 29 48 42 34 36 23 34 35 4 11 10 48 7 14 33 46 29 26 27 27 33 11 4 
28 30 30 39 17 42 0 29 33 7 9 26 33 26 9 21 39 35 45 13 49 32 9 21 14 15 29 17 16 38 38 
23 27 11 25 18 13 29 0 27 35 28 22 33 17 20 22 12 6 20 37 20 13 22 37 17 13 23 14 19 16 9 
47 3 16 8 37 29 33 27 0 40 40 45 7 10 32 43 24 32 24 30 32 15 24 23 21 26 5 32 37 18 27 
29 37 37 46 20 48 7 35 40 0 8 26 40 33 14 21 45 40 52 17 55 39 16 26 21 21 36 21 18 45 44 
20 37 33 44 12 42 9 28 40 8 0 18 41 31 8 13 40 33 47 23 49 35 15 30 18 16 35 14 10 41 38 
2 43 32 46 9 34 26 22 45 26 18 0 49 35 17 5 35 23 43 39 41 34 26 44 25 19 40 13 9 38 31 
51 6 22 15 40 36 33 33 7 40 41 49 0 15 34 46 31 38 31 27 40 22 25 18 24 29 10 36 40 25 34 
36 9 8 12 27 23 26 17 10 33 31 35 15 0 23 33 18 23 21 27 28 8 17 23 12 16 5 22 27 14 19 
19 29 24 35 8 34 9 20 32 14 8 17 34 23 0 13 31 25 38 22 41 26 8 27 10 8 27 7 7 32 30 
7 40 31 44 5 35 21 22 43 21 13 5 46 33 13 0 35 24 43 34 42 33 21 40 22 16 37 10 5 38 32 
35 25 10 19 30 4 39 12 24 45 40 35 31 18 31 35 0 12 8 45 10 9 30 41 25 24 22 26 32 6 3 
23 32 16 29 21 11 35 6 32 40 33 23 38 23 25 24 12 0 20 44 18 17 28 43 23 19 28 18 23 18 8 
43 26 15 16 38 10 45 20 24 52 47 43 31 21 38 43 8 20 0 49 9 13 36 44 31 30 23 34 39 7 11 
41 27 34 38 30 48 13 37 30 17 23 39 27 27 22 34 45 44 49 0 55 36 16 10 20 25 27 29 29 42 44 
41 34 20 25 38 7 49 20 32 55 49 41 40 28 41 42 10 18 9 55 0 19 40 51 35 33 31 35 40 14 11 
35 16 2 12 27 14 32 13 15 39 35 34 22 8 26 33 9 17 13 36 19 0 22 31 18 18 12 23 29 6 11 
28 21 21 29 16 33 9 22 24 16 15 26 25 17 8 21 30 28 36 16 40 22 0 18 4 9 19 14 16 29 29 
47 19 31 31 35 46 21 37 23 26 30 44 18 23 27 40 41 43 44 10 51 31 18 0 20 27 21 33 35 37 42 
27 19 16 25 16 29 14 17 21 21 18 25 24 12 10 22 25 23 31 20 35 18 4 20 0 6 16 12 16 24 24 
21 24 16 28 10 26 15 13 26 21 16 19 29 16 8 16 24 19 30 25 33 18 9 27 6 0 21 6 11 24 22 
42 3 12 10 31 27 29 23 5 36 35 40 10 5 27 37 22 28 23 27 31 12 19 21 16 21 0 27 32 17 24 
14 30 21 34 4 27 17 14 32 21 14 13 36 22 7 10 26 18 34 29 35 23 14 33 12 6 27 0 5 28 24 
12 35 26 40 1 33 16 19 37 18 10 9 40 27 7 5 32 23 39 29 40 29 16 35 16 11 32 5 0 34 29 
39 20 8 12 32 11 38 16 18 45 41 38 25 14 32 38 6 18 7 42 14 6 29 37 24 24 17 28 34 0 10 
31 28 11 22 27 4 38 9 27 44 38 31 34 19 30 32 3 8 11 44 11 11 29 42 24 22 24 24 29 10 0 
0 553
216 271
128 183
445 500
208 263
29 84
208 263
385 440
333 388
129 184
87 142
253 308
350 405
134 189
482 537
237 292
57 112
35 90
13 68
340 395
331 386
399 454
496 551
189 244
231 286
442 497
342 397
62 117
272 327
139 194
463 518
