31
0 50 15 58 27 38 26 44 37 26 44 31 41 16 56 34 45 33 26 23 16 30 41 40 10 42 33 31 36 45 19 
50 0 37 7 24 24 26 42 23 24 17 20 14 36 7 16 38 39 37 37 35 25 14 40 48 14 22 19 35 31 32 
15 37 0 44 12 22 17 31 21 12 28 16 26 12 41 21 31 33 25 23 1 22 26 27 11 32 18 17 22 30 5 
58 7 44 0 31 29 33 46 28 31 21 27 19 43 5 23 41 45 44 44 42 32 19 44 55 20 28 26 40 34 39 
27 24 12 31 0 14 11 30 12 2 17 4 14 16 29 9 27 31 26 24 11 17 14 25 23 22 7 5 20 24 7 
38 24 22 29 14 0 25 18 2 16 8 12 10 30 25 18 14 45 40 38 21 30 10 15 31 30 6 15 10 10 20 
26 26 17 33 11 25 0 41 23 9 27 13 22 10 32 10 39 19 14 13 16 5 22 37 27 16 18 10 32 36 12 
44 42 31 46 30 18 41 0 20 32 25 30 28 43 41 36 5 61 55 52 31 47 28 4 34 49 24 33 9 11 32 
37 23 21 28 12 2 23 20 0 14 7 10 8 29 24 16 16 43 38 36 20 28 8 17 31 28 4 13 12 12 19 
26 24 12 31 2 16 9 32 14 0 19 5 15 15 29 9 29 29 23 21 11 14 15 27 23 20 9 5 22 26 7 
44 17 28 21 17 8 27 25 7 19 0 14 5 34 16 17 20 45 41 40 27 30 5 22 38 26 10 16 19 14 25 
31 20 16 27 4 12 13 30 10 5 14 0 10 20 24 7 27 32 27 26 15 17 10 26 27 19 6 3 20 23 12 
41 14 26 19 14 10 22 28 8 15 5 10 0 30 16 12 24 40 36 35 25 25 0 26 36 21 8 11 21 18 22 
16 36 12 43 16 30 10 43 29 15 34 20 30 0 42 20 42 20 13 10 13 13 30 39 19 26 24 18 33 40 11 
56 7 41 5 29 25 32 41 24 29 16 24 16 42 0 22 36 46 45 44 40 32 15 39 52 22 24 24 36 30 36 
34 16 21 23 9 18 10 36 16 9 17 7 12 20 22 0 33 28 24 23 20 13 12 33 32 12 12 4 27 28 16 
45 38 31 41 27 14 39 5 16 29 20 27 24 42 36 33 0 59 53 51 30 44 24 6 35 45 21 30 8 6 30 
33 39 33 45 31 45 19 61 43 29 45 32 40 20 46 28 59 0 7 10 32 15 40 57 39 24 38 30 51 56 30 
26 37 25 44 26 40 14 55 38 23 41 27 36 13 45 24 53 7 0 3 25 12 36 50 32 24 33 25 45 50 23 
23 37 23 44 24 38 13 52 36 21 40 26 35 10 44 23 51 10 3 0 23 11 35 48 29 25 31 24 43 48 20 
16 35 1 42 11 21 16 31 20 11 27 15 25 13 40 20 30 32 25 23 0 21 25 26 12 31 17 16 21 29 4 
30 25 22 32 17 30 5 47 28 14 30 17 25 13 32 13 44 15 12 11 21 0 25 42 32 13 23 14 37 40 18 
41 14 26 19 14 10 22 28 8 15 5 10 0 30 15 12 24 40 36 35 25 25 0 26 37 21 8 11 21 18 22 
40 40 27 44 25 15 37 4 17 27 22 26 26 39 39 33 6 57 50 48 26 42 26 0 30 45 20 29 5 11 27 
10 48 11 55 23 31 27 34 31 23 38 27 36 19 52 32 35 39 32 29 12 32 37 30 0 43 28 29 27 37 16 
42 14 32 20 22 30 16 49 28 20 26 19 21 26 22 12 45 24 24 25 31 13 21 45 43 0 24 16 40 40 27 
33 22 18 28 7 6 18 24 4 9 10 6 8 24 24 12 21 38 33 31 17 23 8 20 28 24 0 9 15 17 14 
31 19 17 26 5 15 10 33 13 5 16 3 11 18 24 4 30 30 25 24 16 14 11 29 29 16 9 0 24 26 13 
36 35 22 40 20 10 32 9 12 22 19 20 21 33 36 27 8 51 45 43 21 37 21 5 27 40 15 24 0 10 22 
45 31 30 34 24 10 36 11 12 26 14 23 18 40 30 28 6 56 50 48 29 40 18 11 37 40 17 26 10 0 29 
19 32 5 39 7 20 12 32 19 7 25 12 22 11 36 16 30 30 23 20 4 18 22 27 16 27 14 13 22 29 0 
0 638
109 172
537 600
426 489
543 606
190 253
411 474
322 385
215 278
428 491
167 230
298 361
38 101
165 228
303 366
155 218
5 68
530 593
409 472
123 186
14 77
452 515
416 479
158 221
49 112
176 239
167 230
98 161
106 169
405 468
399 462
