31
0 18 6 42 25 30 17 13 22 7 40 30 31 23 35 12 18 25 35 40 22 17 27 34 11 17 5 40 19 22 10 
18 0 12 28 11 34 7 6 26 14 43 22 15 27 31 8 35 12 27 31 5 25 28 20 28 35 15 28 17 34 27 
6 12 0 39 22 33 14 7 24 8 43 29 27 25 35 9 24 19 34 39 16 20 29 31 17 23 2 37 14 27 14 
42 28 39 0 17 36 25 34 34 36 40 17 12 35 24 30 57 34 16 15 29 38 29 8 48 58 42 7 45 46 53 
25 11 22 17 0 29 8 17 24 19 37 13 5 24 22 13 41 20 17 20 14 25 22 9 33 42 24 16 29 34 36 
30 34 33 36 29 0 26 36 8 25 9 19 33 7 13 27 33 46 20 23 40 14 7 31 26 36 34 29 47 15 38 
17 7 14 25 8 26 0 12 19 11 35 15 13 20 23 5 33 19 21 25 13 19 20 16 25 34 17 23 24 28 28 
13 6 7 34 17 36 12 0 28 12 45 27 21 29 35 8 32 12 33 37 8 25 31 26 25 31 9 34 12 33 22 
22 26 24 34 24 8 19 28 0 16 18 17 29 1 16 19 26 38 21 25 32 5 7 28 18 29 25 29 38 11 29 
7 14 8 36 19 25 11 12 16 0 34 23 25 17 28 6 22 24 28 33 20 13 21 27 14 22 9 33 22 20 17 
40 43 43 40 37 9 35 45 18 34 0 25 40 17 16 37 40 55 24 26 49 23 15 37 34 44 44 33 57 22 47 
30 22 29 17 13 19 15 27 17 23 25 0 15 17 9 20 41 33 5 9 27 22 12 12 33 44 31 11 40 29 40 
31 15 27 12 5 33 13 21 29 25 40 15 0 29 24 19 47 22 18 20 16 31 26 5 39 48 29 14 32 39 41 
23 27 25 35 24 7 20 29 1 17 17 17 29 0 15 20 27 39 21 24 33 6 7 28 19 30 26 29 40 11 30 
35 31 35 24 22 13 23 35 16 28 16 9 24 15 0 27 42 43 8 10 36 22 8 21 34 45 37 17 47 27 44 
12 8 9 30 13 27 5 8 19 6 37 20 19 20 27 0 28 19 25 30 13 17 22 22 20 29 11 28 20 25 22 
18 35 24 57 41 33 33 32 26 22 40 41 47 27 42 28 0 43 46 50 40 20 34 49 8 3 22 53 35 18 13 
25 12 19 34 20 46 19 12 38 24 55 33 22 39 43 19 43 0 38 41 6 37 40 27 37 42 21 36 13 45 32 
35 27 34 16 17 20 21 33 21 28 24 5 18 21 8 25 46 38 0 4 31 26 14 13 38 48 37 9 45 32 45 
40 31 39 15 20 23 25 37 25 33 26 9 20 24 10 30 50 41 4 0 35 30 17 15 42 53 41 8 49 36 50 
22 5 16 29 14 40 13 8 32 20 49 27 16 33 36 13 40 6 31 35 0 31 33 22 33 40 18 30 16 39 30 
17 25 20 38 25 14 19 25 5 13 23 22 31 6 22 17 20 37 26 30 31 0 13 31 12 23 21 33 35 8 24 
27 28 29 29 22 7 20 31 7 21 15 12 26 7 8 22 34 40 14 17 33 13 0 24 26 37 31 22 42 18 36 
34 20 31 8 9 31 16 26 28 27 37 12 5 28 21 22 49 27 13 15 22 31 24 0 40 50 33 8 37 39 44 
11 28 17 48 33 26 25 25 18 14 34 33 39 19 34 20 8 37 38 42 33 12 26 40 0 10 17 44 31 13 12 
17 35 23 58 42 36 34 31 29 22 44 44 48 30 45 29 3 42 48 53 40 23 37 50 10 0 21 54 33 21 10 
5 15 2 42 24 34 17 9 25 9 44 31 29 26 37 11 22 21 37 41 18 21 31 33 17 21 0 40 14 27 12 
40 28 37 7 16 29 23 34 29 33 33 11 14 29 17 28 53 36 9 8 30 33 22 8 44 54 40 0 45 40 50 
19 17 14 45 29 47 24 12 38 22 57 40 32 40 47 20 35 13 45 49 16 35 42 37 31 33 14 45 0 41 22 
22 34 27 46 34 15 28 33 11 20 22 29 39 11 27 25 18 45 32 36 39 8 18 39 13 21 27 40 41 0 26 
10 27 14 53 36 38 28 22 29 17 47 40 41 30 44 22 13 32 45 50 30 24 36 44 12 10 12 50 22 26 0 
0 489
199 443
77 321
76 320
33 277
14 258
38 282
93 337
50 294
214 458
210 454
198 442
97 341
6 250
54 298
149 393
74 318
151 395
135 379
38 282
151 395
77 321
16 260
46 290
133 377
22 266
151 395
58 302
132 376
46 290
85 329
