31
0 14 23 35 18 15 17 18 33 42 7 39 42 39 43 18 37 41 19 46 42 10 15 25 28 39 30 33 17 12 13 
14 0 18 35 32 9 16 32 39 33 7 36 35 36 35 33 27 45 5 51 32 19 8 16 32 33 22 31 20 8 25 
23 18 0 18 35 8 6 34 26 20 22 18 19 17 19 36 15 29 16 35 19 19 9 6 19 16 7 12 10 11 26 
35 35 18 0 38 25 19 37 13 27 37 8 21 9 22 40 25 12 34 18 26 26 26 23 10 15 19 8 17 27 30 
18 32 35 38 0 31 28 1 29 55 26 45 53 45 54 2 50 38 37 42 55 15 30 40 27 48 42 41 24 28 8 
15 9 8 25 31 0 7 30 30 26 13 27 27 26 27 32 21 35 9 41 26 15 0 9 24 24 14 21 11 3 22 
17 16 6 19 28 7 0 27 23 27 18 22 25 21 26 29 22 28 16 34 26 12 7 12 16 22 14 16 5 7 19 
18 32 34 37 1 30 27 0 28 54 25 44 52 44 53 3 49 37 36 41 53 14 30 39 26 47 41 39 23 27 7 
33 39 26 13 29 30 23 28 0 40 38 22 35 23 36 32 38 8 40 13 39 23 31 32 6 29 30 21 18 30 24 
42 33 20 27 55 26 27 54 40 0 39 20 7 19 5 57 5 40 28 45 0 39 27 17 35 12 13 19 31 30 46 
7 7 22 37 26 13 18 25 38 39 0 40 40 39 41 26 33 45 13 50 39 16 13 22 32 38 28 34 20 10 20 
39 36 18 8 45 27 22 44 22 20 40 0 14 1 15 47 20 19 34 24 19 32 28 22 19 8 16 6 22 29 37 
42 35 19 21 53 27 25 52 35 7 40 14 0 12 1 55 9 33 30 38 6 38 27 18 30 5 12 14 28 30 44 
39 36 17 9 45 26 21 44 23 19 39 1 12 0 14 47 19 20 33 25 18 32 27 21 19 7 15 5 22 29 37 
43 35 19 22 54 27 26 53 36 5 41 15 1 14 0 55 9 35 30 39 5 38 28 18 31 7 12 15 29 30 45 
18 33 36 40 2 32 29 3 32 57 26 47 55 47 55 0 52 41 38 44 56 17 32 41 30 50 44 43 26 29 10 
37 27 15 25 50 21 22 49 38 5 33 20 9 19 9 52 0 38 22 44 5 34 21 11 32 12 8 17 26 24 41 
41 45 29 12 38 35 28 37 8 40 45 19 33 20 35 41 38 0 45 5 39 31 36 35 13 27 31 20 25 36 33 
19 5 16 34 37 9 16 36 40 28 13 34 30 33 30 38 22 45 0 51 27 23 9 12 33 30 19 28 21 10 29 
46 51 35 18 42 41 34 41 13 45 50 24 38 25 39 44 44 5 51 0 44 36 42 41 18 32 37 26 30 42 37 
42 32 19 26 55 26 26 53 39 0 39 19 6 18 5 56 5 39 27 44 0 39 26 16 34 11 12 18 30 29 46 
10 19 19 26 15 15 12 14 23 39 16 32 38 32 38 17 34 31 23 36 39 0 15 24 18 33 26 26 9 13 7 
15 8 9 26 30 0 7 30 31 27 13 28 27 27 28 32 21 36 9 42 26 15 0 10 24 25 15 22 12 2 22 
25 16 6 23 40 9 12 39 32 17 22 22 18 21 18 41 11 35 12 41 16 24 10 0 26 17 6 17 17 13 31 
28 32 19 10 27 24 16 26 6 35 32 19 30 19 31 30 32 13 33 18 34 18 24 26 0 25 24 16 12 24 20 
39 33 16 15 48 24 22 47 29 12 38 8 5 7 7 50 12 27 30 32 11 33 25 17 25 0 10 8 23 27 40 
30 22 7 19 42 14 14 41 30 13 28 16 12 15 12 44 8 31 19 37 12 26 15 6 24 10 0 11 17 17 33 
33 31 12 8 41 21 16 39 21 19 34 6 14 5 15 43 17 20 28 26 18 26 22 17 16 8 11 0 16 23 32 
17 20 10 17 24 11 5 23 18 31 20 22 28 22 29 26 26 25 21 30 30 9 12 17 12 23 17 16 0 11 16 
12 8 11 27 28 3 7 27 30 30 10 29 30 29 30 29 24 36 10 42 29 13 2 13 24 27 17 23 11 0 20 
13 25 26 30 8 22 19 7 24 46 20 37 44 37 45 10 41 33 29 37 46 7 22 31 20 40 33 32 16 20 0 
0 575
172 229
235 292
80 137
513 570
411 468
466 523
452 509
371 428
371 428
139 196
258 315
215 272
86 143
26 83
412 469
506 563
74 131
78 135
181 238
388 445
354 411
421 478
497 554
227 284
446 503
241 298
251 308
251 308
370 427
461 518
