31
0 29 9 25 35 28 8 26 16 33 2 33 33 34 46 39 20 15 7 25 17 13 9 48 41 28 40 30 35 32 14 
29 0 38 7 11 4 21 5 38 12 26 17 19 13 40 34 9 29 21 11 24 39 32 20 12 15 27 17 10 24 34 
9 38 0 34 43 37 18 35 13 42 11 42 40 44 50 44 29 18 16 33 22 7 10 57 51 35 46 37 44 37 14 
25 7 34 0 19 3 16 11 37 8 23 11 25 10 45 39 10 29 18 16 25 37 31 28 18 21 33 22 9 30 33 
35 11 43 19 0 15 28 9 39 23 33 28 10 24 30 25 15 29 27 10 24 42 35 13 12 10 16 10 19 17 35 
28 4 37 3 15 0 19 9 38 8 25 13 23 10 43 37 10 30 20 14 25 39 32 24 15 19 30 20 8 28 34 
8 21 18 16 28 19 0 19 23 24 6 24 29 26 45 39 13 19 4 19 17 21 16 41 33 24 37 26 26 30 20 
26 5 35 11 9 9 19 0 33 18 24 22 14 19 34 28 6 24 18 5 18 35 28 21 16 10 22 11 16 19 29 
16 38 13 37 39 38 23 33 0 46 17 47 34 47 39 33 28 10 19 29 15 6 6 53 49 30 37 31 46 28 4 
33 12 42 8 23 8 24 18 46 0 31 5 31 1 52 46 19 38 27 23 34 45 39 27 17 28 39 29 4 37 42 
2 26 11 23 33 25 6 24 17 31 0 30 32 32 45 39 18 16 5 23 16 15 11 46 39 26 38 28 33 31 15 
33 17 42 11 28 13 24 22 47 5 30 0 36 5 57 51 22 40 27 27 36 45 40 33 23 32 44 34 10 41 43 
33 19 40 25 10 23 29 14 34 31 32 36 0 33 20 15 17 23 27 10 18 37 31 21 22 5 7 3 29 7 29 
34 13 44 10 24 10 26 19 47 1 32 5 33 0 53 47 20 40 28 25 35 47 41 27 17 29 40 30 4 38 43 
46 40 50 45 30 43 45 34 39 52 45 57 20 53 0 6 36 31 41 29 29 44 39 37 41 24 14 23 49 16 35 
39 34 44 39 25 37 39 28 33 46 39 51 15 47 6 0 30 25 35 23 22 38 33 34 37 18 10 17 44 9 29 
20 9 29 10 15 10 13 6 28 19 18 22 17 20 36 30 0 19 12 7 15 29 23 28 21 12 25 14 18 20 24 
15 29 18 29 29 30 19 24 10 38 16 40 23 40 31 25 19 0 14 19 5 14 8 43 39 19 28 20 38 19 5 
7 21 16 18 27 20 4 18 19 27 5 27 27 28 41 35 12 14 0 17 13 18 12 40 34 21 33 23 28 26 16 
25 11 33 16 10 14 19 5 29 23 23 27 10 25 29 23 7 19 17 0 14 32 25 24 20 5 18 6 22 13 25 
17 24 22 25 24 25 17 18 15 34 16 36 18 35 29 22 15 5 13 14 0 19 12 37 34 14 23 15 33 15 11 
13 39 7 37 42 39 21 35 6 45 15 45 37 47 44 38 29 14 18 32 19 0 6 56 51 33 42 34 47 33 8 
9 32 10 31 35 32 16 28 6 39 11 40 31 41 39 33 23 8 12 25 12 6 0 49 44 26 36 28 40 27 5 
48 20 57 28 13 24 41 21 53 27 46 33 21 27 37 34 28 43 40 24 37 56 49 0 10 23 24 23 23 29 49 
41 12 51 18 12 15 33 16 49 17 39 23 22 17 41 37 21 39 34 20 34 51 44 10 0 22 27 22 13 29 45 
28 15 35 21 10 19 24 10 30 28 26 32 5 29 24 18 12 19 21 5 14 33 26 23 22 0 13 1 26 8 25 
40 27 46 33 16 30 37 22 37 39 38 44 7 40 14 10 25 28 33 18 23 42 36 24 27 13 0 11 36 8 33 
30 17 37 22 10 20 26 11 31 29 28 34 3 30 23 17 14 20 23 6 15 34 28 23 22 1 11 0 27 7 26 
35 10 44 9 19 8 26 16 46 4 33 10 29 4 49 44 18 38 28 22 33 47 40 23 13 26 36 27 0 35 42 
32 24 37 30 17 28 30 19 28 37 31 41 7 38 16 9 20 19 26 13 15 33 27 29 29 8 8 7 35 0 24 
14 34 14 33 35 34 20 29 4 42 15 43 29 43 35 29 24 5 16 25 11 8 5 49 45 25 33 26 42 24 0 
0 276
94 232
51 189
115 253
77 215
64 202
135 273
95 233
28 166
6 144
110 248
77 215
6 144
71 209
63 201
72 210
96 234
30 168
2 140
65 203
65 203
78 216
9 147
119 257
2 140
14 152
97 235
132 270
92 230
54 192
16 154
