31
0 10 13 43 24 33 14 31 8 20 5 26 41 32 44 28 22 35 31 24 57 50 7 49 41 13 52 30 29 36 38 
10 0 4 33 24 23 13 27 10 10 8 20 31 22 34 22 18 28 20 14 46 40 10 40 31 4 42 22 21 35 28 
13 4 0 29 22 19 16 24 11 6 12 17 27 21 34 18 15 24 18 10 43 36 11 36 28 1 39 18 21 33 24 
43 33 29 0 32 11 44 26 37 22 41 21 2 27 37 19 25 15 23 19 15 13 37 7 1 30 10 12 36 35 4 
24 24 22 32 0 29 36 8 16 21 28 12 31 40 54 13 9 18 37 21 48 44 17 37 31 20 43 21 43 11 29 
33 23 19 11 29 0 33 26 29 13 31 18 9 16 28 17 21 17 12 10 23 17 29 18 10 20 19 9 25 36 7 
14 13 16 44 36 33 0 40 20 23 8 33 42 25 33 35 31 41 25 26 55 48 19 51 43 17 52 34 18 47 40 
31 27 24 26 8 26 40 0 22 21 33 8 25 39 52 8 9 10 35 19 41 38 23 29 24 23 36 16 44 10 23 
8 10 11 37 16 29 20 22 0 16 11 19 35 32 45 20 14 28 30 19 52 46 0 43 35 10 47 24 31 28 32 
20 10 6 22 21 13 23 21 16 0 18 12 20 19 32 13 12 19 16 3 36 30 16 29 21 7 32 11 23 30 17 
5 8 12 41 28 31 8 33 11 18 0 27 39 28 39 28 24 35 27 22 54 48 11 48 40 12 50 30 24 39 36 
26 20 17 21 12 18 33 8 19 12 27 0 19 30 44 1 4 9 27 11 36 32 19 26 19 16 31 9 35 18 17 
41 31 27 2 31 9 42 25 35 20 39 19 0 25 35 18 24 14 21 17 17 13 36 9 0 27 11 11 35 34 2 
32 22 21 27 40 16 25 39 32 19 28 30 25 0 13 30 31 33 3 19 33 25 32 33 26 22 32 24 10 49 24 
44 34 34 37 54 28 33 52 45 32 39 44 35 13 0 44 45 46 17 33 37 31 45 42 36 35 38 37 15 62 35 
28 22 18 19 13 17 35 8 20 13 28 1 18 30 44 0 6 7 27 11 35 31 21 24 18 17 30 8 36 18 15 
22 18 15 25 9 21 31 9 14 12 24 4 24 31 45 6 0 13 28 12 41 36 15 30 23 13 35 13 35 18 21 
35 28 24 15 18 17 41 10 28 19 35 9 14 33 46 7 13 0 29 16 31 28 28 18 14 24 25 9 40 19 13 
31 20 18 23 37 12 25 35 30 16 27 27 21 3 17 27 28 29 0 16 30 23 30 30 22 20 29 20 13 45 20 
24 14 10 19 21 10 26 19 19 3 22 11 17 19 33 11 12 16 16 0 33 27 19 25 17 10 28 7 25 29 14 
57 46 43 15 48 23 55 41 52 36 54 36 17 33 37 35 41 31 30 33 0 7 52 13 17 43 5 28 43 50 20 
50 40 36 13 44 17 48 38 46 30 48 32 13 25 31 31 36 28 23 27 7 0 46 14 14 37 8 23 36 48 15 
7 10 11 37 17 29 19 23 0 16 11 19 36 32 45 21 15 28 30 19 52 46 0 44 36 10 47 25 31 28 33 
49 40 36 7 37 18 51 29 43 29 48 26 9 33 42 24 30 18 30 25 13 14 44 0 8 36 7 18 43 37 11 
41 31 28 1 31 10 43 24 35 21 40 19 0 26 36 18 23 14 22 17 17 14 36 8 0 28 12 11 35 34 3 
13 4 1 30 20 20 17 23 10 7 12 16 27 22 35 17 13 24 20 10 43 37 10 36 28 0 39 18 23 31 25 
52 42 39 10 43 19 52 36 47 32 50 31 11 32 38 30 35 25 29 28 5 8 47 7 12 39 0 23 42 44 14 
30 22 18 12 21 9 34 16 24 11 30 9 11 24 37 8 13 9 20 7 28 23 25 18 11 18 23 0 31 26 8 
29 21 21 36 43 25 18 44 31 23 24 35 35 10 15 36 35 40 13 25 43 36 31 43 35 23 42 31 0 53 33 
36 35 33 35 11 36 47 10 28 30 39 18 34 49 62 18 18 19 45 29 50 48 28 37 34 31 44 26 53 0 32 
38 28 24 4 29 7 40 23 32 17 36 17 2 24 35 15 21 13 20 14 20 15 33 11 3 25 14 8 33 32 0 
0 404
27 148
32 153
100 221
46 167
143 264
190 311
184 305
118 239
186 307
42 163
106 227
18 139
50 171
145 266
252 373
11 132
217 338
161 282
58 179
129 250
48 169
173 294
148 269
261 382
4 125
83 204
7 128
35 156
79 200
80 201
