31
0 45 39 24 27 40 11 16 29 16 18 46 46 39 45 26 21 14 16 13 13 31 26 53 41 23 25 26 23 21 14 
45 0 34 22 35 21 35 31 19 29 27 31 14 19 14 25 25 39 48 33 45 15 20 13 5 30 23 24 22 28 44 
39 34 0 33 50 13 37 25 37 31 28 9 46 46 45 17 34 25 29 28 48 34 22 47 30 44 21 17 26 20 27 
24 22 33 0 16 26 13 13 5 9 8 36 22 16 21 16 3 22 32 14 23 7 11 28 18 10 12 16 7 15 28 
27 35 50 16 0 43 16 26 16 19 22 53 27 19 26 33 15 33 41 24 17 20 28 36 33 6 28 32 24 30 37 
40 21 13 26 43 0 35 24 28 28 24 10 34 35 33 14 28 28 36 27 46 25 15 34 17 37 16 14 20 18 32 
11 35 37 13 16 35 0 11 18 7 10 43 35 27 33 21 10 16 24 9 11 20 19 42 31 12 18 20 14 17 20 
16 31 25 13 26 24 11 0 19 6 5 31 35 30 34 10 12 9 18 3 22 19 11 40 26 20 9 10 8 5 14 
29 19 37 5 16 28 18 19 0 14 14 38 16 11 15 20 8 28 38 19 26 3 14 23 16 11 16 20 12 20 33 
16 29 31 9 19 28 7 6 14 0 3 36 31 25 30 14 6 14 23 5 18 15 12 37 25 13 11 14 7 11 19 
18 27 28 8 22 24 10 5 14 3 0 32 30 25 29 11 7 14 23 6 22 14 8 36 22 16 8 10 4 7 19 
46 31 9 36 53 10 43 31 38 36 32 0 45 46 44 21 38 32 38 34 54 35 25 44 28 47 25 22 29 25 35 
46 14 46 22 27 34 35 35 16 31 30 45 0 8 1 33 25 44 54 36 42 15 27 8 17 25 30 33 27 34 49 
39 19 46 16 19 35 27 30 11 25 25 46 8 0 7 31 18 39 49 30 34 11 24 17 19 17 26 30 23 30 44 
45 14 45 21 26 33 33 34 15 30 29 44 1 7 0 32 23 43 53 35 41 14 26 9 16 24 28 31 26 33 48 
26 25 17 16 33 14 21 10 20 14 11 21 33 31 32 0 17 15 24 13 32 19 6 36 20 26 4 0 9 4 20 
21 25 34 3 15 28 10 12 8 6 7 38 25 18 23 17 0 21 30 12 20 10 13 31 22 9 13 17 8 15 26 
14 39 25 22 33 28 16 9 28 14 14 32 44 39 43 15 21 0 9 9 25 28 18 49 34 28 16 15 17 11 5 
16 48 29 32 41 36 24 18 38 23 23 38 54 49 53 24 30 9 0 18 29 38 28 59 43 36 25 24 27 20 4 
13 33 28 14 24 27 9 3 19 5 6 34 36 30 35 13 12 9 18 0 19 20 13 42 28 19 11 13 10 8 14 
13 45 48 23 17 46 11 22 26 18 22 54 42 34 41 32 20 25 29 19 0 29 30 50 42 16 30 32 26 28 27 
31 15 34 7 20 25 20 19 3 15 14 35 15 11 14 19 10 28 38 20 29 0 13 21 13 15 15 18 11 19 34 
26 20 22 11 28 15 19 11 14 12 8 25 27 24 26 6 13 18 28 13 30 13 0 31 15 22 2 5 4 7 24 
53 13 47 28 36 34 42 40 23 37 36 44 8 17 9 36 31 49 59 42 50 21 31 0 17 33 34 36 32 38 55 
41 5 30 18 33 17 31 26 16 25 22 28 17 19 16 20 22 34 43 28 42 13 15 17 0 28 18 19 18 23 39 
23 30 44 10 6 37 12 20 11 13 16 47 25 17 24 26 9 28 36 19 16 15 22 33 28 0 22 26 17 24 32 
25 23 21 12 28 16 18 9 16 11 8 25 30 26 28 4 13 16 25 11 30 15 2 34 18 22 0 3 4 4 21 
26 24 17 16 32 14 20 10 20 14 10 22 33 30 31 0 17 15 24 13 32 18 5 36 19 26 3 0 8 4 20 
23 22 26 7 24 20 14 8 12 7 4 29 27 23 26 9 8 17 27 10 26 11 4 32 18 17 4 8 0 7 22 
21 28 20 15 30 18 17 5 20 11 7 25 34 30 33 4 15 11 20 8 28 19 7 38 23 24 4 4 7 0 16 
14 44 27 28 37 32 20 14 33 19 19 35 49 44 48 20 26 5 4 14 27 34 24 55 39 32 21 20 22 16 0 
0 617
364 610
277 523
285 531
199 445
115 361
111 357
132 378
30 276
57 303
306 552
318 564
62 308
233 479
181 427
337 583
137 383
25 271
171 417
74 320
147 393
155 401
341 587
64 310
300 546
170 416
129 375
99 345
350 596
253 499
259 505
