31
0 54 45 39 38 39 53 48 58 60 20 20 29 18 9 48 33 62 53 33 31 41 10 28 35 30 34 25 49 36 44 
54 0 27 19 17 17 4 15 14 11 34 43 39 37 45 25 39 25 5 32 23 50 46 38 19 24 37 29 5 27 11 
45 27 0 32 19 16 23 11 19 23 29 26 18 34 37 45 16 17 21 12 23 24 41 19 20 22 14 27 23 39 19 
39 19 32 0 13 15 20 24 30 29 20 33 35 20 30 13 36 39 20 30 11 49 29 33 13 13 36 15 16 8 15 
38 17 19 13 0 2 15 12 22 22 17 26 24 21 28 26 25 28 14 18 7 37 30 22 2 7 24 13 11 20 6 
39 17 16 15 2 0 14 10 20 21 18 25 23 23 29 29 23 26 14 16 9 35 32 21 4 9 22 14 12 23 5 
53 4 23 20 15 14 0 11 11 9 32 40 36 36 43 28 36 21 1 29 21 46 45 35 18 22 34 28 4 28 9 
48 15 11 24 12 10 11 0 10 13 28 32 26 33 38 36 25 15 10 19 19 35 41 25 14 19 23 25 12 32 9 
58 14 19 30 22 20 11 10 0 4 38 42 36 43 49 39 35 10 10 29 29 43 52 36 24 29 33 35 15 39 16 
60 11 23 29 22 21 9 13 4 0 40 45 40 44 50 37 38 14 8 32 29 47 53 39 25 30 36 35 13 38 16 
20 34 29 20 17 18 32 28 38 40 0 15 20 5 11 32 23 43 32 19 10 35 13 18 14 9 23 5 29 21 23 
20 43 26 33 26 25 40 32 42 45 15 0 9 19 14 46 12 43 39 14 22 22 20 8 23 20 14 19 37 36 31 
29 39 18 35 24 23 36 26 36 40 20 9 0 25 22 48 3 36 35 7 23 15 28 1 22 21 5 22 35 39 28 
18 37 34 20 21 23 36 33 43 44 5 19 25 0 9 30 28 48 36 25 14 40 9 23 19 14 29 8 32 19 27 
9 45 37 30 28 29 43 38 49 50 11 14 22 9 0 40 26 52 43 25 22 36 6 21 25 20 27 16 40 29 34 
48 25 45 13 26 29 28 36 39 37 32 46 48 30 40 0 50 50 29 43 25 63 38 46 26 27 49 27 25 11 26 
33 39 16 36 25 23 36 25 35 38 23 12 3 28 26 50 0 33 35 7 24 13 32 5 24 23 2 24 34 41 28 
62 25 17 39 28 26 21 15 10 14 43 43 36 48 52 50 33 0 20 29 35 38 56 36 30 35 31 40 24 48 24 
53 5 21 20 14 14 1 10 10 8 32 39 35 36 43 29 35 20 0 28 21 45 45 34 17 22 33 27 4 29 8 
33 32 12 30 18 16 29 19 29 32 19 14 7 25 25 43 7 29 28 0 18 19 30 6 17 17 5 19 28 35 21 
31 23 23 11 7 9 21 19 29 29 10 22 23 14 22 25 24 35 21 18 0 37 23 21 4 1 24 6 18 16 12 
41 50 24 49 37 35 46 35 43 47 35 22 15 40 36 63 13 38 45 19 37 0 43 17 36 36 13 37 46 54 40 
10 46 41 29 30 32 45 41 52 53 13 20 28 9 6 38 32 56 45 30 23 43 0 27 27 22 33 17 41 26 36 
28 38 19 33 22 21 35 25 36 39 18 8 1 23 21 46 5 36 34 6 21 17 27 0 21 19 6 20 33 37 27 
35 19 20 13 2 4 18 14 24 25 14 23 22 19 25 26 24 30 17 17 4 36 27 21 0 5 23 10 14 19 8 
30 24 22 13 7 9 22 19 29 30 9 20 21 14 20 27 23 35 22 17 1 36 22 19 5 0 22 5 19 18 13 
34 37 14 36 24 22 34 23 33 36 23 14 5 29 27 49 2 31 33 5 24 13 33 6 23 22 0 25 33 41 27 
25 29 27 15 13 14 28 25 35 35 5 19 22 8 16 27 24 40 27 19 6 37 17 20 10 5 25 0 24 17 19 
49 5 23 16 11 12 4 12 15 13 29 37 35 32 40 25 34 24 4 28 18 46 41 33 14 19 33 24 0 24 6 
36 27 39 8 20 23 28 32 39 38 21 36 39 19 29 11 41 48 29 35 16 54 26 37 19 18 41 17 24 0 23 
44 11 19 15 6 5 9 9 16 16 23 31 28 27 34 26 28 24 8 21 12 40 36 27 8 13 27 19 6 23 0 
0 404
160 362
3 205
161 363
3 205
18 220
59 261
104 306
117 319
58 260
22 224
198 400
123 325
150 352
160 362
174 376
2 204
161 363
186 388
193 395
76 278
118 320
31 233
195 397
152 354
53 255
98 300
78 280
142 344
102 304
122 324
