31
0 36 5 11 31 40 42 20 39 29 44 33 39 43 48 33 17 46 19 18 38 19 13 10 12 14 18 13 38 9 16 
36 0 37 27 44 5 17 15 10 42 44 4 33 44 48 28 20 12 31 51 43 37 35 29 34 22 26 26 26 45 25 
5 37 0 15 37 41 45 21 41 35 49 33 44 47 53 37 19 48 24 22 43 24 18 14 8 14 22 11 41 12 14 
11 27 15 0 25 30 31 13 28 23 35 25 29 33 39 21 7 36 10 24 30 13 9 1 19 9 6 13 26 17 16 
31 44 37 25 0 44 37 35 39 2 16 44 19 14 19 19 30 47 15 25 9 13 18 24 43 34 21 39 24 29 41 
40 5 41 30 44 0 13 19 6 42 42 9 31 42 45 26 23 7 32 54 42 38 37 32 39 26 27 31 23 48 30 
42 17 45 31 37 13 0 25 7 35 31 21 20 31 33 17 26 11 28 52 32 34 35 33 45 31 26 37 12 48 37 
20 15 21 13 35 19 25 0 20 33 41 12 32 40 45 24 5 26 20 36 37 24 21 14 19 6 14 11 26 29 11 
39 10 41 28 39 6 7 20 0 37 36 13 25 36 39 21 22 8 28 51 36 34 34 30 40 26 24 31 17 46 31 
29 42 35 23 2 42 35 33 37 0 16 42 18 15 20 17 28 45 13 25 9 10 16 22 41 32 18 36 23 27 39 
44 44 49 35 16 42 31 41 36 16 0 46 11 1 4 17 37 42 25 41 6 25 31 35 54 43 28 48 19 43 50 
33 4 33 25 44 9 21 12 13 42 46 0 35 45 49 29 17 16 30 49 44 35 33 27 30 19 24 22 28 42 21 
39 33 44 29 19 31 20 32 25 18 11 35 0 11 14 7 29 31 20 42 12 23 27 29 47 35 22 40 7 41 42 
43 44 47 33 14 42 31 40 36 15 1 45 11 0 5 16 36 42 23 40 5 24 29 33 53 41 27 47 18 42 49 
48 48 53 39 19 45 33 45 39 20 4 49 14 5 0 20 41 45 29 45 10 30 35 39 58 47 33 52 22 47 54 
33 28 37 21 19 26 17 24 21 17 17 29 7 16 20 0 21 28 14 37 15 18 22 22 40 27 14 33 6 35 34 
17 20 19 7 30 23 26 5 22 28 37 17 29 36 41 21 0 29 15 31 33 19 16 9 19 5 9 11 24 24 13 
46 12 48 36 47 7 11 26 8 45 42 16 31 42 45 28 29 0 36 59 43 42 42 38 46 33 32 37 24 53 37 
19 31 24 10 15 32 28 20 28 13 25 30 20 23 29 14 15 36 0 23 19 5 7 10 29 19 5 23 20 21 26 
18 51 22 24 25 54 52 36 51 25 41 49 42 40 45 37 31 59 23 0 34 18 16 22 30 31 27 31 43 9 35 
38 43 43 30 9 42 32 37 36 9 6 44 12 5 10 15 33 43 19 34 0 19 25 29 49 38 24 43 19 37 45 
19 37 24 13 13 38 34 24 34 10 25 35 23 24 30 18 19 42 5 18 19 0 5 11 30 22 10 26 24 18 29 
13 35 18 9 18 37 35 21 34 16 31 33 27 29 35 22 16 42 7 16 25 5 0 7 25 18 10 21 27 13 24 
10 29 14 1 24 32 33 14 30 22 35 27 29 33 39 22 9 38 10 22 29 11 7 0 19 11 7 14 27 15 17 
12 34 8 19 43 39 45 19 40 41 54 30 47 53 58 40 19 46 29 30 49 30 25 19 0 13 25 8 44 21 9 
14 22 14 9 34 26 31 6 26 32 43 19 35 41 47 27 5 33 19 31 38 22 18 11 13 0 14 5 30 23 7 
18 26 22 6 21 27 26 14 24 18 28 24 22 27 33 14 9 32 5 27 24 10 10 7 25 14 0 19 19 22 21 
13 26 11 13 39 31 37 11 31 36 48 22 40 47 52 33 11 37 23 31 43 26 21 14 8 5 19 0 36 22 3 
38 26 41 26 24 23 12 26 17 23 19 28 7 18 22 6 24 24 20 43 19 24 27 27 44 30 19 36 0 41 37 
9 45 12 17 29 48 48 29 46 27 43 42 41 42 47 35 24 53 21 9 37 18 13 15 21 23 22 22 41 0 25 
16 25 14 16 41 30 37 11 31 39 50 21 42 49 54 34 13 37 26 35 45 29 24 17 9 7 21 3 37 25 0 
0 340
93 263
111 281
4 174
68 238
167 337
148 318
107 277
166 336
162 332
79 249
94 264
108 278
161 331
112 282
150 320
146 316
126 296
34 204
130 300
47 217
32 202
19 189
94 264
3 173
91 261
117 287
87 257
130 300
15 185
56 226
