31
0 32 59 22 23 8 29 49 28 44 17 20 37 42 25 31 16 50 45 15 35 24 6 38 36 40 12 23 35 48 22 
32 0 30 9 13 24 23 18 4 17 17 16 23 15 14 7 16 22 19 18 15 14 29 10 4 34 25 10 17 15 22 
59 30 0 38 44 52 34 13 33 37 41 38 26 16 45 28 46 8 13 44 43 35 57 34 26 35 48 40 24 22 39 
22 9 38 0 8 15 20 27 5 24 8 9 24 21 11 10 8 29 25 9 18 9 19 17 13 33 16 3 18 25 16 
23 13 44 8 0 15 28 31 10 21 15 17 32 28 3 17 6 35 31 14 12 17 18 15 17 41 21 4 26 27 24 
8 24 52 15 15 0 26 42 20 36 12 15 33 36 18 24 8 44 39 9 27 18 4 30 28 38 10 15 30 40 19 
29 23 34 20 28 26 0 30 21 40 14 11 9 20 31 15 25 27 22 17 37 10 30 33 23 13 17 23 10 34 6 
49 18 13 27 31 42 30 0 21 23 32 30 25 10 32 18 35 7 10 34 29 27 47 20 14 36 40 28 20 8 33 
28 4 33 5 10 20 21 21 0 20 13 12 23 17 13 7 13 25 21 14 16 11 25 13 7 33 21 6 16 19 19 
44 17 37 24 21 36 40 23 20 0 32 32 39 27 19 24 27 30 30 33 10 31 39 6 17 51 40 22 33 14 39 
17 17 41 8 15 12 14 32 13 32 0 3 21 24 19 13 10 33 28 3 26 6 17 26 19 27 8 11 17 32 9 
20 16 38 9 17 15 11 30 12 32 3 0 18 22 21 11 13 30 25 6 27 3 20 26 18 24 10 12 14 31 6 
37 23 26 24 32 33 9 25 23 39 21 18 0 15 35 16 30 20 15 24 39 15 38 33 22 11 25 27 6 30 15 
42 15 16 21 28 36 20 10 17 27 24 22 15 0 30 11 29 8 3 27 30 18 40 22 12 26 32 24 9 16 23 
25 14 45 11 3 18 31 32 13 19 19 21 35 30 0 20 10 37 33 18 9 21 20 14 18 44 25 8 29 27 27 
31 7 28 10 17 24 15 18 7 24 13 11 16 11 20 0 18 19 14 16 23 8 29 18 7 26 22 13 9 19 15 
16 16 46 8 6 8 25 35 13 27 10 13 30 29 10 18 0 37 33 8 18 15 12 21 20 38 15 6 25 32 19 
50 22 8 29 35 44 27 7 25 30 33 30 20 8 37 19 37 0 5 35 35 27 49 27 18 31 40 31 17 16 31 
45 19 13 25 31 39 22 10 21 30 28 25 15 3 33 14 33 5 0 30 33 21 44 25 15 26 35 27 11 17 26 
15 18 44 9 14 9 17 34 14 33 3 6 24 27 18 16 8 35 30 0 26 9 13 26 21 30 7 11 21 34 11 
35 15 43 18 12 27 37 29 16 10 26 27 39 30 9 23 18 35 33 26 0 27 29 8 17 49 33 15 32 22 34 
24 14 35 9 17 18 10 27 11 31 6 3 15 18 21 8 15 27 21 9 27 0 23 24 16 23 13 13 11 28 7 
6 29 57 19 18 4 30 47 25 39 17 20 38 40 20 29 12 49 44 13 29 23 0 34 32 42 14 19 34 44 24 
38 10 34 17 15 30 33 20 13 6 26 26 33 22 14 18 21 27 25 26 8 24 34 0 11 44 34 15 26 13 32 
36 4 26 13 17 28 23 14 7 17 19 18 22 12 18 7 20 18 15 21 17 16 32 11 0 34 28 14 15 12 23 
40 34 35 33 41 38 13 36 33 51 27 24 11 26 44 26 38 31 26 30 49 23 42 44 34 0 28 36 18 42 18 
12 25 48 16 21 10 17 40 21 40 8 10 25 32 25 22 15 40 35 7 33 13 14 34 28 28 0 18 24 40 10 
23 10 40 3 4 15 23 28 6 22 11 12 27 24 8 13 6 31 27 11 15 13 19 15 14 36 18 0 21 25 19 
35 17 24 18 26 30 10 20 16 33 17 14 6 9 29 9 25 17 11 21 32 11 34 26 15 18 24 21 0 24 14 
48 15 22 25 27 40 34 8 19 14 32 31 30 16 27 19 32 16 17 34 22 28 44 13 12 42 40 25 24 0 35 
22 22 39 16 24 19 6 33 19 39 9 6 15 23 27 15 19 31 26 11 34 7 24 32 23 18 10 19 14 35 0 
0 425
243 413
140 310
202 372
37 207
76 246
47 217
49 219
31 201
55 225
186 356
167 337
246 416
9 179
213 383
147 317
2 172
30 200
75 245
177 347
14 184
119 289
253 423
227 397
101 271
230 400
90 260
186 356
223 393
23 193
245 415
