31
0 36 32 25 13 2 41 22 25 35 26 3 16 32 36 23 2 30 5 20 35 43 11 45 44 31 41 10 45 26 22 
36 0 21 21 23 38 6 40 53 34 17 36 40 12 22 25 37 8 42 18 36 12 45 33 29 17 15 44 27 14 35 
32 21 0 7 24 35 27 47 38 12 31 34 27 30 3 36 31 25 36 13 14 34 35 15 12 34 12 35 12 27 18 
25 21 7 0 17 28 27 40 33 15 26 27 21 26 11 30 24 21 29 7 17 32 29 21 19 29 17 29 19 23 14 
13 23 24 17 0 15 28 23 34 31 15 13 22 19 27 15 14 17 18 10 32 30 23 39 36 19 29 22 36 13 22 
2 38 35 28 15 0 43 20 26 38 27 3 18 33 39 23 5 32 4 23 37 44 12 48 47 32 43 11 48 27 25 
41 6 27 27 28 43 0 42 59 40 19 41 46 12 27 27 42 10 47 24 42 7 50 38 34 17 18 50 31 17 41 
22 40 47 40 23 20 42 0 46 54 23 18 38 29 50 15 25 32 24 33 54 40 32 62 59 25 51 31 59 25 43 
25 53 38 33 34 26 59 46 0 32 49 28 12 53 41 47 22 50 21 34 29 63 14 44 45 54 50 15 47 47 20 
35 34 12 15 31 38 40 54 32 0 42 39 24 42 13 45 33 37 38 22 2 46 34 12 13 45 24 34 16 38 14 
26 17 31 26 15 27 19 23 49 42 0 24 37 6 33 7 28 9 32 19 43 18 37 46 42 4 30 37 41 3 36 
3 36 34 27 13 3 41 18 28 39 24 0 20 31 38 20 6 30 7 22 38 42 14 48 46 29 42 14 47 25 26 
16 40 27 21 22 18 46 38 12 24 37 20 0 41 30 36 13 38 15 22 22 50 10 36 36 42 39 10 38 35 10 
32 12 30 26 19 33 12 29 53 42 6 31 41 0 32 14 33 5 38 21 44 11 43 44 40 4 27 42 38 6 39 
36 22 3 11 27 39 27 50 41 13 33 38 30 32 0 39 35 26 40 17 16 34 39 12 9 36 10 39 8 30 21 
23 25 36 30 15 23 27 15 47 45 7 20 36 14 39 0 25 16 28 23 46 25 34 51 48 10 37 34 47 10 38 
2 37 31 24 14 5 42 25 22 33 28 6 13 33 35 25 0 31 5 20 32 44 9 44 42 33 40 8 43 27 20 
30 8 25 21 17 32 10 32 50 37 9 30 38 5 26 16 31 0 36 16 38 12 41 39 35 9 22 40 33 6 34 
5 42 36 29 18 4 47 24 21 38 32 7 15 38 40 28 5 36 0 25 37 49 7 49 47 36 46 6 49 31 24 
20 18 13 7 10 23 24 33 34 22 19 22 22 21 17 23 20 16 25 0 23 28 27 28 26 23 20 27 25 16 18 
35 36 14 17 32 37 42 54 29 2 43 38 22 44 16 46 32 38 37 23 0 48 33 14 15 46 26 33 19 40 12 
43 12 34 32 30 44 7 40 63 46 18 42 50 11 34 25 44 12 49 28 48 0 53 45 41 14 26 53 38 17 46 
11 45 35 29 23 12 50 32 14 34 37 14 10 43 39 34 9 41 7 27 33 53 0 46 46 42 46 0 47 37 20 
45 33 15 21 39 48 38 62 44 12 46 48 36 44 12 51 44 39 49 28 14 45 46 0 4 48 19 46 7 42 26 
44 29 12 19 36 47 34 59 45 13 42 46 36 40 9 48 42 35 47 26 15 41 46 4 0 44 15 45 3 39 25 
31 17 34 29 19 32 17 25 54 45 4 29 42 4 36 10 33 9 36 23 46 14 42 48 44 0 31 41 43 6 40 
41 15 12 17 29 43 18 51 50 24 30 42 39 27 10 37 40 22 46 20 26 26 46 19 15 31 0 46 12 27 30 
10 44 35 29 22 11 50 31 15 34 37 14 10 42 39 34 8 40 6 27 33 53 0 46 45 41 46 0 47 36 20 
45 27 12 19 36 48 31 59 47 16 41 47 38 38 8 47 43 33 49 25 19 38 47 7 3 43 12 47 0 37 28 
26 14 27 23 13 27 17 25 47 38 3 25 35 6 30 10 27 6 31 16 40 17 37 42 39 6 27 36 37 0 34 
22 35 18 14 22 25 41 43 20 14 36 26 10 39 21 38 20 34 24 18 12 46 20 26 25 40 30 20 28 34 0 
0 276
131 186
179 234
190 245
83 138
30 85
81 136
74 129
22 77
36 91
58 113
208 263
129 184
9 64
148 203
90 145
146 201
69 124
121 176
128 183
20 75
109 164
40 95
199 254
104 159
189 244
19 74
1 56
190 245
96 151
81 136
