31
0 25 47 14 32 25 13 7 32 33 8 12 13 20 20 5 1 40 42 26 19 25 20 35 43 14 24 3 36 41 8 
25 0 29 17 35 43 31 31 44 15 21 13 12 21 22 30 23 47 29 11 15 33 37 24 28 40 18 24 42 43 20 
47 29 0 33 31 52 45 55 46 14 48 40 35 29 30 52 46 42 8 22 28 37 47 14 7 61 24 48 37 33 46 
14 17 33 0 21 26 14 22 28 20 17 12 7 7 8 18 13 32 28 12 5 17 20 21 28 27 10 15 27 31 16 
32 35 31 21 0 23 22 39 14 26 38 34 29 14 13 34 32 12 23 24 20 8 19 18 24 40 16 35 7 9 37 
25 43 52 26 23 0 12 27 12 43 33 34 32 25 23 23 26 23 45 37 29 15 6 38 46 22 30 28 22 29 33 
13 31 45 14 22 12 0 17 19 33 20 22 19 16 15 12 13 28 39 27 19 14 7 31 39 17 21 16 25 30 20 
7 31 55 22 39 27 17 0 37 41 10 18 20 28 28 4 8 46 50 33 27 31 24 43 50 10 32 7 42 48 12 
32 44 46 28 14 12 19 37 0 39 40 39 35 23 22 32 33 10 37 35 29 11 12 32 39 34 27 36 10 17 40 
33 15 14 20 26 43 33 41 39 0 33 25 21 18 19 38 32 39 13 7 15 29 37 10 13 47 13 33 33 33 31 
8 21 48 17 38 33 20 10 40 33 0 8 12 24 25 11 7 47 44 26 21 31 28 37 44 20 27 4 43 47 1 
12 13 40 12 34 34 22 18 39 25 8 0 5 20 20 17 10 45 37 18 15 29 29 30 37 27 21 10 40 43 6 
13 12 35 7 29 32 19 20 35 21 12 5 0 14 15 18 12 40 32 13 9 24 26 25 32 28 15 13 35 38 11 
20 21 29 7 14 25 16 28 23 18 24 20 14 0 1 24 20 26 23 12 5 12 18 15 23 32 5 22 21 23 23 
20 22 30 8 13 23 15 28 22 19 25 20 15 1 0 24 20 25 23 14 7 10 17 16 24 31 6 22 19 22 24 
5 30 52 18 34 23 12 4 32 38 11 17 18 24 24 0 6 41 47 31 24 26 19 39 47 9 28 7 38 43 12 
1 23 46 13 32 26 13 8 33 32 7 10 12 20 20 6 0 41 42 25 18 25 21 34 42 16 23 2 37 41 7 
40 47 42 32 12 23 28 46 10 39 47 45 40 26 25 41 41 0 33 37 32 15 22 30 35 44 28 43 5 9 46 
42 29 8 28 23 45 39 50 37 13 44 37 32 23 23 47 42 33 0 18 23 29 39 7 1 55 18 44 29 25 43 
26 11 22 12 24 37 27 33 35 7 26 18 13 12 14 31 25 37 18 0 8 24 31 12 18 40 8 26 31 32 24 
19 15 28 5 20 29 19 27 29 15 21 15 9 5 7 24 18 32 23 8 0 18 23 16 23 32 5 20 27 29 20 
25 33 37 17 8 15 14 31 11 29 31 29 24 12 10 26 25 15 29 24 18 0 11 23 30 31 16 28 11 16 31 
20 37 47 20 19 6 7 24 12 37 28 29 26 18 17 19 21 22 39 31 23 11 0 33 40 21 24 24 20 26 28 
35 24 14 21 18 38 31 43 32 10 37 30 25 15 16 39 34 30 7 12 16 23 33 0 7 48 11 36 25 23 36 
43 28 7 28 24 46 39 50 39 13 44 37 32 23 24 47 42 35 1 18 23 30 40 7 0 55 18 44 30 27 43 
14 40 61 27 40 22 17 10 34 47 20 27 28 32 31 9 16 44 55 40 32 31 21 48 55 0 37 16 41 47 21 
24 18 24 10 16 30 21 32 27 13 27 21 15 5 6 28 23 28 18 8 5 16 24 11 18 37 0 26 23 24 25 
3 24 48 15 35 28 16 7 36 33 4 10 13 22 22 7 2 43 44 26 20 28 24 36 44 16 26 0 39 44 5 
36 42 37 27 7 22 25 42 10 33 43 40 35 21 19 38 37 5 29 31 27 11 20 25 30 41 23 39 0 6 42 
41 43 33 31 9 29 30 48 17 33 47 43 38 23 22 43 41 9 25 32 29 16 26 23 27 47 24 44 6 0 46 
8 20 46 16 37 33 20 12 40 31 1 6 11 23 24 12 7 46 43 24 20 31 28 36 43 21 25 5 42 46 0 
0 255
158 183
84 109
148 173
84 109
124 149
199 224
205 230
214 239
3 28
228 253
154 179
108 133
113 138
51 76
185 210
6 31
130 155
172 197
6 31
190 215
115 140
15 40
181 206
4 29
72 97
26 51
167 192
80 105
10 35
74 99
