31
0 20 16 18 32 7 15 47 19 13 14 17 18 29 23 29 13 16 33 25 3 44 26 20 31 7 41 24 17 21 22 
20 0 28 21 31 27 32 36 19 33 23 32 25 12 2 41 14 30 13 37 18 32 35 11 12 17 35 24 34 7 30 
16 28 0 11 21 14 7 40 13 15 31 3 5 40 30 13 15 2 39 9 19 37 9 21 34 12 31 14 7 33 7 
18 21 11 0 14 20 17 30 2 24 32 15 5 34 22 21 7 13 30 17 20 27 14 11 24 11 23 5 18 27 9 
32 31 21 14 0 33 28 20 13 36 46 24 16 43 31 24 20 23 35 22 34 18 17 19 28 25 10 8 27 38 14 
7 27 14 20 33 0 9 50 21 6 19 13 17 36 29 24 18 12 40 21 10 47 23 25 37 11 43 26 12 28 21 
15 32 7 17 28 9 0 47 19 8 28 4 12 43 34 14 19 5 44 11 19 45 14 26 39 14 39 22 2 35 14 
47 36 40 30 20 50 47 0 29 54 57 44 35 45 35 45 33 42 32 43 47 3 38 27 26 40 11 25 47 44 35 
19 19 13 2 13 21 19 29 0 25 32 17 7 32 20 23 7 15 28 19 20 26 16 9 22 12 22 5 20 26 11 
13 33 15 24 36 6 8 54 25 0 24 13 20 42 36 22 23 13 46 19 17 51 22 31 43 16 46 29 10 34 22 
14 23 31 32 46 19 28 57 32 24 0 32 32 25 26 43 25 30 35 39 11 54 40 30 36 20 53 37 31 18 37 
17 32 3 15 24 13 4 44 17 13 32 0 9 43 34 11 18 1 43 7 21 41 9 25 38 15 34 18 3 35 9 
18 25 5 5 16 17 12 35 7 20 32 9 0 38 27 16 11 7 35 12 20 32 10 16 29 12 26 9 12 31 5 
29 12 40 34 43 36 43 45 32 42 25 43 38 0 12 53 26 41 14 49 25 42 48 24 19 28 46 37 45 7 43 
23 2 30 22 31 29 34 35 20 36 26 34 27 12 0 43 15 32 10 39 20 31 37 12 10 19 34 25 36 9 31 
29 41 13 21 24 24 14 45 23 22 43 11 16 53 43 0 27 12 51 4 32 43 7 32 45 25 34 22 12 46 12 
13 14 15 7 20 18 19 33 7 23 25 18 11 26 15 27 0 16 24 23 14 30 21 7 20 7 28 12 21 19 16 
16 30 2 13 23 12 5 42 15 13 30 1 7 41 32 12 16 0 41 8 19 40 10 23 36 13 33 17 5 34 8 
33 13 39 30 35 40 44 32 28 46 35 43 35 14 10 51 24 41 0 47 31 29 44 18 6 29 35 31 45 16 39 
25 37 9 17 22 21 11 43 19 19 39 7 12 49 39 4 23 8 47 0 28 40 4 28 41 21 32 19 9 42 8 
3 18 19 20 34 10 19 47 20 17 11 21 20 25 20 32 14 19 31 28 0 44 29 20 29 8 42 26 21 17 25 
44 32 37 27 18 47 45 3 26 51 54 41 32 42 31 43 30 40 29 40 44 0 36 24 23 37 10 22 45 40 32 
26 35 9 14 17 23 14 38 16 22 40 9 10 48 37 7 21 10 44 4 29 36 0 26 38 21 28 15 12 41 5 
20 11 21 11 19 25 26 27 9 31 30 25 16 24 12 32 7 23 18 28 20 24 26 0 13 14 24 13 27 19 20 
31 12 34 24 28 37 39 26 22 43 36 38 29 19 10 45 20 36 6 41 29 23 38 13 0 26 28 24 41 18 33 
7 17 12 11 25 11 14 40 12 16 20 15 12 28 19 25 7 13 29 21 8 37 21 14 26 0 34 17 16 20 17 
41 35 31 23 10 43 39 11 22 46 53 34 26 46 34 34 28 33 35 32 42 10 28 24 28 34 0 17 38 43 25 
24 24 14 5 8 26 22 25 5 29 37 18 9 37 25 22 12 17 31 19 26 22 15 13 24 17 17 0 22 31 10 
17 34 7 18 27 12 2 47 20 10 31 3 12 45 36 12 21 5 45 9 21 45 12 27 41 16 38 22 0 37 13 
21 7 33 27 38 28 35 44 26 34 18 35 31 7 9 46 19 34 16 42 17 40 41 19 18 20 43 31 37 0 36 
22 30 7 9 14 21 14 35 11 22 37 9 5 43 31 12 16 8 39 8 25 32 5 20 33 17 25 10 13 36 0 
0 404
114 114
344 344
189 189
248 248
38 38
144 144
280 280
250 250
220 220
29 29
37 37
111 111
350 350
314 314
391 391
268 268
365 365
120 120
308 308
286 286
216 216
343 343
288 288
328 328
107 107
395 395
394 394
171 171
388 388
62 62
