31
0 11 41 33 39 53 19 36 17 11 28 27 56 14 16 32 52 38 41 55 39 36 15 37 50 56 41 25 24 45 16 
11 0 30 22 28 43 8 27 6 1 22 16 45 3 11 24 42 29 30 44 30 26 4 31 39 45 31 14 15 34 6 
41 30 0 9 9 17 22 15 25 30 27 14 14 27 30 27 13 25 13 15 15 12 26 26 9 14 12 15 26 15 27 
33 22 9 0 7 25 14 17 16 22 24 7 23 18 24 20 22 20 11 24 18 14 17 27 17 22 11 7 17 15 18 
39 28 9 7 0 26 20 22 22 28 31 15 19 24 31 18 21 16 4 23 23 19 23 33 13 18 4 13 19 8 23 
53 43 17 25 26 0 34 16 39 42 29 27 16 40 38 44 6 43 29 7 14 16 38 23 17 18 28 29 42 30 42 
19 8 22 14 20 34 0 19 5 8 17 7 36 6 11 22 33 26 24 36 22 18 4 25 31 36 24 7 15 28 8 
36 27 15 17 22 16 19 0 25 26 13 13 26 26 21 36 19 37 27 21 2 2 24 11 23 27 26 17 31 30 28 
17 6 25 16 22 39 5 25 0 6 23 12 39 2 14 18 37 23 24 40 28 23 2 30 33 39 24 9 10 28 2 
11 1 30 22 28 42 8 26 6 0 21 15 44 4 10 25 41 30 30 44 29 25 4 29 39 44 31 14 16 35 7 
28 22 27 24 31 29 17 13 23 21 0 17 39 22 11 39 32 42 36 34 15 15 20 9 36 40 35 20 32 40 25 
27 16 14 7 15 27 7 13 12 15 17 0 29 13 16 23 26 25 19 28 16 12 11 22 24 29 19 3 17 23 14 
56 45 14 23 19 16 36 26 39 44 39 29 0 41 44 37 9 34 20 9 25 24 40 36 6 1 19 30 39 19 41 
14 3 27 18 24 40 6 26 2 4 22 13 41 0 13 20 39 25 26 41 29 24 2 30 36 41 27 11 12 31 3 
16 11 30 24 31 38 11 21 14 10 11 16 44 13 0 33 39 37 34 41 24 21 12 21 39 45 35 17 25 39 16 
32 24 27 20 18 44 22 36 18 25 39 23 37 20 33 0 40 6 16 42 38 34 21 45 31 36 18 19 8 19 17 
52 42 13 22 21 6 33 19 37 41 32 26 9 39 39 40 0 38 24 2 17 17 37 28 11 11 23 28 39 24 40 
38 29 25 20 16 43 26 37 23 30 42 25 34 25 37 6 38 0 13 39 39 34 26 47 28 32 15 22 14 15 22 
41 30 13 11 4 29 24 27 24 30 36 19 20 26 34 16 24 13 0 26 28 24 25 38 14 19 1 17 19 4 25 
55 44 15 24 23 7 36 21 40 44 34 28 9 41 41 42 2 39 26 0 19 19 40 29 12 11 24 30 41 25 42 
39 30 15 18 23 14 22 2 28 29 15 16 25 29 24 38 17 39 28 19 0 4 27 11 22 26 27 20 34 30 31 
36 26 12 14 19 16 18 2 23 25 15 12 24 24 21 34 17 34 24 19 4 0 22 14 21 25 23 15 29 27 26 
15 4 26 17 23 38 4 24 2 4 20 11 40 2 12 21 37 26 25 40 27 22 0 28 34 40 26 10 13 30 4 
37 31 26 27 33 23 25 11 30 29 9 22 36 30 21 45 28 47 38 29 11 14 28 0 34 37 37 25 39 41 33 
50 39 9 17 13 17 31 23 33 39 36 24 6 36 39 31 11 28 14 12 22 21 34 34 0 5 13 24 32 13 35 
56 45 14 22 18 18 36 27 39 44 40 29 1 41 45 36 11 32 19 11 26 25 40 37 5 0 18 30 38 17 41 
41 31 12 11 4 28 24 26 24 31 35 19 19 27 35 18 23 15 1 24 27 23 26 37 13 18 0 17 20 4 26 
25 14 15 7 13 29 7 17 9 14 20 3 30 11 17 19 28 22 17 30 20 15 10 25 24 30 17 0 14 21 12 
24 15 26 17 19 42 15 31 10 16 32 17 39 12 25 8 39 14 19 41 34 29 13 39 32 38 20 14 0 23 9 
45 34 15 15 8 30 28 30 28 35 40 23 19 31 39 19 24 15 4 25 30 27 30 41 13 17 4 21 23 0 29 
16 6 27 18 23 42 8 28 2 7 25 14 41 3 16 17 40 22 25 42 31 26 4 33 35 41 26 12 9 29 0 
0 276
221 221
184 184
74 74
101 101
186 186
125 125
182 182
12 12
257 257
73 73
49 49
103 103
41 41
14 14
142 142
30 30
272 272
133 133
32 32
84 84
65 65
8 8
107 107
250 250
159 159
87 87
185 185
166 166
3 3
15 15
