31
0 44 50 21 46 14 21 12 38 39 21 62 43 40 17 38 25 35 52 62 38 3 34 18 30 13 20 54 20 27 26 
44 0 28 26 12 31 25 36 43 25 36 28 21 26 36 7 20 25 28 27 26 41 18 27 43 38 24 14 24 22 21 
50 28 0 43 40 36 41 38 24 10 31 14 8 10 34 32 30 14 2 15 11 47 43 33 30 37 38 19 39 42 40 
21 26 43 0 25 14 1 20 43 33 27 50 35 34 23 18 12 30 44 50 33 19 13 14 38 23 5 39 4 5 5 
46 12 40 25 0 35 24 41 53 36 43 40 33 37 42 10 25 36 41 39 37 43 12 32 52 43 25 26 25 19 20 
14 31 36 14 35 0 13 6 30 26 12 48 29 27 9 25 11 22 38 48 25 10 25 4 23 9 10 39 11 18 17 
21 25 41 1 24 13 0 19 42 32 26 49 33 33 22 18 11 29 43 49 32 19 13 13 36 22 3 38 3 5 4 
12 36 38 20 41 6 19 0 27 27 9 50 31 27 4 31 16 23 40 50 26 9 32 9 19 2 16 43 17 25 23 
38 43 24 43 53 30 42 27 0 19 17 39 24 18 22 43 32 18 26 40 18 36 50 29 8 25 38 41 39 45 44 
39 25 10 33 36 26 32 27 19 0 20 24 6 1 23 26 20 3 13 24 1 36 35 22 21 27 28 22 29 33 32 
21 36 31 27 43 12 26 9 17 20 0 44 26 21 4 32 18 17 33 45 19 18 36 13 10 7 22 40 23 30 29 
62 28 14 50 40 48 49 50 39 24 44 0 18 23 47 35 39 27 12 1 25 58 46 44 45 50 47 14 47 48 47 
43 21 8 35 33 29 33 31 24 6 26 18 0 6 28 24 22 8 9 19 7 40 34 25 27 32 30 16 31 34 32 
40 26 10 34 37 27 33 27 18 1 21 23 6 0 24 27 22 4 12 24 1 37 37 23 21 27 29 22 30 34 33 
17 36 34 23 42 9 22 4 22 23 4 47 28 24 0 32 17 19 36 47 22 14 34 10 14 3 19 41 20 27 26 
38 7 32 18 10 25 18 31 43 26 32 35 24 27 32 0 14 25 33 34 27 35 11 21 41 33 17 21 17 14 14 
25 20 30 12 25 11 11 16 32 20 18 39 22 22 17 14 0 17 32 38 20 21 17 7 28 18 8 29 8 13 11 
35 25 14 30 36 22 29 23 18 3 17 27 8 4 19 25 17 0 16 28 2 32 33 18 19 23 25 24 26 31 29 
52 28 2 44 41 38 43 40 26 13 33 12 9 12 36 33 32 16 0 13 14 49 44 35 32 40 40 18 40 43 42 
62 27 15 50 39 48 49 50 40 24 45 1 19 24 47 34 38 28 13 0 25 58 45 43 45 51 46 13 46 47 46 
38 26 11 33 37 25 32 26 18 1 19 25 7 1 22 27 20 2 14 25 0 35 36 21 20 26 28 23 29 33 32 
3 41 47 19 43 10 19 9 36 36 18 58 40 37 14 35 21 32 49 58 35 0 32 15 27 10 18 50 18 25 24 
34 18 43 13 12 25 13 32 50 35 36 46 34 37 34 11 17 33 44 45 36 32 0 23 46 34 15 33 14 7 8 
18 27 33 14 32 4 13 9 29 22 13 44 25 23 10 21 7 18 35 43 21 15 23 0 23 11 9 35 10 17 15 
30 43 30 38 52 23 36 19 8 21 10 45 27 21 14 41 28 19 32 45 20 27 46 23 0 17 33 44 34 41 39 
13 38 37 23 43 9 22 2 25 27 7 50 32 27 3 33 18 23 40 51 26 10 34 11 17 0 19 44 20 27 26 
20 24 38 5 25 10 3 16 38 28 22 47 30 29 19 17 8 25 40 46 28 18 15 9 33 19 0 36 0 8 6 
54 14 19 39 26 39 38 43 41 22 40 14 16 22 41 21 29 24 18 13 23 50 33 35 44 44 36 0 36 35 35 
20 24 39 4 25 11 3 17 39 29 23 47 31 30 20 17 8 26 40 46 29 18 14 10 34 20 0 36 0 7 6 
27 22 42 5 19 18 5 25 45 33 30 48 34 34 27 14 13 31 43 47 33 25 7 17 41 27 8 35 7 0 1 
26 21 40 5 20 17 4 23 44 32 29 47 32 33 26 14 11 29 42 46 32 24 8 15 39 26 6 35 6 1 0 
0 255
45 45
106 106
16 16
178 178
243 243
47 47
153 153
189 189
107 107
3 3
200 200
180 180
156 156
136 136
128 128
5 5
124 124
39 39
242 242
13 13
206 206
1 1
60 60
162 162
119 119
113 113
88 88
78 78
82 82
75 75
