31
0 31 3 26 41 46 2 14 8 33 12 32 30 50 17 40 48 45 26 46 46 25 34 16 27 21 12 19 36 31 27 
31 0 33 7 14 34 34 19 37 7 33 11 13 19 25 30 17 13 22 26 17 14 23 16 16 23 35 17 11 27 11 
3 33 0 26 43 49 4 17 10 34 16 34 30 52 16 43 49 46 29 49 48 24 32 19 26 24 15 19 38 34 27 
26 7 26 0 22 39 28 16 32 7 30 16 8 26 17 34 24 21 24 32 24 7 18 14 9 23 31 9 18 29 4 
41 14 43 22 0 23 42 26 44 21 38 9 27 12 38 20 10 9 20 12 5 29 38 24 30 24 40 30 4 22 25 
46 34 49 39 23 0 46 33 44 42 36 23 47 34 52 5 32 32 19 12 27 46 57 32 48 24 38 45 23 14 44 
2 34 4 28 42 46 0 16 6 36 12 33 33 52 20 41 50 47 27 47 47 27 36 18 29 22 11 21 37 32 30 
14 19 17 16 26 33 16 0 18 23 14 17 23 36 19 27 33 31 13 32 31 19 31 2 21 10 15 15 21 19 19 
8 37 10 32 44 44 6 18 0 40 8 35 38 54 25 39 52 49 26 47 49 32 42 20 34 21 6 26 39 30 34 
33 7 34 7 21 42 36 23 40 0 38 19 6 22 22 38 21 17 29 33 22 10 16 21 11 30 39 15 19 35 7 
12 33 16 30 38 36 12 14 8 38 0 29 37 49 28 31 47 44 19 40 43 32 43 16 35 14 1 27 33 22 33 
32 11 34 16 9 23 33 17 35 19 29 0 24 20 31 18 18 16 12 16 14 24 35 15 26 16 30 23 4 16 21 
30 13 30 8 27 47 33 23 38 6 37 24 0 29 17 42 27 24 32 39 29 5 10 21 5 31 38 11 25 38 4 
50 19 52 26 12 34 52 36 54 22 49 20 29 0 44 32 2 5 33 21 7 32 38 34 33 36 51 36 16 35 29 
17 25 16 17 38 52 20 19 25 22 28 31 17 44 0 46 42 38 33 48 42 11 16 19 12 30 28 8 34 39 15 
40 30 43 34 20 5 41 27 39 38 31 18 42 32 46 0 30 30 13 12 25 41 53 27 43 18 33 39 19 9 39 
48 17 49 24 10 32 50 33 52 21 47 18 27 2 42 30 0 3 30 19 5 31 37 31 32 34 48 34 13 32 27 
45 13 46 21 9 32 47 31 49 17 44 16 24 5 38 30 3 0 28 20 6 27 34 28 28 32 46 30 12 31 23 
26 22 29 24 20 19 27 13 26 29 19 12 32 33 33 13 30 28 0 21 26 30 42 13 32 5 21 27 16 6 28 
46 26 49 32 12 12 47 32 47 33 40 16 39 21 48 12 19 20 21 0 14 40 50 30 42 26 42 40 14 19 37 
46 17 48 24 5 27 47 31 49 22 43 14 29 7 42 25 5 6 26 14 0 31 39 29 33 30 45 33 10 28 28 
25 14 24 7 29 46 27 19 32 10 32 24 5 32 11 41 31 27 30 40 31 0 12 17 2 28 33 5 25 36 3 
34 23 32 18 38 57 36 31 42 16 43 35 10 38 16 53 37 34 42 50 39 12 0 29 9 40 43 16 35 47 13 
16 16 19 14 24 32 18 2 20 21 16 15 21 34 19 27 31 28 13 30 29 17 29 0 20 10 18 14 19 19 17 
27 16 26 9 30 48 29 21 34 11 35 26 5 33 12 43 32 28 32 42 33 2 9 20 0 31 35 7 27 38 5 
21 23 24 23 24 24 22 10 21 30 14 16 31 36 30 18 34 32 5 26 30 28 40 10 31 0 15 24 20 10 27 
12 35 15 31 40 38 11 15 6 39 1 30 38 51 28 33 48 46 21 42 45 33 43 18 35 15 0 27 35 24 34 
19 17 19 9 30 45 21 15 26 15 27 23 11 36 8 39 34 30 27 40 33 5 16 14 7 24 27 0 26 33 8 
36 11 38 18 4 23 37 21 39 19 33 4 25 16 34 19 13 12 16 14 10 25 35 19 27 20 35 26 0 19 22 
31 27 34 29 22 14 32 19 30 35 22 16 38 35 39 9 32 31 6 19 28 36 47 19 38 10 24 33 19 0 34 
27 11 27 4 25 44 30 19 34 7 33 21 4 29 15 39 27 23 28 37 28 3 13 17 5 27 34 8 22 34 0 
0 468
330 423
72 165
150 243
177 270
234 327
244 337
26 119
260 353
206 299
18 111
51 144
211 304
24 117
230 323
46 139
290 383
110 203
50 143
220 313
315 408
310 403
285 378
87 180
315 408
220 313
22 115
166 259
208 301
243 336
157 250
