31
0 10 43 14 20 31 42 32 48 18 44 22 30 15 43 25 34 29 27 29 27 22 42 7 28 21 14 37 38 32 30 
10 0 44 18 19 33 37 39 48 15 37 18 22 9 37 19 40 31 20 26 22 14 45 4 34 11 19 28 37 23 37 
43 44 0 29 24 11 26 25 9 29 37 27 37 35 29 31 21 13 33 20 28 38 7 45 21 42 29 43 11 37 25 
14 18 29 0 9 17 32 21 34 11 37 14 26 13 34 19 22 15 21 17 19 21 28 17 16 22 1 34 24 28 19 
20 19 24 9 0 14 23 26 28 5 28 5 19 10 25 11 25 12 14 8 11 16 26 21 20 18 10 26 17 20 24 
31 33 11 17 14 0 25 18 18 19 34 18 30 25 28 23 16 1 25 13 21 29 11 34 13 33 17 37 10 31 18 
42 37 26 32 23 25 0 44 21 24 10 20 18 28 3 18 42 25 18 15 15 24 32 40 38 29 34 20 16 17 43 
32 39 25 21 26 18 44 0 34 30 52 32 45 34 46 37 3 18 40 30 37 42 19 38 6 43 20 53 29 46 2 
48 48 9 34 28 18 21 34 0 32 32 29 35 38 24 31 30 19 33 21 28 39 16 49 30 43 35 40 10 36 34 
18 15 29 11 5 19 24 30 32 0 27 3 15 6 24 8 30 17 10 11 9 11 31 17 24 13 12 23 21 16 28 
44 37 37 37 28 34 10 52 32 27 0 23 14 29 7 19 50 33 17 21 17 22 42 40 46 26 39 12 26 13 51 
22 18 27 14 5 18 20 32 29 3 23 0 13 8 21 5 31 16 8 7 5 11 30 21 26 14 15 20 18 14 30 
30 22 37 26 19 30 18 45 35 15 14 13 0 15 16 7 44 29 5 16 8 8 41 26 39 12 28 7 26 1 43 
15 9 35 13 10 25 28 34 38 6 29 8 15 0 28 10 34 23 11 16 12 8 36 12 28 9 14 22 27 17 32 
43 37 29 34 25 28 3 46 24 24 7 21 16 28 0 18 44 27 17 16 15 24 35 40 40 28 35 18 18 16 45 
25 19 31 19 11 23 18 37 31 8 19 5 7 10 18 0 36 21 2 10 2 7 34 22 31 12 21 15 21 9 36 
34 40 21 22 25 16 42 3 30 30 50 31 44 34 44 36 0 16 39 29 35 41 15 39 6 43 21 52 26 45 4 
29 31 13 15 12 1 25 18 19 17 33 16 29 23 27 21 16 0 24 12 20 28 13 32 13 31 16 36 11 29 18 
27 20 33 21 14 25 18 40 33 10 17 8 5 11 17 2 39 24 0 12 4 6 36 23 34 11 23 12 22 6 38 
29 26 20 17 8 13 15 30 21 11 21 7 16 16 16 10 29 12 12 0 8 18 24 28 24 22 19 23 10 17 29 
27 22 28 19 11 21 15 37 28 9 17 5 8 12 15 2 35 20 4 8 0 10 32 25 30 15 21 16 18 9 35 
22 14 38 21 16 29 24 42 39 11 22 11 8 8 24 7 41 28 6 18 10 0 41 17 36 4 23 14 28 9 40 
42 45 7 28 26 11 32 19 16 31 42 30 41 36 35 34 15 13 36 24 32 41 0 45 17 44 28 47 16 42 19 
7 4 45 17 21 34 40 38 49 17 40 21 26 12 40 22 39 32 23 28 25 17 45 0 33 15 18 32 38 27 35 
28 34 21 16 20 13 38 6 30 24 46 26 39 28 40 31 6 13 34 24 30 36 17 33 0 38 15 46 24 40 4 
21 11 42 22 18 33 29 43 43 13 26 14 12 9 28 12 43 31 11 22 15 4 44 15 38 0 24 16 32 13 41 
14 19 29 1 10 17 34 20 35 12 39 15 28 14 35 21 21 16 23 19 21 23 28 18 15 24 0 36 25 29 18 
37 28 43 34 26 37 20 53 40 23 12 20 7 22 18 15 52 36 12 23 16 14 47 32 46 16 36 0 31 6 51 
38 37 11 24 17 10 16 29 10 21 26 18 26 27 18 21 26 11 22 10 18 28 16 38 24 32 25 31 0 26 29 
32 23 37 28 20 31 17 46 36 16 13 14 1 17 16 9 45 29 6 17 9 9 42 27 40 13 29 6 26 0 45 
30 37 25 19 24 18 43 2 34 28 51 30 43 32 45 36 4 18 38 29 35 40 19 35 4 41 18 51 29 45 0 
0 425
289 331
380 422
359 401
129 171
186 228
102 144
215 257
213 255
113 155
73 115
59 101
58 100
102 144
120 162
95 137
202 244
252 294
166 208
71 113
371 413
220 262
168 210
129 171
213 255
214 256
172 214
371 413
157 199
136 178
205 247
