31
0 19 9 18 30 4 8 14 29 21 19 11 15 5 16 16 28 22 4 16 9 20 13 25 26 10 28 28 6 31 11 
19 0 18 4 45 17 23 7 43 3 9 24 20 23 7 33 12 20 22 23 23 8 29 18 19 25 42 9 17 47 26 
9 18 0 20 26 13 18 17 24 21 22 21 5 15 12 24 30 12 8 6 5 23 23 16 18 7 23 27 15 29 8 
18 4 20 0 46 16 21 4 44 2 4 21 22 22 10 32 10 24 22 25 24 4 27 22 23 26 43 9 15 49 27 
30 45 26 46 0 34 35 43 3 48 48 38 26 31 38 32 57 30 25 23 22 49 36 37 38 20 4 54 36 4 19 
4 17 13 16 34 0 6 11 33 18 15 8 18 6 16 16 25 24 9 19 14 17 12 26 28 15 33 25 1 36 15 
8 23 18 21 35 6 0 16 34 24 20 3 24 4 23 10 29 30 11 24 17 21 6 33 34 18 34 31 6 35 18 
14 7 17 4 43 11 16 0 41 7 5 17 20 17 10 27 14 23 18 23 21 6 22 23 24 23 40 14 10 45 23 
29 43 24 44 3 33 34 41 0 46 47 37 23 30 36 33 55 27 24 20 20 48 36 34 35 18 1 52 35 7 18 
21 3 21 2 48 18 24 7 46 0 6 24 23 25 11 34 9 24 24 26 26 5 29 22 23 28 45 7 18 50 28 
19 9 22 4 48 15 20 5 47 6 0 19 26 21 15 30 9 28 23 28 26 1 25 27 28 28 46 12 14 50 29 
11 24 21 21 38 8 3 17 37 24 19 0 26 7 24 11 28 33 14 27 20 21 5 35 37 21 37 31 7 38 21 
15 20 5 22 26 18 24 20 23 23 26 26 0 21 12 30 32 7 13 3 9 27 29 12 14 10 22 28 20 29 10 
5 23 15 22 31 6 4 17 30 25 21 7 21 0 22 10 31 27 7 21 13 23 7 31 32 14 30 32 7 32 14 
16 7 12 10 38 16 23 10 36 11 15 24 12 22 0 32 20 13 18 16 17 15 29 12 13 19 35 15 17 41 20 
16 33 24 32 32 16 10 27 33 34 30 11 30 10 32 0 39 37 16 29 21 32 5 41 42 20 32 41 16 31 21 
28 12 30 10 57 25 29 14 55 9 9 28 32 31 20 39 0 33 32 35 35 7 34 30 31 37 54 7 24 59 37 
22 20 12 24 30 24 30 23 27 24 28 33 7 27 13 37 33 0 21 9 16 28 35 6 7 17 26 27 26 34 17 
4 22 8 22 25 9 11 18 24 24 23 14 13 7 18 16 32 21 0 13 5 24 15 25 26 6 23 31 10 27 7 
16 23 6 25 23 19 24 23 20 26 28 27 3 21 16 29 35 9 13 0 8 29 29 15 16 9 19 31 21 26 8 
9 23 5 24 22 14 17 21 20 26 26 20 9 13 17 21 35 16 5 8 0 27 21 21 23 2 19 32 15 24 2 
20 8 23 4 49 17 21 6 48 5 1 21 27 23 15 32 7 28 24 29 27 0 27 27 28 29 47 10 16 52 30 
13 29 23 27 36 12 6 22 36 29 25 5 29 7 29 5 34 35 15 29 21 27 0 38 40 21 35 36 12 35 21 
25 18 16 22 37 26 33 23 34 22 27 35 12 31 12 41 30 6 25 15 21 27 38 0 1 23 33 24 28 40 23 
26 19 18 23 38 28 34 24 35 23 28 37 14 32 13 42 31 7 26 16 23 28 40 1 0 24 34 24 29 41 24 
10 25 7 26 20 15 18 23 18 28 28 21 10 14 19 20 37 17 6 9 2 29 21 23 24 0 17 34 17 22 0 
28 42 23 43 4 33 34 40 1 45 46 37 22 30 35 32 54 26 23 19 19 47 35 33 34 17 0 51 34 8 17 
28 9 27 9 54 25 31 14 52 7 12 31 28 32 15 41 7 27 31 31 32 10 36 24 24 34 51 0 25 57 35 
6 17 15 15 36 1 6 10 35 18 14 7 20 7 17 16 24 26 10 21 15 16 12 28 29 17 34 25 0 37 17 
31 47 29 49 4 36 35 45 7 50 50 38 29 32 41 31 59 34 27 26 24 52 35 40 41 22 8 57 37 0 21 
11 26 8 27 19 15 18 23 18 28 29 21 10 14 20 21 37 17 7 8 2 30 21 23 24 0 17 35 17 21 0 
0 319
227 290
130 193
56 119
122 185
176 239
33 96
59 122
105 168
94 157
45 108
98 161
128 191
249 312
88 151
238 301
78 141
64 127
35 98
134 197
132 195
111 174
217 280
10 73
209 272
38 101
15 78
208 271
36 99
178 241
45 108
