31
0 17 30 30 14 28 11 28 12 25 30 8 36 20 25 16 21 29 26 35 18 9 23 21 22 8 13 24 21 27 26 
17 0 19 16 31 12 17 12 16 37 15 25 24 11 37 25 5 19 26 22 31 26 21 25 20 25 21 20 8 20 11 
30 19 0 32 44 26 21 12 19 54 30 38 6 9 54 43 22 37 46 5 48 36 12 19 40 35 24 10 27 5 26 
30 16 32 0 42 5 33 20 32 41 2 37 34 26 40 29 11 6 21 32 36 39 37 41 18 38 38 36 9 34 5 
14 31 44 42 0 41 23 43 25 17 43 6 50 35 19 16 35 40 31 49 12 7 35 31 29 9 22 36 34 40 39 
28 12 26 5 41 0 29 15 28 42 4 35 28 21 41 30 7 11 24 27 37 37 32 36 20 36 34 31 7 28 1 
11 17 21 33 23 29 0 23 1 36 33 17 27 13 37 27 22 35 36 26 30 15 12 10 31 14 4 12 25 17 28 
28 12 12 20 43 15 23 0 22 50 18 37 13 11 49 38 12 26 37 12 43 37 21 27 32 36 28 19 17 15 15 
12 16 19 32 25 28 1 22 0 37 32 18 25 11 38 28 21 34 36 24 30 17 11 10 31 16 5 11 24 15 27 
25 37 54 41 17 42 36 50 37 0 43 20 60 44 2 12 39 36 23 58 6 23 49 46 23 24 37 49 35 52 41 
30 15 30 2 43 4 33 18 32 43 0 37 32 25 41 31 10 8 23 30 38 39 36 40 19 39 37 35 9 32 4 
8 25 38 37 6 35 17 37 18 20 37 0 44 28 21 15 29 35 29 42 13 3 30 26 25 4 17 30 28 34 34 
36 24 6 34 50 28 27 13 25 60 32 44 0 15 60 48 25 39 50 1 53 42 18 25 44 41 30 16 31 10 28 
20 11 9 26 35 21 13 11 11 44 25 28 15 0 44 33 15 30 37 14 38 27 11 16 31 26 17 9 19 8 20 
25 37 54 40 19 41 37 49 38 2 41 21 60 44 0 11 38 35 21 58 7 25 49 47 22 26 38 49 34 52 40 
16 25 43 29 16 30 27 38 28 12 31 15 48 33 11 0 26 25 14 47 7 19 39 38 13 19 29 39 23 41 29 
21 5 22 11 35 7 22 12 21 39 10 29 25 15 38 26 0 15 24 24 33 30 26 30 19 30 27 24 5 23 6 
29 19 37 6 40 11 35 26 34 36 8 35 39 30 35 25 15 0 15 38 33 38 41 44 13 38 39 39 10 38 10 
26 26 46 21 31 24 36 37 36 23 23 29 50 37 21 14 24 15 0 48 21 32 46 46 5 33 39 45 19 46 23 
35 22 5 32 49 27 26 12 24 58 30 42 1 14 58 47 24 38 48 0 52 41 17 24 43 40 29 15 29 10 27 
18 31 48 36 12 37 30 43 30 6 38 13 53 38 7 7 33 33 21 52 0 17 42 39 20 18 30 42 29 45 35 
9 26 36 39 7 37 15 37 17 23 39 3 42 27 25 19 30 38 32 41 17 0 27 23 28 1 15 28 30 33 35 
23 21 12 37 35 32 12 21 11 49 36 30 18 11 49 39 26 41 46 17 42 27 0 7 40 26 13 1 30 7 31 
21 25 19 41 31 36 10 27 10 46 40 26 25 16 47 38 30 44 46 24 39 23 7 0 41 22 8 8 33 14 35 
22 20 40 18 29 20 31 32 31 23 19 25 44 31 22 13 19 13 5 43 20 28 40 41 0 29 34 39 14 40 19 
8 25 35 38 9 36 14 36 16 24 39 4 41 26 26 19 30 38 33 40 18 1 26 22 29 0 13 27 30 32 35 
13 21 24 38 22 34 4 28 5 37 37 17 30 17 38 29 27 39 39 29 30 15 13 8 34 13 0 14 29 19 33 
24 20 10 36 36 31 12 19 11 49 35 30 16 9 49 39 24 39 45 15 42 28 1 8 39 27 14 0 29 5 30 
21 8 27 9 34 7 25 17 24 35 9 28 31 19 34 23 5 10 19 29 29 30 30 33 14 30 29 29 0 28 6 
27 20 5 34 40 28 17 15 15 52 32 34 10 8 52 41 23 38 46 10 45 33 7 14 40 32 19 5 28 0 28 
26 11 26 5 39 1 28 15 27 41 4 34 28 20 40 29 6 10 23 27 35 35 31 35 19 35 33 30 6 28 0 
0 234
123 193
37 107
64 134
142 212
34 104
52 122
126 196
138 208
92 162
143 213
115 185
125 195
3 73
99 169
73 143
96 166
123 193
133 203
21 91
61 131
46 116
14 84
123 193
83 153
119 189
106 176
160 230
117 187
0 70
40 110
