31
0 6 6 37 14 12 18 20 27 39 18 19 30 41 12 27 29 30 43 34 41 14 10 9 36 19 41 28 19 19 16 
6 0 3 39 8 19 23 18 28 39 24 21 34 41 18 28 31 33 45 36 42 11 10 12 41 12 40 29 16 22 22 
6 3 0 43 10 19 25 22 32 43 25 24 37 45 18 31 34 36 48 39 46 15 13 9 43 14 44 32 20 25 21 
37 39 43 0 42 31 23 26 13 12 28 18 11 14 36 16 9 7 7 7 8 32 29 45 13 43 21 14 28 18 39 
14 8 10 42 0 26 29 17 29 39 31 24 39 41 26 28 33 36 46 37 43 10 13 19 45 4 38 29 15 27 30 
12 19 19 31 26 0 8 25 26 37 5 17 21 39 4 27 25 24 38 31 37 22 16 16 26 30 41 27 24 13 8 
18 23 25 23 29 8 0 23 20 30 5 12 13 32 12 22 18 16 30 24 30 23 17 24 18 32 36 21 23 6 15 
20 18 22 26 17 25 23 0 13 22 28 11 27 23 28 11 17 22 29 20 26 7 10 29 33 17 21 13 2 17 33 
27 28 32 13 29 26 20 13 0 11 26 8 17 13 30 2 5 10 16 7 14 19 18 36 23 30 15 1 14 13 35 
39 39 43 12 39 37 30 22 11 0 36 20 22 1 42 11 12 15 9 7 6 29 29 48 26 39 8 10 24 24 46 
18 24 25 28 31 5 5 28 26 36 0 18 17 38 9 27 23 21 35 29 35 26 20 22 21 35 41 27 27 12 11 
19 21 24 18 24 17 12 11 8 20 18 0 15 22 22 9 9 12 23 15 21 14 11 28 22 26 24 10 12 6 26 
30 34 37 11 39 21 13 27 17 22 17 15 0 24 26 19 12 7 19 15 19 30 25 37 6 41 30 18 28 11 28 
41 41 45 14 41 39 32 23 13 1 38 22 24 0 43 13 14 17 10 8 6 30 31 50 27 40 7 12 25 26 47 
12 18 18 36 26 4 12 28 30 42 9 22 26 43 0 32 30 29 43 36 42 25 19 13 30 31 46 32 27 18 4 
27 28 31 16 28 27 22 11 2 11 27 9 19 13 32 0 8 13 18 9 15 17 18 37 25 28 14 1 13 15 36 
29 31 34 9 33 25 18 17 5 12 23 9 12 14 30 8 0 5 13 5 12 23 21 38 17 34 18 6 19 12 34 
30 33 36 7 36 24 16 22 10 15 21 12 7 17 29 13 5 0 13 8 13 26 23 38 12 38 23 11 23 11 32 
43 45 48 7 46 38 30 29 16 9 35 23 19 10 43 18 13 13 0 9 3 36 34 51 20 47 18 16 31 25 46 
34 36 39 7 37 31 24 20 7 7 29 15 15 8 36 9 5 8 9 0 6 27 25 43 19 38 14 7 22 17 39 
41 42 46 8 43 37 30 26 14 6 35 21 19 6 42 15 12 13 3 6 0 33 32 50 22 44 14 13 28 24 45 
14 11 15 32 10 22 23 7 19 29 26 14 30 30 25 17 23 26 36 27 33 0 6 23 36 11 29 19 5 19 29 
10 10 13 29 13 16 17 10 18 29 20 11 25 31 19 18 21 23 34 25 32 6 0 19 32 16 31 19 9 14 23 
9 12 9 45 19 16 24 29 36 48 22 28 37 50 13 37 38 38 51 43 50 23 19 0 42 24 50 37 28 26 14 
36 41 43 13 45 26 18 33 23 26 21 22 6 27 30 25 17 12 20 19 22 36 32 42 0 48 34 24 34 18 32 
19 12 14 43 4 30 32 17 30 39 35 26 41 40 31 28 34 38 47 38 44 11 16 24 48 0 37 30 15 30 35 
41 40 44 21 38 41 36 21 15 8 41 24 30 7 46 14 18 23 18 14 14 29 31 50 34 37 0 14 23 29 50 
28 29 32 14 29 27 21 13 1 10 27 10 18 12 32 1 6 11 16 7 13 19 19 37 24 30 14 0 15 15 36 
19 16 20 28 15 24 23 2 14 24 27 12 28 25 27 13 19 23 31 22 28 5 9 28 34 15 23 15 0 18 32 
19 22 25 18 27 13 6 17 13 24 12 6 11 26 18 15 12 11 25 17 24 19 14 26 18 30 29 15 18 0 21 
16 22 21 39 30 8 15 33 35 46 11 26 28 47 4 36 34 32 46 39 45 29 23 14 32 35 50 36 32 21 0 
0 489
73 170
42 139
181 278
78 175
135 232
41 138
290 387
339 436
117 214
312 409
272 369
144 241
275 372
277 374
212 309
273 370
214 311
304 401
99 196
173 270
330 427
183 280
176 273
321 418
73 170
225 322
11 108
74 171
4 101
50 147
