31
0 39 19 23 3 45 25 17 25 41 3 20 40 32 6 29 30 28 42 32 29 46 25 1 5 39 45 45 9 12 35 
39 0 20 24 42 22 13 28 16 15 40 20 3 9 32 13 23 11 5 28 15 24 48 38 40 19 13 15 39 41 17 
19 20 0 11 22 28 7 11 10 25 21 7 21 14 12 11 20 10 23 21 14 33 32 18 21 22 27 29 19 22 21 
23 24 11 0 25 22 17 6 20 34 26 18 26 23 17 11 31 19 24 10 24 42 24 21 27 16 35 37 18 19 31 
3 42 22 25 0 48 28 19 28 44 3 22 43 35 9 32 32 31 45 35 32 48 26 3 5 41 47 48 10 13 38 
45 22 28 22 48 0 28 28 33 37 48 34 25 29 38 18 43 28 18 16 34 46 41 44 49 6 35 37 40 40 39 
25 13 7 17 28 28 0 18 4 18 27 6 14 7 19 10 15 3 17 25 7 25 39 25 27 22 20 21 27 30 14 
17 28 11 6 19 28 18 0 21 36 20 17 30 25 11 16 31 21 29 15 26 44 20 16 21 22 38 40 12 13 33 
25 16 10 20 28 33 4 21 0 16 26 5 16 7 19 15 10 4 20 30 4 22 42 25 25 27 19 20 28 31 11 
41 15 25 34 44 37 18 36 16 0 42 21 12 11 36 25 14 15 19 41 11 8 57 41 41 34 5 4 44 48 7 
3 40 21 26 3 48 27 20 26 42 0 21 42 33 9 32 30 30 44 36 30 46 28 5 1 41 45 46 12 16 35 
20 20 7 18 22 34 6 17 5 21 21 0 21 12 14 16 13 9 24 28 9 27 37 20 20 28 24 25 23 26 16 
40 3 21 26 43 25 14 30 16 12 42 21 0 9 34 15 22 12 7 31 14 21 51 40 41 22 10 12 41 43 16 
32 9 14 23 35 29 7 25 7 11 33 12 9 0 26 14 13 3 14 30 5 19 46 32 32 25 13 14 34 37 10 
6 32 12 17 9 38 19 11 19 36 9 14 34 26 0 23 26 22 35 27 24 41 25 6 10 32 39 40 9 13 30 
29 13 11 11 32 18 10 16 15 25 32 16 15 14 23 0 26 12 13 16 18 33 35 29 32 12 25 27 27 29 24 
30 23 20 31 32 43 15 31 10 14 30 13 22 13 26 26 0 14 28 41 8 16 51 31 28 37 19 19 35 39 7 
28 11 10 19 31 28 3 21 4 15 30 9 12 3 22 12 14 0 16 27 6 22 42 28 29 23 17 18 30 33 12 
42 5 23 24 45 18 17 29 20 19 44 24 7 14 35 13 28 16 0 27 20 28 49 42 44 16 16 18 41 43 23 
32 28 21 10 35 16 25 15 30 41 36 28 31 30 27 16 41 27 27 0 33 50 25 31 37 12 41 43 26 25 40 
29 15 14 24 32 34 7 26 4 11 30 9 14 5 24 18 8 6 20 33 0 18 46 30 29 29 15 16 33 36 7 
46 24 33 42 48 46 25 44 22 8 46 27 21 19 41 33 16 22 28 50 18 0 65 47 45 43 12 10 50 54 11 
25 48 32 24 26 41 39 20 42 57 28 37 51 46 25 35 51 42 49 25 46 65 0 24 30 36 59 61 17 13 53 
1 38 18 21 3 44 25 16 25 41 5 20 40 32 6 29 31 28 42 31 30 47 24 0 7 37 45 46 7 11 36 
5 40 21 27 5 49 27 21 25 41 1 20 41 32 10 32 28 29 44 37 29 45 30 7 0 42 45 45 14 17 34 
39 19 22 16 41 6 22 22 27 34 41 28 22 25 32 12 37 23 16 12 29 43 36 37 42 0 32 34 34 35 35 
45 13 27 35 47 35 20 38 19 5 45 24 10 13 39 25 19 17 16 41 15 12 59 45 45 32 0 2 47 50 12 
45 15 29 37 48 37 21 40 20 4 46 25 12 14 40 27 19 18 18 43 16 10 61 46 45 34 2 0 48 51 12 
9 39 19 18 10 40 27 12 28 44 12 23 41 34 9 27 35 30 41 26 33 50 17 7 14 34 47 48 0 4 39 
12 41 22 19 13 40 30 13 31 48 16 26 43 37 13 29 39 33 43 25 36 54 13 11 17 35 50 51 4 0 43 
35 17 21 31 38 39 14 33 11 7 35 16 16 10 30 24 7 12 23 40 7 11 53 36 34 35 12 12 39 43 0 
0 617
209 394
93 278
136 321
36 221
241 426
9 194
300 485
22 207
54 239
132 317
5 190
168 353
283 468
69 254
428 613
186 371
313 498
117 302
325 510
189 374
193 378
327 512
330 515
326 511
403 588
254 439
262 447
371 556
373 558
417 602
