31
0 20 17 38 14 11 41 12 33 31 41 27 9 13 37 20 36 14 32 21 25 34 33 1 10 37 26 24 17 4 20 
20 0 11 44 32 27 36 32 13 37 34 10 24 9 39 9 21 5 43 37 29 43 20 19 15 49 7 37 3 24 24 
17 11 0 51 25 20 47 30 19 44 45 11 25 5 47 4 32 11 47 38 36 48 32 17 7 53 12 40 8 20 31 
38 44 51 0 48 48 21 34 54 7 26 54 28 46 8 51 38 40 12 25 14 7 34 37 46 13 51 18 45 40 19 
14 32 25 48 0 4 55 14 44 42 55 36 21 23 49 28 50 27 39 26 37 42 47 15 17 44 36 31 28 10 32 
11 27 20 48 4 0 53 16 39 41 53 31 20 18 48 24 46 23 40 27 36 43 44 13 12 46 31 32 24 8 31 
41 36 47 21 55 53 0 44 42 20 5 46 34 43 12 45 22 36 31 39 19 27 18 40 46 34 42 32 39 45 22 
12 32 30 34 14 16 44 0 45 28 45 40 10 26 36 33 44 26 25 11 25 28 41 12 22 29 38 17 29 9 21 
33 13 19 54 44 39 42 45 0 47 37 9 37 20 47 15 21 18 55 50 40 54 23 32 26 61 7 49 15 37 36 
31 37 44 7 42 41 20 28 47 0 24 47 21 39 9 44 34 33 10 20 7 7 29 30 39 14 44 13 38 33 12 
41 34 45 26 55 53 5 45 37 24 0 42 35 41 17 43 17 34 35 42 21 32 14 40 45 39 39 36 37 45 24 
27 10 11 54 36 31 46 40 9 47 42 0 33 13 49 7 27 14 53 47 40 53 28 27 19 59 3 47 10 31 35 
9 24 25 28 21 20 34 10 37 21 35 33 0 21 28 27 34 18 22 13 16 24 30 9 19 28 31 14 23 11 11 
13 9 5 46 23 18 43 26 20 39 41 13 21 0 42 6 30 6 42 34 31 43 28 13 5 48 13 35 5 17 26 
37 39 47 8 49 48 12 36 47 9 17 49 28 42 0 47 31 37 19 29 12 15 26 36 44 21 46 22 41 40 17 
20 9 4 51 28 24 45 33 15 44 43 7 27 6 47 0 29 10 49 41 37 49 29 20 11 55 8 42 6 23 31 
36 21 32 38 50 46 22 44 21 34 17 27 34 30 31 29 0 24 44 45 28 41 4 35 35 49 23 41 25 40 26 
14 5 11 40 27 23 36 26 18 33 34 14 18 6 37 10 24 0 38 32 26 39 22 13 11 45 12 32 4 19 21 
32 43 47 12 39 40 31 25 55 10 35 53 22 42 19 49 44 38 0 14 16 4 39 31 41 6 51 8 43 32 19 
21 37 38 25 26 27 39 11 50 20 42 47 13 34 29 41 45 32 14 0 20 18 41 21 31 18 45 7 36 20 19 
25 29 36 14 37 36 19 25 40 7 21 40 16 31 12 37 28 26 16 20 0 14 23 24 33 21 37 14 31 28 5 
34 43 48 7 42 43 27 28 54 7 32 53 24 43 15 49 41 39 4 18 14 0 37 33 43 7 50 11 43 34 18 
33 20 32 34 47 44 18 41 23 29 14 28 30 28 26 29 4 22 39 41 23 37 0 32 33 44 24 37 24 37 22 
1 19 17 37 15 13 40 12 32 30 40 27 9 13 36 20 35 13 31 21 24 33 32 0 10 37 25 23 17 5 18 
10 15 7 46 17 12 46 22 26 39 45 19 19 5 44 11 35 11 41 31 33 43 33 10 0 47 19 34 11 12 27 
37 49 53 13 44 46 34 29 61 14 39 59 28 48 21 55 49 45 6 18 21 7 44 37 47 0 57 13 49 38 24 
26 7 12 51 36 31 42 38 7 44 39 3 31 13 46 8 23 12 51 45 37 50 24 25 19 57 0 45 8 30 32 
24 37 40 18 31 32 32 17 49 13 36 47 14 35 22 42 41 32 8 7 14 11 37 23 34 13 45 0 37 24 14 
17 3 8 45 28 24 39 29 15 38 37 10 23 5 41 6 25 4 43 36 31 43 24 17 11 49 8 37 0 21 25 
4 24 20 40 10 8 45 9 37 33 45 31 11 17 40 23 40 19 32 20 28 34 37 5 12 38 30 24 21 0 23 
20 24 31 19 32 31 22 21 36 12 24 35 11 26 17 31 26 21 19 19 5 18 22 18 27 24 32 14 25 23 0 
0 362
10 46
148 184
137 173
134 170
279 315
287 323
323 359
253 289
62 98
91 127
156 192
22 58
22 58
172 208
180 216
61 97
238 274
298 334
315 351
2 38
285 321
171 207
165 201
50 86
88 124
65 101
254 290
212 248
119 155
181 217
