31
0 20 52 28 25 6 22 22 25 33 37 21 29 59 30 42 5 55 45 43 51 25 26 33 56 28 53 42 45 43 49 
20 0 34 23 10 15 12 7 13 20 22 5 9 41 23 38 22 35 28 28 30 6 6 18 37 10 33 27 28 26 29 
52 34 0 31 39 49 44 39 43 20 15 38 30 9 28 33 55 12 7 48 21 35 27 42 8 34 11 45 43 41 13 
28 23 31 0 33 29 36 31 37 11 17 29 28 40 3 15 33 39 25 52 41 29 21 41 38 32 37 50 50 48 35 
25 10 39 33 0 19 5 3 4 29 29 5 9 44 33 48 25 36 33 19 29 4 13 8 39 5 35 18 19 17 30 
6 15 49 29 19 0 15 16 18 32 35 14 24 56 31 44 6 50 42 36 45 19 22 26 52 22 49 35 38 36 44 
22 12 44 36 5 15 0 5 2 33 34 7 14 49 36 51 21 42 38 20 34 9 18 10 45 10 41 20 22 20 36 
22 7 39 31 3 16 5 0 5 28 28 2 10 45 31 46 22 38 33 22 31 4 13 11 40 7 36 21 22 20 32 
25 13 43 37 4 18 2 5 0 33 33 7 13 48 37 51 23 40 37 18 32 8 17 8 43 9 39 17 19 18 34 
33 20 20 11 29 32 33 28 33 0 5 26 21 29 9 20 37 27 13 45 30 24 15 35 26 26 26 43 42 40 23 
37 22 15 17 29 35 34 28 33 5 0 27 20 23 14 24 41 22 8 43 25 24 15 34 21 25 20 41 39 38 18 
21 5 38 29 5 14 7 2 7 26 27 0 9 44 29 44 21 37 32 24 31 4 11 13 40 7 36 23 24 22 31 
29 9 30 28 9 24 14 10 13 21 20 9 0 34 27 41 30 27 23 23 21 5 7 14 30 4 26 21 21 19 21 
59 41 9 40 44 56 49 45 48 29 23 44 34 0 37 42 62 9 15 49 20 40 34 45 4 38 9 47 43 42 13 
30 23 28 3 33 31 36 31 37 9 14 29 27 37 0 14 35 36 22 51 39 29 20 41 35 31 35 49 49 47 33 
42 38 33 15 48 44 51 46 51 20 24 44 41 42 14 0 47 44 30 65 49 43 35 55 42 46 43 63 63 61 42 
5 22 55 33 25 6 21 22 23 37 41 21 30 62 35 47 0 57 48 41 52 25 28 32 58 29 55 41 43 42 51 
55 35 12 39 36 50 42 38 40 27 22 37 27 9 36 44 57 0 14 40 11 33 28 36 4 31 1 38 34 33 6 
45 28 7 25 33 42 38 33 37 13 8 32 23 15 22 30 48 14 0 44 20 28 21 36 13 28 13 41 39 37 12 
43 28 48 52 19 36 20 22 18 45 43 24 23 49 51 65 41 40 44 0 29 22 30 10 44 19 40 2 6 6 35 
51 30 21 41 29 45 34 31 32 30 25 31 21 20 39 49 52 11 20 29 0 26 25 27 15 23 11 27 23 23 8 
25 6 35 29 4 19 9 4 8 24 24 4 5 40 29 43 25 33 28 22 26 0 9 11 35 3 32 20 21 19 27 
26 6 27 21 13 22 18 13 17 15 15 11 7 34 20 35 28 28 21 30 25 9 0 20 30 11 27 28 28 26 23 
33 18 42 41 8 26 10 11 8 35 34 13 14 45 41 55 32 36 36 10 27 11 20 0 40 9 36 9 11 10 31 
56 37 8 38 39 52 45 40 43 26 21 40 30 4 35 42 58 4 13 44 15 35 30 40 0 34 4 42 39 38 9 
28 10 34 32 5 22 10 7 9 26 25 7 4 38 31 46 29 31 28 19 23 3 11 9 34 0 30 17 18 16 25 
53 33 11 37 35 49 41 36 39 26 20 36 26 9 35 43 55 1 13 40 11 32 27 36 4 30 0 37 34 33 4 
42 27 45 50 18 35 20 21 17 43 41 23 21 47 49 63 41 38 41 2 27 20 28 9 42 17 37 0 4 4 33 
45 28 43 50 19 38 22 22 19 42 39 24 21 43 49 63 43 34 39 6 23 21 28 11 39 18 34 4 0 2 30 
43 26 41 48 17 36 20 20 18 40 38 22 19 42 47 61 42 33 37 6 23 19 26 10 38 16 33 4 2 0 29 
49 29 13 35 30 44 36 32 34 23 18 31 21 13 33 42 51 6 12 35 8 27 23 31 9 25 4 33 30 29 0 
0 362
165 273
120 228
105 213
203 311
178 286
211 319
8 116
91 199
8 116
52 160
142 250
170 278
240 348
20 128
104 212
248 356
87 195
111 219
244 352
172 280
147 255
83 191
11 119
95 203
70 178
114 222
173 281
93 201
150 258
117 225
