31
0 17 33 10 7 30 18 15 27 13 3 30 29 38 24 31 36 29 31 16 15 37 29 43 32 33 11 37 8 31 11 
17 0 22 27 19 30 3 33 14 25 15 44 40 22 15 45 51 31 25 31 6 29 39 42 41 48 6 27 9 16 28 
33 22 0 41 39 19 24 47 7 33 34 48 41 12 9 49 55 24 10 40 19 8 40 27 39 54 24 5 30 8 45 
10 27 41 0 11 34 28 5 36 12 12 23 24 47 31 24 28 30 37 10 25 44 25 46 29 25 21 44 18 40 5 
7 19 39 11 0 37 19 16 32 19 5 35 35 41 30 36 39 36 38 21 20 44 35 50 38 37 15 43 10 35 10 
30 30 19 34 37 0 33 38 21 22 32 31 23 31 15 32 38 5 9 28 24 15 22 13 20 38 27 18 32 26 39 
18 3 24 28 19 33 0 34 17 27 16 46 42 23 18 47 53 34 28 33 9 32 42 45 44 50 8 29 9 18 29 
15 33 47 5 16 38 34 0 41 15 17 22 25 53 37 23 25 34 42 11 30 49 25 49 30 22 27 49 24 46 6 
27 14 7 36 32 21 17 41 0 29 27 46 39 12 6 46 53 25 13 36 12 15 38 31 39 51 16 12 22 5 39 
13 25 33 12 19 22 27 15 29 0 16 18 15 41 23 20 25 18 26 7 20 34 15 34 19 23 19 35 20 34 17 
3 15 34 12 5 32 16 17 27 16 0 33 32 37 25 35 39 31 32 19 15 38 32 46 35 36 10 38 6 30 12 
30 44 48 23 35 31 46 22 46 18 33 0 8 58 40 1 7 26 39 13 39 46 9 38 13 6 38 48 38 51 27 
29 40 41 24 35 23 42 25 39 15 32 8 0 52 33 8 15 17 31 14 34 38 1 30 5 15 34 41 36 44 30 
38 22 12 47 41 31 23 53 12 41 37 58 52 0 18 59 65 36 23 48 22 20 51 39 51 64 26 16 31 7 50 
24 15 9 31 30 15 18 37 6 23 25 40 33 18 0 41 47 19 9 30 10 14 32 27 33 46 15 13 21 11 35 
31 45 49 24 36 32 47 23 46 20 35 1 8 59 41 0 6 26 40 15 40 46 9 38 13 6 39 49 39 52 29 
36 51 55 28 39 38 53 25 53 25 39 7 15 65 47 6 0 32 46 19 46 53 16 44 19 3 45 55 44 58 31 
29 31 24 30 36 5 34 34 25 18 31 26 17 36 19 26 32 0 14 23 25 20 16 15 15 32 28 23 32 30 36 
31 25 10 37 38 9 28 42 13 26 32 39 31 23 9 40 46 14 0 33 20 7 30 17 29 46 24 9 30 17 41 
16 31 40 10 21 28 33 11 36 7 19 13 14 48 30 15 19 23 33 0 27 40 14 38 19 17 25 41 24 41 15 
15 6 19 25 20 24 9 30 12 20 15 39 34 22 10 40 46 25 20 27 0 25 34 36 35 44 4 23 10 15 27 
37 29 8 44 44 15 32 49 15 34 38 46 38 20 14 46 53 20 7 40 25 0 37 19 35 53 29 4 35 17 48 
29 39 40 25 35 22 42 25 38 15 32 9 1 51 32 9 16 16 30 14 34 37 0 29 4 16 34 40 35 44 30 
43 42 27 46 50 13 45 49 31 34 46 38 30 39 27 38 44 15 17 38 36 19 29 0 25 45 40 23 45 35 51 
32 41 39 29 38 20 44 30 39 19 35 13 5 51 33 13 19 15 29 19 35 35 4 25 0 19 36 38 38 44 34 
33 48 54 25 37 38 50 22 51 23 36 6 15 64 46 6 3 32 46 17 44 53 16 45 19 0 42 55 42 56 28 
11 6 24 21 15 27 8 27 16 19 10 38 34 26 15 39 45 28 24 25 4 29 34 40 36 42 0 28 5 19 23 
37 27 5 44 43 18 29 49 12 35 38 48 41 16 13 49 55 23 9 41 23 4 40 23 38 55 28 0 34 13 48 
8 9 30 18 10 32 9 24 22 20 6 38 36 31 21 39 44 32 30 24 10 35 35 45 38 42 5 34 0 25 19 
31 16 8 40 35 26 18 46 5 34 30 51 44 7 11 52 58 30 17 41 15 17 44 35 44 56 19 13 25 0 43 
11 28 45 5 10 39 29 6 39 17 12 27 30 50 35 29 31 36 41 15 27 48 30 51 34 28 23 48 19 43 0 
0 511
247 451
183 387
65 269
12 216
23 227
4 208
250 454
23 227
90 294
144 348
87 291
24 228
299 503
219 423
157 361
217 421
57 261
170 374
120 324
87 291
68 272
210 414
76 280
57 261
20 224
223 427
232 436
259 463
174 378
63 267
