31
0 11 17 37 13 16 25 24 29 28 13 22 26 36 20 27 22 31 23 30 15 24 31 11 15 16 34 26 28 38 15 
11 0 27 42 25 20 21 28 28 40 23 23 37 45 11 39 28 32 27 42 20 16 43 15 17 25 41 18 39 49 24 
17 27 0 43 12 17 41 35 42 18 5 34 19 36 37 16 15 43 33 17 15 41 19 25 29 21 37 43 20 30 8 
37 42 43 0 31 53 30 14 22 33 44 20 28 15 39 34 56 16 15 39 51 39 38 27 25 22 7 40 28 31 48 
13 25 12 31 0 24 32 23 32 15 13 24 12 25 31 14 25 31 21 17 22 35 18 16 19 9 25 36 14 25 17 
16 20 17 53 24 0 40 41 45 35 12 38 35 50 31 33 9 47 39 34 2 36 36 27 31 30 49 38 37 47 9 
25 21 41 30 32 40 0 17 9 45 38 11 41 40 11 45 48 14 17 49 39 9 50 16 13 26 33 9 42 51 41 
24 28 35 14 23 41 17 0 11 32 34 5 27 23 24 33 46 8 1 37 39 25 37 13 11 14 15 26 28 35 38 
29 28 42 22 32 45 9 11 0 43 40 8 38 34 20 43 51 5 12 47 44 18 47 17 14 23 25 18 39 46 44 
28 40 18 33 15 35 45 32 43 0 23 35 4 21 45 1 33 41 30 5 33 49 4 30 32 19 26 51 4 12 26 
13 23 5 44 13 12 38 34 40 23 0 33 23 38 32 21 12 42 32 22 9 37 24 23 26 21 39 39 24 35 4 
22 23 34 20 24 38 11 5 8 35 33 0 30 28 19 35 44 9 6 39 37 19 40 10 7 15 21 20 31 39 37 
26 37 19 28 12 35 41 27 38 4 23 30 0 17 42 6 34 36 25 10 33 45 9 26 28 15 21 47 1 12 27 
36 45 36 15 25 50 40 23 34 21 38 28 17 0 46 23 51 29 22 26 47 48 25 31 30 21 8 49 16 16 43 
20 11 37 39 31 31 11 24 20 45 32 19 42 46 0 45 40 25 24 48 31 5 49 16 15 27 40 7 43 53 35 
27 39 16 34 14 33 45 33 43 1 21 35 6 23 45 0 31 41 31 4 31 49 4 29 32 19 28 50 6 13 24 
22 28 15 56 25 9 48 46 51 33 12 44 34 51 40 31 0 53 44 31 8 45 33 33 37 34 51 47 36 45 8 
31 32 43 16 31 47 14 8 5 41 42 9 36 29 25 41 53 0 10 46 46 24 46 19 16 22 21 24 37 43 46 
23 27 33 15 21 39 17 1 12 30 32 6 25 22 24 31 44 10 0 35 38 25 35 12 10 12 15 26 26 34 36 
30 42 17 39 17 34 49 37 47 5 22 39 10 26 48 4 31 46 35 0 32 52 2 33 36 24 32 54 10 15 25 
15 20 15 51 22 2 39 39 44 33 9 37 33 47 31 31 8 46 38 32 0 36 34 26 30 28 47 38 34 45 7 
24 16 41 39 35 36 9 25 18 49 37 19 45 48 5 49 45 24 25 52 36 0 53 19 17 30 41 2 47 56 39 
31 43 19 38 18 36 50 37 47 4 24 40 9 25 49 4 33 46 35 2 34 53 0 34 37 24 31 55 9 12 27 
11 15 25 27 16 27 16 13 17 30 23 10 26 31 16 29 33 19 12 33 26 19 34 0 3 11 26 21 27 37 26 
15 17 29 25 19 31 13 11 14 32 26 7 28 30 15 32 37 16 10 36 30 17 37 3 0 12 24 19 29 38 30 
16 25 21 22 9 30 26 14 23 19 21 15 15 21 27 19 34 22 12 24 28 30 24 11 12 0 18 32 16 26 25 
34 41 37 7 25 49 33 15 25 26 39 21 21 8 40 28 51 21 15 32 47 41 31 26 24 18 0 42 21 24 43 
26 18 43 40 36 38 9 26 18 51 39 20 47 49 7 50 47 24 26 54 38 2 55 21 19 32 42 0 48 58 42 
28 39 20 28 14 37 42 28 39 4 24 31 1 16 43 6 36 37 26 10 34 47 9 27 29 16 21 48 0 10 28 
38 49 30 31 25 47 51 35 46 12 35 39 12 16 53 13 45 43 34 15 45 56 12 37 38 26 24 58 10 0 38 
15 24 8 48 17 9 41 38 44 26 4 37 27 43 35 24 8 46 36 25 7 39 27 26 30 25 43 42 28 38 0 
0 212
39 60
21 42
111 132
68 89
35 56
82 103
172 193
113 134
72 93
178 199
113 134
59 80
30 51
2 23
111 132
22 43
48 69
108 129
96 117
14 35
128 149
42 63
149 170
163 184
36 57
60 81
143 164
151 172
114 135
35 56
