31
0 35 31 21 7 42 24 29 7 25 26 24 18 13 17 12 31 7 26 14 26 15 25 27 24 25 6 14 28 22 34 
35 0 4 32 41 11 28 18 29 57 12 18 54 40 45 24 15 40 40 45 27 40 27 27 12 45 33 27 24 17 23 
31 4 0 30 37 13 24 17 25 54 8 16 50 35 42 19 12 36 36 41 23 36 23 25 8 41 29 24 20 15 23 
21 32 30 0 21 43 38 17 15 29 30 14 31 34 16 23 37 28 45 18 40 11 39 9 22 46 15 8 40 15 17 
7 41 37 21 0 49 30 33 12 18 32 27 13 18 12 19 38 10 31 8 33 12 32 29 29 30 8 16 35 26 36 
42 11 13 43 49 0 28 30 37 66 16 29 61 43 55 30 13 46 40 54 25 50 26 39 21 45 42 37 21 28 34 
24 28 24 38 30 28 0 36 24 48 15 31 40 17 41 15 14 23 12 38 3 38 1 40 23 17 27 30 6 28 42 
29 18 17 17 33 30 36 0 22 45 22 5 45 40 32 24 28 36 46 33 36 26 35 9 12 49 25 16 35 8 6 
7 29 25 15 12 37 24 22 0 28 21 16 25 19 18 9 27 14 29 16 26 14 25 20 17 30 4 7 27 14 26 
25 57 54 29 18 66 48 45 28 0 50 41 11 33 13 37 56 26 47 12 51 18 50 38 45 44 24 30 53 40 47 
26 12 8 30 32 16 15 22 21 50 0 19 45 28 39 13 7 29 27 38 15 34 14 28 9 32 25 23 12 16 28 
24 18 16 14 27 29 31 5 16 41 19 0 40 34 28 18 26 31 41 29 32 22 31 9 9 44 19 11 31 2 11 
18 54 50 31 13 61 40 45 25 11 45 40 0 23 17 31 50 17 37 13 43 20 42 40 42 34 21 29 46 39 48 
13 40 35 34 18 43 17 40 19 33 28 34 23 0 30 16 30 7 14 26 20 29 19 40 30 12 19 27 24 31 45 
17 45 42 16 12 55 41 32 18 13 39 28 17 30 0 27 46 22 43 4 44 5 42 25 33 42 14 17 45 28 33 
12 24 19 23 19 30 15 24 9 37 13 18 31 16 27 0 18 16 22 25 17 23 15 26 13 25 13 15 17 16 29 
31 15 12 37 38 13 14 28 27 56 7 26 50 30 46 18 0 33 27 44 12 41 13 35 16 32 32 30 9 23 34 
7 40 36 28 10 46 23 36 14 26 29 31 17 7 22 16 33 0 21 18 26 21 24 35 29 20 13 22 29 29 41 
26 40 36 45 31 40 12 46 29 47 27 41 37 14 43 22 27 21 0 39 14 41 13 48 34 5 31 36 18 38 52 
14 45 41 18 8 54 38 33 16 12 38 29 13 26 4 25 44 18 39 0 41 7 39 27 33 38 12 18 43 28 35 
26 27 23 40 33 25 3 36 26 51 15 32 43 20 44 17 12 26 14 41 0 40 1 41 23 19 30 31 4 29 42 
15 40 36 11 12 50 38 26 14 18 34 22 20 29 5 23 41 21 41 7 40 0 39 20 28 41 10 12 41 22 28 
25 27 23 39 32 26 1 35 25 50 14 31 42 19 42 15 13 24 13 39 1 39 0 40 23 19 28 30 4 28 41 
27 27 25 9 29 39 40 9 20 38 28 9 40 40 25 26 35 35 48 27 41 20 40 0 19 50 22 13 40 12 8 
24 12 8 22 29 21 23 12 17 45 9 9 42 30 33 13 16 29 34 33 23 28 23 19 0 38 21 15 22 7 19 
25 45 41 46 30 45 17 49 30 44 32 44 34 12 42 25 32 20 5 38 19 41 19 50 38 0 31 38 23 41 55 
6 33 29 15 8 42 27 25 4 24 25 19 21 19 14 13 32 13 31 12 30 10 28 22 21 31 0 9 31 18 29 
14 27 24 8 16 37 30 16 7 30 23 11 29 27 17 15 30 22 36 18 31 12 30 13 15 38 9 0 32 10 19 
28 24 20 40 35 21 6 35 27 53 12 31 46 24 45 17 9 29 18 43 4 41 4 40 22 23 31 32 0 28 41 
22 17 15 15 26 28 28 8 14 40 16 2 39 31 28 16 23 29 38 28 29 22 28 12 7 41 18 10 28 0 13 
34 23 23 17 36 34 42 6 26 47 28 11 48 45 33 29 34 41 52 35 42 28 41 8 19 55 29 19 41 13 0 
0 489
50 98
140 188
170 218
98 146
295 343
343 391
147 195
179 227
332 380
180 228
125 173
170 218
247 295
88 136
297 345
320 368
273 321
74 122
131 179
269 317
89 137
60 108
302 350
92 140
166 214
170 218
323 371
315 363
271 319
189 237
