31
0 18 19 28 44 54 46 10 24 17 44 60 64 14 14 45 33 34 31 44 48 62 28 23 26 34 50 23 45 31 15 
18 0 3 17 26 35 29 8 6 7 32 43 47 13 16 26 19 16 27 26 30 44 20 8 24 30 33 5 32 14 4 
19 3 0 21 28 36 31 10 8 11 36 46 49 15 19 26 22 15 31 28 32 45 23 12 28 33 34 8 35 12 3 
28 17 21 0 20 35 21 19 14 12 16 34 38 14 15 30 6 26 13 22 25 37 3 8 13 13 26 13 16 26 22 
44 26 28 20 0 15 3 33 20 27 20 18 21 32 34 14 14 20 32 1 5 18 24 21 33 31 6 20 16 22 30 
54 35 36 35 15 0 16 44 30 39 35 21 21 45 47 10 30 22 48 13 12 14 39 33 48 47 13 31 31 25 39 
46 29 31 21 3 16 0 35 23 29 18 14 18 34 36 17 15 23 32 4 4 16 24 23 34 30 4 23 14 26 33 
10 8 10 19 33 44 35 0 13 7 35 50 54 7 10 35 23 25 25 34 38 51 20 12 21 28 40 12 36 22 7 
24 6 8 14 20 30 23 13 0 9 28 38 41 15 19 21 14 13 26 20 24 38 18 6 24 28 27 1 27 12 10 
17 7 11 12 27 39 29 7 9 0 28 43 47 5 9 31 16 22 20 28 32 45 13 6 17 22 34 8 28 21 10 
44 32 36 16 20 35 18 35 28 28 0 24 28 30 30 34 13 36 18 22 23 30 16 24 22 15 22 27 4 37 37 
60 43 46 34 18 21 14 50 38 43 24 0 4 47 49 28 28 37 42 18 14 9 36 37 45 39 11 38 20 40 48 
64 47 49 38 21 21 18 54 41 47 28 4 0 51 53 29 32 39 46 21 17 7 40 41 49 43 14 41 24 42 51 
14 13 15 14 32 45 34 7 15 5 30 47 51 0 3 37 19 28 18 33 37 50 14 11 13 21 38 14 31 27 14 
14 16 19 15 34 47 36 10 19 9 30 49 53 3 0 40 21 32 16 36 39 52 14 14 12 20 41 17 32 30 17 
45 26 26 30 14 10 17 35 21 31 34 28 29 37 40 0 25 11 43 13 14 23 34 26 43 43 17 22 31 15 29 
33 19 22 6 14 30 15 23 14 16 13 28 32 19 21 25 0 24 18 16 19 31 9 11 19 17 20 14 12 24 24 
34 16 15 26 20 22 23 25 13 22 36 37 39 28 32 11 24 0 39 19 22 34 30 19 38 40 25 14 33 3 18 
31 27 31 13 32 48 32 25 26 20 18 42 46 18 16 43 18 39 0 34 37 47 9 20 5 3 37 25 22 39 31 
44 26 28 22 1 13 4 34 20 28 22 18 21 33 36 13 16 19 34 0 4 17 26 22 35 33 6 21 18 21 31 
48 30 32 25 5 12 4 38 24 32 23 14 17 37 39 14 19 22 37 4 0 13 29 26 38 35 2 25 19 25 35 
62 44 45 37 18 14 16 51 38 45 30 9 7 50 52 23 31 34 47 17 13 0 40 39 50 45 11 38 26 37 48 
28 20 23 3 24 39 24 20 18 13 16 36 40 14 14 34 9 30 9 26 29 40 0 11 9 10 29 17 18 30 23 
23 8 12 8 21 33 23 12 6 6 24 37 41 11 14 26 11 19 20 22 26 39 11 0 18 21 27 5 23 18 13 
26 24 28 13 33 48 34 21 24 17 22 45 49 13 12 43 19 38 5 35 38 50 9 18 0 8 39 23 25 37 27 
34 30 33 13 31 47 30 28 28 22 15 39 43 21 20 43 17 40 3 33 35 45 10 21 8 0 35 27 19 40 33 
50 33 34 26 6 13 4 40 27 34 22 11 14 38 41 17 20 25 37 6 2 11 29 27 39 35 0 27 17 28 37 
23 5 8 13 20 31 23 12 1 8 27 38 41 14 17 22 14 14 25 21 25 38 17 5 23 27 27 0 27 13 10 
45 32 35 16 16 31 14 36 27 28 4 20 24 31 32 31 12 33 22 18 19 26 18 23 25 19 17 27 0 35 37 
31 14 12 26 22 25 26 22 12 21 37 40 42 27 30 15 24 3 39 21 25 37 30 18 37 40 28 13 35 0 15 
15 4 3 22 30 39 33 7 10 10 37 48 51 14 17 29 24 18 31 31 35 48 23 13 27 33 37 10 37 15 0 
0 532
112 324
121 333
134 346
303 515
241 453
271 483
266 478
143 355
305 517
181 393
317 529
12 224
159 371
210 422
272 484
275 487
83 295
19 231
122 334
212 424
231 443
71 283
97 309
285 497
263 475
144 356
208 420
277 489
153 365
114 326
