31
0 50 38 43 44 38 40 30 48 40 14 30 26 33 54 7 26 48 28 40 23 39 48 42 45 15 3 39 52 47 37 
50 0 24 9 11 29 13 28 15 19 42 39 24 30 11 43 31 14 47 10 45 16 2 33 12 48 47 11 10 10 23 
38 24 0 24 28 40 25 33 34 4 37 43 17 6 34 31 12 33 48 18 45 8 22 44 30 43 34 21 33 14 33 
43 9 24 0 4 21 3 19 9 21 34 29 18 29 11 37 28 8 38 6 36 16 7 24 5 39 41 4 9 15 14 
44 11 28 4 0 18 4 18 5 25 34 28 20 32 10 38 32 4 36 10 35 20 10 21 1 39 42 7 7 19 12 
38 29 40 21 18 0 17 8 16 38 24 11 24 42 25 34 38 17 20 24 20 33 28 4 17 27 37 21 23 35 6 
40 13 25 3 4 17 0 15 9 22 30 25 16 29 14 34 28 8 34 8 32 18 11 21 5 35 38 4 11 18 10 
30 28 33 19 18 8 15 0 19 32 16 10 16 34 27 25 29 20 18 21 16 28 27 13 18 21 28 17 25 31 7 
48 15 34 9 5 16 9 19 0 30 36 28 25 38 8 42 37 1 36 15 36 26 15 18 3 41 45 13 6 24 12 
40 19 4 21 25 38 22 32 30 0 38 42 18 11 30 33 15 29 48 14 45 4 17 42 26 44 37 18 29 9 31 
14 42 37 34 34 24 30 16 36 38 0 15 20 35 44 13 28 36 14 32 9 35 40 27 34 5 14 30 41 42 24 
30 39 43 29 28 11 25 10 28 42 15 0 25 43 36 27 37 28 8 31 8 38 37 13 27 16 29 28 34 42 15 
26 24 17 18 20 24 16 16 25 18 20 25 0 17 30 19 13 25 30 14 27 14 22 29 22 26 23 13 28 21 19 
33 30 6 29 32 42 29 34 38 11 35 43 17 0 39 27 7 37 48 22 44 13 27 46 34 41 30 25 38 20 36 
54 11 34 11 10 25 14 27 8 30 44 36 30 39 0 48 40 7 45 17 44 26 12 27 9 49 52 16 2 21 20 
7 43 31 37 38 34 34 25 42 33 13 27 19 27 48 0 19 42 28 33 23 31 41 38 39 16 4 32 46 40 32 
26 31 12 28 32 38 28 29 37 15 28 37 13 7 40 19 0 37 41 22 37 16 29 43 33 34 23 24 38 24 32 
48 14 33 8 4 17 8 20 1 29 36 28 25 37 7 42 37 0 37 15 36 25 14 19 3 41 46 12 5 23 13 
28 47 48 38 36 20 34 18 36 48 14 8 30 48 45 28 41 37 0 39 4 44 45 21 36 12 28 36 42 49 24 
40 10 18 6 10 24 8 21 15 14 32 31 14 22 17 33 22 15 39 0 36 10 8 29 12 38 37 3 15 10 18 
23 45 45 36 35 20 32 16 36 45 9 8 27 44 44 23 37 36 4 36 0 41 43 22 35 8 24 34 42 47 23 
39 16 8 16 20 33 18 28 26 4 35 38 14 13 26 31 16 25 44 10 41 0 14 38 22 41 35 13 25 8 27 
48 2 22 7 10 28 11 27 15 17 40 37 22 27 12 41 29 14 45 8 43 14 0 32 12 46 45 9 11 9 22 
42 33 44 24 21 4 21 13 18 42 27 13 29 46 27 38 43 19 21 29 22 38 32 0 20 30 41 25 25 39 11 
45 12 30 5 1 17 5 18 3 26 34 27 22 34 9 39 33 3 36 12 35 22 12 20 0 39 43 9 6 20 11 
15 48 43 39 39 27 35 21 41 44 5 16 26 41 49 16 34 41 12 38 8 41 46 30 39 0 16 36 46 47 28 
3 47 34 41 42 37 38 28 45 37 14 29 23 30 52 4 23 46 28 37 24 35 45 41 43 16 0 36 50 44 35 
39 11 21 4 7 21 4 17 13 18 30 28 13 25 16 32 24 12 36 3 34 13 9 25 9 36 36 0 14 14 14 
52 10 33 9 7 23 11 25 6 29 41 34 28 38 2 46 38 5 42 15 42 25 11 25 6 46 50 14 0 21 18 
47 10 14 15 19 35 18 31 24 9 42 42 21 20 21 40 24 23 49 10 47 8 9 39 20 47 44 14 21 0 28 
37 23 33 14 12 6 10 7 12 31 24 15 19 36 20 32 32 13 24 18 23 27 22 11 11 28 35 14 18 28 0 
0 511
193 448
123 378
166 421
53 308
172 427
103 358
253 508
153 408
74 329
204 459
54 309
221 476
70 325
231 486
30 285
139 394
94 349
116 371
233 488
223 478
203 458
36 291
247 502
48 303
173 428
146 401
181 436
181 436
241 496
236 491
