31
0 19 41 10 39 5 20 30 19 33 19 22 30 7 20 17 31 5 19 11 19 40 28 30 40 21 20 13 15 35 11 
19 0 48 18 44 14 38 42 33 52 34 38 49 24 39 15 44 13 38 29 38 46 25 26 48 37 27 25 26 34 14 
41 48 0 52 6 40 34 14 26 44 27 27 43 47 43 33 17 41 40 36 40 2 26 26 2 26 21 28 26 20 52 
10 18 52 0 50 12 29 41 29 39 29 32 36 8 26 25 41 11 26 20 26 50 36 38 51 31 30 24 25 44 4 
39 44 6 50 0 37 35 16 26 47 27 28 46 46 44 29 20 39 41 36 41 4 21 21 8 27 19 26 25 14 49 
5 14 40 12 37 0 24 30 20 38 20 24 34 13 25 12 31 1 24 15 24 38 23 26 39 23 18 13 14 31 12 
20 38 34 29 35 24 0 19 9 15 8 6 12 21 8 30 17 25 6 9 6 33 36 38 32 7 22 16 16 39 31 
30 42 14 41 16 30 19 0 12 30 13 12 29 35 28 28 3 32 26 23 26 14 27 28 12 12 15 17 16 25 42 
19 33 26 29 26 20 9 12 0 24 1 5 22 23 17 23 12 21 15 10 15 25 27 29 24 3 12 8 8 29 31 
33 52 44 39 47 38 15 30 24 0 23 19 3 30 13 45 27 38 13 23 13 44 51 53 42 21 37 31 31 53 43 
19 34 27 29 27 20 8 13 1 23 0 4 20 22 16 23 12 22 14 10 14 26 28 30 25 2 14 9 9 30 30 
22 38 27 32 28 24 6 12 5 19 4 0 17 25 15 28 10 25 13 12 13 26 31 33 25 1 17 13 13 33 34 
30 49 43 36 46 34 12 29 22 3 20 17 0 27 9 42 26 35 10 19 10 43 48 50 41 19 34 28 29 51 39 
7 24 47 8 46 13 21 35 23 30 22 25 27 0 17 25 35 12 17 12 17 46 36 38 46 24 27 20 21 43 12 
20 39 43 26 44 25 8 28 17 13 16 15 9 17 0 35 26 25 2 11 2 42 42 44 40 16 29 21 22 46 30 
17 15 33 25 29 12 30 28 23 45 23 28 42 25 35 0 31 14 33 23 33 31 11 13 33 26 13 14 14 20 23 
31 44 17 41 20 31 17 3 12 27 12 10 26 35 26 31 0 33 24 22 23 17 30 31 15 10 17 18 17 29 42 
5 13 41 11 39 1 25 32 21 38 22 25 35 12 25 14 33 0 24 15 24 40 25 27 41 24 20 14 15 33 10 
19 38 40 26 41 24 6 26 15 13 14 13 10 17 2 33 24 24 0 9 0 40 40 42 38 14 27 19 20 44 29 
11 29 36 20 36 15 9 23 10 23 10 12 19 12 11 23 22 15 9 0 9 35 31 33 34 11 19 11 12 36 22 
19 38 40 26 41 24 6 26 15 13 14 13 10 17 2 33 23 24 0 9 0 39 40 42 38 13 26 19 20 44 29 
40 46 2 50 4 38 33 14 25 44 26 26 43 46 42 31 17 40 40 35 39 0 24 24 4 25 20 26 25 18 50 
28 25 26 36 21 23 36 27 27 51 28 31 48 36 42 11 30 25 40 31 40 24 0 2 27 30 14 20 19 9 34 
30 26 26 38 21 26 38 28 29 53 30 33 50 38 44 13 31 27 42 33 42 24 2 0 28 31 16 22 21 8 36 
40 48 2 51 8 39 32 12 24 42 25 25 41 46 40 33 15 41 38 34 38 4 27 28 0 24 21 27 25 22 51 
21 37 26 31 27 23 7 12 3 21 2 1 19 24 16 26 10 24 14 11 13 25 30 31 24 0 15 11 11 32 33 
20 27 21 30 19 18 22 15 12 37 14 17 34 27 29 13 17 20 27 19 26 20 14 16 21 15 0 8 6 17 30 
13 25 28 24 26 13 16 17 8 31 9 13 28 20 21 14 18 14 19 11 19 26 20 22 27 11 8 0 1 25 24 
15 26 26 25 25 14 16 16 8 31 9 13 29 21 22 14 17 15 20 12 20 25 19 21 25 11 6 1 0 24 26 
35 34 20 44 14 31 39 25 29 53 30 33 51 43 46 20 29 33 44 36 44 18 9 8 22 32 17 25 24 0 43 
11 14 52 4 49 12 31 42 31 43 30 34 39 12 30 23 42 10 29 22 29 50 34 36 51 33 30 24 26 43 0 
0 447
84 262
130 308
175 353
252 430
15 193
204 382
110 288
20 198
89 267
205 383
100 278
229 407
65 243
12 190
10 188
167 345
143 321
247 425
242 420
96 274
159 337
249 427
73 251
193 371
12 190
191 369
106 284
126 304
160 338
167 345
