31
0 23 39 36 16 8 20 17 1 14 29 28 15 13 40 26 26 19 12 44 24 28 29 32 17 29 26 22 29 11 35 
23 0 31 13 30 15 28 24 24 30 36 10 8 11 33 13 18 23 11 33 38 7 26 22 27 28 11 10 6 19 14 
39 31 0 30 30 37 23 51 39 53 23 40 30 30 2 17 14 51 34 6 33 37 11 8 26 12 43 22 34 28 24 
36 13 30 0 40 28 36 36 37 43 43 15 20 23 32 16 21 34 24 29 48 12 30 22 36 32 19 17 9 29 6 
16 30 30 40 0 20 7 33 14 30 13 38 22 19 30 25 21 35 22 36 8 36 18 26 4 18 37 22 36 11 37 
8 15 37 28 20 0 22 14 9 16 32 20 8 7 38 21 23 15 4 41 29 20 27 29 20 28 18 16 20 11 28 
20 28 23 36 7 22 0 37 19 35 9 37 21 18 22 20 15 38 23 29 12 35 11 19 3 10 37 19 34 11 32 
17 24 51 36 33 14 37 0 19 9 46 23 21 21 52 35 37 3 16 55 41 24 42 43 34 43 18 30 27 26 38 
1 24 39 37 14 9 19 19 0 16 27 30 16 13 39 26 26 21 13 44 22 29 28 32 16 28 27 22 30 11 36 
14 30 53 43 30 16 35 9 16 0 43 31 25 24 54 38 39 12 20 57 37 32 43 45 32 43 26 33 34 25 44 
29 36 23 43 13 32 9 46 27 43 0 46 30 27 21 26 21 47 32 29 11 43 14 23 11 12 46 26 42 20 38 
28 10 40 15 38 20 37 23 30 31 46 0 16 19 42 23 28 20 17 41 47 3 36 32 36 38 4 20 6 27 20 
15 8 30 20 22 8 21 21 16 25 30 16 0 3 31 13 15 21 5 33 31 14 22 21 20 24 16 8 14 11 19 
13 11 30 23 19 7 18 21 13 24 27 19 3 0 31 14 15 22 5 33 28 17 21 21 17 22 18 9 17 8 22 
40 33 2 32 30 38 22 52 39 54 21 42 31 31 0 19 15 53 36 8 32 39 11 10 25 11 45 23 36 28 26 
26 13 17 16 25 21 20 35 26 38 26 23 13 14 19 0 5 34 18 20 32 19 14 9 21 16 25 4 17 16 12 
26 18 14 21 21 23 15 37 26 39 21 28 15 15 15 5 0 37 20 18 27 24 8 6 17 10 29 7 22 15 17 
19 23 51 34 35 15 38 3 21 12 47 20 21 22 53 34 37 0 17 54 43 22 43 43 35 44 16 30 25 27 37 
12 11 34 24 22 4 23 16 13 20 32 17 5 5 36 18 20 17 0 38 31 16 26 26 20 27 15 13 16 12 24 
44 33 6 29 36 41 29 55 44 57 29 41 33 33 8 20 18 54 38 0 40 37 17 11 32 18 44 24 34 33 22 
24 38 33 48 8 29 12 41 22 37 11 47 31 28 32 32 27 43 31 40 0 45 22 31 11 21 46 30 44 19 44 
28 7 37 12 36 20 35 24 29 32 43 3 14 17 39 19 24 22 16 37 45 0 33 28 34 35 7 17 3 25 16 
29 26 11 30 18 27 11 42 28 43 14 36 22 21 11 14 8 43 26 17 22 33 0 9 14 2 37 15 31 17 25 
32 22 8 22 26 29 19 43 32 45 23 32 21 21 10 9 6 43 26 11 31 28 9 0 22 11 34 13 25 21 16 
17 27 26 36 4 20 3 34 16 32 11 36 20 17 25 21 17 35 20 32 11 34 14 22 0 13 35 19 33 8 33 
29 28 12 32 18 28 10 43 28 43 12 38 24 22 11 16 10 44 27 18 21 35 2 11 13 0 39 17 33 17 27 
26 11 43 19 37 18 37 18 27 26 46 4 16 18 45 25 29 16 15 44 46 7 37 34 35 39 0 21 10 26 23 
22 10 22 17 22 16 19 30 22 33 26 20 8 9 23 4 7 30 13 24 30 17 15 13 19 17 21 0 15 13 14 
29 6 34 9 36 20 34 27 30 34 42 6 14 17 36 17 22 25 16 34 44 3 31 25 33 33 10 15 0 25 13 
11 19 28 29 11 11 11 26 11 25 20 27 11 8 28 16 15 27 12 33 19 25 17 21 8 17 26 13 25 0 27 
35 14 24 6 37 28 32 38 36 44 38 20 19 22 26 12 17 37 24 22 44 16 25 16 33 27 23 14 13 27 0 
0 553
81 302
291 512
209 430
310 531
63 284
230 451
213 434
63 284
279 500
263 484
30 251
56 277
309 530
249 470
121 342
286 507
110 331
91 312
312 533
153 374
12 233
328 549
33 254
56 277
109 330
130 351
8 229
281 502
167 388
5 226
