31
0 16 16 14 17 30 14 20 13 32 29 27 10 18 14 6 26 31 3 23 11 20 15 6 19 13 17 15 23 27 15 
16 0 32 10 17 31 31 6 4 38 30 43 24 33 30 18 38 41 17 6 26 32 30 16 30 29 18 31 37 43 22 
16 32 0 29 28 34 1 35 29 31 35 14 11 10 6 15 23 26 16 39 8 15 7 18 17 3 26 5 18 12 21 
14 10 29 0 24 39 28 16 6 44 38 42 24 33 25 19 29 44 12 16 25 34 29 10 32 25 25 29 29 41 26 
17 17 28 24 0 14 26 14 18 22 13 33 16 23 30 13 44 26 21 19 19 20 22 22 17 27 1 24 41 35 8 
30 31 34 39 14 0 34 28 33 11 2 33 24 25 39 24 55 19 34 32 26 20 27 35 17 35 13 29 51 37 14 
14 31 1 28 26 34 0 34 28 30 34 15 10 10 6 13 23 26 15 37 7 15 6 17 16 2 25 5 18 13 20 
20 6 35 16 14 28 34 0 10 36 26 44 26 34 35 21 44 40 22 4 28 33 32 21 30 33 16 33 42 45 21 
13 4 29 6 18 33 28 10 0 39 32 41 22 31 27 17 34 41 13 11 24 31 28 12 29 26 19 28 33 41 22 
32 38 31 44 22 11 30 36 39 0 13 25 23 20 37 26 54 8 36 41 24 15 24 38 14 32 20 25 49 29 17 
29 30 35 38 13 2 34 26 32 13 0 35 24 26 39 24 55 21 33 30 27 22 28 35 19 35 13 30 51 38 15 
27 43 14 42 33 33 15 44 41 25 35 0 18 10 21 24 36 17 29 48 16 13 12 32 16 17 31 12 31 4 25 
10 24 11 24 16 24 10 26 22 23 24 18 0 8 14 5 31 21 13 30 2 10 6 16 9 10 15 7 27 19 10 
18 33 10 33 23 25 10 34 31 20 26 10 8 0 17 14 34 15 21 38 7 5 4 24 7 13 21 5 29 12 15 
14 30 6 25 30 39 6 35 27 37 39 21 14 17 0 16 17 32 13 37 12 21 13 15 22 4 29 11 12 18 24 
6 18 15 19 13 24 13 21 17 26 24 24 5 14 16 0 31 25 10 24 7 14 11 12 13 13 13 12 27 24 9 
26 38 23 29 44 55 23 44 34 54 55 36 31 34 17 31 0 49 23 45 29 38 30 22 40 21 43 28 5 33 40 
31 41 26 44 26 19 26 40 41 8 21 17 21 15 32 25 49 0 34 44 21 11 19 37 11 28 24 21 45 22 19 
3 17 16 12 21 34 15 22 13 36 33 29 13 21 13 10 23 34 0 24 13 23 17 2 22 13 21 17 21 28 19 
23 6 39 16 19 32 37 4 11 41 30 48 30 38 37 24 45 44 24 0 32 37 36 23 34 36 20 37 44 49 25 
11 26 8 25 19 26 7 28 24 24 27 16 2 7 12 7 29 21 13 32 0 10 4 16 10 8 18 4 25 17 12 
20 32 15 34 20 20 15 33 31 15 22 13 10 5 21 14 38 11 23 37 10 0 8 26 3 17 18 10 34 16 12 
15 30 7 29 22 27 6 32 28 24 28 12 6 4 13 11 30 19 17 36 4 8 0 20 10 8 21 2 25 13 15 
6 16 18 10 22 35 17 21 12 38 35 32 16 24 15 12 22 37 2 23 16 26 20 0 25 15 22 19 21 31 21 
19 30 17 32 17 17 16 30 29 14 19 16 9 7 22 13 40 11 22 34 10 3 10 25 0 18 15 12 35 19 9 
13 29 3 25 27 35 2 33 26 32 35 17 10 13 4 13 21 28 13 36 8 17 8 15 18 0 26 7 16 16 20 
17 18 26 25 1 13 25 16 19 20 13 31 15 21 29 13 43 24 21 20 18 18 21 22 15 26 0 22 40 33 6 
15 31 5 29 24 29 5 33 28 25 30 12 7 5 11 12 28 21 17 37 4 10 2 19 12 7 22 0 24 12 16 
23 37 18 29 41 51 18 42 33 49 51 31 27 29 12 27 5 45 21 44 25 34 25 21 35 16 40 24 0 27 36 
27 43 12 41 35 37 13 45 41 29 38 4 19 12 18 24 33 22 28 49 17 16 13 31 19 16 33 12 27 0 27 
15 22 21 26 8 14 20 21 22 17 15 25 10 15 24 9 40 19 19 25 12 12 15 21 9 20 6 16 36 27 0 
0 447
182 182
114 114
229 229
349 349
166 166
145 145
367 367
126 126
97 97
164 164
442 442
271 271
41 41
161 161
295 295
32 32
206 206
47 47
323 323
106 106
66 66
299 299
424 424
157 157
389 389
11 11
259 259
421 421
113 113
94 94
