31
0 36 37 32 23 19 28 28 19 25 23 46 34 25 35 33 23 14 21 29 2 12 15 15 11 42 1 35 26 17 30 
36 0 14 48 13 39 52 8 25 17 36 31 55 47 12 28 14 26 17 10 34 24 26 21 24 31 34 26 10 47 11 
37 14 0 38 21 33 44 19 20 12 28 17 46 40 26 16 24 32 26 21 35 25 23 26 27 17 35 13 19 44 24 
32 48 38 0 42 13 9 45 24 30 12 33 8 9 55 22 45 43 44 48 31 32 25 39 35 28 32 26 44 20 50 
23 13 21 42 0 31 44 5 18 14 30 36 48 39 13 28 3 12 4 6 21 12 17 7 11 34 21 28 3 37 8 
19 39 33 13 31 0 12 35 14 22 6 34 17 8 45 21 34 30 32 38 18 20 13 27 22 29 18 24 33 11 39 
28 52 44 9 44 12 0 48 26 34 16 42 6 4 57 29 46 41 45 50 28 32 26 39 34 36 28 33 46 12 52 
28 8 19 45 5 35 48 0 21 16 33 35 52 43 9 29 6 17 9 3 27 17 21 13 17 34 27 28 1 42 5 
19 25 20 24 18 14 26 21 0 8 11 26 30 22 31 13 21 22 21 24 17 11 4 17 14 22 18 15 20 24 26 
25 17 12 30 14 22 34 16 8 0 19 23 37 30 25 13 18 23 19 19 23 14 11 17 16 20 23 13 14 32 21 
23 36 28 12 30 6 16 33 11 19 0 28 18 11 43 14 33 32 32 36 21 20 13 27 24 23 22 18 32 18 38 
46 31 17 33 36 34 42 35 26 23 28 0 42 39 43 14 39 46 41 38 44 36 31 40 39 5 45 10 35 46 40 
34 55 46 8 48 17 6 52 30 37 18 42 0 9 61 30 51 47 49 54 33 37 30 44 39 36 34 34 50 18 56 
25 47 40 9 39 8 4 43 22 30 11 39 9 0 53 26 42 37 40 46 24 28 22 35 30 33 25 30 42 11 48 
35 12 26 55 13 45 57 9 31 25 43 43 61 53 0 39 11 22 14 6 34 25 31 20 24 43 34 37 11 50 5 
33 28 16 22 28 21 29 29 13 13 14 14 30 26 39 0 32 35 32 32 31 25 18 30 28 8 31 3 28 32 35 
23 14 24 45 3 34 46 6 21 18 33 39 51 42 11 32 0 11 3 5 22 14 20 8 12 38 22 31 5 39 6 
14 26 32 43 12 30 41 17 22 23 32 46 47 37 22 35 11 0 8 17 14 11 19 6 8 43 13 36 16 32 17 
21 17 26 44 4 32 45 9 21 19 32 41 49 40 14 32 3 8 0 8 20 12 19 6 10 39 20 32 7 37 9 
29 10 21 48 6 38 50 3 24 19 36 38 54 46 6 32 5 17 8 0 28 19 24 14 18 37 28 31 4 44 2 
2 34 35 31 21 18 28 27 17 23 21 44 33 24 34 31 22 14 20 28 0 10 13 14 10 39 0 33 25 17 29 
12 24 25 32 12 20 32 17 11 14 20 36 37 28 25 25 14 11 12 19 10 0 8 7 3 33 10 26 15 24 20 
15 26 23 25 17 13 26 21 4 11 13 31 30 22 31 18 20 19 19 24 13 8 0 14 11 26 13 20 20 21 26 
15 21 26 39 7 27 39 13 17 17 27 40 44 35 20 30 8 6 6 14 14 7 14 0 4 37 14 30 11 31 14 
11 24 27 35 11 22 34 17 14 16 24 39 39 30 24 28 12 8 10 18 10 3 11 4 0 36 10 29 15 26 19 
42 31 17 28 34 29 36 34 22 20 23 5 36 33 43 8 38 43 39 37 39 33 26 37 36 0 40 6 34 41 39 
1 34 35 32 21 18 28 27 18 23 22 45 34 25 34 31 22 13 20 28 0 10 13 14 10 40 0 34 25 18 29 
35 26 13 26 28 24 33 28 15 13 18 10 34 30 37 3 31 36 32 31 33 26 20 30 29 6 34 0 28 36 34 
26 10 19 44 3 33 46 1 20 14 32 35 50 42 11 28 5 16 7 4 25 15 20 11 15 34 25 28 0 40 6 
17 47 44 20 37 11 12 42 24 32 18 46 18 11 50 32 39 32 37 44 17 24 21 31 26 41 18 36 40 0 45 
30 11 24 50 8 39 52 5 26 21 38 40 56 48 5 35 6 17 9 2 29 20 26 14 19 39 29 34 6 45 0 
0 638
275 466
130 321
153 344
46 237
398 589
177 368
5 196
293 484
31 222
295 486
62 253
167 358
2 193
415 606
362 553
120 311
50 241
88 279
8 199
373 564
237 428
289 480
382 573
26 217
91 282
160 351
412 603
83 274
203 394
23 214
