31
0 42 22 6 20 13 53 19 38 31 32 35 14 20 35 53 23 43 13 36 33 24 36 44 26 45 36 46 48 8 29 
42 0 44 45 24 42 32 46 15 40 37 9 34 21 10 28 42 24 32 10 32 48 30 6 15 9 33 8 13 34 23 
22 44 0 16 32 8 39 4 48 11 14 42 12 25 34 41 2 32 30 34 18 4 22 49 29 51 20 45 55 25 21 
6 45 16 0 25 8 51 13 43 27 29 39 12 23 36 52 18 42 19 38 30 18 34 48 29 49 34 48 52 14 28 
20 24 32 25 0 27 45 33 18 36 35 16 20 9 20 44 32 35 8 22 32 36 33 25 12 25 35 30 28 12 24 
13 42 8 8 27 0 44 6 44 19 20 38 8 21 33 45 10 36 23 34 23 11 26 46 26 48 26 44 51 17 22 
53 32 39 51 45 44 0 44 47 29 25 39 39 36 26 4 37 10 51 25 21 42 17 38 33 41 18 25 45 49 24 
19 46 4 13 33 6 44 0 49 16 19 44 13 27 36 46 7 37 29 37 22 4 26 51 31 53 25 48 57 24 24 
38 15 48 43 18 44 47 49 0 49 46 7 36 22 21 43 47 38 25 22 41 52 41 11 19 9 44 23 10 30 32 
31 40 11 27 36 19 29 16 49 0 4 41 18 27 30 31 9 24 37 30 9 13 13 47 29 49 10 39 53 32 17 
32 37 14 29 35 20 25 19 46 4 0 38 18 25 27 27 12 20 36 27 5 16 9 43 26 46 6 36 50 32 13 
35 9 42 39 16 38 39 44 7 41 38 0 30 16 13 36 41 30 24 14 34 46 33 9 12 9 36 17 13 27 25 
14 34 12 12 20 8 39 13 36 18 18 30 0 13 25 39 12 29 19 25 18 16 21 38 18 40 22 36 43 14 15 
20 21 25 23 9 21 36 27 22 27 25 16 13 0 14 35 25 26 14 15 22 30 23 25 5 26 26 26 30 14 14 
35 10 34 36 20 33 26 36 21 30 27 13 25 14 0 24 32 16 27 1 21 38 20 16 8 19 23 11 23 28 13 
53 28 41 52 44 45 4 46 43 31 27 36 39 35 24 0 39 9 50 22 23 44 19 34 31 37 21 21 41 48 24 
23 42 2 18 32 10 37 7 47 9 12 41 12 25 32 39 0 30 31 32 15 6 19 47 28 49 18 43 53 25 19 
43 24 32 42 35 36 10 37 38 24 20 30 29 26 16 9 30 0 40 15 14 36 10 30 22 33 13 19 37 39 14 
13 32 30 19 8 23 51 29 25 37 36 24 19 14 27 50 31 40 0 29 34 34 36 33 19 33 38 38 36 5 27 
36 10 34 38 22 34 25 37 22 30 27 14 25 15 1 22 32 15 29 0 21 38 20 16 10 19 23 10 23 29 13 
33 32 18 30 32 23 21 22 41 9 5 34 18 22 21 23 15 14 34 21 0 21 3 38 22 40 3 30 45 31 9 
24 48 4 18 36 11 42 4 52 13 16 46 16 30 38 44 6 36 34 38 21 0 25 53 33 55 23 49 59 28 25 
36 30 22 34 33 26 17 26 41 13 9 33 21 23 20 19 19 10 36 20 3 25 0 36 22 39 3 27 43 33 9 
44 6 49 48 25 46 38 51 11 47 43 9 38 25 16 34 47 30 33 16 38 53 36 0 20 2 40 13 7 36 29 
26 15 29 29 12 26 33 31 19 29 26 12 18 5 8 31 28 22 19 10 22 33 22 20 0 21 25 20 25 19 13 
45 9 51 49 25 48 41 53 9 49 46 9 40 26 19 37 49 33 33 19 40 55 39 2 21 0 42 16 4 37 32 
36 33 20 34 35 26 18 25 44 10 6 36 22 26 23 21 18 13 38 23 3 23 3 40 25 42 0 31 47 35 12 
46 8 45 48 30 44 25 48 23 39 36 17 36 26 11 21 43 19 38 10 30 49 27 13 20 16 31 0 19 39 23 
48 13 55 52 28 51 45 57 10 53 50 13 43 30 23 41 53 37 36 23 45 59 43 7 25 4 47 19 0 40 36 
8 34 25 14 12 17 49 24 30 32 32 27 14 14 28 48 25 39 5 29 31 28 33 36 19 37 35 39 40 0 25 
29 23 21 28 24 22 24 24 32 17 13 25 15 14 13 24 19 14 27 13 9 25 9 29 13 32 12 23 36 25 0 
0 468
105 339
45 279
59 293
136 370
48 282
199 433
62 296
25 259
18 252
101 335
139 373
99 333
94 328
132 366
66 300
15 249
87 321
175 409
203 437
143 377
230 464
12 246
13 247
25 259
146 380
49 283
83 317
16 250
151 385
65 299
