31
0 19 38 35 36 6 26 38 35 21 25 27 15 19 12 22 9 24 37 11 4 14 22 35 18 22 39 13 25 12 19 
19 0 19 17 17 22 22 32 29 5 9 19 28 20 29 14 17 7 22 29 22 7 18 16 29 6 34 26 39 9 20 
38 19 0 18 1 42 37 42 39 16 13 32 43 37 49 29 33 17 24 47 39 26 26 12 43 20 45 41 58 26 37 
35 17 18 0 17 36 22 24 21 20 21 17 46 25 42 16 35 10 6 46 38 20 34 5 47 12 28 44 48 27 25 
36 17 1 17 0 40 36 41 38 14 12 31 41 36 47 28 31 16 24 45 37 24 24 12 41 18 44 39 56 24 36 
6 22 42 36 40 0 23 35 33 26 29 25 21 16 6 21 16 27 37 12 10 16 28 38 23 24 35 19 19 17 16 
26 22 37 22 36 23 0 12 10 28 32 5 41 6 27 8 32 19 19 35 31 17 39 27 44 18 13 39 27 27 6 
38 32 42 24 41 35 12 0 3 37 40 12 54 18 39 18 44 26 18 48 43 28 50 29 56 26 4 51 36 38 19 
35 29 39 21 38 33 10 3 0 34 37 9 51 16 37 15 41 23 16 46 40 25 47 27 53 23 6 49 35 35 16 
21 5 16 20 14 26 28 37 34 0 4 25 27 26 33 20 17 10 25 31 23 12 14 17 28 11 39 26 44 10 26 
25 9 13 21 12 29 32 40 37 4 0 28 29 30 36 24 19 13 27 34 26 16 13 18 29 14 43 27 47 12 30 
27 19 32 17 31 25 5 12 9 25 28 0 42 9 30 5 32 15 14 37 32 16 37 21 44 14 14 39 31 26 10 
15 28 43 46 41 21 41 54 51 27 29 42 0 35 23 36 10 35 50 11 11 27 18 45 2 34 54 2 38 18 35 
19 20 37 25 36 16 6 18 16 26 30 9 35 0 20 8 27 19 24 29 24 14 35 29 38 17 19 33 22 23 0 
12 29 49 42 47 6 27 39 37 33 36 30 23 20 0 27 21 33 43 12 14 23 34 44 26 31 38 21 14 24 20 
22 14 29 16 28 21 8 18 15 20 24 5 36 8 27 0 26 11 16 33 27 10 32 20 38 10 20 34 31 20 8 
9 17 33 35 31 16 32 44 41 17 19 32 10 27 21 26 0 24 39 15 8 16 12 34 12 23 45 9 35 7 27 
24 7 17 10 16 27 19 26 23 10 13 15 35 19 33 11 24 0 14 36 28 10 25 10 37 2 30 33 41 17 20 
37 22 24 6 24 37 19 18 16 25 27 14 50 24 43 16 39 14 0 48 41 23 40 12 51 15 22 48 46 31 24 
11 29 47 46 45 12 35 48 46 31 34 37 11 29 12 33 15 36 48 0 7 25 27 46 14 34 48 10 26 21 29 
4 22 39 38 37 10 31 43 40 23 26 32 11 24 14 27 8 28 41 7 0 18 20 38 13 26 44 9 28 13 24 
14 7 26 20 24 16 17 28 25 12 16 16 27 14 23 10 16 10 23 25 18 0 22 21 28 8 30 25 32 10 14 
22 18 26 34 24 28 39 50 47 14 13 37 18 35 34 32 12 25 40 27 20 22 0 31 17 25 52 17 47 12 35 
35 16 12 5 12 38 27 29 27 17 18 21 45 29 44 20 34 10 12 46 38 21 31 0 46 13 33 43 51 26 29 
18 29 43 47 41 23 44 56 53 28 29 44 2 38 26 38 12 37 51 14 13 28 17 46 0 35 57 4 41 19 38 
22 6 20 12 18 24 18 26 23 11 14 14 34 17 31 10 23 2 15 34 26 8 25 13 35 0 29 32 38 15 17 
39 34 45 28 44 35 13 4 6 39 43 14 54 19 38 20 45 30 22 48 44 30 52 33 57 29 0 52 33 40 19 
13 26 41 44 39 19 39 51 49 26 27 39 2 33 21 34 9 33 48 10 9 25 17 43 4 32 52 0 36 16 33 
25 39 58 48 56 19 27 36 35 44 47 31 38 22 14 31 35 41 46 26 28 32 47 51 41 38 33 36 0 36 22 
12 9 26 27 24 17 27 38 35 10 12 26 18 23 24 20 7 17 31 21 13 10 12 26 19 15 40 16 36 0 23 
19 20 37 25 36 16 6 19 16 26 30 10 35 0 20 8 27 20 24 29 24 14 35 29 38 17 19 33 22 23 0 
0 340
222 290
153 221
9 77
129 197
239 307
263 331
119 187
125 193
72 140
49 117
236 304
46 114
252 320
196 264
253 321
92 160
35 103
90 158
34 102
34 102
269 337
30 98
79 147
173 241
32 100
60 128
14 82
5 73
149 217
111 179
