31
0 10 24 31 13 50 4 36 15 10 11 35 26 9 17 49 42 40 17 40 21 34 20 22 26 48 31 27 29 11 28 
10 0 15 24 7 42 9 35 15 6 6 25 19 3 20 41 36 30 15 30 12 26 9 12 16 39 22 17 19 8 22 
24 15 0 10 10 27 20 28 18 14 12 22 7 18 24 26 22 16 15 17 2 12 9 4 18 24 7 16 16 22 9 
31 24 10 0 17 19 26 20 20 20 19 30 4 27 24 18 12 15 17 20 12 4 20 15 29 19 7 26 26 32 2 
13 7 10 17 0 36 10 28 10 3 2 27 13 10 16 35 29 26 9 27 7 20 10 10 20 35 17 19 21 15 15 
50 42 27 19 36 0 46 31 39 39 38 37 23 45 43 0 12 16 36 22 29 15 35 30 41 6 19 37 36 49 21 
4 9 20 26 10 46 0 32 10 6 7 34 22 10 13 45 38 36 12 37 17 30 18 19 25 45 27 26 28 14 24 
36 35 28 20 28 31 32 0 21 29 29 50 21 38 21 31 19 35 20 41 28 23 36 32 46 36 28 44 45 43 20 
15 15 18 20 10 39 10 21 0 8 9 38 16 18 6 38 29 33 3 36 16 24 21 19 30 39 24 30 31 23 17 
10 6 14 20 3 39 6 29 8 0 1 30 16 9 14 39 32 30 8 31 11 24 13 14 22 38 21 22 24 14 18 
11 6 12 19 2 38 7 29 9 1 0 29 15 9 15 37 31 29 9 30 10 23 12 12 21 37 20 20 22 14 17 
35 25 22 30 27 37 34 50 38 30 29 0 28 26 44 37 39 21 36 15 22 29 16 18 10 31 23 8 6 26 30 
26 19 7 4 13 23 22 21 16 16 15 28 0 23 22 22 16 17 13 21 8 7 16 11 25 23 7 23 23 27 2 
9 3 18 27 10 45 10 38 18 9 9 26 23 0 22 44 39 32 18 32 15 30 11 15 16 42 25 17 19 5 25 
17 20 24 24 16 43 13 21 6 14 15 44 22 22 0 42 33 39 8 42 22 29 27 26 36 44 29 36 37 27 22 
49 41 26 18 35 0 45 31 38 39 37 37 22 44 42 0 11 15 35 21 28 14 34 29 40 6 18 37 36 48 20 
42 36 22 12 29 12 38 19 29 32 31 39 16 39 33 11 0 20 27 26 24 11 32 27 40 16 17 37 37 44 14 
40 30 16 15 26 16 36 35 33 30 29 21 17 32 39 15 20 0 30 6 18 12 22 17 25 10 9 22 20 36 17 
17 15 15 17 9 36 12 20 3 8 9 36 13 18 8 35 27 30 0 33 14 21 19 17 29 36 21 28 30 23 14 
40 30 17 20 27 22 37 41 36 31 30 15 21 32 42 21 26 6 33 0 20 17 20 17 21 15 13 18 16 34 21 
21 12 2 12 7 29 17 28 16 11 10 22 8 15 22 28 24 18 14 20 0 14 8 3 17 27 10 15 16 19 10 
34 26 12 4 20 15 30 23 24 24 23 29 7 30 29 14 11 12 21 17 14 0 21 16 29 15 6 26 26 34 6 
20 9 9 20 10 35 18 36 21 13 12 16 16 11 27 34 32 22 19 20 8 21 0 5 9 32 16 8 10 14 19 
22 12 4 15 10 30 19 32 19 14 12 18 11 15 26 29 27 17 17 17 3 16 5 0 14 27 10 12 12 19 13 
26 16 18 29 20 41 25 46 30 22 21 10 25 16 36 40 40 25 29 21 17 29 9 14 0 36 23 3 5 15 28 
48 39 24 19 35 6 45 36 39 38 37 31 23 42 44 6 16 10 36 15 27 15 32 27 36 0 17 33 31 46 22 
31 22 7 7 17 19 27 28 24 21 20 23 7 25 29 18 17 9 21 13 10 6 16 10 23 17 0 20 19 29 8 
27 17 16 26 19 37 26 44 30 22 20 8 23 17 36 37 37 22 28 18 15 26 8 12 3 33 20 0 2 18 25 
29 19 16 26 21 36 28 45 31 24 22 6 23 19 37 36 37 20 30 16 16 26 10 12 5 31 19 2 0 20 25 
11 8 22 32 15 49 14 43 23 14 14 26 27 5 27 48 44 36 23 34 19 34 14 19 15 46 29 18 20 0 30 
28 22 9 2 15 21 24 20 17 18 17 30 2 25 22 20 14 17 14 21 10 6 19 13 28 22 8 25 25 30 0 
0 298
220 249
191 220
154 183
143 172
164 193
262 291
160 189
12 41
166 195
51 80
112 141
187 216
76 105
175 204
160 189
151 180
170 199
236 265
74 103
21 50
83 112
117 146
135 164
58 87
169 198
74 103
100 129
235 264
5 34
67 96
