31
0 34 41 20 10 6 28 27 23 22 33 12 33 17 12 30 11 17 28 5 34 40 40 26 20 9 10 34 27 39 28 
34 0 12 41 26 38 29 28 24 11 27 31 19 22 42 13 32 40 46 37 12 38 22 7 42 38 35 38 32 17 18 
41 12 0 43 31 44 27 26 24 19 23 35 14 25 47 25 42 43 46 44 7 32 14 17 44 42 45 34 30 7 16 
20 41 43 0 17 15 19 19 19 30 25 11 31 19 11 44 31 2 8 15 36 26 36 35 0 11 30 19 16 38 27 
10 26 31 17 0 12 18 17 12 14 23 6 22 6 16 26 17 16 24 12 24 30 29 18 18 11 19 25 18 29 17 
6 38 44 15 12 0 27 26 23 26 33 11 35 19 5 36 17 12 23 0 37 38 41 31 15 4 16 31 25 41 30 
28 29 27 19 18 27 0 1 7 22 6 16 13 13 27 37 36 20 19 27 20 11 17 26 19 23 38 8 3 21 11 
27 28 26 19 17 26 1 0 5 21 6 15 12 12 26 36 35 20 19 26 19 13 17 25 19 23 36 9 4 20 10 
23 24 24 19 12 23 7 5 0 16 10 12 12 6 24 30 30 19 21 23 17 18 18 20 19 20 31 15 8 19 8 
22 11 19 30 14 26 22 21 16 0 23 19 17 11 30 14 23 29 36 25 14 33 23 4 31 26 25 30 24 20 13 
33 27 23 25 23 33 6 6 10 23 0 22 9 17 33 37 40 26 25 33 16 10 11 26 25 30 42 11 9 15 10 
12 31 35 11 6 11 16 15 12 19 22 0 24 9 12 32 22 9 18 11 27 27 30 24 12 8 22 21 15 31 19 
33 19 14 31 22 35 13 12 12 17 9 24 0 16 36 29 38 31 32 34 7 19 6 18 31 32 40 20 16 7 5 
17 22 25 19 6 19 13 12 6 11 17 9 16 0 21 25 23 18 24 18 18 25 22 16 20 17 25 21 14 22 10 
12 42 47 11 16 5 27 26 24 30 33 12 36 21 0 41 22 8 19 6 39 36 42 35 11 4 21 29 25 43 31 
30 13 25 44 26 36 37 36 30 14 37 32 29 25 41 0 25 42 50 35 24 48 35 11 44 37 28 45 39 29 27 
11 32 42 31 17 17 36 35 30 23 40 22 38 23 22 25 0 28 39 16 37 48 45 25 31 20 3 43 36 42 33 
17 40 43 2 16 12 20 20 19 29 26 9 31 18 8 42 28 0 11 12 36 28 37 34 3 8 28 21 17 39 27 
28 46 46 8 24 23 19 19 21 36 25 18 32 24 19 50 39 11 0 23 38 22 36 40 7 19 39 15 15 40 29 
5 37 44 15 12 0 27 26 23 25 33 11 34 18 6 35 16 12 23 0 36 38 41 30 16 4 15 31 26 41 29 
34 12 7 36 24 37 20 19 17 14 16 27 7 18 39 24 37 36 38 36 0 27 10 14 36 35 39 27 23 6 9 
40 38 32 26 30 38 11 13 18 33 10 27 19 25 36 48 48 28 22 38 27 0 19 36 26 34 49 6 12 25 20 
40 22 14 36 29 41 17 17 18 23 11 30 6 22 42 35 45 37 36 41 10 19 0 24 36 38 47 22 20 6 12 
26 7 17 35 18 31 26 25 20 4 26 24 18 16 35 11 25 34 40 30 14 36 24 0 36 30 28 34 28 20 15 
20 42 44 0 18 15 19 19 19 31 25 12 31 20 11 44 31 3 7 16 36 26 36 36 0 11 31 19 16 39 27 
9 38 42 11 11 4 23 23 20 26 30 8 32 17 4 37 20 8 19 4 35 34 38 30 11 0 19 27 22 39 27 
10 35 45 30 19 16 38 36 31 25 42 22 40 25 21 28 3 28 39 15 39 49 47 28 31 19 0 44 37 45 35 
34 38 34 19 25 31 8 9 15 30 11 21 20 21 29 45 43 21 15 31 27 6 22 34 19 27 44 0 6 27 19 
27 32 30 16 18 25 3 4 8 24 9 15 16 14 25 39 36 17 15 26 23 12 20 28 16 22 37 6 0 24 14 
39 17 7 38 29 41 21 20 19 20 15 31 7 22 43 29 42 39 40 41 6 25 6 20 39 39 45 27 24 0 11 
28 18 16 27 17 30 11 10 8 13 10 19 5 10 31 27 33 27 29 29 9 20 12 15 27 27 35 19 14 11 0 
0 468
332 378
193 239
150 196
143 189
293 339
13 59
373 419
373 419
36 82
411 457
95 141
291 337
62 108
51 97
287 333
397 443
134 180
140 186
150 196
102 148
302 348
100 146
280 326
388 434
117 163
128 174
252 298
156 202
86 132
103 149
