31
0 6 15 12 20 20 42 26 28 11 18 30 5 11 24 39 32 24 13 38 18 10 41 45 27 20 20 24 28 21 16 
6 0 9 7 26 20 38 33 28 8 25 32 1 10 24 36 36 18 19 39 24 17 36 47 26 15 26 19 22 16 23 
15 9 0 2 31 18 29 41 24 15 33 31 10 9 21 28 38 9 26 35 28 26 27 46 21 6 31 10 13 20 31 
12 7 2 0 28 17 30 38 23 14 30 29 8 6 19 29 36 11 23 34 26 23 29 44 20 7 28 11 15 20 29 
20 26 31 28 0 20 50 17 27 31 9 21 24 22 23 42 15 36 7 32 2 15 49 31 27 33 0 35 42 41 15 
20 20 18 17 20 0 29 36 8 29 26 12 19 10 4 22 20 19 20 18 17 26 29 27 7 17 19 17 25 36 30 
42 38 29 30 50 29 0 64 25 44 55 35 38 31 27 10 47 19 48 30 47 52 2 44 23 22 49 18 18 46 57 
26 33 41 38 17 36 64 0 43 34 9 38 31 34 39 58 31 49 16 49 19 15 64 47 43 45 17 48 54 43 10 
28 28 24 23 27 8 25 43 0 36 34 10 27 18 4 16 22 21 28 11 24 34 26 23 2 20 26 18 26 43 38 
11 8 15 14 31 29 44 34 36 0 29 40 9 18 32 44 44 24 24 48 30 19 42 55 34 22 31 26 27 9 24 
18 25 33 30 9 26 55 9 34 29 0 29 24 25 30 49 24 40 7 40 10 10 55 40 34 36 9 39 45 38 7 
30 32 31 29 21 12 35 38 10 40 29 0 31 23 11 25 11 31 25 11 19 33 36 15 13 29 20 28 36 49 35 
5 1 10 8 24 19 38 31 27 9 24 31 0 9 23 36 35 19 17 38 22 16 37 46 25 16 24 20 23 18 21 
11 10 9 6 22 10 31 34 18 18 25 23 9 0 14 27 29 14 18 29 20 21 30 38 16 11 22 13 20 26 26 
24 24 21 19 23 4 27 39 4 32 30 11 23 14 0 18 21 19 24 15 21 30 27 25 4 18 23 17 25 40 34 
39 36 28 29 42 22 10 58 16 44 49 25 36 27 18 0 37 20 42 19 40 47 12 34 14 22 42 18 22 48 52 
32 36 38 36 15 20 47 31 22 44 24 11 35 29 21 37 0 40 22 21 15 31 48 16 24 38 15 37 46 53 31 
24 18 9 11 36 19 19 49 21 24 40 31 19 14 19 20 40 0 33 32 34 34 17 44 18 3 36 3 5 27 40 
13 19 26 23 7 20 48 16 28 24 7 25 17 18 24 42 22 33 0 35 7 8 48 37 28 29 7 31 38 33 10 
38 39 35 34 32 18 30 49 11 48 40 11 38 29 15 19 21 32 35 0 30 43 32 14 14 31 31 29 36 55 46 
18 24 28 26 2 17 47 19 24 30 10 19 22 20 21 40 15 34 7 30 0 15 47 31 25 30 2 32 39 39 16 
10 17 26 23 15 26 52 15 34 19 10 33 16 21 30 47 31 34 8 43 15 0 51 46 34 31 16 34 39 28 5 
41 36 27 29 49 29 2 64 26 42 55 36 37 30 27 12 48 17 48 32 47 51 0 46 23 21 49 17 16 44 56 
45 47 46 44 31 27 44 47 23 55 40 15 46 38 25 34 16 44 37 14 31 46 46 0 26 43 31 41 49 64 47 
27 26 21 20 27 7 23 43 2 34 34 13 25 16 4 14 24 18 28 14 25 34 23 26 0 17 27 15 23 41 38 
20 15 6 7 33 17 22 45 20 22 36 29 16 11 18 22 38 3 29 31 30 31 21 43 17 0 33 4 9 25 36 
20 26 31 28 0 19 49 17 26 31 9 20 24 22 23 42 15 36 7 31 2 16 49 31 27 33 0 34 42 41 15 
24 19 10 11 35 17 18 48 18 26 39 28 20 13 17 18 37 3 31 29 32 34 17 41 15 4 34 0 8 29 39 
28 22 13 15 42 25 18 54 26 27 45 36 23 20 25 22 46 5 38 36 39 39 16 49 23 9 42 8 0 28 45 
21 16 20 20 41 36 46 43 43 9 38 49 18 26 40 48 53 27 33 55 39 28 44 64 41 25 41 29 28 0 33 
16 23 31 29 15 30 57 10 38 24 7 35 21 26 34 52 31 40 10 46 16 5 56 47 38 36 15 39 45 33 0 
0 617
586 586
261 261
172 172
461 461
298 298
171 171
160 160
267 267
381 381
194 194
28 28
370 370
325 325
163 163
28 28
13 13
17 17
520 520
166 166
560 560
15 15
535 535
3 3
256 256
551 551
45 45
1 1
338 338
22 22
236 236
