31
0 10 46 15 20 33 36 28 24 45 17 7 54 25 51 56 32 46 43 42 8 4 8 39 36 37 39 38 19 34 40 
10 0 45 7 29 40 34 37 32 47 7 5 56 17 51 57 25 44 36 36 13 11 7 34 32 29 30 38 12 42 34 
46 45 0 39 45 36 10 45 37 13 44 41 16 34 9 14 25 0 24 23 38 51 39 16 15 31 31 7 33 43 19 
15 7 39 0 32 40 29 39 33 43 5 8 52 9 46 52 18 39 29 29 15 18 8 28 26 22 23 33 6 44 27 
20 29 45 32 0 16 37 8 8 38 35 24 47 39 45 49 42 44 52 51 17 22 23 45 42 49 51 37 33 15 47 
33 40 36 40 16 0 32 10 8 25 45 35 34 44 34 37 43 36 51 50 27 36 33 42 39 51 53 30 39 6 45 
36 34 10 29 37 32 0 39 31 17 33 30 24 24 18 24 16 10 19 18 28 40 29 10 8 23 24 5 23 39 14 
28 37 45 39 8 10 39 0 7 35 43 32 44 45 43 47 47 44 56 55 24 30 31 48 45 54 56 38 39 6 50 
24 32 37 33 8 8 31 7 0 29 37 27 38 38 37 41 39 37 48 47 19 28 25 40 37 47 48 30 32 10 42 
45 47 13 43 38 25 17 35 29 0 48 42 9 41 8 11 34 13 36 35 37 49 40 27 25 41 42 12 38 32 31 
17 7 44 5 35 45 33 43 37 48 0 10 56 11 51 57 21 44 32 31 18 19 12 31 30 23 25 38 10 48 30 
7 5 41 8 24 35 30 32 27 42 10 0 51 17 47 52 24 41 35 35 8 11 2 32 30 29 31 34 11 37 32 
54 56 16 52 47 34 24 44 38 9 56 51 0 48 6 3 41 16 40 39 46 59 49 32 31 47 47 19 46 40 35 
25 17 34 9 39 44 24 45 38 41 11 17 48 0 42 48 9 34 20 19 22 28 17 20 19 12 13 29 6 49 19 
51 51 9 46 45 34 18 43 37 8 51 47 6 42 0 5 34 9 34 33 42 55 45 26 24 40 41 13 41 40 29 
56 57 14 52 49 37 24 47 41 11 57 52 3 48 5 0 40 14 39 38 48 61 50 31 30 46 46 19 47 43 34 
32 25 25 18 42 43 16 47 39 34 21 24 41 9 34 40 0 25 11 10 27 35 23 10 10 8 9 22 12 49 9 
46 44 0 39 44 36 10 44 37 13 44 41 16 34 9 14 25 0 24 23 38 50 39 16 15 31 31 7 33 43 19 
43 36 24 29 52 51 19 56 48 36 32 35 40 20 34 39 11 24 0 1 38 47 34 8 11 9 9 24 23 57 5 
42 36 23 29 51 50 18 55 47 35 31 35 39 19 33 38 10 23 1 0 37 46 34 7 10 9 9 23 23 56 4 
8 13 38 15 17 27 28 24 19 37 18 8 46 22 42 48 27 38 38 37 0 12 6 33 30 33 35 31 16 29 34 
4 11 51 18 22 36 40 30 28 49 19 11 59 28 55 61 35 50 47 46 12 0 12 43 41 40 42 43 23 37 44 
8 7 39 8 23 33 29 31 25 40 12 2 49 17 45 50 23 39 34 34 6 12 0 31 28 28 30 32 11 36 31 
39 34 16 28 45 42 10 48 40 27 31 32 32 20 26 31 10 16 8 7 33 43 31 0 3 15 15 15 22 49 3 
36 32 15 26 42 39 8 45 37 25 30 30 31 19 24 30 10 15 11 10 30 41 28 3 0 16 16 13 20 45 6 
37 29 31 22 49 51 23 54 47 41 23 29 47 12 40 46 8 31 9 9 33 40 28 15 16 0 1 29 17 57 12 
39 30 31 23 51 53 24 56 48 42 25 31 47 13 41 46 9 31 9 9 35 42 30 15 16 1 0 30 19 58 12 
38 38 7 33 37 30 5 38 30 12 38 34 19 29 13 19 22 7 24 23 31 43 32 15 13 29 30 0 27 37 18 
19 12 33 6 33 39 23 39 32 38 10 11 46 6 41 47 12 33 23 23 16 23 11 22 20 17 19 27 0 43 21 
34 42 43 44 15 6 39 6 10 32 48 37 40 49 40 43 49 43 57 56 29 37 36 49 45 57 58 37 43 0 51 
40 34 19 27 47 45 14 50 42 31 30 32 35 19 29 34 9 19 5 4 34 44 31 3 6 12 12 18 21 51 0 
0 298
227 286
140 199
206 265
181 240
91 150
33 92
3 62
107 166
134 193
18 77
113 172
89 148
56 115
143 202
137 196
179 238
71 130
130 189
181 240
143 202
138 197
116 175
101 160
79 138
116 175
230 289
227 286
205 264
232 291
197 256
