31
0 28 32 4 18 8 23 39 17 14 37 41 13 41 11 31 34 11 23 24 32 16 27 26 11 43 22 16 19 13 35 
28 0 16 28 18 30 21 18 27 21 12 27 33 13 19 4 22 21 23 26 18 12 33 16 26 14 22 25 31 35 15 
32 16 0 34 31 38 36 6 22 19 28 11 42 19 28 20 6 31 13 16 2 18 47 6 24 24 36 20 24 32 3 
4 28 34 0 15 3 20 40 21 17 35 44 9 41 9 30 37 8 27 28 34 17 22 28 15 42 18 20 23 18 37 
18 18 31 15 0 15 6 35 28 22 22 42 15 30 7 18 36 6 30 32 32 13 15 27 24 30 5 27 32 30 32 
8 30 38 3 15 0 19 44 25 21 37 48 5 43 11 32 40 9 30 31 38 20 19 32 19 44 17 24 27 21 40 
23 21 36 20 6 19 0 40 35 28 21 47 18 32 13 20 41 12 36 38 37 19 11 32 30 30 1 34 38 36 36 
39 18 6 40 35 44 40 0 28 25 28 10 48 17 34 21 9 36 20 22 8 24 51 13 31 22 40 27 30 38 3 
17 27 22 21 28 25 35 28 0 7 40 27 30 38 21 32 20 24 8 7 20 17 42 15 5 41 33 1 3 10 25 
14 21 19 17 22 21 28 25 7 0 33 27 26 32 15 25 19 18 9 10 18 10 36 12 5 35 27 5 10 14 22 
37 12 28 35 22 37 21 28 40 33 0 38 37 13 26 8 34 27 36 39 30 23 32 28 38 10 22 38 43 46 26 
41 27 11 44 42 48 47 10 27 27 38 0 52 27 39 31 7 42 19 20 10 29 58 16 31 33 47 26 28 38 12 
13 33 42 9 15 5 18 48 30 26 37 52 0 46 14 34 45 11 35 37 42 24 15 36 24 45 16 30 32 26 44 
41 13 19 41 30 43 32 17 38 32 13 27 46 0 32 12 25 34 31 34 22 25 44 23 38 5 33 36 41 46 16 
11 19 28 9 7 11 13 34 21 15 26 39 14 32 0 21 32 2 24 26 29 10 20 23 17 33 12 20 25 23 30 
31 4 20 30 18 32 20 21 32 25 8 31 34 12 21 0 26 22 28 30 23 15 32 20 30 12 21 30 35 38 19 
34 22 6 37 36 40 41 9 20 19 34 7 45 25 32 26 0 35 12 13 3 22 51 8 24 30 40 19 22 31 8 
11 21 31 8 6 9 12 36 24 18 27 42 11 34 2 22 35 0 27 29 31 12 18 26 19 34 10 23 27 24 32 
23 23 13 27 30 30 36 20 8 9 36 19 35 31 24 28 12 27 0 2 11 16 45 8 12 36 35 7 10 19 17 
24 26 16 28 32 31 38 22 7 10 39 20 37 34 26 30 13 29 2 0 13 19 47 11 12 38 37 7 8 18 19 
32 18 2 34 32 38 37 8 20 18 30 10 42 22 29 23 3 31 11 13 0 19 48 5 23 27 37 18 22 30 6 
16 12 18 17 13 20 19 24 17 10 23 29 24 25 10 15 22 12 16 19 19 0 29 13 14 27 19 15 21 23 20 
27 33 47 22 15 19 11 51 42 36 32 58 15 44 20 32 51 18 45 47 48 29 0 43 36 42 11 41 45 40 47 
26 16 6 28 27 32 32 13 15 12 28 16 36 23 23 20 8 26 8 11 5 13 43 0 18 27 32 14 18 25 9 
11 26 24 15 24 19 30 31 5 5 38 31 24 38 17 30 24 19 12 12 23 14 36 18 0 41 29 5 8 8 27 
43 14 24 42 30 44 30 22 41 35 10 33 45 5 33 12 30 34 36 38 27 27 42 27 41 0 31 39 45 49 21 
22 22 36 18 5 17 1 40 33 27 22 47 16 33 12 21 40 10 35 37 37 19 11 32 29 31 0 32 37 35 36 
16 25 20 20 27 24 34 27 1 5 38 26 30 36 20 30 19 23 7 7 18 15 41 14 5 39 32 0 5 11 24 
19 31 24 23 32 27 38 30 3 10 43 28 32 41 25 35 22 27 10 8 22 21 45 18 8 45 37 5 0 9 28 
13 35 32 18 30 21 36 38 10 14 46 38 26 46 23 38 31 24 19 18 30 23 40 25 8 49 35 11 9 0 35 
35 15 3 37 32 40 36 3 25 22 26 12 44 16 30 19 8 32 17 19 6 20 47 9 27 21 36 24 28 35 0 
0 638
467 467
134 134
23 23
357 357
29 29
11 11
253 253
151 151
341 341
531 531
476 476
545 545
425 425
435 435
556 556
367 367
502 502
594 594
499 499
515 515
496 496
252 252
173 173
171 171
171 171
321 321
592 592
482 482
441 441
320 320
