31
0 31 26 15 5 57 26 13 46 43 6 10 19 26 43 13 24 38 16 37 28 12 44 47 40 44 54 22 42 38 29 
31 0 20 24 33 28 21 26 19 24 38 24 22 20 19 31 34 21 17 5 20 18 16 19 23 13 25 23 13 17 13 
26 20 0 11 31 48 0 14 39 44 30 27 31 34 19 17 43 11 23 25 35 19 37 39 14 27 45 5 22 37 30 
15 24 11 0 21 53 11 3 43 44 19 18 25 30 30 7 36 23 18 30 32 12 40 43 25 34 49 6 30 38 29 
5 33 31 21 0 57 31 18 47 42 9 9 17 24 47 19 20 42 16 38 26 14 44 48 45 46 54 27 45 38 28 
57 28 48 53 57 0 49 55 10 19 63 47 40 34 37 59 48 44 40 23 32 45 12 9 45 24 3 51 29 19 28 
26 21 0 11 31 49 0 14 40 45 30 27 32 35 20 17 44 12 24 26 36 20 38 40 14 27 46 4 23 38 31 
13 26 14 3 18 55 14 0 45 46 16 18 25 31 33 4 35 26 18 32 33 13 42 45 28 37 52 9 33 39 30 
46 19 39 43 47 10 40 45 0 13 53 37 31 24 31 49 39 37 30 14 23 35 2 2 38 18 7 42 23 10 18 
43 24 44 44 42 19 45 46 13 0 50 33 25 17 41 50 30 45 28 22 15 33 14 15 47 30 17 45 33 7 15 
6 38 30 19 9 63 30 16 53 50 0 17 25 32 49 14 29 42 23 43 35 19 51 54 45 50 61 25 48 45 36 
10 24 27 18 9 47 27 18 37 33 17 0 8 15 40 20 17 36 7 29 18 7 35 38 39 38 44 24 36 28 19 
19 22 31 25 17 40 32 25 31 25 25 8 0 7 40 28 12 39 7 26 9 13 29 32 41 35 38 30 35 21 13 
26 20 34 30 24 34 35 31 24 17 32 15 7 0 39 34 15 39 12 22 2 17 23 26 42 32 31 33 33 14 7 
43 19 19 30 47 37 20 33 31 41 49 40 40 39 0 37 53 9 34 19 39 32 29 29 9 12 34 25 7 34 32 
13 31 17 7 19 59 17 4 49 50 14 20 28 34 37 0 37 29 22 37 36 16 47 50 32 42 56 12 38 43 35 
24 34 43 36 20 48 44 35 39 30 29 17 12 15 53 37 0 51 20 38 16 24 38 41 54 47 46 41 48 29 23 
38 21 11 23 42 44 12 26 37 45 42 36 39 39 9 29 51 0 31 23 40 28 35 36 2 20 42 17 15 38 34 
16 17 23 18 16 40 24 18 30 28 23 7 7 12 34 22 20 31 0 22 14 5 28 31 34 31 38 22 30 22 13 
37 5 25 30 38 23 26 32 14 22 43 29 26 22 19 37 38 23 22 0 22 24 11 13 25 9 20 28 11 15 15 
28 20 35 32 26 32 36 33 23 15 35 18 9 2 39 36 16 40 14 22 0 19 22 25 42 32 30 35 33 13 7 
12 18 19 12 14 45 20 13 35 33 19 7 13 17 32 16 24 28 5 24 19 0 32 35 31 32 42 17 30 27 18 
44 16 37 40 44 12 38 42 2 14 51 35 29 23 29 47 38 35 28 11 22 32 0 3 36 16 9 39 21 9 16 
47 19 39 43 48 9 40 45 2 15 54 38 32 26 29 50 41 36 31 13 25 35 3 0 37 17 6 42 22 12 19 
40 23 14 25 45 45 14 28 38 47 45 39 41 42 9 32 54 2 34 25 42 31 36 37 0 21 42 19 15 40 36 
44 13 27 34 46 24 27 37 18 30 50 38 35 32 12 42 47 20 31 9 32 32 16 17 21 0 21 31 5 24 25 
54 25 45 49 54 3 46 52 7 17 61 44 38 31 34 56 46 42 38 20 30 42 9 6 42 21 0 48 27 17 25 
22 23 5 6 27 51 4 9 42 45 25 24 30 33 25 12 41 17 22 28 35 17 39 42 19 31 48 0 26 38 31 
42 13 22 30 45 29 23 33 23 33 48 36 35 33 7 38 48 15 30 11 33 30 21 22 15 5 27 26 0 27 26 
38 17 37 38 38 19 38 39 10 7 45 28 21 14 34 43 29 38 22 15 13 27 9 12 40 24 17 38 27 0 9 
29 13 30 29 28 28 31 30 18 15 36 19 13 7 32 35 23 34 13 15 7 18 16 19 36 25 25 31 26 9 0 
0 212
97 203
54 160
6 112
29 135
42 148
59 165
79 185
24 130
49 155
59 165
44 150
72 178
53 159
78 184
100 206
73 179
15 121
72 178
5 111
99 205
37 143
12 118
42 148
35 141
88 194
81 187
19 125
3 109
97 203
61 167
