31
0 16 20 26 17 34 30 24 16 23 24 14 9 19 28 24 19 8 19 4 29 19 25 13 11 16 32 25 28 17 15 
16 0 29 42 26 39 46 26 6 25 41 11 23 2 27 29 16 16 20 19 13 32 42 13 22 32 40 40 44 6 25 
20 29 0 30 3 14 28 11 33 44 29 33 12 31 17 7 38 13 39 16 38 8 27 33 31 13 12 19 24 33 5 
26 42 30 0 28 43 9 41 41 38 1 37 22 45 47 38 39 30 36 23 55 23 4 35 25 17 39 14 11 42 27 
17 26 3 28 0 17 27 12 30 41 27 30 10 29 18 9 35 10 36 13 36 7 26 30 28 11 15 18 23 31 2 
34 39 14 43 17 0 39 13 45 58 42 46 27 42 16 10 51 26 53 30 45 20 39 46 45 26 4 29 34 45 19 
30 46 28 9 27 39 0 40 46 46 9 43 24 49 46 36 46 32 44 27 59 20 5 41 32 16 34 9 4 47 27 
24 26 11 41 12 13 40 0 32 47 40 34 21 28 5 4 39 16 42 22 31 19 38 35 36 24 15 30 36 32 14 
16 6 33 41 30 45 46 32 0 18 40 5 25 7 33 34 9 20 13 20 17 35 42 8 18 33 45 42 45 0 29 
23 25 44 38 41 58 46 47 18 0 37 14 32 25 49 47 9 31 4 27 35 42 40 12 14 38 56 45 45 18 39 
24 41 29 1 27 42 9 40 40 37 0 36 20 43 45 36 38 28 35 22 54 21 3 34 24 15 38 14 11 41 26 
14 11 33 37 30 46 43 34 5 14 36 0 23 11 36 35 5 19 9 18 22 34 38 3 13 31 45 39 42 5 28 
9 23 12 22 10 27 24 21 25 32 20 23 0 26 26 18 28 8 28 4 35 10 20 22 18 8 25 17 21 26 7 
19 2 31 45 29 42 49 28 7 25 43 11 26 0 28 31 16 19 20 22 11 35 45 15 24 34 42 43 47 6 28 
28 27 17 47 18 16 46 5 33 49 45 36 26 28 0 10 41 20 44 26 29 25 44 37 40 30 19 36 41 33 19 
24 29 7 38 9 10 36 4 34 47 36 35 18 31 10 0 41 16 43 21 35 15 35 36 36 20 11 26 31 34 11 
19 16 38 39 35 51 46 39 9 9 38 5 28 16 41 41 0 25 5 23 25 38 40 5 14 35 51 43 45 9 33 
8 16 13 30 10 26 32 16 20 31 28 19 8 19 20 16 25 0 26 6 27 15 28 20 20 16 25 24 29 20 9 
19 20 39 36 36 53 44 42 13 4 35 9 28 20 44 43 5 26 0 23 30 39 38 7 11 35 52 42 43 14 34 
4 19 16 23 13 30 27 22 20 27 22 18 4 22 26 21 23 6 23 0 32 15 23 18 14 12 29 21 24 21 11 
29 13 38 55 36 45 59 31 17 35 54 22 35 11 29 35 25 27 30 32 0 43 55 25 35 43 46 52 56 16 35 
19 32 8 23 7 20 20 19 35 42 21 34 10 35 25 15 38 15 39 15 43 0 19 33 28 6 17 11 16 36 7 
25 42 27 4 26 39 5 38 42 40 3 38 20 45 44 35 40 28 38 23 55 19 0 36 26 14 35 10 7 42 24 
13 13 33 35 30 46 41 35 8 12 34 3 22 15 37 36 5 20 7 18 25 33 36 0 10 30 46 38 40 9 28 
11 22 31 25 28 45 32 36 18 14 24 13 18 24 40 36 14 20 11 14 35 28 26 10 0 24 43 30 31 19 26 
16 32 13 17 11 26 16 24 33 38 15 31 8 34 30 20 35 16 35 12 43 6 14 30 24 0 23 8 12 34 10 
32 40 12 39 15 4 34 15 45 56 38 45 25 42 19 11 51 25 52 29 46 17 35 46 43 23 0 25 30 45 17 
25 40 19 14 18 29 9 30 42 45 14 39 17 43 36 26 43 24 42 21 52 11 10 38 30 8 25 0 5 42 18 
28 44 24 11 23 34 4 36 45 45 11 42 21 47 41 31 45 29 43 24 56 16 7 40 31 12 30 5 0 45 23 
17 6 33 42 31 45 47 32 0 18 41 5 26 6 33 34 9 20 14 21 16 36 42 9 19 34 45 42 45 0 29 
15 25 5 27 2 19 27 14 29 39 26 28 7 28 19 11 33 9 34 11 35 7 24 28 26 10 17 18 23 29 0 
0 255
65 192
12 139
97 224
82 209
106 233
96 223
28 155
8 135
57 184
60 187
126 253
36 163
49 176
50 177
77 204
94 221
59 186
94 221
91 218
77 204
43 170
12 139
67 194
127 254
48 175
21 148
126 253
36 163
28 155
91 218
