31
0 27 13 24 11 41 27 30 28 7 32 30 14 33 39 24 9 17 3 42 27 37 29 8 37 42 35 17 13 23 38 
27 0 25 14 19 35 3 9 2 31 18 29 16 13 40 30 25 10 28 29 14 11 20 18 16 34 41 25 14 12 14 
13 25 0 14 7 27 24 32 27 21 22 16 9 36 25 10 4 16 17 30 18 32 18 12 28 28 22 4 11 15 39 
24 14 14 0 12 22 11 23 17 30 8 15 10 28 25 16 17 12 26 19 3 17 7 16 13 22 26 13 11 2 29 
11 19 7 12 0 30 18 25 21 19 20 20 2 29 30 16 6 9 14 30 15 27 17 6 25 31 28 9 4 11 33 
41 35 27 22 30 0 31 44 38 49 17 11 30 49 10 18 32 34 44 10 21 31 15 36 22 1 15 23 32 24 48 
27 3 24 11 18 31 0 13 6 32 14 26 15 17 36 28 24 11 29 25 10 9 16 19 12 30 37 23 14 9 18 
30 9 32 23 25 44 13 0 6 32 27 38 22 4 49 39 31 15 30 38 23 17 29 22 24 44 49 33 20 21 8 
28 2 27 17 21 38 6 6 0 31 21 32 18 10 43 33 27 11 29 31 17 12 23 20 18 37 43 28 16 15 12 
7 31 21 30 19 49 32 32 31 0 39 38 20 34 46 32 17 21 4 49 34 42 36 14 43 49 43 25 19 29 40 
32 18 22 8 20 17 14 27 21 39 0 15 18 31 23 20 25 20 35 11 5 15 4 25 7 16 26 19 20 10 31 
30 29 16 15 20 11 26 38 32 38 15 0 20 43 10 7 21 26 33 16 15 30 10 26 22 12 11 12 23 17 44 
14 16 9 10 2 30 15 22 18 20 18 20 0 27 30 17 9 7 16 29 13 24 16 6 23 30 29 10 2 9 30 
33 13 36 28 29 49 17 4 10 34 31 43 27 0 53 43 35 19 33 42 28 21 34 26 28 48 54 37 24 25 6 
39 40 25 25 30 10 36 49 43 46 23 10 30 53 0 14 29 36 42 20 25 39 20 36 30 11 6 21 33 28 54 
24 30 10 16 16 18 28 39 33 32 20 7 17 43 14 0 14 24 27 24 19 33 15 22 27 19 11 7 20 18 45 
9 25 4 17 6 32 24 31 27 17 25 21 9 35 29 14 0 15 12 34 21 33 21 9 30 32 26 8 10 17 39 
17 10 16 12 9 34 11 15 11 21 20 26 7 19 36 24 15 0 18 31 15 20 19 8 22 34 36 18 5 10 23 
3 28 17 26 14 44 29 30 29 4 35 33 16 33 42 27 12 18 0 45 30 39 32 10 39 45 38 21 15 25 38 
42 29 30 19 30 10 25 38 31 49 11 16 29 42 20 24 34 31 45 0 16 22 12 35 13 9 25 26 31 21 40 
27 14 18 3 15 21 10 23 17 34 5 15 13 28 25 19 21 15 30 16 0 14 5 20 9 20 27 16 15 4 28 
37 11 32 17 27 31 9 17 12 42 15 30 24 21 39 33 33 20 39 22 14 0 19 28 9 30 41 30 24 16 18 
29 20 18 7 17 15 16 29 23 36 4 10 16 34 20 15 21 19 32 12 5 19 0 23 12 15 22 15 18 9 34 
8 18 12 16 6 36 19 22 20 14 25 26 6 26 36 22 9 8 10 35 20 28 23 0 28 36 34 15 5 15 30 
37 16 28 13 25 22 12 24 18 43 7 22 23 28 30 27 30 22 39 13 9 9 12 28 0 21 33 26 23 14 27 
42 34 28 22 31 1 30 44 37 49 16 12 30 48 11 19 32 34 45 9 20 30 15 36 21 0 17 24 32 24 48 
35 41 22 26 28 15 37 49 43 43 26 11 29 54 6 11 26 36 38 25 27 41 22 34 33 17 0 19 32 28 55 
17 25 4 13 9 23 23 33 28 25 19 12 10 37 21 7 8 18 21 26 16 30 15 15 26 24 19 0 13 14 40 
13 14 11 11 4 32 14 20 16 19 20 23 2 24 33 20 10 5 15 31 15 24 18 5 23 32 32 13 0 10 28 
23 12 15 2 11 24 9 21 15 29 10 17 9 25 28 18 17 10 25 21 4 16 9 15 14 24 28 14 10 0 27 
38 14 39 29 33 48 18 8 12 40 31 44 30 6 54 45 39 23 38 40 28 18 34 30 27 48 55 40 28 27 0 
0 596
64 362
92 390
13 311
236 534
202 500
177 475
81 379
159 457
249 547
37 335
251 549
270 568
94 392
51 349
146 444
282 580
127 425
26 324
132 430
88 386
153 451
170 468
137 435
81 379
126 424
5 303
188 486
181 479
118 416
19 317
