31
0 17 17 16 32 31 28 15 32 40 25 28 6 10 29 8 13 12 9 6 16 10 29 27 23 27 10 9 49 29 7 
17 0 10 32 18 36 14 31 14 26 20 22 24 12 28 10 31 20 22 15 16 21 26 31 22 17 17 19 36 16 10 
17 10 0 27 14 26 24 26 21 22 10 13 22 7 18 14 29 12 25 18 23 25 16 22 12 9 22 23 31 26 12 
16 32 27 0 41 26 44 0 47 49 30 34 10 20 29 24 8 15 20 22 31 22 31 22 26 34 25 23 56 45 23 
32 18 14 41 0 31 28 40 19 7 12 10 37 22 20 27 44 26 39 32 35 39 17 29 18 7 36 37 17 30 26 
31 36 26 26 31 0 51 25 47 36 19 20 31 25 11 35 33 19 40 37 46 41 14 4 14 25 42 41 39 52 33 
28 14 24 44 28 51 0 44 12 33 34 35 35 26 42 20 42 34 29 23 17 27 40 46 37 30 22 25 43 2 21 
15 31 26 0 40 25 44 0 46 48 30 33 9 19 29 23 8 14 20 21 30 22 30 21 25 34 25 23 55 44 22 
32 14 21 47 19 47 12 46 0 22 27 28 39 26 36 24 46 34 36 28 26 35 34 43 32 22 30 32 32 14 24 
40 26 22 49 7 36 33 48 22 0 18 16 45 30 25 35 52 33 47 40 42 47 22 35 24 14 43 45 10 35 33 
25 20 10 30 12 19 34 30 27 18 0 3 29 15 8 24 35 15 34 28 34 34 6 16 5 5 32 33 25 35 22 
28 22 13 34 10 20 35 33 28 16 3 0 32 18 9 27 38 19 37 31 37 38 6 18 8 5 35 36 21 37 25 
6 24 22 10 37 31 35 9 39 45 29 32 0 15 31 15 7 14 10 12 21 12 32 26 26 31 15 13 53 35 14 
10 12 7 20 22 25 26 19 26 30 15 18 15 0 20 10 22 7 18 13 20 19 20 21 14 16 17 18 38 27 7 
29 28 18 29 20 11 42 29 36 25 8 9 31 20 0 30 35 17 38 33 41 39 2 10 6 14 38 38 28 44 28 
8 10 14 24 27 35 20 23 24 35 24 27 15 10 30 0 22 17 12 4 10 11 30 31 24 24 8 9 45 20 2 
13 31 29 8 44 33 42 8 46 52 35 38 7 22 35 22 0 19 14 19 27 16 37 29 31 38 20 18 60 42 21 
12 20 12 15 26 19 34 14 34 33 15 19 14 7 17 17 19 0 21 18 27 23 17 14 12 19 23 22 40 35 14 
9 22 25 20 39 40 29 20 36 47 34 37 10 18 38 12 14 21 0 7 12 2 38 35 32 35 6 4 56 28 13 
6 15 18 22 32 37 23 21 28 40 28 31 12 13 33 4 19 18 7 0 9 7 33 32 27 28 4 5 49 23 6 
16 16 23 31 35 46 17 30 26 42 34 37 21 20 41 10 27 27 12 9 0 10 40 41 35 33 6 8 52 16 13 
10 21 25 22 39 41 27 22 35 47 34 38 12 19 39 11 16 23 2 7 10 0 39 37 33 35 5 2 56 27 13 
29 26 16 31 17 14 40 30 34 22 6 6 32 20 2 30 37 17 38 33 40 39 0 12 5 11 38 38 26 42 27 
27 31 22 22 29 4 46 21 43 35 16 18 26 21 10 31 29 14 35 32 41 37 12 0 11 22 37 36 38 48 28 
23 22 12 26 18 14 37 25 32 24 5 8 26 14 6 24 31 12 32 27 35 33 5 11 0 11 32 32 30 38 22 
27 17 9 34 7 25 30 34 22 14 5 5 31 16 14 24 38 19 35 28 33 35 11 22 11 0 32 33 22 32 22 
10 17 22 25 36 42 22 25 30 43 32 35 15 17 38 8 20 23 6 4 6 5 38 37 32 32 0 2 53 22 10 
9 19 23 23 37 41 25 23 32 45 33 36 13 18 38 9 18 22 4 5 8 2 38 36 32 33 2 0 54 24 11 
49 36 31 56 17 39 43 55 32 10 25 21 53 38 28 45 60 40 56 49 52 56 26 38 30 22 53 54 0 46 43 
29 16 26 45 30 52 2 44 14 35 35 37 35 27 44 20 42 35 28 23 16 27 42 48 38 32 22 24 46 0 22 
7 10 12 23 26 33 21 22 24 33 22 25 14 7 28 2 21 14 13 6 13 13 27 28 22 22 10 11 43 22 0 
0 596
88 266
337 515
250 428
157 335
329 507
284 462
386 564
385 563
204 382
14 192
212 390
178 356
195 373
127 305
171 349
274 452
233 411
174 352
22 200
33 211
270 448
287 465
37 215
56 234
67 245
39 217
207 385
379 557
292 470
51 229
