31
0 36 13 18 35 42 41 4 30 46 15 42 7 30 49 31 5 37 41 19 31 24 35 37 18 29 47 48 21 30 30 
36 0 37 39 37 8 23 36 11 12 21 6 35 18 35 31 32 23 36 39 9 16 27 38 18 18 14 34 24 11 6 
13 37 0 5 23 40 34 8 35 44 16 43 5 24 39 20 16 29 30 32 29 21 25 24 21 36 50 38 30 34 30 
18 39 5 0 19 41 32 14 38 45 20 44 11 24 36 16 22 27 27 37 30 22 23 20 25 40 53 35 35 37 32 
35 37 23 19 0 35 19 31 42 37 28 41 28 18 18 5 36 15 8 52 27 22 10 1 32 46 51 17 44 41 32 
42 8 40 41 35 0 18 41 20 4 27 6 40 17 30 31 39 20 32 47 11 19 25 36 24 27 17 28 32 19 12 
41 23 34 32 19 18 0 38 32 19 28 25 36 10 12 16 40 4 14 53 15 17 9 19 29 39 36 10 40 31 22 
4 36 8 14 31 41 38 0 31 45 14 43 3 28 46 27 9 34 38 23 30 23 31 32 19 31 48 44 24 31 30 
30 11 35 38 42 20 32 31 0 24 18 16 31 24 45 36 25 31 43 28 17 19 34 43 13 6 17 43 13 1 10 
46 12 44 45 37 4 19 45 24 0 31 9 44 20 29 33 43 22 33 51 15 23 26 38 29 31 19 28 36 23 16 
15 21 16 20 28 27 28 14 18 31 0 28 13 17 38 22 12 24 32 25 16 10 23 30 5 20 34 36 16 17 15 
42 6 43 44 41 6 25 43 16 9 28 0 41 22 36 36 38 26 39 44 14 22 30 42 24 22 11 35 29 15 12 
7 35 5 11 28 40 36 3 31 44 13 41 0 25 43 24 11 31 34 26 28 21 28 29 18 32 48 41 25 31 29 
30 18 24 24 18 17 10 28 24 20 17 22 25 0 21 13 29 7 18 42 8 6 9 20 18 30 33 20 30 23 14 
49 35 39 36 18 30 12 46 45 29 38 36 43 21 0 19 49 13 10 63 27 28 14 18 40 51 47 1 52 43 34 
31 31 20 16 5 31 16 27 36 33 22 36 24 13 19 0 32 12 10 47 21 16 7 7 26 41 46 18 39 35 27 
5 32 16 22 36 39 40 9 25 43 12 38 11 29 49 32 0 36 42 15 28 22 35 38 14 23 42 47 15 24 26 
37 23 29 27 15 20 4 34 31 22 24 26 31 7 13 12 36 0 12 50 14 14 4 16 26 37 37 12 38 30 21 
41 36 30 27 8 32 14 38 43 33 32 39 34 18 10 10 42 12 0 57 26 24 9 7 35 48 50 9 48 42 32 
19 39 32 37 52 47 53 23 28 51 25 44 26 42 63 47 15 50 57 0 39 35 49 54 24 23 45 62 15 29 35 
31 9 29 30 27 11 15 30 17 15 16 14 28 8 27 21 28 14 26 39 0 8 17 28 15 23 24 26 25 16 6 
24 16 21 22 22 19 17 23 19 23 10 22 21 6 28 16 22 14 24 35 8 0 14 23 11 24 31 26 24 18 11 
35 27 25 23 10 25 9 31 34 26 23 30 28 9 14 7 35 4 9 49 17 14 0 11 26 39 41 13 39 33 23 
37 38 24 20 1 36 19 32 43 38 30 42 29 20 18 7 38 16 7 54 28 23 11 0 34 48 53 17 46 42 34 
18 18 21 25 32 24 29 19 13 29 5 24 18 18 40 26 14 26 35 24 15 11 26 34 0 15 29 38 12 12 12 
29 18 36 40 46 27 39 31 6 31 20 22 32 30 51 41 23 37 48 23 23 24 39 48 15 0 21 49 8 7 17 
47 14 50 53 51 17 36 48 17 19 34 11 48 33 47 46 42 37 50 45 24 31 41 53 29 21 0 46 29 17 20 
48 34 38 35 17 28 10 44 43 28 36 35 41 20 1 18 47 12 9 62 26 26 13 17 38 49 46 0 50 42 32 
21 24 30 35 44 32 40 24 13 36 16 29 25 30 52 39 15 38 48 15 25 24 39 46 12 8 29 50 0 13 20 
30 11 34 37 41 19 31 31 1 23 17 15 31 23 43 35 24 30 42 29 16 18 33 42 12 7 17 42 13 0 9 
30 6 30 32 32 12 22 30 10 16 15 12 29 14 34 27 26 21 32 35 6 11 23 34 12 17 20 32 20 9 0 
0 340
196 332
82 218
138 274
145 281
83 219
43 179
156 292
166 302
193 329
100 236
186 322
45 181
3 139
12 148
122 258
107 243
89 225
86 222
144 280
16 152
192 328
195 331
93 229
184 320
50 186
179 315
14 150
133 269
72 208
58 194
