31
0 20 19 14 2 6 33 22 21 25 15 16 25 21 17 22 32 15 19 21 23 11 29 24 22 17 21 19 20 16 19 
20 0 10 34 20 14 39 34 29 39 8 20 43 34 31 17 36 5 1 11 4 31 49 39 19 24 36 36 39 8 34 
19 10 0 33 20 14 28 25 34 43 15 11 44 27 34 7 26 9 8 21 15 27 45 32 9 16 39 38 34 2 37 
14 34 33 0 13 20 40 28 21 17 27 27 12 24 13 35 40 29 33 32 37 10 19 25 35 27 13 8 14 31 11 
2 20 20 13 0 6 35 24 19 23 15 18 23 23 15 24 34 15 19 21 24 12 29 26 25 19 19 17 20 18 17 
6 14 14 20 6 0 34 25 21 28 9 15 30 24 20 19 32 8 12 16 17 17 35 28 20 18 24 23 26 11 23 
33 39 28 40 35 34 0 12 54 56 41 19 52 16 50 21 3 36 37 48 43 29 38 19 19 16 52 49 30 30 50 
22 34 25 28 24 25 12 0 43 44 34 13 39 3 38 20 12 30 32 41 39 17 27 8 19 9 40 36 18 25 38 
21 29 34 21 19 21 54 43 0 12 20 36 22 41 8 40 53 26 29 20 28 28 41 44 41 38 12 16 35 31 12 
25 39 43 17 23 28 56 44 12 0 31 41 11 41 8 47 56 35 39 32 40 27 33 42 48 41 4 8 31 40 6 
15 8 15 27 15 9 41 34 20 31 0 22 36 34 22 22 39 6 8 7 9 27 45 38 24 26 28 29 35 12 27 
16 20 11 27 18 15 19 13 36 41 22 0 40 15 33 8 17 17 19 29 25 19 35 20 8 4 37 35 25 12 35 
25 43 44 12 23 30 52 39 22 11 36 40 0 36 15 47 52 39 42 39 45 22 23 35 47 39 10 7 23 42 10 
21 34 27 24 23 24 16 3 41 41 34 15 36 0 36 23 16 30 33 41 39 14 23 5 21 11 37 33 14 27 35 
17 31 34 13 15 20 50 38 8 8 22 33 15 36 0 39 49 27 30 24 32 22 32 37 40 34 5 8 28 31 4 
22 17 7 35 24 19 21 20 40 47 22 8 47 23 39 0 19 16 16 28 22 27 44 28 2 12 43 41 33 9 41 
32 36 26 40 34 32 3 12 53 56 39 17 52 16 49 19 0 33 34 46 41 29 40 20 17 14 52 48 31 28 50 
15 5 9 29 15 8 36 30 26 35 6 17 39 30 27 16 33 0 3 12 9 26 44 35 18 21 32 32 34 6 30 
19 1 8 33 19 12 37 32 29 39 8 19 42 33 30 16 34 3 0 12 6 29 48 38 18 23 36 36 38 6 34 
21 11 21 32 21 16 48 41 20 32 7 29 39 41 24 28 46 12 12 0 9 33 50 45 30 33 30 32 42 19 29 
23 4 15 37 24 17 43 39 28 40 9 25 45 39 32 22 41 9 6 9 0 35 53 44 24 29 37 38 43 13 36 
11 31 27 10 12 17 29 17 28 27 27 19 22 14 22 27 29 26 29 33 35 0 18 15 27 17 23 19 8 25 21 
29 49 45 19 29 35 38 27 41 33 45 35 23 23 32 44 40 44 48 50 53 18 0 19 43 32 30 25 10 44 29 
24 39 32 25 26 28 19 8 44 42 38 20 35 5 37 28 20 35 38 45 44 15 19 0 27 16 38 33 11 32 36 
22 19 9 35 25 20 19 19 41 48 24 8 47 21 40 2 17 18 18 30 24 27 43 27 0 11 44 42 33 11 42 
17 24 16 27 19 18 16 9 38 41 26 4 39 11 34 12 14 21 23 33 29 17 32 16 11 0 37 34 21 16 35 
21 36 39 13 19 24 52 40 12 4 28 37 10 37 5 43 52 32 36 30 37 23 30 38 44 37 0 4 27 36 1 
19 36 38 8 17 23 49 36 16 8 29 35 7 33 8 41 48 32 36 32 38 19 25 33 42 34 4 0 23 35 4 
20 39 34 14 20 26 30 18 35 31 35 25 23 14 28 33 31 34 38 42 43 8 10 11 33 21 27 23 0 33 26 
16 8 2 31 18 11 30 25 31 40 12 12 42 27 31 9 28 6 6 19 13 25 44 32 11 16 36 35 33 0 34 
19 34 37 11 17 23 50 38 12 6 27 35 10 35 4 41 50 30 34 29 36 21 29 36 42 35 1 4 26 34 0 
0 404
31 192
143 304
104 265
28 189
209 370
2 163
61 222
131 292
160 321
17 178
33 194
218 379
21 182
236 397
171 332
207 368
150 311
185 346
128 289
41 202
87 248
239 400
19 180
103 264
35 196
41 202
184 345
152 313
35 196
96 257
