31
0 18 31 21 13 6 22 34 10 9 26 40 0 32 19 30 24 11 34 29 27 9 16 41 17 18 6 23 9 13 27 
18 0 30 34 32 17 5 36 28 22 19 29 18 21 1 13 8 10 41 11 11 27 30 25 0 8 13 34 10 6 23 
31 30 0 24 40 36 35 7 37 24 49 18 32 52 29 27 39 24 17 37 24 30 25 28 30 22 33 20 25 26 6 
21 34 24 0 21 27 39 21 19 13 47 41 22 53 34 41 42 24 15 45 37 13 5 48 34 29 27 4 24 28 25 
13 32 40 21 0 16 34 41 3 16 35 52 13 42 33 44 37 24 37 43 41 10 17 55 31 32 18 25 23 27 38 
6 17 36 27 16 0 18 39 13 14 20 42 5 27 18 30 20 12 40 27 27 15 22 42 16 19 3 29 11 13 31 
22 5 35 39 34 18 0 42 31 26 15 33 21 16 6 15 3 15 47 8 14 31 35 27 5 13 16 39 15 11 29 
34 36 7 21 41 39 42 0 38 26 55 25 35 58 35 35 45 29 10 44 32 30 24 36 36 28 37 17 30 31 14 
10 28 37 19 3 13 31 38 0 12 33 48 10 40 29 40 34 20 35 39 37 7 15 51 27 28 15 23 19 23 34 
9 22 24 13 16 14 26 26 12 0 34 36 9 39 22 31 29 12 25 33 27 6 8 40 21 18 14 14 11 15 22 
26 19 49 47 35 20 15 55 33 34 0 48 25 7 21 31 13 25 58 21 30 36 42 42 19 27 20 48 25 23 43 
40 29 18 41 52 42 33 25 48 36 48 0 40 47 27 18 35 29 35 29 18 43 40 12 29 22 39 37 31 29 15 
0 18 32 22 13 5 21 35 10 9 25 40 0 31 19 30 24 10 34 29 27 10 16 41 17 18 5 24 9 13 28 
32 21 52 53 42 27 16 58 40 39 7 47 31 0 22 29 13 29 62 18 30 42 48 40 21 29 25 53 29 26 45 
19 1 29 34 33 18 6 35 29 22 21 27 19 22 0 12 9 10 40 10 10 27 30 24 2 7 15 34 11 7 22 
30 13 27 41 44 30 15 35 40 31 31 18 30 29 12 0 17 20 42 11 3 37 38 11 14 12 27 39 21 17 20 
24 8 39 42 37 20 3 45 34 29 13 35 24 13 9 17 0 18 50 7 17 33 38 29 9 17 18 42 18 15 32 
11 10 24 24 24 12 15 29 20 12 25 29 10 29 10 20 18 0 32 21 16 17 20 30 9 7 9 24 1 3 19 
34 41 17 15 37 40 47 10 35 25 58 35 34 62 40 42 50 32 0 50 39 27 19 45 41 33 38 11 32 35 22 
29 11 37 45 43 27 8 44 39 33 21 29 29 18 10 11 7 21 50 0 12 38 41 21 12 16 24 44 21 17 30 
27 11 24 37 41 27 14 32 37 27 30 18 27 30 10 3 17 16 39 12 0 33 34 14 12 8 24 35 17 14 18 
9 27 30 13 10 15 31 30 7 6 36 43 10 42 27 37 33 17 27 38 33 0 8 46 26 24 16 16 16 20 28 
16 30 25 5 17 22 35 24 15 8 42 40 16 48 30 38 38 20 19 41 34 8 0 45 29 25 22 8 19 23 24 
41 25 28 48 55 42 27 36 51 40 42 12 41 40 24 11 29 30 45 21 14 46 45 0 26 22 38 45 31 28 23 
17 0 30 34 31 16 5 36 27 21 19 29 17 21 2 14 9 9 41 12 12 26 29 26 0 8 12 33 9 5 23 
18 8 22 29 32 19 13 28 28 18 27 22 18 29 7 12 17 7 33 16 8 24 25 22 8 0 16 28 9 6 15 
6 13 33 27 18 3 16 37 15 14 20 39 5 25 15 27 18 9 38 24 24 16 22 38 12 16 0 28 8 10 28 
23 34 20 4 25 29 39 17 23 14 48 37 24 53 34 39 42 24 11 44 35 16 8 45 33 28 28 0 24 27 22 
9 10 25 24 23 11 15 30 19 11 25 31 9 29 11 21 18 1 32 21 17 16 19 31 9 9 8 24 0 4 20 
13 6 26 28 27 13 11 31 23 15 23 29 13 26 7 17 15 3 35 17 14 20 23 28 5 6 10 27 4 0 20 
27 23 6 25 38 31 29 14 34 22 43 15 28 45 22 20 32 19 22 30 18 28 24 23 23 15 28 22 20 20 0 
0 298
73 73
50 50
233 233
177 177
94 94
233 233
193 193
179 179
253 253
50 50
120 120
25 25
106 106
199 199
81 81
85 85
187 187
76 76
231 231
5 5
166 166
14 14
257 257
223 223
145 145
196 196
44 44
193 193
117 117
4 4
