31
0 19 17 5 41 24 7 8 19 22 27 12 33 23 36 29 43 34 41 20 39 13 26 34 39 29 18 25 16 17 37 
19 0 26 22 38 5 23 16 5 25 17 20 34 13 20 13 36 14 30 1 32 32 9 37 24 18 15 11 4 7 31 
17 26 0 12 27 31 10 24 22 8 20 6 17 36 32 39 30 36 32 27 28 15 28 17 34 42 32 23 22 18 24 
5 22 12 0 38 27 2 13 21 19 26 8 29 28 36 33 40 36 40 23 37 10 28 30 39 34 23 26 18 18 35 
41 38 27 38 0 40 36 46 32 19 20 29 10 51 26 50 5 38 16 39 9 42 32 12 25 56 51 27 36 31 6 
24 5 31 27 40 0 28 20 9 29 20 25 37 12 20 9 38 10 31 3 33 37 8 40 24 15 17 13 9 12 34 
7 23 10 2 36 28 0 16 21 17 25 7 27 30 36 35 38 36 39 24 35 9 28 27 39 36 25 26 19 18 33 
8 16 24 13 46 20 16 0 19 29 29 18 39 16 36 23 47 31 44 17 43 21 25 40 40 21 9 26 14 18 42 
19 5 22 21 32 9 21 19 0 20 12 17 29 18 17 18 31 15 26 6 27 30 7 32 21 23 20 7 4 3 26 
22 25 8 19 19 29 17 29 20 0 14 10 10 37 26 39 21 33 24 26 19 23 24 12 27 43 35 19 21 17 16 
27 17 20 26 20 20 25 29 12 14 0 18 18 31 12 29 18 19 14 18 14 34 12 22 13 35 32 6 16 11 14 
12 20 6 8 29 25 7 18 17 10 18 0 21 30 30 33 31 32 32 21 28 15 23 22 32 36 26 20 16 13 26 
33 34 17 29 10 37 27 39 29 10 18 21 0 46 29 47 14 38 22 35 15 32 31 3 28 52 46 25 31 26 11 
23 13 36 28 51 12 30 16 18 37 31 30 46 0 32 8 49 21 43 12 45 37 20 49 36 6 7 24 15 20 45 
36 20 32 36 26 20 36 36 17 26 12 30 29 32 0 27 22 13 12 21 17 45 11 32 3 35 36 10 22 19 20 
29 13 39 33 50 9 35 23 18 39 29 33 47 8 27 0 47 15 39 12 43 43 17 50 31 7 16 22 17 21 43 
43 36 30 40 5 38 38 47 31 21 18 31 14 49 22 47 0 35 10 37 4 45 30 18 20 54 51 25 35 30 5 
34 14 36 36 38 10 36 31 15 33 19 32 38 21 13 15 35 0 25 13 30 45 8 42 16 23 27 13 18 18 32 
41 30 32 40 16 31 39 44 26 24 14 32 22 43 12 39 10 25 0 30 7 47 22 26 9 46 46 18 30 26 10 
20 1 27 23 39 3 24 17 6 26 18 21 35 12 21 12 37 13 30 0 32 33 9 38 24 17 15 12 5 9 32 
39 32 28 37 9 33 35 43 27 19 14 28 15 45 17 43 4 30 7 32 0 43 25 19 15 49 47 20 30 26 3 
13 32 15 10 42 37 9 21 30 23 34 15 32 37 45 43 45 45 47 33 43 0 37 31 47 43 31 35 28 27 40 
26 9 28 28 32 8 28 25 7 24 12 23 31 20 11 17 30 8 22 9 25 37 0 34 15 24 24 5 11 10 25 
34 37 17 30 12 40 27 40 32 12 22 22 3 49 32 50 18 42 26 38 19 31 34 0 32 54 47 29 33 29 15 
39 24 34 39 25 24 39 40 21 27 13 32 28 36 3 31 20 16 9 24 15 47 15 32 0 39 40 14 25 22 18 
29 18 42 34 56 15 36 21 23 43 35 36 52 6 35 7 54 23 46 17 49 43 24 54 39 0 12 29 21 25 49 
18 15 32 23 51 17 25 9 20 35 32 26 46 7 36 16 51 27 46 15 47 31 24 47 40 12 0 27 16 20 46 
25 11 23 26 27 13 26 26 7 19 6 20 25 24 10 22 25 13 18 12 20 35 5 29 14 29 27 0 11 8 20 
16 4 22 18 36 9 19 14 4 21 16 16 31 15 22 17 35 18 30 5 30 28 11 33 25 21 16 11 0 4 30 
17 7 18 18 31 12 18 18 3 17 11 13 26 20 19 21 30 18 26 9 26 27 10 29 22 25 20 8 4 0 25 
37 31 24 35 6 34 33 42 26 16 14 26 11 45 20 43 5 32 10 32 3 40 25 15 18 49 46 20 30 25 0 
0 532
260 526
135 401
253 519
235 501
84 350
123 389
249 515
189 455
155 421
228 494
67 333
170 436
30 296
262 528
145 411
186 452
265 531
36 302
211 477
152 418
78 344
61 327
104 370
129 395
42 308
261 527
121 387
175 441
169 435
42 308
