31
0 33 25 7 14 44 18 8 26 17 44 24 30 9 17 45 38 33 13 3 0 38 4 30 34 48 40 3 21 15 25 
33 0 17 37 23 32 28 25 31 17 17 43 39 31 44 44 13 33 20 33 34 9 36 40 9 45 32 35 43 41 7 
25 17 0 25 11 21 30 18 14 17 20 27 22 28 29 29 13 17 18 26 25 15 28 23 12 31 19 25 27 27 12 
7 37 25 0 15 42 26 13 22 23 46 17 24 17 9 40 39 30 20 11 7 40 10 25 37 44 38 4 13 7 30 
14 23 11 15 0 30 24 8 14 14 31 21 21 18 20 33 24 21 12 15 14 25 18 22 22 36 27 14 19 17 16 
44 32 21 42 30 0 52 39 20 39 21 34 23 49 41 16 19 14 39 46 44 24 48 24 23 13 4 43 36 40 32 
18 28 30 26 24 52 0 16 38 13 44 41 45 9 35 57 38 45 12 15 18 37 16 45 34 60 49 21 38 33 22 
8 25 18 13 8 39 16 0 23 10 37 26 28 10 21 42 30 29 6 8 8 30 11 29 26 45 35 10 23 19 17 
26 31 14 22 14 20 38 23 0 28 30 15 8 33 21 19 24 7 26 29 26 28 30 9 25 22 15 24 17 20 26 
17 17 17 23 14 39 13 10 28 0 32 35 35 14 31 46 25 33 3 16 18 24 19 36 21 48 37 20 33 29 10 
44 17 20 46 31 21 44 37 30 32 0 46 38 45 50 36 6 29 34 45 45 7 48 39 10 35 23 45 47 47 22 
24 43 27 17 21 34 41 26 15 35 46 0 11 33 9 26 40 20 32 27 23 42 27 11 39 31 29 21 3 9 37 
30 39 22 24 21 23 45 28 8 35 38 11 0 38 19 16 33 9 33 33 29 36 34 0 33 20 19 27 13 19 34 
9 31 28 17 18 49 9 10 33 14 45 33 38 0 26 52 39 40 11 5 9 38 7 38 35 55 46 12 30 24 24 
17 44 29 9 20 41 35 21 21 31 50 9 19 26 0 36 43 27 28 20 16 45 19 20 41 40 37 13 6 2 36 
45 44 29 40 33 16 57 42 19 46 36 26 16 52 36 0 33 12 45 48 45 38 49 16 36 4 13 43 30 35 42 
38 13 13 39 24 19 38 30 24 25 6 40 33 39 43 33 0 24 27 38 38 4 41 33 4 33 20 38 40 41 16 
33 33 17 30 21 14 45 29 7 33 29 20 9 40 27 12 24 0 32 36 33 28 37 10 26 15 9 32 22 26 30 
13 20 18 20 12 39 12 6 26 3 34 32 33 11 28 45 27 32 0 12 14 26 15 34 23 47 37 16 30 26 12 
3 33 26 11 15 46 15 8 29 16 45 27 33 5 20 48 38 36 12 0 3 38 2 33 35 51 43 6 24 18 25 
0 34 25 7 14 44 18 8 26 18 45 23 29 9 16 45 38 33 14 3 0 38 4 30 35 48 40 2 20 14 26 
38 9 15 40 25 24 37 30 28 24 7 42 36 38 45 38 4 28 26 38 38 0 41 37 3 37 25 39 43 42 14 
4 36 28 10 18 48 16 11 30 19 48 27 34 7 19 49 41 37 15 2 4 41 0 34 38 52 45 6 24 18 28 
30 40 23 25 22 24 45 29 9 36 39 11 0 38 20 16 33 10 34 33 30 37 34 0 34 20 19 28 14 19 35 
34 9 12 37 22 23 34 26 25 21 10 39 33 35 41 36 4 26 23 35 35 3 38 34 0 36 23 35 39 39 11 
48 45 31 44 36 13 60 45 22 48 35 31 20 55 40 4 33 15 47 51 48 37 52 20 36 0 12 46 34 39 43 
40 32 19 38 27 4 49 35 15 37 23 29 19 46 37 13 20 9 37 43 40 25 45 19 23 12 0 39 31 35 31 
3 35 25 4 14 43 21 10 24 20 45 21 27 12 13 43 38 32 16 6 2 39 6 28 35 46 39 0 17 12 27 
21 43 27 13 19 36 38 23 17 33 47 3 13 30 6 30 40 22 30 24 20 43 24 14 39 34 31 17 0 6 36 
15 41 27 7 17 40 33 19 20 29 47 9 19 24 2 35 41 26 26 18 14 42 18 19 39 39 35 12 6 0 34 
25 7 12 30 16 32 22 17 26 10 22 37 34 24 36 42 16 30 12 25 26 14 28 35 11 43 31 27 36 34 0 
0 276
35 117
122 204
112 194
1 83
121 203
102 184
66 148
122 204
107 189
168 250
112 194
49 131
11 93
101 183
16 98
172 254
104 186
16 98
123 205
179 261
148 230
0 82
121 203
147 229
5 87
169 251
119 201
166 248
152 234
40 122
