31
0 45 23 14 45 40 52 57 34 24 16 22 24 17 48 11 14 7 15 45 7 21 26 45 18 25 20 1 48 10 33 
45 0 39 34 18 22 11 18 13 44 37 29 45 42 16 36 32 52 49 29 52 24 36 0 28 34 25 44 4 41 12 
23 39 0 12 29 23 40 43 25 5 8 9 6 7 33 14 25 27 14 24 29 23 3 39 14 4 17 22 39 30 30 
14 34 12 0 31 26 39 43 21 15 4 7 16 10 34 3 12 20 15 30 21 12 13 34 5 11 8 13 35 18 23 
45 18 29 31 0 6 12 13 14 34 32 24 35 35 4 34 36 51 43 11 52 28 26 18 26 25 25 44 15 45 21 
40 22 23 26 6 0 18 20 13 27 26 18 29 29 10 29 33 46 37 7 47 25 19 22 22 18 21 39 19 41 22 
52 11 40 39 12 18 0 6 18 45 41 33 47 45 8 41 41 59 53 23 59 32 37 11 34 35 32 51 6 50 21 
57 18 43 43 13 20 6 0 23 48 44 36 49 48 9 46 46 63 56 23 64 37 40 18 38 38 36 56 13 55 28 
34 13 25 21 14 13 18 23 0 31 24 16 32 29 15 23 23 41 36 21 41 14 23 13 16 21 13 33 14 32 8 
24 44 5 15 34 27 45 48 31 0 10 15 1 6 38 17 28 26 12 28 28 27 8 44 19 10 22 23 44 32 35 
16 37 8 4 32 26 41 44 24 10 0 8 11 5 35 6 17 20 12 29 22 17 9 37 9 8 12 14 38 22 27 
22 29 9 7 24 18 33 36 16 15 8 0 16 12 27 10 18 27 20 22 29 14 8 30 6 6 8 20 30 25 20 
24 45 6 16 35 29 47 49 32 1 11 16 0 7 39 18 29 25 11 29 28 29 9 45 20 11 23 23 45 33 37 
17 42 7 10 35 29 45 48 29 6 5 12 7 0 39 11 22 20 8 31 22 23 10 42 15 10 18 16 43 26 32 
48 16 33 34 4 10 8 9 15 38 35 27 39 39 0 37 39 55 47 14 56 30 30 17 30 29 28 47 12 48 22 
11 36 14 3 34 29 41 46 23 17 6 10 18 11 37 0 10 17 15 33 18 13 16 36 7 14 10 10 37 15 24 
14 32 25 12 36 33 41 46 23 28 17 18 29 22 39 10 0 21 24 39 20 9 25 32 12 23 11 13 35 9 20 
7 52 27 20 51 46 59 63 41 26 20 27 25 20 55 17 21 0 14 50 2 28 29 52 25 29 27 8 55 16 40 
15 49 14 15 43 37 53 56 36 12 12 20 11 8 47 15 24 14 0 39 17 28 18 49 21 18 24 14 50 25 38 
45 29 24 30 11 7 23 23 21 28 29 22 29 31 14 33 39 50 39 0 51 31 21 29 27 20 27 43 26 47 29 
7 52 29 21 52 47 59 64 41 28 22 29 28 22 56 18 20 2 17 51 0 28 31 52 26 31 27 8 55 15 40 
21 24 23 12 28 25 32 37 14 27 17 14 29 23 30 13 9 28 28 31 28 0 22 24 8 20 5 20 26 18 11 
26 36 3 13 26 19 37 40 23 8 9 8 9 10 30 16 25 29 18 21 31 22 0 36 14 2 17 24 36 32 29 
45 0 39 34 18 22 11 18 13 44 37 30 45 42 17 36 32 52 49 29 52 24 36 0 28 34 25 44 5 41 12 
18 28 14 5 26 22 34 38 16 19 9 6 20 15 30 7 12 25 21 27 26 8 14 28 0 11 3 17 30 20 17 
25 34 4 11 25 18 35 38 21 10 8 6 11 10 29 14 23 29 18 20 31 20 2 34 11 0 14 23 34 30 26 
20 25 17 8 25 21 32 36 13 22 12 8 23 18 28 10 11 27 24 27 27 5 17 25 3 14 0 19 27 20 14 
1 44 22 13 44 39 51 56 33 23 14 20 23 16 47 10 13 8 14 43 8 20 24 44 17 23 19 0 46 11 32 
48 4 39 35 15 19 6 13 14 44 38 30 45 43 12 37 35 55 50 26 55 26 36 5 30 34 27 46 0 44 15 
10 41 30 18 45 41 50 55 32 32 22 25 33 26 48 15 9 16 25 47 15 18 32 41 20 30 20 11 44 0 28 
33 12 30 23 21 22 21 28 8 35 27 20 37 32 22 24 20 40 38 29 40 11 29 12 17 26 14 32 15 28 0 
0 362
64 245
82 263
68 249
4 185
172 353
111 292
57 238
127 308
166 347
27 208
174 355
36 217
60 241
102 283
123 304
166 347
50 231
152 333
53 234
178 359
164 345
78 259
146 327
107 288
115 296
11 192
122 303
173 354
150 331
42 223
