31
0 17 25 16 34 31 10 23 12 22 32 34 26 32 19 18 27 17 12 31 35 18 23 14 22 22 15 19 37 31 25 
17 0 38 30 17 14 7 26 21 10 17 19 22 14 31 30 12 20 27 23 24 7 36 29 5 27 28 32 21 22 14 
25 38 0 34 48 52 31 48 16 45 55 57 29 51 39 38 50 20 13 36 42 41 40 31 43 46 9 5 59 37 49 
16 30 34 0 48 41 23 17 27 29 40 42 43 43 5 3 36 33 21 47 51 27 7 2 32 15 26 29 46 48 30 
34 17 48 48 0 15 24 43 33 23 20 21 21 12 49 48 20 28 41 17 13 23 54 47 17 44 40 43 20 14 27 
31 14 52 41 15 0 21 31 36 11 4 6 32 3 40 40 6 33 42 30 28 14 46 41 9 33 43 47 7 28 13 
10 7 31 23 24 21 0 23 15 13 23 25 22 22 25 24 18 16 20 25 28 9 30 22 12 24 22 26 28 25 18 
23 26 48 17 43 31 23 0 36 19 28 30 46 34 13 14 25 39 34 48 50 19 18 19 25 2 38 42 33 48 17 
12 21 16 27 33 36 15 36 0 29 38 41 18 35 31 30 34 6 9 24 29 25 34 24 27 35 7 11 43 25 34 
22 10 45 29 23 11 13 19 29 0 11 13 32 14 28 28 6 29 33 32 33 4 34 29 6 21 35 40 16 31 4 
32 17 55 40 20 4 23 28 38 11 0 2 36 8 39 39 5 37 44 34 33 14 44 40 11 30 45 49 5 33 10 
34 19 57 42 21 6 25 30 41 13 2 0 38 9 41 41 7 39 46 36 34 16 46 42 13 32 47 51 3 34 12 
26 22 29 43 21 32 22 46 18 32 36 38 0 29 46 45 33 11 27 6 12 29 50 40 26 46 24 26 39 8 37 
32 14 51 43 12 3 22 34 35 14 8 9 29 0 42 42 9 32 42 27 24 16 48 42 10 36 42 46 9 25 16 
19 31 39 5 49 40 25 13 31 28 39 41 46 42 0 1 35 36 26 50 53 27 5 8 32 11 31 34 44 50 28 
18 30 38 3 48 40 24 14 30 28 39 41 45 42 1 0 34 35 24 49 52 26 5 6 32 11 30 33 44 49 28 
27 12 50 36 20 6 18 25 34 6 5 7 33 9 35 34 0 32 39 32 31 9 40 35 7 27 40 44 10 30 7 
17 20 20 33 28 33 16 39 6 29 37 39 11 32 36 35 32 0 16 17 23 25 40 30 25 38 13 15 40 18 34 
12 27 13 21 41 42 20 34 9 33 44 46 27 42 26 24 39 16 0 34 39 29 28 18 33 32 5 8 48 35 37 
31 23 36 47 17 30 25 48 24 32 34 36 6 27 50 49 32 17 34 0 6 30 55 45 26 49 30 32 36 2 37 
35 24 42 51 13 28 28 50 29 33 33 34 12 24 53 52 31 23 39 6 0 31 58 49 26 51 36 38 34 4 37 
18 7 41 27 23 14 9 19 25 4 14 16 29 16 27 26 9 25 29 30 31 0 32 26 5 21 31 36 19 29 8 
23 36 40 7 54 46 30 18 34 34 44 46 50 48 5 5 40 40 28 55 58 32 0 10 38 15 34 36 49 55 34 
14 29 31 2 47 41 22 19 24 29 40 42 40 42 8 6 35 30 18 45 49 26 10 0 32 17 24 27 46 46 30 
22 5 43 32 17 9 12 25 27 6 11 13 26 10 32 32 7 25 33 26 26 5 38 32 0 27 34 38 15 25 10 
22 27 46 15 44 33 24 2 35 21 30 32 46 36 11 11 27 38 32 49 51 21 15 17 27 0 37 41 35 48 20 
15 28 9 26 40 43 22 38 7 35 45 47 24 42 31 30 40 13 5 30 36 31 34 24 34 37 0 4 50 31 40 
19 32 5 29 43 47 26 42 11 40 49 51 26 46 34 33 44 15 8 32 38 36 36 27 38 41 4 0 54 34 44 
37 21 59 46 20 7 28 33 43 16 5 3 39 9 44 44 10 40 48 36 34 19 49 46 15 35 50 54 0 34 15 
31 22 37 48 14 28 25 48 25 31 33 34 8 25 50 49 30 18 35 2 4 29 55 46 25 48 31 34 34 0 36 
25 14 49 30 27 13 18 17 34 4 10 12 37 16 28 28 7 34 37 37 37 8 34 30 10 20 40 44 15 36 0 
0 596
144 382
10 248
192 430
127 365
182 420
174 412
347 585
254 492
108 346
59 297
98 336
107 345
297 535
18 256
28 266
84 322
60 298
186 424
79 317
287 525
99 337
281 519
313 551
19 257
269 507
348 586
157 395
218 456
328 566
81 319
