31
0 35 39 34 12 29 10 27 2 13 21 35 19 35 23 36 19 14 33 44 27 5 45 41 25 19 19 15 40 9 25 
35 0 11 5 42 34 26 8 34 32 17 12 40 16 41 19 15 46 5 14 42 37 30 16 24 44 20 29 16 27 40 
39 11 0 7 42 28 29 15 39 32 18 24 38 7 38 9 20 47 8 25 38 42 19 27 20 43 20 37 27 30 36 
34 5 7 0 39 29 24 8 34 29 14 18 36 10 37 13 14 44 1 20 38 36 25 21 19 41 16 30 21 25 36 
12 42 42 39 0 22 16 34 15 9 24 44 9 36 13 36 26 5 38 53 17 17 42 51 23 6 22 27 50 15 15 
29 34 28 29 22 0 23 29 30 15 18 43 14 21 11 19 24 28 28 48 10 34 21 49 9 19 17 38 48 22 9 
10 26 29 24 16 23 0 18 10 10 11 28 19 25 22 26 10 20 23 36 25 13 36 34 16 21 9 15 33 1 22 
27 8 15 8 34 29 18 0 27 25 11 14 33 15 34 19 7 38 6 20 36 29 30 19 19 37 13 22 19 19 34 
2 34 39 34 15 30 10 27 0 15 22 33 22 35 26 37 19 16 32 43 29 3 46 40 26 21 20 13 38 10 27 
13 32 32 29 9 15 10 25 15 0 15 37 9 26 12 27 17 15 28 45 15 18 34 44 14 12 12 24 42 8 13 
21 17 18 14 24 18 11 11 22 15 0 24 22 13 23 15 6 30 13 31 25 25 25 31 9 26 2 23 30 12 23 
35 12 24 18 44 43 28 14 33 37 24 0 46 28 48 31 19 48 17 9 50 35 43 6 33 49 26 23 5 29 47 
19 40 38 36 9 14 19 33 22 9 22 46 0 31 4 31 26 14 35 53 7 25 35 52 18 5 20 33 51 17 6 
35 16 7 10 36 21 25 15 35 26 13 28 31 0 31 3 17 42 10 30 31 39 14 32 13 37 15 36 32 26 29 
23 41 38 37 13 11 22 34 26 12 23 48 4 31 0 29 28 18 36 55 3 29 32 54 17 8 21 37 53 20 2 
36 19 9 13 36 19 26 19 37 27 15 31 31 3 29 0 20 42 14 34 29 40 11 35 12 36 17 38 35 27 28 
19 15 20 14 26 24 10 7 19 17 6 19 26 17 28 20 0 30 13 27 30 22 31 26 15 29 6 18 25 11 28 
14 46 47 44 5 28 20 38 16 15 30 48 14 42 18 42 30 0 43 57 21 17 48 55 29 9 27 29 53 19 20 
33 5 8 1 38 28 23 6 32 28 13 17 35 10 36 14 13 43 0 20 37 35 25 21 19 40 15 29 21 24 35 
44 14 25 20 53 48 36 20 43 45 31 9 53 30 55 34 27 57 20 0 56 44 44 4 39 57 33 33 6 38 54 
27 42 38 38 17 10 25 36 29 15 25 50 7 31 3 29 30 21 37 56 0 32 31 56 18 11 23 40 55 23 2 
5 37 42 36 17 34 13 29 3 18 25 35 25 39 29 40 22 17 35 44 32 0 50 41 30 23 23 12 40 13 30 
45 30 19 25 42 21 36 30 46 34 25 43 35 14 32 11 31 48 25 44 31 50 0 46 20 41 27 49 46 36 30 
41 16 27 21 51 49 34 19 40 44 31 6 52 32 54 35 26 55 21 4 56 41 46 0 39 55 32 30 2 36 54 
25 24 20 19 23 9 16 19 26 14 9 33 18 13 17 12 15 29 19 39 18 30 20 39 0 23 8 31 38 16 16 
19 44 43 41 6 19 21 37 21 12 26 49 5 37 8 36 29 9 40 57 11 23 41 55 23 0 24 33 54 19 11 
19 20 20 16 22 17 9 13 20 12 2 26 20 15 21 17 6 27 15 33 23 23 27 32 8 24 0 23 31 10 21 
15 29 37 30 27 38 15 22 13 24 23 23 33 36 37 38 18 29 29 33 40 12 49 30 31 33 23 0 28 16 37 
40 16 27 21 50 48 33 19 38 42 30 5 51 32 53 35 25 53 21 6 55 40 46 2 38 54 31 28 0 35 53 
9 27 30 25 15 22 1 19 10 8 12 29 17 26 20 27 11 19 24 38 23 13 36 36 16 19 10 16 35 0 21 
25 40 36 36 15 9 22 34 27 13 23 47 6 29 2 28 28 20 35 54 2 30 30 54 16 11 21 37 53 21 0 
0 362
18 162
187 331
11 155
148 292
15 159
17 161
21 165
117 261
142 286
21 165
10 154
151 295
184 328
6 150
148 292
195 339
118 262
13 157
76 220
136 280
51 195
70 214
171 315
96 240
77 221
13 157
3 147
175 319
67 211
99 243
