31
0 2 13 24 11 24 27 38 35 32 28 11 7 37 30 12 20 15 11 27 27 40 19 43 17 26 40 22 28 27 39 
2 0 14 22 9 23 26 35 33 29 26 9 9 35 27 14 19 14 14 25 25 39 19 40 14 26 38 20 26 25 37 
13 14 0 33 22 22 20 46 31 39 35 23 6 38 41 8 33 28 13 34 38 35 8 50 22 39 36 35 31 34 36 
24 22 33 0 13 22 32 13 30 8 6 14 31 23 9 36 27 19 36 5 10 37 33 19 12 30 35 17 15 5 31 
11 9 22 13 0 21 28 26 32 21 18 2 18 30 18 23 18 11 23 16 16 38 24 32 10 24 37 14 21 16 35 
24 23 22 22 21 0 10 32 11 23 20 24 25 15 32 30 40 32 33 19 32 17 16 31 11 46 16 35 10 19 14 
27 26 20 32 28 10 0 43 13 34 31 31 25 24 42 29 46 39 33 30 42 15 11 42 20 52 16 43 21 30 17 
38 35 46 13 26 32 43 0 37 8 12 27 44 26 11 49 36 30 49 13 15 43 45 9 25 38 40 25 22 12 37 
35 33 31 30 32 11 13 37 0 29 26 34 35 13 40 40 51 43 43 26 41 6 23 34 22 56 5 45 15 26 4 
32 29 39 8 21 23 34 8 29 0 3 22 38 18 13 43 35 28 44 4 16 35 37 11 17 38 32 24 13 4 28 
28 26 35 6 18 20 31 12 26 3 0 19 34 17 14 39 33 26 40 1 16 33 33 14 13 37 30 23 10 1 26 
11 9 23 14 2 24 31 27 34 22 19 0 18 32 18 23 16 8 22 18 15 41 26 34 12 21 39 12 23 18 37 
7 9 6 31 18 25 25 44 35 38 34 18 0 40 37 5 26 22 8 33 34 40 15 49 21 33 40 29 32 33 39 
37 35 38 23 30 15 24 26 13 18 17 32 40 0 31 45 48 40 48 17 34 18 32 21 20 53 15 40 8 17 11 
30 27 41 9 18 32 42 11 40 13 14 18 37 31 0 42 25 20 41 14 4 47 41 20 22 27 44 13 25 14 41 
12 14 8 36 23 30 29 49 40 43 39 23 5 45 42 0 28 26 5 38 39 44 17 54 27 34 44 33 37 38 44 
20 19 33 27 18 40 46 36 51 35 33 16 26 48 25 28 0 7 25 32 21 57 39 45 29 6 56 11 39 32 53 
15 14 28 19 11 32 39 30 43 28 26 8 22 40 20 26 7 0 23 25 15 49 33 38 21 13 48 7 31 25 46 
11 14 13 36 23 33 33 49 43 44 40 22 8 48 41 5 25 23 0 39 37 48 22 55 28 30 48 31 39 39 47 
27 25 34 5 16 19 30 13 26 4 1 18 33 17 14 38 32 25 39 0 16 32 32 15 12 36 30 23 10 0 26 
27 25 38 10 16 32 42 15 41 16 16 15 34 34 4 39 21 15 37 16 0 48 40 25 21 22 46 9 26 16 42 
40 39 35 37 38 17 15 43 6 35 33 41 40 18 47 44 57 49 48 32 48 0 26 39 28 63 3 51 22 33 7 
19 19 8 33 24 16 11 45 23 37 33 26 15 32 41 17 39 33 22 32 40 26 0 47 20 45 27 38 26 32 28 
43 40 50 19 32 31 42 9 34 11 14 34 49 21 20 54 45 38 55 15 25 39 47 0 28 48 36 34 20 15 32 
17 14 22 12 10 11 20 25 22 17 13 12 21 20 22 27 29 21 28 12 21 28 20 28 0 34 27 23 11 12 24 
26 26 39 30 24 46 52 38 56 38 37 21 33 53 27 34 6 13 30 36 22 63 45 48 34 0 61 13 44 36 59 
40 38 36 35 37 16 16 40 5 32 30 39 40 15 44 44 56 48 48 30 46 3 27 36 27 61 0 50 19 30 3 
22 20 35 17 14 35 43 25 45 24 23 12 29 40 13 33 11 7 31 23 9 51 38 34 23 13 50 0 31 22 47 
28 26 31 15 21 10 21 22 15 13 10 23 32 8 25 37 39 31 39 10 26 22 26 20 11 44 19 31 0 11 16 
27 25 34 5 16 19 30 12 26 4 1 18 33 17 14 38 32 25 39 0 16 33 32 15 12 36 30 22 11 0 27 
39 37 36 31 35 14 17 37 4 28 26 37 39 11 41 44 53 46 47 26 42 7 28 32 24 59 3 47 16 27 0 
0 340
199 233
35 69
278 312
139 173
50 84
248 282
86 120
230 264
9 43
96 130
252 286
258 292
245 279
304 338
134 168
41 75
286 320
158 192
284 318
84 118
187 221
192 226
87 121
33 67
244 278
168 202
210 244
172 206
33 67
53 87
