31
0 8 36 33 1 25 35 37 27 14 38 40 42 36 34 4 39 33 12 19 41 14 17 38 9 27 18 33 42 23 3 
8 0 34 28 9 19 29 28 24 12 30 37 34 35 26 12 31 25 4 13 36 7 18 33 16 25 11 32 40 17 10 
36 34 0 11 36 20 16 38 9 22 28 3 28 6 34 37 34 39 34 44 13 36 19 9 35 9 43 7 5 46 38 
33 28 11 0 32 10 5 27 8 18 17 12 18 16 22 35 22 28 27 35 8 28 19 5 34 9 35 16 15 37 35 
1 9 36 32 0 26 35 37 27 14 38 39 42 35 35 3 40 34 13 21 41 16 17 38 7 27 19 32 41 24 2 
25 19 20 10 26 0 9 19 13 13 14 22 17 24 15 28 17 19 17 25 17 18 18 15 29 13 24 23 25 26 28 
35 29 16 5 35 9 0 22 14 21 11 17 12 22 18 37 17 24 27 34 8 28 24 8 37 14 33 22 19 35 37 
37 28 38 27 37 19 22 0 32 30 12 40 15 44 4 41 7 4 25 23 30 22 37 31 44 33 24 42 42 22 39 
27 24 9 8 27 13 14 32 0 13 24 12 26 11 28 29 29 32 25 35 16 27 11 12 27 0 34 10 15 37 29 
14 12 22 18 14 13 21 30 13 0 27 26 31 23 26 16 30 29 13 24 27 16 7 24 16 13 22 20 28 27 16 
38 30 28 17 38 14 11 12 24 27 0 29 4 34 8 41 5 15 27 31 18 27 32 19 43 25 31 33 31 30 41 
40 37 3 12 39 22 17 40 12 26 29 0 29 8 35 41 34 41 37 47 12 39 23 9 39 12 46 10 2 49 42 
42 34 28 18 42 17 12 15 26 31 4 29 0 35 12 45 7 18 31 35 17 31 35 19 47 26 35 34 31 35 45 
36 35 6 16 35 24 22 44 11 23 34 8 35 0 39 36 39 44 36 46 19 38 18 16 33 11 45 2 9 49 37 
34 26 34 22 35 15 18 4 28 26 8 35 12 39 0 38 5 6 23 23 26 21 32 26 41 28 24 37 37 23 37 
4 12 37 35 3 28 37 41 29 16 41 41 45 36 38 0 43 37 16 24 43 19 18 40 5 29 22 33 43 27 2 
39 31 34 22 40 17 17 7 29 30 5 34 7 39 5 43 0 11 28 29 24 26 36 25 46 30 30 38 37 28 42 
33 25 39 28 34 19 24 4 32 29 15 41 18 44 6 37 11 0 21 19 32 19 35 32 41 33 20 42 43 17 36 
12 4 34 27 13 17 27 25 25 13 27 37 31 36 23 16 28 21 0 11 35 3 20 32 20 25 9 33 40 14 14 
19 13 44 35 21 25 34 23 35 24 31 47 35 46 23 24 29 19 11 0 43 8 31 41 29 35 1 44 49 3 21 
41 36 13 8 41 17 8 30 16 27 18 12 17 19 26 43 24 32 35 43 0 36 27 4 43 16 42 20 13 44 44 
14 7 36 28 16 18 28 22 27 16 27 39 31 38 21 19 26 19 3 8 36 0 23 34 23 27 6 36 42 10 17 
17 18 19 19 17 18 24 37 11 7 32 23 35 18 32 18 36 35 20 31 27 23 0 23 15 11 29 15 25 34 19 
38 33 9 5 38 15 8 31 12 24 19 9 19 16 26 40 25 32 32 41 4 34 23 0 39 12 40 16 11 42 40 
9 16 35 34 7 29 37 44 27 16 43 39 47 33 41 5 46 41 20 29 43 23 15 39 0 27 27 30 40 32 8 
27 25 9 9 27 13 14 33 0 13 25 12 26 11 28 29 30 33 25 35 16 27 11 12 27 0 34 9 14 37 30 
18 11 43 35 19 24 33 24 34 22 31 46 35 45 24 22 30 20 9 1 42 6 29 40 27 34 0 42 48 5 20 
33 32 7 16 32 23 22 42 10 20 33 10 34 2 37 33 38 42 33 44 20 36 15 16 30 9 42 0 11 46 35 
42 40 5 15 41 25 19 42 15 28 31 2 31 9 37 43 37 43 40 49 13 42 25 11 40 14 48 11 0 51 44 
23 17 46 37 24 26 35 22 37 27 30 49 35 49 23 27 28 17 14 3 44 10 34 42 32 37 5 46 51 0 25 
3 10 38 35 2 28 37 39 29 16 41 42 45 37 37 2 42 36 14 21 44 17 19 40 8 30 20 35 44 25 0 
0 638
109 364
259 514
94 349
153 408
40 295
145 400
34 289
149 404
363 618
12 267
150 405
325 580
197 452
281 536
35 290
11 266
114 369
260 515
99 354
38 293
264 519
7 262
128 383
275 530
67 322
42 297
63 318
64 319
184 439
139 394
