31
0 29 13 32 43 40 24 10 6 32 6 11 31 28 38 42 28 15 37 24 41 25 9 43 43 12 10 43 17 24 25 
29 0 15 3 56 37 43 37 34 12 34 39 46 3 55 33 30 40 49 31 54 41 37 27 31 39 19 41 43 7 35 
13 15 0 18 48 36 31 22 18 20 19 24 36 14 45 35 25 26 41 23 45 30 22 33 35 24 3 40 29 10 26 
32 3 18 0 57 37 45 39 36 11 37 41 48 4 56 32 30 42 50 32 55 43 40 25 30 41 22 41 45 10 36 
43 56 48 57 0 26 20 35 37 47 46 36 11 53 6 35 27 31 6 25 2 18 38 44 37 33 46 24 30 57 21 
40 37 36 37 26 0 29 38 38 25 46 40 24 34 29 8 11 37 22 16 25 25 40 18 11 38 37 3 38 41 17 
24 43 31 45 20 29 0 14 17 39 26 16 8 41 15 36 21 10 14 16 18 4 17 42 38 13 29 30 10 42 13 
10 37 22 39 35 38 14 0 3 36 11 2 23 35 30 41 27 4 29 21 33 17 2 44 43 2 18 39 7 33 20 
6 34 18 36 37 38 17 3 0 34 9 5 25 32 32 41 26 8 31 21 35 19 3 43 42 5 15 40 11 29 21 
32 12 20 11 47 25 39 36 34 0 38 39 39 9 47 20 20 39 41 23 45 35 38 14 18 38 23 29 41 18 27 
6 34 19 37 46 46 26 11 9 38 0 11 34 33 41 48 34 16 40 29 44 28 9 49 49 13 15 48 18 28 30 
11 39 24 41 36 40 16 2 5 39 11 0 25 37 31 44 29 5 31 24 34 19 2 47 46 2 20 42 7 34 23 
31 46 36 48 11 24 8 23 25 39 34 25 0 43 8 32 19 19 5 16 9 6 26 39 34 22 35 23 19 46 11 
28 3 14 4 53 34 41 35 32 9 33 37 43 0 52 30 26 38 46 28 51 39 36 24 28 37 18 38 41 9 32 
38 55 45 56 6 29 15 30 32 47 41 31 8 52 0 37 27 25 6 24 6 14 32 45 40 28 43 28 24 54 19 
42 33 35 32 35 8 36 41 41 20 48 44 32 30 37 0 15 41 30 20 33 31 44 9 2 42 37 11 43 38 23 
28 30 25 30 27 11 21 27 26 20 34 29 19 26 27 15 0 26 21 5 25 17 29 20 16 27 26 14 28 32 8 
15 40 26 42 31 37 10 4 8 39 16 5 19 38 25 41 26 0 25 20 29 14 7 45 43 2 22 38 3 37 19 
37 49 41 50 6 22 14 29 31 41 40 31 5 46 6 30 21 25 0 18 4 12 32 39 33 28 40 21 25 50 14 
24 31 23 32 25 16 16 21 21 23 29 24 16 28 24 20 5 20 18 0 23 12 23 25 22 21 23 19 22 31 4 
41 54 45 55 2 25 18 33 35 45 44 34 9 51 6 33 25 29 4 23 0 16 36 42 36 32 44 23 28 54 19 
25 41 30 43 18 25 4 17 19 35 28 19 6 39 14 31 17 14 12 12 16 0 20 37 33 16 29 25 14 40 8 
9 37 22 40 38 40 17 2 3 38 9 2 26 36 32 44 29 7 32 23 36 20 0 46 45 4 18 42 9 32 23 
43 27 33 25 44 18 42 44 43 14 49 47 39 24 45 9 20 45 39 25 42 37 46 0 6 46 36 21 47 33 29 
43 31 35 30 37 11 38 43 42 18 49 46 34 28 40 2 16 43 33 22 36 33 45 6 0 44 37 14 45 37 25 
12 39 24 41 33 38 13 2 5 38 13 2 22 37 28 42 27 2 28 21 32 16 4 46 44 0 21 40 5 35 20 
10 19 3 22 46 37 29 18 15 23 15 20 35 18 43 37 26 22 40 23 44 29 18 36 37 21 0 40 25 14 26 
43 41 40 41 24 3 30 39 40 29 48 42 23 38 28 11 14 38 21 19 23 25 42 21 14 40 40 0 39 45 19 
17 43 29 45 30 38 10 7 11 41 18 7 19 41 24 43 28 3 25 22 28 14 9 47 45 5 25 39 0 40 20 
24 7 10 10 57 41 42 33 29 18 28 34 46 9 54 38 32 37 50 31 54 40 32 33 37 35 14 45 40 0 35 
25 35 26 36 21 17 13 20 21 27 30 23 11 32 19 23 8 19 14 4 19 8 23 29 25 20 26 19 20 35 0 
0 532
88 141
243 296
0 53
368 421
12 65
327 380
313 366
289 342
294 347
57 110
302 355
385 438
184 237
392 445
197 250
359 412
340 393
408 461
352 405
336 389
374 427
138 191
476 529
142 195
424 477
42 95
91 144
240 293
448 501
274 327
