31
0 29 24 27 12 32 22 34 30 27 43 26 21 15 34 29 47 17 27 26 24 36 30 7 29 3 18 28 46 33 32 
29 0 28 27 17 6 33 5 19 14 32 18 29 41 6 26 42 35 13 15 6 19 8 35 1 28 10 20 42 26 10 
24 28 0 4 18 34 44 31 12 37 56 38 41 39 34 6 64 41 36 37 29 45 34 30 27 26 22 10 64 48 37 
27 27 4 0 20 34 47 30 10 38 57 40 44 43 33 2 65 44 37 38 29 45 34 34 26 30 23 7 65 49 37 
12 17 18 20 0 21 26 22 20 20 39 21 23 26 23 21 46 24 20 20 14 29 20 19 18 12 7 18 45 30 23 
32 6 34 34 21 0 30 7 26 9 26 14 27 41 3 32 36 35 9 11 7 12 2 38 8 30 14 27 36 21 3 
22 33 44 47 26 30 0 37 45 21 25 16 3 18 34 47 25 8 21 19 26 26 28 21 34 19 26 44 25 17 28 
34 5 31 30 22 7 37 0 21 16 32 21 33 46 4 28 43 40 16 18 11 19 9 41 4 33 16 23 43 28 10 
30 19 12 10 20 26 45 21 0 32 51 35 42 46 25 7 61 45 31 33 23 38 27 38 18 32 19 2 60 44 30 
27 14 37 38 20 9 21 16 32 0 19 4 17 34 13 37 28 26 0 2 8 8 7 32 16 25 14 32 28 12 7 
43 32 56 57 39 26 25 32 51 19 0 18 23 43 28 56 11 33 20 19 28 13 24 45 34 40 33 52 11 9 22 
26 18 38 40 21 14 16 21 35 4 18 0 13 31 17 39 25 22 5 2 12 10 11 29 20 23 16 35 25 9 12 
21 29 41 44 23 27 3 33 42 17 23 13 0 20 30 44 25 10 18 15 22 22 24 22 30 18 22 41 25 15 25 
15 41 39 43 26 41 18 46 46 34 43 31 20 0 44 44 44 10 34 32 35 41 39 8 42 13 30 44 43 35 41 
34 6 34 33 23 3 34 4 25 13 28 17 30 44 0 32 39 38 12 15 9 15 6 40 7 33 16 26 39 24 6 
29 26 6 2 21 32 47 28 7 37 56 39 44 44 32 0 65 45 36 37 28 44 33 36 25 31 23 5 65 48 36 
47 42 64 65 46 36 25 43 61 28 11 25 25 44 39 65 0 33 29 27 37 24 34 47 44 44 42 61 0 16 32 
17 35 41 44 24 35 8 40 45 26 33 22 10 10 38 45 33 0 26 24 29 32 32 14 37 15 27 43 33 25 33 
27 13 36 37 20 9 21 16 31 0 20 5 18 34 12 36 29 26 0 2 7 9 6 32 15 25 13 31 29 12 6 
26 15 37 38 20 11 19 18 33 2 19 2 15 32 15 37 27 24 2 0 9 9 9 30 17 24 14 33 27 11 9 
24 6 29 29 14 7 26 11 23 8 28 12 22 35 9 28 37 29 7 9 0 15 6 30 8 23 7 24 37 20 8 
36 19 45 45 29 12 26 19 38 8 13 10 22 41 15 44 24 32 9 9 15 0 11 40 20 34 22 39 24 10 8 
30 8 34 34 20 2 28 9 27 7 24 11 24 39 6 33 34 32 6 9 6 11 0 36 9 28 13 28 34 18 2 
7 35 30 34 19 38 21 41 38 32 45 29 22 8 40 36 47 14 32 30 30 40 36 0 36 7 25 36 47 36 38 
29 1 27 26 18 8 34 4 18 16 34 20 30 42 7 25 44 37 15 17 8 20 9 36 0 29 11 19 44 28 12 
3 28 26 30 12 30 19 33 32 25 40 23 18 13 33 31 44 15 25 24 23 34 28 7 29 0 18 30 43 30 31 
18 10 22 23 7 14 26 16 19 14 33 16 22 30 16 23 42 27 13 14 7 22 13 25 11 18 0 19 41 25 16 
28 20 10 7 18 27 44 23 2 32 52 35 41 44 26 5 61 43 31 33 24 39 28 36 19 30 19 0 60 44 31 
46 42 64 65 45 36 25 43 60 28 11 25 25 43 39 65 0 33 29 27 37 24 34 47 44 43 41 60 0 16 32 
33 26 48 49 30 21 17 28 44 12 9 9 15 35 24 48 16 25 12 11 20 10 18 36 28 30 25 44 16 0 17 
32 10 37 37 23 3 28 10 30 7 22 12 25 41 6 36 32 33 6 9 8 8 2 38 12 31 16 31 32 17 0 
0 575
16 303
180 467
88 375
92 379
63 350
190 477
65 352
116 403
11 298
145 432
233 520
201 488
278 565
201 488
189 476
279 566
181 468
284 571
115 402
109 396
264 551
219 506
29 316
218 505
111 398
285 572
112 399
192 479
25 312
249 536
