31
0 21 15 49 14 27 38 29 30 38 32 16 35 18 2 25 29 10 32 1 6 26 26 9 42 0 46 27 11 30 29 
21 0 23 28 9 10 18 23 14 24 11 13 37 9 24 16 9 21 35 20 18 33 28 23 21 21 29 23 29 9 22 
15 23 0 45 15 33 33 17 37 28 29 10 20 26 16 35 33 5 16 15 20 11 11 6 39 14 36 14 10 28 40 
49 28 45 0 35 29 12 33 30 23 17 35 48 36 52 38 24 45 48 48 46 49 44 48 7 48 18 35 54 18 42 
14 9 15 35 0 18 24 19 22 25 18 6 31 11 16 20 18 11 28 12 12 25 22 14 28 13 32 19 20 16 26 
27 10 33 29 18 0 22 33 4 33 16 23 47 9 30 9 4 29 45 26 21 43 39 31 22 27 36 33 37 15 14 
38 18 33 12 24 22 0 22 25 14 6 23 37 27 40 31 18 33 37 37 35 38 32 36 6 37 13 23 42 8 36 
29 23 17 33 19 33 22 0 37 11 21 13 15 30 31 39 31 20 15 29 31 16 10 22 28 28 20 2 27 21 45 
30 14 37 30 22 4 25 37 0 37 20 28 51 12 32 7 7 33 50 28 24 47 43 35 25 30 39 37 40 19 11 
38 24 28 23 25 33 14 11 37 0 17 21 25 33 40 40 29 30 26 37 38 28 22 33 20 37 8 14 38 18 46 
32 11 29 17 18 16 6 21 20 17 0 19 37 20 34 25 12 28 36 31 29 35 30 31 10 31 19 22 37 1 30 
16 13 10 35 6 23 23 13 28 21 19 0 24 18 19 27 23 9 22 16 18 19 15 12 29 16 29 12 18 17 33 
35 37 20 48 31 47 37 15 51 25 37 24 0 43 36 52 46 25 3 35 40 9 9 26 43 34 33 14 28 36 57 
18 9 26 36 11 9 27 30 12 33 20 18 43 0 20 9 12 21 40 16 12 37 34 23 29 18 39 30 28 18 14 
2 24 16 52 16 30 40 31 32 40 34 19 36 20 0 27 32 11 32 4 9 27 27 9 45 3 48 29 10 33 31 
25 16 35 38 20 9 31 39 7 40 25 27 52 9 27 0 13 30 49 24 18 46 43 31 31 25 44 38 36 23 5 
29 9 33 24 18 4 18 31 7 29 12 23 46 12 32 13 0 30 44 28 24 42 38 32 18 29 32 31 38 11 18 
10 21 5 45 11 29 33 20 33 30 28 9 25 21 11 30 30 0 21 10 15 16 16 2 38 9 38 18 9 27 35 
32 35 16 48 28 45 37 15 50 26 36 22 3 40 32 49 44 21 0 32 36 6 6 23 43 31 34 13 24 35 55 
1 20 15 48 12 26 37 29 28 37 31 16 35 16 4 24 28 10 32 0 5 27 26 9 41 1 45 27 12 29 28 
6 18 20 46 12 21 35 31 24 38 29 18 40 12 9 18 24 15 36 5 0 32 30 14 39 7 45 30 18 27 22 
26 33 11 49 25 43 38 16 47 28 35 19 9 37 27 46 42 16 6 27 32 0 5 17 44 25 37 14 18 35 51 
26 28 11 44 22 39 32 10 43 22 30 15 9 34 27 43 38 16 6 26 30 5 0 17 38 25 31 8 20 29 48 
9 23 6 48 14 31 36 22 35 33 31 12 26 23 9 31 32 2 23 9 14 17 17 0 41 8 41 20 6 29 36 
42 21 39 7 28 22 6 28 25 20 10 29 43 29 45 31 18 38 43 41 39 44 38 41 0 41 17 30 47 11 36 
0 21 14 48 13 27 37 28 30 37 31 16 34 18 3 25 29 9 31 1 7 25 25 8 41 0 45 26 11 29 29 
46 29 36 18 32 36 13 20 39 8 19 29 33 39 48 44 32 38 34 45 45 37 31 41 17 45 0 23 47 21 50 
27 23 14 35 19 33 23 2 37 14 22 12 14 30 29 38 31 18 13 27 30 14 8 20 30 26 23 0 25 22 44 
11 29 10 54 20 37 42 27 40 38 37 18 28 28 10 36 38 9 24 12 18 18 20 6 47 11 47 25 0 36 41 
30 9 28 18 16 15 8 21 19 18 1 17 36 18 33 23 11 27 35 29 27 35 29 29 11 29 21 22 36 0 29 
29 22 40 42 26 14 36 45 11 46 30 33 57 14 31 5 18 35 55 28 22 51 48 36 36 29 50 44 41 29 0 
0 212
88 88
5 5
103 103
79 79
25 25
83 83
21 21
135 135
143 143
27 27
193 193
172 172
36 36
19 19
78 78
116 116
120 120
67 67
1 1
118 118
176 176
36 36
27 27
197 197
33 33
111 111
85 85
65 65
86 86
77 77
