31
0 21 21 12 23 34 18 18 43 24 17 41 34 15 25 53 34 56 28 31 40 47 23 18 8 37 8 43 32 13 43 
21 0 13 9 36 19 19 20 22 29 16 21 36 19 35 41 24 44 8 27 32 34 6 19 19 16 13 22 28 21 22 
21 13 0 16 43 32 8 30 26 39 27 32 47 10 43 55 38 58 21 40 45 48 8 29 14 27 17 26 41 29 31 
12 9 16 0 27 22 18 13 32 22 10 28 31 16 27 43 24 46 15 24 31 37 14 12 13 24 4 32 25 12 31 
23 36 43 27 0 36 41 17 58 12 21 49 18 38 4 47 32 49 38 23 34 44 41 18 32 46 25 58 23 15 54 
34 19 32 22 36 0 38 20 28 25 17 13 26 37 33 22 8 25 12 16 15 15 24 19 35 12 25 27 17 24 19 
18 19 8 18 41 38 0 31 34 39 28 39 48 3 42 60 42 63 27 42 49 53 16 30 9 34 17 34 43 28 39 
18 20 30 13 17 20 31 0 41 9 4 32 17 29 15 35 17 38 21 12 22 30 26 1 24 29 14 41 13 5 36 
43 22 26 32 58 28 34 41 0 49 37 17 54 36 56 46 36 49 19 43 43 39 19 39 39 15 36 0 44 43 11 
24 29 39 22 12 25 39 9 49 0 13 38 9 37 8 35 20 37 29 11 22 31 35 10 32 36 22 49 11 11 44 
17 16 27 10 21 17 28 4 37 13 0 28 20 26 19 35 16 38 17 14 22 30 22 2 22 25 11 37 15 7 33 
41 21 32 28 49 13 39 32 17 38 28 0 40 40 46 29 21 32 13 30 26 22 23 30 40 4 32 16 30 35 6 
34 36 47 31 18 26 48 17 54 9 20 40 0 46 14 29 19 30 34 10 17 27 42 18 41 39 31 53 9 20 46 
15 19 10 16 38 37 3 29 36 37 26 40 46 0 39 59 41 62 27 41 48 52 17 28 6 35 15 36 42 26 40 
25 35 43 27 4 33 42 15 56 8 19 46 14 39 0 42 28 44 37 19 29 39 41 16 33 44 25 56 19 14 51 
53 41 55 43 47 22 60 35 46 35 35 29 29 59 42 0 19 2 34 24 13 7 47 35 57 32 46 46 23 41 35 
34 24 38 24 32 8 42 17 36 20 16 21 19 41 28 19 0 21 19 9 7 13 30 16 38 21 27 36 9 22 27 
56 44 58 46 49 25 63 38 49 37 38 32 30 62 44 2 21 0 37 26 15 10 49 37 59 34 48 48 25 43 38 
28 8 21 15 38 12 27 21 19 29 17 13 34 27 37 34 19 37 0 24 26 27 12 20 27 9 19 19 25 24 16 
31 27 40 24 23 16 42 12 43 11 14 30 10 41 19 24 9 26 24 0 10 20 34 12 36 28 25 43 0 17 36 
40 32 45 31 34 15 49 22 43 22 22 26 17 48 29 13 7 15 26 10 0 10 38 22 45 27 34 42 10 27 33 
47 34 48 37 44 15 53 30 39 31 30 22 27 52 39 7 13 10 27 20 10 0 39 29 50 24 40 39 20 36 28 
23 6 8 14 41 24 16 26 19 35 22 23 42 17 41 47 30 49 12 34 38 39 0 25 19 18 17 19 35 26 22 
18 19 29 12 18 19 30 1 39 10 2 30 18 28 16 35 16 37 20 12 22 29 25 0 24 27 13 39 13 6 35 
8 19 14 13 32 35 9 24 39 32 22 40 41 6 33 57 38 59 27 36 45 50 19 24 0 35 11 39 37 20 41 
37 16 27 24 46 12 34 29 15 36 25 4 39 35 44 32 21 34 9 28 27 24 18 27 35 0 28 15 29 32 7 
8 13 17 4 25 25 17 14 36 22 11 32 31 15 25 46 27 48 19 25 34 40 17 13 11 28 0 35 26 11 35 
43 22 26 32 58 27 34 41 0 49 37 16 53 36 56 46 36 48 19 43 42 39 19 39 39 15 35 0 44 43 10 
32 28 41 25 23 17 43 13 44 11 15 30 9 42 19 23 9 25 25 0 10 20 35 13 37 29 26 44 0 18 37 
13 21 29 12 15 24 28 5 43 11 7 35 20 26 14 41 22 43 24 17 27 36 26 6 20 32 11 43 18 0 40 
43 22 31 31 54 19 39 36 11 44 33 6 46 40 51 35 27 38 16 36 33 28 22 35 41 7 35 10 37 40 0 
0 447
215 259
18 62
219 263
150 194
199 243
153 197
366 410
92 136
204 248
157 201
327 371
150 194
143 187
394 438
56 100
253 297
12 56
47 91
82 126
128 172
311 355
137 181
196 240
122 166
43 87
164 208
328 372
378 422
333 377
0 44
