31
0 31 29 18 42 39 27 34 20 28 38 9 19 37 12 30 42 25 14 11 35 15 35 19 33 27 19 34 27 16 20 
31 0 42 13 41 46 9 54 34 29 45 22 33 18 41 36 40 5 41 20 20 25 54 12 29 21 13 35 30 20 42 
29 42 0 32 18 10 33 14 10 14 9 32 11 32 23 8 18 38 43 30 29 19 13 31 18 22 30 13 12 23 13 
18 13 32 0 37 39 10 43 23 23 38 9 22 22 27 28 36 7 29 7 21 14 43 2 25 17 3 29 23 9 30 
42 41 18 37 0 12 32 30 23 14 11 41 24 24 39 12 0 39 57 38 21 28 29 34 11 20 33 8 14 29 30 
39 46 10 39 12 0 37 19 19 17 1 40 20 33 33 10 11 43 53 38 29 27 18 37 18 25 36 12 16 30 23 
27 9 33 10 32 37 0 46 26 20 36 20 25 12 35 26 31 8 40 17 12 18 46 8 20 12 8 26 21 13 34 
34 54 14 43 30 19 46 0 19 28 19 40 21 46 23 22 30 50 44 39 43 29 1 42 32 35 41 27 26 34 14 
20 34 10 23 23 19 26 19 0 12 17 22 1 29 16 11 23 30 34 20 25 9 20 22 17 17 21 15 10 14 9 
28 29 14 23 14 17 20 28 12 0 16 26 12 18 28 6 14 26 43 23 14 13 28 20 4 7 19 6 2 14 21 
38 45 9 38 11 1 36 19 17 16 0 39 19 32 32 9 11 42 52 37 28 25 18 36 16 23 34 10 14 29 22 
9 22 32 9 41 40 20 40 22 26 39 0 20 31 20 30 40 16 19 3 29 13 40 12 30 23 12 33 26 12 25 
19 33 11 22 24 20 25 21 1 12 19 20 0 28 15 12 23 28 33 19 25 8 21 21 17 16 20 16 10 13 10 
37 18 32 22 24 33 12 46 29 18 32 31 28 0 42 24 24 19 50 27 3 24 46 19 15 11 19 21 20 20 38 
12 41 23 27 39 33 35 23 16 28 32 20 15 42 0 27 39 35 21 21 39 17 24 28 33 30 27 32 26 22 10 
30 36 8 28 12 10 26 22 11 6 9 30 12 24 27 0 11 33 45 28 20 17 22 26 9 14 25 4 5 19 19 
42 40 18 36 0 11 31 30 23 14 11 40 23 24 39 11 0 39 56 37 21 27 29 34 11 19 33 7 14 28 30 
25 5 38 7 39 43 8 50 30 26 42 16 28 19 35 33 39 0 35 14 20 20 50 7 27 19 8 33 27 15 37 
14 41 43 29 57 53 40 44 34 43 52 19 33 50 21 45 56 35 0 23 49 29 46 31 47 42 32 48 42 30 31 
11 20 30 7 38 38 17 39 20 23 37 3 19 27 21 28 37 14 23 0 26 11 39 9 27 20 9 30 23 9 25 
35 20 29 21 21 29 12 43 25 14 28 29 25 3 39 20 21 20 49 26 0 21 42 18 11 8 17 17 16 18 35 
15 25 19 14 28 27 18 29 9 13 25 13 8 24 17 17 27 20 29 11 21 0 29 13 18 13 12 19 13 5 16 
35 54 13 43 29 18 46 1 20 28 18 40 21 46 24 22 29 50 46 39 42 29 0 42 31 35 41 26 26 35 15 
19 12 31 2 34 37 8 42 22 20 36 12 21 19 28 26 34 7 31 9 18 13 42 0 23 14 1 27 21 7 29 
33 29 18 25 11 18 20 32 17 4 16 30 17 15 33 9 11 27 47 27 11 18 31 23 0 8 21 6 6 18 26 
27 21 22 17 20 25 12 35 17 7 23 23 16 11 30 14 19 19 42 20 8 13 35 14 8 0 13 13 9 11 26 
19 13 30 3 33 36 8 41 21 19 34 12 20 19 27 25 33 8 32 9 17 12 41 1 21 13 0 26 20 6 28 
34 35 13 29 8 12 26 27 15 6 10 33 16 21 32 4 7 33 48 30 17 19 26 27 6 13 26 0 6 21 23 
27 30 12 23 14 16 21 26 10 2 14 26 10 20 26 5 14 27 42 23 16 13 26 21 6 9 20 6 0 15 19 
16 20 23 9 29 30 13 34 14 14 29 12 13 20 22 19 28 15 30 9 18 5 35 7 18 11 6 21 15 0 22 
20 42 13 30 30 23 34 14 9 21 22 25 10 38 10 19 30 37 31 25 35 16 15 29 26 26 28 23 19 22 0 
0 319
144 303
84 243
145 304
97 256
40 199
7 166
100 259
108 267
78 237
41 200
3 162
19 178
157 316
46 205
34 193
21 180
51 210
148 307
142 301
75 234
98 257
156 315
135 294
155 314
106 265
151 310
55 214
35 194
22 181
127 286
