31
0 15 21 29 38 28 29 20 33 35 27 25 17 20 34 20 31 7 19 33 15 2 13 16 9 31 41 18 24 37 11 
15 0 29 24 45 43 45 35 41 50 40 39 2 7 45 20 45 12 31 48 29 14 27 24 13 29 48 33 21 47 6 
21 29 0 50 59 32 35 20 53 41 43 39 32 36 50 42 45 28 9 44 13 19 31 5 16 52 60 19 45 54 29 
29 24 50 0 29 50 50 47 29 53 37 39 22 18 38 9 41 22 48 48 45 31 29 44 34 7 33 45 6 38 21 
38 45 59 29 0 40 39 45 6 38 21 25 44 43 16 25 23 35 53 31 47 41 27 54 47 22 4 44 26 13 38 
28 43 32 50 40 0 2 11 34 9 19 14 45 48 25 40 18 33 23 13 19 29 20 30 34 48 39 13 44 30 38 
29 45 35 50 39 2 0 14 33 6 18 13 47 49 23 41 16 34 25 11 21 31 21 33 36 48 38 15 44 28 40 
20 35 20 47 45 11 14 0 39 21 25 21 38 41 33 38 26 27 11 24 7 21 19 19 24 47 45 2 41 37 31 
33 41 53 29 6 34 33 39 0 32 15 19 41 41 11 23 17 30 46 25 41 36 21 48 42 23 7 38 25 9 35 
35 50 41 53 38 9 6 21 32 0 17 14 52 54 21 44 14 39 32 7 28 37 25 40 42 50 36 22 47 26 45 
27 40 43 37 21 19 18 25 15 17 0 4 41 42 7 28 4 28 35 11 29 30 13 38 36 33 20 25 31 11 33 
25 39 39 39 25 14 13 21 19 14 4 0 41 42 11 29 6 27 31 9 26 28 12 35 34 35 24 21 33 16 33 
17 2 32 22 44 45 47 38 41 52 41 41 0 4 46 19 46 13 34 49 32 17 28 27 16 27 48 35 20 48 7 
20 7 36 18 43 48 49 41 41 54 42 42 4 0 46 17 47 15 38 51 36 20 29 31 20 24 47 38 18 48 9 
34 45 50 38 16 25 23 33 11 21 7 11 46 46 0 31 7 33 42 14 37 37 20 46 43 33 14 32 33 4 39 
20 20 42 9 25 40 41 38 23 44 28 29 19 17 31 0 33 13 39 39 35 22 20 36 27 10 29 35 3 31 14 
31 45 45 41 23 18 16 26 17 14 4 6 46 47 7 33 0 32 37 7 32 34 18 41 40 37 21 26 36 11 38 
7 12 28 22 35 33 34 27 30 39 28 27 13 15 33 13 32 0 26 36 23 9 14 22 13 24 37 24 17 35 5 
19 31 9 48 53 23 25 11 46 32 35 31 34 38 42 39 37 26 0 35 5 18 25 8 18 50 53 10 43 46 29 
33 48 44 48 31 13 11 24 25 7 11 9 49 51 14 39 7 36 35 0 30 36 21 41 42 44 29 24 42 18 42 
15 29 13 45 47 19 21 7 41 28 29 26 32 36 37 35 32 23 5 30 0 15 20 11 17 45 48 6 39 41 26 
2 14 19 31 41 29 31 21 36 37 30 28 17 20 37 22 34 9 18 36 15 0 16 13 6 33 44 18 26 40 11 
13 27 31 29 27 20 21 19 21 25 13 12 28 29 20 20 18 14 25 21 20 16 0 26 23 28 28 17 23 23 20 
16 24 5 44 54 30 33 19 48 40 38 35 27 31 46 36 41 22 8 41 11 13 26 0 11 47 55 17 40 50 24 
9 13 16 34 47 34 36 24 42 42 36 34 16 20 43 27 40 13 18 42 17 6 23 11 0 37 50 21 30 46 13 
31 29 52 7 22 48 48 47 23 50 33 35 27 24 33 10 37 24 50 44 45 33 28 47 37 0 27 45 7 32 24 
41 48 60 33 4 39 38 45 7 36 20 24 48 47 14 29 21 37 53 29 48 44 28 55 50 27 0 44 30 10 42 
18 33 19 45 44 13 15 2 38 22 25 21 35 38 32 35 26 24 10 24 6 18 17 17 21 45 44 0 39 37 29 
24 21 45 6 26 44 44 41 25 47 31 33 20 18 33 3 36 17 43 42 39 26 23 40 30 7 30 39 0 33 17 
37 47 54 38 13 30 28 37 9 26 11 16 48 48 4 31 11 35 46 18 41 40 23 50 46 32 10 37 33 0 40 
11 6 29 21 38 38 40 31 35 45 33 33 7 9 39 14 38 5 29 42 26 11 20 24 13 24 42 29 17 40 0 
0 234
41 64
126 149
12 35
132 155
159 182
186 209
157 180
178 201
48 71
40 63
44 67
60 83
43 66
48 71
131 154
4 27
169 192
56 79
173 196
188 211
69 92
58 81
155 178
55 78
23 46
176 199
178 201
209 232
122 145
194 217
