31
0 36 25 37 30 21 32 12 14 14 15 6 16 36 36 33 22 22 16 18 9 20 22 10 34 21 30 18 4 13 23 
36 0 10 6 6 17 19 25 39 35 44 36 41 10 7 6 43 31 25 32 42 16 22 41 10 15 27 41 40 26 37 
25 10 0 13 5 7 19 16 30 26 35 25 31 12 13 10 33 25 15 23 32 5 13 32 11 5 24 33 29 17 31 
37 6 13 0 8 20 14 25 37 33 43 38 44 17 1 3 47 28 28 36 41 17 26 41 17 18 22 39 40 25 35 
30 6 5 8 0 13 15 19 32 28 37 30 36 13 7 4 39 25 20 28 35 9 19 35 12 10 22 34 33 19 31 
21 17 7 20 13 0 25 16 30 26 34 19 24 14 20 17 26 27 8 15 29 7 6 29 12 4 29 33 25 17 33 
32 19 19 14 15 25 0 20 28 24 33 36 45 29 12 13 49 16 31 39 34 18 32 33 28 21 8 28 35 19 22 
12 25 16 25 19 16 20 0 14 10 19 16 26 29 24 22 30 13 15 22 16 10 20 15 26 12 18 17 15 1 17 
14 39 30 37 32 30 28 14 0 3 5 20 31 43 36 34 36 12 27 31 8 24 33 6 41 26 22 4 13 12 9 
14 35 26 33 28 26 24 10 3 0 9 20 30 39 32 30 36 9 25 30 10 21 30 9 37 23 19 6 13 9 8 
15 44 35 43 37 34 33 19 5 9 0 22 32 48 41 40 37 17 30 34 7 29 37 5 45 31 27 6 13 18 13 
6 36 25 38 30 19 36 16 20 20 22 0 10 34 37 34 16 27 12 12 15 20 18 16 32 20 34 24 9 17 29 
16 41 31 44 36 24 45 26 31 30 32 10 0 36 44 41 5 38 15 9 24 27 20 26 34 26 44 35 18 27 39 
36 10 12 17 13 14 29 29 43 39 48 34 36 0 18 16 37 38 22 27 44 18 16 44 2 16 35 46 40 30 44 
36 7 13 1 7 20 12 24 36 32 41 37 44 18 0 3 47 26 28 36 40 17 26 39 18 17 20 37 39 24 33 
33 6 10 3 4 17 13 22 34 30 40 34 41 16 3 0 44 25 25 33 38 14 23 37 15 14 20 36 37 22 32 
22 43 33 47 39 26 49 30 36 36 37 16 5 37 47 44 0 43 18 10 30 30 21 31 35 29 49 41 24 32 45 
22 31 25 28 25 27 16 13 12 9 17 27 38 38 26 25 43 0 28 35 20 20 33 18 36 23 10 11 22 11 6 
16 25 15 28 20 8 31 15 27 25 30 12 15 22 28 25 18 28 0 8 25 12 6 25 19 10 33 31 20 17 32 
18 32 23 36 28 15 39 22 31 30 34 12 9 27 36 33 10 35 8 0 27 20 10 28 25 18 40 35 21 24 38 
9 42 32 41 35 29 34 16 8 10 7 15 24 44 40 38 30 20 25 27 0 26 31 1 41 27 29 11 5 16 18 
20 16 5 17 9 7 18 10 24 21 29 20 27 18 17 14 30 20 12 20 26 0 13 26 16 2 22 27 23 12 26 
22 22 13 26 19 6 32 20 33 30 37 18 20 16 26 23 21 33 6 10 31 13 0 32 14 11 35 37 26 22 37 
10 41 32 41 35 29 33 15 6 9 5 16 26 44 39 37 31 18 25 28 1 26 32 0 41 27 28 10 7 15 16 
34 10 11 17 12 12 28 26 41 37 45 32 34 2 18 15 35 36 19 25 41 16 14 41 0 14 34 44 38 28 42 
21 15 5 18 10 4 21 12 26 23 31 20 26 16 17 14 29 23 10 18 27 2 11 27 14 0 24 29 24 14 29 
30 27 24 22 22 29 8 18 22 19 27 34 44 35 20 20 49 10 33 40 29 22 35 28 34 24 0 21 31 17 15 
18 41 33 39 34 33 28 17 4 6 6 24 35 46 37 36 41 11 31 35 11 27 37 10 44 29 21 0 16 15 7 
4 40 29 40 33 25 35 15 13 13 13 9 18 40 39 37 24 22 20 21 5 23 26 7 38 24 31 16 0 15 22 
13 26 17 25 19 17 19 1 12 9 18 17 27 30 24 22 32 11 17 24 16 12 22 15 28 14 17 15 15 0 15 
23 37 31 35 31 33 22 17 9 8 13 29 39 44 33 32 45 6 32 38 18 26 37 16 42 29 15 7 22 15 0 
0 234
59 176
60 177
2 119
70 187
86 203
18 135
92 209
106 223
12 129
38 155
13 130
96 213
5 122
26 143
86 203
112 229
114 231
60 177
95 212
87 204
34 151
31 148
14 131
94 211
113 230
5 122
20 137
108 225
16 133
94 211
