31
0 3 29 34 19 28 39 32 17 10 34 17 62 53 38 28 36 19 44 21 41 29 33 36 45 24 43 30 42 51 44 
3 0 32 34 22 27 40 31 18 13 36 20 62 55 39 30 34 20 44 20 43 29 32 35 45 23 45 33 42 51 42 
29 32 0 30 12 31 15 38 16 19 6 16 40 29 27 5 44 21 32 30 17 18 33 31 36 31 17 6 28 37 43 
34 34 30 0 33 8 22 12 20 31 35 36 32 29 7 24 17 15 12 15 23 11 5 1 10 13 27 36 11 18 13 
19 22 12 33 0 30 25 38 13 8 15 4 51 40 33 13 43 19 38 27 28 22 34 34 42 29 28 11 35 44 45 
28 27 31 8 30 0 27 7 17 27 37 34 40 37 15 25 13 11 20 7 28 13 5 9 18 4 32 36 19 27 15 
39 40 15 22 25 27 0 34 22 30 18 30 25 14 16 11 39 23 19 30 2 14 27 23 25 30 5 21 15 22 34 
32 31 38 12 38 7 34 0 25 33 45 41 43 42 20 33 5 18 23 11 35 21 7 12 19 8 39 44 23 29 12 
17 18 16 20 13 17 22 25 0 10 22 16 44 36 23 13 30 6 28 14 24 12 22 22 30 16 27 20 25 35 33 
10 13 19 31 8 27 30 33 10 0 23 8 54 45 33 19 38 16 39 22 32 23 31 33 41 24 34 20 36 46 42 
34 36 6 35 15 37 18 45 22 23 0 18 43 30 33 11 50 27 36 36 20 24 39 37 42 37 18 4 32 41 49 
17 20 16 36 4 34 30 41 16 8 18 0 55 45 37 18 45 22 43 29 32 27 38 38 46 32 33 14 39 49 49 
62 62 40 32 51 40 25 43 44 54 43 55 0 12 25 37 47 42 20 46 23 32 36 31 24 44 24 46 21 14 36 
53 55 29 29 40 37 14 42 36 45 30 45 12 0 22 26 47 36 20 42 12 26 35 30 26 41 12 34 18 18 38 
38 39 27 7 33 15 16 20 23 33 33 37 25 22 0 22 25 19 5 21 17 10 12 7 9 19 21 34 3 12 17 
28 30 5 24 13 25 11 33 13 19 11 18 37 26 22 0 39 16 26 25 14 13 28 25 31 26 15 12 22 32 37 
36 34 44 17 43 13 39 5 30 38 50 45 47 47 25 39 0 23 27 15 40 26 12 17 22 13 45 49 28 33 13 
19 20 21 15 19 11 23 18 6 16 27 22 42 36 19 16 23 0 24 9 24 10 15 16 25 10 28 26 22 31 26 
44 44 32 12 38 20 19 23 28 39 36 43 20 20 5 26 27 24 0 26 18 16 16 11 6 24 22 38 3 6 17 
21 20 30 15 27 7 30 11 14 22 36 29 46 42 21 25 15 9 26 0 32 16 12 16 25 2 35 35 25 33 22 
41 43 17 23 28 28 2 35 24 32 20 32 23 12 17 14 40 24 18 32 0 15 28 24 24 31 4 23 15 21 34 
29 29 18 11 22 13 14 21 12 23 24 27 32 26 10 13 26 10 16 16 15 0 14 12 19 16 19 25 13 23 24 
33 32 33 5 34 5 27 7 22 31 39 38 36 35 12 28 12 15 16 12 28 14 0 5 13 9 32 39 16 22 10 
36 35 31 1 34 9 23 12 22 33 37 38 31 30 7 25 17 16 11 16 24 12 5 0 9 13 28 37 11 17 11 
45 45 36 10 42 18 25 19 30 41 42 46 24 26 9 31 22 25 6 25 24 19 13 9 0 23 28 43 9 10 11 
24 23 31 13 29 4 30 8 16 24 37 32 44 41 19 26 13 10 24 2 31 16 9 13 23 0 35 36 23 31 19 
43 45 17 27 28 32 5 39 27 34 18 33 24 12 21 15 45 28 22 35 4 19 32 28 28 35 0 22 19 24 38 
30 33 6 36 11 36 21 44 20 20 4 14 46 34 34 12 49 26 38 35 23 25 39 37 43 36 22 0 34 43 49 
42 42 28 11 35 19 15 23 25 36 32 39 21 18 3 22 28 22 3 25 15 13 16 11 9 23 19 34 0 10 20 
51 51 37 18 44 27 22 29 35 46 41 49 14 18 12 32 33 31 6 33 21 23 22 17 10 31 24 43 10 0 21 
44 42 43 13 45 15 34 12 33 42 49 49 36 38 17 37 13 26 17 22 34 24 10 11 11 19 38 49 20 21 0 
0 511
205 358
292 445
284 437
245 398
292 445
95 248
31 184
190 343
15 168
146 299
205 358
344 497
102 255
277 430
63 216
160 313
302 455
40 193
131 284
99 252
317 470
151 304
256 409
325 478
74 227
326 479
340 493
213 366
170 323
147 300
