31
0 48 9 14 32 44 21 27 27 39 26 37 20 11 35 15 31 12 33 48 28 33 48 1 26 20 35 47 38 22 6 
48 0 39 38 46 36 40 27 23 31 47 32 40 36 43 33 43 36 52 14 47 45 12 46 27 47 21 16 10 32 47 
9 39 0 13 27 36 15 18 21 30 21 28 14 3 28 10 25 3 28 39 23 27 39 7 21 16 25 37 29 19 12 
14 38 13 0 40 46 27 26 15 39 35 38 27 11 41 6 38 14 42 42 36 40 41 14 12 30 31 42 29 8 10 
32 46 27 40 0 18 12 20 40 18 6 16 12 28 5 35 3 25 5 37 4 1 38 31 43 12 25 35 37 44 38 
44 36 36 46 18 0 23 19 40 7 23 7 24 36 13 40 16 33 23 23 22 16 25 42 44 28 18 21 29 47 48 
21 40 15 27 12 23 0 12 29 19 8 17 1 16 13 23 10 13 15 34 9 12 34 20 32 7 20 32 29 32 27 
27 27 18 26 20 19 12 0 21 13 20 12 13 17 18 20 17 15 25 22 20 19 22 25 25 19 8 20 17 27 30 
27 23 21 15 40 40 29 21 0 33 38 33 29 17 39 11 37 19 44 30 39 40 28 26 5 34 22 30 16 9 24 
39 31 30 39 18 7 19 13 33 0 21 2 19 29 13 33 15 27 24 19 21 16 20 37 37 25 11 17 23 40 42 
26 47 21 35 6 23 8 20 38 21 0 19 8 24 11 31 7 20 7 39 1 8 40 25 40 6 26 37 37 40 33 
37 32 28 38 16 7 17 12 33 2 19 0 18 28 11 32 13 25 22 20 19 14 22 35 37 23 11 18 23 39 41 
20 40 14 27 12 24 1 13 29 19 8 18 0 15 14 22 11 12 15 34 10 13 35 19 31 6 20 32 29 31 26 
11 36 3 11 28 36 16 17 17 29 24 28 15 0 30 7 26 3 31 37 25 28 36 10 18 19 24 35 26 16 13 
35 43 28 41 5 13 13 18 39 13 11 11 14 30 0 36 3 26 10 32 9 3 34 34 43 16 22 30 34 44 41 
15 33 10 6 35 40 23 20 11 33 31 32 22 7 36 0 33 10 38 36 32 35 36 15 10 26 25 36 24 9 13 
31 43 25 38 3 16 10 17 37 15 7 13 11 26 3 33 0 23 8 34 6 2 35 30 41 12 22 31 33 41 37 
12 36 3 14 25 33 13 15 19 27 20 25 12 3 26 10 23 0 28 35 22 25 35 11 20 16 22 34 26 19 15 
33 52 28 42 5 23 15 25 44 24 7 22 15 31 10 38 8 28 0 42 5 7 44 31 47 12 31 40 42 47 39 
48 14 39 42 37 23 34 22 30 19 39 20 34 37 32 36 34 35 42 0 39 35 2 46 35 41 13 2 14 39 49 
28 47 23 36 4 22 9 20 39 21 1 19 10 25 9 32 6 22 5 39 0 6 40 26 41 7 26 37 37 41 34 
33 45 27 40 1 16 12 19 40 16 8 14 13 28 3 35 2 25 7 35 6 0 37 32 43 13 24 33 36 44 39 
48 12 39 41 38 25 34 22 28 20 40 22 35 36 34 36 35 35 44 2 40 37 0 46 33 41 14 4 12 38 49 
1 46 7 14 31 42 20 25 26 37 25 35 19 10 34 15 30 11 31 46 26 32 46 0 25 19 33 45 36 22 8 
26 27 21 12 43 44 32 25 5 37 40 37 31 18 43 10 41 20 47 35 41 43 33 25 0 36 27 35 21 4 22 
20 47 16 30 12 28 7 19 34 25 6 23 6 19 16 26 12 16 12 41 7 13 41 19 36 0 27 39 36 35 27 
35 21 25 31 25 18 20 8 22 11 26 11 20 24 22 25 22 22 31 13 26 24 14 33 27 27 0 12 12 30 37 
47 16 37 42 35 21 32 20 30 17 37 18 32 35 30 36 31 34 40 2 37 33 4 45 35 39 12 0 14 38 48 
38 10 29 29 37 29 29 17 16 23 37 23 29 26 34 24 33 26 42 14 37 36 12 36 21 36 12 14 0 25 37 
22 32 19 8 44 47 32 27 9 40 40 39 31 16 44 9 41 19 47 39 41 44 38 22 4 35 30 38 25 0 18 
6 47 12 10 38 48 27 30 24 42 33 41 26 13 41 13 37 15 39 49 34 39 49 8 22 27 37 48 37 18 0 
0 532
302 302
275 275
461 461
61 61
514 514
120 120
436 436
127 127
207 207
245 245
85 85
115 115
114 114
118 118
192 192
133 133
298 298
527 527
494 494
279 279
287 287
43 43
294 294
433 433
187 187
41 41
211 211
150 150
423 423
313 313
