31
0 9 30 27 52 45 26 39 23 24 23 9 32 16 17 21 41 18 43 36 16 9 21 22 48 33 37 26 24 46 37 
9 0 36 29 53 43 34 37 31 16 17 13 34 24 22 26 43 14 49 36 18 17 21 29 49 38 32 20 27 47 38 
30 36 0 17 33 38 9 33 12 44 37 22 18 14 14 10 23 31 13 26 21 32 24 7 32 9 42 37 15 26 22 
27 29 17 0 24 22 24 16 24 30 22 17 5 19 13 10 14 18 27 10 11 34 9 16 22 11 25 22 3 18 9 
52 53 33 24 0 17 42 19 44 49 41 42 19 42 37 33 10 40 32 17 35 59 32 36 5 23 34 39 27 6 15 
45 43 38 22 17 0 46 6 47 36 28 37 19 42 35 32 17 29 43 11 29 54 24 38 12 28 17 25 25 18 15 
26 34 9 24 42 46 0 41 3 45 39 22 27 10 15 14 32 34 19 34 24 26 29 8 42 19 48 41 21 36 31 
39 37 33 16 19 6 41 0 41 30 22 30 14 36 29 27 15 23 40 6 22 48 17 32 14 24 14 20 19 18 11 
23 31 12 24 44 47 3 41 0 43 38 19 27 7 13 14 34 32 23 35 23 22 28 8 44 21 47 39 21 38 32 
24 16 44 30 49 36 45 30 43 0 8 23 34 35 31 34 42 12 56 33 22 34 20 38 45 42 20 10 30 46 36 
23 17 37 22 41 28 39 22 38 8 0 19 25 30 24 26 33 6 48 24 15 33 12 31 36 33 14 2 22 37 27 
9 13 22 17 42 37 22 30 19 23 19 0 22 12 8 13 32 13 36 27 7 17 13 15 39 24 31 21 15 36 27 
32 34 18 5 19 19 27 14 27 34 25 22 0 24 17 14 9 22 26 7 16 39 13 19 17 10 25 25 7 13 5 
16 24 14 19 42 42 10 36 7 35 30 12 24 0 7 9 32 24 27 30 15 18 21 7 41 20 40 32 16 36 29 
17 22 14 13 37 35 15 29 13 31 24 8 17 7 0 4 26 18 27 24 9 22 14 7 34 16 33 26 10 30 22 
21 26 10 10 33 32 14 27 14 34 26 13 14 9 4 0 22 21 23 21 11 26 15 5 31 12 34 28 7 26 19 
41 43 23 14 10 17 32 15 34 42 33 32 9 32 26 22 0 31 26 9 25 48 22 26 9 13 29 32 16 4 5 
18 14 31 18 40 29 34 23 32 12 6 13 22 24 18 21 31 0 44 23 9 28 8 26 35 29 19 8 18 35 25 
43 49 13 27 32 43 19 40 23 56 48 36 26 27 27 23 26 44 0 33 34 45 36 20 34 15 52 49 26 27 28 
36 36 26 10 17 11 34 6 35 33 24 27 7 30 24 21 9 23 33 0 19 44 15 26 12 17 20 22 14 13 4 
16 18 21 11 35 29 24 22 23 22 15 7 16 15 9 11 25 9 34 19 0 25 5 16 32 20 25 16 9 29 20 
9 17 32 34 59 54 26 48 22 34 33 17 39 18 22 26 48 28 45 44 25 0 30 25 56 38 47 36 31 52 44 
21 21 24 9 32 24 29 17 28 20 12 13 13 21 14 15 22 8 36 15 5 30 0 20 28 21 19 13 9 27 17 
22 29 7 16 36 38 8 32 8 38 31 15 19 7 7 5 26 26 20 26 16 25 20 0 35 13 39 33 13 29 24 
48 49 32 22 5 12 42 14 44 45 36 39 17 41 34 31 9 35 34 12 32 56 28 35 0 23 28 34 24 7 12 
33 38 9 11 23 28 19 24 21 42 33 24 10 20 16 12 13 29 15 17 20 38 21 13 23 0 36 33 11 16 13 
37 32 42 25 34 17 48 14 47 20 14 31 25 40 33 34 29 19 52 20 25 47 19 39 28 36 0 12 27 32 25 
26 20 37 22 39 25 41 20 39 10 2 21 25 32 26 28 32 8 49 22 16 36 13 33 34 33 12 0 22 36 26 
24 27 15 3 27 25 21 19 21 30 22 15 7 16 10 7 16 18 26 14 9 31 9 13 24 11 27 22 0 21 12 
46 47 26 18 6 18 36 18 38 46 37 36 13 36 30 26 4 35 27 13 29 52 27 29 7 16 32 36 21 0 9 
37 38 22 9 15 15 31 11 32 36 27 27 5 29 22 19 5 25 28 4 20 44 17 24 12 13 25 26 12 9 0 
0 362
140 212
242 314
197 269
21 93
265 337
25 97
165 237
123 195
219 291
164 236
178 250
23 95
134 206
172 244
87 159
229 301
34 106
100 172
196 268
241 313
77 149
244 316
45 117
17 89
254 326
106 178
286 358
68 140
142 214
217 289
