31
0 15 30 3 15 21 16 18 36 1 22 36 15 22 21 26 41 20 20 29 24 28 24 20 15 31 25 26 21 12 26 
15 0 36 12 0 36 22 32 32 13 8 44 2 36 25 12 31 26 35 24 31 36 28 22 19 39 38 36 36 25 35 
30 36 0 30 36 40 14 22 22 30 37 8 38 46 10 39 35 10 34 22 6 6 8 13 46 5 20 13 38 38 9 
3 12 30 0 12 24 16 20 34 1 19 36 12 25 20 23 38 20 23 27 24 28 23 18 16 31 27 27 24 15 26 
15 0 36 12 0 36 22 32 32 14 8 44 1 36 25 12 31 27 35 24 32 37 28 23 19 39 38 37 36 25 35 
21 36 40 24 36 0 31 17 54 22 43 41 35 7 35 48 61 32 6 48 33 34 37 35 24 37 22 28 2 11 31 
16 22 14 16 22 31 0 17 22 15 24 21 24 35 5 28 31 4 26 18 9 14 7 4 32 16 20 16 30 26 13 
18 32 22 20 32 17 17 0 39 19 38 24 33 24 20 42 48 17 11 35 16 17 21 21 31 19 6 10 15 19 13 
36 32 22 34 32 54 22 39 0 35 27 30 34 58 18 27 13 22 49 7 24 27 17 18 49 27 40 34 53 48 29 
1 13 30 1 14 22 15 19 35 0 21 36 14 24 20 25 39 19 21 27 23 28 23 18 16 31 25 26 23 13 25 
22 8 37 19 8 43 24 38 27 21 0 45 9 44 26 4 24 28 42 20 33 38 28 23 27 41 43 40 44 33 38 
36 44 8 36 44 41 21 24 30 36 45 0 46 48 19 48 43 17 35 31 12 8 16 22 51 5 19 13 39 42 10 
15 2 38 12 1 35 24 33 34 14 9 46 0 35 27 13 33 28 35 26 33 38 30 24 17 41 39 38 36 25 37 
22 36 46 25 36 7 35 24 58 24 44 48 35 0 40 48 63 38 13 51 39 41 43 40 20 44 30 35 10 10 38 
21 25 10 20 25 35 5 20 18 20 26 19 27 40 0 29 29 3 31 15 7 12 3 3 36 14 22 17 34 31 13 
26 12 39 23 12 48 28 42 27 25 4 48 13 48 29 0 22 31 46 20 36 41 31 26 31 43 47 44 48 38 41 
41 31 35 38 31 61 31 48 13 39 24 43 33 63 29 22 0 32 57 13 36 40 29 27 50 40 51 45 60 53 41 
20 26 10 20 27 32 4 17 22 19 28 17 28 38 3 31 32 0 27 18 5 10 5 5 36 12 18 13 31 29 9 
20 35 34 23 35 6 26 11 49 21 42 35 35 13 31 46 57 27 0 44 28 29 33 31 27 31 16 22 3 13 25 
29 24 22 27 24 48 18 35 7 27 20 31 26 51 15 20 13 18 44 0 22 26 15 13 41 27 37 32 47 41 28 
24 31 6 24 32 33 9 16 24 23 33 12 33 39 7 36 36 5 28 22 0 5 7 10 39 7 15 9 31 31 5 
28 36 6 28 37 34 14 17 27 28 38 8 38 41 12 41 40 10 29 26 5 0 11 15 43 3 14 7 32 34 3 
24 28 8 23 28 37 7 21 17 23 28 16 30 43 3 31 29 5 33 15 7 11 0 5 39 12 22 16 36 34 12 
20 22 13 18 23 35 4 21 18 18 23 22 24 40 3 26 27 5 31 13 10 15 5 0 34 17 24 19 34 30 15 
15 19 46 16 19 24 32 31 49 16 27 51 17 20 36 31 50 36 27 41 39 43 39 34 0 46 38 40 26 14 41 
31 39 5 31 39 37 16 19 27 31 41 5 41 44 14 43 40 12 31 27 7 3 12 17 46 0 16 9 35 37 6 
25 38 20 27 38 22 20 6 40 25 43 19 39 30 22 47 51 18 16 37 15 14 22 24 38 16 0 7 20 25 11 
26 36 13 27 37 28 16 10 34 26 40 13 38 35 17 44 45 13 22 32 9 7 16 19 40 9 7 0 26 29 4 
21 36 38 24 36 2 30 15 53 23 44 39 36 10 34 48 60 31 3 47 31 32 36 34 26 35 20 26 0 12 29 
12 25 38 15 25 11 26 19 48 13 33 42 25 10 31 38 53 29 13 41 31 34 34 30 14 37 25 29 12 0 31 
26 35 9 26 35 31 13 13 29 25 38 10 37 38 13 41 41 9 25 28 5 3 12 15 41 6 11 4 29 31 0 
0 489
93 93
324 324
338 338
158 158
387 387
473 473
352 352
10 10
318 318
205 205
4 4
453 453
162 162
306 306
119 119
288 288
441 441
72 72
414 414
324 324
247 247
366 366
16 16
371 371
255 255
123 123
252 252
64 64
186 186
366 366
