31
0 30 42 12 37 58 18 8 46 43 20 19 47 47 1 36 54 36 24 26 40 11 26 44 37 47 21 48 20 41 16 
30 0 14 28 8 28 13 28 16 14 20 12 32 20 30 12 24 17 25 12 26 19 17 22 7 19 11 19 9 24 21 
42 14 0 37 6 22 24 39 15 16 35 23 24 5 43 7 19 28 40 26 37 31 21 29 8 20 26 5 22 34 30 
12 28 37 0 33 56 15 3 45 43 28 16 36 41 14 30 53 40 34 30 46 10 17 47 35 48 23 43 19 46 7 
37 8 6 33 0 23 19 34 13 12 28 18 27 12 38 6 20 22 33 20 31 26 19 24 3 18 19 10 16 28 26 
58 28 22 56 23 0 41 57 11 14 42 40 45 23 58 28 3 27 45 33 33 48 42 22 21 12 37 18 37 29 49 
18 13 24 15 19 41 0 15 30 28 19 1 32 29 19 18 38 26 25 17 33 6 10 33 20 32 11 30 4 33 8 
8 28 39 3 34 57 15 0 45 43 26 16 39 43 10 32 53 39 31 29 44 9 19 46 36 48 22 45 19 45 9 
46 16 15 45 13 11 30 45 0 3 31 28 39 18 46 19 7 18 35 22 26 36 32 15 10 5 25 13 25 22 37 
43 14 16 43 12 14 28 43 3 0 28 26 40 20 43 19 10 15 31 19 23 34 30 13 9 5 22 15 23 19 36 
20 20 35 28 28 42 19 26 31 28 0 19 50 41 20 31 39 17 6 9 19 18 29 24 27 31 9 39 16 21 25 
19 12 23 16 18 40 1 16 28 26 19 0 31 28 20 17 36 25 25 16 33 8 10 32 19 31 10 28 3 32 9 
47 32 24 36 27 45 32 39 39 40 50 31 0 22 48 21 43 49 56 44 58 36 21 52 31 44 40 27 33 56 30 
47 20 5 41 12 23 29 43 18 20 41 28 22 0 48 11 21 34 46 32 42 36 24 34 14 24 32 5 27 39 34 
1 30 43 14 38 58 19 10 46 43 20 20 48 48 0 37 54 36 23 26 39 12 27 43 38 47 21 48 21 41 17 
36 12 7 30 6 28 18 32 19 19 31 17 21 11 37 0 25 28 37 24 37 25 14 31 10 24 22 12 17 35 23 
54 24 19 53 20 3 38 53 7 10 39 36 43 21 54 25 0 24 41 29 30 44 39 19 17 8 33 16 33 26 45 
36 17 28 40 22 27 26 39 18 15 17 25 49 34 36 28 24 0 18 10 8 30 34 7 19 15 16 30 21 6 35 
24 25 40 34 33 45 25 31 35 31 6 25 56 46 23 37 41 18 0 13 16 24 36 25 32 33 15 44 22 20 31 
26 12 26 30 20 33 17 29 22 19 9 16 44 32 26 24 29 10 13 0 16 20 26 17 18 22 6 30 13 16 25 
40 26 37 46 31 33 33 44 26 23 19 33 58 42 39 37 30 8 16 16 0 36 42 11 28 22 22 38 29 4 41 
11 19 31 10 26 48 6 9 36 34 18 8 36 36 12 25 44 30 24 20 36 0 15 37 27 38 13 37 10 36 7 
26 17 21 17 19 42 10 19 32 30 29 10 21 24 27 14 39 34 36 26 42 15 0 39 21 36 20 27 13 41 10 
44 22 29 47 24 22 33 46 15 13 24 32 52 34 43 31 19 7 25 17 11 37 39 0 21 11 24 29 28 6 41 
37 7 8 35 3 21 20 36 10 9 27 19 31 14 38 10 17 19 32 18 28 27 21 21 0 15 19 11 17 25 27 
47 19 20 48 18 12 32 48 5 5 31 31 44 24 47 24 8 15 33 22 22 38 36 11 15 0 26 19 28 17 41 
21 11 26 23 19 37 11 22 25 22 9 10 40 32 21 22 33 16 15 6 22 13 20 24 19 26 0 30 7 23 18 
48 19 5 43 10 18 30 45 13 15 39 28 27 5 48 12 16 30 44 30 38 37 27 29 11 19 30 0 27 35 35 
20 9 22 19 16 37 4 19 25 23 16 3 33 27 21 17 33 21 22 13 29 10 13 28 17 28 7 27 0 28 13 
41 24 34 46 28 29 33 45 22 19 21 32 56 39 41 35 26 6 20 16 4 36 41 6 25 17 23 35 28 0 41 
16 21 30 7 26 49 8 9 37 36 25 9 30 34 17 23 45 35 31 25 41 7 10 41 27 41 18 35 13 41 0 
0 617
19 80
475 536
221 282
411 472
418 479
45 106
186 247
302 363
93 154
429 490
84 145
14 75
220 281
312 373
341 402
122 183
200 261
126 187
149 210
99 160
121 182
117 178
136 197
508 569
427 488
1 62
44 105
106 167
374 435
330 391
