31
0 9 29 1 18 23 33 50 30 46 34 35 18 49 2 39 55 47 38 41 39 40 33 18 28 36 45 33 16 33 28 
9 0 38 8 14 18 40 55 28 43 35 32 16 54 6 46 59 44 44 43 37 43 39 21 32 41 44 39 21 40 32 
29 38 0 29 39 44 15 37 41 57 35 47 35 34 31 22 43 57 18 40 48 34 18 25 25 25 50 19 22 14 28 
1 8 29 0 16 22 33 50 28 45 33 33 16 48 2 39 55 45 38 40 38 39 33 17 27 36 44 32 15 33 28 
18 14 39 16 0 5 35 45 14 29 23 18 4 44 16 39 48 29 39 31 23 32 33 15 23 33 30 33 17 36 22 
23 18 44 22 5 0 40 47 13 25 25 15 8 47 21 43 50 26 43 31 21 34 37 19 27 36 28 37 22 40 25 
33 40 15 33 35 40 0 22 32 46 23 37 31 19 35 7 28 46 4 26 37 19 4 20 14 10 38 4 19 1 17 
50 55 37 50 45 47 22 0 34 41 22 37 41 2 52 14 6 40 18 17 33 12 19 33 22 14 29 19 34 23 23 
30 28 41 28 14 13 32 34 0 17 12 5 12 35 29 33 37 17 34 18 9 22 29 16 18 26 15 28 20 33 15 
46 43 57 45 29 25 46 41 17 0 23 11 28 42 45 45 40 1 48 23 9 30 43 33 33 38 11 42 37 48 30 
34 35 35 33 23 25 23 22 12 23 0 15 20 22 34 22 25 22 24 7 13 10 19 16 10 15 14 19 19 24 7 
35 32 47 33 18 15 37 37 5 11 15 0 17 37 34 37 38 12 39 19 5 24 33 22 23 30 12 33 26 38 20 
18 16 35 16 4 8 31 41 12 28 20 17 0 40 17 35 44 29 35 27 21 29 29 11 19 29 28 29 13 32 18 
49 54 34 48 44 47 19 2 35 42 22 37 40 0 50 12 8 41 16 18 34 12 17 32 21 12 31 17 32 20 22 
2 6 31 2 16 21 35 52 29 45 34 34 17 50 0 41 56 46 40 42 39 41 34 18 29 38 44 34 17 35 29 
39 46 22 39 39 43 7 14 33 45 22 37 35 12 41 0 21 45 3 22 36 15 6 25 15 7 35 6 24 8 18 
55 59 43 55 48 50 28 6 37 40 25 38 44 8 56 21 0 39 25 18 34 15 25 37 27 19 29 25 39 29 27 
47 44 57 45 29 26 46 40 17 1 22 12 29 41 46 45 39 0 47 22 9 30 42 34 33 37 10 42 37 47 29 
38 44 18 38 39 43 4 18 34 48 24 39 35 16 40 3 25 47 0 26 38 18 6 24 16 10 38 6 23 5 19 
41 43 40 40 31 31 26 17 18 23 7 19 27 18 42 22 18 22 26 0 15 7 22 23 16 16 12 21 26 27 13 
39 37 48 38 23 21 37 33 9 9 13 5 21 34 39 36 34 9 38 15 0 22 33 25 24 29 7 33 28 38 20 
40 43 34 39 32 34 19 12 22 30 10 24 29 12 41 15 15 30 18 7 22 0 15 22 12 9 20 15 24 20 11 
33 39 18 33 33 37 4 19 29 43 19 33 29 17 34 6 25 42 6 22 33 15 0 18 10 6 33 0 17 5 13 
18 21 25 17 15 19 20 33 16 33 16 22 11 32 18 25 37 34 24 23 25 22 18 0 10 20 29 18 3 21 10 
28 32 25 27 23 27 14 22 18 33 10 23 19 21 29 15 27 33 16 16 24 12 10 10 0 9 25 10 11 15 3 
36 41 25 36 33 36 10 14 26 38 15 30 29 12 38 7 19 37 10 16 29 9 6 20 9 0 28 6 20 11 11 
45 44 50 44 30 28 38 29 15 11 14 12 28 31 44 35 29 10 38 12 7 20 33 29 25 28 0 33 32 39 22 
33 39 19 32 33 37 4 19 28 42 19 33 29 17 34 6 25 42 6 21 33 15 0 18 10 6 33 0 17 5 13 
16 21 22 15 17 22 19 34 20 37 19 26 13 32 17 24 39 37 23 26 28 24 17 3 11 20 32 17 0 19 12 
33 40 14 33 36 40 1 23 33 48 24 38 32 20 35 8 29 47 5 27 38 20 5 21 15 11 39 5 19 0 18 
28 32 28 28 22 25 17 23 15 30 7 20 18 22 29 18 27 29 19 13 20 11 13 10 3 11 22 13 12 18 0 
0 447
185 274
182 271
82 171
17 106
322 411
43 132
132 221
310 399
285 374
210 299
36 125
220 309
215 304
294 383
202 291
228 317
187 276
15 104
74 163
164 253
199 288
173 262
329 418
176 265
13 102
17 106
20 109
332 421
80 169
306 395
