31
0 42 22 23 41 46 50 47 42 23 42 33 27 36 34 32 10 28 30 25 29 47 43 19 25 14 5 25 19 39 42 
42 0 29 26 57 12 25 39 13 25 15 44 23 46 11 15 31 24 22 47 18 15 35 29 47 47 37 47 22 7 23 
22 29 0 3 30 28 28 25 23 3 22 17 6 20 18 14 18 6 8 18 11 28 21 3 18 20 16 17 14 31 20 
23 26 3 0 33 26 27 26 20 0 20 20 4 23 15 11 17 5 6 21 8 26 22 4 21 22 17 21 12 27 19 
41 57 30 33 0 52 43 28 47 33 45 13 35 11 46 42 44 33 34 16 39 50 27 32 15 27 38 16 44 60 38 
46 12 28 26 52 0 13 29 5 25 6 39 21 40 12 14 37 22 20 45 18 3 26 29 45 49 41 45 28 19 14 
50 25 28 27 43 13 0 17 13 27 11 32 23 33 20 19 43 21 20 41 21 10 16 31 40 48 44 41 34 32 7 
47 39 25 26 28 29 17 0 26 26 23 19 24 18 29 26 43 21 21 30 25 26 4 28 29 40 42 30 37 44 15 
42 13 23 20 47 5 13 26 0 20 2 34 16 36 8 9 33 17 14 40 13 5 23 24 40 43 37 40 23 19 10 
23 25 3 0 33 25 27 26 20 0 20 20 3 23 14 11 17 5 6 21 7 25 22 4 21 23 17 21 12 27 19 
42 15 22 20 45 6 11 23 2 20 0 32 16 34 9 10 34 15 13 39 12 5 20 24 38 43 37 38 24 21 8 
33 44 17 20 13 39 32 19 34 20 32 0 21 3 32 28 33 19 21 11 25 37 17 19 10 22 28 10 31 47 26 
27 23 6 4 35 21 23 24 16 3 16 21 0 24 11 8 20 2 3 24 4 21 19 8 24 27 21 24 13 25 15 
36 46 20 23 11 40 33 18 36 23 34 3 24 0 34 31 36 22 23 13 27 39 17 22 12 24 31 12 34 49 27 
34 11 18 15 46 12 20 29 8 14 9 32 11 34 0 3 25 13 11 36 7 13 25 18 36 38 29 36 16 15 14 
32 15 14 11 42 14 19 26 9 11 10 28 8 31 3 0 24 9 7 32 3 15 22 15 32 34 27 32 14 18 13 
10 31 18 17 44 37 43 43 33 17 34 33 20 36 25 24 0 22 23 28 22 39 39 15 29 21 8 28 9 29 35 
28 24 6 5 33 22 21 21 17 5 15 19 2 22 13 9 22 0 2 23 5 21 17 9 23 27 23 23 15 27 14 
30 22 8 6 34 20 20 21 14 6 13 21 3 23 11 7 23 2 0 25 4 19 17 10 25 29 24 25 16 26 12 
25 47 18 21 16 45 41 30 40 21 39 11 24 13 36 32 28 23 25 0 28 44 28 18 0 11 21 0 30 49 34 
29 18 11 8 39 18 21 25 13 7 12 25 4 27 7 3 22 5 4 28 0 18 21 11 28 31 24 28 13 21 14 
47 15 28 26 50 3 10 26 5 25 5 37 21 39 13 15 39 21 19 44 18 0 24 30 44 48 42 44 29 22 11 
43 35 21 22 27 26 16 4 23 22 20 17 19 17 25 22 39 17 17 28 21 24 0 24 27 37 38 27 33 40 12 
19 29 3 4 32 29 31 28 24 4 24 19 8 22 18 15 15 9 10 18 11 30 24 0 19 19 14 18 12 30 23 
25 47 18 21 15 45 40 29 40 21 38 10 24 12 36 32 29 23 25 0 28 44 27 19 0 12 22 0 30 49 33 
14 47 20 22 27 49 48 40 43 23 43 22 27 24 38 34 21 27 29 11 31 48 37 19 12 0 13 12 27 47 40 
5 37 16 17 38 41 44 42 37 17 37 28 21 31 29 27 8 23 24 21 24 42 38 14 22 13 0 22 15 36 37 
25 47 17 21 16 45 41 30 40 21 38 10 24 12 36 32 28 23 25 0 28 44 27 18 0 12 22 0 30 49 34 
19 22 14 12 44 28 34 37 23 12 24 31 13 34 16 14 9 15 16 30 13 29 33 12 30 27 15 30 0 20 27 
39 7 31 27 60 19 32 44 19 27 21 47 25 49 15 18 29 27 26 49 21 22 40 30 49 47 36 49 20 0 29 
42 23 20 19 38 14 7 15 10 19 8 26 15 27 14 13 35 14 12 34 14 11 12 23 33 40 37 34 27 29 0 
0 532
184 290
14 120
134 240
386 492
75 181
203 309
338 444
106 212
128 234
361 467
382 488
393 499
215 321
333 439
392 498
360 466
277 383
161 267
336 442
12 118
365 471
31 137
240 346
11 117
170 276
166 272
61 167
127 233
21 127
263 369
