31
0 31 23 13 8 34 13 35 10 31 27 17 14 27 13 26 10 14 20 17 21 20 40 23 14 35 1 13 37 33 26 
31 0 21 44 31 26 44 30 36 2 25 14 44 33 28 43 21 40 49 29 12 43 19 9 38 11 30 44 28 15 8 
23 21 0 37 29 40 35 44 33 19 5 15 37 12 29 22 18 24 43 10 21 42 18 14 21 16 21 36 44 12 23 
13 44 37 0 13 40 2 40 9 44 40 30 2 38 19 34 22 19 7 29 33 13 54 36 21 49 15 1 42 47 38 
8 31 29 13 0 27 14 28 4 32 33 18 12 35 6 35 11 22 17 25 19 13 44 24 23 38 9 14 30 37 25 
34 26 40 40 27 0 41 3 30 28 45 25 38 52 20 57 26 47 40 43 19 30 45 27 47 38 33 41 3 40 19 
13 44 35 2 14 41 0 42 11 44 38 30 4 36 20 32 22 17 9 28 33 15 53 36 19 49 14 0 44 46 38 
35 30 44 40 28 3 42 0 30 32 49 28 38 55 22 60 29 49 40 46 23 30 49 30 49 42 35 41 3 44 22 
10 36 33 9 4 30 11 30 0 37 37 23 8 37 10 37 16 22 12 28 24 9 49 29 24 43 11 10 33 42 29 
31 2 19 44 32 28 44 32 37 0 23 14 44 32 28 41 21 39 49 28 13 44 17 8 37 9 30 44 30 13 9 
27 25 5 40 33 45 38 49 37 23 0 20 41 9 34 20 23 25 47 11 26 46 18 19 22 18 25 39 49 13 28 
17 14 15 30 18 25 30 28 23 14 20 0 30 26 16 33 7 27 35 19 6 31 26 5 25 20 16 30 28 19 10 
14 44 37 2 12 38 4 38 8 44 41 30 0 39 18 36 22 21 6 30 32 11 54 36 23 49 15 4 41 47 37 
27 33 12 38 35 52 36 55 37 32 9 26 39 0 37 11 26 20 45 9 32 47 27 26 17 27 26 37 55 23 35 
13 28 29 19 6 20 20 22 10 28 34 16 18 37 0 39 11 27 22 28 15 15 42 21 27 36 13 20 23 36 20 
26 43 22 34 35 57 32 60 37 41 20 33 36 11 39 0 30 15 42 14 39 45 38 34 13 38 26 33 60 34 43 
10 21 18 22 11 26 22 29 16 21 23 7 22 26 11 30 0 21 28 17 11 24 33 13 20 27 8 22 30 26 16 
14 40 24 19 22 47 17 49 22 39 25 27 21 20 27 15 21 0 26 14 32 31 43 31 3 40 14 17 51 37 37 
20 49 43 7 17 40 9 40 12 49 47 35 6 45 22 42 28 26 0 36 37 10 60 41 29 55 22 9 42 53 42 
17 29 10 29 25 43 28 46 28 28 11 19 30 9 28 14 17 14 36 0 25 37 28 20 11 26 16 28 47 22 28 
21 12 21 33 19 19 33 23 24 13 26 6 32 32 15 39 11 32 37 25 0 31 28 7 31 21 20 33 23 22 5 
20 43 42 13 13 30 15 30 9 44 46 31 11 47 15 45 24 31 10 37 31 0 57 36 32 51 21 15 32 50 35 
40 19 18 54 44 45 53 49 49 17 18 26 54 27 42 38 33 43 60 28 28 57 0 21 40 7 39 53 48 6 26 
23 9 14 36 24 27 36 30 29 8 19 5 36 26 21 34 13 31 41 20 7 36 21 0 29 14 21 36 30 14 8 
14 38 21 21 23 47 19 49 24 37 22 25 23 17 27 13 20 3 29 11 31 32 40 29 0 37 14 20 50 34 36 
35 11 16 49 38 38 49 42 43 9 18 20 49 27 36 38 27 40 55 26 21 51 7 14 37 0 34 49 40 4 19 
1 30 21 15 9 33 14 35 11 30 25 16 15 26 13 26 8 14 22 16 20 21 39 21 14 34 0 14 36 32 25 
13 44 36 1 14 41 0 41 10 44 39 30 4 37 20 33 22 17 9 28 33 15 53 36 20 49 14 0 43 47 38 
37 28 44 42 30 3 44 3 33 30 49 28 41 55 23 60 30 51 42 47 23 32 48 30 50 40 36 43 0 43 22 
33 15 12 47 37 40 46 44 42 13 13 19 47 23 36 34 26 37 53 22 22 50 6 14 34 4 32 47 43 0 21 
26 8 23 38 25 19 38 22 29 9 28 10 37 35 20 43 16 37 42 28 5 35 26 8 36 19 25 38 22 21 0 
0 383
172 325
87 240
59 212
24 177
120 273
182 335
38 191
150 303
42 195
93 246
224 377
89 242
94 247
94 247
75 228
128 281
172 325
58 211
0 153
191 344
214 367
26 179
166 319
40 193
182 335
127 280
18 171
163 316
140 293
212 365
