31
0 13 20 13 25 34 25 5 24 5 26 16 26 30 32 6 39 27 13 18 28 16 16 5 5 28 16 32 17 31 17 
13 0 7 26 20 32 38 17 38 12 37 25 39 39 43 10 50 38 24 28 41 4 20 14 10 37 9 34 14 44 14 
20 7 0 32 17 30 45 24 45 17 41 29 45 43 47 15 56 43 29 33 47 7 27 21 17 43 8 34 20 50 15 
13 26 32 0 32 36 12 13 15 14 14 11 12 21 19 17 25 15 5 10 15 30 24 16 18 28 27 32 29 17 24 
25 20 17 32 0 12 44 31 47 20 34 23 42 32 40 18 49 36 27 26 44 23 39 29 27 53 10 17 34 46 7 
34 32 30 36 12 0 46 39 51 28 33 24 43 28 37 27 46 35 30 27 45 36 49 39 37 61 22 7 46 47 17 
25 38 45 12 44 46 0 23 9 27 15 21 5 23 17 29 18 14 17 18 5 42 32 27 29 29 39 40 39 7 37 
5 17 24 13 31 39 23 0 21 10 27 20 25 33 33 12 39 28 15 21 27 19 12 3 6 22 22 38 16 30 23 
24 38 45 15 47 51 9 21 0 28 23 26 14 32 26 30 27 23 21 24 14 40 27 24 27 20 41 47 35 15 39 
5 12 17 14 20 28 27 10 28 0 24 13 27 28 30 2 38 26 12 16 29 16 21 10 9 33 12 27 20 32 12 
26 37 41 14 34 33 15 27 23 24 0 12 10 8 6 26 14 1 12 8 11 41 39 30 31 41 34 27 43 13 29 
16 25 29 11 23 24 21 20 26 13 12 0 19 14 18 15 26 14 6 3 21 29 32 21 22 39 21 20 33 23 17 
26 39 45 12 42 43 5 25 14 27 10 19 0 19 12 29 14 9 15 15 2 42 35 29 31 34 38 37 41 5 35 
30 39 43 21 32 28 23 33 32 28 8 14 19 0 9 29 17 9 17 11 19 44 45 35 36 49 34 21 48 21 28 
32 43 47 19 40 37 17 33 26 30 6 18 12 9 0 32 8 4 18 14 12 47 44 36 37 45 40 30 49 12 35 
6 10 15 17 18 27 29 12 30 2 26 15 29 29 32 0 40 28 14 18 31 14 21 11 9 35 10 27 20 34 10 
39 50 56 25 49 46 18 39 27 38 14 26 14 17 8 40 0 12 26 23 12 55 50 42 44 47 48 38 55 11 43 
27 38 43 15 36 35 14 28 23 26 1 14 9 9 4 28 12 0 14 10 10 42 40 31 32 41 35 28 44 12 31 
13 24 29 5 27 30 17 15 21 12 12 6 15 17 18 14 26 14 0 6 18 28 27 17 18 33 23 26 30 20 19 
18 28 33 10 26 27 18 21 24 16 8 3 15 11 14 18 23 10 6 0 17 33 33 23 24 39 25 22 36 20 20 
28 41 47 15 44 45 5 27 14 29 11 21 2 19 12 31 12 10 18 17 0 45 37 31 33 35 41 38 43 2 37 
16 4 7 30 23 36 42 19 40 16 41 29 42 44 47 14 55 42 28 33 45 0 19 15 12 36 13 38 12 47 19 
16 20 27 24 39 49 32 12 27 21 39 32 35 45 44 21 50 40 27 33 37 19 0 10 12 17 29 49 9 39 32 
5 14 21 16 29 39 27 3 24 10 30 21 29 35 36 11 42 31 17 23 31 15 10 0 3 24 20 38 12 33 22 
5 10 17 18 27 37 29 6 27 9 31 22 31 36 37 9 44 32 18 24 33 12 12 3 0 26 17 37 11 36 19 
28 37 43 28 53 61 29 22 20 33 41 39 34 49 45 35 47 41 33 39 35 36 17 24 26 0 44 59 26 36 45 
16 9 8 27 10 22 39 22 41 12 34 21 38 34 40 10 48 35 23 25 41 13 29 20 17 44 0 25 24 43 6 
32 34 34 32 17 7 40 38 47 27 27 20 37 21 30 27 38 28 26 22 38 38 49 38 37 59 25 0 47 40 19 
17 14 20 29 34 46 39 16 35 20 43 33 41 48 49 20 55 44 30 36 43 12 9 12 11 26 24 47 0 46 29 
31 44 50 17 46 47 7 30 15 32 13 23 5 21 12 34 11 12 20 20 2 47 39 33 36 36 43 40 46 0 40 
17 14 15 24 7 17 37 23 39 12 29 17 35 28 35 10 43 31 19 20 37 19 32 22 19 45 6 19 29 40 0 
0 255
59 135
81 157
177 253
43 119
151 227
165 241
43 119
38 114
55 131
7 83
6 82
103 179
20 96
59 135
111 187
130 206
76 152
87 163
19 95
86 162
27 103
116 192
159 235
120 196
105 181
173 249
46 122
82 158
97 173
167 243
