31
0 35 11 21 1 35 11 26 24 14 19 26 10 12 25 34 11 8 18 24 19 14 24 18 24 31 17 3 4 14 13 
35 0 37 35 34 48 46 10 34 48 15 16 38 41 39 1 32 27 21 46 48 41 59 53 33 16 32 33 38 24 29 
11 37 0 11 12 47 12 31 14 23 23 23 22 23 37 36 23 15 26 35 30 3 25 22 15 38 29 14 8 23 8 
21 35 11 0 22 56 23 31 3 34 24 18 32 34 46 34 31 22 31 45 41 12 36 33 3 41 36 23 19 29 10 
1 34 12 22 0 34 12 25 25 14 19 25 9 11 24 33 10 7 17 23 19 15 25 18 24 30 16 2 5 13 13 
35 48 47 56 34 0 42 38 58 30 39 51 25 24 10 46 24 34 29 13 22 50 46 39 58 33 19 33 39 29 46 
11 46 12 23 12 42 0 37 26 13 30 34 17 17 33 44 21 19 29 29 21 11 14 9 27 42 27 14 7 25 19 
26 10 31 31 25 38 37 0 32 38 7 16 28 30 29 8 22 18 11 35 38 35 50 44 30 10 21 23 29 14 23 
24 34 14 3 25 58 26 32 0 37 24 17 35 36 48 34 33 24 32 48 44 15 39 36 1 41 38 25 22 30 12 
14 48 23 34 14 30 13 38 37 0 32 40 10 8 23 46 16 21 27 17 8 24 16 9 37 40 20 15 15 23 27 
19 15 23 24 19 39 30 7 24 32 0 12 24 26 29 14 18 11 10 33 34 27 44 37 23 16 20 17 22 11 15 
26 16 23 18 25 51 34 16 17 40 12 0 33 35 41 16 29 20 22 44 44 26 48 43 16 26 32 25 26 22 14 
10 38 22 32 9 25 17 28 35 10 24 33 0 2 16 37 6 13 17 13 10 24 25 18 34 30 10 9 14 13 23 
12 41 23 34 11 24 17 30 36 8 26 35 2 0 16 39 8 15 19 12 8 25 24 17 36 32 12 11 15 16 25 
25 39 37 46 24 10 33 29 48 23 29 41 16 16 0 38 14 24 19 8 17 40 40 32 47 25 9 23 30 18 36 
34 1 36 34 33 46 44 8 34 46 14 16 37 39 38 0 30 25 19 44 47 40 58 52 32 14 30 31 36 23 28 
11 32 23 31 10 24 21 22 33 16 18 29 6 8 14 30 0 9 11 15 16 26 31 24 33 23 6 9 16 7 21 
8 27 15 22 7 34 19 18 24 21 11 20 13 15 24 25 9 0 10 25 24 19 32 26 23 23 14 5 11 7 12 
18 21 26 31 17 29 29 11 32 27 10 22 17 19 19 19 11 10 0 24 27 30 41 34 31 13 11 15 22 4 21 
24 46 35 45 23 13 29 35 48 17 33 44 13 12 8 44 15 25 24 0 9 38 33 26 48 33 13 22 27 22 36 
19 48 30 41 19 22 21 38 44 8 34 44 10 8 17 47 16 24 27 9 0 32 24 17 44 38 17 19 22 23 33 
14 41 3 12 15 50 11 35 15 24 27 26 24 25 40 40 26 19 30 38 32 0 24 21 16 42 32 17 10 27 12 
24 59 25 36 25 46 14 50 39 16 44 48 25 24 40 58 31 32 41 33 24 24 0 7 40 55 36 27 21 37 33 
18 53 22 33 18 39 9 44 36 9 37 43 18 17 32 52 24 26 34 26 17 21 7 0 37 47 29 20 16 30 29 
24 33 15 3 24 58 27 30 1 37 23 16 34 36 47 32 33 23 31 48 44 16 40 37 0 40 38 25 22 29 11 
31 16 38 41 30 33 42 10 41 40 16 26 30 32 25 14 23 23 13 33 38 42 55 47 40 0 20 28 35 17 32 
17 32 29 36 16 19 27 21 38 20 20 32 10 12 9 30 6 14 11 13 17 32 36 29 38 20 0 15 22 9 26 
3 33 14 23 2 33 14 23 25 15 17 25 9 11 23 31 9 5 15 22 19 17 27 20 25 28 15 0 7 11 14 
4 38 8 19 5 39 7 29 22 15 22 26 14 15 30 36 16 11 22 27 22 10 21 16 22 35 22 7 0 18 12 
14 24 23 29 13 29 25 14 30 23 11 22 13 16 18 23 7 7 4 22 23 27 37 30 29 17 9 11 18 0 18 
13 29 8 10 13 46 19 23 12 27 15 14 23 25 36 28 21 12 21 36 33 12 33 29 11 32 26 14 12 18 0 
0 319
37 37
97 97
3 3
156 156
72 72
297 297
94 94
70 70
253 253
293 293
240 240
314 314
76 76
91 91
196 196
167 167
36 36
272 272
199 199
265 265
287 287
136 136
183 183
157 157
9 9
204 204
190 190
24 24
174 174
86 86
