31
0 20 12 31 51 48 46 8 14 19 34 30 34 14 11 19 36 43 25 24 46 28 34 42 44 41 42 13 42 13 30 
20 0 14 13 35 43 38 23 10 23 18 16 14 19 9 22 26 37 5 15 39 11 14 26 24 22 22 8 23 9 12 
12 14 0 28 39 36 34 9 4 10 23 18 28 4 7 9 23 31 18 12 35 18 29 41 38 32 36 6 33 14 20 
31 13 28 0 37 52 46 36 24 37 23 24 6 32 22 35 35 46 10 26 48 18 4 13 12 20 12 21 21 18 18 
51 35 39 37 0 27 18 48 36 39 17 21 31 40 41 37 19 23 31 27 22 23 33 48 34 17 31 38 17 45 22 
48 43 36 52 27 0 9 41 36 29 29 28 47 33 42 28 17 6 42 28 5 34 50 66 55 39 52 39 39 49 34 
46 38 34 46 18 9 0 41 33 29 22 22 40 33 39 28 11 5 36 24 3 28 43 59 47 30 44 36 30 45 27 
8 23 9 36 48 41 41 0 14 12 33 28 37 8 14 13 31 37 28 21 41 28 38 48 47 42 45 15 43 19 30 
14 10 4 24 36 36 33 14 0 13 19 15 23 8 5 12 22 31 14 10 34 14 24 37 34 27 31 3 29 12 16 
19 23 10 37 39 29 29 12 13 0 25 20 35 5 17 1 20 25 26 13 28 23 37 50 46 36 43 16 37 25 24 
34 18 23 23 17 29 22 33 19 25 0 4 18 24 23 23 12 23 15 11 24 6 21 36 26 11 23 20 12 27 5 
30 16 18 24 21 28 22 28 15 20 4 0 19 19 19 18 11 22 13 7 24 5 22 37 28 15 25 16 16 24 5 
34 14 28 6 31 47 40 37 23 35 18 19 0 31 23 34 30 41 9 23 43 14 2 18 10 13 8 22 14 21 13 
14 19 4 32 40 33 33 8 8 5 24 19 31 0 12 5 22 29 22 12 32 21 33 45 42 34 40 10 35 19 22 
11 9 7 22 41 42 39 14 5 17 23 19 23 12 0 17 28 37 14 15 40 17 23 34 33 30 31 3 31 7 19 
19 22 9 35 37 28 28 13 12 1 23 18 34 5 17 0 18 24 25 11 27 21 35 49 44 34 41 15 35 24 22 
36 26 23 35 19 17 11 31 22 20 12 11 30 22 28 18 0 11 25 12 13 16 33 48 38 23 35 24 23 34 16 
43 37 31 46 23 6 5 37 31 25 23 22 41 29 37 24 11 0 36 22 3 28 44 59 49 32 46 34 33 43 27 
25 5 18 10 31 42 36 28 14 26 15 13 9 22 14 25 25 36 0 15 38 8 10 24 19 16 17 12 18 14 9 
24 15 12 26 27 28 24 21 10 13 11 7 23 12 15 11 12 22 15 0 25 10 25 40 33 22 30 12 23 21 11 
46 39 35 48 22 5 3 41 34 28 24 24 43 32 40 27 13 3 38 25 0 30 46 61 50 33 47 37 34 46 29 
28 11 18 18 23 34 28 28 14 23 6 5 14 21 17 21 16 28 8 10 30 0 16 31 23 13 20 15 14 21 1 
34 14 29 4 33 50 43 38 24 37 21 22 2 33 23 35 33 44 10 25 46 16 0 15 9 16 8 23 17 21 16 
42 26 41 13 48 66 59 48 37 50 36 37 18 45 34 49 48 59 24 40 61 31 15 0 14 30 16 34 31 28 31 
44 24 38 12 34 55 47 47 34 46 26 28 10 42 33 44 38 49 19 33 50 23 9 14 0 17 2 32 17 31 22 
41 22 32 20 17 39 30 42 27 36 11 15 13 34 30 34 23 32 16 22 33 13 16 30 17 0 14 27 1 31 11 
42 22 36 12 31 52 44 45 31 43 23 25 8 40 31 41 35 46 17 30 47 20 8 16 2 14 0 30 14 29 20 
13 8 6 21 38 39 36 15 3 16 20 16 22 10 3 15 24 34 12 12 37 15 23 34 32 27 30 0 29 9 16 
42 23 33 21 17 39 30 43 29 37 12 16 14 35 31 35 23 33 18 23 34 14 17 31 17 1 14 29 0 33 13 
13 9 14 18 45 49 45 19 12 25 27 24 21 19 7 24 34 43 14 21 46 21 21 28 31 31 29 9 33 0 22 
30 12 20 18 22 34 27 30 16 24 5 5 13 22 19 22 16 27 9 11 29 1 16 31 22 11 20 16 13 22 0 
0 319
146 241
15 110
156 251
143 238
181 276
149 244
83 178
109 204
219 314
201 296
146 241
191 286
12 107
162 257
220 315
151 246
97 192
34 129
44 139
88 183
144 239
195 290
134 229
6 101
52 147
157 252
24 119
113 208
93 188
155 250
