31
0 41 26 48 23 16 36 6 38 26 4 7 6 29 27 5 47 21 16 48 38 25 50 12 6 11 27 29 2 17 8 
41 0 30 20 18 27 47 47 42 36 39 36 36 40 42 41 15 34 30 21 39 17 20 35 37 30 29 14 42 36 33 
26 30 0 26 19 27 17 28 14 5 22 19 26 10 11 22 26 6 10 26 12 16 28 14 28 20 1 29 25 36 24 
48 20 26 0 27 40 37 52 30 31 45 41 45 34 36 46 4 32 33 1 27 24 2 38 47 38 25 31 48 50 42 
23 18 19 27 0 12 36 29 33 24 21 18 18 28 29 23 25 19 14 28 31 3 29 18 20 12 18 10 24 22 16 
16 27 27 40 12 0 42 23 41 30 16 15 10 34 34 19 37 25 17 40 40 15 42 18 10 8 26 13 18 10 8 
36 47 17 37 36 42 0 35 7 12 32 30 38 8 8 30 39 17 24 36 10 33 39 25 40 34 18 46 34 50 37 
6 47 28 52 29 23 35 0 38 27 8 11 13 28 26 6 51 22 19 52 38 30 54 14 13 17 29 36 4 23 14 
38 42 14 30 33 41 7 38 0 11 34 31 39 9 11 33 33 17 24 29 3 30 32 26 41 34 15 43 36 50 37 
26 36 5 31 24 30 12 27 11 0 22 19 27 4 5 21 32 5 12 30 11 21 33 14 29 23 7 34 25 38 26 
4 39 22 45 21 16 32 8 34 22 0 3 7 24 23 3 43 17 12 45 34 22 47 8 8 9 23 28 3 19 7 
7 36 19 41 18 15 30 11 31 19 3 0 8 22 21 5 40 14 9 41 31 19 43 5 10 7 19 26 6 20 7 
6 36 26 45 18 10 38 13 39 27 7 8 0 30 29 10 42 21 15 45 38 20 47 12 2 6 26 23 8 12 2 
29 40 10 34 28 34 8 28 9 4 24 22 30 0 2 23 35 9 16 33 10 25 36 17 32 26 11 39 27 42 29 
27 42 11 36 29 34 8 26 11 5 23 21 29 2 0 22 37 9 16 36 13 26 38 16 31 26 13 39 25 41 28 
5 41 22 46 23 19 30 6 33 21 3 5 10 23 22 0 45 16 13 46 33 24 48 8 11 12 23 31 3 22 10 
47 15 26 4 25 37 39 51 33 32 43 40 42 35 37 45 0 32 32 5 29 22 5 37 45 36 25 27 47 47 40 
21 34 6 32 19 25 17 22 17 5 17 14 21 9 9 16 32 0 7 31 16 17 34 9 23 17 7 30 20 32 20 
16 30 10 33 14 17 24 19 24 12 12 9 15 16 16 13 32 7 0 33 23 12 35 5 17 10 10 24 15 26 13 
48 21 26 1 28 40 36 52 29 30 45 41 45 33 36 46 5 31 33 0 26 25 2 38 47 38 24 32 48 50 43 
38 39 12 27 31 40 10 38 3 11 34 31 38 10 13 33 29 16 23 26 0 27 29 26 40 33 13 41 36 49 36 
25 17 16 24 3 15 33 30 30 21 22 19 20 25 26 24 22 17 12 25 27 0 26 17 22 13 15 13 25 25 18 
50 20 28 2 29 42 39 54 32 33 47 43 47 36 38 48 5 34 35 2 29 26 0 40 49 40 27 33 50 52 44 
12 35 14 38 18 18 25 14 26 14 8 5 12 17 16 8 37 9 5 38 26 17 40 0 15 10 15 27 11 24 11 
6 37 28 47 20 10 40 13 41 29 8 10 2 32 31 11 45 23 17 47 40 22 49 15 0 8 28 24 9 10 4 
11 30 20 38 12 8 34 17 34 23 9 7 6 26 26 12 36 17 10 38 33 13 40 10 8 0 20 19 12 15 4 
27 29 1 25 18 26 18 29 15 7 23 19 26 11 13 23 25 7 10 24 13 15 27 15 28 20 0 28 26 36 24 
29 14 29 31 10 13 46 36 43 34 28 26 23 39 39 31 27 30 24 32 41 13 33 27 24 19 28 0 31 21 21 
2 42 25 48 24 18 34 4 36 25 3 6 8 27 25 3 47 20 15 48 36 25 50 11 9 12 26 31 0 19 9 
17 36 36 50 22 10 50 23 50 38 19 20 12 42 41 22 47 32 26 50 49 25 52 24 10 15 36 21 19 0 12 
8 33 24 42 16 8 37 14 37 26 7 7 2 29 28 10 40 20 13 43 36 18 44 11 4 4 24 21 9 12 0 
0 298
27 176
108 257
12 161
51 200
8 157
108 257
70 219
137 286
124 273
134 283
111 260
101 250
41 190
43 192
32 181
95 244
80 229
110 259
29 178
44 193
46 195
90 239
70 219
19 168
123 272
90 239
143 292
86 235
45 194
137 286
