31
0 4 7 18 4 39 11 34 42 31 20 31 43 28 45 10 35 14 14 2 45 23 21 7 28 39 24 5 30 31 33 
4 0 3 16 8 35 10 31 38 29 16 28 41 25 41 7 34 13 10 3 41 22 18 10 25 35 22 8 27 28 29 
7 3 0 16 11 32 8 27 35 28 12 24 38 23 37 5 31 14 7 6 37 20 14 12 25 31 20 11 26 26 25 
18 16 16 0 21 41 25 39 46 14 22 35 52 38 39 12 47 4 15 18 44 36 27 25 10 31 36 23 14 17 36 
4 8 11 21 0 42 14 37 45 35 24 35 45 30 49 15 37 17 18 5 48 25 25 6 31 43 26 3 34 35 36 
39 35 32 41 42 0 29 6 6 42 20 7 19 18 19 32 23 42 27 37 8 25 17 39 44 22 22 41 40 34 6 
11 10 8 25 14 29 0 24 31 35 14 21 31 16 39 13 24 22 12 9 36 12 12 10 33 35 13 11 34 32 23 
34 31 27 39 37 6 24 0 7 42 17 3 16 12 24 28 17 39 24 32 15 19 12 34 43 25 16 36 40 35 2 
42 38 35 46 45 6 31 7 0 48 24 10 13 17 25 36 19 47 31 40 13 24 20 41 49 28 22 43 46 40 9 
31 29 28 14 35 42 35 42 48 0 27 38 57 45 32 22 54 18 23 32 41 45 33 39 5 24 44 37 2 7 39 
20 16 12 22 24 20 14 17 24 27 0 13 31 17 25 12 27 22 6 18 24 19 6 22 27 21 18 23 25 21 14 
31 28 24 35 35 7 21 3 10 38 13 0 18 11 23 25 19 36 20 29 15 18 9 31 39 23 15 33 36 32 1 
43 41 38 52 45 19 31 16 13 57 31 18 0 15 38 41 10 52 37 41 27 20 25 40 58 41 19 43 55 51 18 
28 25 23 38 30 18 16 12 17 45 17 11 15 0 35 26 9 37 22 25 27 7 11 25 44 34 4 27 43 39 12 
45 41 37 39 49 19 39 24 25 32 25 23 38 35 0 35 42 41 30 44 12 40 28 48 37 8 38 49 31 25 22 
10 7 5 12 15 32 13 28 36 22 12 25 41 26 35 0 35 11 5 10 36 24 16 16 20 28 24 15 21 21 26 
35 34 31 47 37 23 24 17 19 54 27 19 10 9 42 35 0 46 32 33 32 12 21 31 54 42 11 34 52 49 19 
14 13 14 4 17 42 22 39 47 18 22 36 52 37 41 11 46 0 15 15 45 35 27 22 14 34 35 19 18 21 37 
14 10 7 15 18 27 12 24 31 23 6 20 37 22 30 5 32 15 0 13 31 22 11 19 22 24 21 18 21 20 21 
2 3 6 18 5 37 9 32 40 32 18 29 41 25 44 10 33 15 13 0 43 21 19 6 28 38 22 5 30 31 31 
45 41 37 44 48 8 36 15 13 41 24 15 27 27 12 36 32 45 31 43 0 33 24 46 44 18 31 47 39 33 14 
23 22 20 36 25 25 12 19 24 45 19 18 20 7 40 24 12 35 22 21 33 0 13 19 44 38 2 22 44 41 19 
21 18 14 27 25 17 12 12 20 33 6 9 25 11 28 16 21 27 11 19 24 13 0 22 33 25 12 23 31 28 11 
7 10 12 25 6 39 10 34 41 39 22 31 40 25 48 16 31 22 19 6 46 19 22 0 35 43 21 3 37 38 33 
28 25 25 10 31 44 33 43 49 5 27 39 58 44 37 20 54 14 22 28 44 44 33 35 0 28 44 33 6 12 40 
39 35 31 31 43 22 35 25 28 24 21 23 41 34 8 28 42 34 24 38 18 38 25 43 28 0 36 43 22 16 23 
24 22 20 36 26 22 13 16 22 44 18 15 19 4 38 24 11 35 21 22 31 2 12 21 44 36 0 23 43 40 16 
5 8 11 23 3 41 11 36 43 37 23 33 43 27 49 15 34 19 18 5 47 22 23 3 33 43 23 0 36 36 34 
30 27 26 14 34 40 34 40 46 2 25 36 55 43 31 21 52 18 21 30 39 44 31 37 6 22 43 36 0 6 37 
31 28 26 17 35 34 32 35 40 7 21 32 51 39 25 21 49 21 20 31 33 41 28 38 12 16 40 36 6 0 32 
33 29 25 36 36 6 23 2 9 39 14 1 18 12 22 26 19 37 21 31 14 19 11 33 40 23 16 34 37 32 0 
0 425
13 13
409 409
175 175
8 8
44 44
360 360
158 158
134 134
272 272
5 5
206 206
122 122
395 395
196 196
410 410
79 79
265 265
268 268
359 359
124 124
413 413
264 264
394 394
75 75
389 389
269 269
217 217
338 338
269 269
342 342
