31
0 36 18 32 47 35 20 31 35 16 45 58 40 22 20 47 10 32 14 12 35 43 43 5 15 25 21 13 13 49 15 
36 0 38 20 19 25 19 5 7 19 10 21 9 32 20 25 30 12 21 24 25 10 8 31 30 17 14 44 42 28 21 
18 38 0 43 42 25 30 33 34 22 49 59 46 8 17 38 26 40 23 18 25 42 43 16 9 21 26 9 7 40 19 
32 20 43 0 39 41 13 21 26 21 21 36 15 41 28 45 22 8 20 24 41 30 27 29 35 29 18 44 43 47 24 
47 19 42 39 0 18 35 19 13 32 23 22 26 33 27 9 45 31 35 35 18 9 13 42 35 22 28 50 47 11 31 
35 25 25 41 18 0 32 21 17 24 35 39 34 16 16 13 37 34 27 25 0 22 25 30 20 13 23 34 31 14 22 
20 19 30 13 35 32 0 16 21 8 26 40 20 28 17 39 11 12 7 11 32 29 27 16 22 18 8 31 30 42 12 
31 5 33 21 19 21 16 0 5 15 16 26 13 27 15 24 27 13 17 19 21 12 11 26 24 12 10 39 36 27 16 
35 7 34 26 13 17 21 5 0 19 17 24 17 27 16 18 31 18 22 22 17 8 9 30 26 12 14 40 38 21 19 
16 19 22 21 32 24 8 15 19 0 29 41 24 20 8 34 13 18 2 4 25 27 27 11 13 12 5 25 23 36 3 
45 10 49 21 23 35 26 16 17 29 0 14 6 43 31 32 38 15 31 34 35 14 10 41 40 28 24 54 52 34 31 
58 21 59 36 22 39 40 26 24 41 14 0 20 51 41 31 52 29 43 46 39 17 15 53 50 37 36 65 63 33 43 
40 9 46 15 26 34 20 13 17 24 6 20 0 40 28 34 32 8 25 29 34 17 13 36 37 26 19 50 48 37 27 
22 32 8 41 33 16 28 27 27 20 43 51 40 0 12 29 28 36 21 17 16 34 36 19 7 15 22 18 15 31 16 
20 20 17 28 27 16 17 15 16 8 31 41 28 12 0 27 20 24 11 9 16 25 26 15 9 5 10 24 21 29 5 
47 25 38 45 9 13 39 24 18 34 32 31 34 29 27 0 47 37 37 35 12 17 21 42 33 22 31 47 44 2 32 
10 30 26 22 45 37 11 27 31 13 38 52 32 28 20 47 0 24 10 11 37 39 38 10 20 24 17 24 24 49 15 
32 12 40 8 31 34 12 13 18 18 15 29 8 36 24 37 24 0 18 22 34 22 19 28 31 23 14 43 42 40 21 
14 21 23 20 35 27 7 17 22 2 31 43 25 21 11 37 10 18 0 4 28 30 29 10 15 14 7 24 23 39 5 
12 24 18 24 35 25 11 19 22 4 34 46 29 17 9 35 11 22 4 0 25 31 31 7 10 13 9 21 19 38 3 
35 25 25 41 18 0 32 21 17 25 35 39 34 16 16 12 37 34 28 25 0 22 25 31 20 13 23 34 31 14 22 
43 10 42 30 9 22 29 12 8 27 14 17 17 34 25 17 39 22 30 31 22 0 4 38 34 20 22 49 46 19 27 
43 8 43 27 13 25 27 11 9 27 10 15 13 36 26 21 38 19 29 31 25 4 0 38 35 21 21 50 47 24 28 
5 31 16 29 42 30 16 26 30 11 41 53 36 19 15 42 10 28 10 7 31 38 38 0 11 20 17 15 14 44 10 
15 30 9 35 35 20 22 24 26 13 40 50 37 7 9 33 20 31 15 10 20 34 35 11 0 13 17 15 12 35 10 
25 17 21 29 22 13 18 12 12 12 28 37 26 15 5 22 24 23 14 13 13 20 21 20 13 0 10 28 26 25 9 
21 14 26 18 28 23 8 10 14 5 24 36 19 22 10 31 17 14 7 9 23 22 21 17 17 10 0 30 28 33 7 
13 44 9 44 50 34 31 39 40 25 54 65 50 18 24 47 24 43 24 21 34 49 50 15 15 28 30 0 2 49 22 
13 42 7 43 47 31 30 36 38 23 52 63 48 15 21 44 24 42 23 19 31 46 47 14 12 26 28 2 0 46 21 
49 28 40 47 11 14 42 27 21 36 34 33 37 31 29 2 49 40 39 38 14 19 24 44 35 25 33 49 46 0 34 
15 21 19 24 31 22 12 16 19 3 31 43 27 16 5 32 15 21 5 3 22 27 28 10 10 9 7 22 21 34 0 
0 489
81 227
20 166
195 341
143 289
39 185
342 488
309 455
106 252
283 429
54 200
264 410
125 271
174 320
341 487
175 321
19 165
134 280
80 226
93 239
237 383
13 159
72 218
71 217
105 251
3 149
304 450
263 409
340 486
202 348
77 223
