31
0 34 5 31 12 6 10 9 8 3 42 30 21 23 35 0 31 16 23 39 14 47 20 11 34 23 33 32 35 6 14 
34 0 39 5 31 31 27 35 39 35 10 29 16 14 19 34 49 25 10 45 42 31 17 22 27 10 31 42 42 28 19 
5 39 0 36 17 12 13 13 9 3 46 35 26 27 40 6 33 21 28 44 16 52 26 16 40 28 39 36 39 11 19 
31 5 36 0 27 27 25 31 36 33 15 23 11 14 14 31 44 20 9 40 38 27 12 19 22 8 26 36 37 25 17 
12 31 17 27 0 5 18 4 10 15 41 18 15 25 26 11 21 6 22 27 10 36 14 12 23 21 22 20 23 9 15 
6 31 12 27 5 0 12 5 8 9 39 23 16 22 29 6 26 9 20 33 12 40 15 8 28 20 27 26 29 4 12 
10 27 13 25 18 12 0 17 18 9 33 32 18 14 33 10 39 18 16 45 24 46 18 8 35 17 36 38 40 8 9 
9 35 13 31 4 5 17 0 6 12 44 22 19 27 30 8 21 11 25 30 7 41 18 14 28 25 26 23 26 9 17 
8 39 9 36 10 8 18 6 0 10 48 28 24 30 36 7 24 17 29 35 6 47 24 17 34 29 32 27 31 11 20 
3 35 3 33 15 9 9 12 10 0 42 33 23 23 37 3 34 19 24 43 16 50 23 13 37 25 37 35 38 8 16 
42 10 46 15 41 39 33 44 48 42 0 38 26 19 28 41 59 35 18 55 51 38 27 31 37 19 41 52 52 36 27 
30 29 35 23 18 23 32 22 28 33 38 0 16 31 12 29 22 14 26 16 26 18 15 23 5 23 4 13 13 25 24 
21 16 26 11 15 16 18 19 24 23 26 16 0 15 14 20 33 9 9 32 26 28 1 10 18 7 20 27 28 15 9 
23 14 27 14 25 22 14 27 30 23 19 31 15 0 27 23 46 21 6 47 34 41 16 13 33 8 35 41 43 18 10 
35 19 40 14 26 29 33 30 36 37 28 12 14 27 0 34 35 19 21 27 36 13 14 25 9 19 13 26 25 29 24 
0 34 6 31 11 6 10 8 7 3 41 29 20 23 34 0 30 15 23 39 14 46 20 11 34 23 33 31 34 5 14 
31 49 33 44 21 26 39 21 24 34 59 22 33 46 35 30 0 24 42 16 17 39 32 33 27 40 23 10 13 30 36 
16 25 21 20 6 9 18 11 17 19 35 14 9 21 19 15 24 0 17 27 17 31 8 10 18 16 18 20 23 11 12 
23 10 28 9 22 20 16 25 29 24 18 26 9 6 21 23 42 17 0 42 33 35 10 12 27 2 29 37 38 17 8 
39 45 44 40 27 33 45 30 35 43 55 16 32 47 27 39 16 27 42 0 30 25 31 37 18 39 13 7 4 36 39 
14 42 16 38 10 12 24 7 6 16 51 26 26 34 36 14 17 17 33 30 0 45 25 21 32 32 29 22 26 16 24 
47 31 52 27 36 40 46 41 47 50 38 18 28 41 13 46 39 31 35 25 45 0 28 38 13 32 16 28 26 41 38 
20 17 26 12 14 15 18 18 24 23 27 15 1 16 14 20 32 8 10 31 25 28 0 10 17 9 19 26 27 14 9 
11 22 16 19 12 8 8 14 17 13 31 23 10 13 25 11 33 10 12 37 21 38 10 0 27 12 28 31 33 5 3 
34 27 40 22 23 28 35 28 34 37 37 5 18 33 9 34 27 18 27 18 32 13 17 27 0 24 4 17 17 29 27 
23 10 28 8 21 20 17 25 29 25 19 23 7 8 19 23 40 16 2 39 32 32 9 12 24 0 27 35 36 18 9 
33 31 39 26 22 27 36 26 32 37 41 4 20 35 13 33 23 18 29 13 29 16 19 28 4 27 0 13 12 29 28 
32 42 36 36 20 26 38 23 27 35 52 13 27 41 26 31 10 20 37 7 22 28 26 31 17 35 13 0 3 29 33 
35 42 39 37 23 29 40 26 31 38 52 13 28 43 25 34 13 23 38 4 26 26 27 33 17 36 12 3 0 32 35 
6 28 11 25 9 4 8 9 11 8 36 25 15 18 29 5 30 11 17 36 16 41 14 5 29 18 29 29 32 0 9 
14 19 19 17 15 12 9 17 20 16 27 24 9 10 24 14 36 12 8 39 24 38 9 3 27 9 28 33 35 9 0 
0 212
125 167
37 79
153 195
133 175
149 191
81 123
166 208
166 208
155 197
27 69
69 111
142 184
95 137
169 211
154 196
169 211
112 154
87 129
150 192
20 62
90 132
149 191
8 50
161 203
104 146
31 73
85 127
163 205
22 64
11 53
