31
0 6 38 12 17 19 12 19 13 4 33 10 17 5 9 14 19 18 7 24 21 24 4 7 37 27 6 19 15 38 20 
6 0 40 6 21 25 6 25 19 7 38 15 15 11 6 11 19 23 13 30 21 28 7 9 43 31 7 21 9 44 17 
38 40 0 44 50 33 42 40 41 33 15 28 28 37 46 34 21 46 34 25 23 54 42 46 31 15 33 54 44 24 33 
12 6 44 0 26 31 2 32 25 13 43 20 17 17 8 11 22 29 19 36 22 33 12 13 49 36 12 26 3 49 15 
17 21 50 26 0 20 27 14 9 21 42 23 34 14 18 31 35 7 16 29 38 7 14 12 38 36 23 3 29 42 37 
19 25 33 31 20 0 31 7 11 18 21 13 28 14 27 29 25 14 12 9 30 22 21 22 18 17 21 24 34 22 34 
12 6 42 2 27 31 0 32 26 13 42 19 14 18 10 8 20 30 19 35 20 35 13 15 48 35 11 28 2 48 13 
19 25 40 32 14 7 32 0 7 21 28 17 32 14 26 32 30 7 13 16 35 15 19 20 23 24 23 18 35 28 37 
13 19 41 25 9 11 26 7 0 16 32 15 28 8 19 27 28 5 9 20 32 13 12 13 29 27 18 13 28 33 33 
4 7 33 13 21 18 13 21 16 0 30 7 12 7 13 11 14 21 7 22 17 27 9 12 35 23 2 23 15 36 16 
33 38 15 43 42 21 42 28 32 30 0 23 31 31 43 36 24 36 28 12 28 44 37 40 15 6 31 45 44 9 37 
10 15 28 20 23 13 19 17 15 7 23 0 14 9 19 16 12 20 6 15 17 28 14 17 29 16 8 26 22 29 20 
17 15 28 17 34 28 14 32 28 12 31 14 0 20 22 6 6 34 19 28 5 40 21 24 41 25 11 36 16 39 6 
5 11 37 17 14 14 18 14 8 7 31 9 20 0 13 19 21 13 3 21 24 20 6 9 33 25 10 16 20 35 24 
9 6 46 8 18 27 10 26 19 13 43 19 22 13 0 17 26 22 15 33 27 25 6 6 46 36 12 17 11 47 22 
14 11 34 11 31 29 8 32 27 11 36 16 6 19 17 0 12 32 19 31 11 38 17 20 44 29 9 32 10 43 5 
19 19 21 22 35 25 20 30 28 14 24 12 6 21 26 12 0 33 19 23 4 41 23 27 36 18 13 37 22 33 12 
18 23 46 29 7 14 30 7 5 21 36 20 34 13 22 32 33 0 14 23 37 8 16 16 31 31 23 11 32 36 38 
7 13 34 19 16 12 19 13 9 7 28 6 19 3 15 19 19 14 0 18 23 21 9 12 30 22 9 19 22 32 24 
24 30 25 36 29 9 35 16 20 22 12 15 28 21 33 31 23 23 18 0 28 31 27 30 13 9 24 33 38 14 34 
21 21 23 22 38 30 20 35 32 17 28 17 5 24 27 11 4 37 23 28 0 44 25 29 40 23 15 40 21 37 9 
24 28 54 33 7 22 35 15 13 27 44 28 40 20 25 38 41 8 21 31 44 0 21 19 37 39 29 8 36 43 44 
4 7 42 12 14 21 13 19 12 9 37 14 21 6 6 17 23 16 9 27 25 21 0 3 39 31 10 15 16 41 23 
7 9 46 13 12 22 15 20 13 12 40 17 24 9 6 20 27 16 12 30 29 19 3 0 41 34 13 12 17 44 26 
37 43 31 49 38 18 48 23 29 35 15 29 41 33 46 44 36 31 30 13 40 37 39 41 0 18 37 42 51 7 47 
27 31 15 36 36 17 35 24 27 23 6 16 25 25 36 29 18 31 22 9 23 39 31 34 18 0 24 40 38 14 31 
6 7 33 12 23 21 11 23 18 2 31 8 11 10 12 9 13 23 9 24 15 29 10 13 37 24 0 25 13 37 14 
19 21 54 26 3 24 28 18 13 23 45 26 36 16 17 32 37 11 19 33 40 8 15 12 42 40 25 0 29 46 38 
15 9 44 3 29 34 2 35 28 15 44 22 16 20 11 10 22 32 22 38 21 36 16 17 51 38 13 29 0 51 13 
38 44 24 49 42 22 48 28 33 36 9 29 39 35 47 43 33 36 32 14 37 43 41 44 7 14 37 46 51 0 45 
20 17 33 15 37 34 13 37 33 16 37 20 6 24 22 5 12 38 24 34 9 44 23 26 47 31 14 38 13 45 0 
0 276
113 223
153 263
145 255
158 268
81 191
34 144
61 171
120 230
4 114
45 155
41 151
88 198
114 224
116 226
117 227
165 275
137 247
79 189
0 110
82 192
80 190
28 138
39 149
145 255
62 172
111 221
60 170
8 118
89 199
2 112
