31
0 14 11 28 17 24 11 34 40 33 52 40 4 11 26 39 12 5 46 34 34 33 33 16 30 4 39 42 35 29 6 
14 0 4 17 24 24 9 39 43 23 50 33 17 19 34 35 6 18 48 36 21 39 40 11 20 15 29 41 29 26 11 
11 4 0 22 25 27 4 41 45 28 54 37 13 14 34 39 9 16 50 39 25 40 41 14 25 14 34 44 33 29 7 
28 17 22 0 27 19 26 36 36 5 37 17 32 36 35 21 15 28 38 30 7 37 38 13 3 27 11 30 14 16 27 
17 24 25 27 0 10 27 16 22 29 36 30 21 29 9 27 18 12 29 17 34 15 16 15 27 13 33 26 25 18 23 
24 24 27 19 10 0 30 16 18 20 28 19 28 35 16 17 18 20 23 12 27 17 18 12 19 20 23 18 14 7 27 
11 9 4 26 27 30 0 43 48 32 58 42 11 10 36 43 13 16 54 42 30 43 43 18 29 14 38 48 37 33 5 
34 39 41 36 16 16 43 0 7 36 26 30 37 45 9 25 33 28 16 7 43 2 3 28 35 30 37 17 27 21 39 
40 43 45 36 22 18 48 7 0 35 18 26 43 51 17 20 36 34 8 6 43 10 11 31 34 35 35 11 24 20 44 
33 23 28 5 29 20 32 36 35 0 33 12 37 42 36 17 21 33 36 29 8 38 38 17 2 32 5 27 11 15 33 
52 50 54 37 36 28 58 26 18 33 0 21 56 64 34 16 45 48 10 20 42 28 29 39 35 48 30 9 22 24 56 
40 33 37 17 30 19 42 30 26 12 21 0 44 50 34 6 29 38 25 23 21 33 33 24 14 37 9 17 5 12 41 
4 17 13 32 21 28 11 37 43 37 56 44 0 7 29 44 17 9 51 38 38 36 36 20 35 8 43 46 39 34 6 
11 19 14 36 29 35 10 45 51 42 64 50 7 0 37 50 21 17 58 46 40 44 44 26 39 15 48 54 45 40 8 
26 34 34 35 9 16 36 9 17 36 34 34 29 37 0 30 28 20 25 14 43 7 7 24 35 21 39 25 30 22 31 
39 35 39 21 27 17 43 25 20 17 16 6 44 50 30 0 30 36 19 17 26 27 28 24 18 36 15 11 6 10 42 
12 6 9 15 18 18 13 33 36 21 45 29 17 21 28 30 0 14 41 30 21 33 33 5 18 12 26 35 24 20 12 
5 18 16 28 12 20 16 28 34 33 48 38 9 17 20 36 14 0 42 29 35 27 27 15 30 2 38 38 33 26 11 
46 48 50 38 29 23 54 16 8 36 10 25 51 58 25 19 41 42 0 12 44 19 19 36 36 42 34 8 24 22 51 
34 36 39 30 17 12 42 7 6 29 20 23 38 46 14 17 30 29 12 0 37 10 10 25 29 30 30 11 19 14 38 
34 21 25 7 34 27 30 43 43 8 42 21 38 40 43 26 21 35 44 37 0 45 45 20 8 33 12 36 20 23 32 
33 39 40 37 15 17 43 2 10 38 28 33 36 44 7 27 33 27 19 10 45 0 0 28 37 28 39 20 29 22 38 
33 40 41 38 16 18 43 3 11 38 29 33 36 44 7 28 33 27 19 10 45 0 0 29 37 29 40 21 29 23 39 
16 11 14 13 15 12 18 28 31 17 39 24 20 26 24 24 5 15 36 25 20 28 29 0 15 14 23 30 19 15 17 
30 20 25 3 27 19 29 35 34 2 35 14 35 39 35 18 18 30 36 29 8 37 37 15 0 29 8 28 12 14 30 
4 15 14 27 13 20 14 30 35 32 48 37 8 15 21 36 12 2 42 30 33 28 29 14 29 0 37 38 32 26 10 
39 29 34 11 33 23 38 37 35 5 30 9 43 48 39 15 26 38 34 30 12 39 40 23 8 37 0 26 10 16 39 
42 41 44 30 26 18 48 17 11 27 9 17 46 54 25 11 35 38 8 11 36 20 21 30 28 38 26 0 16 15 46 
35 29 33 14 25 14 37 27 24 11 22 5 39 45 30 6 24 33 24 19 20 29 29 19 12 32 10 16 0 7 37 
29 26 29 16 18 7 33 21 20 15 24 12 34 40 22 10 20 26 22 14 23 22 23 15 14 26 16 15 7 0 32 
6 11 7 27 23 27 5 39 44 33 56 41 6 8 31 42 12 11 51 38 32 38 39 17 30 10 39 46 37 32 0 
0 212
106 169
36 99
141 204
120 183
17 80
65 128
126 189
45 108
110 173
33 96
122 185
104 167
76 139
105 168
63 126
27 90
86 149
140 203
105 168
137 200
92 155
121 184
135 198
63 126
94 157
119 182
136 199
11 74
134 197
44 107
