31
0 28 29 43 30 33 36 9 15 25 24 22 23 18 49 34 31 46 24 35 48 40 42 10 49 14 15 30 41 14 3 
28 0 27 15 11 13 8 28 24 29 11 25 5 28 21 21 10 25 4 17 20 12 15 30 21 32 14 13 31 14 29 
29 27 0 33 17 41 33 37 39 48 16 44 24 44 45 47 37 53 24 17 41 31 41 39 44 43 18 39 57 21 27 
43 15 33 0 16 22 10 44 39 43 21 39 19 43 13 31 20 27 19 16 8 2 12 46 11 48 28 24 39 29 43 
30 11 17 16 0 25 16 34 32 39 6 35 11 37 28 33 22 36 10 6 24 14 23 36 26 39 14 24 43 16 30 
33 13 41 22 25 0 12 29 23 23 24 19 16 25 18 9 3 13 16 30 22 20 12 31 20 31 25 3 18 24 35 
36 8 33 10 16 12 0 35 30 33 17 29 13 34 13 21 10 20 12 19 12 7 7 37 13 39 22 14 30 23 37 
9 28 37 44 34 29 35 0 7 16 28 14 24 9 47 28 28 41 25 40 48 41 40 2 48 5 20 26 34 17 12 
15 24 39 39 32 23 30 7 0 10 27 7 21 4 41 20 21 34 22 38 43 37 34 8 42 8 20 19 26 18 18 
25 29 48 43 39 23 33 16 10 0 35 4 28 6 42 16 23 31 29 45 45 41 36 16 43 13 29 20 19 27 28 
24 11 16 21 6 24 17 28 27 35 0 30 7 31 31 31 20 36 7 11 28 18 25 30 30 33 8 22 41 10 24 
22 25 44 39 35 19 29 14 7 4 30 0 24 6 38 14 19 28 24 41 41 36 32 15 40 13 25 16 19 22 25 
23 5 24 19 11 16 13 24 21 28 7 24 0 26 26 23 13 29 0 17 25 17 20 27 26 29 9 15 33 9 24 
18 28 44 43 37 25 34 9 4 6 31 6 26 0 44 20 24 35 26 43 46 41 37 9 45 7 25 21 25 22 21 
49 21 45 13 28 18 13 47 41 42 31 38 26 44 0 26 19 16 26 30 6 14 6 49 3 50 36 22 32 36 50 
34 21 47 31 33 9 21 28 20 16 31 14 23 20 26 0 11 14 23 38 30 29 21 29 28 28 30 8 10 28 36 
31 10 37 20 22 3 10 28 21 23 20 19 13 24 19 11 0 16 13 27 21 18 12 30 20 30 22 3 21 21 33 
46 25 53 27 36 13 20 41 34 31 36 28 29 35 16 14 16 0 29 40 23 26 15 42 19 42 38 16 16 37 48 
24 4 24 19 10 16 12 25 22 29 7 24 0 26 26 23 13 29 0 16 24 16 19 27 26 30 10 15 33 10 24 
35 17 17 16 6 30 19 40 38 45 11 41 17 43 30 38 27 40 16 0 24 15 26 42 27 45 19 30 48 22 35 
48 20 41 8 24 22 12 48 43 45 28 41 25 46 6 30 21 23 24 24 0 9 9 50 3 51 34 25 37 35 49 
40 12 31 2 14 20 7 41 37 41 18 36 17 41 14 29 18 26 16 15 9 0 11 43 12 45 25 21 38 26 41 
42 15 41 12 23 12 7 40 34 36 25 32 20 37 6 21 12 15 19 26 9 11 0 42 7 43 30 15 28 30 43 
10 30 39 46 36 31 37 2 8 16 30 15 27 9 49 29 30 42 27 42 50 43 42 0 50 3 22 27 34 20 13 
49 21 44 11 26 20 13 48 42 43 30 40 26 45 3 28 20 19 26 27 3 12 7 50 0 51 36 23 34 36 50 
14 32 43 48 39 31 39 5 8 13 33 13 29 7 50 28 30 42 30 45 51 45 43 3 51 0 26 28 32 23 17 
15 14 18 28 14 25 22 20 20 29 8 25 9 25 36 30 22 38 10 19 34 25 30 22 36 26 0 22 39 2 15 
30 13 39 24 24 3 14 26 19 20 22 16 15 21 22 8 3 16 15 30 25 21 15 27 23 28 22 0 18 21 32 
41 31 57 39 43 18 30 34 26 19 41 19 33 25 32 10 21 16 33 48 37 38 28 34 34 32 39 18 0 37 44 
14 14 21 29 16 24 23 17 18 27 10 22 9 22 36 28 21 37 10 22 35 26 30 20 36 23 2 21 37 0 14 
3 29 27 43 30 35 37 12 18 28 24 25 24 21 50 36 33 48 24 35 49 41 43 13 50 17 15 32 44 14 0 
0 575
339 511
132 304
28 200
108 280
333 505
353 525
244 416
140 312
386 558
374 546
132 304
81 253
243 415
402 574
156 328
235 407
336 508
134 306
318 490
79 251
328 500
108 280
159 331
311 483
377 549
388 560
191 363
123 295
86 258
378 550
