31
0 19 15 8 20 9 20 14 10 13 12 17 23 8 23 32 10 18 29 3 26 19 23 13 16 25 23 5 19 17 18 
19 0 17 13 38 21 2 12 27 32 18 20 35 26 18 43 15 33 38 17 18 15 21 8 21 32 5 25 30 36 6 
15 17 0 17 33 7 17 23 15 24 24 2 18 22 32 25 21 18 20 11 12 6 8 9 3 15 23 19 34 28 12 
8 13 17 0 25 15 15 6 18 20 6 20 30 14 15 39 3 25 36 8 25 20 25 10 20 31 17 12 17 23 15 
20 38 33 25 0 26 40 30 19 9 23 34 31 12 35 38 25 22 38 23 45 39 41 33 33 37 42 14 19 6 39 
9 21 7 15 26 0 21 22 7 17 21 8 15 15 31 24 19 12 20 7 20 14 15 13 7 15 26 12 29 20 17 
20 2 17 15 40 21 0 15 28 33 20 19 35 28 20 43 17 33 38 18 16 13 19 8 20 32 6 26 32 37 4 
14 12 23 6 30 22 15 0 25 26 6 26 37 19 8 46 4 32 42 15 29 24 29 14 26 37 13 19 17 29 17 
10 27 15 18 19 7 28 25 0 9 22 15 14 11 33 23 21 7 20 10 27 21 23 19 14 18 33 9 27 13 25 
13 32 24 20 9 17 33 26 9 0 21 25 22 7 33 30 22 13 29 15 36 30 32 26 24 27 37 7 21 3 31 
12 18 24 6 23 21 20 6 22 21 0 27 35 14 12 45 3 29 41 14 32 27 32 17 27 37 20 14 11 23 21 
17 20 2 20 34 8 19 26 15 25 27 0 16 23 34 23 24 17 18 13 12 7 7 12 1 12 26 21 36 28 15 
23 35 18 30 31 15 35 37 14 22 35 16 0 25 46 9 34 8 7 22 27 23 21 27 14 7 41 23 41 24 30 
8 26 22 14 12 15 28 19 11 7 14 23 25 0 26 34 15 17 32 11 33 27 30 21 22 29 31 2 16 10 26 
23 18 32 15 35 31 20 8 33 33 12 34 46 26 0 55 12 41 51 24 36 32 38 22 35 46 16 26 18 35 24 
32 43 25 39 38 24 43 46 23 30 45 23 9 34 55 0 43 16 5 31 33 30 26 35 22 11 49 32 50 32 38 
10 15 21 3 25 19 17 4 21 22 3 24 34 15 12 43 0 28 39 12 29 23 29 14 24 34 17 14 15 25 18 
18 33 18 25 22 12 33 32 7 13 29 17 8 17 41 16 28 0 15 17 30 25 24 25 16 14 39 16 34 16 30 
29 38 20 36 38 20 38 42 20 29 41 18 7 32 51 5 39 15 0 27 27 25 21 30 17 5 44 30 48 31 33 
3 17 11 8 23 7 18 15 10 15 14 13 22 11 24 31 12 17 27 0 22 16 20 10 13 22 22 9 22 19 15 
26 18 12 25 45 20 16 29 27 36 32 12 27 33 36 33 29 30 27 22 0 6 6 15 14 21 22 31 43 40 12 
19 15 6 20 39 14 13 24 21 30 27 7 23 27 32 30 23 25 25 16 6 0 5 9 9 19 20 25 37 34 8 
23 21 8 25 41 15 19 29 23 32 32 7 21 30 38 26 29 24 21 20 6 5 0 15 8 15 26 28 42 36 14 
13 8 9 10 33 13 8 14 19 26 17 12 27 21 22 35 14 25 30 10 15 9 15 0 13 25 14 19 28 29 5 
16 21 3 20 33 7 20 26 14 24 27 1 14 22 35 22 24 16 17 13 14 9 8 13 0 11 27 20 36 27 16 
25 32 15 31 37 15 32 37 18 27 37 12 7 29 46 11 34 14 5 22 21 19 15 25 11 0 38 26 44 30 27 
23 5 23 17 42 26 6 13 33 37 20 26 41 31 16 49 17 39 44 22 22 20 26 14 27 38 0 29 31 40 11 
5 25 19 12 14 12 26 19 9 7 14 21 23 2 26 32 14 16 30 9 31 25 28 19 20 26 29 0 18 11 24 
19 30 34 17 19 29 32 17 27 21 11 36 41 16 18 50 15 34 48 22 43 37 42 28 36 44 31 18 0 22 33 
17 36 28 23 6 20 37 29 13 3 23 28 24 10 35 32 25 16 31 19 40 34 36 29 27 30 40 11 22 0 35 
18 6 12 15 39 17 4 17 25 31 21 15 30 26 24 38 18 30 33 15 12 8 14 5 16 27 11 24 33 35 0 
0 575
363 478
280 395
174 289
32 147
36 151
384 499
60 175
354 469
216 331
305 420
199 314
141 256
122 237
42 157
228 343
236 351
28 143
27 142
43 158
185 300
109 224
205 320
243 358
278 393
62 177
316 431
391 506
242 357
359 474
407 522
