31
0 9 25 6 40 13 26 35 14 43 15 10 11 16 13 25 45 28 12 33 18 27 33 3 15 11 25 28 11 33 35 
9 0 33 10 49 9 34 44 21 53 14 9 17 6 23 33 54 37 19 38 28 37 41 11 14 15 34 38 12 40 45 
25 33 0 22 21 30 3 23 30 21 39 36 30 39 19 1 23 29 15 13 20 13 37 27 39 33 15 19 23 42 16 
6 10 22 0 40 9 23 37 20 43 20 16 18 16 17 23 45 33 8 28 22 28 38 10 21 18 26 31 5 39 35 
40 49 21 40 0 49 24 10 37 8 50 49 39 56 27 20 7 25 34 31 24 12 31 40 50 43 15 13 42 38 5 
13 9 30 9 49 0 30 46 27 51 23 18 24 11 25 30 53 41 15 32 31 37 47 16 23 23 35 40 6 46 44 
26 34 3 23 24 30 0 26 33 22 41 37 33 39 22 5 24 33 15 9 23 17 41 29 41 35 19 23 23 45 18 
35 44 23 37 10 46 26 0 28 19 43 42 32 51 21 21 18 15 32 36 16 9 21 34 42 35 10 6 40 28 11 
14 21 30 20 37 27 33 28 0 43 14 15 3 26 11 29 43 17 23 41 13 25 20 11 13 7 21 23 25 19 34 
43 53 21 43 8 51 22 19 43 0 55 53 45 59 33 20 2 33 35 27 30 17 40 44 55 48 21 21 44 46 9 
15 14 39 20 50 23 41 43 14 55 0 5 11 16 22 39 56 31 28 48 26 38 33 12 0 7 34 37 25 29 47 
10 9 36 16 49 18 37 42 15 53 5 0 11 12 21 35 54 32 23 43 25 36 35 8 5 8 33 36 20 32 45 
11 17 30 18 39 24 33 32 3 45 11 11 0 22 12 30 46 21 22 41 15 27 23 8 10 3 24 26 23 22 36 
16 6 39 16 56 11 39 51 26 59 16 12 22 0 29 39 60 43 24 43 34 43 46 16 17 20 41 44 17 44 51 
13 23 19 17 27 25 22 21 11 33 22 21 12 29 0 18 34 16 16 31 5 15 22 12 22 15 12 15 21 24 24 
25 33 1 23 20 30 5 21 29 20 39 35 30 39 18 0 22 28 15 15 18 11 36 27 38 32 13 17 24 40 14 
45 54 23 45 7 53 24 18 43 2 56 54 46 60 34 22 0 32 37 30 30 18 39 46 56 49 22 21 46 46 9 
28 37 29 33 25 41 33 15 17 33 31 32 21 43 16 28 32 0 32 43 11 17 7 26 31 24 14 12 37 13 24 
12 19 15 8 34 15 15 32 23 35 28 23 22 24 16 15 37 32 0 20 20 23 38 16 28 23 22 27 8 40 29 
33 38 13 28 31 32 9 36 41 27 48 43 41 43 31 15 30 43 20 0 33 26 51 35 48 43 29 33 26 55 26 
18 28 20 22 24 31 23 16 13 30 26 25 15 34 5 18 30 11 20 33 0 12 18 17 26 19 8 10 26 21 21 
27 37 13 28 12 37 17 9 25 17 38 36 27 43 15 11 18 17 23 26 12 0 25 27 37 30 4 6 31 31 8 
33 41 37 38 31 47 41 21 20 40 33 35 23 46 22 36 39 7 38 51 18 25 0 30 32 26 22 20 43 6 31 
3 11 27 10 40 16 29 34 11 44 12 8 8 16 12 27 46 26 16 35 17 27 30 0 12 7 24 28 15 30 36 
15 14 39 21 50 23 41 42 13 55 0 5 10 17 22 38 56 31 28 48 26 37 32 12 0 6 34 36 25 28 46 
11 15 33 18 43 23 35 35 7 48 7 8 3 20 15 32 49 24 23 43 19 30 26 7 6 0 27 29 22 24 39 
25 34 15 26 15 35 19 10 21 21 34 33 24 41 12 13 22 14 22 29 8 4 22 24 34 27 0 4 29 27 12 
28 38 19 31 13 40 23 6 23 21 37 36 26 44 15 17 21 12 27 33 10 6 20 28 36 29 4 0 34 25 12 
11 12 23 5 42 6 23 40 25 44 25 20 23 17 21 24 46 37 8 26 26 31 43 15 25 22 29 34 0 44 37 
33 40 42 39 38 46 45 28 19 46 29 32 22 44 24 40 46 13 40 55 21 31 6 30 28 24 27 25 44 0 38 
35 45 16 35 5 44 18 11 34 9 47 45 36 51 24 14 9 24 29 26 21 8 31 36 46 39 12 12 37 38 0 
0 319
26 153
117 244
40 167
158 285
137 264
65 192
76 203
36 163
8 135
82 209
159 286
170 297
52 179
39 166
141 268
22 149
23 150
22 149
4 131
76 203
113 240
42 169
51 178
164 291
10 137
104 231
31 158
72 199
71 198
67 194
