31
0 17 26 17 13 24 11 35 22 6 22 21 32 42 12 6 30 18 45 21 29 11 22 29 43 22 12 21 21 27 26 
17 0 11 2 8 26 6 24 14 18 20 6 30 27 7 12 32 17 33 21 19 6 7 13 30 34 28 31 32 37 9 
26 11 0 12 19 26 17 14 10 29 18 13 25 16 13 20 30 18 22 20 12 14 3 16 19 39 36 33 35 39 6 
17 2 12 0 6 29 6 26 16 18 22 4 32 28 9 14 34 20 35 23 22 7 9 12 32 36 29 33 34 39 9 
13 8 19 6 0 30 3 32 21 12 25 9 36 35 11 12 36 22 41 25 27 8 15 16 38 35 26 32 33 38 15 
24 26 26 29 30 0 27 23 15 30 8 33 11 33 20 19 6 9 31 5 18 22 24 39 31 16 23 10 13 13 31 
11 6 17 6 3 27 0 29 18 12 22 9 33 34 7 9 33 19 39 22 25 5 13 17 36 32 24 29 30 36 15 
35 24 14 26 32 23 29 0 13 40 16 27 16 10 23 28 24 19 9 19 6 25 16 29 8 39 41 33 36 37 20 
22 14 10 16 21 15 18 13 0 27 7 19 15 21 10 15 19 7 23 9 7 12 9 25 21 29 28 23 25 28 16 
6 18 29 18 12 30 12 40 27 0 28 21 39 45 16 12 37 24 49 27 34 15 25 28 47 28 16 28 28 34 27 
22 20 18 22 25 8 22 16 7 28 0 26 10 26 14 16 12 4 25 3 10 16 16 32 25 23 25 17 19 21 23 
21 6 13 4 9 33 9 27 19 21 26 0 35 28 13 18 38 24 36 27 24 12 11 7 32 41 33 37 38 43 7 
32 30 25 32 36 11 33 16 15 39 10 35 0 26 25 27 8 14 21 11 13 27 25 41 23 27 33 21 23 22 31 
42 27 16 28 35 33 34 10 21 45 26 28 26 0 29 35 34 28 9 29 15 30 20 28 5 49 49 43 45 47 21 
12 7 13 9 11 20 7 23 10 16 14 13 25 29 0 6 26 11 33 14 18 2 9 21 31 27 22 24 25 30 14 
6 12 20 14 12 19 9 28 15 12 16 18 27 35 6 0 25 12 38 15 23 6 16 26 37 22 16 20 20 26 21 
30 32 30 34 36 6 33 24 19 37 12 38 8 34 26 25 0 14 30 11 20 28 28 44 31 19 28 13 16 14 35 
18 17 18 20 22 9 19 19 7 24 4 24 14 28 11 12 14 0 28 3 13 13 15 30 28 21 22 15 17 20 22 
45 33 22 35 41 31 39 9 23 49 25 36 21 9 33 38 30 28 0 28 15 34 25 37 4 47 51 41 44 44 28 
21 21 20 23 25 5 22 19 9 27 3 27 11 29 14 15 11 3 28 0 14 16 18 34 28 20 23 14 16 18 25 
29 19 12 22 27 18 25 6 7 34 10 24 13 15 18 23 20 13 15 14 0 19 13 28 14 34 35 28 30 32 18 
11 6 14 7 8 22 5 25 12 15 16 12 27 30 2 6 28 13 34 16 19 0 10 19 32 28 22 25 26 31 14 
22 7 3 9 15 24 13 16 9 25 16 11 25 20 9 16 28 15 25 18 13 10 0 15 23 36 32 31 33 36 6 
29 13 16 12 16 39 17 29 25 28 32 7 41 28 21 26 44 30 37 34 28 19 15 0 33 48 41 45 46 51 9 
43 30 19 32 38 31 36 8 21 47 25 32 23 5 31 37 31 28 4 28 14 32 23 33 0 48 50 42 44 45 25 
22 34 39 36 35 16 32 39 29 28 23 41 27 49 27 22 19 21 47 20 34 28 36 48 48 0 13 6 3 7 42 
12 28 36 29 26 23 24 41 28 16 25 33 33 49 22 16 28 22 51 23 35 22 32 41 50 13 0 15 13 20 37 
21 31 33 33 32 10 29 33 23 28 17 37 21 43 24 20 13 15 41 14 28 25 31 45 42 6 15 0 2 6 37 
21 32 35 34 33 13 30 36 25 28 19 38 23 45 25 20 16 17 44 16 30 26 33 46 44 3 13 2 0 6 39 
27 37 39 39 38 13 36 37 28 34 21 43 22 47 30 26 14 20 44 18 32 31 36 51 45 7 20 6 6 0 43 
26 9 6 9 15 31 15 20 16 27 23 7 31 21 14 21 35 22 28 25 18 14 6 9 25 42 37 37 39 43 0 
0 596
461 461
274 274
402 402
29 29
219 219
264 264
0 0
429 429
324 324
158 158
324 324
526 526
304 304
481 481
198 198
536 536
579 579
144 144
432 432
294 294
250 250
19 19
242 242
61 61
524 524
151 151
110 110
241 241
232 232
323 323
