31
0 17 31 26 27 39 5 36 38 36 29 9 55 21 5 38 30 24 13 8 11 43 53 2 11 36 48 19 44 13 45 
17 0 33 16 22 46 18 20 43 31 36 15 45 22 16 26 23 27 25 9 10 35 42 15 17 29 44 23 29 17 38 
31 33 0 22 13 15 26 37 10 13 10 23 34 11 26 27 15 7 20 31 38 21 33 33 19 16 19 11 36 18 20 
26 16 22 0 8 37 24 15 32 15 29 18 29 15 22 12 8 18 26 20 25 19 26 26 18 13 28 18 18 16 22 
27 22 13 8 0 29 23 23 24 9 21 18 29 9 21 15 3 11 22 23 30 16 26 28 16 9 22 12 24 13 18 
39 46 15 37 29 0 34 52 5 28 10 33 46 24 35 42 30 19 26 42 49 35 46 42 30 31 27 22 52 29 33 
5 18 26 24 23 34 0 35 33 32 23 5 52 16 2 36 26 19 8 10 15 39 49 7 7 32 43 14 42 9 41 
36 20 37 15 23 52 35 0 47 26 44 30 31 30 33 13 22 33 39 28 30 26 27 35 31 23 38 32 10 29 30 
38 43 10 32 24 5 33 47 0 22 9 30 41 20 33 37 25 15 25 40 46 29 40 40 27 26 22 19 46 26 27 
36 31 13 15 9 28 32 26 22 0 24 27 21 16 31 14 7 16 29 33 39 8 19 37 24 3 13 19 24 22 9 
29 36 10 29 21 10 23 44 9 24 0 22 45 14 24 37 24 10 16 32 38 32 44 31 19 27 28 12 46 19 31 
9 15 23 18 18 33 5 30 30 27 22 0 46 12 3 30 21 16 9 9 16 34 44 10 3 27 38 11 37 4 36 
55 45 34 29 29 46 52 31 41 21 45 46 0 37 50 18 26 37 51 50 55 13 3 56 45 20 19 40 21 43 13 
21 22 11 15 9 24 16 30 20 16 14 12 37 0 15 24 12 4 13 20 27 24 35 22 9 17 27 3 33 7 25 
5 16 26 22 21 35 2 33 33 31 24 3 50 15 0 34 24 19 9 8 14 38 48 7 6 31 42 14 40 8 40 
38 26 27 12 15 42 36 13 37 14 37 30 18 24 34 0 13 26 37 32 37 12 15 38 29 11 24 27 9 27 16 
30 23 15 8 3 30 26 22 25 7 24 21 26 12 24 13 0 13 25 26 32 13 23 30 19 6 20 15 22 17 15 
24 27 7 18 11 19 19 33 15 16 10 16 37 4 19 26 13 0 14 24 31 24 35 26 12 18 24 4 35 11 24 
13 25 20 26 22 26 8 39 25 29 16 9 51 13 9 37 25 14 0 18 24 38 48 16 8 30 39 10 44 9 38 
8 9 31 20 23 42 10 28 40 33 32 9 50 20 8 32 26 24 18 0 6 39 47 6 12 32 45 20 36 13 42 
11 10 38 25 30 49 15 30 46 39 38 16 55 27 14 37 32 31 24 6 0 44 52 9 19 38 52 27 39 20 47 
43 35 21 19 16 35 39 26 29 8 32 34 13 24 38 12 13 24 38 39 44 0 11 44 32 7 12 27 20 30 4 
53 42 33 26 26 46 49 27 40 19 44 44 3 35 48 15 23 35 48 47 52 11 0 53 42 18 20 38 18 40 13 
2 15 33 26 28 42 7 35 40 37 31 10 56 22 7 38 30 26 16 6 9 44 53 0 13 37 49 21 43 15 46 
11 17 19 18 16 30 7 31 27 24 19 3 45 9 6 29 19 12 8 12 19 32 42 13 0 25 36 8 36 2 34 
36 29 16 13 9 31 32 23 26 3 27 27 20 17 31 11 6 18 30 32 38 7 18 37 25 0 15 20 20 23 9 
48 44 19 28 22 27 43 38 22 13 28 38 19 27 42 24 20 24 39 45 52 12 20 49 36 15 0 29 32 34 8 
19 23 11 18 12 22 14 32 19 19 12 11 40 3 14 27 15 4 10 20 27 27 38 21 8 20 29 0 36 7 28 
44 29 36 18 24 52 42 10 46 24 46 37 21 33 40 9 22 35 44 36 39 20 18 43 36 20 32 36 0 34 24 
13 17 18 16 13 29 9 29 26 22 19 4 43 7 8 27 17 11 9 13 20 30 40 15 2 23 34 7 34 0 32 
45 38 20 22 18 33 41 30 27 9 31 36 13 25 40 16 15 24 38 42 47 4 13 46 34 9 8 28 24 32 0 
0 489
180 375
133 328
194 389
47 242
13 208
89 284
169 364
249 444
176 371
118 313
115 310
57 252
118 313
106 301
211 406
124 319
206 401
23 218
20 215
208 403
22 217
198 393
169 364
46 241
263 458
248 443
225 420
122 317
261 456
90 285
