31
0 13 21 17 24 14 24 22 37 5 34 12 2 32 23 9 25 20 32 12 36 27 23 12 36 30 3 16 24 30 16 
13 0 13 11 28 25 36 34 50 12 41 8 11 45 21 19 24 27 38 22 49 33 23 25 41 35 10 3 14 31 29 
21 13 0 3 20 35 46 35 53 16 33 22 21 48 10 30 12 40 31 22 51 27 12 33 32 26 18 14 6 20 33 
17 11 3 0 20 32 42 33 50 13 33 19 17 45 11 26 13 36 30 19 49 26 13 29 32 26 14 12 8 21 30 
24 28 20 20 0 36 45 22 40 19 12 34 26 34 10 33 9 45 10 14 37 7 8 31 13 6 24 30 26 7 26 
14 25 35 32 36 0 10 24 31 19 44 19 14 28 37 6 39 10 41 22 32 36 37 6 46 41 17 28 38 43 15 
24 36 46 42 45 10 0 28 30 30 50 29 25 28 47 16 49 12 48 31 31 44 47 14 54 50 28 38 49 52 20 
22 34 35 33 22 24 28 0 17 22 23 35 24 12 30 25 30 34 21 13 15 18 29 18 26 24 25 37 41 30 9 
37 50 53 50 40 31 30 17 0 38 37 48 39 5 47 35 48 40 36 31 3 34 46 27 40 40 40 53 58 47 20 
5 12 16 13 19 19 30 22 38 0 30 15 6 33 17 14 19 26 28 10 37 23 18 16 32 26 4 15 21 25 17 
34 41 33 33 12 44 50 23 37 30 0 45 37 32 23 42 21 53 2 22 34 7 21 37 3 7 35 43 39 15 30 
12 8 22 19 34 19 29 35 48 15 45 0 10 44 29 13 31 19 43 24 48 38 30 21 47 40 10 10 22 38 27 
2 11 21 17 26 14 25 24 39 6 37 10 0 34 24 9 26 19 34 15 38 29 24 13 38 32 3 14 24 32 18 
32 45 48 45 34 28 28 12 5 33 32 44 34 0 42 32 43 38 31 26 3 29 41 24 36 35 35 48 53 42 16 
23 21 10 11 10 37 47 30 47 17 23 29 24 42 0 32 2 43 21 17 45 17 1 32 22 15 21 23 16 9 30 
9 19 30 26 33 6 16 25 35 14 42 13 9 32 32 0 34 11 39 20 35 34 33 7 44 39 12 22 32 39 16 
25 24 12 13 9 39 49 30 48 19 21 31 26 43 2 34 0 46 19 18 46 16 1 34 20 14 23 25 18 7 32 
20 27 40 36 45 10 12 34 40 26 53 19 19 38 43 11 46 0 51 31 41 46 44 16 55 50 22 29 41 51 25 
32 38 31 30 10 41 48 21 36 28 2 43 34 31 21 39 19 51 0 19 33 5 19 35 5 5 32 41 37 14 28 
12 22 22 19 14 22 31 13 31 10 22 24 15 26 17 20 18 31 19 0 29 14 17 17 24 19 13 25 27 21 13 
36 49 51 49 37 32 31 15 3 37 34 48 38 3 45 35 46 41 33 29 0 31 44 27 38 37 39 52 57 44 20 
27 33 27 26 7 36 44 18 34 23 7 38 29 29 17 34 16 46 5 14 31 0 15 30 9 6 27 36 33 13 24 
23 23 12 13 8 37 47 29 46 18 21 30 24 41 1 33 1 44 19 17 44 15 0 33 20 13 21 24 18 8 30 
12 25 33 29 31 6 14 18 27 16 37 21 13 24 32 7 34 16 35 17 27 30 33 0 40 36 15 28 36 38 9 
36 41 32 32 13 46 54 26 40 32 3 47 38 36 22 44 20 55 5 24 38 9 20 40 0 6 36 43 38 13 33 
30 35 26 26 6 41 50 24 40 26 7 40 32 35 15 39 14 50 5 19 37 6 13 36 6 0 30 37 32 8 29 
3 10 18 14 24 17 28 25 40 4 35 10 3 35 21 12 23 22 32 13 39 27 21 15 36 30 0 13 21 29 19 
16 3 14 12 30 28 38 37 53 15 43 10 14 48 23 22 25 29 41 25 52 36 24 28 43 37 13 0 13 33 32 
24 14 6 8 26 38 49 41 58 21 39 22 24 53 16 32 18 41 37 27 57 33 18 36 38 32 21 13 0 25 38 
30 31 20 21 7 43 52 30 47 25 15 38 32 42 9 39 7 51 14 21 44 13 8 38 13 8 29 33 25 0 34 
16 29 33 30 26 15 20 9 20 17 30 27 18 16 30 16 32 25 28 13 20 24 30 9 33 29 19 32 38 34 0 
0 553
13 123
239 349
71 181
196 306
286 396
228 338
146 256
437 547
209 319
280 390
119 229
12 122
230 340
384 494
261 371
20 130
222 332
372 482
363 473
193 303
29 139
167 277
183 293
115 225
309 419
327 437
143 253
64 174
363 473
362 472
