31
0 44 47 43 35 50 28 42 37 38 21 48 41 23 22 33 4 33 19 10 49 45 4 29 16 42 25 28 32 40 26 
44 0 22 16 18 19 22 15 26 22 36 19 30 39 23 23 47 32 38 43 22 18 47 15 27 33 19 29 27 11 27 
47 22 0 6 12 5 19 36 12 42 30 3 12 31 26 14 48 19 33 42 1 3 49 23 34 14 24 46 16 33 21 
43 16 6 0 8 6 15 30 12 36 28 4 14 29 21 12 45 19 31 39 7 2 46 17 29 17 19 40 15 27 18 
35 18 12 8 0 15 7 29 9 33 20 12 13 22 13 5 37 14 23 31 14 9 38 11 21 16 12 34 9 25 10 
50 19 5 6 15 0 22 34 17 41 34 2 17 35 28 18 52 23 37 45 4 5 53 24 36 19 26 46 21 31 25 
28 22 19 15 7 22 0 31 10 32 13 20 16 16 8 6 29 12 15 23 21 17 30 10 16 17 8 32 7 27 4 
42 15 36 30 29 34 31 0 38 8 42 34 43 45 27 34 46 42 43 45 37 33 46 20 27 45 24 18 37 3 34 
37 26 12 12 9 17 10 38 0 42 18 14 5 18 18 4 37 6 21 30 14 12 39 19 26 7 18 42 5 34 10 
38 22 42 36 33 41 32 8 42 0 42 40 46 45 27 37 42 45 42 42 43 38 42 22 24 49 25 11 39 10 36 
21 36 30 28 20 34 13 42 18 42 0 32 21 2 15 16 20 13 2 12 32 29 22 22 19 21 18 38 13 39 10 
48 19 3 4 12 2 20 34 14 40 32 0 15 33 26 15 49 21 34 43 3 3 50 22 34 18 24 44 18 30 22 
41 30 12 14 13 17 16 43 5 46 21 15 0 21 24 10 41 8 24 34 13 13 43 25 32 2 23 47 9 39 15 
23 39 31 29 22 35 16 45 18 45 2 33 21 0 18 17 22 12 4 13 32 30 23 25 22 20 21 41 14 42 12 
22 23 26 21 13 28 8 27 18 27 15 26 24 18 0 14 24 19 16 20 28 23 25 8 8 25 3 24 14 24 9 
33 23 14 12 5 18 6 34 4 37 16 15 10 17 14 0 34 8 18 27 16 12 35 15 22 12 13 37 3 30 7 
4 47 48 45 37 52 29 46 37 42 20 49 41 22 24 34 0 33 18 8 50 46 1 32 20 42 28 33 32 45 27 
33 32 19 19 14 23 12 42 6 45 13 21 8 12 19 8 33 0 15 25 20 19 35 22 26 8 20 44 5 39 9 
19 38 33 31 23 37 15 43 21 42 2 34 24 4 16 18 18 15 0 10 34 31 19 23 18 24 19 37 16 40 12 
10 43 42 39 31 45 23 45 30 42 12 43 34 13 20 27 8 25 10 0 43 40 9 28 18 34 23 35 25 43 20 
49 22 1 7 14 4 21 37 14 43 32 3 13 32 28 16 50 20 34 43 0 5 51 24 36 15 26 47 18 34 23 
45 18 3 2 9 5 17 33 12 38 29 3 13 30 23 12 46 19 31 40 5 0 47 19 31 16 21 42 15 29 19 
4 47 49 46 38 53 30 46 39 42 22 50 43 23 25 35 1 35 19 9 51 47 0 32 20 43 28 33 34 45 28 
29 15 23 17 11 24 10 20 19 22 22 22 25 25 8 15 32 22 23 28 24 19 32 0 12 27 4 23 17 17 14 
16 27 34 29 21 36 16 27 26 24 19 34 32 22 8 22 20 26 18 18 36 31 20 12 0 33 10 19 22 25 16 
42 33 14 17 16 19 17 45 7 49 21 18 2 20 25 12 42 8 24 34 15 16 43 27 33 0 25 49 10 42 16 
25 19 24 19 12 26 8 24 18 25 18 24 23 21 3 13 28 20 19 23 26 21 28 4 10 25 0 24 15 21 10 
28 29 46 40 34 46 32 18 42 11 38 44 47 41 24 37 33 44 37 35 47 42 33 23 19 49 24 0 39 19 34 
32 27 16 15 9 21 7 37 5 39 13 18 9 14 14 3 32 5 16 25 18 15 34 17 22 10 15 39 0 33 5 
40 11 33 27 25 31 27 3 34 10 39 30 39 42 24 30 45 39 40 43 34 29 45 17 25 42 21 19 33 0 31 
26 27 21 18 10 25 4 34 10 36 10 22 15 12 9 7 27 9 12 20 23 19 28 14 16 16 10 34 5 31 0 
0 511
333 333
329 329
129 129
58 58
506 506
259 259
133 133
500 500
381 381
331 331
386 386
434 434
239 239
502 502
253 253
461 461
136 136
73 73
118 118
41 41
261 261
159 159
506 506
331 331
91 91
58 58
67 67
262 262
186 186
496 496
