31
0 12 9 33 38 41 30 22 46 36 37 35 41 23 32 38 19 30 52 6 37 42 35 16 4 29 43 11 43 11 37 
12 0 5 25 26 30 25 10 34 23 33 29 29 11 19 33 9 20 40 5 29 30 23 6 8 26 33 6 32 0 26 
9 5 0 25 29 35 30 15 37 27 37 34 33 17 24 38 15 26 44 4 28 34 29 11 7 30 38 2 34 5 32 
33 25 25 0 17 38 47 26 24 22 55 51 27 25 22 55 30 37 34 29 3 28 34 29 32 49 41 22 14 25 38 
38 26 29 17 0 23 38 19 8 6 45 41 10 18 9 45 25 26 16 31 18 10 20 26 34 41 25 27 9 26 24 
41 30 35 38 23 0 22 19 24 17 27 23 14 18 16 26 21 12 21 35 40 14 6 25 36 27 3 35 32 30 4 
30 25 30 47 38 22 0 21 43 32 7 4 33 22 29 7 17 11 42 27 50 34 20 19 26 4 23 32 47 25 18 
22 10 15 26 19 19 21 0 27 15 28 24 20 1 11 28 5 12 31 15 29 20 13 7 17 23 22 15 28 10 16 
46 34 37 24 8 24 43 27 0 11 49 45 10 25 15 49 32 31 10 40 23 9 23 33 42 47 26 35 10 34 26 
36 23 27 22 6 17 32 15 11 0 39 35 6 13 4 39 20 20 16 29 23 7 13 22 31 36 19 26 15 24 17 
37 33 37 55 45 27 7 28 49 39 0 3 39 29 36 1 24 18 48 34 57 40 26 27 33 7 27 39 54 33 23 
35 29 34 51 41 23 4 24 45 35 3 0 35 25 32 3 21 14 44 31 54 36 22 23 30 6 23 36 50 30 19 
41 29 33 27 10 14 33 20 10 6 39 35 0 18 9 39 24 21 11 35 28 0 13 27 37 37 16 32 18 29 16 
23 11 17 25 18 18 22 1 25 13 29 25 18 0 9 29 6 12 29 17 28 19 12 8 19 24 21 16 26 12 15 
32 19 24 22 9 16 29 11 15 4 36 32 9 9 0 36 16 17 20 25 23 10 12 18 27 32 19 22 18 20 16 
38 33 38 55 45 26 7 28 49 39 1 3 39 29 36 0 25 18 47 35 57 39 25 27 33 8 26 40 54 33 22 
19 9 15 30 25 21 17 5 32 20 24 21 24 6 16 25 0 11 35 13 33 25 15 3 14 19 24 15 33 9 17 
30 20 26 37 26 12 11 12 31 20 18 14 21 12 17 18 11 0 31 24 40 22 8 14 25 15 14 26 36 21 8 
52 40 44 34 16 21 42 31 10 16 48 44 11 29 20 47 35 31 0 46 33 10 22 38 48 47 21 42 21 40 24 
6 5 4 29 31 35 27 15 40 29 34 31 35 17 25 35 13 24 46 0 32 35 28 9 3 26 37 7 37 5 31 
37 29 28 3 18 40 50 29 23 23 57 54 28 28 23 57 33 40 33 32 0 28 36 32 35 52 43 25 13 29 40 
42 30 34 28 10 14 34 20 9 7 40 36 0 19 10 39 25 22 10 35 28 0 14 27 38 38 16 33 18 30 17 
35 23 29 34 20 6 20 13 23 13 26 22 13 12 12 25 15 8 22 28 36 14 0 19 30 24 9 28 29 24 4 
16 6 11 29 26 25 19 7 33 22 27 23 27 8 18 27 3 14 38 9 32 27 19 0 11 20 28 12 33 6 21 
4 8 7 32 34 36 26 17 42 31 33 30 37 19 27 33 14 25 48 3 35 38 30 11 0 25 39 10 40 7 32 
29 26 30 49 41 27 4 23 47 36 7 6 37 24 32 8 19 15 47 26 52 38 24 20 25 0 28 32 50 26 22 
43 33 38 41 25 3 23 22 26 19 27 23 16 21 19 26 24 14 21 37 43 16 9 28 39 28 0 38 34 33 6 
11 6 2 22 27 35 32 15 35 26 39 36 32 16 22 40 15 26 42 7 25 33 28 12 10 32 38 0 31 6 31 
43 32 34 14 9 32 47 28 10 15 54 50 18 26 18 54 33 36 21 37 13 18 29 33 40 50 34 31 0 32 33 
11 0 5 25 26 30 25 10 34 24 33 30 29 12 20 33 9 21 40 5 29 30 24 6 7 26 33 6 32 0 26 
37 26 32 38 24 4 18 16 26 17 23 19 16 15 16 22 17 8 24 31 40 17 4 21 32 22 6 31 33 26 0 
0 638
183 502
102 421
199 518
163 482
212 531
22 341
308 627
250 569
218 537
314 633
310 629
38 357
142 461
268 587
136 455
229 548
301 620
221 540
18 337
195 514
241 560
150 469
138 457
111 430
67 386
131 450
266 585
84 403
130 449
249 568
