31
0 25 29 18 28 20 9 1 6 25 10 39 33 7 25 18 16 12 24 29 29 2 35 3 32 35 6 22 49 45 7 
25 0 4 18 3 24 32 25 28 15 35 15 8 24 14 13 26 14 18 31 23 27 23 21 31 25 28 25 26 24 29 
29 4 0 22 2 28 36 29 32 15 39 13 4 28 17 17 30 18 21 35 23 31 25 25 34 24 32 29 24 23 34 
18 18 22 0 20 6 19 18 16 29 27 26 23 23 8 4 9 8 6 14 36 20 17 15 15 40 17 7 34 29 18 
28 3 2 20 0 26 35 29 31 17 39 12 4 28 14 15 29 18 19 33 25 31 23 25 31 26 32 27 23 21 33 
20 24 28 6 26 0 18 19 16 35 28 32 29 26 13 11 5 14 9 9 42 21 18 18 11 46 16 1 38 32 17 
9 32 36 19 35 18 0 8 4 35 10 45 39 16 28 22 13 17 25 25 39 8 36 11 29 45 3 20 53 49 2 
1 25 29 18 29 19 8 0 5 26 9 40 33 8 25 19 16 12 24 28 30 1 35 4 31 36 5 21 49 46 6 
6 28 32 16 31 16 4 5 0 31 11 41 35 14 24 18 11 13 22 24 35 6 34 8 27 41 0 18 50 45 1 
25 15 15 29 17 35 35 26 31 0 33 28 19 20 28 24 35 21 32 43 8 27 38 23 44 11 31 36 39 39 32 
10 35 39 27 39 28 10 9 11 33 0 49 43 12 35 28 23 22 34 35 34 7 45 13 39 41 11 30 59 55 10 
39 15 13 26 12 32 45 40 41 28 49 0 8 40 18 22 35 27 23 36 36 42 20 36 33 36 41 32 11 11 43 
33 8 4 23 4 29 39 33 35 19 43 8 0 32 17 19 32 22 22 35 28 35 23 29 33 28 36 30 19 19 37 
7 24 28 23 28 26 16 8 14 20 12 40 32 0 29 22 23 15 29 35 22 8 40 8 38 29 13 28 50 47 14 
25 14 17 8 14 13 28 25 24 28 35 18 17 29 0 6 17 13 5 18 36 27 11 22 17 39 25 13 25 20 26 
18 13 17 4 15 11 22 19 18 24 28 22 19 22 6 0 13 7 7 19 32 21 17 15 19 36 19 12 31 27 20 
16 26 30 9 29 5 13 16 11 35 23 35 32 23 17 13 0 13 13 12 41 17 23 15 15 46 12 6 42 37 13 
12 14 18 8 18 14 17 12 13 21 22 27 22 15 13 7 13 0 14 23 28 14 24 8 24 32 13 15 37 33 15 
24 18 21 6 19 9 25 24 22 32 34 23 22 29 5 7 13 14 0 13 40 26 11 21 12 43 23 8 29 23 24 
29 31 35 14 33 9 25 28 24 43 35 36 35 35 18 19 12 23 13 0 51 29 18 27 4 55 24 7 39 33 25 
29 23 23 36 25 42 39 30 35 8 34 36 28 22 36 32 41 28 40 51 0 31 47 27 51 6 35 44 47 47 36 
2 27 31 20 31 21 8 1 6 27 7 42 35 8 27 21 17 14 26 29 31 0 37 6 33 37 5 23 51 47 6 
35 23 25 17 23 18 36 35 34 38 45 20 23 40 11 17 23 24 11 18 47 37 0 33 14 49 34 17 21 15 35 
3 21 25 15 25 18 11 4 8 23 13 36 29 8 22 15 15 8 21 27 27 6 33 0 30 33 8 20 45 42 9 
32 31 34 15 31 11 29 31 27 44 39 33 33 38 17 19 15 24 12 4 51 33 14 30 0 55 28 9 35 29 29 
35 25 24 40 26 46 45 36 41 11 41 36 28 29 39 36 46 32 43 55 6 37 49 33 55 0 41 48 47 47 42 
6 28 32 17 32 16 3 5 0 31 11 41 36 13 25 19 12 13 23 24 35 5 34 8 28 41 0 18 50 46 1 
22 25 29 7 27 1 20 21 18 36 30 32 30 28 13 12 6 15 8 7 44 23 17 20 9 48 18 0 37 32 19 
49 26 24 34 23 38 53 49 50 39 59 11 19 50 25 31 42 37 29 39 47 51 21 45 35 47 50 37 0 6 51 
45 24 23 29 21 32 49 46 45 39 55 11 19 47 20 27 37 33 23 33 47 47 15 42 29 47 46 32 6 0 47 
7 29 34 18 33 17 2 6 1 32 10 43 37 14 26 20 13 15 24 25 36 6 35 9 29 42 1 19 51 47 0 
0 319
197 228
109 140
104 135
187 218
230 261
151 182
34 65
169 200
139 170
92 123
181 212
199 230
243 274
112 143
170 201
209 240
230 261
95 126
144 175
91 122
120 151
121 152
137 168
202 233
97 128
51 82
251 282
255 286
106 137
0 31
