31
0 3 25 22 18 48 12 16 16 39 29 23 12 21 18 12 23 19 30 37 3 44 39 6 25 30 27 8 21 16 23 
3 0 21 23 17 48 10 14 16 36 31 26 12 19 15 9 24 17 27 36 2 44 40 5 27 31 30 7 24 14 20 
25 21 0 38 22 49 23 22 25 19 48 46 24 17 6 12 35 26 12 36 22 46 43 22 43 41 47 23 45 18 8 
22 23 38 0 18 32 34 38 14 43 10 13 14 24 33 28 6 41 36 25 21 27 23 28 4 11 9 30 17 21 31 
18 17 22 18 0 30 27 30 4 26 28 28 7 6 18 15 13 34 18 19 15 27 23 23 22 18 27 24 30 4 14 
48 48 49 32 30 0 58 61 31 39 36 44 36 32 48 46 26 65 39 12 45 4 8 53 33 21 38 55 48 35 40 
12 10 23 34 27 58 0 5 27 42 40 33 22 28 17 14 34 7 33 47 13 54 50 5 37 42 39 3 31 24 26 
16 14 22 38 30 61 5 0 30 41 45 39 26 30 17 15 38 4 33 49 17 57 53 10 42 46 44 8 36 26 26 
16 16 25 14 4 31 27 30 0 30 24 24 4 10 20 16 10 34 22 20 13 27 23 21 18 16 23 23 26 7 17 
39 36 19 43 26 39 42 41 30 0 53 54 32 20 24 28 38 46 9 28 36 38 37 39 48 40 53 40 56 25 16 
29 31 48 10 28 36 40 45 24 53 0 9 24 34 43 37 16 47 46 33 29 32 29 35 5 16 1 37 14 31 42 
23 26 46 13 28 44 33 39 24 54 9 0 22 34 39 33 19 40 46 39 24 40 36 29 11 23 8 31 4 30 40 
12 12 24 14 7 36 22 26 4 32 24 22 0 12 19 14 12 29 24 25 9 32 28 17 19 19 23 19 23 7 18 
21 19 17 24 6 32 28 30 10 20 34 34 12 0 15 14 19 34 12 20 18 29 26 24 28 24 34 25 36 5 8 
18 15 6 33 18 48 17 17 20 24 43 39 19 15 0 6 31 21 15 35 16 45 41 16 38 37 42 16 39 14 9 
12 9 12 28 15 46 14 15 16 28 37 33 14 14 6 0 26 19 19 34 9 43 39 11 33 33 36 12 33 11 12 
23 24 35 6 13 26 34 38 10 38 16 19 12 19 31 26 0 42 31 19 21 22 18 29 10 7 16 31 23 17 27 
19 17 26 41 34 65 7 4 34 46 47 40 29 34 21 19 42 0 37 53 20 61 57 12 44 49 46 10 37 30 30 
30 27 12 36 18 39 33 33 22 9 46 46 24 12 15 19 31 37 0 26 27 37 34 30 41 35 46 31 47 16 7 
37 36 36 25 19 12 47 49 20 28 33 39 25 20 35 34 19 53 26 0 34 10 8 42 28 16 34 44 42 23 27 
3 2 22 21 15 45 13 17 13 36 29 24 9 18 16 9 21 20 27 34 0 41 37 8 25 28 27 10 23 12 19 
44 44 46 27 27 4 54 57 27 38 32 40 32 29 45 43 22 61 37 10 41 0 4 49 29 16 34 51 44 31 37 
39 40 43 23 23 8 50 53 23 37 29 36 28 26 41 39 18 57 34 8 37 4 0 45 24 12 30 47 40 28 34 
6 5 22 28 23 53 5 10 21 39 35 29 17 24 16 11 29 12 30 42 8 49 45 0 32 36 34 2 27 19 23 
25 27 43 4 22 33 37 42 18 48 5 11 19 28 38 33 10 44 41 28 25 29 24 32 0 12 5 34 16 25 36 
30 31 41 11 18 21 42 46 16 40 16 23 19 24 37 33 7 49 35 16 28 16 12 36 12 0 17 39 27 23 32 
27 30 47 9 27 38 39 44 23 53 1 8 23 34 42 36 16 46 46 34 27 34 30 34 5 17 0 36 12 30 41 
8 7 23 30 24 55 3 8 23 40 37 31 19 25 16 12 31 10 31 44 10 51 47 2 34 39 36 0 28 21 24 
21 24 45 17 30 48 31 36 26 56 14 4 23 36 39 33 23 37 47 42 23 44 40 27 16 27 12 28 0 31 41 
16 14 18 21 4 35 24 26 7 25 31 30 7 5 14 11 17 30 16 23 12 31 28 19 25 23 30 21 31 0 10 
23 20 8 31 14 40 26 26 17 16 42 40 18 8 9 12 27 30 7 27 19 37 34 23 36 32 41 24 41 10 0 
0 383
95 286
152 343
126 317
146 337
10 201
85 276
45 236
49 240
169 360
46 237
84 275
178 369
154 345
132 323
54 245
103 294
0 191
49 240
144 335
140 331
110 301
17 208
67 258
61 252
48 239
61 252
109 300
72 263
184 375
91 282
