31
0 20 30 14 40 23 26 44 42 20 37 34 16 38 46 27 23 48 23 14 11 41 24 28 33 43 45 51 3 36 42 
20 0 41 33 49 38 41 57 47 21 35 40 27 34 57 30 28 45 20 21 26 52 36 48 30 39 48 59 18 51 33 
30 41 0 20 10 10 9 16 15 20 23 11 14 28 16 15 13 30 23 20 18 11 5 27 23 29 20 20 29 13 36 
14 33 20 0 30 10 13 31 34 22 35 28 11 39 34 25 20 45 26 15 8 30 16 15 33 42 39 40 15 22 45 
40 49 10 30 0 20 18 12 9 28 24 11 24 29 8 20 21 27 30 29 28 3 15 35 25 28 13 10 39 16 37 
23 38 10 10 20 0 3 20 25 21 30 20 11 34 23 20 16 39 25 17 12 20 8 18 29 36 30 30 23 13 42 
26 41 9 13 18 3 0 17 24 23 31 20 14 35 21 21 18 39 27 20 16 17 9 18 30 37 29 27 26 10 43 
44 57 16 31 12 20 17 0 22 36 36 23 29 41 6 30 29 39 39 35 33 9 21 30 37 40 26 15 44 9 49 
42 47 15 34 9 25 24 22 0 25 16 7 25 20 17 16 19 17 26 28 30 12 18 43 19 18 4 13 40 25 29 
20 21 20 22 28 21 23 36 25 0 16 18 10 18 36 8 6 27 3 7 13 30 15 37 13 22 27 37 17 33 23 
37 35 23 35 24 30 31 36 16 16 0 12 23 5 32 10 15 11 15 23 28 27 22 48 4 6 15 29 34 36 13 
34 40 11 28 11 20 20 23 7 18 12 0 18 18 20 9 12 19 19 21 23 14 12 38 14 18 10 19 33 24 26 
16 27 14 11 24 11 14 29 25 10 23 18 0 27 30 13 8 34 14 6 5 25 8 26 21 30 29 34 15 24 33 
38 34 28 39 29 34 35 41 20 18 5 18 27 0 37 14 19 11 15 25 31 32 26 52 5 5 19 34 36 41 8 
46 57 16 34 8 23 21 6 17 36 32 20 30 37 0 28 29 34 38 36 34 5 22 35 34 36 20 8 45 15 46 
27 30 15 25 20 20 21 30 16 8 10 9 13 14 28 0 5 21 9 13 18 23 12 38 8 17 18 29 25 29 21 
23 28 13 20 21 16 18 29 19 6 15 12 8 19 29 5 0 26 9 9 13 23 9 33 13 22 22 31 21 26 25 
48 45 30 45 27 39 39 39 17 27 11 19 34 11 34 21 26 0 26 34 39 30 31 57 15 6 14 29 45 42 16 
23 20 23 26 30 25 27 39 26 3 15 19 14 15 38 9 9 26 0 10 17 32 19 41 11 20 28 39 20 36 19 
14 21 20 15 29 17 20 35 28 7 23 21 6 25 36 13 9 34 10 0 7 31 14 31 19 29 31 39 11 30 30 
11 26 18 8 28 12 16 33 30 13 28 23 5 31 34 18 13 39 17 7 0 30 13 24 25 35 34 39 11 26 36 
41 52 11 30 3 20 17 9 12 30 27 14 25 32 5 23 23 30 32 31 30 0 17 34 29 31 16 9 41 14 40 
24 36 5 16 15 8 9 21 18 15 22 12 8 26 22 12 9 31 19 14 13 17 0 26 21 28 23 26 24 17 34 
28 48 27 15 35 18 18 30 43 37 48 38 26 52 35 38 33 57 41 31 24 34 26 0 47 55 47 44 30 21 59 
33 30 23 33 25 29 30 37 19 13 4 14 21 5 34 8 13 15 11 19 25 29 21 47 0 9 19 32 30 37 12 
43 39 29 42 28 36 37 40 18 22 6 18 30 5 36 17 22 6 20 29 35 31 28 55 9 0 16 32 40 42 11 
45 48 20 39 13 30 29 26 4 27 15 10 29 19 20 18 22 14 28 31 34 16 23 47 19 16 0 15 43 30 27 
51 59 20 40 10 30 27 15 13 37 29 19 34 34 8 29 31 29 39 39 39 9 26 44 32 32 15 0 50 23 42 
3 18 29 15 39 23 26 44 40 17 34 33 15 36 45 25 21 45 20 11 11 41 24 30 30 40 43 50 0 36 39 
36 51 13 22 16 13 10 9 25 33 36 24 24 41 15 29 26 42 36 30 26 14 17 21 37 42 30 23 36 0 50 
42 33 36 45 37 42 43 49 29 23 13 26 33 8 46 21 25 16 19 30 36 40 34 59 12 11 27 42 39 50 0 
0 553
338 338
111 111
166 166
410 410
420 420
383 383
373 373
396 396
447 447
528 528
283 283
89 89
1 1
45 45
267 267
365 365
50 50
397 397
500 500
59 59
401 401
386 386
125 125
98 98
320 320
519 519
350 350
536 536
234 234
99 99
