31
0 38 14 25 27 41 15 48 36 38 36 43 30 16 30 14 16 46 16 32 12 29 27 36 42 25 24 45 20 13 43 
38 0 29 25 18 4 24 24 2 0 2 16 8 38 14 31 32 8 21 31 30 8 15 2 11 13 20 26 20 33 10 
14 29 0 11 14 31 14 34 26 29 26 30 20 27 17 2 23 36 9 18 2 21 15 27 36 17 24 31 8 21 37 
25 25 11 0 7 25 21 24 22 24 23 21 17 36 10 11 31 30 13 9 13 19 9 23 35 16 29 20 9 30 34 
27 18 14 7 0 18 19 21 15 17 15 16 10 35 4 15 29 23 12 14 15 12 2 16 28 11 24 19 7 29 27 
41 4 31 25 18 0 27 20 5 4 5 12 10 43 14 32 36 5 24 29 32 11 15 5 15 16 25 23 22 37 13 
15 24 14 21 19 27 0 39 22 24 22 33 18 16 20 16 10 32 7 30 13 16 18 22 26 11 10 38 12 10 28 
48 24 34 24 21 20 39 0 23 24 24 7 23 56 18 35 50 21 33 21 36 26 21 23 35 29 42 5 28 50 33 
36 2 26 22 15 5 22 23 0 2 0 15 5 37 12 28 30 10 19 28 27 6 12 0 13 10 19 25 18 31 12 
38 0 29 24 17 4 24 24 2 0 2 16 8 39 14 31 32 8 21 30 30 8 15 1 12 13 21 26 20 33 10 
36 2 26 23 15 5 22 24 0 2 0 16 6 37 12 29 30 10 19 29 27 6 13 0 13 11 19 25 18 31 12 
43 16 30 21 16 12 33 7 15 16 16 0 16 49 13 31 43 14 27 21 32 19 15 16 27 22 34 10 23 43 25 
30 8 20 17 10 10 18 23 5 8 6 16 0 34 7 22 27 15 13 24 21 3 7 6 17 6 18 24 12 28 17 
16 38 27 36 35 43 16 56 37 39 37 49 34 0 37 28 6 47 23 45 25 31 34 37 37 27 18 55 28 6 40 
30 14 17 10 4 14 20 18 12 14 12 13 7 37 0 19 31 19 14 16 19 10 2 12 25 10 24 17 10 31 24 
14 31 2 11 15 32 16 35 28 31 29 31 22 28 19 0 24 38 11 18 3 23 17 29 38 19 26 32 10 22 39 
16 32 23 31 29 36 10 50 30 32 30 43 27 6 31 24 0 40 17 40 21 24 28 30 31 21 12 48 22 3 33 
46 8 36 30 23 5 32 21 10 8 10 14 15 47 19 38 40 0 29 34 37 16 21 9 15 21 29 25 27 42 12 
16 21 9 13 12 24 7 33 19 21 19 27 13 23 14 11 17 29 0 22 9 13 11 19 27 8 15 31 4 17 28 
32 31 18 9 14 29 30 21 28 30 29 21 24 45 16 18 40 34 22 0 20 26 16 29 41 25 37 16 18 39 41 
12 30 2 13 15 32 13 36 27 30 27 32 21 25 19 3 21 37 9 20 0 21 17 28 36 17 23 33 9 19 37 
29 8 21 19 12 11 16 26 6 8 6 19 3 31 10 23 24 16 13 26 21 0 9 6 15 4 15 27 12 25 16 
27 15 15 9 2 15 18 21 12 15 13 15 7 34 2 17 28 21 11 16 17 9 0 13 25 8 22 20 7 28 24 
36 2 27 23 16 5 22 23 0 1 0 16 6 37 12 29 30 9 19 29 28 6 13 0 12 11 20 25 18 32 11 
42 11 36 35 28 15 26 35 13 12 13 27 17 37 25 38 31 15 27 41 36 15 25 12 0 19 19 38 28 33 2 
25 13 17 16 11 16 11 29 10 13 11 22 6 27 10 19 21 21 8 25 17 4 8 11 19 0 13 28 9 21 20 
24 20 24 29 24 25 10 42 19 21 19 34 18 18 24 26 12 29 15 37 23 15 22 20 19 13 0 42 19 14 21 
45 26 31 20 19 23 38 5 25 26 25 10 24 55 17 32 48 25 31 16 33 27 20 25 38 28 42 0 26 48 36 
20 20 8 9 7 22 12 28 18 20 18 23 12 28 10 10 22 27 4 18 9 12 7 18 28 9 19 26 0 22 29 
13 33 21 30 29 37 10 50 31 33 31 43 28 6 31 22 3 42 17 39 19 25 28 32 33 21 14 48 22 0 35 
43 10 37 34 27 13 28 33 12 10 12 25 17 40 24 39 33 12 28 41 37 16 24 11 2 20 21 36 29 35 0 
0 298
118 237
50 169
158 277
121 240
166 285
75 194
149 268
112 231
86 205
46 165
140 259
72 191
123 242
35 154
169 288
19 138
88 207
16 135
84 203
165 284
109 228
130 249
109 228
104 223
170 289
49 168
151 270
77 196
57 176
147 266
