31
0 23 39 9 6 20 7 11 24 39 12 25 16 3 20 8 26 23 10 31 16 15 27 20 10 34 9 5 17 16 10 
23 0 46 15 19 3 30 19 39 29 15 12 39 26 36 14 19 1 33 20 14 33 4 24 33 37 14 28 7 24 33 
39 46 0 36 35 46 41 30 17 30 33 35 36 39 21 39 28 47 36 30 51 27 50 21 43 10 43 42 46 24 38 
9 15 36 0 3 13 16 5 25 31 3 15 23 12 21 3 17 16 17 22 15 18 20 14 19 29 7 15 11 11 18 
6 19 35 3 0 16 12 5 23 33 6 18 20 9 19 4 20 19 14 25 16 15 23 15 16 29 7 12 14 11 14 
20 3 46 13 16 0 27 18 37 31 13 14 36 23 34 11 20 3 30 22 11 31 7 24 29 37 11 24 3 23 30 
7 30 41 16 12 27 0 17 24 45 19 31 10 4 20 15 32 30 5 37 22 14 34 25 3 37 15 3 23 20 4 
11 19 30 5 5 18 17 0 19 28 4 15 21 13 16 9 15 20 16 20 21 14 24 9 20 23 12 17 17 6 17 
24 39 17 25 23 37 24 19 0 36 24 32 18 23 4 27 27 40 19 32 40 10 44 16 26 19 31 26 36 15 21 
39 29 30 31 33 31 45 28 36 0 27 17 48 42 35 33 13 31 44 8 42 38 31 21 49 20 36 45 34 26 46 
12 15 33 3 6 13 19 4 24 27 0 12 25 15 21 6 14 15 20 19 18 18 20 12 22 26 10 18 12 9 20 
25 12 35 15 18 14 31 15 32 17 12 0 37 27 29 17 7 14 32 8 24 29 15 15 35 25 19 30 16 17 33 
16 39 36 23 20 36 10 21 18 48 25 37 0 13 15 24 36 39 5 41 32 10 43 26 10 36 25 13 33 22 6 
3 26 39 12 9 23 4 13 23 42 15 27 13 0 19 11 28 26 7 34 19 14 30 22 7 35 12 3 20 17 7 
20 36 21 21 19 34 20 16 4 35 21 29 15 19 0 24 25 37 15 31 36 6 41 15 22 20 27 22 33 12 17 
8 14 39 3 4 11 15 9 27 33 6 17 24 11 24 0 20 14 18 24 12 20 19 18 18 32 3 14 9 15 18 
26 19 28 17 20 20 32 15 27 13 14 7 36 28 25 20 0 21 31 5 29 26 23 10 35 18 23 32 22 13 33 
23 1 47 16 19 3 30 20 40 31 15 14 39 26 37 14 21 0 33 22 13 34 4 26 32 38 14 27 6 25 33 
10 33 36 17 14 30 5 16 19 44 20 32 5 7 15 18 31 33 0 37 27 9 37 22 7 34 19 8 27 18 2 
31 20 30 22 25 22 37 20 32 8 19 8 41 34 31 24 5 22 37 0 33 32 23 16 41 20 27 37 25 19 38 
16 14 51 15 16 11 22 21 40 42 18 24 32 19 36 12 29 13 27 33 0 31 16 30 23 44 9 19 7 27 26 
15 33 27 18 15 31 14 14 10 38 18 29 10 14 6 20 26 34 9 32 31 0 38 16 16 25 22 16 29 13 11 
27 4 50 20 23 7 34 24 44 31 20 15 43 30 41 19 23 4 37 23 16 38 0 29 37 41 18 32 11 29 37 
20 24 21 14 15 24 25 9 16 21 12 15 26 22 15 18 10 26 22 16 30 16 29 0 28 14 21 25 24 4 24 
10 33 43 19 16 29 3 20 26 49 22 35 10 7 22 18 35 32 7 41 23 16 37 28 0 40 18 4 26 24 5 
34 37 10 29 29 37 37 23 19 20 26 25 36 35 20 32 18 38 34 20 44 25 41 14 40 0 36 39 38 17 36 
9 14 43 7 7 11 15 12 31 36 10 19 25 12 27 3 23 14 19 27 9 22 18 21 18 36 0 13 7 18 19 
5 28 42 15 12 24 3 17 26 45 18 30 13 3 22 14 32 27 8 37 19 16 32 25 4 39 13 0 21 21 7 
17 7 46 11 14 3 23 17 36 34 12 16 33 20 33 9 22 6 27 25 7 29 11 24 26 38 7 21 0 22 27 
16 24 24 11 11 23 20 6 15 26 9 17 22 17 12 15 13 25 18 19 27 13 29 4 24 17 18 21 22 0 20 
10 33 38 18 14 30 4 17 21 46 20 33 6 7 17 18 33 33 2 38 26 11 37 24 5 36 19 7 27 20 0 
0 234
0 0
131 131
85 85
213 213
132 132
14 14
150 150
38 38
49 49
28 28
89 89
172 172
151 151
90 90
129 129
24 24
63 63
2 2
108 108
194 194
163 163
109 109
200 200
135 135
181 181
66 66
63 63
230 230
222 222
25 25
