31
0 12 24 24 12 22 8 20 3 23 43 3 17 30 33 15 13 20 22 18 8 39 25 32 19 18 24 3 13 8 3 
12 0 24 15 13 32 6 25 10 31 48 9 18 27 44 25 0 8 22 7 19 43 33 44 26 30 26 12 11 7 14 
24 24 0 17 34 21 27 9 26 14 25 22 40 9 31 38 25 24 2 21 31 20 17 37 14 29 4 20 13 19 27 
24 15 17 0 29 35 22 24 23 30 42 20 33 14 46 39 15 9 15 8 32 38 33 50 28 38 21 22 12 16 27 
12 13 34 29 0 34 7 32 9 36 55 12 5 39 44 14 13 22 32 21 12 51 37 42 31 27 35 15 22 15 10 
22 32 21 35 34 0 30 12 26 7 24 24 39 31 11 29 33 37 22 34 24 21 6 16 7 11 18 20 24 25 24 
8 6 27 22 7 30 0 25 4 30 49 6 12 31 41 18 7 15 25 14 13 45 32 40 26 26 28 10 14 8 8 
20 25 9 24 32 12 25 0 22 6 23 19 37 19 22 32 26 28 10 24 25 19 9 28 4 20 6 16 15 18 22 
3 10 26 23 9 26 4 22 0 27 46 3 14 31 36 15 11 19 24 17 9 41 28 36 22 21 26 6 14 8 3 
23 31 14 30 36 7 30 6 27 0 19 24 41 24 16 33 31 34 15 31 27 15 2 23 4 18 10 20 21 23 26 
43 48 25 42 55 24 49 23 46 19 0 43 60 30 23 52 49 49 27 46 47 4 18 33 24 35 22 39 37 41 45 
3 9 22 20 12 24 6 19 3 24 43 0 17 28 35 18 9 17 20 14 11 39 26 35 20 21 23 4 10 4 6 
17 18 40 33 5 39 12 37 14 41 60 17 0 44 49 16 18 25 38 25 16 56 42 46 36 31 41 21 27 21 15 
30 27 9 14 39 31 31 19 31 24 30 28 44 0 40 45 27 23 9 21 38 26 26 47 23 38 13 27 17 23 33 
33 44 31 46 44 11 41 22 36 16 23 35 49 40 0 36 44 49 32 45 33 23 13 10 18 17 27 31 35 36 34 
15 25 38 39 14 29 18 32 15 33 52 18 16 45 36 0 26 34 37 32 7 49 34 31 29 18 37 18 29 23 12 
13 0 25 15 13 33 7 26 11 31 49 9 18 27 44 26 0 8 22 7 20 44 34 45 27 31 27 13 11 8 14 
20 8 24 9 22 37 15 28 19 34 49 17 25 23 49 34 8 0 21 3 28 44 37 51 30 37 27 20 13 13 22 
22 22 2 15 32 22 25 10 24 15 27 20 38 9 32 37 22 21 0 18 29 23 18 38 14 28 5 18 11 16 25 
18 7 21 8 21 34 14 24 17 31 46 14 25 21 45 32 7 3 18 0 26 41 33 48 27 34 24 17 9 10 20 
8 19 31 32 12 24 13 25 9 27 47 11 16 38 33 7 20 28 29 26 0 43 28 30 23 15 30 11 21 16 5 
39 43 20 38 51 21 45 19 41 15 4 39 56 26 23 49 44 44 23 41 43 0 15 33 20 33 17 35 32 37 41 
25 33 17 33 37 6 32 9 28 2 18 26 42 26 13 34 34 37 18 33 28 15 0 20 6 17 13 22 23 25 27 
32 44 37 50 42 16 40 28 36 23 33 35 46 47 10 31 45 51 38 48 30 33 20 0 23 14 34 31 39 38 32 
19 26 14 28 31 7 26 4 22 4 24 20 36 23 18 29 27 30 14 27 23 20 6 23 0 15 11 15 17 19 21 
18 30 29 38 27 11 26 20 21 18 35 21 31 38 17 18 31 37 28 34 15 33 17 14 15 0 26 17 26 24 18 
24 26 4 21 35 18 28 6 26 10 22 23 41 13 27 37 27 27 5 24 30 17 13 34 11 26 0 20 15 20 26 
3 12 20 22 15 20 10 16 6 20 39 4 21 27 31 18 13 20 18 17 11 35 22 31 15 17 20 0 10 6 6 
13 11 13 12 22 24 14 15 14 21 37 10 27 17 35 29 11 13 11 9 21 32 23 39 17 26 15 10 0 6 16 
8 7 19 16 15 25 8 18 8 23 41 4 21 23 36 23 8 13 16 10 16 37 25 38 19 24 20 6 6 0 10 
3 14 27 27 10 24 8 22 3 26 45 6 15 33 34 12 14 22 25 20 5 41 27 32 21 18 26 6 16 10 0 
0 511
51 153
204 306
96 198
252 354
238 340
205 307
164 266
268 370
76 178
312 414
230 332
231 333
401 503
322 424
84 186
275 377
258 360
398 500
244 346
317 419
116 218
255 357
163 265
327 429
27 129
115 217
306 408
135 237
324 426
257 359
