31
0 8 32 9 30 13 20 19 38 16 20 15 33 23 45 46 10 21 26 32 21 38 24 19 16 9 37 19 18 42 37 
8 0 30 17 28 12 26 28 38 7 26 19 34 27 51 52 17 15 35 29 16 38 28 20 23 18 35 27 27 48 40 
32 30 0 40 1 18 28 40 9 31 29 20 9 18 40 39 28 16 51 2 15 12 20 14 28 35 5 41 38 40 21 
9 17 40 0 38 22 22 15 45 24 21 21 40 28 46 47 14 30 18 40 30 44 28 26 18 7 45 14 15 42 42 
30 28 1 38 0 16 26 38 10 30 27 19 8 16 39 38 26 15 49 3 14 12 19 12 26 33 6 39 36 39 21 
13 12 18 22 16 0 19 26 25 16 20 9 21 16 42 42 13 9 36 18 9 26 18 7 17 19 23 27 25 39 28 
20 26 28 22 26 19 0 12 29 33 0 9 23 10 25 25 9 28 25 30 28 26 8 15 3 14 31 14 11 21 21 
19 28 40 15 38 26 12 0 41 35 12 19 36 23 33 34 13 36 12 41 36 39 21 25 11 9 43 1 1 28 33 
38 38 9 45 10 25 29 41 0 40 29 24 5 18 34 33 31 25 53 12 25 3 20 19 30 39 7 43 40 35 15 
16 7 31 24 30 16 33 35 40 0 33 24 36 32 57 57 24 14 42 30 15 41 34 24 30 25 36 35 34 55 45 
20 26 29 21 27 20 0 12 29 33 0 10 24 11 25 26 9 29 24 30 29 27 9 16 3 14 32 13 10 22 21 
15 19 20 21 19 9 9 19 24 24 10 0 19 8 33 32 7 18 30 22 18 23 9 6 8 14 25 20 17 30 22 
33 34 9 40 8 21 23 36 5 36 24 19 0 13 31 30 26 23 48 11 22 4 15 14 25 34 9 38 34 31 12 
23 27 18 28 16 16 10 23 18 32 11 8 13 0 26 25 14 23 35 20 23 16 2 9 11 21 21 24 21 24 13 
45 51 40 46 39 42 25 33 34 57 25 33 31 26 0 1 35 49 41 43 49 30 24 35 29 39 41 34 32 4 19 
46 52 39 47 38 42 25 34 33 57 26 32 30 25 1 0 35 48 42 42 48 29 24 34 29 39 40 35 32 6 18 
10 17 28 14 26 13 9 13 31 24 9 7 26 14 35 35 0 23 23 29 23 30 14 13 5 7 32 13 11 31 28 
21 15 16 30 15 9 28 36 25 14 29 18 23 23 49 48 23 0 46 15 0 27 25 14 26 28 21 36 34 47 33 
26 35 51 18 49 36 25 12 53 42 24 30 48 35 41 42 23 46 0 53 46 51 33 37 23 17 55 10 13 36 45 
32 29 2 40 3 18 30 41 12 30 30 22 11 20 43 42 29 15 53 0 14 14 23 15 30 36 6 42 39 42 24 
21 16 15 30 14 9 28 36 25 15 29 18 22 23 49 48 23 0 46 14 0 26 25 14 26 28 20 36 34 47 33 
38 38 12 44 12 26 26 39 3 41 27 23 4 16 30 29 30 27 51 14 26 0 18 19 28 38 10 41 38 31 11 
24 28 20 28 19 18 8 21 20 34 9 9 15 2 24 24 14 25 33 23 25 18 0 11 11 21 23 23 20 22 13 
19 20 14 26 12 7 15 25 19 24 16 6 14 9 35 34 13 14 37 15 14 19 11 0 14 20 19 26 24 33 21 
16 23 28 18 26 17 3 11 30 30 3 8 25 11 29 29 5 26 23 30 26 28 11 14 0 10 32 12 9 25 24 
9 18 35 7 33 19 14 9 39 25 14 14 34 21 39 39 7 28 17 36 28 38 21 20 10 0 40 9 9 35 35 
37 35 5 45 6 23 31 43 7 36 32 25 9 21 41 40 32 21 55 6 20 10 23 19 32 40 0 45 42 41 21 
19 27 41 14 39 27 14 1 43 35 13 20 38 24 34 35 13 36 10 42 36 41 23 26 12 9 45 0 3 30 35 
18 27 38 15 36 25 11 1 40 34 10 17 34 21 32 32 11 34 13 39 34 38 20 24 9 9 42 3 0 27 32 
42 48 40 42 39 39 21 28 35 55 22 30 31 24 4 6 31 47 36 42 47 31 22 33 25 35 41 30 27 0 20 
37 40 21 42 21 28 21 33 15 45 21 22 12 13 19 18 28 33 45 24 33 11 13 21 24 35 21 35 32 20 0 
0 234
65 158
84 177
1 94
70 163
30 123
15 108
130 223
27 120
109 202
104 197
48 141
95 188
126 219
67 160
75 168
82 175
9 102
34 127
85 178
139 232
40 133
66 159
52 145
18 111
34 127
81 174
128 221
71 164
4 97
10 103
