31
0 43 35 24 30 13 53 26 23 39 32 3 7 43 33 42 16 7 24 15 37 31 19 48 37 42 38 47 48 34 29 
43 0 8 34 13 35 30 28 36 54 49 41 41 5 16 17 46 35 26 29 11 42 31 18 31 22 19 7 6 40 48 
35 8 0 27 7 27 30 21 28 48 42 33 33 9 13 16 37 27 18 22 11 35 23 19 26 20 15 13 13 34 41 
24 34 27 0 27 11 31 6 2 21 15 26 17 31 34 24 14 19 8 25 36 10 6 30 13 22 19 35 37 11 14 
30 13 7 27 0 24 36 22 28 49 43 28 29 16 8 22 35 22 19 15 9 37 22 26 30 25 20 20 19 36 41 
13 35 27 11 24 0 40 13 10 29 22 15 7 34 30 31 11 8 12 16 33 19 6 36 24 29 26 38 39 22 19 
53 30 30 31 36 40 0 27 33 40 39 54 48 25 43 14 46 47 29 47 41 32 34 12 18 11 16 24 27 27 40 
26 28 21 6 22 13 27 0 8 26 21 27 20 25 30 19 19 20 3 23 31 14 6 24 11 17 14 29 31 14 20 
23 36 28 2 28 10 33 8 0 20 14 25 16 34 36 27 12 19 10 25 37 9 7 32 15 24 22 37 39 11 12 
39 54 48 21 49 29 40 26 20 0 7 42 32 50 56 40 22 38 30 45 58 12 28 44 24 36 36 53 56 14 10 
32 49 42 15 43 22 39 21 14 7 0 35 25 46 50 37 15 31 24 38 51 7 21 41 21 32 32 49 51 11 3 
3 41 33 26 28 15 54 27 25 42 35 0 10 42 30 42 20 7 25 12 35 34 20 48 38 43 38 46 47 37 32 
7 41 33 17 29 7 48 20 16 32 25 10 0 41 34 38 9 8 20 17 38 24 13 44 31 37 34 45 46 27 21 
43 5 9 31 16 34 25 25 34 50 46 42 41 0 20 12 44 35 23 31 16 39 29 12 27 17 14 4 5 36 45 
33 16 13 34 8 30 43 30 36 56 50 30 34 20 0 29 41 26 26 18 5 44 29 32 38 33 28 24 22 44 48 
42 17 16 24 22 31 14 19 27 40 37 42 38 12 29 0 38 35 18 33 27 29 24 5 16 5 4 13 16 26 37 
16 46 37 14 35 11 46 19 12 22 15 20 9 44 41 38 0 17 20 26 44 17 14 44 27 36 33 48 50 21 12 
7 35 27 19 22 8 47 20 19 38 31 7 8 35 26 35 17 0 18 9 30 28 13 40 31 35 31 39 40 30 28 
24 26 18 8 19 12 29 3 10 30 24 25 20 23 26 18 20 18 0 20 27 18 6 24 14 17 13 27 29 17 22 
15 29 22 25 15 16 47 23 25 45 38 12 17 31 18 33 26 9 20 0 22 35 18 39 34 35 30 35 35 36 36 
37 11 11 36 9 33 41 31 37 58 51 35 38 16 5 27 44 30 27 22 0 45 31 29 37 31 26 19 17 44 50 
31 42 35 10 37 19 32 14 9 12 7 34 24 39 44 29 17 28 18 35 45 0 16 34 14 25 25 41 44 4 8 
19 31 23 6 22 6 34 6 7 28 21 20 13 29 29 24 14 13 6 18 31 16 0 30 18 23 20 33 35 17 19 
48 18 19 30 26 36 12 24 32 44 41 48 44 12 32 5 44 40 24 39 29 34 30 0 20 8 10 12 15 30 41 
37 31 26 13 30 24 18 11 15 24 21 38 31 27 38 16 27 31 14 34 37 14 18 20 0 11 12 29 32 10 22 
42 22 20 22 25 29 11 17 24 36 32 43 37 17 33 5 36 35 17 35 31 25 23 8 11 0 5 18 22 21 33 
38 19 15 19 20 26 16 14 22 36 32 38 34 14 28 4 33 31 13 30 26 25 20 10 12 5 0 16 19 22 32 
47 7 13 35 20 38 24 29 37 53 49 46 45 4 24 13 48 39 27 35 19 41 33 12 29 18 16 0 3 38 48 
48 6 13 37 19 39 27 31 39 56 51 47 46 5 22 16 50 40 29 35 17 44 35 15 32 22 19 3 0 41 51 
34 40 34 11 36 22 27 14 11 14 11 37 27 36 44 26 21 30 17 36 44 4 17 30 10 21 22 38 41 0 12 
29 48 41 14 41 19 40 20 12 10 3 32 21 45 48 37 12 28 22 36 50 8 19 41 22 33 32 48 51 12 0 
0 468
122 309
100 287
135 322
200 387
6 193
186 373
173 360
9 196
70 257
44 231
167 354
73 260
258 445
21 208
166 353
33 220
209 396
259 446
78 265
63 250
217 404
271 458
183 370
194 381
216 403
123 310
257 444
157 344
78 265
12 199
