31
0 14 14 32 43 32 6 38 15 13 2 28 32 27 22 21 6 18 20 38 40 41 30 36 29 26 31 7 27 11 34 
14 0 0 24 37 18 13 24 1 12 17 23 17 26 24 24 8 26 27 34 26 31 32 24 15 14 17 17 27 13 20 
14 0 0 23 37 18 12 24 1 11 16 22 18 25 23 23 8 26 26 33 26 31 31 24 15 14 17 17 27 13 21 
32 24 23 0 14 25 27 18 23 19 35 6 27 14 19 20 30 29 27 12 27 8 20 8 21 11 29 30 51 37 30 
43 37 37 14 0 39 37 30 36 30 45 14 41 17 23 25 42 34 31 5 39 13 19 19 35 25 43 38 64 49 44 
32 18 18 25 39 0 31 12 17 27 35 29 2 35 37 37 26 42 42 38 8 27 42 19 4 15 4 35 35 28 5 
6 13 12 27 37 31 0 34 13 7 8 22 30 21 16 16 8 14 15 32 38 35 24 31 27 21 30 4 32 15 33 
38 24 24 18 30 12 34 0 23 28 41 24 14 31 35 36 33 43 41 30 9 17 38 10 10 13 17 39 46 37 16 
15 1 1 23 36 17 13 23 0 12 18 22 16 25 24 24 9 27 27 33 25 30 31 23 14 13 16 18 27 14 19 
13 12 11 19 30 27 7 28 12 0 15 15 27 15 12 12 12 15 15 25 34 28 20 24 23 15 28 10 36 20 31 
2 17 16 35 45 35 8 41 18 15 0 30 34 29 24 23 9 18 21 40 43 43 31 38 32 28 33 7 27 12 37 
28 23 22 6 14 29 22 24 22 15 30 0 30 7 12 13 27 23 20 11 32 15 14 15 24 14 32 24 50 34 34 
32 17 18 27 41 2 30 14 16 27 34 30 0 36 37 38 25 43 42 40 10 30 43 22 5 16 2 35 33 27 3 
27 26 25 14 17 35 21 31 25 15 29 7 36 0 6 7 28 17 13 11 39 22 7 22 31 20 38 22 52 35 40 
22 24 23 19 23 37 16 35 24 12 24 12 37 6 0 1 24 10 7 18 42 28 8 27 32 22 38 16 48 32 41 
21 24 23 20 25 37 16 36 24 12 23 13 38 7 1 0 24 9 6 19 42 29 8 28 33 23 39 15 48 31 42 
6 8 8 30 42 26 8 33 9 12 9 27 25 28 24 24 0 23 24 38 34 38 32 32 23 21 24 12 24 7 28 
18 26 26 29 34 42 14 43 27 15 18 23 43 17 10 9 23 0 3 28 49 38 16 36 38 30 43 11 45 29 46 
20 27 26 27 31 42 15 41 27 15 21 20 42 13 7 6 24 3 0 25 48 35 12 34 38 28 43 13 47 31 46 
38 34 33 12 5 38 32 30 33 25 40 11 40 11 18 19 38 28 25 0 39 15 14 20 34 23 42 33 61 45 43 
40 26 26 27 39 8 38 9 25 34 43 32 10 39 42 42 34 49 48 39 0 26 46 19 11 19 12 43 43 36 10 
41 31 31 8 13 27 35 17 30 28 43 15 30 22 28 29 38 38 35 15 26 0 27 8 24 17 32 39 58 44 33 
30 32 31 20 19 42 24 38 31 20 31 14 43 7 8 8 32 16 12 14 46 27 0 29 38 27 44 24 56 40 47 
36 24 24 8 19 19 31 10 23 24 38 15 22 22 27 28 32 36 34 20 19 8 29 0 16 10 24 35 50 38 25 
29 15 15 21 35 4 27 10 14 23 32 24 5 31 32 33 23 38 38 34 11 24 38 16 0 10 7 32 35 26 9 
26 14 14 11 25 15 21 13 13 15 28 14 16 20 22 23 21 30 28 23 19 17 27 10 10 0 18 26 40 27 20 
31 17 17 29 43 4 30 17 16 28 33 32 2 38 38 39 24 43 43 42 12 32 44 24 7 18 0 35 31 25 3 
7 17 17 30 38 35 4 39 18 10 7 24 35 22 16 15 12 11 13 33 43 39 24 35 32 26 35 0 34 18 38 
27 27 27 51 64 35 32 46 27 36 27 50 33 52 48 48 24 45 47 61 43 58 56 50 35 40 31 34 0 16 33 
11 13 13 37 49 28 15 37 14 20 12 34 27 35 32 31 7 29 31 45 36 44 40 38 26 27 25 18 16 0 28 
34 20 21 30 44 5 33 16 19 31 37 34 3 40 41 42 28 46 46 43 10 33 47 25 9 20 3 38 33 28 0 
0 617
429 552
52 175
198 321
92 215
354 477
312 435
68 191
54 177
361 484
152 275
158 281
352 475
17 140
419 542
427 550
242 365
390 513
103 226
88 211
295 418
92 215
339 462
254 377
87 210
41 164
1 124
247 370
141 264
287 410
450 573
