31
0 30 50 38 28 15 39 36 41 46 38 14 50 10 43 18 25 43 10 38 36 12 50 15 42 23 49 12 55 18 18 
30 0 30 40 7 19 9 5 11 49 11 23 39 21 48 24 5 41 20 27 23 18 22 27 37 16 25 24 29 13 25 
50 30 0 28 25 35 31 29 31 35 38 35 14 46 35 33 29 25 43 13 13 40 18 37 20 27 9 38 13 33 34 
38 40 28 0 32 28 47 43 48 9 51 25 17 41 8 21 35 5 38 16 19 35 42 23 8 24 35 27 41 32 21 
28 7 25 32 0 14 15 11 16 42 19 18 32 22 40 18 3 34 19 20 16 16 22 22 30 9 22 20 27 10 19 
15 19 35 28 14 0 28 25 30 37 30 3 36 13 34 7 13 32 10 24 22 7 36 8 30 7 35 5 41 5 7 
39 9 31 47 15 28 0 3 1 56 6 32 42 30 55 34 15 47 29 32 28 27 17 37 43 25 23 34 26 23 35 
36 5 29 43 11 25 3 0 5 53 8 28 40 27 51 30 11 44 25 29 25 24 18 33 40 21 22 30 26 19 31 
41 11 31 48 16 30 1 5 0 57 7 34 43 32 56 35 16 48 30 33 29 29 17 38 44 26 23 35 26 24 36 
46 49 35 9 42 37 56 53 57 0 61 34 22 50 2 30 44 10 47 25 28 44 51 31 14 34 43 35 48 41 29 
38 11 38 51 19 30 6 8 7 61 0 34 48 28 59 36 17 52 27 38 34 27 24 38 48 28 30 35 33 24 37 
14 23 35 25 18 3 32 28 34 34 34 0 35 16 31 3 17 30 12 24 22 10 39 4 28 9 37 2 43 9 4 
50 39 14 17 32 36 42 40 43 22 48 35 0 49 22 32 36 12 46 12 15 43 32 35 9 29 23 37 27 37 32 
10 21 46 41 22 13 30 27 32 50 28 16 49 0 47 19 18 45 3 37 34 6 43 19 43 20 44 14 50 12 20 
43 48 35 8 40 34 55 51 56 2 59 31 22 47 0 28 42 10 44 24 27 42 50 29 14 32 43 33 48 39 27 
18 24 33 21 18 7 34 30 35 30 36 3 32 19 28 0 19 26 16 21 20 14 38 4 24 9 35 5 41 12 1 
25 5 29 35 3 13 15 11 16 44 17 17 36 18 42 19 0 37 16 24 20 13 25 22 33 10 26 19 31 8 20 
43 41 25 5 34 32 47 44 48 10 52 30 12 45 10 26 37 0 42 15 19 39 41 28 4 27 33 32 38 35 25 
10 20 43 38 19 10 29 25 30 47 27 12 46 3 44 16 16 42 0 34 31 3 41 16 40 16 41 12 47 9 17 
38 27 13 16 20 24 32 29 33 25 38 24 12 37 24 21 24 15 34 0 3 30 26 25 10 17 19 26 25 24 21 
36 23 13 19 16 22 28 25 29 28 34 22 15 34 27 20 20 19 31 3 0 28 23 24 14 14 17 25 23 21 20 
12 18 40 35 16 7 27 24 29 44 27 10 43 6 42 14 13 39 3 30 28 0 38 14 37 13 38 10 44 6 15 
50 22 18 42 22 36 17 18 17 51 24 39 32 43 50 38 25 41 41 26 23 38 0 42 36 29 8 41 8 32 39 
15 27 37 23 22 8 37 33 38 31 38 4 35 19 29 4 22 28 16 25 24 14 42 0 27 13 39 4 46 14 3 
42 37 20 8 30 30 43 40 44 14 48 28 9 43 14 24 33 4 40 10 14 37 36 27 0 24 28 30 33 32 24 
23 16 27 24 9 7 25 21 26 34 28 9 29 20 32 9 10 27 16 17 14 13 29 13 24 0 27 12 33 7 10 
49 25 9 35 22 35 23 22 23 43 30 37 23 44 43 35 26 33 41 19 17 38 8 39 28 27 0 39 6 32 36 
12 24 38 27 20 5 34 30 35 35 35 2 37 14 33 5 19 32 12 26 25 10 41 4 30 12 39 0 45 11 6 
55 29 13 41 27 41 26 26 26 48 33 43 27 50 48 41 31 38 47 25 23 44 8 46 33 33 6 45 0 37 42 
18 13 33 32 10 5 23 19 24 41 24 9 37 12 39 12 8 35 9 24 21 6 32 14 32 7 32 11 37 0 13 
18 25 34 21 19 7 35 31 36 29 37 4 32 20 27 1 20 25 17 21 20 15 39 3 24 10 36 6 42 13 0 
0 468
207 347
145 285
291 431
105 245
94 234
187 327
154 294
247 387
20 160
35 175
183 323
192 332
4 144
309 449
94 234
294 434
268 408
116 256
258 398
188 328
193 333
2 142
274 414
17 157
148 288
58 198
104 244
149 289
1 141
230 370
