31
0 15 26 1 31 35 19 27 7 34 36 14 28 37 25 35 12 33 33 13 45 8 26 36 22 18 39 34 31 38 24 
15 0 25 16 42 39 35 27 21 38 41 21 33 39 41 36 8 27 24 24 53 13 42 36 38 20 33 37 42 47 40 
26 25 0 28 26 16 37 2 33 14 18 13 12 14 39 11 31 10 13 19 31 32 39 10 38 7 15 12 28 28 43 
1 16 28 0 32 37 18 29 5 35 37 16 29 39 25 36 12 34 34 14 47 7 26 37 22 20 41 36 32 39 24 
31 42 26 32 0 16 25 24 33 16 14 20 13 21 23 21 43 36 40 18 15 40 21 25 24 24 39 19 3 6 30 
35 39 16 37 16 0 37 13 39 1 2 20 7 5 37 6 44 24 28 23 15 43 36 10 37 19 25 4 19 15 43 
19 35 37 18 25 37 0 37 14 37 37 23 31 42 6 40 30 46 48 17 41 24 8 43 3 30 52 39 23 32 6 
27 27 2 29 24 13 37 0 34 12 15 14 10 11 39 9 33 11 15 19 29 34 38 8 38 9 15 10 27 26 43 
7 21 33 5 33 39 14 34 0 38 40 20 32 42 21 40 16 40 40 16 48 10 23 42 18 25 46 39 32 40 19 
34 38 14 35 16 1 37 12 38 0 3 19 6 5 37 6 42 23 27 22 16 42 35 9 36 18 25 3 19 15 43 
36 41 18 37 14 2 37 15 40 3 0 21 8 7 36 8 45 26 30 23 13 43 35 12 36 21 28 6 17 12 42 
14 21 13 16 20 20 23 14 20 19 21 0 13 22 26 20 23 23 24 5 32 22 26 21 25 6 28 19 21 26 30 
28 33 12 29 13 7 31 10 32 6 8 13 0 10 31 9 36 22 26 16 20 35 30 12 31 13 25 7 16 16 37 
37 39 14 39 21 5 42 11 42 5 7 22 10 0 42 2 44 20 24 26 20 44 41 4 41 19 20 3 24 20 48 
25 41 39 25 23 37 6 39 21 37 36 26 31 42 0 41 37 49 51 21 38 31 2 44 3 33 55 39 20 29 7 
35 36 11 36 21 6 40 9 40 6 8 20 9 2 41 0 42 17 22 24 22 42 40 3 40 17 19 2 25 21 47 
12 8 31 12 43 44 30 33 16 42 45 23 36 44 37 42 0 34 32 24 56 6 38 42 34 24 40 42 43 49 35 
33 27 10 34 36 24 46 11 40 23 26 23 22 20 49 17 34 0 4 28 39 37 49 15 48 16 6 19 38 38 53 
33 24 13 34 40 28 48 15 40 27 30 24 26 24 51 22 32 4 0 30 44 36 51 20 49 18 8 24 42 42 54 
13 24 19 14 18 23 17 19 16 22 23 5 16 26 21 24 24 28 30 0 32 21 21 26 19 12 34 23 18 25 24 
45 53 31 47 15 15 41 29 48 16 13 32 20 20 38 22 56 39 44 32 0 54 36 25 39 33 40 19 17 8 45 
8 13 32 7 40 43 24 34 10 42 43 22 35 44 31 42 6 37 36 21 54 0 33 42 28 25 43 41 39 46 28 
26 42 39 26 21 36 8 38 23 35 35 26 30 41 2 40 38 49 51 21 36 33 0 43 5 33 54 38 18 27 9 
36 36 10 37 25 10 43 8 42 9 12 21 12 4 44 3 42 15 20 26 25 42 43 0 43 17 15 6 28 25 49 
22 38 38 22 24 37 3 38 18 36 36 25 31 41 3 40 34 48 49 19 39 28 5 43 0 31 53 38 21 30 6 
18 20 7 20 24 19 30 9 25 18 21 6 13 19 33 17 24 16 18 12 33 25 33 17 31 0 22 17 26 28 36 
39 33 15 41 39 25 52 15 46 25 28 28 25 20 55 19 40 6 8 34 40 43 54 15 53 22 0 21 42 40 58 
34 37 12 36 19 4 39 10 39 3 6 19 7 3 39 2 42 19 24 23 19 41 38 6 38 17 21 0 22 19 45 
31 42 28 32 3 19 23 27 32 19 17 21 16 24 20 25 43 38 42 18 17 39 18 28 21 26 42 22 0 9 27 
38 47 28 39 6 15 32 26 40 15 12 26 16 20 29 21 49 38 42 25 8 46 27 25 30 28 40 19 9 0 37 
24 40 43 24 30 43 6 43 19 43 42 30 37 48 7 47 35 53 54 24 45 28 9 49 6 36 58 45 27 37 0 
0 404
196 276
110 190
315 395
16 96
305 385
94 174
302 382
60 140
250 330
196 276
70 150
246 326
61 141
156 236
111 191
161 241
185 265
281 361
61 141
112 192
303 383
209 289
212 292
284 364
35 115
209 289
202 282
112 192
285 365
207 287
