31
0 13 5 39 25 10 24 24 20 22 40 44 37 20 33 34 24 13 28 21 28 22 25 30 30 32 36 17 9 21 12 
13 0 14 52 37 22 34 28 32 31 52 57 49 15 42 42 33 14 38 32 41 24 26 44 44 45 49 27 21 34 24 
5 14 0 38 22 13 28 19 23 18 37 42 34 17 28 29 19 9 24 25 26 17 19 31 31 30 35 13 6 21 9 
39 52 38 0 18 33 37 40 28 28 8 5 9 52 22 31 27 44 22 36 12 43 45 15 14 7 3 29 32 19 28 
25 37 22 18 0 23 34 22 25 10 15 21 12 35 9 16 9 27 5 32 5 24 26 21 20 11 16 11 16 13 13 
10 22 13 33 23 0 15 31 10 25 35 38 33 30 32 36 25 23 28 12 25 29 32 21 21 26 29 20 12 14 13 
24 34 28 37 34 15 0 46 9 39 42 42 41 45 44 50 39 38 40 2 33 45 48 21 22 31 33 34 28 21 27 
24 28 19 40 22 31 46 0 39 12 36 43 33 17 21 16 13 14 19 43 28 4 4 41 40 34 39 13 18 31 19 
20 32 23 28 25 10 9 39 0 30 33 34 31 40 35 41 30 32 30 7 24 38 41 14 14 22 25 26 20 12 19 
22 31 18 28 10 25 39 12 30 0 24 31 21 25 11 11 1 19 7 36 15 14 16 30 29 22 27 5 13 21 12 
40 52 37 8 15 35 42 36 33 24 0 8 3 50 16 24 23 42 17 41 11 39 40 22 21 10 10 26 31 22 28 
44 57 42 5 21 38 42 43 34 31 8 0 10 56 24 32 30 48 24 41 16 46 48 20 20 12 8 33 36 24 33 
37 49 34 9 12 33 41 33 31 21 3 10 0 47 13 21 20 39 14 39 8 36 37 21 20 9 10 23 28 20 25 
20 15 17 52 35 30 45 17 40 25 50 56 47 0 36 33 27 8 33 42 39 13 13 48 48 45 50 23 21 38 24 
33 42 28 22 9 32 44 21 35 11 16 24 13 36 0 8 9 30 4 42 12 24 25 30 29 19 22 15 23 23 20 
34 42 29 31 16 36 50 16 41 11 24 32 21 33 8 0 10 28 10 47 20 20 20 37 36 27 30 16 25 29 23 
24 33 19 27 9 25 39 13 30 1 23 30 20 27 9 10 0 20 6 37 14 15 17 29 29 21 26 6 14 20 12 
13 14 9 44 27 23 38 14 32 19 42 48 39 8 30 28 20 0 26 35 31 10 12 39 39 37 42 15 13 29 16 
28 38 24 22 5 28 40 19 30 7 17 24 14 33 4 10 6 26 0 37 10 22 23 26 26 16 21 11 18 19 16 
21 32 25 36 32 12 2 43 7 36 41 41 39 42 42 47 37 35 37 0 32 42 45 20 21 30 32 32 25 19 25 
28 41 26 12 5 25 33 28 24 15 11 16 8 39 12 20 14 31 10 32 0 30 32 17 16 6 11 16 20 12 17 
22 24 17 43 24 29 45 4 38 14 39 46 36 13 24 20 15 10 22 42 30 0 2 42 41 36 41 14 17 31 18 
25 26 19 45 26 32 48 4 41 16 40 48 37 13 25 20 17 12 23 45 32 2 0 44 44 38 43 16 20 34 21 
30 44 31 15 21 21 21 41 14 30 22 20 21 48 30 37 29 39 26 20 17 42 44 0 0 12 12 28 26 10 23 
30 44 31 14 20 21 22 40 14 29 21 20 20 48 29 36 29 39 26 21 16 41 44 0 0 11 11 27 26 10 23 
32 45 30 7 11 26 31 34 22 22 10 12 9 45 19 27 21 37 16 30 6 36 38 12 11 0 4 22 24 11 21 
36 49 35 3 16 29 33 39 25 27 10 8 10 50 22 30 26 42 21 32 11 41 43 12 11 4 0 27 29 15 26 
17 27 13 29 11 20 34 13 26 5 26 33 23 23 15 16 6 15 11 32 16 14 16 28 27 22 27 0 8 18 7 
9 21 6 32 16 12 28 18 20 13 31 36 28 21 23 25 14 13 18 25 20 17 20 26 26 24 29 8 0 16 3 
21 34 21 19 13 14 21 31 12 21 22 24 20 38 23 29 20 29 19 19 12 31 34 10 10 11 15 18 16 0 13 
12 24 9 28 13 13 27 19 19 12 28 33 25 24 20 23 12 16 16 25 17 18 21 23 23 21 26 7 3 13 0 
0 234
120 166
7 53
124 170
151 197
35 81
70 116
39 85
85 131
48 94
156 202
92 138
32 78
126 172
76 122
52 98
14 60
128 174
172 218
20 66
73 119
69 115
128 174
65 111
142 188
27 73
158 204
131 177
11 57
144 190
37 83
