31
0 33 30 38 38 42 32 24 11 36 26 39 39 49 47 34 32 48 33 47 35 21 33 41 45 40 48 31 35 32 49 
33 0 17 22 14 23 10 8 27 20 16 19 25 35 14 4 17 15 5 16 26 27 26 26 15 26 14 28 19 25 18 
30 17 0 9 10 40 6 14 19 6 3 35 10 52 27 21 2 27 22 21 9 35 39 42 32 42 29 41 35 38 34 
38 22 9 0 9 46 12 22 27 2 12 42 2 58 29 27 6 28 28 19 6 44 47 49 36 49 30 49 42 46 37 
38 14 10 9 0 37 6 17 29 7 12 33 11 50 19 18 8 19 19 11 15 39 40 40 27 41 21 43 34 40 28 
42 23 40 46 37 0 34 26 43 43 38 4 48 12 25 18 41 26 18 35 49 23 12 4 15 5 23 16 7 13 18 
32 10 6 12 6 34 0 11 23 9 7 29 14 46 21 15 7 20 16 15 15 33 35 36 25 36 22 37 30 34 27 
24 8 14 22 17 26 11 0 19 19 11 22 24 37 23 10 16 23 10 23 23 22 25 28 23 28 23 26 20 24 26 
11 27 19 27 29 43 23 19 0 26 16 39 28 52 42 30 22 42 30 39 23 27 37 43 42 42 42 36 36 35 45 
36 20 6 2 7 43 9 19 26 0 10 39 4 56 27 24 4 26 25 17 7 42 44 46 34 46 28 46 39 44 35 
26 16 3 12 12 38 7 11 16 10 0 33 14 49 28 20 6 28 20 23 12 32 36 39 31 39 29 38 32 35 34 
39 19 35 42 33 4 29 22 39 39 33 0 44 16 22 14 36 23 13 32 44 21 12 7 12 7 21 16 5 12 16 
39 25 10 2 11 48 14 24 28 4 14 44 0 60 31 29 8 30 30 20 6 46 49 51 38 51 32 51 44 48 39 
49 35 52 58 50 12 46 37 52 56 49 16 60 0 37 31 53 38 30 48 61 27 15 9 26 9 36 18 17 17 29 
47 14 27 29 19 25 21 23 42 27 28 22 31 37 0 13 27 0 15 12 34 38 33 29 10 30 1 37 26 33 9 
34 4 21 27 18 18 15 10 30 24 20 14 29 31 13 0 22 14 1 19 30 25 22 22 12 22 13 25 15 22 15 
32 17 2 6 8 41 7 16 22 4 6 36 8 53 27 22 0 27 23 19 8 38 41 43 32 43 28 43 36 40 34 
48 15 27 28 19 26 20 23 42 26 28 23 30 38 0 14 27 0 15 11 34 39 34 30 11 31 2 38 26 34 10 
33 5 22 28 19 18 16 10 30 25 20 13 30 30 15 1 23 15 0 20 31 24 21 21 12 21 14 24 14 21 15 
47 16 21 19 11 35 15 23 39 17 23 32 20 48 12 19 19 11 20 0 25 44 41 39 22 40 13 45 34 41 21 
35 26 9 6 15 49 15 23 23 7 12 44 6 61 34 30 8 34 31 25 0 44 48 51 41 51 36 50 44 48 42 
21 27 35 44 39 23 33 22 27 42 32 21 46 27 38 25 38 39 24 44 44 0 12 20 32 19 38 9 16 10 36 
33 26 39 47 40 12 35 25 37 44 36 12 49 15 33 22 41 34 21 41 48 12 0 8 24 8 32 4 7 1 28 
41 26 42 49 40 4 36 28 43 46 39 7 51 9 29 22 43 30 21 39 51 20 8 0 19 0 28 13 7 10 22 
45 15 32 36 27 15 25 23 42 34 31 12 38 26 10 12 32 11 12 22 41 32 24 19 0 20 9 28 17 25 3 
40 26 42 49 41 5 36 28 42 46 39 7 51 9 30 22 43 31 21 40 51 19 8 0 20 0 28 12 7 9 23 
48 14 29 30 21 23 22 23 42 28 29 21 32 36 1 13 28 2 14 13 36 38 32 28 9 28 0 36 24 32 7 
31 28 41 49 43 16 37 26 36 46 38 16 51 18 37 25 43 38 24 45 50 9 4 13 28 12 36 0 11 3 32 
35 19 35 42 34 7 30 20 36 39 32 5 44 17 26 15 36 26 14 34 44 16 7 7 17 7 24 11 0 7 21 
32 25 38 46 40 13 34 24 35 44 35 12 48 17 33 22 40 34 21 41 48 10 1 10 25 9 32 3 7 0 28 
49 18 34 37 28 18 27 26 45 35 34 16 39 29 9 15 34 10 15 21 42 36 28 22 3 23 7 32 21 28 0 
0 617
140 448
292 600
146 454
1 309
79 387
3 311
115 423
35 343
249 557
0 308
296 604
214 522
271 579
218 526
73 381
263 571
299 607
136 444
76 384
108 416
85 393
145 453
127 435
112 420
245 553
179 487
302 610
22 330
81 389
135 443
