31
0 19 10 4 33 17 11 30 33 13 26 32 8 20 40 18 26 33 32 23 25 42 10 20 35 9 32 24 39 22 12 
19 0 15 17 35 30 17 36 37 6 21 20 28 27 33 36 42 36 41 30 44 55 19 38 38 20 30 44 46 37 9 
10 15 0 12 24 15 1 23 25 10 15 22 16 13 29 28 27 24 27 16 33 39 3 23 26 18 22 32 32 22 13 
4 17 12 0 37 22 13 34 37 12 28 32 12 24 42 18 30 36 36 27 27 46 13 25 38 5 35 27 43 26 8 
33 35 24 37 0 20 23 7 3 32 15 23 34 13 16 48 29 2 15 11 47 29 23 30 3 42 7 46 14 26 38 
17 30 15 22 20 0 13 14 19 25 22 32 14 8 33 28 12 19 14 9 26 24 11 10 20 27 23 25 21 8 27 
11 17 1 13 23 13 0 21 23 11 15 22 15 11 29 28 25 23 25 15 32 38 2 21 25 19 21 32 31 21 15 
30 36 23 34 7 14 21 0 4 32 18 28 29 9 23 43 22 5 8 6 40 22 20 23 6 39 13 40 10 19 36 
33 37 25 37 3 19 23 4 0 33 17 26 33 12 20 47 27 1 12 10 45 25 23 28 1 42 10 44 11 24 38 
13 6 10 12 32 25 11 32 33 0 20 21 22 23 33 30 36 33 37 26 38 49 13 32 35 16 28 38 42 32 6 
26 21 15 28 15 22 15 18 17 20 0 10 30 14 14 44 35 16 26 16 47 40 17 33 18 33 8 46 28 30 26 
32 20 22 32 23 32 22 28 26 21 10 0 38 24 13 50 44 25 36 26 55 50 24 42 26 37 16 54 37 40 28 
8 28 16 12 34 14 15 29 33 22 30 38 0 20 44 14 18 33 28 22 17 35 13 13 34 15 34 16 36 15 21 
20 27 13 24 13 8 11 9 12 23 14 24 20 0 25 34 20 12 14 3 34 27 10 18 14 29 15 33 19 15 27 
40 33 29 42 16 33 29 23 20 33 14 13 44 25 0 57 45 19 32 25 59 46 30 44 19 47 10 59 31 41 39 
18 36 28 18 48 28 28 43 47 30 44 50 14 34 57 0 28 47 41 36 12 46 27 23 49 16 48 12 49 26 27 
26 42 27 30 29 12 25 22 27 36 35 44 18 20 45 28 0 27 16 19 20 17 23 5 28 34 34 20 23 4 37 
33 36 24 36 2 19 23 5 1 33 16 25 33 12 19 47 27 0 13 10 45 27 23 28 2 42 9 45 12 24 38 
32 41 27 36 15 14 25 8 12 37 26 36 28 14 32 41 16 13 0 11 36 14 24 18 13 41 22 35 7 15 40 
23 30 16 27 11 9 15 6 10 26 16 26 22 3 25 36 19 10 11 0 35 25 14 19 12 32 14 35 16 15 30 
25 44 33 27 47 26 32 40 45 38 47 55 17 34 59 12 20 45 36 35 0 37 30 17 47 27 49 0 44 21 36 
42 55 39 46 29 24 38 22 25 49 40 50 35 27 46 46 17 27 14 25 37 0 36 23 26 50 36 37 15 20 52 
10 19 3 13 23 11 2 20 23 13 17 24 13 10 30 27 23 23 24 14 30 36 0 19 25 19 22 30 30 18 16 
20 38 23 25 30 10 21 23 28 32 33 42 13 18 44 23 5 28 18 19 17 23 19 0 29 28 33 16 26 3 32 
35 38 26 38 3 20 25 6 1 35 18 26 34 14 19 49 28 2 13 12 47 26 25 29 0 44 10 46 11 25 40 
9 20 18 5 42 27 19 39 42 16 33 37 15 29 47 16 34 42 41 32 27 50 19 28 44 0 40 26 48 30 11 
32 30 22 35 7 23 21 13 10 28 8 16 34 15 10 48 34 9 22 14 49 36 22 33 10 40 0 49 22 30 34 
24 44 32 27 46 25 32 40 44 38 46 54 16 33 59 12 20 45 35 35 0 37 30 16 46 26 49 0 43 20 36 
39 46 32 43 14 21 31 10 11 42 28 37 36 19 31 49 23 12 7 16 44 15 30 26 11 48 22 43 0 22 46 
22 37 22 26 26 8 21 19 24 32 30 40 15 15 41 26 4 24 15 15 21 20 18 3 25 30 30 20 22 0 33 
12 9 13 8 38 27 15 36 38 6 26 28 21 27 39 27 37 38 40 30 36 52 16 32 40 11 34 36 46 33 0 
0 425
37 249
48 260
142 354
190 402
189 401
31 243
74 286
96 308
145 357
67 279
93 305
17 229
23 235
85 297
18 230
189 401
57 269
69 281
159 371
128 340
194 406
32 244
78 290
205 417
161 373
210 422
116 328
177 389
143 355
95 307
