31
0 46 53 46 20 39 41 29 36 62 42 35 40 56 40 59 44 29 14 58 37 4 40 35 46 6 19 15 23 29 47 
46 0 25 1 32 45 39 30 17 27 36 19 35 22 31 26 32 24 33 22 8 42 8 18 39 40 41 32 30 38 18 
53 25 0 26 33 31 23 24 40 10 19 18 19 6 16 7 14 23 38 8 26 51 32 18 20 46 39 45 30 30 43 
46 1 26 0 33 46 40 31 16 28 37 21 36 23 32 28 33 25 34 23 8 42 7 20 41 41 42 32 30 39 16 
20 32 33 33 0 22 22 9 30 43 22 16 21 37 20 40 24 10 6 39 24 18 30 16 27 13 9 18 3 12 40 
39 45 31 46 22 0 7 16 50 41 11 25 11 37 15 37 16 23 28 39 39 39 47 26 12 33 19 41 21 10 59 
41 39 23 40 22 7 0 13 46 33 3 19 4 29 8 29 8 19 28 31 34 41 42 20 5 34 22 41 20 11 54 
29 30 24 31 9 16 13 0 34 35 13 10 11 29 10 31 14 6 16 31 23 28 31 11 18 23 14 27 7 8 42 
36 17 40 16 30 50 46 34 0 44 44 27 43 38 39 43 42 27 28 38 13 32 8 26 49 33 39 21 30 41 10 
62 27 10 28 43 41 33 35 44 0 30 27 30 6 27 3 25 33 48 5 31 60 35 27 30 56 49 53 40 41 44 
42 36 19 37 22 11 3 13 44 30 0 17 1 26 5 26 4 18 29 28 32 41 40 18 4 35 24 40 20 13 51 
35 19 18 21 16 25 19 10 27 27 17 0 16 21 12 24 15 6 20 23 14 32 22 1 22 28 23 27 13 19 34 
40 35 19 36 21 11 4 11 43 30 1 16 0 26 3 26 5 16 27 28 30 39 38 17 6 34 22 38 18 12 50 
56 22 6 23 37 37 29 29 38 6 26 21 26 0 22 4 21 27 42 1 25 54 30 21 27 50 44 47 34 36 40 
40 31 16 32 20 15 8 10 39 27 5 12 3 22 0 23 3 13 26 24 27 39 35 13 9 33 23 37 17 14 46 
59 26 7 28 40 37 29 31 43 3 26 24 26 4 23 0 21 30 45 5 29 57 35 24 26 53 46 51 37 37 44 
44 32 14 33 24 16 8 14 42 25 4 15 5 21 3 21 0 17 30 23 29 43 37 16 7 37 27 40 21 17 48 
29 24 23 25 10 23 19 6 27 33 18 6 16 27 13 30 17 0 14 29 17 27 24 6 23 22 18 23 7 15 36 
14 33 38 34 6 28 28 16 28 48 29 20 27 42 26 45 30 14 0 43 25 12 30 21 34 8 11 13 9 18 39 
58 22 8 23 39 39 31 31 38 5 28 23 28 1 24 5 23 29 43 0 25 55 30 22 29 51 46 48 35 38 39 
37 8 26 8 24 39 34 23 13 31 32 14 30 25 27 29 29 17 25 25 0 34 8 13 36 32 33 24 22 32 19 
4 42 51 42 18 39 41 28 32 60 41 32 39 54 39 57 43 27 12 55 34 0 36 33 46 6 19 11 21 29 43 
40 8 32 7 30 47 42 31 8 35 40 22 38 30 35 35 37 24 30 30 8 36 0 21 44 36 39 26 29 39 11 
35 18 18 20 16 26 20 11 26 27 18 1 17 21 13 24 16 6 21 22 13 33 21 0 22 29 24 27 13 20 33 
46 39 20 41 27 12 5 18 49 30 4 22 6 27 9 26 7 23 34 29 36 46 44 22 0 40 28 45 25 17 56 
6 40 46 41 13 33 34 23 33 56 35 28 34 50 33 53 37 22 8 51 32 6 36 29 40 0 13 13 16 23 44 
19 41 39 42 9 19 22 14 39 49 24 23 22 44 23 46 27 18 11 46 33 19 39 24 28 13 0 24 11 10 49 
15 32 45 32 18 41 41 27 21 53 40 27 38 47 37 51 40 23 13 48 24 11 26 27 45 13 24 0 20 31 31 
23 30 30 30 3 21 20 7 30 40 20 13 18 34 17 37 21 7 9 35 22 21 29 13 25 16 11 20 0 11 39 
29 38 30 39 12 10 11 8 41 41 13 19 12 36 14 37 17 15 18 38 32 29 39 20 17 23 10 31 11 0 50 
47 18 43 16 40 59 54 42 10 44 51 34 50 40 46 44 48 36 39 39 19 43 11 33 56 44 49 31 39 50 0 
0 532
220 379
35 194
219 378
199 358
163 322
130 289
70 229
291 450
46 205
336 495
153 312
195 354
333 492
349 508
26 185
220 379
47 206
365 524
351 510
64 223
294 453
235 394
104 263
351 510
368 527
318 477
321 480
331 490
197 356
109 268
