31
0 31 11 13 27 35 10 13 11 11 11 22 27 29 8 30 37 22 27 25 21 40 20 42 47 26 45 15 8 33 16 
31 0 43 35 17 11 20 25 20 33 31 38 36 37 24 17 21 9 44 43 37 30 20 36 29 31 34 16 33 52 22 
11 43 0 15 38 46 22 22 22 17 17 24 31 33 19 40 47 34 27 24 24 48 30 48 56 32 53 27 14 30 26 
13 35 15 0 24 35 17 10 15 24 4 9 15 17 19 27 33 27 14 12 8 32 30 32 41 16 37 23 21 20 27 
27 17 38 24 0 11 19 15 17 35 21 23 20 21 25 2 9 17 30 29 22 14 29 19 19 15 19 20 33 37 28 
35 11 46 35 11 0 25 24 24 40 31 34 31 32 30 9 10 17 41 40 34 20 30 26 18 25 23 23 39 48 31 
10 20 22 17 19 25 0 10 2 16 13 23 26 28 5 21 29 11 30 28 22 33 14 36 39 23 38 5 14 37 11 
13 25 22 10 15 24 10 0 8 24 6 13 15 17 15 17 24 18 20 19 12 26 24 28 33 13 31 15 21 27 22 
11 20 22 15 17 24 2 8 0 18 12 21 23 25 7 19 27 12 28 26 20 31 16 34 37 21 36 7 16 35 13 
11 33 17 24 35 40 16 24 18 0 23 34 38 40 10 37 45 23 39 36 33 49 15 52 55 37 54 17 3 44 11 
11 31 17 4 21 31 13 6 12 23 0 11 15 17 16 24 30 23 17 15 10 30 27 31 39 15 35 19 19 23 24 
22 38 24 9 23 34 23 13 21 34 11 0 7 8 27 25 30 32 7 5 1 26 38 25 36 10 31 29 30 14 35 
27 36 31 15 20 31 26 15 23 38 15 7 0 2 30 21 24 32 10 10 7 20 40 18 30 5 24 30 35 17 37 
29 37 33 17 21 32 28 17 25 40 17 8 2 0 32 22 25 34 11 11 8 19 42 17 30 6 23 32 37 16 39 
8 24 19 19 25 30 5 15 7 10 16 27 30 32 0 27 35 14 33 31 26 39 12 42 44 28 44 7 8 39 8 
30 17 40 27 2 9 21 17 19 37 24 25 21 22 27 0 7 18 31 31 25 13 30 19 17 16 18 22 35 38 30 
37 21 47 33 9 10 29 24 27 45 30 30 24 25 35 7 0 25 35 35 29 9 37 15 9 19 12 29 43 41 37 
22 9 34 27 17 17 11 18 12 23 23 32 32 34 14 18 25 0 39 37 31 32 12 37 35 28 37 7 23 46 13 
27 44 27 14 30 41 30 20 28 39 17 7 10 11 33 31 35 39 0 2 7 30 44 28 41 15 34 36 35 7 41 
25 43 24 12 29 40 28 19 26 36 15 5 10 11 31 31 35 37 2 0 6 31 42 29 41 15 35 33 33 8 39 
21 37 24 8 22 34 22 12 20 33 10 1 7 8 26 25 29 31 7 6 0 26 37 25 36 10 31 28 29 15 34 
40 30 48 32 14 20 33 26 31 49 30 26 20 19 39 13 9 32 30 31 26 0 44 6 10 16 5 35 46 36 43 
20 20 30 30 29 30 14 24 16 15 27 38 40 42 12 30 37 12 44 42 37 44 0 48 47 37 49 9 17 51 4 
42 36 48 32 19 26 36 28 34 52 31 25 18 17 42 19 15 37 28 29 25 6 48 0 15 16 6 39 49 33 47 
47 29 56 41 19 18 39 33 37 55 39 36 30 30 44 17 9 35 41 41 36 10 47 15 0 26 8 39 53 46 47 
26 31 32 16 15 25 23 13 21 37 15 10 5 6 28 16 19 28 15 15 10 16 37 16 26 0 21 27 34 22 35 
45 34 53 37 19 23 38 31 36 54 35 31 24 23 44 18 12 37 34 35 31 5 49 6 8 21 0 40 52 39 48 
15 16 27 23 20 23 5 15 7 17 19 29 30 32 7 22 29 7 36 33 28 35 9 39 39 27 40 0 16 42 8 
8 33 14 21 33 39 14 21 16 3 19 30 35 37 8 35 43 23 35 33 29 46 17 49 53 34 52 16 0 40 12 
33 52 30 20 37 48 37 27 35 44 23 14 17 16 39 38 41 46 7 8 15 36 51 33 46 22 39 42 40 0 47 
16 22 26 27 28 31 11 22 13 11 24 35 37 39 8 30 37 13 41 39 34 43 4 47 47 35 48 8 12 47 0 
0 298
22 111
186 275
97 186
45 134
16 105
63 152
178 267
83 172
129 218
181 270
22 111
180 269
112 201
44 133
75 164
119 208
68 157
172 261
32 121
111 200
138 227
31 120
197 286
135 224
156 245
48 137
58 147
108 197
93 182
32 121
