31
0 13 23 14 18 32 25 11 10 8 40 41 23 37 34 33 25 4 39 26 19 34 36 9 26 14 43 6 11 39 9 
13 0 17 19 7 36 28 11 23 19 33 28 12 30 42 27 34 16 31 18 32 31 41 5 22 27 40 12 24 39 11 
23 17 0 14 22 25 16 28 28 22 17 23 8 14 34 10 30 22 16 4 34 14 30 15 6 32 22 17 30 23 27 
14 19 14 0 26 18 11 24 14 9 29 37 20 26 23 21 16 10 30 19 19 21 23 13 15 18 29 8 16 25 23 
18 7 22 26 0 44 35 11 29 26 37 28 16 35 49 32 41 22 34 23 38 37 49 12 28 32 45 19 30 45 12 
32 36 25 18 44 0 9 43 27 25 30 46 33 27 11 24 14 27 33 29 26 18 5 31 20 30 22 27 29 14 41 
25 28 16 11 35 9 0 35 23 19 24 38 24 21 18 16 16 21 26 20 26 13 14 23 11 27 20 19 26 14 33 
11 11 28 24 11 43 35 0 21 20 44 39 24 42 46 38 37 16 42 30 30 41 47 13 33 24 50 16 21 48 1 
10 23 28 14 29 27 23 21 0 5 43 48 31 40 26 36 17 7 44 32 9 35 30 18 29 4 43 11 2 38 19 
8 19 22 9 26 25 19 20 5 0 38 43 25 35 26 30 17 3 38 27 13 31 28 14 24 9 39 6 7 34 18 
40 33 17 29 37 30 24 44 43 38 0 21 21 3 41 7 41 38 4 14 48 11 35 32 14 48 12 34 46 19 43 
41 28 23 37 28 46 38 39 48 43 21 0 17 21 56 23 53 41 16 18 56 30 52 31 26 53 33 37 50 39 39 
23 12 8 20 16 33 24 24 31 25 21 17 0 19 42 17 37 23 18 7 38 22 39 13 14 35 30 19 32 31 23 
37 30 14 26 35 27 21 42 40 35 3 21 19 0 38 4 38 35 5 12 45 9 32 29 11 44 12 31 43 18 41 
34 42 34 23 49 11 18 46 26 26 41 56 42 38 0 34 9 29 44 38 22 29 7 36 30 27 33 30 28 24 44 
33 27 10 21 32 24 16 38 36 30 7 23 17 4 34 0 33 30 9 9 41 6 29 25 6 40 13 27 38 16 37 
25 34 30 16 41 14 16 37 17 17 41 53 37 38 9 33 0 20 43 34 13 30 14 29 27 17 36 22 18 27 35 
4 16 22 10 22 27 21 16 7 3 38 41 23 35 29 30 20 0 38 26 16 31 31 11 24 11 40 4 9 35 14 
39 31 16 30 34 33 26 42 44 38 4 16 18 5 44 9 43 38 0 12 49 14 38 30 15 48 17 34 46 23 41 
26 18 4 19 23 29 20 30 32 27 14 18 7 12 38 9 34 26 12 0 39 15 34 17 8 36 22 21 34 24 29 
19 32 34 19 38 26 26 30 9 13 48 56 38 45 22 41 13 16 49 39 0 39 27 27 34 6 46 20 8 39 28 
34 31 14 21 37 18 13 41 35 31 11 30 22 9 29 6 30 31 14 15 39 0 23 28 8 39 8 28 38 9 40 
36 41 30 23 49 5 14 47 30 28 35 52 39 32 7 29 14 31 38 34 27 23 0 36 25 32 26 31 32 17 45 
9 5 15 13 12 31 23 13 18 14 32 31 13 29 36 25 29 11 30 17 27 28 36 0 19 22 37 7 20 35 11 
26 22 6 15 28 20 11 33 29 24 14 26 14 11 30 6 27 24 15 8 34 8 25 19 0 33 17 20 31 16 31 
14 27 32 18 32 30 27 24 4 9 48 53 35 44 27 40 17 11 48 36 6 39 32 22 33 0 47 15 2 41 22 
43 40 22 29 45 22 20 50 43 39 12 33 30 12 33 13 36 40 17 22 46 8 26 37 17 47 0 37 46 9 49 
6 12 17 8 19 27 19 16 11 6 34 37 19 31 30 27 22 4 34 21 20 28 31 7 20 15 37 0 13 33 14 
11 24 30 16 30 29 26 21 2 7 46 50 32 43 28 38 18 9 46 34 8 38 32 20 31 2 46 13 0 40 19 
39 39 23 25 45 14 14 48 38 34 19 39 31 18 24 16 27 35 23 24 39 9 17 35 16 41 9 33 40 0 46 
9 11 27 23 12 41 33 1 19 18 43 39 23 41 44 37 35 14 41 29 28 40 45 11 31 22 49 14 19 46 0 
0 383
207 245
319 357
337 375
41 79
299 337
176 214
142 180
297 335
169 207
191 229
21 59
251 289
156 194
257 295
121 159
224 262
126 164
141 179
137 175
338 376
319 357
90 128
190 228
242 280
4 42
43 81
240 278
135 173
19 57
236 274
