31
0 31 28 27 19 28 22 16 14 27 9 26 8 37 31 36 38 5 27 17 27 33 24 7 23 15 27 34 25 24 11 
31 0 12 13 51 34 19 44 24 31 23 24 24 6 22 10 6 26 26 16 9 36 40 39 17 16 13 12 30 12 35 
28 12 0 22 47 23 25 36 16 19 23 31 19 16 10 8 14 23 14 19 18 43 30 36 6 15 1 5 18 20 28 
27 13 22 0 44 41 6 42 27 38 17 10 23 16 32 24 19 22 34 9 4 22 44 33 24 15 23 25 36 3 35 
19 51 47 44 0 41 38 18 32 42 27 39 28 56 49 56 57 24 44 36 45 41 34 11 42 34 46 53 40 42 22 
28 34 23 41 41 0 41 24 15 3 31 46 23 40 15 30 38 27 8 33 38 57 10 32 17 26 21 26 4 38 19 
22 19 25 6 38 41 0 38 25 38 13 5 20 22 34 29 25 18 35 7 9 18 42 28 25 14 26 29 36 6 31 
16 44 36 42 18 24 38 0 20 25 25 42 20 50 35 45 49 20 28 33 41 49 16 14 30 28 35 42 24 39 8 
14 24 16 27 32 15 25 20 0 13 15 31 7 30 17 25 30 11 13 18 24 42 17 21 10 11 15 22 11 24 11 
27 31 19 38 42 3 38 25 13 0 28 44 21 36 12 27 34 25 5 30 34 55 12 32 14 23 17 23 1 35 19 
9 23 23 17 27 31 13 25 15 28 0 17 8 28 29 30 30 5 27 8 17 26 30 16 20 8 22 28 27 14 18 
26 24 31 10 39 46 5 42 31 44 17 0 25 26 40 34 29 22 41 13 14 12 47 30 31 20 31 35 42 11 36 
8 24 19 23 28 23 20 20 7 21 8 25 0 30 23 28 30 4 20 13 21 35 22 16 15 8 18 25 19 19 12 
37 6 16 16 56 40 22 50 30 36 28 26 30 0 26 12 3 32 31 21 13 38 46 45 22 22 18 15 35 16 41 
31 22 10 32 49 15 34 35 17 12 29 40 23 26 0 15 23 27 7 27 28 52 24 38 9 21 8 11 12 29 27 
36 10 8 24 56 30 29 45 25 27 30 34 28 12 15 0 8 31 21 24 20 47 38 44 15 22 10 4 26 23 37 
38 6 14 19 57 38 25 49 30 34 30 29 30 3 23 8 0 32 29 23 15 41 44 45 20 23 16 12 33 19 41 
5 26 23 22 24 27 18 20 11 25 5 22 4 32 27 31 32 0 24 12 21 31 25 13 19 9 22 29 23 19 13 
27 26 14 34 44 8 35 28 13 5 27 41 20 31 7 21 29 24 0 28 31 53 17 33 10 21 13 17 5 31 21 
17 16 19 9 36 33 7 33 18 30 8 13 13 21 27 24 23 12 28 0 9 25 35 24 18 7 19 24 29 6 25 
27 9 18 4 45 38 9 41 24 34 17 14 21 13 28 20 15 21 31 9 0 26 41 34 20 13 19 21 33 3 33 
33 36 43 22 41 57 18 49 42 55 26 12 35 38 52 47 41 31 53 25 26 0 57 35 43 31 44 47 53 23 44 
24 40 30 44 34 10 42 16 17 12 30 47 22 46 24 38 44 25 17 35 41 57 0 27 23 28 28 34 12 41 13 
7 39 36 33 11 32 28 14 21 32 16 30 16 45 38 44 45 13 33 24 34 35 27 0 30 22 35 41 30 31 13 
23 17 6 24 42 17 25 30 10 14 20 31 15 22 9 15 20 19 10 18 20 43 23 30 0 12 4 11 13 21 22 
15 16 15 15 34 26 14 28 11 23 8 20 8 22 21 22 23 9 21 7 13 31 28 22 12 0 14 20 22 12 19 
27 13 1 23 46 21 26 35 15 17 22 31 18 18 8 10 16 22 13 19 19 44 28 35 4 14 0 7 17 21 26 
34 12 5 25 53 26 29 42 22 23 28 35 25 15 11 4 12 29 17 24 21 47 34 41 11 20 7 0 22 23 33 
25 30 18 36 40 4 36 24 11 1 27 42 19 35 12 26 33 23 5 29 33 53 12 30 13 22 17 22 0 33 17 
24 12 20 3 42 38 6 39 24 35 14 11 19 16 29 23 19 19 31 6 3 23 41 31 21 12 21 23 33 0 31 
11 35 28 35 22 19 31 8 11 19 18 36 12 41 27 37 41 13 21 25 33 44 13 13 22 19 26 33 17 31 0 
0 276
210 237
229 256
2 29
19 46
0 27
103 130
155 182
235 262
230 257
9 36
201 228
6 33
102 129
206 233
115 142
14 41
27 54
241 268
138 165
227 254
140 167
125 152
22 49
166 193
119 146
228 255
143 170
69 96
233 260
226 253
