31
0 24 14 23 37 33 28 38 33 30 11 13 20 27 25 33 30 26 24 6 24 38 19 6 2 44 43 9 28 40 19 
24 0 15 48 38 31 49 48 50 41 13 33 30 26 49 40 51 1 45 21 48 57 6 18 26 44 60 23 51 42 42 
14 15 0 35 26 20 34 34 35 26 12 18 14 14 35 26 36 17 30 8 35 41 9 10 15 33 44 8 37 30 27 
23 48 35 0 47 46 15 39 25 32 35 18 30 42 7 39 18 49 13 27 1 25 43 30 21 53 32 26 8 49 11 
37 38 26 47 0 6 37 17 30 17 39 30 18 12 42 10 36 38 36 31 47 36 32 36 36 6 36 28 44 3 36 
33 31 20 46 6 0 37 22 32 19 33 28 15 6 42 13 37 32 35 26 46 39 25 30 32 13 39 24 44 10 35 
28 49 34 15 37 37 0 24 10 19 39 15 23 35 7 27 3 51 4 28 14 11 43 33 25 41 17 26 8 37 8 
38 48 34 39 17 22 24 0 15 8 45 26 19 24 32 8 23 50 25 34 38 20 42 39 36 18 18 30 33 16 27 
33 50 35 25 30 32 10 15 0 12 43 19 21 31 18 20 8 52 12 31 24 7 44 36 30 33 9 28 19 30 16 
30 41 26 32 17 19 19 8 12 0 37 17 11 19 26 7 19 43 19 25 31 19 35 31 27 21 20 22 27 18 20 
11 13 12 35 39 33 39 45 43 37 0 23 25 27 37 38 41 15 35 11 35 48 11 6 14 46 53 15 39 43 31 
13 33 18 18 30 28 15 26 19 17 23 0 12 23 16 23 18 35 11 12 18 24 27 17 11 36 29 10 18 32 8 
20 30 14 30 18 15 23 19 21 11 25 12 0 11 26 13 24 31 20 15 30 28 23 20 18 24 30 11 29 20 19 
27 26 14 42 12 6 35 24 31 19 27 23 11 0 38 15 35 27 32 20 41 38 20 24 26 18 39 18 40 16 31 
25 49 35 7 42 42 7 32 18 26 37 16 26 38 0 33 10 50 6 27 6 18 43 31 23 47 24 26 2 44 7 
33 40 26 39 10 13 27 8 20 7 38 23 13 15 33 0 26 41 27 28 38 26 34 34 32 13 26 24 35 10 28 
30 51 36 18 36 37 3 23 8 19 41 18 24 35 10 26 0 53 7 30 17 7 45 35 28 40 14 27 10 37 11 
26 1 17 49 38 32 51 50 52 43 15 35 31 27 50 41 53 0 47 22 50 58 7 19 28 44 62 25 52 42 43 
24 45 30 13 36 35 4 25 12 19 35 11 20 32 6 27 7 47 0 24 12 14 39 29 21 40 20 22 8 37 4 
6 21 8 27 31 26 28 34 31 25 11 12 15 20 27 28 30 22 24 0 27 37 15 5 6 38 41 3 30 34 20 
24 48 35 1 47 46 14 38 24 31 35 18 30 41 6 38 17 50 12 27 0 24 43 30 21 52 30 26 6 48 10 
38 57 41 25 36 39 11 20 7 19 48 24 28 38 18 26 7 58 14 37 24 0 50 42 35 39 6 34 17 36 19 
19 6 9 43 32 25 43 42 44 35 11 27 23 20 43 34 45 7 39 15 43 50 0 13 21 38 54 17 45 36 36 
6 18 10 30 36 30 33 39 36 31 6 17 20 24 31 34 35 19 29 5 30 42 13 0 8 42 46 9 33 39 25 
2 26 15 21 36 32 25 36 30 27 14 11 18 26 23 32 28 28 21 6 21 35 21 8 0 43 40 8 25 39 16 
44 44 33 53 6 13 41 18 33 21 46 36 24 18 47 13 40 44 40 38 52 39 38 42 43 0 37 34 49 3 41 
43 60 44 32 36 39 17 18 9 20 53 29 30 39 24 26 14 62 20 41 30 6 54 46 40 37 0 38 24 35 25 
9 23 8 26 28 24 26 30 28 22 15 10 11 18 26 24 27 25 22 3 26 34 17 9 8 34 38 0 28 31 18 
28 51 37 8 44 44 8 33 19 27 39 18 29 40 2 35 10 52 8 30 6 17 45 33 25 49 24 28 0 45 9 
40 42 30 49 3 10 37 16 30 18 43 32 20 16 44 10 37 42 37 34 48 36 36 39 39 3 35 31 45 0 38 
19 42 27 11 36 35 8 27 16 20 31 8 19 31 7 28 11 43 4 20 10 19 36 25 16 41 25 18 9 38 0 
0 383
247 361
242 356
53 167
124 238
267 381
83 197
171 285
22 136
68 182
218 332
218 332
255 369
133 247
224 338
62 176
98 212
19 133
14 128
204 318
222 336
120 234
12 126
116 230
118 232
263 377
170 284
80 194
37 151
37 151
121 235
