31
0 38 10 46 21 13 46 28 40 24 36 17 18 37 12 21 35 38 33 16 21 48 9 50 39 40 16 18 22 15 7 
38 0 28 28 46 25 31 10 19 47 5 35 21 32 43 27 13 10 11 45 17 10 35 17 31 11 27 20 17 31 39 
10 28 0 37 23 3 37 18 30 25 26 14 8 29 17 17 25 29 22 19 11 38 9 40 31 29 11 9 13 9 13 
46 28 37 0 40 34 4 29 9 39 33 32 36 13 43 48 16 38 19 42 29 34 38 44 10 16 44 35 36 32 51 
21 46 23 40 0 25 37 37 37 2 47 11 31 27 9 41 37 51 37 5 30 56 14 62 30 42 35 32 36 16 29 
13 25 3 34 25 0 35 14 27 26 23 14 6 27 19 17 22 26 19 21 7 35 11 38 29 26 12 7 11 9 16 
46 31 37 4 37 35 0 31 12 35 36 30 37 10 41 49 19 42 22 40 30 38 36 48 7 20 45 36 38 31 50 
28 10 18 29 37 14 31 0 20 38 9 26 10 28 33 19 13 13 9 35 7 20 25 24 28 15 17 9 7 21 28 
40 19 30 9 37 27 12 20 0 37 24 28 27 14 39 39 7 29 10 39 20 26 32 36 12 8 36 27 27 26 43 
24 47 25 39 2 26 35 38 37 0 48 12 33 25 12 43 37 52 37 8 31 57 17 63 28 42 37 33 38 17 31 
36 5 26 33 47 23 36 9 24 48 0 35 18 35 43 22 17 5 14 45 17 11 34 14 34 17 23 17 14 31 36 
17 35 14 32 11 14 30 26 28 12 35 0 21 20 11 32 26 39 25 11 18 45 7 50 23 31 26 21 25 5 24 
18 21 8 36 31 6 37 10 27 33 18 21 0 31 25 12 21 20 18 28 7 30 17 32 32 24 8 0 5 16 18 
37 32 29 13 27 27 10 28 14 25 35 20 31 0 31 44 18 41 21 30 24 40 27 49 2 22 39 31 33 22 42 
12 43 17 43 9 19 41 33 39 12 43 11 25 31 0 33 36 46 35 3 26 53 8 57 34 41 27 26 30 13 19 
21 27 17 48 41 17 49 19 39 43 22 32 12 44 33 0 32 21 29 36 19 33 26 32 44 35 5 13 11 27 17 
35 13 25 16 37 22 19 13 7 37 17 26 21 18 36 32 0 22 3 37 14 22 29 30 17 5 29 20 20 23 38 
38 10 29 38 51 26 42 13 29 52 5 39 20 41 46 21 22 0 20 48 21 12 37 11 40 22 23 19 15 34 36 
33 11 22 19 37 19 22 9 10 37 14 25 18 21 35 29 3 20 0 36 11 20 27 28 20 6 26 17 17 22 35 
16 45 19 42 5 21 40 35 39 8 45 11 28 30 3 36 37 48 36 0 27 55 10 59 32 42 30 28 33 14 23 
21 17 11 29 30 7 30 7 20 31 17 18 7 24 26 19 14 21 11 27 0 27 17 32 25 18 15 6 8 14 23 
48 10 38 34 56 35 38 20 26 57 11 45 30 40 53 33 22 12 20 55 27 0 45 10 39 18 34 29 25 41 47 
9 35 9 38 14 11 36 25 32 17 34 7 17 27 8 26 29 37 27 10 17 45 0 49 29 34 20 18 22 5 16 
50 17 40 44 62 38 48 24 36 63 14 50 32 49 57 32 30 11 28 59 32 10 49 0 48 28 34 31 27 46 48 
39 31 31 10 30 29 7 28 12 28 34 23 32 2 34 44 17 40 20 32 25 39 29 48 0 20 40 31 33 24 44 
40 11 29 16 42 26 20 15 8 42 17 31 24 22 41 35 5 22 6 42 18 18 34 28 20 0 33 24 23 28 42 
16 27 11 44 35 12 45 17 36 37 23 26 8 39 27 5 29 23 26 30 15 34 20 34 40 33 0 9 9 21 13 
18 20 9 35 32 7 36 9 27 33 17 21 0 31 26 13 20 19 17 28 6 29 18 31 31 24 9 0 4 16 19 
22 17 13 36 36 11 38 7 27 38 14 25 5 33 30 11 20 15 17 33 8 25 22 27 33 23 9 4 0 20 22 
15 31 9 32 16 9 31 21 26 17 31 5 16 22 13 27 23 34 22 14 14 41 5 46 24 28 21 16 20 0 20 
7 39 13 51 29 16 50 28 43 31 36 24 18 42 19 17 38 36 35 23 23 47 16 48 44 42 13 19 22 20 0 
0 638
200 327
315 442
236 363
30 157
138 265
373 500
22 149
469 596
470 597
280 407
136 263
128 255
73 200
181 308
156 283
315 442
186 313
55 182
199 326
251 378
35 162
185 312
490 617
479 606
241 368
462 589
468 595
234 361
300 427
160 287
