31
0 39 27 39 52 41 37 22 12 8 14 34 37 48 46 38 12 40 11 28 43 41 45 48 25 42 9 11 44 37 18 
39 0 12 5 33 11 51 47 27 42 27 37 46 38 43 22 28 3 30 44 21 20 19 21 44 16 29 27 6 25 31 
27 12 0 12 34 16 42 36 15 30 14 29 38 35 38 19 17 14 18 34 22 20 22 25 34 19 17 15 17 21 20 
39 5 12 0 28 6 47 45 28 41 26 33 43 33 38 17 30 8 30 41 16 16 14 16 42 11 30 28 5 20 29 
52 33 34 28 0 21 37 45 42 49 39 23 31 10 19 15 49 36 41 36 12 13 13 12 39 16 45 45 29 15 35 
41 11 16 6 21 0 44 43 29 42 27 29 38 27 32 12 33 14 31 38 9 9 8 9 40 4 32 31 9 15 28 
37 51 42 47 37 44 0 16 34 29 32 15 5 27 19 32 43 54 31 9 37 35 41 42 11 40 37 38 52 28 24 
22 47 36 45 45 43 16 0 23 13 22 21 18 37 31 34 31 49 19 9 40 38 43 45 6 42 25 27 50 31 16 
12 27 15 28 42 29 34 23 0 14 3 27 32 39 38 26 9 29 3 25 32 29 33 36 23 30 4 4 33 26 10 
8 42 30 41 49 42 29 13 14 0 15 29 30 44 40 36 19 44 11 20 42 39 44 46 17 42 14 16 47 34 14 
14 27 14 26 39 27 32 22 3 15 0 24 30 36 35 24 12 28 3 22 29 27 31 33 21 28 7 7 31 23 8 
34 37 29 33 23 29 15 21 27 29 24 0 9 15 11 17 36 40 24 12 22 20 25 27 15 25 31 31 37 13 16 
37 46 38 43 31 38 5 18 32 30 30 9 0 21 13 27 42 49 29 9 32 30 35 36 13 35 36 37 47 23 22 
48 38 35 33 10 27 27 37 39 44 36 15 21 0 8 16 47 41 37 28 17 17 20 19 31 22 43 43 36 14 30 
46 43 38 38 19 32 19 31 38 40 35 11 13 8 0 21 47 46 36 21 24 23 27 27 25 28 42 42 42 17 28 
38 22 19 17 15 12 32 34 26 36 24 17 27 16 21 0 34 25 26 28 6 3 9 10 30 8 30 30 21 3 21 
12 28 17 30 49 33 43 31 9 19 12 36 42 47 47 34 0 29 12 34 38 36 39 41 32 36 5 5 34 34 20 
40 3 14 8 36 14 54 49 29 44 28 40 49 41 46 25 29 0 32 46 24 24 22 24 47 19 30 28 8 28 33 
11 30 18 30 41 31 31 19 3 11 3 24 29 37 36 26 12 32 0 21 32 29 34 36 20 31 6 7 35 25 7 
28 44 34 41 36 38 9 9 25 20 22 12 9 28 21 28 34 46 21 0 33 31 37 38 3 36 28 29 46 24 14 
43 21 22 16 12 9 37 40 32 42 29 22 32 17 24 6 38 24 32 33 0 2 3 4 36 4 35 34 18 9 27 
41 20 20 16 13 9 35 38 29 39 27 20 30 17 23 3 36 24 29 31 2 0 5 7 33 5 33 32 19 7 25 
45 19 22 14 13 8 41 43 33 44 31 25 35 20 27 9 39 22 34 37 3 5 0 2 39 3 37 36 16 12 30 
48 21 25 16 12 9 42 45 36 46 33 27 36 19 27 10 41 24 36 38 4 7 2 0 40 5 39 38 17 13 32 
25 44 34 42 39 40 11 6 23 17 21 15 13 31 25 30 32 47 20 3 36 33 39 40 0 37 26 27 47 26 14 
42 16 19 11 16 4 40 42 30 42 28 25 35 22 28 8 36 19 31 36 4 5 3 5 37 0 34 32 13 12 28 
9 29 17 30 45 32 37 25 4 14 7 31 36 43 42 30 5 30 6 28 35 33 37 39 26 34 0 1 35 30 14 
11 27 15 28 45 31 38 27 4 16 7 31 37 43 42 30 5 28 7 29 34 32 36 38 27 32 1 0 33 29 15 
44 6 17 5 29 9 52 50 33 47 31 37 47 36 42 21 34 8 35 46 18 19 16 17 47 13 35 33 0 24 35 
37 25 21 20 15 15 28 31 26 34 23 13 23 14 17 3 34 28 25 24 9 7 12 13 26 12 30 29 24 0 20 
18 31 20 29 35 28 24 16 10 14 8 16 22 30 28 21 20 33 7 14 27 25 30 32 14 28 14 15 35 20 0 
0 212
46 130
46 130
34 118
39 123
94 178
77 161
74 158
13 97
62 146
84 168
95 179
111 195
10 94
108 192
75 159
83 167
40 124
46 130
50 134
42 126
78 162
58 142
110 194
73 157
55 139
13 97
75 159
8 92
77 161
75 159
