31
0 18 8 23 27 9 22 2 28 27 19 24 21 11 30 29 24 35 35 9 27 32 7 18 27 29 21 20 11 25 27 
18 0 16 36 42 27 26 21 16 25 29 36 31 18 49 23 39 53 49 13 46 46 26 23 43 47 35 30 28 43 40 
8 16 0 31 34 12 14 9 30 19 14 32 29 3 33 34 32 36 43 3 30 40 12 11 26 31 29 14 12 28 35 
23 36 31 0 9 25 45 23 34 51 41 0 5 35 33 28 6 43 12 32 33 10 23 42 42 36 3 41 28 28 4 
27 42 34 9 0 25 47 25 42 53 41 9 14 37 26 37 2 37 9 36 28 6 23 44 38 31 7 41 28 22 6 
9 27 12 25 25 0 21 6 37 29 16 26 25 14 21 38 24 26 34 15 18 31 2 18 19 20 22 15 3 16 28 
22 26 14 45 47 21 0 22 41 8 8 46 43 11 38 47 45 36 56 15 33 52 23 3 24 33 43 9 19 35 48 
2 21 9 23 25 6 22 0 30 28 19 24 21 12 27 31 23 33 34 11 24 31 4 19 25 26 20 19 9 22 26 
28 16 30 34 42 37 41 30 0 41 44 34 28 32 57 9 39 63 46 27 55 44 35 39 55 57 34 44 39 51 38 
27 25 19 51 53 29 8 28 41 0 16 52 48 16 46 48 51 45 62 18 42 59 30 10 32 42 49 17 27 43 54 
19 29 14 41 41 16 8 19 44 16 0 42 40 11 30 48 40 28 51 16 25 47 18 7 16 25 38 1 13 27 44 
24 36 32 0 9 26 46 24 34 52 42 0 5 35 33 28 7 44 12 33 34 10 24 43 43 37 4 42 29 29 4 
21 31 29 5 14 25 43 21 28 48 40 5 0 32 36 22 12 46 18 29 36 16 22 40 43 39 7 40 28 31 9 
11 18 3 35 37 14 11 12 32 16 11 35 32 0 34 36 35 36 46 5 30 43 14 7 25 31 32 12 13 30 38 
30 49 33 33 26 21 38 27 57 46 30 33 36 34 0 55 27 11 34 37 4 31 22 36 17 6 29 29 21 5 32 
29 23 34 28 37 38 47 31 9 48 48 28 22 36 55 0 34 63 39 31 54 38 36 44 57 57 29 48 40 50 31 
24 39 32 6 2 24 45 23 39 51 40 7 12 35 27 34 0 38 10 34 28 7 22 42 38 31 5 39 27 22 5 
35 53 36 43 37 26 36 33 63 45 28 44 46 36 11 63 38 0 45 40 9 43 28 35 12 6 40 27 24 15 43 
35 49 43 12 9 34 56 34 46 62 51 12 18 46 34 39 10 45 0 44 37 3 33 53 47 39 13 50 37 31 8 
9 13 3 32 36 15 15 11 27 18 16 33 29 5 37 31 34 40 44 0 33 41 15 12 30 35 31 17 15 32 36 
27 46 30 33 28 18 33 24 55 42 25 34 36 30 4 54 28 9 37 33 0 34 19 32 13 2 30 24 17 5 34 
32 46 40 10 6 31 52 31 44 59 47 10 16 43 31 38 7 43 3 41 34 0 29 49 44 37 11 47 34 28 6 
7 26 12 23 23 2 23 4 35 30 18 24 22 14 22 36 22 28 33 15 19 29 0 20 21 21 20 17 5 17 25 
18 23 11 42 44 18 3 19 39 10 7 43 40 7 36 44 42 35 53 12 32 49 20 0 23 32 40 8 16 32 45 
27 43 26 42 38 19 24 25 55 32 16 43 43 25 17 57 38 12 47 30 13 44 21 23 0 11 39 15 16 17 43 
29 47 31 36 31 20 33 26 57 42 25 37 39 31 6 57 31 6 39 35 2 37 21 32 11 0 33 24 19 8 36 
21 35 29 3 7 22 43 20 34 49 38 4 7 32 29 29 5 40 13 31 30 11 20 40 39 33 0 38 25 25 5 
20 30 14 41 41 15 9 19 44 17 1 42 40 12 29 48 39 27 50 17 24 47 17 8 15 24 38 0 12 26 43 
11 28 12 28 28 3 19 9 39 27 13 29 28 13 21 40 27 24 37 15 17 34 5 16 16 19 25 12 0 16 31 
25 43 28 28 22 16 35 22 51 43 27 29 31 30 5 50 22 15 31 32 5 28 17 32 17 8 25 26 16 0 28 
27 40 35 4 6 28 48 26 38 54 44 4 9 38 32 31 5 43 8 36 34 6 25 45 43 36 5 43 31 28 0 
0 362
133 133
307 307
232 232
188 188
139 139
357 357
177 177
9 9
199 199
68 68
35 35
358 358
324 324
205 205
91 91
26 26
123 123
203 203
285 285
100 100
58 58
37 37
300 300
214 214
16 16
304 304
152 152
33 33
94 94
55 55
