31
0 25 20 4 16 18 29 12 20 12 13 18 30 29 17 29 38 8 25 18 18 10 30 7 23 40 35 23 14 10 25 
25 0 16 27 37 8 32 34 9 37 38 39 46 10 19 47 32 33 20 31 40 18 6 21 37 32 36 24 40 19 5 
20 16 0 24 36 16 15 32 20 28 32 25 30 13 26 31 19 26 6 16 38 10 23 21 21 20 20 7 34 10 21 
4 27 24 0 12 19 33 8 21 12 11 20 33 33 15 32 42 7 29 21 14 13 32 6 26 44 39 27 12 14 27 
16 37 36 12 0 29 45 3 29 17 11 28 41 44 20 40 54 13 42 32 2 26 41 16 36 56 50 39 9 26 35 
18 8 16 19 29 0 32 26 3 30 30 33 42 17 11 43 35 26 22 27 31 13 13 12 33 36 37 24 32 14 7 
29 32 15 33 45 32 0 41 35 32 37 23 20 25 40 23 11 32 11 14 47 22 38 33 14 15 5 8 40 21 36 
12 34 32 8 3 26 41 0 27 14 9 25 38 41 19 36 50 10 38 28 6 22 39 13 32 52 46 35 8 22 33 
20 9 20 21 29 3 35 27 0 32 32 36 46 18 10 46 38 28 25 31 32 16 11 14 37 38 40 27 33 17 5 
12 37 28 12 17 30 32 14 32 0 6 11 24 40 28 22 42 4 32 18 18 19 42 18 20 45 37 28 8 19 37 
13 38 32 11 11 30 37 9 32 6 0 17 30 42 26 28 48 5 37 23 12 22 43 18 26 50 42 33 2 22 38 
18 39 25 20 28 33 23 25 36 11 17 0 12 38 35 11 35 14 28 10 29 21 45 25 9 38 28 22 20 19 41 
30 46 30 33 41 42 20 38 46 24 30 12 0 43 46 2 32 27 29 14 42 29 52 37 9 35 22 24 32 28 49 
29 10 13 33 44 17 25 41 18 40 42 38 43 0 28 44 22 37 13 29 46 20 14 27 34 22 28 18 44 20 16 
17 19 26 15 20 11 40 19 10 28 26 35 46 28 0 46 46 23 32 32 23 18 21 9 38 46 46 32 26 20 15 
29 47 31 32 40 43 23 36 46 22 28 11 2 44 46 0 34 26 31 15 41 30 53 36 10 38 25 26 31 28 50 
38 32 19 42 54 35 11 50 38 42 48 35 32 22 46 34 0 42 13 25 56 29 37 40 26 3 10 15 50 28 37 
8 33 26 7 13 26 32 10 28 4 5 14 27 37 23 26 42 0 31 19 15 17 39 14 22 45 37 27 7 16 33 
25 20 6 29 42 22 11 38 25 32 37 28 29 13 32 31 13 31 0 17 44 16 26 27 21 14 15 5 39 15 25 
18 31 16 21 32 27 14 28 31 18 23 10 14 29 32 15 25 19 17 0 34 15 37 23 6 28 18 12 26 13 34 
18 40 38 14 2 31 47 6 32 18 12 29 42 46 23 41 56 15 44 34 0 28 43 19 38 59 53 41 10 28 38 
10 18 10 13 26 13 22 22 16 19 22 21 29 20 18 30 29 17 16 15 28 0 24 11 21 30 27 14 24 1 20 
30 6 23 32 41 13 38 39 11 42 43 45 52 14 21 53 37 39 26 37 43 24 0 25 43 36 42 30 45 25 5 
7 21 21 6 16 12 33 13 14 18 18 25 37 27 9 36 40 14 27 23 19 11 25 0 29 42 39 26 19 12 20 
23 37 21 26 36 33 14 32 37 20 26 9 9 34 38 10 26 22 21 6 38 21 43 29 0 29 18 15 29 19 40 
40 32 20 44 56 36 15 52 38 45 50 38 35 22 46 38 3 45 14 28 59 30 36 42 29 0 13 17 53 30 37 
35 36 20 39 50 37 5 46 40 37 42 28 22 28 46 25 10 37 15 18 53 27 42 39 18 13 0 13 45 26 41 
23 24 7 27 39 24 8 35 27 28 33 22 24 18 32 26 15 27 5 12 41 14 30 26 15 17 13 0 35 13 28 
14 40 34 12 9 32 40 8 33 8 2 20 32 44 26 31 50 7 39 26 10 24 45 19 29 53 45 35 0 24 39 
10 19 10 14 26 14 21 22 17 19 22 19 28 20 20 28 28 16 15 13 28 1 25 12 19 30 26 13 24 0 21 
25 5 21 27 35 7 36 33 5 37 38 41 49 16 15 50 37 33 25 34 38 20 5 20 40 37 41 28 39 21 0 
0 425
274 401
111 238
44 171
197 324
14 141
110 237
169 296
103 230
208 335
71 198
153 280
220 347
89 216
122 249
241 368
292 419
32 159
193 320
120 247
66 193
288 415
85 212
9 136
267 394
149 276
206 333
207 334
30 157
228 355
219 346
