31
0 12 7 29 23 24 17 22 30 20 22 5 20 28 27 25 9 13 17 22 27 28 7 10 32 26 29 33 11 37 20 
12 0 13 16 14 11 21 30 18 16 23 14 18 15 18 16 21 26 10 18 32 15 19 23 19 29 26 21 16 25 29 
7 13 0 28 27 23 10 29 28 26 15 1 13 27 31 21 10 17 13 27 34 27 13 14 33 33 22 34 18 37 16 
29 16 28 0 15 5 32 43 7 24 32 29 26 1 18 14 37 42 18 24 43 1 35 39 8 39 30 8 31 9 43 
23 14 27 15 0 16 35 29 22 9 38 27 32 16 4 26 32 35 24 9 28 16 27 32 12 24 40 14 19 19 43 
24 11 23 5 16 0 26 40 7 23 26 24 20 4 19 10 32 37 12 24 41 4 30 34 13 38 25 13 28 15 37 
17 21 10 32 35 26 0 40 29 36 5 11 8 31 39 20 18 25 14 37 45 31 23 22 39 44 14 40 29 42 11 
22 30 29 43 29 40 40 0 48 20 45 28 43 43 31 45 24 19 39 21 8 43 17 20 42 9 52 44 13 49 39 
30 18 28 7 22 7 29 48 0 30 28 29 22 6 25 9 38 44 15 31 48 7 37 40 15 45 24 15 35 14 41 
20 16 26 24 9 23 36 20 30 0 39 25 34 24 10 31 28 29 27 1 18 24 21 27 21 15 43 23 12 28 41 
22 23 15 32 38 26 5 45 28 39 0 17 6 31 42 18 24 31 14 41 50 31 29 28 39 49 8 40 34 41 16 
5 14 1 29 27 24 11 28 29 25 17 0 15 28 31 22 9 15 14 27 33 28 12 12 34 32 24 35 17 38 16 
20 18 13 26 32 20 8 43 22 34 6 15 0 24 36 12 23 30 8 36 47 25 27 27 33 45 9 34 31 35 19 
28 15 27 1 16 4 31 43 6 24 31 28 24 0 18 13 36 41 16 25 43 0 34 38 9 39 29 9 30 10 41 
27 18 31 18 4 19 39 31 25 10 42 31 36 18 0 29 36 38 28 9 28 18 30 35 12 24 43 14 22 20 47 
25 16 21 14 26 10 20 45 9 31 18 22 12 13 29 0 32 38 7 32 48 13 32 34 23 45 15 23 32 23 32 
9 21 10 37 32 32 18 24 38 28 24 9 23 36 36 32 0 7 24 29 30 36 7 4 41 30 32 42 17 46 15 
13 26 17 42 35 37 25 19 44 29 31 15 30 41 38 38 7 0 30 30 27 41 7 3 45 27 39 46 16 51 20 
17 10 13 18 24 12 14 39 15 27 14 14 8 16 28 7 24 30 0 28 42 16 25 27 25 39 16 25 26 27 25 
22 18 27 24 9 24 37 21 31 1 41 27 36 25 9 32 29 30 28 0 18 24 22 28 21 15 44 23 13 29 43 
27 32 34 43 28 41 45 8 48 18 50 33 47 43 28 48 30 27 42 18 0 42 23 27 40 3 56 42 16 47 46 
28 15 27 1 16 4 31 43 7 24 31 28 25 0 18 13 36 41 16 24 42 0 34 38 9 39 29 9 30 10 42 
7 19 13 35 27 30 23 17 37 21 29 12 27 34 30 32 7 7 25 22 23 34 0 5 37 22 36 39 9 43 23 
10 23 14 39 32 34 22 20 40 27 28 12 27 38 35 34 4 3 27 28 27 38 5 0 42 27 36 43 15 47 19 
32 19 33 8 12 13 39 42 15 21 39 34 33 9 12 23 41 45 25 21 40 9 37 42 0 36 38 2 31 7 49 
26 29 33 39 24 38 44 9 45 15 49 32 45 39 24 45 30 27 39 15 3 39 22 27 36 0 54 38 14 44 45 
29 26 22 30 40 25 14 52 24 43 8 24 9 29 43 15 32 39 16 44 56 29 36 36 38 54 0 39 40 39 24 
33 21 34 8 14 13 40 44 15 23 40 35 34 9 14 23 42 46 25 23 42 9 39 43 2 38 39 0 33 5 50 
11 16 18 31 19 28 29 13 35 12 34 17 31 30 22 32 17 16 26 13 16 30 9 15 31 14 40 33 0 38 31 
37 25 37 9 19 15 42 49 14 28 41 38 35 10 20 23 46 51 27 29 47 10 43 47 7 44 39 5 38 0 52 
20 29 16 43 43 37 11 39 41 41 16 16 19 41 47 32 15 20 25 43 46 42 23 19 49 45 24 50 31 52 0 
0 340
99 201
5 107
177 279
75 177
106 208
75 177
13 115
228 330
43 145
91 193
219 321
172 274
130 232
203 305
212 314
105 207
99 201
222 324
125 227
78 180
131 233
94 196
21 123
170 272
161 263
75 177
73 175
20 122
108 210
184 286
