31
0 27 19 19 20 41 26 34 46 18 26 27 28 0 49 21 23 23 44 1 12 35 31 21 29 20 24 24 37 33 42 
27 0 19 12 10 34 10 24 21 9 8 17 24 26 35 7 20 13 17 25 15 9 20 19 9 15 33 11 11 10 35 
19 19 0 21 8 48 26 39 40 16 12 9 35 19 52 19 31 7 33 18 17 27 12 2 27 25 38 8 30 18 49 
19 12 21 0 15 26 7 17 27 6 17 25 14 18 31 5 9 20 29 17 6 19 29 23 10 4 21 19 20 22 27 
20 10 8 15 0 41 18 32 32 9 6 9 29 20 44 12 24 4 26 18 13 19 14 9 19 19 34 4 22 13 42 
41 34 48 26 41 0 24 10 31 32 42 50 13 41 11 29 18 46 42 40 32 33 55 50 25 23 22 44 32 44 1 
26 10 26 7 18 24 0 14 21 10 18 26 13 25 26 6 10 22 24 24 13 13 30 27 4 7 24 21 14 21 24 
34 24 39 17 32 10 14 0 24 23 32 40 7 33 15 19 10 36 33 32 23 24 45 40 15 14 20 34 23 34 10 
46 21 40 27 32 31 21 24 0 28 27 36 29 46 24 24 29 33 13 44 34 12 38 40 16 28 43 32 10 24 31 
18 9 16 6 9 32 10 23 28 0 12 18 20 18 36 4 15 13 27 16 6 17 23 17 12 10 26 13 19 17 33 
26 8 12 17 6 42 18 32 27 12 0 8 31 26 43 13 27 5 20 25 18 15 12 13 17 21 38 4 17 6 43 
27 17 9 25 9 50 26 40 36 18 8 0 39 27 52 21 34 4 26 26 23 23 4 8 26 29 44 5 26 11 51 
28 24 35 14 29 13 13 7 29 20 31 39 0 27 21 18 4 34 36 26 18 26 43 37 16 10 13 33 26 35 14 
0 26 19 18 20 41 25 33 46 18 26 27 27 0 48 21 23 23 44 1 12 35 31 21 29 20 24 24 37 33 42 
49 35 52 31 44 11 26 15 24 36 43 52 21 48 0 32 25 48 37 47 38 31 56 53 25 28 33 46 29 43 11 
21 7 19 5 12 29 6 19 24 4 13 21 18 21 32 0 13 16 24 20 9 14 25 21 8 8 26 15 15 17 30 
23 20 31 9 24 18 10 10 29 15 27 34 4 23 25 13 0 29 35 21 13 24 38 32 14 5 13 28 24 31 19 
23 13 7 20 4 46 22 36 33 13 5 4 34 23 48 16 29 0 25 22 18 21 9 7 22 24 39 1 23 11 47 
44 17 33 29 26 42 24 33 13 27 20 26 36 44 37 24 35 25 0 43 33 10 27 33 20 31 48 24 10 14 42 
1 25 18 17 18 40 24 32 44 16 25 26 26 1 47 20 21 22 43 0 10 34 30 20 27 18 23 22 35 31 41 
12 15 17 6 13 32 13 23 34 6 18 23 18 12 38 9 13 18 33 10 0 24 27 19 17 9 21 17 25 24 33 
35 9 27 19 19 33 13 24 12 17 15 23 26 35 31 14 24 21 10 34 24 0 26 28 9 21 38 19 2 13 34 
31 20 12 29 14 55 30 45 38 23 12 4 43 31 56 25 38 9 27 30 27 26 0 10 30 33 49 10 29 13 55 
21 19 2 23 9 50 27 40 40 17 13 8 37 21 53 21 32 7 33 20 19 28 10 0 28 27 40 8 30 18 51 
29 9 27 10 19 25 4 15 16 12 17 26 16 29 25 8 14 22 20 27 17 9 30 28 0 11 28 21 10 19 25 
20 15 25 4 19 23 7 14 28 10 21 29 10 20 28 8 5 24 31 18 9 21 33 27 11 0 17 23 21 26 24 
24 33 38 21 34 22 24 20 43 26 38 44 13 24 33 26 13 39 48 23 21 38 49 40 28 17 0 39 38 43 23 
24 11 8 19 4 44 21 34 32 13 4 5 33 24 46 15 28 1 24 22 17 19 10 8 21 23 39 0 22 10 45 
37 11 30 20 22 32 14 23 10 19 17 26 26 37 29 15 24 23 10 35 25 2 29 30 10 21 38 22 0 15 32 
33 10 18 22 13 44 21 34 24 17 6 11 35 33 43 17 31 11 14 31 24 13 13 18 19 26 43 10 15 0 45 
42 35 49 27 42 1 24 10 31 33 43 51 14 42 11 30 19 47 42 41 33 34 55 51 25 24 23 45 32 45 0 
0 425
126 211
275 360
24 109
96 181
251 336
255 340
54 139
189 274
51 136
206 291
38 123
338 423
61 146
129 214
43 128
281 366
34 119
139 224
142 227
170 255
182 267
131 216
151 236
300 385
291 376
311 396
254 339
280 365
24 109
324 409
