31
0 11 14 17 3 42 39 17 19 19 32 8 22 32 41 39 5 28 11 31 18 29 20 33 31 7 25 32 12 11 19 
11 0 14 9 8 32 28 14 9 8 22 6 13 21 30 31 6 23 9 24 7 18 20 27 20 13 21 21 11 2 8 
14 14 0 9 12 33 32 27 22 21 23 17 27 25 38 26 14 14 22 18 19 30 6 20 30 8 35 33 2 16 15 
17 9 9 0 14 25 23 23 15 13 15 15 20 16 29 22 14 14 19 15 11 21 13 17 21 14 30 23 8 11 5 
3 8 12 14 0 39 36 17 17 16 29 6 20 29 38 36 3 25 10 28 15 27 19 31 29 7 24 29 10 8 16 
42 32 33 25 39 0 6 41 30 27 9 38 33 11 18 14 38 23 40 18 27 25 32 16 21 40 46 25 32 33 23 
39 28 32 23 36 6 0 36 25 23 9 34 28 7 12 19 35 25 36 20 23 19 32 19 15 38 40 19 31 29 20 
17 14 27 23 17 41 36 0 11 13 33 10 9 30 33 44 14 37 6 38 14 19 34 40 22 24 7 20 25 12 20 
19 9 22 15 17 30 25 11 0 2 22 11 5 19 23 34 14 29 11 28 4 10 28 30 13 23 16 12 20 8 10 
19 8 21 13 16 27 23 13 2 0 20 12 7 16 22 31 14 26 13 25 1 10 26 27 12 22 19 12 18 8 8 
32 22 23 15 29 9 9 33 22 20 0 28 26 5 19 13 28 16 31 11 18 20 23 11 18 30 39 22 23 24 14 
8 6 17 15 6 38 34 10 11 12 28 0 13 27 34 37 3 29 4 30 11 22 24 33 24 13 18 24 14 4 14 
22 13 27 20 20 33 28 9 5 7 26 13 0 22 24 38 17 34 12 33 9 10 33 35 13 26 12 11 24 11 15 
32 21 25 16 29 11 7 30 19 16 5 27 22 0 14 18 27 20 29 16 16 15 26 17 12 31 35 16 24 22 12 
41 30 38 29 38 18 12 33 23 22 19 34 24 14 0 31 36 35 35 31 23 13 41 31 10 43 35 12 37 30 23 
39 31 26 22 36 14 19 44 34 31 13 37 38 18 31 0 36 12 41 8 30 33 22 5 31 34 50 35 27 33 24 
5 6 14 14 3 38 35 14 14 14 28 3 17 27 36 36 0 27 8 29 13 24 21 31 26 10 21 27 11 6 15 
28 23 14 14 25 23 25 37 29 26 16 29 34 20 35 12 27 0 33 5 24 32 10 7 31 23 44 34 16 25 18 
11 9 22 19 10 40 36 6 11 13 31 4 12 29 35 41 8 33 0 34 13 21 28 37 24 18 13 23 19 7 17 
31 24 18 15 28 18 20 38 28 25 11 30 33 16 31 8 29 5 34 0 24 30 15 2 28 26 45 32 19 26 17 
18 7 19 11 15 27 23 14 4 1 18 11 9 16 23 30 13 24 13 24 0 11 24 26 13 20 20 14 16 7 6 
29 18 30 21 27 25 19 19 10 10 20 22 10 15 13 33 24 32 21 30 11 0 34 31 3 32 21 2 28 18 15 
20 20 6 13 19 32 32 34 28 26 23 24 33 26 41 22 21 10 28 15 24 34 0 17 34 14 41 37 9 22 19 
33 27 20 17 31 16 19 40 30 27 11 33 35 17 31 5 31 7 37 2 26 31 17 0 29 29 47 33 22 29 19 
31 20 30 21 29 21 15 22 13 12 18 24 13 12 10 31 26 31 24 28 13 3 34 29 0 33 25 4 29 20 15 
7 13 8 14 7 40 38 24 23 22 30 13 26 31 43 34 10 23 18 26 20 32 14 29 33 0 32 35 7 14 19 
25 21 35 30 24 46 40 7 16 19 39 18 12 35 35 50 21 44 13 45 20 21 41 47 25 32 0 22 32 19 27 
32 21 33 23 29 25 19 20 12 12 22 24 11 16 12 35 27 34 23 32 14 2 37 33 4 35 22 0 30 20 17 
12 11 2 8 10 32 31 25 20 18 23 14 24 24 37 27 11 16 19 19 16 28 9 22 29 7 32 30 0 13 13 
11 2 16 11 8 33 29 12 8 8 24 4 11 22 30 33 6 25 7 26 7 18 22 29 20 14 19 20 13 0 10 
19 8 15 5 16 23 20 20 10 8 14 14 15 12 23 24 15 18 17 17 6 15 19 19 15 19 27 17 13 10 0 
0 340
167 167
223 223
16 16
276 276
71 71
57 57
79 79
134 134
213 213
310 310
190 190
88 88
51 51
176 176
268 268
66 66
83 83
290 290
308 308
194 194
189 189
261 261
11 11
84 84
131 131
186 186
80 80
320 320
36 36
214 214
