41
0 16 29 27 20 43 30 31 38 21 17 14 42 35 28 20 37 6 36 39 10 15 6 17 28 24 16 37 25 11 6 16 17 18 51 23 30 20 43 38 14 
16 0 17 25 7 27 20 26 23 21 18 1 26 26 13 8 21 20 31 23 6 11 21 19 25 22 5 22 16 15 21 15 3 16 35 12 21 8 27 23 17 
29 17 0 19 9 20 33 14 12 19 19 17 27 39 22 23 16 30 45 19 20 28 31 37 41 39 13 10 31 33 35 16 14 33 26 26 35 23 23 15 20 
27 25 19 0 20 39 46 7 31 6 9 25 45 52 37 34 35 23 56 38 23 35 24 42 50 46 20 30 42 36 32 11 23 40 45 38 47 34 42 34 12 
20 7 9 20 0 23 26 19 18 17 16 8 26 32 16 14 17 23 37 20 10 18 24 27 32 30 4 16 22 23 26 12 4 23 31 18 28 14 25 18 15 
43 27 20 39 23 0 29 34 8 39 38 28 11 33 19 26 6 46 42 6 33 34 47 43 41 41 27 9 31 41 48 35 25 37 7 27 33 26 5 5 38 
30 20 33 46 26 29 0 45 32 42 39 21 20 5 11 12 25 37 12 23 25 14 37 18 11 14 26 31 5 21 32 36 23 14 35 8 3 12 26 28 37 
31 26 14 7 19 34 45 0 25 11 14 26 41 51 35 33 31 29 57 34 25 37 30 44 51 48 20 24 42 39 37 14 23 41 40 38 47 34 38 29 17 
38 23 12 31 18 8 32 25 0 31 31 24 18 37 20 25 7 41 45 10 28 32 42 41 42 42 22 1 32 39 44 28 21 36 14 27 35 25 13 4 32 
21 21 19 6 17 39 42 11 31 0 3 20 43 47 34 29 34 17 52 37 17 30 19 36 45 41 16 30 37 30 26 5 19 34 46 34 43 30 41 34 6 
17 18 19 9 16 38 39 14 31 3 0 17 42 45 31 26 33 14 48 36 14 27 15 32 41 38 13 30 34 26 23 3 17 31 46 31 40 27 41 33 2 
14 1 17 25 8 28 21 26 24 20 17 0 27 27 15 8 22 19 31 24 5 11 19 19 25 22 5 23 17 15 20 14 3 15 36 13 22 9 28 24 16 
42 26 27 45 26 11 20 41 18 43 42 27 0 23 14 22 11 47 32 7 33 29 47 37 32 34 29 18 23 37 46 38 26 32 15 21 24 22 6 13 41 
35 26 39 52 32 33 5 51 37 47 45 27 23 0 17 18 29 41 8 28 30 19 41 21 11 15 32 36 10 25 36 42 28 17 38 13 5 17 29 33 43 
28 13 22 37 16 19 11 35 20 34 31 15 14 17 0 8 14 33 24 13 20 15 34 23 21 22 18 19 11 23 32 28 14 18 26 7 14 8 17 17 30 
20 8 23 34 14 26 12 33 25 29 26 8 22 18 8 0 20 26 23 21 13 7 26 16 17 16 13 24 8 14 23 23 10 11 34 4 13 0 25 23 25 
37 21 16 35 17 6 25 31 7 34 33 22 11 29 14 20 0 40 38 3 27 28 41 37 35 36 21 7 25 35 42 30 19 31 13 21 28 20 7 3 33 
6 20 30 23 23 46 37 29 41 17 14 19 47 41 33 26 40 0 43 43 14 22 1 24 35 30 19 39 31 18 9 15 21 24 54 29 36 26 47 42 12 
36 31 45 56 37 42 12 57 45 52 48 31 32 8 24 23 38 43 0 36 34 21 42 19 7 12 36 44 14 24 35 46 33 18 47 19 9 22 38 41 46 
39 23 19 38 20 6 23 34 10 37 36 24 7 28 13 21 3 43 36 0 29 28 43 37 35 35 24 10 25 36 44 33 21 32 12 21 27 21 4 6 36 
10 6 20 23 10 33 25 25 28 17 14 5 33 30 20 13 27 14 34 29 0 12 14 19 27 23 6 27 20 14 16 11 7 17 41 17 25 13 33 28 12 
15 11 28 35 18 34 14 37 32 30 27 11 29 19 15 7 28 22 21 28 12 0 22 9 14 11 16 31 9 7 17 24 14 4 41 8 14 7 32 30 24 
6 21 31 24 24 47 37 30 42 19 15 19 47 41 34 26 41 1 42 43 14 22 0 23 35 30 20 40 31 17 9 16 21 24 55 30 36 27 48 42 13 
17 19 37 42 27 43 18 44 41 36 32 19 37 21 23 16 37 24 19 37 19 9 23 0 11 6 24 40 14 6 16 31 23 5 50 16 16 16 40 39 30 
28 25 41 50 32 41 11 51 42 45 41 25 32 11 21 17 35 35 7 35 27 14 35 11 0 4 30 41 10 17 27 39 28 10 47 14 8 17 37 39 39 
24 22 39 46 30 41 14 48 42 41 38 22 34 15 22 16 36 30 12 35 23 11 30 6 4 0 28 40 10 12 23 35 25 6 48 14 10 16 38 39 35 
16 5 13 20 4 27 26 20 22 16 13 5 29 32 18 13 21 19 36 24 6 16 20 24 30 28 0 20 22 20 22 10 3 21 35 18 27 14 28 22 12 
37 22 10 30 16 9 31 24 1 30 30 23 18 36 19 24 7 39 44 10 27 31 40 40 41 40 20 0 31 37 43 26 19 35 15 26 34 24 13 4 30 
25 16 31 42 22 31 5 42 32 37 34 17 23 10 11 8 25 31 14 25 20 9 31 14 10 10 22 31 0 16 27 32 19 9 37 4 5 8 28 28 32 
11 15 33 36 23 41 21 39 39 30 26 15 37 25 23 14 35 18 24 36 14 7 17 6 17 12 20 37 16 0 11 25 19 7 49 16 19 15 40 37 24 
6 21 35 32 26 48 32 37 44 26 23 20 46 36 32 23 42 9 35 44 16 17 9 16 27 23 22 43 27 11 0 23 23 18 56 26 31 24 48 44 20 
16 15 16 11 12 35 36 14 28 5 3 14 38 42 28 23 30 15 46 33 11 24 16 31 39 35 10 26 32 25 23 0 13 29 42 28 37 24 37 30 3 
17 3 14 23 4 25 23 23 21 19 17 3 26 28 14 10 19 21 33 21 7 14 21 23 28 25 3 19 19 19 23 13 0 19 33 14 24 11 26 21 15 
18 16 33 40 23 37 14 41 36 34 31 15 32 17 18 11 31 24 18 32 17 4 24 5 10 6 21 35 9 7 18 29 19 0 44 10 12 11 35 34 28 
51 35 26 45 31 7 35 40 14 46 46 36 15 38 26 34 13 54 47 12 41 41 55 50 47 48 35 15 37 49 56 42 33 44 0 34 39 34 9 12 46 
23 12 26 38 18 27 8 38 27 34 31 13 21 13 7 4 21 29 19 21 17 8 30 16 14 14 18 26 4 16 26 28 14 10 34 0 9 3 24 24 29 
30 21 35 47 28 33 3 47 35 43 40 22 24 5 14 13 28 36 9 27 25 14 36 16 8 10 27 34 5 19 31 37 24 12 39 9 0 13 29 32 38 
20 8 23 34 14 26 12 34 25 30 27 9 22 17 8 0 20 26 22 21 13 7 27 16 17 16 14 24 8 15 24 24 11 11 34 3 13 0 25 23 25 
43 27 23 42 25 5 26 38 13 41 41 28 6 29 17 25 7 47 38 4 33 32 48 40 37 38 28 13 28 40 48 37 26 35 9 24 29 25 0 8 40 
38 23 15 34 18 5 28 29 4 34 33 24 13 33 17 23 3 42 41 6 28 30 42 39 39 39 22 4 28 37 44 30 21 34 12 24 32 23 8 0 33 
14 17 20 12 15 38 37 17 32 6 2 16 41 43 30 25 33 12 46 36 12 24 13 30 39 35 12 30 32 24 20 3 15 28 46 29 38 25 40 33 0 
0 416
324 407
21 104
296 379
35 118
132 215
285 368
220 303
135 218
267 350
233 316
229 312
230 313
47 130
68 151
70 153
257 340
226 309
192 275
0 83
288 371
282 365
131 214
18 101
110 193
289 372
96 179
122 205
65 148
214 297
171 254
151 234
37 120
146 229
55 138
62 145
236 319
1 84
208 291
230 313
53 136
