41
0 40 11 35 3 33 34 42 21 35 3 19 13 33 4 32 39 45 46 39 3 35 22 37 34 28 38 26 13 7 40 26 36 35 11 29 41 39 18 2 5 
40 0 30 52 37 42 8 49 49 24 44 46 43 36 36 47 15 41 28 4 42 38 19 9 53 47 28 24 46 47 56 31 33 17 44 42 10 1 27 42 40 
11 30 0 41 9 36 23 46 30 32 14 27 21 34 7 37 32 45 42 30 12 36 15 26 41 34 35 23 22 19 46 26 35 29 20 33 30 29 17 14 14 
35 52 41 0 34 10 52 11 14 30 35 16 21 17 36 5 40 22 35 48 39 16 36 55 2 7 28 28 23 33 4 20 22 35 24 10 59 51 27 33 30 
3 37 9 34 0 31 31 40 21 32 6 18 13 31 1 30 35 42 42 35 6 33 18 34 33 26 35 22 13 10 39 23 33 31 11 27 38 35 15 5 4 
33 42 36 10 31 0 42 9 18 19 34 18 20 6 32 5 29 14 24 37 37 5 27 46 13 10 17 18 24 33 14 11 11 25 24 4 49 41 20 32 28 
34 8 23 52 31 42 0 50 46 27 37 43 39 37 30 46 20 44 33 11 35 39 16 3 52 45 31 23 41 42 56 31 35 21 39 41 7 7 24 36 34 
42 49 46 11 40 9 50 0 25 25 43 26 29 12 42 10 35 12 26 44 46 11 36 54 14 16 21 27 32 42 11 20 16 31 32 13 57 48 29 41 37 
21 49 30 14 21 18 46 25 0 32 20 2 8 22 23 14 40 32 40 45 25 23 30 49 13 8 31 25 8 18 19 19 27 35 10 14 53 47 21 19 16 
35 24 32 30 32 19 27 25 32 0 38 30 29 13 33 24 10 16 10 19 39 14 17 30 32 27 4 9 33 40 33 12 8 6 32 20 33 23 17 36 32 
3 44 14 35 6 34 37 43 20 38 0 18 14 35 7 32 42 46 48 42 4 37 25 40 34 28 40 28 12 4 40 28 38 38 11 30 44 42 21 2 6 
19 46 27 16 18 18 43 26 2 30 18 0 5 21 20 15 38 32 39 43 22 22 27 46 15 9 30 23 6 16 21 18 26 33 7 14 51 45 18 16 13 
13 43 21 21 13 20 39 29 8 29 14 5 0 22 15 18 36 34 38 39 17 24 23 42 20 14 30 21 3 12 26 17 26 31 3 16 46 41 15 12 8 
33 36 34 17 31 6 37 12 22 13 35 21 22 0 32 11 23 11 18 32 37 2 23 41 19 15 11 14 26 35 20 8 5 19 25 8 44 35 17 32 28 
4 36 7 36 1 32 30 42 23 33 7 20 15 32 0 32 35 43 43 34 6 34 18 33 35 28 35 23 15 12 41 24 34 31 13 29 37 35 16 6 6 
32 47 37 5 30 5 46 10 14 24 32 15 18 11 32 0 34 19 30 42 36 11 31 50 7 5 23 22 21 31 9 15 17 30 21 5 53 45 22 30 27 
39 15 32 40 35 29 20 35 40 10 42 38 36 23 35 34 0 26 13 10 42 24 17 22 42 36 13 14 39 44 43 21 19 5 38 30 24 14 21 40 36 
45 41 45 22 42 14 44 12 32 16 46 32 34 11 43 19 26 0 15 36 49 9 32 47 25 24 12 23 37 46 23 19 9 23 37 18 50 40 28 44 40 
46 28 42 35 42 24 33 26 40 10 48 39 38 18 43 30 13 15 0 23 49 18 27 36 37 33 8 20 42 49 37 21 13 13 41 26 38 28 27 46 42 
39 4 30 48 35 37 11 44 45 19 42 43 39 32 34 42 10 36 23 0 41 33 16 13 49 43 23 20 42 45 51 27 28 13 41 37 14 4 24 40 37 
3 42 12 39 6 37 35 46 25 39 4 22 17 37 6 36 42 49 49 41 0 39 25 38 38 31 41 29 16 9 44 29 40 38 15 33 42 41 22 5 9 
35 38 36 16 33 5 39 11 23 14 37 22 24 2 34 11 24 9 18 33 39 0 26 43 18 15 11 16 27 36 19 10 5 20 27 8 46 37 20 34 30 
22 19 15 36 18 27 16 36 30 17 25 27 23 23 18 31 17 32 27 16 25 26 0 19 37 29 21 9 26 29 40 16 22 14 24 26 23 18 8 23 20 
37 9 26 55 34 46 3 54 49 30 40 46 42 41 33 50 22 47 36 13 38 43 19 0 56 49 34 27 45 44 60 35 38 24 43 45 4 9 28 39 37 
34 53 41 2 33 13 52 14 13 32 34 15 20 19 35 7 42 25 37 49 38 18 37 56 0 7 30 29 21 31 6 21 24 37 23 11 60 52 28 32 29 
28 47 34 7 26 10 45 16 8 27 28 9 14 15 28 5 36 24 33 43 31 15 29 49 7 0 25 23 16 26 12 15 20 31 17 6 53 46 21 26 22 
38 28 35 28 35 17 31 21 31 4 40 30 30 11 35 23 13 12 8 23 41 11 21 34 30 25 0 12 34 41 30 13 5 10 33 19 37 27 19 38 34 
26 24 23 28 22 18 23 27 25 9 28 23 21 14 23 22 14 23 20 20 29 16 9 27 29 23 12 0 25 30 32 7 13 10 23 17 31 23 7 26 22 
13 46 22 23 13 24 41 32 8 33 12 6 3 26 15 21 39 37 42 42 16 27 26 45 21 16 34 25 0 9 27 21 30 35 2 19 49 44 18 10 8 
7 47 19 33 10 33 42 42 18 40 4 16 12 35 12 31 44 46 49 45 9 36 29 44 31 26 41 30 9 0 37 28 38 40 9 29 49 46 23 5 8 
40 56 46 4 39 14 56 11 19 33 40 21 26 20 41 9 43 23 37 51 44 19 40 60 6 12 30 32 27 37 0 25 25 39 28 14 63 55 32 38 34 
26 31 26 20 23 11 31 20 19 12 28 18 17 8 24 15 21 19 21 27 29 10 16 35 21 15 13 7 21 28 25 0 10 16 20 10 38 30 9 25 21 
36 33 35 22 33 11 35 16 27 8 38 26 26 5 34 17 19 9 13 28 40 5 22 38 24 20 5 13 30 38 25 10 0 15 29 13 41 32 18 35 31 
35 17 29 35 31 25 21 31 35 6 38 33 31 19 31 30 5 23 13 13 38 20 14 24 37 31 10 10 35 40 39 16 15 0 33 25 26 17 16 35 32 
11 44 20 24 11 24 39 32 10 32 11 7 3 25 13 21 38 37 41 41 15 27 24 43 23 17 33 23 2 9 28 20 29 33 0 19 47 42 17 9 6 
29 42 33 10 27 4 41 13 14 20 30 14 16 8 29 5 30 18 26 37 33 8 26 45 11 6 19 17 19 29 14 10 13 25 19 0 48 40 17 28 24 
41 10 30 59 38 49 7 57 53 33 44 51 46 44 37 53 24 50 38 14 42 46 23 4 60 53 37 31 49 49 63 38 41 26 47 48 0 10 32 43 42 
39 1 29 51 35 41 7 48 47 23 42 45 41 35 35 45 14 40 28 4 41 37 18 9 52 46 27 23 44 46 55 30 32 17 42 40 10 0 26 40 38 
18 27 17 27 15 20 24 29 21 17 21 18 15 17 16 22 21 28 27 24 22 20 8 28 28 21 19 7 18 23 32 9 18 16 17 17 32 26 0 19 15 
2 42 14 33 5 32 36 41 19 36 2 16 12 32 6 30 40 44 46 40 5 34 23 39 32 26 38 26 10 5 38 25 35 35 9 28 43 40 19 0 4 
5 40 14 30 4 28 34 37 16 32 6 13 8 28 6 27 36 40 42 37 9 30 20 37 29 22 34 22 8 8 34 21 31 32 6 24 42 38 15 4 0 
0 293
117 263
68 214
92 238
140 286
12 158
19 165
98 244
55 201
92 238
121 267
66 212
79 225
24 170
61 207
100 246
76 222
84 230
2 148
54 200
101 247
59 205
130 276
115 261
118 264
99 245
90 236
114 260
138 284
35 181
37 183
35 181
96 242
110 256
30 176
114 260
3 149
79 225
114 260
101 247
8 154
