41
0 28 23 7 8 43 40 9 15 48 54 17 25 2 43 14 52 16 39 43 4 35 50 44 24 43 34 55 39 29 31 33 36 11 7 13 28 41 46 11 50 
28 0 23 21 23 37 24 32 28 28 41 11 6 31 16 34 33 31 12 44 29 7 29 41 16 31 24 40 17 37 17 4 44 18 25 17 2 19 40 32 38 
23 23 0 18 14 20 19 18 10 28 31 21 17 23 30 16 30 12 27 22 26 26 31 22 7 20 12 32 22 13 11 26 21 17 15 13 24 23 23 17 27 
7 21 18 0 4 39 33 12 14 41 48 10 17 9 36 17 45 16 31 40 9 28 43 41 17 37 28 49 32 28 24 25 35 3 6 6 20 34 41 13 45 
8 23 14 4 0 35 31 8 9 40 45 14 18 9 36 12 43 11 32 36 12 29 42 37 16 34 25 46 31 23 22 27 31 6 2 5 23 33 38 9 42 
43 37 20 39 35 0 14 37 28 20 12 40 31 43 33 34 19 29 33 11 47 35 23 5 23 8 12 16 25 20 19 37 19 38 36 33 39 23 3 36 9 
40 24 19 33 31 14 0 37 29 9 16 31 21 41 18 35 11 31 18 24 43 21 12 20 16 7 7 15 10 27 9 24 30 31 33 27 27 8 17 36 14 
9 32 18 12 8 37 37 0 8 46 49 23 26 7 44 5 48 8 40 35 13 37 48 37 22 38 30 50 38 21 28 36 28 15 6 14 32 40 39 2 45 
15 28 10 14 9 28 29 8 0 38 40 22 22 15 38 6 40 2 35 27 19 33 41 29 15 30 21 42 32 13 21 32 21 15 9 12 29 33 30 7 36 
48 28 28 41 40 20 9 46 38 0 16 37 26 49 16 45 4 40 18 31 51 22 2 26 24 12 16 12 11 36 17 26 39 39 42 35 31 8 23 45 15 
54 41 31 48 45 12 16 49 40 16 0 47 37 54 33 46 12 41 34 21 57 37 18 16 31 11 20 5 26 32 25 41 31 47 46 42 44 23 12 47 3 
17 11 21 10 14 40 31 23 22 37 47 0 10 20 28 26 42 25 23 44 18 19 39 43 17 36 28 47 26 34 22 16 42 7 16 10 10 29 43 24 44 
25 6 17 17 18 31 21 26 22 26 37 10 0 26 18 28 31 25 14 37 26 11 28 35 9 27 19 36 15 30 12 9 38 14 20 12 8 18 35 27 34 
2 31 23 9 9 43 41 7 15 49 54 20 26 0 45 13 52 15 41 42 6 37 52 44 25 43 34 55 41 28 32 35 35 13 7 14 30 42 45 9 50 
43 16 30 36 36 33 18 44 38 16 33 28 18 45 0 45 21 41 4 43 45 8 16 39 23 25 23 29 8 42 19 13 47 32 38 31 18 10 36 44 31 
14 34 16 17 12 34 35 5 6 45 46 26 28 13 45 0 47 4 41 30 18 39 47 33 22 36 28 48 38 16 28 38 22 19 10 17 34 40 35 3 42 
52 33 30 45 43 19 11 48 40 4 12 42 31 52 21 47 0 42 23 30 55 27 5 24 27 12 18 8 16 36 21 31 38 43 45 39 36 13 21 47 12 
16 31 12 16 11 29 31 8 2 40 41 25 25 15 41 4 42 0 38 27 20 36 43 29 18 31 23 43 34 12 23 35 20 18 10 15 32 35 31 6 37 
39 12 27 31 32 33 18 40 35 18 34 23 14 41 4 41 23 38 0 42 40 4 19 38 19 25 22 31 8 40 16 8 45 28 34 26 14 10 36 40 32 
43 44 22 40 36 11 24 35 27 31 21 44 37 42 43 30 30 27 42 0 47 43 34 5 28 19 20 26 34 14 26 45 10 40 36 35 45 33 9 33 19 
4 29 26 9 12 47 43 13 19 51 57 18 26 6 45 18 55 20 40 47 0 37 53 48 27 46 37 58 41 33 33 34 41 12 11 15 28 44 49 15 54 
35 7 26 28 29 35 21 37 33 22 37 19 11 37 8 39 27 36 4 43 37 0 23 40 18 28 23 35 11 39 16 4 45 24 31 23 9 14 38 38 34 
50 29 31 43 42 23 12 48 41 2 18 39 28 52 16 47 5 43 19 34 53 23 0 29 26 15 19 14 12 39 20 27 42 41 44 38 32 10 25 48 17 
44 41 22 41 37 5 20 37 29 26 16 43 35 44 39 33 24 29 38 5 48 40 29 0 26 14 17 20 30 17 23 42 15 40 37 35 43 29 3 35 13 
24 16 7 17 16 23 16 22 15 24 31 17 9 25 23 22 27 18 19 28 27 18 26 26 0 20 11 31 16 21 6 18 28 15 17 11 18 17 26 22 27 
43 31 20 37 34 8 7 38 30 12 11 36 27 43 25 36 12 31 25 19 46 28 15 14 20 0 9 12 17 24 14 31 26 35 35 31 33 15 11 37 7 
34 24 12 28 25 12 7 30 21 16 20 28 19 34 23 28 18 23 22 20 37 23 19 17 11 9 0 20 14 20 6 25 24 26 27 22 26 14 15 29 16 
55 40 32 49 46 16 15 50 42 12 5 47 36 55 29 48 8 43 31 26 58 35 14 20 31 12 20 0 23 35 25 39 35 47 48 43 42 20 16 49 7 
39 17 22 32 31 25 10 38 32 11 26 26 15 41 8 38 16 34 8 34 41 11 12 30 16 17 14 23 0 34 11 15 39 29 33 26 19 2 28 38 23 
29 37 13 28 23 20 27 21 13 36 32 34 30 28 42 16 36 12 40 14 33 39 39 17 21 24 20 35 34 0 23 40 7 28 22 24 38 34 20 19 29 
31 17 11 24 22 19 9 28 21 17 25 22 12 32 19 28 21 23 16 26 33 16 20 23 6 14 6 25 11 23 0 18 29 22 24 18 19 11 22 28 22 
33 4 26 25 27 37 24 36 32 26 41 16 9 35 13 38 31 35 8 45 34 4 27 42 18 31 25 39 15 40 18 0 46 22 29 21 5 18 41 36 38 
36 44 21 35 31 19 30 28 21 39 31 42 38 35 47 22 38 20 45 10 41 45 42 15 28 26 24 35 39 7 29 46 0 36 30 32 46 38 19 26 28 
11 18 17 3 6 38 31 15 15 39 47 7 14 13 32 19 43 18 28 40 12 24 41 40 15 35 26 47 29 28 22 22 36 0 8 4 17 31 40 16 43 
7 25 15 6 2 36 33 6 9 42 46 16 20 7 38 10 45 10 34 36 11 31 44 37 17 35 27 48 33 22 24 29 30 8 0 7 25 35 38 7 43 
13 17 13 6 5 33 27 14 12 35 42 10 12 14 31 17 39 15 26 35 15 23 38 35 11 31 22 43 26 24 18 21 32 4 7 0 17 28 36 15 39 
28 2 24 20 23 39 27 32 29 31 44 10 8 30 18 34 36 32 14 45 28 9 32 43 18 33 26 42 19 38 19 5 46 17 25 17 0 22 42 32 41 
41 19 23 34 33 23 8 40 33 8 23 29 18 42 10 40 13 35 10 33 44 14 10 29 17 15 14 20 2 34 11 18 38 31 35 28 22 0 26 39 21 
46 40 23 41 38 3 17 39 30 23 12 43 35 45 36 35 21 31 36 9 49 38 25 3 26 11 15 16 28 20 22 41 19 40 38 36 42 26 0 37 9 
11 32 17 13 9 36 36 2 7 45 47 24 27 9 44 3 47 6 40 33 15 38 48 35 22 37 29 49 38 19 28 36 26 16 7 15 32 39 37 0 43 
50 38 27 45 42 9 14 45 36 15 3 44 34 50 31 42 12 37 32 19 54 34 17 13 27 7 16 7 23 29 22 38 28 43 43 39 41 21 9 43 0 
0 416
115 281
188 354
1 167
58 224
198 364
10 176
51 217
108 274
226 392
154 320
87 253
45 211
117 283
121 287
176 342
56 222
11 177
127 293
50 216
75 241
45 211
194 360
8 174
19 185
118 284
148 314
59 225
83 249
242 408
215 381
113 279
107 273
122 288
248 414
32 198
109 275
111 277
126 292
207 373
71 237
