41
0 45 47 1 24 18 26 11 54 34 31 32 44 43 40 13 45 9 34 20 3 22 44 29 10 43 54 31 18 39 31 23 30 20 14 22 17 34 37 5 41 
45 0 4 43 23 31 35 35 8 16 15 22 25 12 12 35 29 36 12 28 49 30 25 35 42 14 9 21 31 26 23 30 16 24 38 25 28 43 39 45 22 
47 4 0 45 24 32 35 36 7 20 16 25 29 16 10 36 26 38 13 28 50 30 22 35 43 11 7 25 34 24 27 30 19 27 40 28 30 42 37 47 27 
1 43 45 0 22 17 25 9 52 32 29 30 42 41 38 12 44 7 32 18 5 20 43 28 10 41 52 29 16 38 29 22 28 18 13 20 15 34 36 5 39 
24 23 24 22 0 8 14 13 31 20 7 22 33 26 15 12 23 16 10 4 27 7 21 16 19 18 31 21 18 18 23 8 13 9 23 14 9 25 23 26 30 
18 31 32 17 8 0 9 8 39 27 16 28 40 34 23 4 26 13 19 4 20 3 25 13 11 25 39 27 19 21 28 5 20 13 22 18 9 20 20 22 37 
26 35 35 25 14 9 0 18 42 35 21 36 48 40 24 13 20 22 22 13 27 8 21 3 16 25 42 35 29 16 37 6 28 22 32 27 19 10 10 30 45 
11 35 36 9 13 8 18 0 43 26 19 25 38 34 28 4 34 4 23 8 14 11 33 21 9 32 43 24 13 29 25 13 20 11 14 14 7 28 28 13 35 
54 8 7 52 31 39 42 43 0 24 23 29 30 17 17 43 31 44 20 35 57 37 28 41 50 17 0 29 39 30 31 37 25 33 46 33 36 48 43 53 28 
34 16 20 32 20 27 35 26 24 0 15 5 13 9 21 28 38 24 16 23 38 27 35 36 35 25 25 4 17 33 7 29 6 14 23 12 19 45 42 32 10 
31 15 16 29 7 16 21 19 23 15 0 19 29 20 9 19 23 21 3 12 34 14 20 22 27 13 23 18 20 18 20 15 9 11 26 15 13 30 27 31 26 
32 22 25 30 22 28 36 25 29 5 19 0 12 13 26 28 42 23 20 24 36 28 39 39 34 30 30 1 14 37 1 30 9 14 19 10 18 47 45 29 9 
44 25 29 42 33 40 48 38 30 13 29 12 0 12 33 41 51 35 29 36 48 40 47 50 47 37 30 13 26 46 12 42 20 27 30 23 31 59 56 40 3 
43 12 16 41 26 34 40 34 17 9 20 13 12 0 21 36 39 33 19 30 47 33 36 42 43 25 18 13 26 35 14 35 14 23 32 21 27 50 47 41 10 
40 12 10 38 15 23 24 28 17 21 9 26 33 21 0 27 17 31 6 20 42 20 14 24 34 4 17 25 29 14 27 20 17 21 36 24 23 31 27 41 30 
13 35 36 12 12 4 13 4 43 28 19 28 41 36 27 0 31 9 23 7 15 8 30 16 7 30 43 27 17 26 28 9 22 14 19 18 9 23 24 17 38 
45 29 26 44 23 26 20 34 31 38 23 42 51 39 17 31 0 39 21 26 46 23 3 18 36 14 31 41 41 5 43 21 33 33 47 37 32 20 15 48 48 
9 36 38 7 16 13 22 4 44 24 21 23 35 33 31 9 39 0 25 12 13 16 37 26 12 34 44 22 9 33 22 18 20 11 9 12 8 33 33 9 32 
34 12 13 32 10 19 22 23 20 16 3 20 29 19 6 23 21 25 0 15 37 17 18 23 30 10 20 19 23 17 22 17 11 15 30 18 17 31 27 35 26 
20 28 28 18 4 4 13 8 35 23 12 24 36 30 20 7 26 12 15 0 22 4 25 15 14 23 36 23 16 20 24 7 16 9 20 14 6 23 22 22 33 
3 49 50 5 27 20 27 14 57 38 34 36 48 47 42 15 46 13 37 22 0 24 46 30 11 46 57 35 22 41 35 25 33 24 18 26 20 34 37 8 45 
22 30 30 20 7 3 8 11 37 27 14 28 40 33 20 8 23 16 17 4 24 0 22 11 14 22 37 27 21 17 29 2 20 14 25 19 11 19 18 25 37 
44 25 22 43 21 25 21 33 28 35 20 39 47 36 14 30 3 37 18 25 46 22 0 19 36 11 27 38 39 5 40 21 30 31 45 35 30 23 17 47 44 
29 35 35 28 16 13 3 21 41 36 22 39 50 42 24 16 18 26 23 15 30 11 19 0 19 24 41 37 32 14 39 8 30 25 35 30 22 8 7 34 47 
10 42 43 10 19 11 16 9 50 35 27 34 47 43 34 7 36 12 30 14 11 14 36 19 0 37 50 33 22 31 34 15 29 20 21 24 16 24 26 16 44 
43 14 11 41 18 25 25 32 17 25 13 30 37 25 4 30 14 34 10 23 46 22 11 24 37 0 17 29 34 12 32 22 21 25 40 28 27 31 26 44 34 
54 9 7 52 31 39 42 43 0 25 23 30 30 18 17 43 31 44 20 36 57 37 27 41 50 17 0 29 40 30 32 38 25 33 47 34 37 48 43 54 29 
31 21 25 29 21 27 35 24 29 4 18 1 13 13 25 27 41 22 19 23 35 27 38 37 33 29 29 0 13 36 2 29 8 13 19 9 17 46 44 28 10 
18 31 34 16 18 19 29 13 39 17 20 14 26 26 29 17 41 9 23 16 22 21 39 32 22 34 40 13 0 36 13 24 14 8 6 5 9 40 39 15 23 
39 26 24 38 18 21 16 29 30 33 18 37 46 35 14 26 5 33 17 20 41 17 5 14 31 12 30 36 36 0 38 16 28 27 41 32 27 19 13 42 43 
31 23 27 29 23 28 37 25 31 7 20 1 12 14 27 28 43 22 22 24 35 29 40 39 34 32 32 2 13 38 0 31 10 15 18 10 19 48 46 28 10 
23 30 30 22 8 5 6 13 37 29 15 30 42 35 20 9 21 18 17 7 25 2 21 8 15 22 38 29 24 16 31 0 22 16 27 21 14 16 15 27 39 
30 16 19 28 13 20 28 20 25 6 9 9 20 14 17 22 33 20 11 16 33 20 30 30 29 21 25 8 14 28 10 22 0 9 21 8 13 38 36 28 17 
20 24 27 18 9 13 22 11 33 14 11 14 27 23 21 14 33 11 15 9 24 14 31 25 20 25 33 13 8 27 15 16 9 0 14 5 4 33 32 20 24 
14 38 40 13 23 22 32 14 46 23 26 19 30 32 36 19 47 9 30 20 18 25 45 35 21 40 47 19 6 41 18 27 21 14 0 12 14 42 43 10 28 
22 25 28 20 14 18 27 14 33 12 15 10 23 21 24 18 37 12 18 14 26 19 35 30 24 28 34 9 5 32 10 21 8 5 12 0 8 38 37 20 20 
17 28 30 15 9 9 19 7 36 19 13 18 31 27 23 9 32 8 17 6 20 11 30 22 16 27 37 17 9 27 19 14 13 4 14 8 0 30 29 17 28 
34 43 42 34 25 20 10 28 48 45 30 47 59 50 31 23 20 33 31 23 34 19 23 8 24 31 48 46 40 19 48 16 38 33 42 38 30 0 5 39 56 
37 39 37 36 23 20 10 28 43 42 27 45 56 47 27 24 15 33 27 22 37 18 17 7 26 26 43 44 39 13 46 15 36 32 43 37 29 5 0 41 53 
5 45 47 5 26 22 30 13 53 32 31 29 40 41 41 17 48 9 35 22 8 25 47 34 16 44 54 28 15 42 28 27 28 20 10 20 17 39 41 0 38 
41 22 27 39 30 37 45 35 28 10 26 9 3 10 30 38 48 32 26 33 45 37 44 47 44 34 29 10 23 43 10 39 17 24 28 20 28 56 53 38 0 
0 367
185 258
171 244
286 359
187 260
112 185
53 126
114 187
7 80
244 317
27 100
231 304
191 264
199 272
107 180
113 186
265 338
78 151
238 311
9 82
143 216
96 169
169 242
221 294
27 100
53 126
282 355
145 218
190 263
94 167
200 273
14 87
247 320
270 343
34 107
57 130
116 189
122 195
65 138
205 278
158 231
