41
0 29 11 22 26 25 16 12 23 24 15 7 3 20 29 17 13 20 3 12 7 30 20 23 15 28 3 19 23 28 14 22 16 27 23 26 16 15 1 16 14 
29 0 34 35 44 27 12 21 50 51 29 37 26 45 58 35 42 16 29 39 26 60 13 45 14 40 26 47 44 38 22 7 45 8 51 43 21 15 30 45 43 
11 34 0 33 15 36 22 23 16 28 9 9 11 28 27 28 12 21 15 19 19 29 22 12 22 17 13 24 33 18 25 26 19 30 16 14 26 23 12 13 11 
22 35 33 0 48 10 27 15 41 25 37 25 23 16 39 5 28 36 18 18 15 39 33 45 23 50 22 22 11 50 13 31 25 38 40 48 13 21 20 33 31 
26 44 15 48 0 51 34 37 16 39 15 23 26 41 32 43 24 28 30 33 34 35 31 4 35 8 27 36 47 11 40 37 31 38 19 2 41 37 28 22 21 
25 27 36 10 51 0 23 14 48 35 38 31 25 26 48 14 35 33 22 26 17 48 30 49 19 51 23 31 22 51 11 26 33 33 46 51 10 17 24 39 38 
16 12 22 27 34 23 0 11 38 39 18 24 13 33 46 25 29 10 16 27 14 47 6 33 3 31 13 34 34 30 13 5 33 12 38 33 13 5 17 33 30 
12 21 23 15 37 14 11 0 36 31 23 20 12 24 40 14 25 20 10 19 6 41 17 36 7 37 10 26 23 37 2 16 26 23 35 37 3 6 12 29 27 
23 50 16 41 16 48 38 36 0 25 24 16 25 29 15 36 13 37 26 23 30 18 38 12 38 24 26 23 37 27 38 42 18 46 3 18 39 38 24 9 10 
24 51 28 25 39 35 39 31 25 0 37 19 27 8 16 20 16 44 23 12 25 14 44 35 37 45 27 4 15 47 31 45 9 51 22 40 32 36 22 17 18 
15 29 9 37 15 38 18 23 24 37 0 17 13 35 36 33 21 13 19 26 21 38 15 16 20 13 15 32 39 13 26 21 28 22 25 14 27 22 17 22 21 
7 37 9 25 23 31 24 20 16 19 17 0 10 18 21 20 5 26 10 9 14 23 26 19 22 27 11 14 23 28 21 29 10 34 15 23 23 23 7 9 7 
3 26 11 23 26 25 13 12 25 27 13 10 0 23 32 19 15 17 5 15 8 33 16 24 12 26 1 22 26 26 14 19 19 24 25 25 15 13 4 19 17 
20 45 28 16 41 26 33 24 29 8 35 18 23 0 23 12 17 40 18 8 19 22 39 37 30 45 22 6 7 46 23 39 11 46 27 41 24 29 18 20 20 
29 58 27 39 32 48 46 40 15 16 36 21 32 23 0 34 16 47 30 22 34 3 48 27 44 39 32 17 31 41 41 51 14 56 12 33 43 44 29 13 15 
17 35 28 5 43 14 25 14 36 20 33 20 19 12 34 0 22 34 14 12 11 34 31 40 21 45 18 17 9 46 13 30 20 37 34 43 13 20 15 27 26 
13 42 12 28 24 35 29 25 13 16 21 5 15 17 16 22 0 31 14 10 18 18 31 19 28 29 16 12 24 30 26 34 7 39 11 24 27 28 12 4 3 
20 16 21 36 28 33 10 20 37 44 13 26 17 40 47 34 31 0 22 32 22 49 3 29 14 24 18 40 42 22 23 9 36 9 37 27 23 15 22 34 32 
3 29 15 18 30 22 16 10 26 23 19 10 5 18 30 14 14 22 0 11 4 31 20 27 14 31 4 18 20 32 11 22 16 28 25 30 13 13 2 19 17 
12 39 19 18 33 26 27 19 23 12 26 9 15 8 22 12 10 32 11 0 13 22 31 29 24 37 15 7 14 38 19 33 7 39 21 33 21 24 10 14 13 
7 26 19 15 34 17 14 6 30 25 21 14 8 19 34 11 18 22 4 13 0 35 20 31 11 34 6 20 20 34 7 20 19 27 29 33 9 11 6 23 21 
30 60 29 39 35 48 47 41 18 14 38 23 33 22 3 34 18 49 31 22 35 0 49 30 45 42 34 16 30 44 42 52 15 57 15 36 43 45 30 15 17 
20 13 22 33 31 30 6 17 38 44 15 26 16 39 48 31 31 3 20 31 20 49 0 31 10 27 16 39 40 25 20 5 36 7 39 29 20 12 21 34 32 
23 45 12 45 4 49 33 36 12 35 16 19 24 37 27 40 19 29 27 29 31 30 31 0 34 12 25 32 43 15 38 37 26 38 14 6 39 36 25 17 17 
15 14 22 23 35 19 3 7 38 37 20 22 12 30 44 21 28 14 14 24 11 45 10 34 0 33 11 32 30 33 9 8 30 15 37 34 9 1 15 32 29 
28 40 17 50 8 51 31 37 24 45 13 27 26 45 39 45 29 24 31 37 34 42 27 12 33 0 28 41 51 3 40 33 36 32 27 6 41 35 29 28 27 
3 26 13 22 27 23 13 10 26 27 15 11 1 22 32 18 16 18 4 15 6 34 16 25 11 28 0 22 25 28 12 18 19 24 26 27 13 12 4 20 18 
19 47 24 22 36 31 34 26 23 4 32 14 22 6 17 17 12 40 18 7 20 16 39 32 32 41 22 0 14 43 26 40 5 46 21 37 27 31 17 15 15 
23 44 33 11 47 22 34 23 37 15 39 23 26 7 31 9 24 42 20 14 20 30 40 43 30 51 25 14 0 51 22 39 18 46 34 47 23 29 22 28 27 
28 38 18 50 11 51 30 37 27 47 13 28 26 46 41 46 30 22 32 38 34 44 25 15 33 3 28 43 51 0 39 31 37 30 29 9 40 34 30 30 29 
14 22 25 13 40 11 13 2 38 31 26 21 14 23 41 13 26 23 11 19 7 42 20 38 9 40 12 26 22 39 0 18 27 25 37 39 1 7 14 30 29 
22 7 26 31 37 26 5 16 42 45 21 29 19 39 51 30 34 9 22 33 20 52 5 37 8 33 18 40 39 31 18 0 38 7 43 35 17 10 22 38 36 
16 45 19 25 31 33 33 26 18 9 28 10 19 11 14 20 7 36 16 7 19 15 36 26 30 36 19 5 18 37 27 38 0 44 15 31 28 30 15 9 9 
27 8 30 38 38 33 12 23 46 51 22 34 24 46 56 37 39 9 28 39 27 57 7 38 15 32 24 46 46 30 25 7 44 0 46 36 24 17 28 42 40 
23 51 16 40 19 46 38 35 3 22 25 15 25 27 12 34 11 37 25 21 29 15 39 14 37 27 26 21 34 29 37 43 15 46 0 21 38 38 23 7 8 
26 43 14 48 2 51 33 37 18 40 14 23 25 41 33 43 24 27 30 33 33 36 29 6 34 6 27 37 47 9 39 35 31 36 21 0 40 36 27 23 22 
16 21 26 13 41 10 13 3 39 32 27 23 15 24 43 13 27 23 13 21 9 43 20 39 9 41 13 27 23 40 1 17 28 24 38 40 0 7 15 32 30 
15 15 23 21 37 17 5 6 38 36 22 23 13 29 44 20 28 15 13 24 11 45 12 36 1 35 12 31 29 34 7 10 30 17 38 36 7 0 15 32 30 
1 30 12 20 28 24 17 12 24 22 17 7 4 18 29 15 12 22 2 10 6 30 21 25 15 29 4 17 22 30 14 22 15 28 23 27 15 15 0 17 14 
16 45 13 33 22 39 33 29 9 17 22 9 19 20 13 27 4 34 19 14 23 15 34 17 32 28 20 15 28 30 30 38 9 42 7 23 32 32 17 0 2 
14 43 11 31 21 38 30 27 10 18 21 7 17 20 15 26 3 32 17 13 21 17 32 17 29 27 18 15 27 29 29 36 9 40 8 22 30 30 14 2 0 
0 440
79 211
53 185
249 381
163 295
70 202
128 260
193 325
285 417
118 250
151 283
112 244
295 427
83 215
68 200
227 359
46 178
227 359
226 358
269 401
79 211
163 295
10 142
185 317
139 271
294 426
111 243
297 429
215 347
84 216
221 353
15 147
292 424
12 144
154 286
210 342
154 286
25 157
275 407
246 378
219 351
