41
0 25 30 45 40 5 42 44 42 41 16 28 34 40 14 25 15 15 32 16 27 33 17 35 13 44 23 25 44 23 38 15 12 43 10 21 45 43 31 27 41 
25 0 19 36 18 26 19 22 38 33 32 10 40 31 11 4 39 41 8 13 22 8 8 34 15 35 25 34 26 9 24 28 33 37 15 29 46 21 25 17 36 
30 19 0 16 15 28 17 17 18 14 27 30 25 12 20 14 38 42 26 15 6 24 19 15 17 16 13 23 14 28 7 23 30 18 24 19 27 16 7 3 16 
45 36 16 0 24 41 26 24 8 4 36 46 23 4 37 31 49 53 41 31 17 39 36 13 33 0 22 27 17 45 12 33 40 6 40 27 17 23 14 19 6 
40 18 15 24 0 39 2 3 30 24 41 27 40 21 27 15 51 54 20 24 21 17 24 29 27 24 27 38 8 28 13 37 43 28 31 34 39 3 22 17 27 
5 26 28 41 39 0 41 43 37 37 11 31 29 36 14 25 13 15 33 14 24 34 17 31 12 41 19 20 42 26 35 10 8 38 12 16 40 41 27 24 37 
42 19 17 26 2 41 0 3 32 26 43 27 42 23 28 17 54 56 20 26 23 17 26 32 29 26 30 40 10 28 15 39 46 31 33 37 42 3 24 19 30 
44 22 17 24 3 43 3 0 30 24 44 30 41 22 30 19 55 58 23 28 23 20 28 31 30 23 30 40 7 31 14 40 46 29 35 37 40 1 24 19 28 
42 38 18 8 30 37 32 30 0 5 30 48 15 8 36 33 43 48 44 30 16 42 36 6 31 8 18 21 24 46 17 28 35 2 39 22 9 29 12 20 2 
41 33 14 4 24 37 26 24 5 0 31 44 19 2 33 29 44 49 39 27 13 37 33 8 29 4 17 23 18 42 11 29 36 4 37 23 15 23 10 16 3 
16 32 27 36 41 11 43 44 30 31 0 40 19 32 22 30 12 18 41 19 21 41 25 24 17 36 14 10 42 35 33 4 5 32 21 8 31 43 23 24 31 
28 10 30 46 27 31 27 30 48 44 40 0 50 42 17 15 44 44 7 22 33 10 15 44 23 46 35 43 35 4 34 36 39 48 19 38 56 30 36 28 47 
34 40 25 23 40 29 42 41 15 19 19 50 0 21 35 36 31 36 48 29 19 47 35 11 28 23 15 9 36 47 27 19 24 17 36 13 12 40 17 24 17 
40 31 12 4 21 36 23 22 8 2 32 42 21 0 32 26 45 49 37 26 12 35 31 10 28 4 17 24 15 40 8 29 36 7 36 23 18 20 9 14 6 
14 11 20 37 27 14 28 30 36 33 22 17 35 32 0 11 28 29 19 6 20 19 2 31 6 36 19 27 32 12 27 19 22 37 4 22 42 29 24 17 35 
25 4 14 31 15 25 17 19 33 29 30 15 36 26 11 0 39 40 11 11 18 10 9 29 13 30 21 31 22 14 19 26 31 33 16 26 41 18 21 13 31 
15 39 38 49 51 13 54 55 43 44 12 44 31 45 28 39 0 5 47 27 34 48 31 36 25 48 27 22 53 39 45 15 8 45 25 21 43 53 36 35 44 
15 41 42 53 54 15 56 58 48 49 18 44 36 49 29 40 5 0 48 30 38 49 32 42 27 53 31 28 57 39 49 20 13 50 26 26 49 56 40 39 49 
32 8 26 41 20 33 20 23 44 39 41 7 48 37 19 11 47 48 0 21 29 3 16 41 23 41 33 43 28 10 29 37 41 44 22 38 53 23 32 25 42 
16 13 15 31 24 14 26 28 30 27 19 22 29 26 6 11 27 30 21 0 14 21 6 24 2 30 13 21 28 18 22 15 20 30 9 16 36 26 17 11 29 
27 22 6 17 21 24 23 23 16 13 21 33 19 12 20 18 34 38 29 14 0 28 20 11 15 16 7 16 20 30 11 18 25 16 23 14 23 22 3 5 15 
33 8 24 39 17 34 17 20 42 37 41 10 47 35 19 10 48 49 3 21 28 0 17 39 23 38 32 42 26 13 26 37 41 41 23 37 51 20 31 23 40 
17 8 19 36 24 17 26 28 36 33 25 15 35 31 2 9 31 32 16 6 20 17 0 31 7 35 20 28 30 11 25 21 24 36 7 23 43 27 23 16 35 
35 34 15 13 29 31 32 31 6 8 24 44 11 10 31 29 36 42 41 24 11 39 31 0 25 12 12 14 25 42 16 22 28 8 33 15 11 29 8 16 7 
13 15 17 33 27 12 29 30 31 29 17 23 28 28 6 13 25 27 23 2 15 23 7 25 0 32 13 21 31 18 24 13 17 32 8 15 37 29 19 14 30 
44 35 16 0 24 41 26 23 8 4 36 46 23 4 36 30 48 53 41 30 16 38 35 12 32 0 21 27 16 44 11 33 40 6 40 27 17 22 13 19 6 
23 25 13 22 27 19 30 30 18 17 14 35 15 17 19 21 27 31 33 13 7 32 20 12 13 21 0 10 27 31 18 11 18 19 22 6 23 29 8 10 18 
25 34 23 27 38 20 40 40 21 23 10 43 9 24 27 31 22 28 43 21 16 42 28 14 21 27 10 0 36 39 27 10 15 23 27 5 21 39 17 21 22 
44 26 14 17 8 42 10 7 24 18 42 35 36 15 32 22 53 57 28 28 20 26 30 25 31 16 27 36 0 35 8 38 45 22 37 34 33 6 19 17 21 
23 9 28 45 28 26 28 31 46 42 35 4 47 40 12 14 39 39 10 18 30 13 11 42 18 44 31 39 35 0 33 32 34 46 14 34 53 31 33 26 45 
38 24 7 12 13 35 15 14 17 11 33 34 27 8 27 19 45 49 29 22 11 26 25 16 24 11 18 27 8 33 0 29 37 15 31 25 26 12 10 10 14 
15 28 23 33 37 10 39 40 28 29 4 36 19 29 19 26 15 20 37 15 18 37 21 22 13 33 11 10 38 32 29 0 7 30 18 6 30 38 20 20 28 
12 33 30 40 43 8 46 46 35 36 5 39 24 36 22 31 8 13 41 20 25 41 24 28 17 40 18 15 45 34 37 7 0 37 20 13 36 45 27 27 35 
43 37 18 6 28 38 31 29 2 4 32 48 17 7 37 33 45 50 44 30 16 41 36 8 32 6 19 23 22 46 15 30 37 0 40 24 11 28 12 20 1 
10 15 24 40 31 12 33 35 39 37 21 19 36 36 4 16 25 26 22 9 23 23 7 33 8 40 22 27 37 14 31 18 20 40 0 22 45 34 27 21 38 
21 29 19 27 34 16 37 37 22 23 8 38 13 23 22 26 21 26 38 16 14 37 23 15 15 27 6 5 34 34 25 6 13 24 22 0 24 36 15 17 22 
45 46 27 17 39 40 42 40 9 15 31 56 12 18 42 41 43 49 53 36 23 51 43 11 37 17 23 21 33 53 26 30 36 11 45 24 0 39 20 28 12 
43 21 16 23 3 41 3 1 29 23 43 30 40 20 29 18 53 56 23 26 22 20 27 29 29 22 29 39 6 31 12 38 45 28 34 36 39 0 22 18 27 
31 25 7 14 22 27 24 24 12 10 23 36 17 9 24 21 36 40 32 17 3 31 23 8 19 13 8 17 19 33 10 20 27 12 27 15 20 22 0 7 11 
27 17 3 19 17 24 19 19 20 16 24 28 24 14 17 13 35 39 25 11 5 23 16 16 14 19 10 21 17 26 10 20 27 20 21 17 28 18 7 0 18 
41 36 16 6 27 37 30 28 2 3 31 47 17 6 35 31 44 49 42 29 15 40 35 7 30 6 18 22 21 45 14 28 35 1 38 22 12 27 11 18 0 
0 538
121 336
30 245
61 276
266 481
9 224
40 255
260 475
124 339
65 280
292 507
261 476
289 504
295 510
98 313
18 233
169 384
99 314
175 390
314 529
186 401
59 274
188 403
25 240
113 328
201 416
148 363
58 273
276 491
300 515
97 312
35 250
94 309
102 317
246 461
308 523
244 459
286 501
133 348
7 222
121 336
