41
0 43 39 45 44 40 31 46 38 5 47 32 43 38 13 44 38 33 45 26 22 34 38 18 36 42 35 45 44 25 40 34 34 54 53 23 14 32 33 41 15 
43 0 9 15 15 36 38 22 46 40 19 26 0 28 31 40 38 38 39 23 23 19 5 33 9 2 11 9 52 20 23 19 11 21 18 43 32 11 15 34 31 
39 9 0 8 8 41 41 30 49 37 27 30 9 33 28 45 42 41 44 24 17 10 8 32 13 10 3 18 56 20 29 23 14 30 27 44 26 8 6 39 28 
45 15 8 0 0 49 49 37 57 43 34 38 14 41 34 53 50 49 52 32 22 11 16 40 21 17 10 24 64 28 37 31 22 36 33 52 31 16 11 48 36 
44 15 8 0 0 49 49 37 58 43 35 38 15 42 34 54 50 49 52 32 22 10 16 40 21 17 10 24 64 28 38 31 22 36 33 52 30 16 11 48 36 
40 36 41 49 49 0 10 17 11 35 21 11 36 7 30 4 3 8 5 19 38 46 32 22 27 33 39 28 16 24 12 17 26 27 28 21 41 33 41 2 27 
31 38 41 49 49 10 0 25 8 26 28 12 38 14 23 12 7 2 15 17 34 44 34 14 29 36 39 33 15 21 18 19 27 35 35 10 34 33 40 12 20 
46 22 30 37 37 17 25 0 29 41 3 15 22 11 34 21 20 23 18 20 35 38 21 29 17 20 30 13 34 22 6 12 18 9 10 34 41 25 33 15 31 
38 46 49 57 58 11 8 29 0 34 32 19 46 18 32 10 8 8 13 25 43 53 42 22 36 43 47 39 6 30 23 26 35 39 40 15 43 41 48 14 29 
5 40 37 43 43 35 26 41 34 0 43 27 40 33 9 39 33 28 40 21 20 33 35 13 32 38 33 41 39 21 35 29 30 50 48 19 14 29 31 36 10 
47 19 27 34 35 21 28 3 32 43 0 17 19 14 34 24 24 26 22 21 34 36 19 31 16 17 28 10 37 22 9 13 17 7 7 37 41 23 31 18 32 
32 26 30 38 38 11 12 15 19 27 17 0 26 6 21 16 12 11 15 8 27 35 22 14 17 23 28 21 25 13 8 7 16 24 24 19 30 22 30 11 18 
43 0 9 14 15 36 38 22 46 40 19 26 0 28 31 40 38 38 39 23 23 19 5 33 9 2 11 9 52 20 24 19 11 21 18 43 32 11 14 34 30 
38 28 33 41 42 7 14 11 18 33 14 6 28 0 27 12 9 12 10 14 33 40 25 20 20 25 32 21 24 18 5 10 19 21 21 23 37 26 34 6 24 
13 31 28 34 34 30 23 34 32 9 34 21 31 27 0 35 29 24 35 13 13 26 25 9 22 29 24 32 38 12 28 21 21 41 39 20 10 20 23 31 3 
44 40 45 53 54 4 12 21 10 39 24 16 40 12 35 0 5 11 3 24 43 51 37 26 32 37 44 32 13 29 16 22 31 29 31 23 45 38 46 5 31 
38 38 42 50 50 3 7 20 8 33 24 12 38 9 29 5 0 5 7 19 38 47 34 20 29 35 40 31 14 24 15 18 28 30 31 18 40 34 42 5 26 
33 38 41 49 49 8 2 23 8 28 26 11 38 12 24 11 5 0 13 17 35 44 33 15 28 35 39 32 15 22 17 18 27 33 34 12 35 33 40 10 21 
45 39 44 52 52 5 15 18 13 40 22 15 39 10 35 3 7 13 0 24 43 50 36 27 31 36 43 30 16 29 15 21 30 27 28 25 46 37 45 4 32 
26 23 24 32 32 19 17 20 25 21 21 8 23 14 13 24 19 17 24 0 18 27 18 10 13 20 22 21 32 4 14 8 11 28 27 20 22 16 23 19 10 
22 23 17 22 22 38 34 35 43 20 34 27 23 33 13 43 38 35 43 18 0 12 19 21 18 22 13 28 49 14 31 23 17 40 37 33 9 12 11 38 15 
34 19 10 11 10 46 44 38 53 33 36 35 19 40 26 51 47 44 50 27 12 0 17 33 20 20 8 27 60 22 37 29 20 40 37 44 20 13 5 45 27 
38 5 8 16 16 32 34 21 42 35 19 22 5 25 25 37 34 33 36 18 19 17 0 28 5 3 9 10 48 14 21 15 6 22 19 38 27 6 12 31 25 
18 33 32 40 40 22 14 29 22 13 31 14 33 20 9 26 20 15 27 10 21 33 28 0 23 30 30 31 29 13 22 18 21 38 37 11 20 24 29 23 6 
36 9 13 21 21 27 29 17 36 32 16 17 9 20 22 32 29 28 31 13 18 20 5 23 0 7 13 9 43 10 16 10 1 21 18 33 26 7 15 26 21 
42 2 10 17 17 33 36 20 43 38 17 23 2 25 29 37 35 35 36 20 22 20 3 30 7 0 11 7 49 17 21 16 8 20 17 41 31 9 15 31 28 
35 11 3 10 10 39 39 30 47 33 28 28 11 32 24 44 40 39 43 22 13 8 9 30 13 11 0 19 54 17 29 22 13 32 29 41 22 6 3 39 25 
45 9 18 24 24 28 33 13 39 41 10 21 9 21 32 32 31 32 30 21 28 27 10 31 9 7 19 0 45 19 16 14 11 12 9 40 36 16 22 26 30 
44 52 56 64 64 16 15 34 6 39 37 25 52 24 38 13 14 15 16 32 49 60 48 29 43 49 54 45 0 37 29 32 42 43 44 20 49 48 55 18 35 
25 20 20 28 28 24 21 22 30 21 22 13 20 18 12 29 24 22 29 4 14 22 14 13 10 17 17 19 37 0 17 10 8 28 27 24 19 11 18 24 11 
40 23 29 37 38 12 18 6 23 35 9 8 24 5 28 16 15 17 15 14 31 37 21 22 16 21 29 16 29 17 0 7 16 16 16 27 36 23 31 10 25 
34 19 23 31 31 17 19 12 26 29 13 7 19 10 21 22 18 18 21 8 23 29 15 18 10 16 22 14 32 10 7 0 9 20 19 26 29 16 24 16 19 
34 11 14 22 22 26 27 18 35 30 17 16 11 19 21 31 28 27 30 11 17 20 6 21 1 8 13 11 42 8 16 9 0 22 20 32 25 7 15 26 20 
54 21 30 36 36 27 35 9 39 50 7 24 21 21 41 29 30 33 27 28 40 40 22 38 21 20 32 12 43 28 16 20 22 0 3 44 47 28 35 24 39 
53 18 27 33 33 28 35 10 40 48 7 24 18 21 39 31 31 34 28 27 37 37 19 37 18 17 29 9 44 27 16 19 20 3 0 44 45 25 32 25 37 
23 43 44 52 52 21 10 34 15 19 37 19 43 23 20 23 18 12 25 20 33 44 38 11 33 41 41 40 20 24 27 26 32 44 44 0 30 35 41 23 17 
14 32 26 31 30 41 34 41 43 14 41 30 32 37 10 45 40 35 46 22 9 20 27 20 26 31 22 36 49 19 36 29 25 47 45 30 0 21 20 41 14 
32 11 8 16 16 33 33 25 41 29 23 22 11 26 20 38 34 33 37 16 12 13 6 24 7 9 6 16 48 11 23 16 7 28 25 35 21 0 8 32 20 
33 15 6 11 11 41 40 33 48 31 31 30 14 34 23 46 42 40 45 23 11 5 12 29 15 15 3 22 55 18 31 24 15 35 32 41 20 8 0 40 25 
41 34 39 48 48 2 12 15 14 36 18 11 34 6 31 5 5 10 4 19 38 45 31 23 26 31 39 26 18 24 10 16 26 24 25 23 41 32 40 0 28 
15 31 28 36 36 27 20 31 29 10 32 18 30 24 3 31 26 21 32 10 15 27 25 6 21 28 25 30 35 11 25 19 20 39 37 17 14 20 25 28 0 
0 636
377 567
146 336
234 424
78 268
349 539
358 548
343 533
0 190
261 451
405 595
364 554
58 248
50 240
37 227
274 464
442 632
185 375
57 247
290 480
12 202
97 287
115 305
238 428
419 609
424 614
141 331
369 559
156 346
41 231
67 257
227 417
91 281
278 468
279 469
157 347
358 548
43 233
419 609
0 190
382 572
