41
0 18 29 26 8 7 38 33 8 6 19 20 18 17 13 29 41 29 16 40 12 8 27 41 31 42 38 27 39 20 26 49 23 14 27 35 41 38 33 15 37 
18 0 12 11 17 24 26 17 13 14 8 17 3 19 17 12 24 12 9 22 6 26 11 23 14 28 23 18 21 9 11 31 14 18 13 17 23 20 27 6 24 
29 12 0 3 25 36 29 19 22 26 11 27 10 31 29 13 11 12 21 12 16 37 2 11 2 29 24 14 14 19 16 21 23 30 18 12 17 15 22 14 26 
26 11 3 0 22 33 32 21 19 24 8 27 9 30 28 15 14 15 20 16 14 35 1 15 5 32 26 10 17 19 17 25 23 29 20 15 20 19 19 11 29 
8 17 25 22 0 15 41 34 3 12 14 25 16 23 20 29 36 29 19 38 11 14 23 37 28 44 40 20 38 22 27 47 27 21 29 34 40 37 25 11 40 
7 24 36 33 15 0 40 37 16 10 26 21 25 16 13 34 48 34 19 46 19 5 34 47 38 45 42 35 45 24 30 55 26 14 31 40 46 43 40 22 40 
38 26 29 32 41 40 0 10 38 31 34 19 28 24 26 16 36 17 21 26 30 45 31 32 31 6 8 42 22 18 14 31 14 26 12 19 20 18 51 32 3 
33 17 19 21 34 37 10 0 31 27 24 18 20 24 25 6 26 6 17 16 23 41 21 22 20 10 5 32 13 13 6 23 12 25 5 9 12 9 41 24 7 
8 13 22 19 3 16 38 31 0 11 11 23 12 21 18 25 33 26 16 34 7 16 20 34 24 41 36 19 34 19 24 43 24 19 26 30 36 33 24 8 36 
6 14 26 24 12 10 31 27 11 0 18 13 15 10 7 23 38 24 9 36 10 14 25 37 29 35 32 28 34 14 20 45 16 8 21 30 36 32 35 13 31 
19 8 11 8 14 26 34 24 11 18 0 24 5 26 23 18 21 18 17 24 8 27 9 23 13 35 30 10 24 17 19 32 22 24 21 21 27 24 19 4 31 
20 17 27 27 25 21 19 18 23 13 24 0 20 5 7 18 39 19 7 32 17 26 28 36 30 24 22 35 30 8 14 40 6 7 13 25 30 27 44 21 19 
18 3 10 9 16 25 28 20 12 15 5 20 0 21 19 14 22 14 12 22 6 27 9 22 13 30 25 15 21 12 13 31 17 20 16 18 23 21 24 4 26 
17 19 31 30 23 16 24 24 21 10 26 5 21 0 3 23 42 24 9 37 18 21 31 40 33 30 28 36 35 12 19 45 11 2 18 30 35 32 44 21 25 
13 17 29 28 20 13 26 25 18 7 23 7 19 3 0 23 41 24 8 37 15 18 29 39 32 31 29 34 35 12 19 45 12 1 19 30 35 32 42 19 27 
29 12 13 15 29 34 16 6 25 23 18 18 14 23 23 0 22 1 14 14 18 37 15 18 15 16 11 26 12 10 3 22 12 23 5 7 12 9 35 18 13 
41 24 11 14 36 48 36 26 33 38 21 39 22 42 41 22 0 21 33 11 28 49 13 5 9 34 29 18 15 30 26 15 33 42 27 17 18 18 24 25 33 
29 12 12 15 29 34 17 6 26 24 18 19 14 24 24 1 21 0 15 13 18 38 14 17 14 17 12 25 11 11 5 21 13 24 6 6 11 8 35 18 13 
16 9 21 20 19 19 21 17 16 9 17 7 12 9 8 14 33 15 0 28 10 23 21 31 23 26 22 27 26 4 11 37 7 9 11 21 27 24 36 13 21 
40 22 12 16 38 46 26 16 34 36 24 32 22 37 37 14 11 13 28 0 27 49 15 6 11 23 18 26 3 24 18 9 26 37 19 7 6 7 33 26 22 
12 6 16 14 11 19 30 23 7 10 8 17 6 18 15 18 28 18 10 27 0 21 15 28 19 33 29 18 27 12 16 37 17 16 18 23 29 26 26 3 29 
8 26 37 35 14 5 45 41 16 14 27 26 27 21 18 37 49 38 23 49 21 0 36 49 40 49 46 34 48 28 34 58 30 19 35 43 49 46 39 23 45 
27 11 2 1 23 34 31 21 20 25 9 28 9 31 29 15 13 14 21 15 15 36 0 13 4 32 26 11 17 19 17 24 24 30 20 15 19 18 20 12 28 
41 23 11 15 37 47 32 22 34 37 23 36 22 40 39 18 5 17 31 6 28 49 13 0 9 29 24 22 10 27 22 10 30 40 24 12 12 13 29 26 28 
31 14 2 5 28 38 31 20 24 29 13 30 13 33 32 15 9 14 23 11 19 40 4 9 0 30 25 14 13 21 18 19 25 33 20 12 16 15 22 16 27 
42 28 29 32 44 45 6 10 41 35 35 24 30 30 31 16 34 17 26 23 33 49 32 29 30 0 5 43 19 22 17 26 19 31 15 17 17 16 52 34 4 
38 23 24 26 40 42 8 5 36 32 30 22 25 28 29 11 29 12 22 18 29 46 26 24 25 5 0 37 14 18 12 23 16 29 11 12 12 10 46 30 4 
27 18 14 10 20 35 42 32 19 28 10 35 15 36 34 26 18 25 27 26 18 34 11 22 14 43 37 0 28 27 27 33 32 35 30 26 30 29 9 14 39 
39 21 14 17 38 45 22 13 34 34 24 30 21 35 35 12 15 11 26 3 27 48 17 10 13 19 14 28 0 22 16 10 24 35 16 4 3 3 36 26 18 
20 9 19 19 22 24 18 13 19 14 17 8 12 12 12 10 30 11 4 24 12 28 19 27 21 22 18 27 22 0 6 33 5 13 7 17 22 19 36 14 17 
26 11 16 17 27 30 14 6 24 20 19 14 13 19 19 3 26 5 11 18 16 34 17 22 18 17 12 27 16 6 0 26 8 19 2 11 16 13 37 17 12 
49 31 21 25 47 55 31 23 43 45 32 40 31 45 45 22 15 21 37 9 37 58 24 10 19 26 23 33 10 33 26 0 34 46 27 15 10 13 40 35 27 
23 14 23 23 27 26 14 12 24 16 22 6 17 11 12 12 33 13 7 26 17 30 24 30 25 19 16 32 24 5 8 34 0 12 7 19 23 20 41 19 14 
14 18 30 29 21 14 26 25 19 8 24 7 20 2 1 23 42 24 9 37 16 19 30 40 33 31 29 35 35 13 19 46 12 0 19 30 35 32 43 20 27 
27 13 18 20 29 31 12 5 26 21 21 13 16 18 19 5 27 6 11 19 18 35 20 24 20 15 11 30 16 7 2 27 7 19 0 12 16 13 39 19 10 
35 17 12 15 34 40 19 9 30 30 21 25 18 30 30 7 17 6 21 7 23 43 15 12 12 17 12 26 4 17 11 15 19 30 12 0 5 3 35 22 15 
41 23 17 20 40 46 20 12 36 36 27 30 23 35 35 12 18 11 27 6 29 49 19 12 16 17 12 30 3 22 16 10 23 35 16 5 0 3 39 28 16 
38 20 15 19 37 43 18 9 33 32 24 27 21 32 32 9 18 8 24 7 26 46 18 13 15 16 10 29 3 19 13 13 20 32 13 3 3 0 38 25 14 
33 27 22 19 25 40 51 41 24 35 19 44 24 44 42 35 24 35 36 33 26 39 20 29 22 52 46 9 36 36 37 40 41 43 39 35 39 38 0 23 48 
15 6 14 11 11 22 32 24 8 13 4 21 4 21 19 18 25 18 13 26 3 23 12 26 16 34 30 14 26 14 17 35 19 20 19 22 28 25 23 0 30 
37 24 26 29 40 40 3 7 36 31 31 19 26 25 27 13 33 13 21 22 29 45 28 28 27 4 4 39 18 17 12 27 14 27 10 15 16 14 48 30 0 
0 734
138 358
361 581
274 494
49 269
498 718
428 648
212 432
307 527
384 604
432 652
175 395
396 616
68 288
443 663
509 729
491 711
190 410
451 671
14 234
375 595
21 241
462 682
370 590
426 646
347 567
129 349
393 613
482 702
142 362
215 435
24 244
352 572
442 662
403 623
485 705
446 666
279 499
315 535
230 450
460 680
