41
0 12 37 17 31 31 5 10 27 26 12 13 24 23 20 13 9 34 16 7 14 24 32 33 22 20 28 30 21 15 31 35 21 26 30 20 24 27 11 19 8 
12 0 46 26 36 43 8 23 29 32 12 22 36 35 32 17 9 46 28 5 24 30 44 38 32 14 41 41 18 28 33 41 12 32 38 17 37 29 11 17 17 
37 46 0 19 18 23 42 30 26 18 49 42 34 25 20 48 46 18 20 41 22 19 15 16 15 42 25 11 36 31 27 14 44 16 10 36 33 28 48 35 41 
17 26 19 0 16 23 23 13 17 12 29 25 25 18 10 30 26 22 6 22 3 10 19 17 6 25 22 15 20 18 21 18 27 10 13 20 25 18 28 18 23 
31 36 18 16 0 35 35 30 8 4 43 41 41 33 25 45 39 32 22 33 19 6 29 2 18 28 35 24 20 34 9 5 30 6 8 21 40 10 42 20 38 
31 43 23 23 35 0 36 20 39 32 40 28 13 8 12 37 38 6 18 38 23 31 8 35 18 47 2 12 43 17 43 35 48 30 28 42 12 41 39 41 30 
5 8 42 23 35 36 0 16 30 31 7 14 28 28 25 11 4 39 22 4 20 29 38 37 27 19 34 36 22 20 34 40 19 31 35 21 29 30 6 20 9 
10 23 30 13 30 20 16 0 29 25 20 12 14 12 10 19 18 23 9 18 10 23 22 31 15 29 18 21 27 5 33 32 30 24 26 26 14 30 19 25 11 
27 29 26 17 8 39 30 29 0 7 38 39 42 35 27 41 34 37 23 27 18 8 34 11 21 19 39 29 12 34 4 14 21 10 15 12 42 1 37 12 35 
26 32 18 12 4 32 31 25 7 0 38 37 37 29 21 40 35 30 17 28 14 2 26 6 14 25 32 21 17 30 10 8 27 2 7 18 36 9 37 17 34 
12 12 49 29 43 40 7 20 38 38 0 13 29 32 30 5 3 44 28 11 26 36 43 45 34 25 37 41 29 22 42 47 25 38 42 28 30 38 1 27 9 
13 22 42 25 41 28 14 12 39 37 13 0 16 20 22 8 13 33 21 18 22 35 33 43 27 33 25 32 34 11 43 44 33 35 38 33 17 40 13 32 5 
24 36 34 25 41 13 28 14 42 37 29 16 0 9 15 25 28 20 19 31 23 35 21 41 23 43 11 23 41 8 46 42 44 34 35 41 1 43 29 39 20 
23 35 25 18 33 8 28 12 35 29 32 20 9 0 7 29 30 12 12 30 17 27 12 33 14 40 5 13 36 9 39 33 41 26 26 36 8 36 31 35 22 
20 32 20 10 25 12 25 10 27 21 30 22 15 7 0 29 28 14 5 26 10 20 12 26 7 34 11 10 30 11 31 26 36 19 19 30 15 29 30 28 22 
13 17 48 30 45 37 11 19 41 40 5 8 25 29 29 0 7 41 28 15 27 38 41 46 33 30 34 40 33 19 45 48 30 39 43 32 26 41 6 31 7 
9 9 46 26 39 38 4 18 34 35 3 13 28 30 28 7 0 42 25 8 23 33 41 41 31 23 36 39 26 21 39 44 22 35 39 24 29 34 2 24 8 
34 46 18 22 32 6 39 23 37 30 44 33 20 12 14 41 42 0 18 41 23 29 3 31 16 48 8 8 43 21 40 30 49 27 24 42 19 39 43 41 35 
16 28 20 6 22 18 22 9 23 17 28 21 19 12 5 28 25 18 0 23 4 16 16 22 5 29 16 13 25 12 27 23 30 15 17 24 19 24 27 23 20 
7 5 41 22 33 38 4 18 27 28 11 18 31 30 26 15 8 41 23 0 19 26 39 35 27 15 36 36 17 23 31 37 14 28 33 16 32 27 10 15 13 
14 24 22 3 19 23 20 10 18 14 26 22 23 17 10 27 23 23 4 19 0 12 20 20 7 24 21 17 20 15 23 22 26 13 16 19 23 20 25 18 20 
24 30 19 10 6 31 29 23 8 2 36 35 35 27 20 38 33 29 16 26 12 0 26 8 13 24 31 21 17 28 11 10 26 2 8 17 35 10 35 16 32 
32 44 15 19 29 8 38 22 34 26 43 33 21 12 12 41 41 3 16 39 20 26 0 28 13 45 10 5 40 21 37 27 47 24 20 40 20 36 42 38 34 
33 38 16 17 2 35 37 31 11 6 45 43 41 33 26 46 41 31 22 35 20 8 28 0 18 30 35 23 23 35 11 3 32 7 7 23 41 12 44 23 40 
22 32 15 6 18 18 27 15 21 14 34 27 23 14 7 33 31 16 5 27 7 13 13 18 0 31 17 9 26 17 25 19 33 12 12 26 22 23 33 25 26 
20 14 42 25 28 47 19 29 19 25 25 33 43 40 34 30 23 48 29 15 24 24 45 30 31 0 45 41 7 34 22 33 2 26 32 6 44 18 25 7 28 
28 41 25 22 35 2 34 18 39 32 37 25 11 5 11 34 36 8 16 36 21 31 10 35 17 45 0 13 41 14 42 35 47 30 28 41 10 40 37 40 28 
30 41 11 15 24 12 36 21 29 21 41 32 23 13 10 40 39 8 13 36 17 21 5 23 9 41 13 0 35 21 32 22 43 19 15 35 22 31 40 34 33 
21 18 36 20 20 43 22 27 12 17 29 34 41 36 30 33 26 43 25 17 20 17 40 23 26 7 41 35 0 32 15 26 9 19 25 1 41 11 28 1 29 
15 28 31 18 34 17 20 5 34 30 22 11 8 9 11 19 21 21 12 23 15 28 21 35 17 34 14 21 32 0 38 36 35 28 29 32 9 35 22 31 13 
31 33 27 21 9 43 34 33 4 10 42 43 46 39 31 45 39 40 27 31 23 11 37 11 25 22 42 32 15 38 0 14 24 13 17 16 46 4 41 16 40 
35 41 14 18 5 35 40 32 14 8 47 44 42 33 26 48 44 30 23 37 22 10 27 3 19 33 35 22 26 36 14 0 35 9 7 26 41 15 46 26 42 
21 12 44 27 30 48 19 30 21 27 25 33 44 41 36 30 22 49 30 14 26 26 47 32 33 2 47 43 9 35 24 35 0 28 34 9 45 20 24 9 28 
26 32 16 10 6 30 31 24 10 2 38 35 34 26 19 39 35 27 15 28 13 2 24 7 12 26 30 19 19 28 13 9 28 0 6 19 34 12 37 19 33 
30 38 10 13 8 28 35 26 15 7 42 38 35 26 19 43 39 24 17 33 16 8 20 7 12 32 28 15 25 29 17 7 34 6 0 25 34 17 41 25 36 
20 17 36 20 21 42 21 26 12 18 28 33 41 36 30 32 24 42 24 16 19 17 40 23 26 6 41 35 1 32 16 26 9 19 25 0 41 12 27 1 28 
24 37 33 25 40 12 29 14 42 36 30 17 1 8 15 26 29 19 19 32 23 35 20 41 22 44 10 22 41 9 46 41 45 34 34 41 0 43 30 40 21 
27 29 28 18 10 41 30 30 1 9 38 40 43 36 29 41 34 39 24 27 20 10 36 12 23 18 40 31 11 35 4 15 20 12 17 12 43 0 37 12 36 
11 11 48 28 42 39 6 19 37 37 1 13 29 31 30 6 2 43 27 10 25 35 42 44 33 25 37 40 28 22 41 46 24 37 41 27 30 37 0 26 8 
19 17 35 18 20 41 20 25 12 17 27 32 39 35 28 31 24 41 23 15 18 16 38 23 25 7 40 34 1 31 16 26 9 19 25 1 40 12 26 0 27 
8 17 41 23 38 30 9 11 35 34 9 5 20 22 22 7 8 35 20 13 20 32 34 40 26 28 28 33 29 13 40 42 28 33 36 28 21 36 8 27 0 
0 636
12 266
301 555
216 470
105 359
156 410
289 543
103 357
219 473
21 275
253 507
112 366
145 399
67 321
337 591
269 523
49 303
265 519
316 570
152 406
198 452
156 410
192 446
358 612
72 326
157 411
34 288
141 395
31 285
301 555
211 465
107 361
284 538
128 382
288 542
222 476
380 634
116 370
22 276
29 283
373 627
