41
0 18 1 21 32 15 23 30 24 15 13 17 11 17 17 9 13 17 36 19 9 33 31 18 32 8 30 20 6 6 18 5 27 28 17 23 8 35 12 32 6 
18 0 16 6 23 27 35 44 5 29 20 34 29 7 30 18 27 2 25 34 26 38 31 35 26 14 39 11 14 12 4 22 9 10 7 36 13 35 27 26 14 
1 16 0 20 30 16 23 31 22 16 12 19 13 15 18 9 15 15 35 21 11 33 30 19 30 7 30 18 5 4 16 7 25 26 15 24 6 34 13 31 5 
21 6 20 0 16 32 34 43 8 34 18 38 33 5 36 24 32 8 18 39 30 34 26 36 20 19 36 6 18 15 3 26 6 11 4 36 15 30 32 19 19 
32 23 30 16 0 46 33 41 24 47 21 49 42 17 48 37 45 24 5 51 42 25 16 40 6 33 30 12 31 27 18 38 19 25 16 35 24 18 44 5 32 
15 27 16 32 46 0 35 40 31 2 28 9 11 29 3 8 1 25 50 7 6 47 46 26 46 13 44 33 14 19 29 9 36 35 30 34 22 50 4 46 13 
23 35 23 34 33 35 0 8 40 34 15 32 24 29 35 32 34 34 38 36 28 15 20 11 28 31 9 28 28 25 32 26 41 44 29 2 22 22 31 29 28 
30 44 31 43 41 40 8 0 49 38 24 35 29 38 40 39 39 43 46 40 33 20 27 14 35 38 12 37 36 33 41 32 49 53 38 7 30 28 36 37 36 
24 5 22 8 24 31 40 49 0 33 25 38 34 11 35 22 31 7 25 38 30 42 35 40 28 18 43 14 19 17 8 27 5 4 11 42 19 39 31 28 19 
15 29 16 34 47 2 34 38 33 0 28 6 9 31 1 10 2 27 51 4 5 47 46 24 47 15 43 34 15 20 31 9 38 37 31 33 23 50 3 47 15 
13 20 12 18 21 28 15 24 25 28 0 29 22 13 30 22 27 19 27 32 22 20 17 18 19 19 19 13 16 12 17 18 25 29 14 17 7 21 25 20 17 
17 34 19 38 49 9 32 35 38 6 29 0 7 34 6 16 8 32 54 5 8 46 46 21 49 20 41 37 20 23 35 12 43 43 35 30 25 50 7 49 19 
11 29 13 33 42 11 24 29 34 9 22 7 0 28 11 14 10 27 47 12 5 38 39 14 41 17 33 31 15 17 30 7 38 39 29 23 19 42 7 42 15 
17 7 15 5 17 29 29 38 11 31 13 34 28 0 32 20 29 8 20 35 26 30 24 31 19 16 32 4 15 11 3 22 11 15 0 31 10 28 28 19 15 
17 30 18 36 48 3 35 40 35 1 30 6 11 32 0 12 3 28 53 3 7 48 47 25 48 16 44 36 17 21 33 11 39 39 33 34 24 52 4 49 16 
9 18 9 24 37 8 32 39 22 10 22 16 14 20 12 0 8 16 41 15 8 42 39 26 38 4 39 25 5 10 21 7 27 26 21 32 14 43 9 38 5 
13 27 15 32 45 1 34 39 31 2 27 8 10 29 3 8 0 25 49 7 5 46 45 25 45 13 42 32 13 18 29 8 36 35 29 33 21 49 2 46 13 
17 2 15 8 24 25 34 43 7 27 19 32 27 8 28 16 25 0 27 32 24 38 32 34 28 11 39 12 12 10 6 20 11 11 8 36 12 36 25 27 12 
36 25 35 18 5 50 38 46 25 51 27 54 47 20 53 41 49 27 0 56 46 30 21 45 11 37 35 16 35 31 21 42 20 25 20 41 28 22 48 9 36 
19 34 21 39 51 7 36 40 38 4 32 5 12 35 3 15 7 32 56 0 9 50 50 26 51 20 45 39 20 24 36 14 43 42 36 35 27 54 7 52 20 
9 26 11 30 42 6 28 33 30 5 22 8 5 26 7 8 5 24 46 9 0 41 40 20 41 12 37 30 12 15 27 4 35 35 27 28 18 44 2 42 11 
33 38 33 34 25 47 15 20 42 47 20 46 38 30 48 42 46 38 30 50 41 0 9 27 18 40 7 27 37 32 33 38 40 45 30 18 28 8 44 20 37 
31 31 30 26 16 46 20 27 35 46 17 46 39 24 47 39 45 32 21 50 40 9 0 30 9 36 15 20 34 29 27 36 32 38 24 23 24 4 43 11 34 
18 35 19 36 40 26 11 14 40 24 18 21 14 31 25 26 25 34 45 26 20 27 30 0 36 26 20 31 24 23 33 18 42 45 31 9 21 33 22 37 24 
32 26 30 20 6 46 28 35 28 47 19 49 41 19 48 38 45 28 11 51 41 18 9 36 0 35 24 15 32 27 21 37 25 30 19 31 24 11 44 1 33 
8 14 7 19 33 13 31 38 18 15 19 20 17 16 16 4 13 11 37 20 12 40 36 26 35 0 38 20 2 7 16 9 23 22 16 32 11 40 13 35 2 
30 39 30 36 30 44 9 12 43 43 19 41 33 32 44 39 42 39 35 45 37 7 15 20 24 38 0 29 35 31 35 34 43 47 32 11 27 16 39 26 35 
20 11 18 6 12 33 28 37 14 34 13 37 31 4 36 25 32 12 16 39 30 27 20 31 15 20 29 0 19 14 6 25 13 18 4 30 12 24 31 14 19 
6 14 5 18 31 14 28 36 19 15 16 20 15 15 17 5 13 12 35 20 12 37 34 24 32 2 35 19 0 5 15 8 23 23 15 29 9 38 13 33 0 
6 12 4 15 27 19 25 33 17 20 12 23 17 11 21 10 18 10 31 24 15 32 29 23 27 7 31 14 5 0 12 11 20 22 11 26 4 33 17 28 5 
18 4 16 3 18 29 32 41 8 31 17 35 30 3 33 21 29 6 21 36 27 33 27 33 21 16 35 6 15 12 0 23 9 12 3 34 12 31 29 21 16 
5 22 7 26 38 9 26 32 27 9 18 12 7 22 11 7 8 20 42 14 4 38 36 18 37 9 34 25 8 11 23 0 31 32 23 25 13 40 6 38 8 
27 9 25 6 19 36 41 49 5 38 25 43 38 11 39 27 36 11 20 43 35 40 32 42 25 23 43 13 23 20 9 31 0 5 11 43 21 36 36 24 23 
28 10 26 11 25 35 44 53 4 37 29 43 39 15 39 26 35 11 25 42 35 45 38 45 30 22 47 18 23 22 12 32 5 0 15 46 23 41 36 29 23 
17 7 15 4 16 30 29 38 11 31 14 35 29 0 33 21 29 8 20 36 27 30 24 31 19 16 32 4 15 11 3 23 11 15 0 31 10 28 28 19 16 
23 36 24 36 35 34 2 7 42 33 17 30 23 31 34 32 33 36 41 35 28 18 23 9 31 32 11 30 29 26 34 25 43 46 31 0 23 25 30 32 29 
8 13 6 15 24 22 22 30 19 23 7 25 19 10 24 14 21 12 28 27 18 28 24 21 24 11 27 12 9 4 12 13 21 23 10 23 0 29 20 24 9 
35 35 34 30 18 50 22 28 39 50 21 50 42 28 52 43 49 36 22 54 44 8 4 33 11 40 16 24 38 33 31 40 36 41 28 25 29 0 47 13 38 
12 27 13 32 44 4 31 36 31 3 25 7 7 28 4 9 2 25 48 7 2 44 43 22 44 13 39 31 13 17 29 6 36 36 28 30 20 47 0 44 12 
32 26 31 19 5 46 29 37 28 47 20 49 42 19 49 38 46 27 9 52 42 20 11 37 1 35 26 14 33 28 21 38 24 29 19 32 24 13 44 0 33 
6 14 5 19 32 13 28 36 19 15 17 19 15 15 16 5 13 12 36 20 11 37 34 24 33 2 35 19 0 5 16 8 23 23 16 29 9 38 12 33 0 
0 636
459 522
476 539
499 562
210 273
537 600
111 174
515 578
299 362
186 249
398 461
336 399
83 146
290 353
535 598
387 450
140 203
220 283
98 161
537 600
570 633
240 303
413 476
546 609
454 517
322 385
397 460
12 75
46 109
261 324
565 628
381 444
567 630
402 465
263 326
334 397
474 537
42 105
244 307
190 253
217 280
