41
0 40 20 24 24 18 24 22 22 28 19 2 23 22 34 33 16 46 18 41 10 38 19 33 13 37 18 23 34 6 8 23 38 37 4 41 28 12 38 29 38 
40 0 20 16 39 38 34 38 19 12 31 41 24 18 6 18 42 34 44 34 49 30 33 22 41 25 26 31 8 43 33 33 30 16 45 22 28 49 35 27 23 
20 20 0 4 27 23 23 25 7 8 17 21 11 4 14 19 25 37 28 33 29 29 19 21 21 26 8 20 15 23 12 22 29 22 24 27 21 30 32 21 25 
24 16 4 0 29 26 25 27 8 4 20 25 11 4 10 18 29 36 32 33 34 29 22 21 25 26 11 22 12 27 16 24 29 20 29 26 22 34 33 22 24 
24 39 27 29 0 6 5 2 21 30 9 26 37 24 34 22 9 25 9 20 22 19 7 20 37 21 32 7 31 30 26 6 18 26 26 26 12 20 16 14 23 
18 38 23 26 6 0 7 4 19 28 7 20 33 22 33 24 4 30 6 24 17 23 5 22 31 24 28 8 30 24 20 7 23 28 20 29 14 15 21 16 25 
24 34 23 25 5 7 0 4 16 25 5 26 33 20 29 17 11 22 13 17 25 15 5 15 35 17 29 2 25 30 24 1 15 21 27 22 7 23 14 9 18 
22 38 25 27 2 4 4 0 19 28 7 24 35 23 33 22 7 26 8 21 21 19 5 19 35 21 30 6 29 28 23 5 19 26 24 26 12 19 17 13 23 
22 19 7 8 21 19 16 19 0 9 12 24 18 3 14 12 22 29 25 25 30 21 14 13 28 19 16 14 12 27 16 15 22 15 27 20 13 29 25 13 18 
28 12 8 4 30 28 25 28 9 0 21 29 15 6 6 15 31 33 34 31 37 27 23 18 30 23 15 22 7 31 21 24 27 16 33 22 21 37 31 20 21 
19 31 17 20 9 7 5 7 12 21 0 22 28 15 25 16 11 26 13 21 22 18 2 15 30 18 24 3 22 25 18 4 18 20 23 23 8 21 18 10 19 
2 41 21 25 26 20 26 24 24 29 22 0 23 24 35 35 18 48 20 43 11 40 21 35 11 40 18 25 35 3 8 26 40 39 4 43 30 13 41 32 40 
23 24 11 11 37 33 33 35 18 15 28 23 0 15 19 29 34 47 37 44 34 40 29 32 17 37 5 31 22 23 15 32 40 31 27 37 32 35 43 32 36 
22 18 4 4 24 22 20 23 3 6 15 24 15 0 12 14 25 32 28 29 31 25 17 16 26 22 13 17 11 26 15 19 25 17 27 23 17 31 28 17 21 
34 6 14 10 34 33 29 33 14 6 25 35 19 12 0 15 36 33 39 31 43 27 27 19 35 23 21 26 4 38 27 28 28 15 39 21 23 43 32 23 21 
33 18 19 18 22 24 17 22 12 15 16 35 29 14 15 0 28 18 30 16 39 12 18 3 40 8 28 15 10 38 28 16 12 4 37 8 10 38 17 9 6 
16 42 25 29 9 4 11 7 22 31 11 18 34 25 36 28 0 34 3 29 13 27 9 26 30 28 28 12 34 22 20 12 27 32 17 33 19 11 25 20 30 
46 34 37 36 25 30 22 26 29 33 26 48 47 32 33 18 34 0 35 5 47 7 27 15 55 10 45 22 28 52 43 22 7 18 49 12 17 46 9 16 11 
18 44 28 32 9 6 13 8 25 34 13 20 37 28 39 30 3 35 0 29 13 28 11 28 32 30 31 14 36 24 23 13 28 34 19 35 20 11 26 22 32 
41 34 33 33 20 24 17 21 25 31 21 43 44 29 31 16 29 5 29 0 42 4 21 12 51 8 41 17 26 47 39 17 3 17 44 12 13 40 3 12 10 
10 49 29 34 22 17 25 21 30 37 22 11 34 31 43 39 13 47 13 42 0 40 21 38 23 41 29 25 42 13 19 25 40 43 8 45 31 2 39 33 42 
38 30 29 29 19 23 15 19 21 27 18 40 40 25 27 12 27 7 28 4 40 0 19 8 48 4 38 15 22 44 36 15 0 13 41 9 9 39 5 8 7 
19 33 19 22 7 5 5 5 14 23 2 21 29 17 27 18 9 27 11 21 21 19 0 17 30 20 25 4 24 25 19 4 19 22 22 24 10 19 19 11 21 
33 22 21 21 20 22 15 19 13 18 15 35 32 16 19 3 26 15 28 12 38 8 17 0 41 5 30 13 14 39 29 14 9 6 37 7 7 36 13 5 4 
13 41 21 25 37 31 35 35 28 30 30 11 17 26 35 40 30 55 32 51 23 48 30 41 0 46 14 34 37 9 12 35 48 43 15 48 38 25 49 39 46 
37 25 26 26 21 24 17 21 19 23 18 40 37 22 23 8 28 10 30 8 41 4 20 5 46 0 35 16 18 43 34 16 5 8 41 5 9 40 10 8 2 
18 26 8 11 32 28 29 30 16 15 24 18 5 13 21 28 28 45 31 41 29 38 25 30 14 35 0 27 23 18 9 28 38 30 22 36 29 30 40 29 34 
23 31 20 22 7 8 2 6 14 22 3 25 31 17 26 15 12 22 14 17 25 15 4 13 34 16 27 0 23 29 22 1 15 19 26 20 6 24 15 7 17 
34 8 15 12 31 30 25 29 12 7 22 35 22 11 4 10 34 28 36 26 42 22 24 14 37 18 23 23 0 38 27 24 23 10 39 16 19 42 27 18 16 
6 43 23 27 30 24 30 28 27 31 25 3 23 26 38 38 22 52 24 47 13 44 25 39 9 43 18 29 38 0 10 29 44 42 5 46 34 16 44 35 43 
8 33 12 16 26 20 24 23 16 21 18 8 15 15 27 28 20 43 23 39 19 36 19 29 12 34 9 22 27 10 0 23 36 32 12 37 26 20 37 27 34 
23 33 22 24 6 7 1 5 15 24 4 26 32 19 28 16 12 22 13 17 25 15 4 14 35 16 28 1 24 29 23 0 15 20 26 21 6 23 14 8 18 
38 30 29 29 18 23 15 19 22 27 18 40 40 25 28 12 27 7 28 3 40 0 19 9 48 5 38 15 23 44 36 15 0 14 41 10 9 38 5 8 7 
37 16 22 20 26 28 21 26 15 16 20 39 31 17 15 4 32 18 34 17 43 13 22 6 43 8 30 19 10 42 32 20 14 0 41 6 14 42 19 12 6 
4 45 24 29 26 20 27 24 27 33 23 4 27 27 39 37 17 49 19 44 8 41 22 37 15 41 22 26 39 5 12 26 41 41 0 45 32 10 41 33 42 
41 22 27 26 26 29 22 26 20 22 23 43 37 23 21 8 33 12 35 12 45 9 24 7 48 5 36 20 16 46 37 21 10 6 45 0 14 44 15 13 3 
28 28 21 22 12 14 7 12 13 21 8 30 32 17 23 10 19 17 20 13 31 9 10 7 38 9 29 6 19 34 26 6 9 14 32 14 0 30 11 1 11 
12 49 30 34 20 15 23 19 29 37 21 13 35 31 43 38 11 46 11 40 2 39 19 36 25 40 30 24 42 16 20 23 38 42 10 44 30 0 37 31 41 
38 35 32 33 16 21 14 17 25 31 18 41 43 28 32 17 25 9 26 3 39 5 19 13 49 10 40 15 27 44 37 14 5 19 41 15 11 37 0 11 12 
29 27 21 22 14 16 9 13 13 20 10 32 32 17 23 9 20 16 22 12 33 8 11 5 39 8 29 7 18 35 27 8 8 12 33 13 1 31 11 0 9 
38 23 25 24 23 25 18 23 18 21 19 40 36 21 21 6 30 11 32 10 42 7 21 4 46 2 34 17 16 43 34 18 7 6 42 3 11 41 12 9 0 
0 587
107 224
101 218
354 471
269 386
35 152
304 421
26 143
327 444
157 274
414 531
93 210
450 567
392 509
213 330
122 239
100 217
156 273
119 236
128 245
185 302
411 528
306 423
61 178
186 303
268 385
426 543
195 312
444 561
334 451
399 516
252 369
230 347
376 493
267 384
55 172
97 214
233 350
291 408
386 503
179 296
