41
0 27 35 51 6 31 46 20 21 30 38 17 28 48 30 11 26 43 54 14 43 14 11 25 29 45 35 33 37 15 16 21 35 18 45 18 41 9 43 18 38 
27 0 8 29 33 7 23 9 39 6 10 16 41 24 10 26 29 30 29 28 31 23 18 10 23 23 29 19 22 14 24 40 28 10 40 30 24 18 42 9 22 
35 8 0 20 40 3 14 18 42 13 4 21 43 16 7 31 30 24 20 32 26 28 24 11 22 15 26 16 17 20 27 44 26 17 37 33 18 25 40 17 16 
51 29 20 0 55 22 5 39 51 33 22 35 49 4 22 44 35 16 8 44 19 40 40 26 27 6 25 19 17 36 38 54 25 34 30 43 12 41 36 36 14 
6 33 40 55 0 36 49 27 16 36 43 20 25 51 34 11 26 45 58 13 44 15 15 29 30 49 36 35 39 19 17 16 35 23 44 17 44 14 42 24 41 
31 7 3 22 36 0 16 16 39 12 8 17 40 18 4 28 27 23 23 28 25 24 21 8 19 16 24 13 16 16 24 41 23 13 35 29 17 21 37 14 15 
46 23 14 5 49 16 0 33 47 28 17 29 45 2 16 39 31 15 10 39 18 35 35 20 23 0 23 15 13 30 34 49 23 28 30 38 9 36 35 30 11 
20 9 18 39 27 16 33 0 36 9 19 16 41 34 18 23 31 38 39 26 39 22 14 16 28 33 34 26 30 13 23 38 34 9 46 29 33 14 47 5 30 
21 39 42 51 16 39 47 36 0 43 47 22 8 49 35 13 16 37 57 10 36 15 21 31 24 46 27 32 34 24 14 2 27 28 32 9 39 22 28 31 37 
30 6 13 33 36 12 28 9 43 0 12 22 47 28 16 31 35 36 32 33 38 28 22 17 30 28 35 26 29 19 29 45 35 15 47 35 30 22 49 12 28 
38 10 4 22 43 8 17 19 47 12 0 25 48 17 12 35 35 28 20 36 31 32 28 16 27 17 31 20 22 24 32 49 31 20 41 38 22 28 45 19 21 
17 16 21 35 20 17 29 16 22 22 25 0 25 31 14 10 15 26 38 11 27 7 6 9 13 29 20 16 20 3 7 24 19 7 31 13 24 7 31 10 21 
28 41 43 49 25 40 45 41 8 47 48 25 0 47 35 18 13 33 55 15 31 19 26 32 22 44 23 30 32 27 17 10 23 32 25 12 36 27 20 35 34 
48 24 16 4 51 18 2 34 49 28 17 31 47 0 18 41 34 17 8 41 20 37 37 22 25 2 25 17 15 32 36 52 25 30 31 40 11 38 36 31 13 
30 10 7 22 34 4 16 18 35 16 12 14 35 18 0 24 22 20 24 25 21 20 19 4 15 16 19 9 12 14 20 37 19 12 30 25 14 20 33 14 12 
11 26 31 44 11 28 39 23 13 31 35 10 18 41 24 0 15 34 49 2 33 4 8 20 19 39 25 25 28 11 6 14 24 16 34 7 33 9 32 19 30 
26 29 30 35 26 27 31 31 16 35 35 15 13 34 22 15 0 21 42 13 20 12 19 19 8 31 11 16 18 18 9 18 10 22 18 9 23 20 16 25 21 
43 30 24 16 45 23 15 38 37 36 28 26 33 17 20 34 21 0 24 32 2 29 33 21 14 14 10 11 7 29 27 40 10 30 14 30 7 34 19 33 8 
54 29 20 8 58 23 10 39 57 32 20 38 55 8 24 49 42 24 0 49 27 44 43 29 33 11 33 25 23 39 43 59 33 36 39 48 19 44 44 37 21 
14 28 32 44 13 28 39 26 10 33 36 11 15 41 25 2 13 32 49 0 32 4 11 21 17 38 23 24 27 13 5 12 22 17 31 4 32 12 29 20 29 
43 31 26 19 44 25 18 39 36 38 31 27 31 20 21 33 20 2 27 32 0 29 33 22 14 17 9 12 9 29 27 38 9 30 11 29 9 34 16 34 10 
14 23 28 40 15 24 35 22 15 28 32 7 19 37 20 4 12 29 44 4 29 0 7 16 15 34 21 20 24 8 2 17 20 13 31 7 29 8 29 16 26 
11 18 24 40 15 21 35 14 21 22 28 6 26 37 19 8 19 33 43 11 33 7 0 14 19 34 26 22 26 4 9 23 25 8 36 14 30 1 36 10 27 
25 10 11 26 29 8 20 16 31 17 16 9 32 22 4 20 19 21 29 21 22 16 14 0 12 20 18 10 13 10 16 33 18 8 30 21 17 15 32 11 14 
29 23 22 27 30 19 23 28 24 30 27 13 22 25 15 19 8 14 33 17 14 15 19 12 0 22 6 8 10 16 12 26 6 18 18 15 15 20 19 22 12 
45 23 15 6 49 16 0 33 46 28 17 29 44 2 16 39 31 14 11 38 17 34 34 20 22 0 22 14 12 30 33 49 22 28 29 37 8 35 34 30 10 
35 29 26 25 36 24 23 34 27 35 31 20 23 25 19 25 11 10 33 23 9 21 26 18 6 22 0 10 9 23 18 29 0 25 11 20 13 27 13 28 12 
33 19 16 19 35 13 15 26 32 26 20 16 30 17 9 25 16 11 25 24 12 20 22 10 8 14 10 0 4 18 19 34 10 18 21 23 8 23 24 21 5 
37 22 17 17 39 16 13 30 34 29 22 20 32 15 12 28 18 7 23 27 9 24 26 13 10 12 9 4 0 22 22 37 9 22 19 26 4 27 22 25 2 
15 14 20 36 19 16 30 13 24 19 24 3 27 32 14 11 18 29 39 13 29 8 4 10 16 30 23 18 22 0 10 26 22 4 34 16 26 5 34 7 23 
16 24 27 38 17 24 34 23 14 29 32 7 17 36 20 6 9 27 43 5 27 2 9 16 12 33 18 19 22 10 0 16 18 14 28 5 27 11 26 18 24 
21 40 44 54 16 41 49 38 2 45 49 24 10 52 37 14 18 40 59 12 38 17 23 33 26 49 29 34 37 26 16 0 29 30 34 11 42 23 30 33 39 
35 28 26 25 35 23 23 34 27 35 31 19 23 25 19 24 10 10 33 22 9 20 25 18 6 22 0 10 9 22 18 29 0 24 12 19 13 27 14 28 12 
18 10 17 34 23 13 28 9 28 15 20 7 32 30 12 16 22 30 36 17 30 13 8 8 18 28 25 18 22 4 14 30 24 0 36 20 26 8 37 3 23 
45 40 37 30 44 35 30 46 32 47 41 31 25 31 30 34 18 14 39 31 11 31 36 30 18 29 11 21 19 34 28 34 12 36 0 27 21 38 5 40 20 
18 30 33 43 17 29 38 29 9 35 38 13 12 40 25 7 9 30 48 4 29 7 14 21 15 37 20 23 26 16 5 11 19 20 27 0 31 15 25 23 28 
41 24 18 12 44 17 9 33 39 30 22 24 36 11 14 33 23 7 19 32 9 29 30 17 15 8 13 8 4 26 27 42 13 26 21 31 0 32 25 28 2 
9 18 25 41 14 21 36 14 22 22 28 7 27 38 20 9 20 34 44 12 34 8 1 15 20 35 27 23 27 5 11 23 27 8 38 15 32 0 37 10 29 
43 42 40 36 42 37 35 47 28 49 45 31 20 36 33 32 16 19 44 29 16 29 36 32 19 34 13 24 22 34 26 30 14 37 5 25 25 37 0 41 24 
18 9 17 36 24 14 30 5 31 12 19 10 35 31 14 19 25 33 37 20 34 16 10 11 22 30 28 21 25 7 18 33 28 3 40 23 28 10 41 0 26 
38 22 16 14 41 15 11 30 37 28 21 21 34 13 12 30 21 8 21 29 10 26 27 14 12 10 12 5 2 23 24 39 12 23 20 28 2 29 24 26 0 
0 734
497 497
457 457
440 440
318 318
479 479
26 26
175 175
216 216
457 457
703 703
383 383
168 168
19 19
75 75
698 698
17 17
328 328
663 663
197 197
375 375
610 610
382 382
523 523
60 60
660 660
541 541
488 488
231 231
149 149
306 306
388 388
208 208
552 552
81 81
316 316
184 184
431 431
663 663
674 674
698 698
