41
0 13 15 24 41 23 39 24 15 59 29 47 6 58 36 34 36 31 62 49 50 24 41 49 58 18 26 47 39 44 53 41 35 45 42 42 29 38 24 44 26 
13 0 18 12 37 21 33 22 2 49 26 42 7 47 29 25 26 31 52 36 37 22 40 36 48 15 22 45 28 39 43 37 21 35 30 29 19 34 21 35 19 
15 18 0 22 27 10 27 11 20 50 16 34 13 50 25 26 29 15 53 49 49 10 26 46 48 7 13 32 31 30 43 26 35 36 37 43 21 24 11 35 17 
24 12 22 0 30 19 24 20 10 37 22 33 18 34 20 14 14 29 40 26 26 20 36 24 36 16 18 39 16 32 31 31 12 23 17 20 9 28 18 23 12 
41 37 27 30 0 17 8 16 38 30 11 7 37 33 10 19 22 13 32 48 46 17 9 41 28 23 15 9 22 3 24 1 40 21 30 45 21 2 17 19 19 
23 21 10 19 17 0 16 0 22 40 5 23 20 40 14 16 20 10 42 44 43 0 19 39 38 5 2 24 22 20 33 17 31 26 29 38 14 14 0 25 9 
39 33 27 24 8 16 0 16 33 24 11 9 34 27 3 11 14 17 26 40 38 16 17 33 22 21 14 17 14 7 18 9 32 13 22 37 15 6 16 11 14 
24 22 11 20 16 0 16 0 23 39 5 23 20 40 14 17 20 9 42 44 44 0 18 40 38 6 2 23 23 19 33 16 32 26 29 39 14 14 1 25 9 
15 2 20 10 38 22 33 23 0 48 27 42 10 45 29 24 25 32 51 33 34 23 41 34 47 17 23 45 27 39 42 38 19 34 28 26 18 35 22 34 19 
59 49 50 37 30 40 24 39 48 0 36 24 53 6 25 24 23 42 3 34 31 40 39 25 2 43 37 36 20 27 6 32 36 14 21 36 30 30 39 15 33 
29 26 16 22 11 5 11 5 27 36 0 18 25 37 10 15 19 7 38 45 43 5 14 39 34 11 4 18 21 14 29 11 33 23 28 40 14 9 5 21 10 
47 42 34 33 7 23 9 23 42 24 18 0 43 28 12 19 22 21 25 47 45 23 15 39 22 29 21 12 22 4 18 9 40 18 29 45 24 9 23 16 23 
6 7 13 18 37 20 34 20 10 53 25 43 0 51 31 28 30 28 57 43 44 20 38 42 52 14 21 44 33 40 47 37 29 39 36 36 23 34 20 39 21 
58 47 50 34 33 40 27 40 45 6 37 28 51 0 27 24 21 44 9 28 25 41 43 19 8 43 38 40 19 31 10 35 31 14 17 30 29 33 40 15 33 
36 29 25 20 10 14 3 14 29 25 10 12 31 27 0 8 11 17 28 38 36 14 19 30 23 18 12 20 12 11 19 12 29 12 20 34 11 8 14 11 10 
34 25 26 14 19 16 11 17 24 24 15 19 28 24 8 0 3 23 28 30 28 17 26 23 23 18 14 28 5 19 18 20 21 10 13 26 5 16 16 10 8 
36 26 29 14 22 20 14 20 25 23 19 22 30 21 11 3 0 27 26 26 25 21 30 19 22 21 18 31 2 22 17 23 18 9 9 23 7 20 20 9 12 
31 31 15 29 13 10 17 9 32 42 7 21 28 44 17 23 27 0 44 52 51 9 10 47 40 15 10 16 28 17 35 12 41 30 36 47 22 12 10 28 17 
62 52 53 40 32 42 26 42 51 3 38 25 57 9 28 28 26 44 0 38 34 43 41 28 4 46 40 37 24 29 9 34 39 17 24 39 33 32 42 18 36 
49 36 49 26 48 44 40 44 33 34 45 47 43 28 38 30 26 52 38 0 3 44 57 9 35 42 42 57 26 48 34 50 14 29 18 7 30 47 43 31 35 
50 37 49 26 46 43 38 44 34 31 43 45 44 25 36 28 25 51 34 3 0 44 55 6 32 42 42 55 24 46 31 48 15 27 16 9 29 45 42 29 34 
24 22 10 20 17 0 16 0 23 40 5 23 20 41 14 17 21 9 43 44 44 0 18 40 38 6 2 23 23 20 33 17 32 26 30 39 14 14 1 25 9 
41 40 26 36 9 19 17 18 41 39 14 15 38 43 19 26 30 10 41 57 55 18 0 50 37 24 18 6 31 12 33 7 47 30 39 53 28 10 19 28 24 
49 36 46 24 41 39 33 40 34 25 39 39 42 19 30 23 19 47 28 9 6 40 50 0 26 39 37 50 18 40 24 42 15 21 10 12 25 39 38 22 30 
58 48 48 36 28 38 22 38 47 2 34 22 52 8 23 23 22 40 4 35 32 38 37 26 0 41 35 34 19 25 4 30 36 13 21 36 29 28 37 13 32 
18 15 7 16 23 5 21 6 17 43 11 29 14 43 18 18 21 15 46 42 42 6 24 39 41 0 7 30 24 26 36 23 29 28 29 36 14 20 5 28 10 
26 22 13 18 15 2 14 2 23 37 4 21 21 38 12 14 18 10 40 42 42 2 18 37 35 7 0 22 20 18 30 15 30 23 27 37 12 12 2 22 7 
47 45 32 39 9 24 17 23 45 36 18 12 44 40 20 28 31 16 37 57 55 23 6 50 34 30 22 0 31 9 30 7 49 29 39 54 30 11 24 27 27 
39 28 31 16 22 22 14 23 27 20 21 22 33 19 12 5 2 28 24 26 24 23 31 18 19 24 20 31 0 22 15 24 19 7 7 23 10 21 22 7 14 
44 39 30 32 3 20 7 19 39 27 14 4 40 31 11 19 22 17 29 48 46 20 12 40 25 26 18 9 22 0 21 4 40 19 29 45 22 5 20 17 20 
53 43 43 31 24 33 18 33 42 6 29 18 47 10 19 18 17 35 9 34 31 33 33 24 4 36 30 30 15 21 0 26 32 8 17 34 24 24 32 8 27 
41 37 26 31 1 17 9 16 38 32 11 9 37 35 12 20 23 12 34 50 48 17 7 42 30 23 15 7 24 4 26 0 41 22 32 46 22 3 17 21 19 
35 21 35 12 40 31 32 32 19 36 33 40 29 31 29 21 18 41 39 14 15 32 47 15 36 29 30 49 19 40 32 41 0 25 15 7 18 37 31 26 23 
45 35 36 23 21 26 13 26 34 14 23 18 39 14 12 10 9 30 17 29 27 26 30 21 13 28 23 29 7 19 8 22 25 0 11 28 16 20 25 1 19 
42 30 37 17 30 29 22 29 28 21 28 29 36 17 20 13 9 36 24 18 16 30 39 10 21 29 27 39 7 29 17 32 15 11 0 16 15 29 28 13 20 
42 29 43 20 45 38 37 39 26 36 40 45 36 30 34 26 23 47 39 7 9 39 53 12 36 36 37 54 23 45 34 46 7 28 16 0 25 43 38 29 30 
29 19 21 9 21 14 15 14 18 30 14 24 23 29 11 5 7 22 33 30 29 14 28 25 29 14 12 30 10 22 24 22 18 16 15 25 0 19 13 15 5 
38 34 24 28 2 14 6 14 35 30 9 9 34 33 8 16 20 12 32 47 45 14 10 39 28 20 12 11 21 5 24 3 37 20 29 43 19 0 14 18 16 
24 21 11 18 17 0 16 1 22 39 5 23 20 40 14 16 20 10 42 43 42 1 19 38 37 5 2 24 22 20 32 17 31 25 28 38 13 14 0 24 8 
44 35 35 23 19 25 11 25 34 15 21 16 39 15 11 10 9 28 18 31 29 25 28 22 13 28 22 27 7 17 8 21 26 1 13 29 15 18 24 0 18 
26 19 17 12 19 9 14 9 19 33 10 23 21 33 10 8 12 17 36 35 34 9 24 30 32 10 7 27 14 20 27 19 23 19 20 30 5 16 8 18 0 
0 563
69 125
425 481
297 353
292 348
36 92
230 286
267 323
204 260
158 214
124 180
389 445
385 441
276 332
153 209
294 350
500 556
218 274
23 79
292 348
33 89
147 203
276 332
391 447
326 382
448 504
465 521
279 335
440 496
122 178
447 503
140 196
477 533
503 559
66 122
320 376
410 466
62 118
445 501
326 382
460 516
