41
0 33 39 60 34 40 39 52 38 18 49 37 31 47 38 24 36 47 35 21 4 7 51 37 43 45 15 42 38 41 34 39 46 35 16 31 9 34 26 35 40 
33 0 25 48 1 48 8 30 4 31 43 51 14 23 13 14 17 29 6 25 33 30 47 30 18 53 18 58 28 47 16 46 30 7 34 18 33 26 17 34 23 
39 25 0 23 24 28 20 13 27 24 17 33 12 11 13 18 7 7 19 19 37 32 21 8 12 32 27 40 3 26 9 25 6 19 29 9 32 6 14 13 3 
60 48 23 0 46 32 41 20 48 43 13 39 35 25 35 41 30 19 41 39 57 53 14 23 31 32 50 44 22 29 32 30 17 41 46 33 52 27 37 25 25 
34 1 24 46 0 47 7 29 4 30 41 50 13 22 11 14 16 27 5 25 34 30 45 29 16 52 18 57 26 46 15 45 28 5 34 17 33 25 16 33 21 
40 48 28 32 47 0 47 39 52 23 19 6 35 39 40 35 34 33 44 25 35 33 18 20 41 5 38 12 25 3 34 2 31 44 23 30 30 23 31 15 32 
39 8 20 41 7 47 0 22 7 33 38 51 12 16 6 17 13 22 4 27 39 35 42 27 10 51 23 57 23 45 12 44 23 4 37 16 37 23 18 32 17 
52 30 13 20 29 39 22 0 30 38 23 45 21 6 17 29 16 6 23 32 50 45 27 20 12 41 38 51 16 36 18 36 8 23 42 21 46 20 26 25 12 
38 4 27 48 4 52 7 30 0 35 45 55 17 23 13 18 19 29 8 30 38 35 49 33 17 56 23 62 30 50 18 49 31 8 39 21 38 29 21 37 24 
18 31 24 43 30 23 33 38 35 0 31 23 21 34 28 16 24 32 29 5 14 10 32 20 32 28 16 29 22 23 23 21 30 29 4 18 8 18 15 17 26 
49 43 17 13 41 19 38 23 45 31 0 26 29 25 31 33 25 18 37 28 45 41 4 13 29 19 40 31 15 16 26 17 16 37 34 25 39 17 29 13 20 
37 51 33 39 50 6 51 45 55 23 26 0 38 45 44 37 38 39 47 26 33 31 24 25 46 9 39 6 30 9 38 9 37 47 22 34 28 28 34 20 36 
31 14 12 35 13 35 12 21 17 21 29 38 0 16 7 7 5 17 9 15 29 25 33 16 12 39 16 45 14 33 3 32 18 9 25 4 26 12 5 20 10 
47 23 11 25 22 39 16 6 23 34 25 45 16 0 11 23 10 7 17 28 45 40 30 19 5 42 32 51 14 37 12 37 9 16 39 16 41 17 21 24 8 
38 13 13 35 11 40 6 17 13 28 31 44 7 11 0 14 6 15 6 22 37 32 35 20 5 44 23 51 16 38 6 37 17 6 33 10 34 16 13 25 10 
24 14 18 41 14 35 17 29 18 16 33 37 7 23 14 0 12 24 12 11 22 18 36 20 19 39 9 43 19 34 11 32 24 13 20 8 20 15 4 22 17 
36 17 7 30 16 34 13 16 19 24 25 38 5 10 6 12 0 12 11 18 34 30 29 14 8 38 22 45 10 32 1 31 12 11 29 5 31 10 10 18 5 
47 29 7 19 27 33 22 6 29 32 18 39 17 7 15 24 12 0 22 27 44 40 22 14 12 36 34 46 10 31 14 31 2 22 36 16 40 14 21 19 7 
35 6 19 41 5 44 4 23 8 29 37 47 9 17 6 12 11 22 0 23 34 30 40 25 11 48 19 54 21 42 10 41 23 0 33 13 33 20 13 29 16 
21 25 19 39 25 25 27 32 30 5 28 26 15 28 22 11 18 27 23 0 17 13 31 16 26 30 13 32 17 24 17 22 25 23 10 12 13 13 9 15 20 
4 33 37 57 34 35 39 50 38 14 45 33 29 45 37 22 34 44 34 17 0 4 47 33 41 40 15 38 35 36 32 34 43 35 12 29 5 31 24 32 37 
7 30 32 53 30 33 35 45 35 10 41 31 25 40 32 18 30 40 30 13 4 0 43 29 37 38 12 36 31 33 28 31 39 31 9 24 3 26 19 28 33 
51 47 21 14 45 18 42 27 49 32 4 24 33 30 35 36 29 22 40 31 47 43 0 16 33 17 43 29 19 14 30 16 20 41 35 29 41 21 32 15 25 
37 30 8 23 29 20 27 20 33 20 13 25 16 19 20 20 14 14 25 16 33 29 16 0 20 24 27 32 4 18 14 17 11 25 24 12 28 4 15 5 11 
43 18 12 31 16 41 10 12 17 32 29 46 12 5 5 19 8 12 11 26 41 37 33 20 0 44 28 52 16 38 9 38 14 11 37 13 38 17 17 25 9 
45 53 32 32 52 5 51 41 56 28 19 9 39 42 44 39 38 36 48 30 40 38 17 24 44 0 43 11 28 6 38 7 33 48 28 35 35 27 36 19 35 
15 18 27 50 18 38 23 38 23 16 40 39 16 32 23 9 22 34 19 13 15 12 43 27 28 43 0 45 27 38 20 36 33 20 18 17 15 23 12 28 26 
42 58 40 44 57 12 57 51 62 29 31 6 45 51 51 43 45 46 54 32 38 36 29 32 52 11 45 0 37 15 45 15 43 54 27 41 33 35 40 27 43 
38 28 3 22 26 25 23 16 30 22 15 30 14 14 16 19 10 10 21 17 35 31 19 4 16 28 27 37 0 22 11 22 8 21 27 10 31 4 15 10 6 
41 47 26 29 46 3 45 36 50 23 16 9 33 37 38 34 32 31 42 24 36 33 14 18 38 6 38 15 22 0 32 1 28 42 24 29 31 21 30 13 29 
34 16 9 32 15 34 12 18 18 23 26 38 3 12 6 11 1 14 10 17 32 28 30 14 9 38 20 45 11 32 0 31 14 10 27 4 29 10 8 19 7 
39 46 25 30 45 2 44 36 49 21 17 9 32 37 37 32 31 31 41 22 34 31 16 17 38 7 36 15 22 1 31 0 28 41 22 27 29 20 29 12 29 
46 30 6 17 28 31 23 8 31 30 16 37 18 9 17 24 12 2 23 25 43 39 20 11 14 33 33 43 8 28 14 28 0 23 35 16 39 12 21 17 7 
35 7 19 41 5 44 4 23 8 29 37 47 9 16 6 13 11 22 0 23 35 31 41 25 11 48 20 54 21 42 10 41 23 0 33 13 33 21 14 29 16 
16 34 29 46 34 23 37 42 39 4 34 22 25 39 33 20 29 36 33 10 12 9 35 24 37 28 18 27 27 24 27 22 35 33 0 23 6 22 19 21 30 
31 18 9 33 17 30 16 21 21 18 25 34 4 16 10 8 5 16 13 12 29 24 29 12 13 35 17 41 10 29 4 27 16 13 23 0 25 7 5 15 8 
9 33 32 52 33 30 37 46 38 8 39 28 26 41 34 20 31 40 33 13 5 3 41 28 38 35 15 33 31 31 29 29 39 33 6 25 0 26 20 26 33 
34 26 6 27 25 23 23 20 29 18 17 28 12 17 16 15 10 14 20 13 31 26 21 4 17 27 23 35 4 21 10 20 12 21 22 7 26 0 11 8 9 
26 17 14 37 16 31 18 26 21 15 29 34 5 21 13 4 10 21 13 9 24 19 32 15 17 36 12 40 15 30 8 29 21 14 19 5 20 11 0 18 14 
35 34 13 25 33 15 32 25 37 17 13 20 20 24 25 22 18 19 29 15 32 28 15 5 25 19 28 27 10 13 19 12 17 29 21 15 26 8 18 0 16 
40 23 3 25 21 32 17 12 24 26 20 36 10 8 10 17 5 7 16 20 37 33 25 11 9 35 26 43 6 29 7 29 7 16 30 8 33 9 14 16 0 
0 367
249 359
209 319
226 336
201 311
186 296
2 112
0 110
17 127
54 164
71 181
16 126
44 154
213 323
87 197
237 347
77 187
165 275
48 158
83 193
88 198
170 280
8 118
219 329
196 306
203 313
163 273
192 302
103 213
226 336
136 246
234 344
102 212
166 276
74 184
199 309
113 223
122 232
221 331
10 120
62 172
