41
0 30 22 50 41 10 5 35 35 9 42 17 27 15 36 15 30 34 35 32 35 10 24 24 42 24 6 19 28 31 15 21 32 11 25 38 40 7 37 13 34 
30 0 8 37 36 23 36 9 17 32 33 28 29 17 22 15 0 11 12 2 18 25 40 49 38 48 35 46 3 20 40 11 8 22 11 53 34 38 22 43 12 
22 8 0 38 34 14 27 15 18 24 32 21 24 9 22 8 8 16 15 10 19 17 33 41 36 40 27 38 6 19 32 6 11 14 8 46 32 29 22 35 15 
50 37 38 0 11 40 52 46 20 57 8 34 23 36 16 45 37 48 25 35 19 39 37 50 13 49 56 51 35 19 48 45 29 38 30 38 10 54 15 62 25 
41 36 34 11 0 32 43 46 19 49 4 24 14 30 14 39 36 47 25 34 18 31 26 39 2 38 47 41 33 15 37 41 28 30 26 28 2 44 15 52 25 
10 23 14 40 32 0 14 30 25 17 32 9 18 6 25 12 22 30 25 24 25 2 21 26 33 25 16 23 20 21 17 17 23 1 15 35 31 16 27 23 25 
5 36 27 52 43 14 0 41 39 12 44 18 28 20 39 21 35 40 39 37 39 13 22 20 43 19 5 14 33 34 11 27 37 15 29 36 42 2 41 9 39 
35 9 15 46 46 30 41 0 26 34 42 36 38 24 31 19 10 2 21 11 28 32 49 56 48 55 39 53 13 30 47 13 17 30 20 61 43 43 31 46 21 
35 17 18 20 19 25 39 26 0 41 16 23 18 20 4 26 17 28 5 15 1 25 33 45 22 44 41 44 15 6 39 25 9 24 11 42 17 41 4 48 5 
9 32 24 57 49 17 12 34 41 0 49 25 35 21 42 16 32 33 39 34 41 18 33 32 50 32 6 27 30 38 23 21 36 19 29 47 48 13 44 13 39 
42 33 32 8 4 32 44 42 16 49 0 25 15 29 11 38 32 44 21 31 14 31 29 42 7 41 48 43 30 13 39 39 25 30 24 32 2 45 11 53 21 
17 28 21 34 24 9 18 36 23 25 25 0 10 12 22 21 27 37 25 28 23 7 12 22 24 20 22 20 24 17 15 25 25 8 17 26 24 19 24 28 25 
27 29 24 23 14 18 28 38 18 35 15 10 0 17 14 27 28 39 21 28 17 17 15 28 14 27 33 28 25 11 24 30 23 16 17 24 13 30 16 38 21 
15 17 9 36 30 6 20 24 20 21 29 12 17 0 21 9 16 25 19 18 20 8 24 32 31 31 21 29 13 16 23 13 16 5 9 38 28 22 22 29 19 
36 22 22 16 14 25 39 31 4 42 11 22 14 21 0 28 21 33 10 20 3 25 30 43 17 41 42 42 19 4 37 28 14 24 14 38 12 41 2 48 10 
15 15 8 45 39 12 21 19 26 16 38 21 27 9 28 0 15 18 23 17 26 14 33 38 41 37 20 34 14 25 28 5 19 13 14 47 37 23 29 28 23 
30 0 8 37 36 22 35 10 17 32 32 27 28 16 21 15 0 11 12 2 18 24 40 49 38 47 35 45 2 20 40 11 7 22 10 52 33 37 21 43 12 
34 11 16 48 47 30 40 2 28 33 44 37 39 25 33 18 11 0 23 13 29 32 49 56 49 55 38 53 14 32 47 13 19 30 22 62 45 42 33 45 23 
35 12 15 25 25 25 39 21 5 39 21 25 21 19 10 23 12 23 0 10 6 26 36 47 27 46 41 46 11 11 40 21 4 24 9 46 22 41 9 48 0 
32 2 10 35 34 24 37 11 15 34 31 28 28 18 20 17 2 13 10 0 16 26 40 50 36 48 37 47 4 19 41 13 5 23 10 52 32 39 19 45 10 
35 18 19 19 18 25 39 28 1 41 14 23 17 20 3 26 18 29 6 16 0 25 32 44 21 43 41 43 16 5 38 26 10 23 11 41 16 41 3 48 6 
10 25 17 39 31 2 13 32 25 18 31 7 17 8 25 14 24 32 26 26 25 0 18 24 31 23 16 21 22 21 15 19 24 2 16 32 30 15 27 23 26 
24 40 33 37 26 21 22 49 33 33 29 12 15 24 30 33 40 49 36 40 32 18 0 13 24 12 28 15 37 26 13 38 37 20 29 14 26 23 32 31 36 
24 49 41 50 39 26 20 56 45 32 42 22 28 32 43 38 49 56 47 50 44 24 13 0 38 1 26 5 46 39 9 44 47 26 39 19 40 19 45 24 47 
42 38 36 13 2 33 43 48 22 50 7 24 14 31 17 41 38 49 27 36 21 31 24 38 0 37 47 40 35 17 36 43 31 31 28 25 5 44 18 52 27 
24 48 40 49 38 25 19 55 44 32 41 20 27 31 41 37 47 55 46 48 43 23 12 1 37 0 25 5 44 37 8 43 46 25 38 19 39 19 43 24 46 
6 35 27 56 47 16 5 39 41 6 48 22 33 21 42 20 35 38 41 37 41 16 28 26 47 25 0 20 33 37 17 25 38 17 31 42 46 6 44 7 40 
19 46 38 51 41 23 14 53 44 27 43 20 28 29 42 34 45 53 46 47 43 21 15 5 40 5 20 0 43 38 5 40 45 23 37 24 41 14 44 19 46 
28 3 6 35 33 20 33 13 15 30 30 24 25 13 19 14 2 14 11 4 16 22 37 46 35 44 33 43 0 17 37 10 6 19 7 49 31 35 19 41 10 
31 20 19 19 15 21 34 30 6 38 13 17 11 16 4 25 20 32 11 19 5 21 26 39 17 37 37 38 17 0 33 25 13 19 10 35 13 36 6 44 11 
15 40 32 48 37 17 11 47 39 23 39 15 24 23 37 28 40 47 40 41 38 15 13 9 36 8 17 5 37 33 0 34 39 18 31 25 37 11 39 18 40 
21 11 6 45 41 17 27 13 25 21 39 25 30 13 28 5 11 13 21 13 26 19 38 44 43 43 25 40 10 25 34 0 17 18 15 51 39 29 29 33 21 
32 8 11 29 28 23 37 17 9 36 25 25 23 16 14 19 7 19 4 5 10 24 37 47 31 46 38 45 6 13 39 17 0 22 7 47 26 39 13 45 4 
11 22 14 38 30 1 15 30 24 19 30 8 16 5 24 13 22 30 24 23 23 2 20 26 31 25 17 23 19 19 18 18 22 0 14 34 29 17 26 24 24 
25 11 8 30 26 15 29 20 11 29 24 17 17 9 14 14 10 22 9 10 11 16 29 39 28 38 31 37 7 10 31 15 7 14 0 41 24 31 15 38 9 
38 53 46 38 28 35 36 61 42 47 32 26 24 38 38 47 52 62 46 52 41 32 14 19 25 19 42 24 49 35 25 51 47 34 41 0 29 36 39 43 46 
40 34 32 10 2 31 42 43 17 48 2 24 13 28 12 37 33 45 22 32 16 30 26 40 5 39 46 41 31 13 37 39 26 29 24 29 0 44 13 52 23 
7 38 29 54 44 16 2 43 41 13 45 19 30 22 41 23 37 42 41 39 41 15 23 19 44 19 6 14 35 36 11 29 39 17 31 36 44 0 43 8 41 
37 22 22 15 15 27 41 31 4 44 11 24 16 22 2 29 21 33 9 19 3 27 32 45 18 43 44 44 19 6 39 29 13 26 15 39 13 43 0 50 10 
13 43 35 62 52 23 9 46 48 13 53 28 38 29 48 28 43 45 48 45 48 23 31 24 52 24 7 19 41 44 18 33 45 24 38 43 52 8 50 0 48 
34 12 15 25 25 25 39 21 5 39 21 25 21 19 10 23 12 23 0 10 6 26 36 47 27 46 40 46 10 11 40 21 4 24 9 46 23 41 10 48 0 
0 563
399 511
25 137
234 346
17 129
64 176
121 233
278 390
426 538
276 388
314 426
332 444
325 437
2 114
9 121
2 114
192 304
277 389
385 497
217 329
3 115
254 366
223 335
348 460
188 300
334 446
420 532
22 134
400 512
182 294
325 437
54 166
190 302
181 293
65 177
158 270
98 210
94 206
12 124
40 152
325 437
