41
0 23 42 40 22 23 34 18 34 49 22 40 48 49 32 38 36 7 45 44 26 52 10 46 27 36 42 32 1 59 44 4 34 45 26 29 23 36 9 42 35 
23 0 20 19 9 22 15 10 16 28 16 17 31 26 9 25 17 19 26 25 25 29 25 25 15 23 24 8 22 36 23 25 24 26 8 18 0 13 13 27 16 
42 20 0 3 19 28 25 30 27 7 23 3 39 17 19 16 8 35 7 7 29 14 45 29 18 16 9 12 41 18 2 44 39 32 25 18 20 7 32 38 7 
40 19 3 0 17 25 27 29 29 9 20 6 41 21 21 12 4 33 6 5 25 18 44 32 15 12 6 12 39 21 5 43 41 34 26 15 19 9 31 41 4 
22 9 19 17 0 13 24 17 25 27 6 19 41 31 18 17 13 15 23 22 15 32 27 34 6 15 20 13 22 37 22 25 33 35 18 9 8 16 13 37 13 
23 22 28 25 13 0 37 27 38 33 6 29 54 43 31 17 20 16 28 27 3 42 32 47 10 15 24 25 24 46 30 27 45 48 31 9 21 27 19 50 20 
34 15 25 27 24 37 0 16 2 31 31 21 16 19 6 36 27 32 32 32 40 25 32 11 29 35 33 14 33 33 27 35 15 11 8 32 15 17 25 14 26 
18 10 30 29 17 27 16 0 15 37 22 27 29 32 14 34 27 17 36 35 30 37 16 27 23 32 34 18 17 44 33 19 18 26 8 26 10 23 10 24 26 
34 16 27 29 25 38 2 15 0 33 32 23 15 21 8 38 29 33 34 34 41 27 31 11 30 37 35 16 33 35 29 34 13 10 8 33 16 19 26 12 27 
49 28 7 9 27 33 31 37 33 0 29 10 44 19 26 18 13 43 5 6 34 14 53 34 24 19 10 19 49 13 4 52 46 37 32 24 27 15 40 44 13 
22 16 23 20 6 6 31 22 32 29 0 23 47 37 25 16 15 15 24 24 8 37 29 41 5 13 21 19 23 41 25 26 40 42 24 6 15 21 16 44 15 
40 17 3 6 19 29 21 27 23 10 23 0 35 15 16 18 9 34 10 10 30 13 43 26 18 18 12 9 39 18 6 43 36 28 22 19 17 4 30 35 8 
48 31 39 41 41 54 16 29 15 44 47 35 0 26 22 52 43 47 46 46 56 33 42 9 46 51 47 31 46 41 41 47 15 7 23 48 32 32 40 6 41 
49 26 17 21 31 43 19 32 21 19 37 15 26 0 18 33 24 45 23 23 44 7 49 16 33 33 26 18 48 15 18 51 33 19 25 34 26 15 40 28 23 
32 9 19 21 18 31 6 14 8 26 25 16 22 18 0 30 21 29 26 26 34 22 31 16 23 29 27 8 31 30 22 33 20 16 7 25 10 11 22 20 19 
38 25 16 12 17 17 36 34 38 18 16 18 52 33 30 0 9 31 12 11 17 30 45 43 11 2 8 21 38 32 16 42 49 45 33 9 24 20 31 50 10 
36 17 8 4 13 20 27 27 29 13 15 9 43 24 21 9 0 29 9 8 21 22 41 34 10 9 6 12 36 26 9 39 41 36 25 10 17 10 27 41 1 
7 19 35 33 15 16 32 17 33 43 15 34 47 45 29 31 29 0 38 38 19 47 16 44 19 28 35 27 8 53 38 11 35 43 24 21 19 31 7 42 29 
45 26 7 6 23 28 32 36 34 5 24 10 46 23 26 12 9 38 0 0 28 19 50 37 19 14 4 18 45 19 5 48 47 39 32 18 25 14 36 46 9 
44 25 7 5 22 27 32 35 34 6 24 10 46 23 26 11 8 38 0 0 27 19 49 36 18 13 3 18 44 20 5 48 46 39 31 18 25 14 36 45 9 
26 25 29 25 15 3 40 30 41 34 8 30 56 44 34 17 21 19 28 27 0 44 35 50 11 14 24 27 27 47 30 30 48 51 33 10 24 29 22 53 21 
52 29 14 18 32 42 25 37 27 14 37 13 33 7 22 30 22 47 19 19 44 0 53 23 32 31 22 20 51 8 14 54 40 26 30 33 29 16 42 35 22 
10 25 45 44 27 32 32 16 31 53 29 43 42 49 31 45 41 16 50 49 35 53 0 42 33 42 47 33 8 61 48 6 27 41 24 35 25 38 13 36 40 
46 25 29 32 34 47 11 27 11 34 41 26 9 16 16 43 34 44 37 36 50 23 42 0 38 43 38 23 44 31 31 46 19 3 19 41 26 23 37 12 33 
27 15 18 15 6 10 29 23 30 24 5 18 46 33 23 11 10 19 19 18 11 32 33 38 0 9 16 15 27 36 20 30 40 40 24 3 14 17 19 43 10 
36 23 16 12 15 15 35 32 37 19 13 18 51 33 29 2 9 28 14 13 14 31 42 43 9 0 9 20 36 33 17 39 47 45 31 7 22 19 29 49 10 
42 24 9 6 20 24 33 34 35 10 21 12 47 26 27 8 6 35 4 3 24 22 47 38 16 9 0 18 42 23 8 46 47 41 31 15 24 15 34 47 8 
32 8 12 12 13 25 14 18 16 19 19 9 31 18 8 21 12 27 18 18 27 20 33 23 15 20 18 0 31 27 15 34 28 24 13 18 8 4 22 29 11 
1 22 41 39 22 24 33 17 33 49 23 39 46 48 31 38 36 8 45 44 27 51 8 44 27 36 42 31 0 58 44 3 32 43 25 29 22 35 9 40 35 
59 36 18 21 37 46 33 44 35 13 41 18 41 15 30 32 26 53 19 20 47 8 61 31 36 33 23 27 58 0 16 61 48 34 37 37 36 22 49 43 25 
44 23 2 5 22 30 27 33 29 4 25 6 41 18 22 16 9 38 5 5 30 14 48 31 20 17 8 15 44 16 0 47 42 34 28 20 22 10 35 41 9 
4 25 44 43 25 27 35 19 34 52 26 43 47 51 33 42 39 11 48 48 30 54 6 46 30 39 46 34 3 61 47 0 33 45 27 32 25 38 12 41 38 
34 24 39 41 33 45 15 18 13 46 40 36 15 33 20 49 41 35 47 46 48 40 27 19 40 47 47 28 32 48 42 33 0 16 15 43 25 32 28 9 39 
45 26 32 34 35 48 11 26 10 37 42 28 7 19 16 45 36 43 39 39 51 26 41 3 40 45 41 24 43 34 34 45 16 0 19 42 27 25 36 9 35 
26 8 25 26 18 31 8 8 8 32 24 22 23 25 7 33 25 24 32 31 33 30 24 19 24 31 31 13 25 37 28 27 15 19 0 27 9 17 17 19 24 
29 18 18 15 9 9 32 26 33 24 6 19 48 34 25 9 10 21 18 18 10 33 35 41 3 7 15 18 29 37 20 32 43 42 27 0 17 19 22 45 11 
23 0 20 19 8 21 15 10 16 27 15 17 32 26 10 24 17 19 25 25 24 29 25 26 14 22 24 8 22 36 22 25 25 27 9 17 0 13 13 28 16 
36 13 7 9 16 27 17 23 19 15 21 4 32 15 11 20 10 31 14 14 29 16 38 23 17 19 15 4 35 22 10 38 32 25 17 19 13 0 26 31 9 
9 13 32 31 13 19 25 10 26 40 16 30 40 40 22 31 27 7 36 36 22 42 13 37 19 29 34 22 9 49 35 12 28 36 17 22 13 26 0 35 26 
42 27 38 41 37 50 14 24 12 44 44 35 6 28 20 50 41 42 46 45 53 35 36 12 43 49 47 29 40 43 41 41 9 9 19 45 28 31 35 0 40 
35 16 7 4 13 20 26 26 27 13 15 8 41 23 19 10 1 29 9 9 21 22 40 33 10 10 8 11 35 25 9 38 39 35 24 11 16 9 26 40 0 
0 440
428 428
148 148
317 317
361 361
108 108
70 70
138 138
20 20
408 408
13 13
337 337
26 26
5 5
204 204
399 399
418 418
24 24
294 294
156 156
294 294
428 428
124 124
284 284
139 139
327 327
320 320
313 313
167 167
68 68
141 141
300 300
186 186
186 186
418 418
90 90
137 137
119 119
188 188
114 114
255 255
