41
0 23 44 26 36 42 1 13 11 27 23 30 35 5 44 23 7 32 17 13 38 19 23 47 47 10 45 28 24 21 16 57 12 48 26 35 49 47 2 54 51 
23 0 27 8 19 28 21 18 20 13 10 11 22 20 32 19 15 18 9 26 30 25 2 38 28 23 24 8 2 1 6 34 13 28 9 28 26 23 22 31 28 
44 27 0 20 40 7 44 44 46 38 21 33 10 39 12 24 39 41 36 39 17 34 29 19 3 38 9 31 28 29 33 25 39 7 19 53 17 20 43 24 23 
26 8 20 0 26 20 25 24 26 21 4 17 14 21 24 14 19 26 16 24 22 22 10 30 21 22 19 15 10 9 13 32 19 22 2 36 23 22 25 29 27 
36 19 40 26 0 44 34 25 27 9 30 8 39 36 49 39 29 5 19 44 48 45 17 55 39 40 33 11 16 19 21 32 24 37 28 15 29 24 37 30 27 
42 28 7 20 44 0 42 45 46 41 20 36 7 37 4 19 38 45 37 35 10 28 31 11 11 34 17 34 31 30 33 33 39 15 19 57 25 28 40 32 31 
1 21 44 25 34 42 0 11 9 25 22 28 35 6 44 23 6 30 16 14 38 20 21 47 46 11 44 26 22 20 15 56 10 48 25 33 47 45 3 53 50 
13 18 44 24 25 45 11 0 2 15 24 20 37 15 47 29 8 20 9 25 43 29 16 52 46 21 43 19 17 16 11 51 5 46 26 22 44 40 14 48 45 
11 20 46 26 27 46 9 2 0 18 25 23 39 15 48 29 8 22 11 24 44 29 18 53 47 20 44 21 19 18 13 53 6 48 27 24 46 43 13 50 47 
27 13 38 21 9 41 25 15 18 0 24 6 35 27 45 32 19 5 10 35 43 37 10 51 38 31 33 7 10 12 13 37 15 37 23 15 32 28 28 34 31 
23 10 21 4 30 20 22 24 25 24 0 21 13 18 23 9 18 29 17 20 19 17 13 28 23 18 23 18 13 11 13 36 19 25 3 39 27 27 22 34 31 
30 11 33 17 8 36 28 20 23 6 21 0 31 29 41 31 22 8 12 36 40 37 9 47 33 33 27 2 8 11 14 31 18 31 20 20 25 21 30 28 25 
35 22 10 14 39 7 35 37 39 35 13 31 0 30 10 13 31 39 30 28 9 23 24 16 13 28 17 28 24 23 26 33 32 17 12 50 24 26 34 31 30 
5 20 39 21 36 37 6 15 15 27 18 29 30 0 38 17 7 32 17 9 32 14 20 41 42 5 41 27 22 19 15 53 12 44 21 37 45 43 3 51 48 
44 32 12 24 49 4 44 47 48 45 23 41 10 38 0 20 41 49 40 35 7 29 35 6 15 36 21 39 35 34 36 37 42 20 22 61 29 32 42 36 35 
23 19 24 14 39 19 23 29 29 32 9 31 13 17 20 0 21 38 24 15 14 9 22 23 27 15 28 28 22 20 20 44 24 30 12 47 35 35 21 42 39 
7 15 39 19 29 38 6 8 8 19 18 22 31 7 41 21 0 25 10 16 35 20 15 44 41 13 39 20 16 14 9 49 4 42 20 30 41 39 8 47 44 
32 18 41 26 5 45 30 20 22 5 29 8 39 32 49 38 25 0 15 41 48 42 15 56 41 37 36 10 15 17 18 37 20 40 28 12 33 28 33 34 31 
17 9 36 16 19 37 16 9 11 10 17 12 30 17 40 24 10 15 0 25 36 27 7 45 37 21 33 10 8 7 3 41 6 37 17 22 34 31 18 38 35 
13 26 39 24 44 35 14 25 24 35 20 36 28 9 35 15 16 41 25 0 28 6 27 36 42 3 43 33 28 25 22 57 21 45 23 46 48 47 11 54 52 
38 30 17 22 48 10 38 43 44 43 19 40 9 32 7 14 35 48 36 28 0 21 32 9 21 29 26 37 32 31 33 42 37 25 20 58 33 36 36 41 39 
19 25 34 22 45 28 20 29 29 37 17 37 23 14 29 9 20 42 27 6 21 0 27 30 37 9 38 34 28 25 23 53 24 40 21 50 44 44 17 51 49 
23 2 29 10 17 31 21 16 18 10 13 9 24 20 35 22 15 15 7 27 32 27 0 41 30 24 26 6 1 2 6 34 12 30 12 26 27 24 22 32 29 
47 38 19 30 55 11 47 52 53 51 28 47 16 41 6 23 44 56 45 36 9 30 41 0 22 38 28 45 40 39 41 44 46 26 28 67 36 39 45 43 42 
47 28 3 21 39 11 46 46 47 38 23 33 13 42 15 27 41 41 37 42 21 37 30 22 0 41 7 31 29 30 34 22 41 4 21 53 14 18 45 21 20 
10 23 38 22 40 34 11 21 20 31 18 33 28 5 36 15 13 37 21 3 29 9 24 38 41 0 41 30 25 22 18 55 17 43 21 43 46 45 8 52 49 
45 24 9 19 33 17 44 43 44 33 23 27 17 41 21 28 39 36 33 43 26 38 26 28 7 41 0 26 25 26 31 16 38 4 19 48 8 11 44 15 13 
28 8 31 15 11 34 26 19 21 7 18 2 28 27 39 28 20 10 10 33 37 34 6 45 31 30 26 0 5 8 11 31 16 30 17 22 25 21 28 28 25 
24 2 28 10 16 31 22 17 19 10 13 8 24 22 35 22 16 15 8 28 32 28 1 40 29 25 25 5 0 2 7 33 13 29 12 26 26 23 24 30 27 
21 1 29 9 19 30 20 16 18 12 11 11 23 19 34 20 14 17 7 25 31 25 2 39 30 22 26 8 2 0 5 35 11 30 11 27 28 25 21 33 30 
16 6 33 13 21 33 15 11 13 13 13 14 26 15 36 20 9 18 3 22 33 23 6 41 34 18 31 11 7 5 0 40 6 34 14 26 33 30 16 38 35 
57 34 25 32 32 33 56 51 53 37 36 31 33 53 37 44 49 37 41 57 42 53 34 44 22 55 16 31 33 35 40 0 47 17 33 48 9 10 56 2 5 
12 13 39 19 24 39 10 5 6 15 19 18 32 12 42 24 4 20 6 21 37 24 12 46 41 17 38 16 13 11 6 47 0 41 20 25 39 37 12 44 41 
48 28 7 22 37 15 48 46 48 37 25 31 17 44 20 30 42 40 37 45 25 40 30 26 4 43 4 30 29 30 34 17 41 0 22 52 10 14 47 16 16 
26 9 19 2 28 19 25 26 27 23 3 20 12 21 22 12 20 28 17 23 20 21 12 28 21 21 19 17 12 11 14 33 20 22 0 38 24 23 25 30 28 
35 28 53 36 15 57 33 22 24 15 39 20 50 37 61 47 30 12 22 46 58 50 26 67 53 43 48 22 26 27 26 48 25 52 38 0 45 40 37 46 43 
49 26 17 23 29 25 47 44 46 32 27 25 24 45 29 35 41 33 34 48 33 44 27 36 14 46 8 25 26 28 33 9 39 10 24 45 0 4 48 7 5 
47 23 20 22 24 28 45 40 43 28 27 21 26 43 32 35 39 28 31 47 36 44 24 39 18 45 11 21 23 25 30 10 37 14 23 40 4 0 46 7 4 
2 22 43 25 37 40 3 14 13 28 22 30 34 3 42 21 8 33 18 11 36 17 22 45 45 8 44 28 24 21 16 56 12 47 25 37 48 46 0 53 50 
54 31 24 29 30 32 53 48 50 34 34 28 31 51 36 42 47 34 38 54 41 51 32 43 21 52 15 28 30 33 38 2 44 16 30 46 7 7 53 0 3 
51 28 23 27 27 31 50 45 47 31 31 25 30 48 35 39 44 31 35 52 39 49 29 42 20 49 13 25 27 30 35 5 41 16 28 43 5 4 50 3 0 
0 440
229 405
256 432
139 315
70 246
232 408
117 293
139 315
161 337
148 324
31 207
185 361
238 414
118 294
189 365
179 355
242 418
96 272
135 311
18 194
25 201
107 283
30 206
2 178
55 231
100 276
182 358
41 217
120 296
86 262
138 314
12 188
240 416
139 315
60 236
97 273
160 336
107 283
152 328
232 408
219 395
