41
0 25 36 33 15 19 26 8 7 36 22 27 13 17 20 2 16 11 25 30 8 18 13 13 31 10 20 14 14 37 39 17 27 16 25 9 17 38 24 19 18 
25 0 30 8 31 33 27 32 30 12 21 16 31 32 42 24 34 20 6 5 29 12 34 24 13 25 43 21 11 12 30 26 18 8 38 32 8 30 11 28 36 
36 30 0 36 26 54 10 35 34 41 13 14 28 24 36 36 52 25 36 33 31 38 49 45 43 26 39 43 27 39 5 49 11 29 60 35 31 2 19 19 54 
33 8 36 0 39 38 34 40 38 5 29 22 39 40 50 31 39 28 9 3 37 17 40 30 10 33 51 26 20 4 34 30 25 17 41 40 16 35 18 36 41 
15 31 26 39 0 35 15 10 9 44 15 23 3 2 11 17 31 11 34 36 7 29 27 29 41 6 14 29 19 44 30 32 22 23 41 9 24 28 23 6 33 
19 33 54 38 35 0 45 26 26 38 40 42 32 37 37 18 5 29 29 37 28 21 10 9 30 30 36 12 28 41 56 7 44 27 6 27 26 55 38 39 5 
26 27 10 34 15 45 0 25 23 39 5 12 18 13 26 27 42 15 32 31 20 31 39 37 40 15 29 35 20 38 15 40 10 23 51 24 25 13 15 8 44 
8 32 35 40 10 26 25 0 1 44 23 29 7 13 12 10 21 13 33 37 4 26 17 21 39 10 11 23 20 45 39 25 29 23 32 1 24 37 27 16 23 
7 30 34 38 9 26 23 1 0 42 21 27 6 12 13 9 21 11 31 35 2 25 17 21 38 8 13 22 19 43 38 24 27 21 32 2 22 36 26 15 24 
36 12 41 5 44 38 39 44 42 0 34 27 44 44 54 34 40 33 11 8 41 19 42 31 8 37 55 27 24 3 39 31 30 20 41 44 19 40 23 41 42 
22 21 13 29 15 40 5 23 21 34 0 8 17 14 26 23 38 11 26 25 18 25 35 32 34 13 29 30 14 33 16 35 7 17 46 22 19 15 10 9 40 
27 16 14 22 23 42 12 29 27 27 8 0 24 22 34 26 41 16 22 19 25 24 39 33 29 19 37 30 14 26 14 36 2 15 48 29 17 14 5 17 43 
13 31 28 39 3 32 18 7 6 44 17 24 0 5 10 15 28 11 33 36 4 28 24 27 40 6 12 27 19 44 33 30 24 23 38 6 24 31 24 9 30 
17 32 24 40 2 37 13 13 12 44 14 22 5 0 12 19 33 12 35 37 9 30 29 31 42 8 15 31 21 44 29 35 21 24 43 12 26 26 23 5 35 
20 42 36 50 11 37 26 12 13 54 26 34 10 12 0 23 32 21 43 47 13 37 28 34 50 17 3 35 30 55 41 37 34 33 43 11 34 38 34 17 34 
2 24 36 31 17 18 27 10 9 34 23 26 15 19 23 0 15 11 23 29 10 16 12 11 29 12 22 12 13 36 39 15 27 15 24 11 15 38 23 20 17 
16 34 52 39 31 5 42 21 21 40 38 41 28 33 32 15 0 26 30 38 24 22 4 9 33 27 30 13 27 43 54 10 42 27 10 22 26 53 37 35 2 
11 20 25 28 11 29 15 13 11 33 11 16 11 12 21 11 26 0 23 25 9 18 24 21 30 4 23 20 8 33 28 25 17 12 35 13 13 27 14 10 29 
25 6 36 9 34 29 32 33 31 11 26 22 33 35 43 23 30 23 0 8 30 8 31 21 7 27 44 17 14 12 36 21 25 10 33 33 9 36 17 32 32 
30 5 33 3 36 37 31 37 35 8 25 19 36 37 47 29 38 25 8 0 34 15 38 28 11 30 48 24 16 7 31 29 22 14 41 37 13 32 15 33 40 
8 29 31 37 7 28 20 4 2 41 18 25 4 9 13 10 24 9 30 34 0 24 20 22 37 5 13 23 17 42 35 26 25 20 34 3 21 33 24 12 26 
18 12 38 17 29 21 31 26 25 19 25 24 28 30 37 16 22 18 8 15 24 0 23 13 13 22 38 9 11 21 38 14 26 8 26 27 6 38 19 29 24 
13 34 49 40 27 10 39 17 17 42 35 39 24 29 28 12 4 24 31 38 20 23 0 11 35 24 26 15 26 44 52 13 40 26 15 18 26 51 35 32 6 
13 24 45 30 29 9 37 21 21 31 32 33 27 31 34 11 9 21 21 28 22 13 11 0 23 23 33 4 19 33 47 3 35 18 14 22 17 47 29 31 11 
31 13 43 10 41 30 40 39 38 8 34 29 40 42 50 29 33 30 7 11 37 13 35 23 0 34 51 20 21 11 43 23 32 17 33 40 16 43 24 39 35 
10 25 26 33 6 30 15 10 8 37 13 19 6 8 17 12 27 4 27 30 5 22 24 23 34 0 18 23 13 38 29 27 19 16 36 9 18 28 18 8 29 
20 43 39 51 14 36 29 11 13 55 29 37 12 15 3 22 30 23 44 48 13 38 26 33 51 18 0 34 31 56 44 36 36 34 41 11 35 41 36 20 32 
14 21 43 26 29 12 35 23 22 27 30 30 27 31 35 12 13 20 17 24 23 9 15 4 20 23 34 0 16 29 45 5 32 15 17 24 14 44 26 31 15 
14 11 27 20 19 28 20 20 19 24 14 14 19 21 30 13 27 8 14 16 17 11 26 19 21 13 31 16 0 24 28 22 16 3 33 21 5 28 10 18 29 
37 12 39 4 44 41 38 45 43 3 33 26 44 44 55 36 43 33 12 7 42 21 44 33 11 38 56 29 24 0 37 33 29 21 44 45 20 38 22 41 45 
39 30 5 34 30 56 15 39 38 39 16 14 33 29 41 39 54 28 36 31 35 38 52 47 43 29 44 45 28 37 0 50 12 30 62 39 32 2 19 23 57 
17 26 49 30 32 7 40 25 24 31 35 36 30 35 37 15 10 25 21 29 26 14 13 3 23 27 36 5 22 33 50 0 38 20 12 26 19 50 31 35 11 
27 18 11 25 22 44 10 29 27 30 7 2 24 21 34 27 42 17 25 22 25 26 40 35 32 19 36 32 16 29 12 38 0 18 50 29 19 12 7 16 45 
16 8 29 17 23 27 23 23 21 20 17 15 23 24 33 15 27 12 10 14 20 8 26 18 17 16 34 15 3 21 30 20 18 0 32 23 1 30 11 21 29 
25 38 60 41 41 6 51 32 32 41 46 48 38 43 43 24 10 35 33 41 34 26 15 14 33 36 41 17 33 44 62 12 50 32 0 33 31 61 43 45 8 
9 32 35 40 9 27 24 1 2 44 22 29 6 12 11 11 22 13 33 37 3 27 18 22 40 9 11 24 21 45 39 26 29 23 33 0 24 37 27 15 24 
17 8 31 16 24 26 25 24 22 19 19 17 24 26 34 15 26 13 9 13 21 6 26 17 16 18 35 14 5 20 32 19 19 1 31 24 0 31 12 23 28 
38 30 2 35 28 55 13 37 36 40 15 14 31 26 38 38 53 27 36 32 33 38 51 47 43 28 41 44 28 38 2 50 12 30 61 37 31 0 19 21 56 
24 11 19 18 23 38 15 27 26 23 10 5 24 23 34 23 37 14 17 15 24 19 35 29 24 18 36 26 10 22 19 31 7 11 43 27 12 19 0 18 39 
19 28 19 36 6 39 8 16 15 41 9 17 9 5 17 20 35 10 32 33 12 29 32 31 39 8 20 31 18 41 23 35 16 21 45 15 23 21 18 0 38 
18 36 54 41 33 5 44 23 24 42 40 43 30 35 34 17 2 29 32 40 26 24 6 11 35 29 32 15 29 45 57 11 45 29 8 24 28 56 39 38 0 
0 661
12 342
280 610
128 458
60 390
129 459
134 464
257 587
177 507
134 464
250 580
293 623
81 411
58 388
168 498
272 602
75 405
313 643
261 591
116 446
233 563
233 563
275 605
58 388
68 398
10 340
251 581
31 361
110 440
203 533
20 350
156 486
153 483
84 414
15 345
266 596
97 427
78 408
253 583
258 588
168 498
