41
0 48 30 5 19 14 21 10 26 31 25 56 38 33 31 23 40 38 17 25 42 15 46 29 53 24 21 4 50 19 36 37 30 36 29 44 37 19 39 33 30 
48 0 38 43 29 35 31 38 34 17 26 12 27 21 17 32 9 44 31 27 25 58 3 18 8 24 28 47 11 50 41 11 34 20 39 25 31 28 32 27 17 
30 38 0 30 19 19 34 21 5 30 15 40 12 38 31 38 36 9 19 14 18 29 35 25 38 21 31 26 32 17 6 32 3 18 1 19 10 25 11 11 26 
5 43 30 0 16 12 15 8 26 26 22 52 36 27 26 17 35 39 14 22 40 21 42 24 48 20 16 8 46 23 36 32 30 33 29 42 36 14 38 31 26 
19 29 19 16 0 5 14 8 13 14 6 37 21 20 15 18 23 28 1 7 25 29 27 10 33 5 12 18 30 23 25 19 17 17 19 26 22 5 24 16 12 
14 35 19 12 5 0 16 3 13 19 10 42 23 25 20 20 28 28 3 10 28 23 33 16 39 10 14 13 35 18 25 24 17 22 18 29 23 9 26 19 18 
21 31 34 15 14 16 0 16 28 14 19 42 34 12 13 3 22 43 15 21 37 36 30 15 38 14 3 23 37 34 40 20 32 28 33 38 35 9 38 29 16 
10 38 21 8 8 3 16 0 17 22 14 46 27 26 22 19 31 30 7 14 32 21 36 19 42 13 15 9 39 18 27 27 21 25 20 33 27 10 29 22 21 
26 34 5 26 13 13 28 17 0 24 10 38 12 32 25 32 31 14 13 8 17 28 31 19 35 16 25 23 30 18 11 27 4 15 5 18 11 19 13 8 21 
31 17 30 26 14 19 14 22 24 0 14 27 25 8 1 16 9 38 16 16 26 43 16 5 23 9 11 31 23 38 35 6 26 18 30 27 27 11 30 21 4 
25 26 15 22 6 10 19 14 10 14 0 32 14 22 15 23 22 24 7 1 18 32 24 9 29 6 16 23 25 24 21 17 12 11 15 20 16 11 18 10 11 
56 12 40 52 37 42 42 46 38 27 32 0 28 33 28 44 21 44 39 33 23 65 11 27 4 32 39 56 8 56 41 22 36 23 41 23 31 38 31 29 26 
38 27 12 36 21 23 34 27 12 25 14 28 0 34 26 38 28 16 21 13 5 41 24 20 26 20 31 35 20 30 13 24 9 7 14 6 3 25 4 4 21 
33 21 38 27 20 25 12 26 32 8 22 33 34 0 7 12 11 47 22 24 35 47 21 13 29 16 11 34 30 43 43 12 35 26 38 36 36 15 39 30 13 
31 17 31 26 15 20 13 22 25 1 15 28 26 7 0 15 9 39 16 17 27 43 17 6 24 10 10 31 24 38 36 6 27 19 31 28 29 11 31 23 5 
23 32 38 17 18 20 3 19 32 16 23 44 38 12 15 0 23 47 19 25 40 38 32 18 40 17 6 25 39 38 44 22 35 32 37 42 39 12 42 33 19 
40 9 36 35 23 28 22 31 31 9 22 21 28 11 9 23 0 44 25 23 28 52 10 12 17 18 19 40 19 46 40 4 32 20 37 29 31 21 33 26 10 
38 44 9 39 28 28 43 30 14 38 24 44 16 47 39 47 44 0 28 22 20 34 41 33 42 30 40 34 36 22 3 39 11 23 9 20 12 34 12 17 34 
17 31 19 14 1 3 15 7 13 16 7 39 21 22 16 19 25 28 0 8 26 27 29 12 35 7 12 16 32 21 25 21 17 19 18 27 22 6 24 17 14 
25 27 14 22 7 10 21 14 8 16 1 33 13 24 17 25 23 22 8 0 17 32 24 11 29 7 18 23 25 23 19 18 11 11 14 19 14 12 17 8 12 
42 25 18 40 25 28 37 32 17 26 18 23 5 35 27 40 28 20 26 17 0 46 22 22 22 23 34 40 16 35 18 24 15 8 19 1 8 29 7 9 22 
15 58 29 21 29 23 36 21 28 43 32 65 41 47 43 38 52 34 27 32 46 0 56 40 62 34 36 13 57 12 33 48 31 42 28 47 39 32 41 37 42 
46 3 35 42 27 33 30 36 31 16 24 11 24 21 17 32 10 41 29 24 22 56 0 17 7 22 28 46 9 48 38 10 31 17 36 22 28 27 29 24 15 
29 18 25 24 10 16 15 19 19 5 9 27 20 13 6 18 12 33 12 11 22 40 17 0 24 5 12 29 21 33 30 8 21 13 25 23 22 10 25 16 1 
53 8 38 48 33 39 38 42 35 23 29 4 26 29 24 40 17 42 35 29 22 62 7 24 0 28 35 52 6 53 39 18 34 20 39 22 29 34 30 27 22 
24 24 21 20 5 10 14 13 16 9 6 32 20 16 10 17 18 30 7 7 23 34 22 5 28 0 11 23 26 28 27 13 18 15 21 24 21 6 24 15 7 
21 28 31 16 12 14 3 15 25 11 16 39 31 11 10 6 19 40 12 18 34 36 28 12 35 11 0 23 34 33 37 17 29 25 31 35 32 6 35 26 13 
4 47 26 8 18 13 23 9 23 31 23 56 35 34 31 25 40 34 16 23 40 13 46 29 52 23 23 0 48 15 32 37 27 35 25 42 34 19 37 31 30 
50 11 32 46 30 35 37 39 30 23 25 8 20 30 24 39 19 36 32 25 16 57 9 21 6 26 34 48 0 48 33 18 28 15 33 16 23 31 23 21 20 
19 50 17 23 23 18 34 18 18 38 24 56 30 43 38 38 46 22 21 23 35 12 48 33 53 28 33 15 48 0 21 42 20 33 16 36 27 27 29 26 35 
36 41 6 36 25 25 40 27 11 35 21 41 13 43 36 44 40 3 25 19 18 33 38 30 39 27 37 32 33 21 0 36 8 20 7 18 10 31 10 14 31 
37 11 32 32 19 24 20 27 27 6 17 22 24 12 6 22 4 39 21 18 24 48 10 8 18 13 17 37 18 42 36 0 28 16 32 25 27 17 29 22 6 
30 34 3 30 17 17 32 21 4 26 12 36 9 35 27 35 32 11 17 11 15 31 31 21 34 18 29 27 28 20 8 28 0 14 5 15 7 23 9 7 23 
36 20 18 33 17 22 28 25 15 18 11 23 7 26 19 32 20 23 19 11 8 42 17 13 20 15 25 35 15 33 20 16 14 0 19 9 11 21 12 7 13 
29 39 1 29 19 18 33 20 5 30 15 41 14 38 31 37 37 9 18 14 19 28 36 25 39 21 31 25 33 16 7 32 5 19 0 20 11 25 13 12 27 
44 25 19 42 26 29 38 33 18 27 20 23 6 36 28 42 29 20 27 19 1 47 22 23 22 24 35 42 16 36 18 25 15 9 20 0 8 30 8 10 23 
37 31 10 36 22 23 35 27 11 27 16 31 3 36 29 39 31 12 22 14 8 39 28 22 29 21 32 34 23 27 10 27 7 11 11 8 0 27 2 6 23 
19 28 25 14 5 9 9 10 19 11 11 38 25 15 11 12 21 34 6 12 29 32 27 10 34 6 6 19 31 27 31 17 23 21 25 30 27 0 29 21 11 
39 32 11 38 24 26 38 29 13 30 18 31 4 39 31 42 33 12 24 17 7 41 29 25 30 24 35 37 23 29 10 29 9 12 13 8 2 29 0 8 25 
33 27 11 31 16 19 29 22 8 21 10 29 4 30 23 33 26 17 17 8 9 37 24 16 27 15 26 31 21 26 14 22 7 7 12 10 6 21 8 0 17 
30 17 26 26 12 18 16 21 21 4 11 26 21 13 5 19 10 34 14 12 22 42 15 1 22 7 13 30 20 35 31 6 23 13 27 23 23 11 25 17 0 
0 318
166 197
43 74
131 162
141 172
10 41
155 186
34 65
263 294
148 179
179 210
282 313
128 159
53 84
80 111
73 104
89 120
251 282
48 79
179 210
190 221
53 84
248 279
133 164
213 244
39 70
48 79
88 119
209 240
144 175
109 140
116 147
127 158
184 215
70 101
270 301
103 134
16 47
117 148
121 152
208 239
