41
0 13 16 30 28 28 42 14 9 26 16 10 21 37 25 34 8 19 11 8 8 14 18 25 8 29 17 29 20 22 15 12 15 17 34 17 17 26 28 16 35 
13 0 5 35 42 39 43 12 22 39 6 15 7 50 39 46 17 24 23 11 19 16 31 31 19 16 25 18 31 35 12 15 23 19 46 28 14 27 20 16 48 
16 5 0 33 43 39 39 9 25 40 11 20 10 50 41 45 17 22 27 16 23 21 32 29 23 12 24 13 31 37 9 20 28 16 45 32 10 23 14 13 48 
30 35 33 0 32 19 16 23 35 25 42 41 43 30 32 21 22 11 38 38 37 45 23 5 37 38 13 36 18 29 23 43 44 16 21 43 23 11 29 19 30 
28 42 43 32 0 14 48 37 23 7 45 34 49 11 3 16 26 30 25 35 27 38 11 28 28 55 25 55 15 6 38 36 31 34 16 25 39 38 50 36 9 
28 39 39 19 14 0 34 30 27 7 44 37 47 12 15 6 21 20 30 36 31 41 10 16 31 48 15 47 8 13 31 39 37 25 6 32 32 26 42 28 11 
42 43 39 16 48 34 0 31 49 41 49 52 48 45 48 36 34 23 52 49 50 56 39 20 50 39 27 36 34 45 30 54 57 25 36 57 29 16 28 27 46 
14 12 9 23 37 30 31 0 23 32 18 22 19 42 34 37 10 12 25 18 22 25 25 19 22 18 15 17 23 30 1 23 29 7 36 31 3 15 14 4 41 
9 22 25 35 23 27 49 23 0 24 22 11 28 34 20 34 15 26 3 12 4 14 17 30 4 38 22 39 20 17 24 13 9 25 33 7 26 34 37 25 31 
26 39 40 25 7 7 41 32 24 0 43 34 47 10 8 10 22 24 26 34 27 38 7 21 28 51 19 50 8 7 33 36 32 28 10 27 34 31 45 30 8 
16 6 11 42 45 44 49 18 22 43 0 13 6 53 41 50 22 30 23 10 19 12 35 37 18 20 31 22 36 38 19 12 21 25 50 27 20 34 26 23 51 
10 15 20 41 34 37 52 22 11 34 13 0 19 45 31 44 19 30 10 3 7 4 27 36 6 32 28 33 29 28 23 2 8 27 43 14 25 36 34 25 42 
21 7 10 43 49 47 48 19 28 47 6 19 0 57 46 54 25 31 29 16 24 18 39 39 24 15 33 18 39 43 19 18 27 26 53 33 20 34 22 23 55 
37 50 50 30 11 12 45 42 34 10 53 45 57 0 15 9 32 32 36 44 38 49 18 28 38 60 28 59 18 16 43 47 42 37 8 36 44 39 54 40 2 
25 39 41 32 3 15 48 34 20 8 41 31 46 15 0 18 24 29 21 31 24 35 9 28 24 52 23 52 14 3 35 33 27 32 18 21 37 37 48 34 12 
34 46 45 21 16 6 36 37 34 10 50 44 54 9 18 0 28 26 36 42 37 48 16 20 38 55 21 53 14 18 37 46 43 31 0 38 38 31 47 34 10 
8 17 17 22 26 21 34 10 15 22 22 19 25 32 24 28 0 11 18 16 15 23 15 16 16 29 9 28 14 20 11 21 23 10 28 23 13 18 25 10 31 
19 24 22 11 30 20 23 12 26 24 30 30 31 32 29 26 11 0 29 27 27 34 19 7 27 29 5 27 15 25 12 32 34 5 26 34 12 8 21 8 32 
11 23 27 38 25 30 52 25 3 26 23 10 29 36 21 36 18 29 0 12 4 13 19 33 4 40 25 40 23 19 27 12 6 28 36 5 29 37 40 28 33 
8 11 16 38 35 36 49 18 12 34 10 3 16 44 31 42 16 27 12 0 8 7 26 33 8 28 25 30 28 28 19 5 11 24 42 16 21 33 30 22 42 
8 19 23 37 27 31 50 22 4 27 19 7 24 38 24 37 15 27 4 8 0 10 20 32 0 35 24 36 23 21 23 9 7 25 37 9 25 34 36 24 35 
14 16 21 45 38 41 56 25 14 38 12 4 18 49 35 48 23 34 13 7 10 0 31 40 10 33 32 35 33 32 26 2 9 31 47 16 28 40 36 29 46 
18 31 32 23 11 10 39 25 17 7 35 27 39 18 9 16 15 19 19 26 20 31 0 19 21 44 14 43 5 6 26 29 26 22 16 22 27 27 39 24 16 
25 31 29 5 28 16 20 19 30 21 37 36 39 28 28 20 16 7 33 33 32 40 19 0 32 36 7 34 14 25 19 38 39 13 20 37 19 10 27 16 28 
8 19 23 37 28 31 50 22 4 28 18 6 24 38 24 38 16 27 4 8 0 10 21 32 0 35 24 36 24 22 23 8 6 26 37 9 25 34 36 25 36 
29 16 12 38 55 48 39 18 38 51 20 32 15 60 52 55 29 29 40 28 35 33 44 36 35 0 33 3 42 49 17 32 40 23 54 45 16 27 10 20 59 
17 25 24 13 25 15 27 15 22 19 31 28 33 28 23 21 9 5 25 25 24 32 14 7 24 33 0 31 10 20 15 30 31 9 21 30 16 13 26 12 27 
29 18 13 36 55 47 36 17 39 50 22 33 18 59 52 53 28 27 40 30 36 35 43 34 36 3 31 0 41 48 16 34 41 22 53 45 15 25 7 19 58 
20 31 31 18 15 8 34 23 20 8 36 29 39 18 14 14 14 15 23 28 23 33 5 14 24 42 10 41 0 10 24 31 29 19 14 26 25 23 36 21 17 
22 35 37 29 6 13 45 30 17 7 38 28 43 16 3 18 20 25 19 28 21 32 6 25 22 49 20 48 10 0 31 30 25 28 18 20 33 33 44 30 14 
15 12 9 23 38 31 30 1 24 33 19 23 19 43 35 37 11 12 27 19 23 26 26 19 23 17 15 16 24 31 0 25 30 6 37 32 1 14 13 3 41 
12 15 20 43 36 39 54 23 13 36 12 2 18 47 33 46 21 32 12 5 9 2 29 38 8 32 30 34 31 30 25 0 8 29 45 15 26 38 35 27 44 
15 23 28 44 31 37 57 29 9 32 21 8 27 42 27 43 23 34 6 11 7 9 26 39 6 40 31 41 29 25 30 8 0 32 42 6 32 41 42 31 39 
17 19 16 16 34 25 25 7 25 28 25 27 26 37 32 31 10 5 28 24 25 31 22 13 26 23 9 22 19 28 6 29 32 0 31 33 6 9 16 2 36 
34 46 45 21 16 6 36 36 33 10 50 43 53 8 18 0 28 26 36 42 37 47 16 20 37 54 21 53 14 18 37 45 42 31 0 38 38 31 47 34 10 
17 28 32 43 25 32 57 31 7 27 27 14 33 36 21 38 23 34 5 16 9 16 22 37 9 45 30 45 26 20 32 15 6 33 38 0 34 42 45 33 33 
17 14 10 23 39 32 29 3 26 34 20 25 20 44 37 38 13 12 29 21 25 28 27 19 25 16 16 15 25 33 1 26 32 6 38 34 0 13 11 3 42 
26 27 23 11 38 26 16 15 34 31 34 36 34 39 37 31 18 8 37 33 34 40 27 10 34 27 13 25 23 33 14 38 41 9 31 42 13 0 17 11 38 
28 20 14 29 50 42 28 14 37 45 26 34 22 54 48 47 25 21 40 30 36 36 39 27 36 10 26 7 36 44 13 35 42 16 47 45 11 17 0 14 53 
16 16 13 19 36 28 27 4 25 30 23 25 23 40 34 34 10 8 28 22 24 29 24 16 25 20 12 19 21 30 3 27 31 2 34 33 3 11 14 0 39 
35 48 48 30 9 11 46 41 31 8 51 42 55 2 12 10 31 32 33 42 35 46 16 28 36 59 27 58 17 14 41 44 39 36 10 33 42 38 53 39 0 
0 587
267 501
43 277
291 525
32 266
304 538
126 360
199 433
147 381
118 352
327 561
156 390
298 532
139 373
251 485
11 245
174 408
116 350
85 319
9 243
171 405
167 401
143 377
23 257
199 433
169 403
257 491
107 341
77 311
233 467
25 259
192 426
198 432
314 548
221 455
37 271
318 552
18 252
85 319
98 332
315 549
