41
0 32 4 48 18 20 54 27 43 10 44 55 38 46 39 28 49 31 54 31 50 36 6 18 42 41 25 15 52 36 42 37 44 33 45 42 19 17 26 9 27 
32 0 30 23 13 15 23 9 11 24 22 24 29 24 7 23 18 28 24 19 20 11 38 13 10 27 9 19 20 10 28 7 14 24 22 10 15 27 12 24 11 
4 30 0 44 16 20 52 27 42 12 40 53 33 42 37 30 48 27 51 32 47 33 9 17 40 42 24 16 51 33 44 34 41 35 41 40 19 12 23 6 27 
48 23 44 0 32 37 16 32 25 44 4 16 19 4 17 46 29 24 12 42 10 12 53 33 17 49 32 40 24 13 50 16 10 48 3 23 37 34 21 38 34 
18 13 16 32 0 7 36 11 25 11 29 37 29 31 21 20 31 25 37 20 33 19 24 1 24 30 8 8 34 19 31 19 26 24 29 23 6 17 11 11 12 
20 15 20 37 7 0 38 7 24 10 35 39 37 37 23 12 29 32 39 12 35 24 26 6 25 23 5 5 34 23 24 22 29 16 35 23 1 24 18 16 7 
54 23 52 16 36 38 0 31 16 47 19 1 35 21 15 43 17 38 5 38 6 19 60 36 12 42 32 43 10 18 43 17 11 43 18 15 38 45 29 45 33 
27 9 27 32 11 7 31 0 16 18 31 32 36 33 16 14 22 33 33 11 29 20 33 10 18 20 2 13 26 19 21 16 23 16 30 16 8 28 17 22 2 
43 11 42 25 25 24 16 16 0 34 26 17 38 28 8 27 6 38 20 22 17 17 49 25 7 25 18 29 9 16 26 12 14 26 25 2 25 39 23 36 17 
10 24 12 44 11 10 47 18 34 0 41 48 39 43 32 17 40 33 48 20 44 31 16 11 34 30 15 5 44 31 31 30 38 23 41 33 9 21 22 11 17 
44 22 40 4 29 35 19 31 26 41 0 20 15 2 18 45 31 20 16 41 13 10 50 30 18 49 30 38 27 11 50 15 11 47 1 23 35 30 18 34 33 
55 24 53 16 37 39 1 32 17 48 20 0 36 21 16 45 17 39 4 39 6 20 61 37 14 43 33 44 11 19 44 18 12 44 18 16 40 46 30 46 34 
38 29 33 19 29 37 35 36 38 39 15 36 0 15 29 49 44 7 32 47 29 20 42 30 31 56 34 38 41 21 58 25 25 52 17 35 36 21 18 29 38 
46 24 42 4 31 37 21 33 28 43 2 21 15 0 20 47 33 20 17 44 15 13 51 32 21 51 33 40 29 14 53 18 13 49 3 26 37 31 20 36 35 
39 7 37 17 21 23 15 16 8 32 18 16 29 20 0 30 15 30 17 25 13 9 45 21 2 31 17 27 14 7 33 3 7 30 17 6 23 32 16 31 18 
28 23 30 46 20 12 43 14 27 17 45 45 49 47 30 0 30 45 46 5 43 34 33 19 31 13 14 14 37 33 14 30 37 5 45 28 13 36 30 28 12 
49 18 48 29 31 29 17 22 6 40 31 17 44 33 15 30 0 45 21 25 20 24 56 31 13 25 24 35 7 22 26 18 19 29 30 9 31 45 30 42 22 
31 28 27 24 25 32 38 33 38 33 20 39 7 20 30 45 45 0 36 44 32 21 35 26 32 54 31 33 43 22 55 26 28 49 21 35 32 14 16 22 35 
54 24 51 12 37 39 5 33 20 48 16 4 32 17 17 46 21 36 0 41 4 18 61 37 15 46 34 44 15 18 47 18 10 46 14 19 40 44 29 45 35 
31 19 32 42 20 12 38 11 22 20 41 39 47 44 25 5 25 44 41 0 38 30 37 18 26 10 12 16 31 29 11 26 33 5 41 22 14 36 28 29 8 
50 20 47 10 33 35 6 29 17 44 13 6 29 15 13 43 20 32 4 38 0 14 56 33 11 43 30 40 14 13 44 14 6 43 12 16 36 40 24 41 31 
36 11 33 12 19 24 19 20 17 31 10 20 20 13 9 34 24 21 18 30 14 0 42 20 11 38 19 28 22 1 40 5 8 36 10 15 24 26 10 27 22 
6 38 9 53 24 26 60 33 49 16 50 61 42 51 45 33 56 35 61 37 56 42 0 24 48 46 31 21 59 42 47 43 50 38 50 48 25 21 32 15 33 
18 13 17 33 1 6 36 10 25 11 30 37 30 32 21 19 31 26 37 18 33 20 24 0 24 29 7 7 34 20 30 19 27 23 30 23 5 18 12 11 11 
42 10 40 17 24 25 12 18 7 34 18 14 31 21 2 31 13 32 15 26 11 11 48 24 0 32 19 30 11 9 33 6 7 31 17 5 25 35 19 33 20 
41 27 42 49 30 23 42 20 25 30 49 43 56 51 31 13 25 54 46 10 43 38 46 29 32 0 22 26 33 37 1 33 39 7 48 27 24 47 38 39 18 
25 9 24 32 8 5 32 2 18 15 30 33 34 33 17 14 24 31 34 12 30 19 31 7 19 22 0 10 28 19 23 16 24 17 30 17 6 25 15 19 4 
15 19 16 40 8 5 43 13 29 5 38 44 38 40 27 14 35 33 44 16 40 28 21 7 30 26 10 0 39 27 27 26 34 19 38 28 4 22 20 13 12 
52 20 51 24 34 34 10 26 9 44 27 11 41 29 14 37 7 43 15 31 14 22 59 34 11 33 28 39 0 21 34 18 16 35 26 10 35 46 30 45 27 
36 10 33 13 19 23 18 19 16 31 11 19 21 14 7 33 22 22 18 29 13 1 42 20 9 37 19 27 21 0 38 4 7 35 11 13 24 26 11 27 21 
42 28 44 50 31 24 43 21 26 31 50 44 58 53 33 14 26 55 47 11 44 40 47 30 33 1 23 27 34 38 0 34 40 8 50 28 25 48 39 41 19 
37 7 34 16 19 22 17 16 12 30 15 18 25 18 3 30 18 26 18 26 14 5 43 19 6 33 16 26 18 4 34 0 7 31 15 9 22 28 12 28 18 
44 14 41 10 26 29 11 23 14 38 11 12 25 13 7 37 19 28 10 33 6 8 50 27 7 39 24 34 16 7 40 7 0 38 10 12 30 34 18 34 26 
33 24 35 48 24 16 43 16 26 23 47 44 52 49 30 5 29 49 46 5 43 36 38 23 31 7 17 19 35 35 8 31 38 0 46 27 18 41 33 33 14 
45 22 41 3 29 35 18 30 25 41 1 18 17 3 17 45 30 21 14 41 12 10 50 30 17 48 30 38 26 11 50 15 10 46 0 22 35 31 19 35 33 
42 10 40 23 23 23 15 16 2 33 23 16 35 26 6 28 9 35 19 22 16 15 48 23 5 27 17 28 10 13 28 9 12 27 22 0 24 36 21 34 17 
19 15 19 37 6 1 38 8 25 9 35 40 36 37 23 13 31 32 40 14 36 24 25 5 25 24 6 4 35 24 25 22 30 18 35 24 0 23 17 15 8 
17 27 12 34 17 24 45 28 39 21 30 46 21 31 32 36 45 14 44 36 40 26 21 18 35 47 25 22 46 26 48 28 34 41 31 36 23 0 15 9 29 
26 12 23 21 11 18 29 17 23 22 18 30 18 20 16 30 30 16 29 28 24 10 32 12 19 38 15 20 30 11 39 12 18 33 19 21 17 15 0 16 19 
9 24 6 38 11 16 45 22 36 11 34 46 29 36 31 28 42 22 45 29 41 27 15 11 33 39 19 13 45 27 41 28 34 33 35 34 15 9 16 0 23 
27 11 27 34 12 7 33 2 17 17 33 34 38 35 18 12 22 35 35 8 31 22 33 11 20 18 4 12 27 21 19 18 26 14 33 17 8 29 19 23 0 
0 293
183 270
188 275
9 96
18 105
90 177
193 280
33 120
106 193
96 183
142 229
202 289
76 163
95 182
14 101
112 199
167 254
50 137
64 151
126 213
181 268
121 208
99 186
80 167
143 230
119 206
191 278
15 102
162 249
46 133
159 246
23 110
81 168
83 170
90 177
88 175
186 273
203 290
199 286
178 265
30 117
