41
0 32 38 38 19 15 28 38 19 7 13 40 26 42 46 22 23 42 34 44 23 49 17 48 17 46 33 42 39 43 44 20 24 32 32 41 42 29 33 32 40 
32 0 43 36 13 23 6 40 17 39 31 47 25 55 21 34 35 54 48 50 38 34 22 43 15 40 36 19 28 22 24 15 32 2 47 27 22 9 2 22 44 
38 43 0 8 40 26 45 4 28 40 24 4 18 14 35 15 14 13 11 7 15 24 25 14 34 14 6 33 20 31 29 30 14 40 12 23 29 34 42 21 2 
38 36 8 0 36 23 39 4 24 42 25 12 13 23 27 16 16 22 19 14 18 16 22 10 30 8 5 25 11 23 21 26 13 34 19 14 20 27 35 14 9 
19 13 40 36 0 15 9 38 11 26 21 44 22 50 31 27 28 49 41 47 30 40 15 45 5 42 34 28 31 30 31 9 26 13 40 32 29 14 15 24 42 
15 23 26 23 15 0 22 24 6 21 8 29 11 35 31 12 13 34 26 33 15 33 2 34 9 31 20 28 24 28 28 8 12 22 25 26 26 17 24 16 28 
28 6 45 39 9 22 0 42 17 35 30 49 27 56 27 34 35 55 48 53 38 39 22 47 13 44 38 25 32 28 30 15 33 8 47 32 28 13 8 25 47 
38 40 4 4 38 24 42 0 26 41 24 8 15 18 32 15 15 17 15 10 16 21 23 12 32 11 4 29 16 27 25 28 13 37 15 19 25 31 39 18 4 
19 17 28 24 11 6 17 26 0 26 14 32 11 39 26 17 18 38 31 36 21 30 5 34 6 31 22 22 21 23 24 2 15 15 30 23 22 10 17 14 30 
7 39 40 42 26 21 35 41 26 0 16 42 31 42 52 25 25 42 34 46 25 54 23 52 24 50 37 49 45 50 50 27 28 39 32 47 48 36 40 38 42 
13 31 24 25 21 8 30 24 14 16 0 27 15 30 38 9 9 29 21 31 10 38 9 35 16 33 20 35 28 35 35 16 11 30 20 31 33 25 32 22 26 
40 47 4 12 44 29 49 8 32 42 27 0 22 10 40 18 17 9 9 4 16 28 28 16 38 17 10 38 24 36 34 34 17 45 11 27 33 38 46 26 3 
26 25 18 13 22 11 27 15 11 31 15 22 0 30 24 11 12 29 23 25 15 22 9 23 17 20 11 21 13 20 19 12 8 22 22 15 18 16 24 7 19 
42 55 14 23 50 35 56 18 39 42 30 10 30 0 50 23 21 1 8 11 19 39 34 27 44 27 20 48 35 46 44 41 23 53 10 38 44 46 55 35 14 
46 21 35 27 31 31 27 32 26 52 38 40 24 50 0 35 36 49 45 41 39 16 29 29 29 26 30 3 15 4 6 25 32 19 45 12 6 17 19 16 36 
22 34 15 16 27 12 34 15 17 25 9 18 11 23 35 0 1 22 14 22 4 31 12 27 21 25 11 32 22 31 30 19 3 32 13 25 29 26 33 18 17 
23 35 14 16 28 13 35 15 18 25 9 17 12 21 36 1 0 20 13 21 2 31 13 27 23 25 11 33 23 32 31 20 4 33 11 26 30 27 35 19 17 
42 54 13 22 49 34 55 17 38 42 29 9 29 1 49 22 20 0 7 10 19 37 33 25 43 26 18 46 33 45 43 40 22 52 9 36 42 45 53 34 13 
34 48 11 19 41 26 48 15 31 34 21 9 23 8 45 14 13 7 0 13 11 36 26 26 36 26 14 42 30 41 39 33 15 46 1 33 38 39 47 29 12 
44 50 7 14 47 33 53 10 36 46 31 4 25 11 41 22 21 10 13 0 21 28 32 15 42 17 14 39 26 37 35 38 21 48 15 28 35 41 49 28 6 
23 38 15 18 30 15 38 16 21 25 10 16 15 19 39 4 2 19 11 21 0 34 15 28 25 27 13 36 26 35 34 23 7 36 9 29 33 30 38 22 17 
49 34 24 16 40 33 39 21 30 54 38 28 22 39 16 31 31 37 36 28 34 0 31 14 36 11 21 16 9 13 10 31 27 32 36 7 12 27 32 16 24 
17 22 25 22 15 2 22 23 5 23 9 28 9 34 29 12 13 33 26 32 15 31 0 32 9 30 19 26 22 26 26 7 11 20 25 24 24 15 22 14 27 
48 43 14 10 45 34 47 12 34 52 35 16 23 27 29 27 27 25 26 15 28 14 32 0 40 3 15 28 15 25 23 35 24 41 27 17 23 34 42 21 13 
17 15 34 30 5 9 13 32 6 24 16 38 17 44 29 21 23 43 36 42 25 36 9 40 0 37 28 26 27 28 29 5 21 14 35 28 26 12 16 19 36 
46 40 14 8 42 31 44 11 31 50 33 17 20 27 26 25 25 26 26 17 27 11 30 3 37 0 14 25 12 22 20 32 22 38 26 14 20 31 39 18 13 
33 36 6 5 34 20 38 4 22 37 20 10 11 20 30 11 11 18 14 14 13 21 19 15 28 14 0 28 15 26 24 24 9 34 14 18 24 27 35 15 8 
42 19 33 25 28 28 25 29 22 49 35 38 21 48 3 32 33 46 42 39 36 16 26 28 26 25 28 0 13 2 5 22 29 17 42 11 4 14 17 13 34 
39 28 20 11 31 24 32 16 21 45 28 24 13 35 15 22 23 33 30 26 26 9 22 15 27 12 15 13 0 11 9 22 19 25 30 3 9 19 26 7 20 
43 22 31 23 30 28 28 27 23 50 35 36 20 46 4 31 32 45 41 37 35 13 26 25 28 22 26 2 11 0 2 23 28 20 41 8 2 16 20 13 32 
44 24 29 21 31 28 30 25 24 50 35 34 19 44 6 30 31 43 39 35 34 10 26 23 29 20 24 5 9 2 0 24 27 22 39 6 2 17 22 12 30 
20 15 30 26 9 8 15 28 2 27 16 34 12 41 25 19 20 40 33 38 23 31 7 35 5 32 24 22 22 23 24 0 18 13 32 23 22 9 15 14 32 
24 32 14 13 26 12 33 13 15 28 11 17 8 23 32 3 4 22 15 21 7 27 11 24 21 22 9 29 19 28 27 18 0 30 14 22 25 23 31 15 16 
32 2 40 34 13 22 8 37 15 39 30 45 22 53 19 32 33 52 46 48 36 32 20 41 14 38 34 17 25 20 22 13 30 0 45 25 20 6 1 19 42 
32 47 12 19 40 25 47 15 30 32 20 11 22 10 45 13 11 9 1 15 9 36 25 27 35 26 14 42 30 41 39 32 14 45 0 33 38 38 46 28 13 
41 27 23 14 32 26 32 19 23 47 31 27 15 38 12 25 26 36 33 28 29 7 24 17 28 14 18 11 3 8 6 23 22 25 33 0 6 19 25 9 23 
42 22 29 20 29 26 28 25 22 48 33 33 18 44 6 29 30 42 38 35 33 12 24 23 26 20 24 4 9 2 2 22 25 20 38 6 0 15 20 10 30 
29 9 34 27 14 17 13 31 10 36 25 38 16 46 17 26 27 45 39 41 30 27 15 34 12 31 27 14 19 16 17 9 23 6 38 19 15 0 8 13 35 
33 2 42 35 15 24 8 39 17 40 32 46 24 55 19 33 35 53 47 49 38 32 22 42 16 39 35 17 26 20 22 15 31 1 46 25 20 8 0 20 43 
32 22 21 14 24 16 25 18 14 38 22 26 7 35 16 18 19 34 29 28 22 16 14 21 19 18 15 13 7 13 12 14 15 19 28 9 10 13 20 0 22 
40 44 2 9 42 28 47 4 30 42 26 3 19 14 36 17 17 13 12 6 17 24 27 13 36 13 8 34 20 32 30 32 16 42 13 23 30 35 43 22 0 
0 318
20 179
126 285
62 221
150 309
126 285
58 217
47 206
22 181
130 289
25 184
54 213
117 276
98 257
42 201
113 272
147 306
54 213
20 179
98 257
132 291
93 252
67 226
45 204
150 309
10 169
125 284
67 226
149 308
1 160
106 265
47 206
49 208
74 233
37 196
118 277
50 209
8 167
99 258
10 169
132 291
