41
0 15 27 15 24 39 23 38 27 37 46 36 5 37 27 49 47 39 33 20 2 20 20 16 27 17 17 19 9 26 15 15 28 37 36 37 11 28 13 20 44 
15 0 22 30 28 48 9 37 40 36 42 44 16 29 37 45 42 44 42 9 12 11 5 31 24 14 32 29 18 23 20 24 29 43 31 40 25 16 19 35 53 
27 22 0 39 14 36 17 14 37 14 19 30 32 11 29 22 20 25 31 14 25 11 21 38 2 9 39 25 21 1 16 19 10 27 8 21 38 14 17 39 40 
15 30 39 0 30 35 38 46 18 45 55 35 15 50 24 59 56 41 30 35 18 35 36 1 38 30 1 18 18 38 22 20 36 38 47 41 8 43 21 7 39 
24 28 14 30 0 22 27 15 24 14 24 16 30 24 15 29 26 15 16 23 24 20 29 29 11 14 30 12 15 12 9 10 6 15 19 12 32 27 11 28 26 
39 48 36 35 22 0 49 30 17 30 39 6 43 45 11 43 40 16 6 45 40 42 51 33 34 36 34 20 31 35 27 24 26 12 38 19 41 50 28 28 4 
23 9 17 38 27 49 0 31 44 31 35 44 26 20 40 37 35 41 43 3 20 6 5 38 19 13 40 32 23 18 22 26 26 42 23 37 34 6 22 42 54 
38 37 14 46 15 30 31 0 38 0 9 23 43 17 28 13 10 15 26 29 37 25 35 45 12 22 46 28 29 14 24 25 9 19 10 11 47 28 25 43 33 
27 40 37 18 24 17 44 38 0 37 48 20 30 48 10 52 49 28 15 41 29 39 44 16 35 32 17 12 22 36 22 18 30 24 43 29 26 47 22 10 21 
37 36 14 45 14 30 31 0 37 0 10 23 43 17 27 14 11 15 26 28 36 25 35 44 12 22 45 27 29 13 23 24 9 18 10 11 47 28 24 43 32 
46 42 19 55 24 39 35 9 48 10 0 32 51 16 37 4 1 23 35 33 44 30 40 54 18 29 55 37 38 19 32 34 18 27 11 20 56 30 34 53 41 
36 44 30 35 16 6 44 23 20 23 32 0 41 38 11 36 33 9 5 40 37 37 46 34 27 31 35 18 28 28 23 21 20 5 32 12 41 44 25 29 9 
5 16 32 15 30 43 26 43 30 43 51 41 0 42 32 54 52 45 38 23 6 24 22 16 32 22 17 23 14 31 20 21 34 43 41 42 8 31 18 22 48 
37 29 11 50 24 45 20 17 48 17 16 38 42 0 40 16 15 32 40 20 35 18 25 49 13 20 51 36 32 12 27 31 19 34 7 27 48 15 28 50 48 
27 37 29 24 15 11 40 28 10 27 37 11 32 40 0 42 39 18 6 36 29 33 41 23 27 27 24 8 19 28 17 13 21 14 34 19 30 41 18 18 16 
49 45 22 59 29 43 37 13 52 14 4 36 54 16 42 0 3 27 40 35 48 33 42 58 22 32 59 41 42 23 36 38 22 31 14 24 59 31 37 57 44 
47 42 20 56 26 40 35 10 49 11 1 33 52 15 39 3 0 24 37 33 45 31 40 55 19 30 56 38 39 20 33 35 19 28 11 21 57 30 35 54 42 
39 44 25 41 15 16 41 15 28 15 23 9 45 32 18 27 24 0 14 38 39 35 44 40 23 29 41 23 30 24 24 23 15 4 25 4 46 40 26 36 17 
33 42 31 30 16 6 43 26 15 26 35 5 38 40 6 40 37 14 0 39 34 36 45 29 28 30 30 14 25 29 21 18 21 9 34 16 37 44 22 24 10 
20 9 14 35 23 45 3 29 41 28 33 40 23 20 36 35 33 38 39 0 17 3 6 35 16 9 36 28 19 15 19 22 22 38 21 34 31 8 18 38 50 
2 12 25 18 24 40 20 37 29 36 44 37 6 35 29 48 45 39 34 17 0 18 17 19 26 15 20 20 9 25 14 16 28 38 34 37 13 25 13 23 45 
20 11 11 35 20 42 6 25 39 25 30 37 24 18 33 33 31 35 36 3 18 0 10 34 13 6 36 26 17 11 16 20 19 35 19 31 31 8 16 37 47 
20 5 21 36 29 51 5 35 44 35 40 46 22 25 41 42 40 44 45 6 17 10 0 36 23 15 37 33 22 21 23 27 29 45 28 41 30 11 22 40 55 
16 31 38 1 29 33 38 45 16 44 54 34 16 49 23 58 55 40 29 35 19 34 36 0 37 29 1 17 17 37 21 19 35 37 46 39 10 43 20 6 37 
27 24 2 38 11 34 19 12 35 12 18 27 32 13 27 22 19 23 28 16 26 13 23 37 0 10 38 23 20 1 15 18 7 24 8 18 37 17 16 37 37 
17 14 9 30 14 36 13 22 32 22 29 31 22 20 27 32 30 29 30 9 15 6 15 29 10 0 31 20 12 9 10 14 14 29 18 25 28 14 10 31 40 
17 32 39 1 30 34 40 46 17 45 55 35 17 51 24 59 56 41 30 36 20 36 37 1 38 31 0 18 19 38 23 21 36 38 47 40 10 44 22 6 38 
19 29 25 18 12 20 32 28 12 27 37 18 23 36 8 41 38 23 14 28 20 26 33 17 23 20 18 0 11 23 9 5 19 20 31 22 23 35 10 15 25 
9 18 21 18 15 31 23 29 22 29 38 28 14 32 19 42 39 30 25 19 9 17 22 17 20 12 19 11 0 19 5 6 20 28 29 28 17 26 4 19 36 
26 23 1 38 12 35 18 14 36 13 19 28 31 12 28 23 20 24 29 15 25 11 21 37 1 9 38 23 19 0 15 18 8 25 9 20 37 15 16 37 38 
15 20 16 22 9 27 22 24 22 23 32 23 20 27 17 36 33 24 21 19 14 16 23 21 15 10 23 9 5 15 0 3 14 23 24 22 23 25 1 22 32 
15 24 19 20 10 24 26 25 18 24 34 21 21 31 13 38 35 23 18 22 16 20 27 19 18 14 21 5 6 18 3 0 15 21 26 21 22 29 4 19 29 
28 29 10 36 6 26 26 9 30 9 18 20 34 19 21 22 19 15 21 22 28 19 29 35 7 14 36 19 20 8 14 15 0 16 13 11 37 24 15 34 30 
37 43 27 38 15 12 42 19 24 18 27 5 43 34 14 31 28 4 9 38 38 35 45 37 24 29 38 20 28 25 23 21 16 0 27 7 43 41 25 33 14 
36 31 8 47 19 38 23 10 43 10 11 32 41 7 34 14 11 25 34 21 34 19 28 46 8 18 47 31 29 9 24 26 13 27 0 20 46 19 25 46 41 
37 40 21 41 12 19 37 11 29 11 20 12 42 27 19 24 21 4 16 34 37 31 41 39 18 25 40 22 28 20 22 21 11 7 20 0 44 36 23 36 21 
11 25 38 8 32 41 34 47 26 47 56 41 8 48 30 59 57 46 37 31 13 31 30 10 37 28 10 23 17 37 23 22 37 43 46 44 0 39 22 16 46 
28 16 14 43 27 50 6 28 47 28 30 44 31 15 41 31 30 40 44 8 25 8 11 43 17 14 44 35 26 15 25 29 24 41 19 36 39 0 25 46 54 
13 19 17 21 11 28 22 25 22 24 34 25 18 28 18 37 35 26 22 18 13 16 22 20 16 10 22 10 4 16 1 4 15 25 25 23 22 25 0 21 33 
20 35 39 7 28 28 42 43 10 43 53 29 22 50 18 57 54 36 24 38 23 37 40 6 37 31 6 15 19 37 22 19 34 33 46 36 16 46 21 0 32 
44 53 40 39 26 4 54 33 21 32 41 9 48 48 16 44 42 17 10 50 45 47 55 37 37 40 38 25 36 38 32 29 30 14 41 21 46 54 33 32 0 
0 612
0 183
399 582
364 547
16 199
53 236
388 571
81 264
7 190
210 393
144 327
426 609
218 401
424 607
250 433
388 571
342 525
320 503
372 555
12 195
407 590
211 394
323 506
398 581
197 380
249 432
372 555
65 248
251 434
208 391
133 316
346 529
395 578
162 345
122 305
341 524
406 589
354 537
232 415
87 270
253 436
