41
0 16 36 30 12 29 26 21 9 3 11 21 12 28 16 4 42 15 31 28 14 32 24 34 15 28 14 5 13 6 5 3 11 36 36 30 7 24 5 41 20 
16 0 35 22 4 32 10 14 23 14 24 15 22 23 13 16 41 28 20 16 31 25 33 23 5 17 31 20 29 20 20 18 20 25 23 35 19 23 16 28 14 
36 35 0 17 32 9 34 22 44 32 30 20 26 14 22 32 5 30 22 26 41 13 21 22 30 24 41 35 38 42 35 35 26 23 29 12 31 12 31 29 49 
30 22 17 0 21 20 18 9 40 27 29 9 25 3 14 27 21 32 5 9 41 3 28 6 18 7 41 32 38 37 32 31 25 7 12 24 28 11 26 14 37 
12 4 32 21 0 28 13 12 20 10 19 13 17 21 9 11 38 23 20 17 26 24 28 23 3 17 26 16 24 17 16 14 15 25 24 30 14 19 11 30 17 
29 32 9 20 28 0 34 21 36 26 21 18 18 16 19 25 14 21 25 27 32 18 11 26 27 26 32 27 29 35 27 27 18 28 33 3 23 10 24 34 45 
26 10 34 18 13 34 0 13 34 23 32 16 29 20 17 24 39 36 14 9 40 22 38 17 10 11 40 29 38 30 30 28 27 17 14 37 27 24 24 20 21 
21 14 22 9 12 21 13 0 30 18 22 2 18 8 6 18 27 26 9 8 33 11 25 12 8 8 33 23 31 27 23 22 18 14 16 24 20 10 17 20 28 
9 23 44 40 20 36 34 30 0 12 15 30 18 37 25 12 50 18 40 37 11 41 29 43 24 37 10 9 11 3 9 9 17 45 45 36 13 32 13 50 22 
3 14 32 27 10 26 23 18 12 0 9 17 9 25 12 1 38 14 27 25 16 28 22 31 13 25 16 6 14 10 6 4 8 32 33 26 5 20 1 38 21 
11 24 30 29 19 21 32 22 15 9 0 21 4 26 16 8 35 4 32 31 11 30 13 35 21 30 12 7 9 15 6 8 4 36 39 20 4 19 8 43 31 
21 15 20 9 13 18 16 2 30 17 21 0 17 7 5 18 25 24 11 10 32 11 23 13 10 9 32 22 29 27 22 21 16 15 18 21 19 8 17 21 30 
12 22 26 25 17 18 29 18 18 9 4 17 0 22 12 8 31 7 28 27 16 25 12 31 18 27 16 9 13 17 9 9 1 32 35 18 5 15 7 39 31 
28 23 14 3 21 16 20 8 37 25 26 7 22 0 12 25 19 29 9 11 38 3 25 10 17 10 38 29 35 35 29 28 22 11 16 20 25 8 24 18 37 
16 13 22 14 9 19 17 6 25 12 16 5 12 12 0 13 28 20 15 14 27 15 21 18 8 14 27 17 25 22 17 16 12 20 22 21 14 9 12 26 27 
4 16 32 27 11 25 24 18 12 1 8 18 8 25 13 0 38 13 28 26 15 28 21 31 14 26 15 5 13 10 5 3 7 33 34 26 3 20 1 39 22 
42 41 5 21 38 14 39 27 50 38 35 25 31 19 28 38 0 35 27 30 46 17 24 26 35 29 46 40 43 48 40 40 32 26 32 16 36 18 37 31 55 
15 28 30 32 23 21 36 26 18 14 4 24 7 29 20 13 35 0 35 35 11 32 11 38 25 34 11 10 8 18 10 12 8 40 42 19 9 21 13 46 35 
31 20 22 5 20 25 14 9 40 27 32 11 28 9 15 28 27 35 0 4 43 9 33 3 16 3 43 33 40 37 33 32 27 4 7 29 29 16 27 10 34 
28 16 26 9 17 27 9 8 37 25 31 10 27 11 14 26 30 35 4 0 41 12 34 7 13 1 41 31 39 34 31 29 26 8 8 31 28 17 25 13 30 
14 31 41 41 26 32 40 33 11 16 11 32 16 38 27 15 46 11 43 41 0 41 23 46 29 41 0 10 2 13 10 12 16 48 49 31 13 31 16 54 33 
32 25 13 3 24 18 22 11 41 28 30 11 25 3 15 28 17 32 9 12 41 0 27 8 20 11 42 33 39 38 33 32 25 10 15 22 28 10 27 16 40 
24 33 21 28 28 11 38 25 29 22 13 23 12 25 21 21 24 11 33 34 23 27 0 35 29 33 23 20 20 29 20 22 14 36 40 8 17 17 20 43 43 
34 23 22 6 23 26 17 12 43 31 35 13 31 10 18 31 26 38 3 7 46 8 35 0 19 6 46 36 43 40 36 35 30 1 6 30 32 18 30 8 37 
15 5 30 18 3 27 10 8 24 13 21 10 18 17 8 14 35 25 16 13 29 20 29 19 0 13 30 19 27 21 19 17 17 21 21 29 17 17 13 26 19 
28 17 24 7 17 26 11 8 37 25 30 9 27 10 14 26 29 34 3 1 41 11 33 6 13 0 41 31 39 34 31 29 26 8 8 30 27 16 25 12 31 
14 31 41 41 26 32 40 33 10 16 12 32 16 38 27 15 46 11 43 41 0 42 23 46 30 41 0 10 3 13 10 12 16 48 49 31 13 31 16 54 33 
5 20 35 32 16 27 29 23 9 6 7 22 9 29 17 5 40 10 33 31 10 33 20 36 19 31 10 0 8 8 0 2 8 38 39 27 4 23 5 44 25 
13 29 38 38 24 29 38 31 11 14 9 29 13 35 25 13 43 8 40 39 2 39 20 43 27 39 3 8 0 13 8 10 13 45 47 28 11 28 13 51 32 
6 20 42 37 17 35 30 27 3 10 15 27 17 35 22 10 48 18 37 34 13 38 29 40 21 34 13 8 13 0 8 7 16 42 42 35 12 30 11 47 19 
5 20 35 32 16 27 30 23 9 6 6 22 9 29 17 5 40 10 33 31 10 33 20 36 19 31 10 0 8 8 0 2 8 38 39 27 4 23 5 44 25 
3 18 35 31 14 27 28 22 9 4 8 21 9 28 16 3 40 12 32 29 12 32 22 35 17 29 12 2 10 7 2 0 9 37 37 28 4 23 4 42 23 
11 20 26 25 15 18 27 18 17 8 4 16 1 22 12 7 32 8 27 26 16 25 14 30 17 26 16 8 13 16 8 9 0 32 34 19 4 15 6 38 29 
36 25 23 7 25 28 17 14 45 32 36 15 32 11 20 33 26 40 4 8 48 10 36 1 21 8 48 38 45 42 38 37 32 0 6 31 34 19 32 6 38 
36 23 29 12 24 33 14 16 45 33 39 18 35 16 22 34 32 42 7 8 49 15 40 6 21 8 49 39 47 42 39 37 34 6 0 36 36 23 33 5 36 
30 35 12 24 30 3 37 24 36 26 20 21 18 20 21 26 16 19 29 31 31 22 8 30 29 30 31 27 28 35 27 28 19 31 36 0 23 13 25 38 47 
7 19 31 28 14 23 27 20 13 5 4 19 5 25 14 3 36 9 29 28 13 28 17 32 17 27 13 4 11 12 4 4 4 34 36 23 0 19 3 40 26 
24 23 12 11 19 10 24 10 32 20 19 8 15 8 9 20 18 21 16 17 31 10 17 18 17 16 31 23 28 30 23 23 15 19 23 13 19 0 19 26 36 
5 16 31 26 11 24 24 17 13 1 8 17 7 24 12 1 37 13 27 25 16 27 20 30 13 25 16 5 13 11 5 4 6 32 33 25 3 19 0 38 23 
41 28 29 14 30 34 20 20 50 38 43 21 39 18 26 39 31 46 10 13 54 16 43 8 26 12 54 44 51 47 44 42 38 6 5 38 40 26 38 0 41 
20 14 49 37 17 45 21 28 22 21 31 30 31 37 27 22 55 35 34 30 33 40 43 37 19 31 33 25 32 19 25 23 29 38 36 47 26 36 23 41 0 
0 636
119 437
176 494
276 594
29 347
262 580
292 610
120 438
85 403
152 470
19 337
191 509
56 374
200 518
62 380
128 446
73 391
307 625
116 434
88 406
125 443
48 366
205 523
205 523
211 529
192 510
143 461
204 522
302 620
138 456
280 598
242 560
228 546
38 356
198 516
167 485
72 390
196 514
166 484
222 540
38 356
