41
0 37 19 14 17 28 36 7 36 30 32 20 18 9 13 11 23 11 21 16 32 14 27 20 10 21 32 7 34 32 24 29 9 19 21 25 35 26 7 11 23 
37 0 48 35 41 8 9 41 7 25 5 51 21 37 27 45 16 25 44 49 13 34 32 45 27 49 24 31 5 18 13 10 28 49 53 13 20 26 42 43 20 
19 48 0 13 8 40 50 23 45 49 44 3 35 28 31 25 39 26 8 3 48 33 46 5 22 2 33 19 47 36 35 44 23 34 4 35 38 27 11 7 41 
14 35 13 0 6 26 38 21 31 38 31 16 24 23 21 24 27 14 10 14 35 27 37 10 11 14 21 9 34 23 22 31 13 33 18 22 26 15 12 9 29 
17 41 8 6 0 32 44 24 37 44 37 11 30 27 27 26 33 20 3 10 42 32 43 4 17 8 24 14 40 28 28 38 19 35 13 28 30 18 12 8 36 
28 8 40 26 32 0 13 33 8 23 4 42 15 30 20 37 10 17 35 40 13 28 28 37 18 41 19 22 8 14 4 8 19 42 44 4 17 20 33 34 15 
36 9 50 38 44 13 0 39 16 16 8 53 18 34 24 42 12 25 47 50 4 29 24 48 28 52 31 32 5 26 16 6 27 44 54 16 28 33 42 44 14 
7 41 23 21 24 33 39 0 42 30 36 23 20 6 15 3 26 17 27 20 35 12 25 26 17 25 39 14 38 39 29 33 15 12 24 30 42 34 11 16 25 
36 7 45 31 37 8 16 42 0 31 8 48 24 38 28 46 19 25 40 46 19 37 37 41 26 46 17 29 11 11 12 15 27 50 50 11 13 21 40 40 24 
30 25 49 38 44 23 16 30 31 0 22 50 14 24 17 32 13 24 48 47 12 18 7 48 27 50 41 30 20 37 23 15 25 31 52 24 40 40 38 41 9 
32 5 44 31 37 4 8 36 8 22 0 47 17 32 22 40 11 20 40 44 10 29 28 41 22 45 23 26 3 17 9 6 23 44 49 8 20 24 38 38 15 
20 51 3 16 11 42 53 23 48 50 47 0 37 28 32 24 41 28 11 3 50 34 47 9 25 4 36 21 50 40 38 46 26 33 1 38 42 30 12 9 43 
18 21 35 24 30 15 18 20 24 14 17 37 0 16 5 24 5 9 34 34 14 12 15 34 13 36 29 16 17 26 12 12 11 27 38 13 29 26 25 28 5 
9 37 28 23 27 30 34 6 38 24 32 28 16 0 10 8 22 14 30 25 29 6 19 29 15 30 38 14 34 37 26 28 13 12 29 27 41 33 16 20 20 
13 27 31 21 27 20 24 15 28 17 22 32 5 10 0 18 11 7 31 29 20 8 16 31 10 32 30 12 23 29 16 18 8 22 34 17 32 27 20 23 10 
11 45 25 24 26 37 42 3 46 32 40 24 24 8 18 0 30 21 29 21 38 14 26 28 20 27 43 18 42 43 33 36 19 9 25 34 46 37 14 18 28 
23 16 39 27 33 10 12 26 19 13 11 41 5 22 11 30 0 13 37 38 9 18 18 37 16 40 27 20 12 23 9 6 15 32 43 10 27 26 30 32 5 
11 25 26 14 20 17 25 17 25 24 20 28 9 14 7 21 13 0 24 25 22 15 24 24 3 27 23 6 23 22 12 18 2 27 29 13 26 19 17 19 15 
21 44 8 10 3 35 47 27 40 48 40 11 34 30 31 29 37 24 0 11 45 35 47 2 21 7 26 18 44 30 31 41 23 39 12 31 32 20 15 11 39 
16 49 3 14 10 40 50 20 46 47 44 3 34 25 29 21 38 25 11 0 47 31 44 9 22 5 35 18 47 38 35 44 22 30 4 36 40 29 9 5 39 
32 13 48 35 42 13 4 35 19 12 10 50 14 29 20 38 9 22 45 47 0 25 19 46 25 49 32 29 8 27 15 4 24 39 52 15 30 32 39 41 9 
14 34 33 27 32 28 29 12 37 18 29 34 12 6 8 14 18 15 35 31 25 0 13 35 17 35 39 18 30 37 24 24 15 14 36 26 41 35 22 26 15 
27 32 46 37 43 28 24 25 37 7 28 47 15 19 16 26 18 24 47 44 19 13 0 47 27 48 44 28 27 41 27 21 24 24 48 28 45 42 35 38 12 
20 45 5 10 4 37 48 26 41 48 41 9 34 29 31 28 37 24 2 9 46 35 47 0 21 5 28 18 45 32 32 42 23 37 10 32 33 22 14 9 40 
10 27 22 11 17 18 28 17 26 27 22 25 13 15 10 20 16 3 21 22 25 17 27 21 0 24 22 3 25 22 14 21 2 27 26 14 25 18 15 16 18 
21 49 2 14 8 41 52 25 46 50 45 4 36 30 32 27 40 27 7 5 49 35 48 5 24 0 33 20 49 37 36 45 25 36 4 37 39 27 13 9 42 
32 24 33 21 24 19 31 39 17 41 23 36 29 38 30 43 27 23 26 35 32 39 44 28 22 33 0 24 26 5 18 27 24 50 37 17 6 5 32 31 32 
7 31 19 9 14 22 32 14 29 30 26 21 16 14 12 18 20 6 18 18 29 18 28 18 3 20 24 0 29 25 18 25 4 26 23 18 28 19 11 12 21 
34 5 47 34 40 8 5 38 11 20 3 50 17 34 23 42 12 23 44 47 8 30 27 45 25 49 26 29 0 21 12 5 25 44 52 12 23 28 40 41 15 
32 18 36 23 28 14 26 39 11 37 17 40 26 37 29 43 23 22 30 38 27 37 41 32 22 37 5 25 21 0 14 22 24 49 41 13 3 10 34 33 28 
24 13 35 22 28 4 16 29 12 23 9 38 12 26 16 33 9 12 31 35 15 24 27 32 14 36 18 18 12 14 0 10 14 38 39 1 17 17 29 29 14 
29 10 44 31 38 8 6 33 15 15 6 46 12 28 18 36 6 18 41 44 4 24 21 42 21 45 27 25 5 22 10 0 21 39 48 11 25 28 36 38 9 
9 28 23 13 19 19 27 15 27 25 23 26 11 13 8 19 15 2 23 22 24 15 24 23 2 25 24 4 25 24 14 21 0 25 27 15 27 20 15 17 17 
19 49 34 33 35 42 44 12 50 31 44 33 27 12 22 9 32 27 39 30 39 14 24 37 27 36 50 26 44 49 38 39 25 0 34 39 53 45 23 27 29 
21 53 4 18 13 44 54 24 50 52 49 1 38 29 34 25 43 29 12 4 52 36 48 10 26 4 37 23 52 41 39 48 27 34 0 40 43 31 13 10 44 
25 13 35 22 28 4 16 30 11 24 8 38 13 27 17 34 10 13 31 36 15 26 28 32 14 37 17 18 12 13 1 11 15 39 40 0 16 16 29 30 15 
35 20 38 26 30 17 28 42 13 40 20 42 29 41 32 46 27 26 32 40 30 41 45 33 25 39 6 28 23 3 17 25 27 53 43 16 0 11 37 36 32 
26 26 27 15 18 20 33 34 21 40 24 30 26 33 27 37 26 19 20 29 32 35 42 22 18 27 5 19 28 10 17 28 20 45 31 16 11 0 27 25 31 
7 42 11 12 12 33 42 11 40 38 38 12 25 16 20 14 30 17 15 9 39 22 35 14 15 13 32 11 40 34 29 36 15 23 13 29 37 27 0 4 31 
11 43 7 9 8 34 44 16 40 41 38 9 28 20 23 18 32 19 11 5 41 26 38 9 16 9 31 12 41 33 29 38 17 27 10 30 36 25 4 0 33 
23 20 41 29 36 15 14 25 24 9 15 43 5 20 10 28 5 15 39 39 9 15 12 40 18 42 32 21 15 28 14 9 17 29 44 15 32 31 31 33 0 
0 465
90 276
208 394
278 464
61 247
79 265
225 411
200 386
12 198
99 285
112 298
226 412
250 436
117 303
158 344
263 449
218 404
140 326
198 384
60 246
42 228
114 300
106 292
233 419
151 337
219 405
263 449
258 444
113 299
43 229
104 290
254 440
250 436
107 293
248 434
33 219
83 269
21 207
187 373
78 264
151 337
