41
0 24 23 12 9 9 25 40 8 22 21 3 30 26 10 42 34 27 27 41 31 13 36 34 17 16 6 10 32 12 33 31 6 5 15 39 23 29 20 5 26 
24 0 14 18 21 33 8 39 17 37 11 20 19 28 15 45 37 40 38 38 38 33 22 47 18 30 22 33 32 21 53 8 21 29 30 34 14 41 42 28 27 
23 14 0 10 26 31 8 25 22 26 3 20 7 14 12 30 22 27 25 24 24 25 13 33 7 19 17 33 17 28 43 16 17 27 21 20 0 29 35 24 12 
12 18 10 0 18 20 16 29 14 19 10 10 18 15 5 32 24 22 21 29 23 15 24 29 5 11 6 23 21 21 34 24 6 16 12 27 11 24 25 13 14 
9 21 26 18 0 15 26 47 4 32 24 8 33 33 14 50 42 36 36 47 40 22 39 43 23 25 14 12 39 3 42 29 13 11 24 45 26 38 28 14 32 
9 33 31 20 15 0 35 45 17 23 30 13 38 32 19 46 38 27 29 46 34 12 44 34 25 19 14 6 38 18 29 41 14 4 17 45 31 29 14 7 31 
25 8 8 16 26 35 0 32 21 34 6 22 11 21 15 37 30 35 33 30 32 31 14 41 13 26 21 35 24 27 50 8 20 30 27 26 8 37 41 28 20 
40 39 25 29 47 45 32 0 43 25 28 39 21 14 34 6 7 22 19 2 13 33 22 22 25 26 33 50 8 50 38 39 34 43 27 8 25 22 40 38 14 
8 17 22 14 4 17 21 43 0 30 19 5 29 29 9 47 38 34 34 43 37 21 35 41 19 23 12 15 35 6 42 25 10 12 22 41 22 36 28 14 29 
22 37 26 19 32 23 34 25 30 0 27 24 30 16 23 24 18 4 6 27 13 10 35 11 20 7 18 28 21 35 16 42 19 22 7 29 26 6 14 18 17 
21 11 3 10 24 30 6 28 19 27 0 18 9 16 11 33 25 29 27 27 27 26 15 35 7 20 16 32 20 25 44 14 16 26 21 23 3 31 35 23 15 
3 20 20 10 8 13 22 39 5 24 18 0 27 25 7 42 34 28 28 39 31 16 33 36 15 17 6 13 31 11 36 27 5 8 16 37 20 30 23 8 24 
30 19 7 18 33 38 11 21 29 30 9 27 0 14 20 28 21 30 27 20 25 31 6 35 13 24 24 41 15 35 46 18 24 35 26 15 7 31 41 31 13 
26 28 14 15 33 32 21 14 29 16 16 25 14 0 20 17 9 16 12 14 10 21 19 20 11 13 19 36 6 36 32 30 20 29 15 13 13 16 29 25 1 
10 15 12 5 14 19 15 34 9 23 11 7 20 20 0 37 29 27 26 33 28 18 26 34 9 16 7 21 25 16 38 22 5 15 16 31 13 29 27 13 19 
42 45 30 32 50 46 37 6 47 24 33 42 28 17 37 0 8 20 17 9 11 33 29 18 28 26 36 51 13 53 34 45 37 44 28 14 30 19 38 40 18 
34 37 22 24 42 38 30 7 38 18 25 34 21 9 29 8 0 15 11 9 5 26 24 16 20 19 27 43 6 45 31 39 29 36 20 12 22 14 32 32 10 
27 40 27 22 36 27 35 22 34 4 29 28 30 16 27 20 15 0 3 24 9 14 35 7 22 11 22 33 19 39 16 44 23 27 11 27 27 2 18 23 17 
27 38 25 21 36 29 33 19 34 6 27 28 27 12 26 17 11 3 0 21 6 16 32 8 20 11 21 34 15 39 20 42 23 28 12 23 25 3 21 24 13 
41 38 24 29 47 46 30 2 43 27 27 39 20 14 33 9 9 24 21 0 15 35 20 25 24 27 34 50 8 50 40 38 35 43 28 5 24 24 41 39 15 
31 38 24 23 40 34 32 13 37 13 27 31 25 10 28 11 5 9 6 15 0 22 28 10 20 15 25 39 11 43 25 41 26 33 16 18 24 8 27 28 11 
13 33 25 15 22 12 31 33 21 10 26 16 31 21 18 33 26 14 16 35 22 0 37 22 18 8 11 18 27 26 20 39 12 12 6 35 25 17 9 8 21 
36 22 13 24 39 44 14 22 35 35 15 33 6 19 26 29 24 35 32 20 28 37 0 39 19 30 30 47 17 40 51 19 30 41 32 14 13 35 46 37 18 
34 47 33 29 43 34 41 22 41 11 35 36 35 20 34 18 16 7 8 25 10 22 39 0 28 18 29 40 22 47 16 50 31 34 19 28 33 5 23 30 21 
17 18 7 5 23 25 13 25 19 20 7 15 13 11 9 28 20 22 20 24 20 18 19 28 0 12 11 28 16 25 36 22 11 21 14 22 7 23 28 18 10 
16 30 19 11 25 19 26 26 23 7 20 17 24 13 16 26 19 11 11 27 15 8 30 18 12 0 10 24 19 28 23 35 12 17 1 27 19 13 16 13 13 
6 22 17 6 14 14 21 33 12 18 16 6 24 19 7 36 27 22 21 34 25 11 30 29 11 10 0 17 26 17 31 29 1 10 10 32 17 24 20 7 19 
10 33 33 23 12 6 35 50 15 28 32 13 41 36 21 51 43 33 34 50 39 18 47 40 28 24 17 0 42 14 35 41 16 6 22 49 33 35 20 11 36 
32 32 17 21 39 38 24 8 35 21 20 31 15 6 25 13 6 19 15 8 11 27 17 22 16 19 26 42 0 42 36 32 26 35 21 7 17 19 35 31 6 
12 21 28 21 3 18 27 50 6 35 25 11 35 36 16 53 45 39 39 50 43 26 40 47 25 28 17 14 42 0 46 29 16 14 27 47 28 41 31 17 35 
33 53 43 34 42 29 50 38 42 16 44 36 46 32 38 34 31 16 20 40 25 20 51 16 36 23 31 35 36 46 0 58 33 31 22 43 43 16 14 28 33 
31 8 16 24 29 41 8 39 25 42 14 27 18 30 22 45 39 44 42 38 41 39 19 50 22 35 29 41 32 29 58 0 28 36 36 33 16 45 49 35 29 
6 21 17 6 13 14 20 34 10 19 16 5 24 20 5 37 29 23 23 35 26 12 30 31 11 12 1 16 26 16 33 28 0 10 12 33 17 25 21 7 20 
5 29 27 16 11 4 30 43 12 22 26 8 35 29 15 44 36 27 28 43 33 12 41 34 21 17 10 6 35 14 31 36 10 0 16 42 27 29 16 4 29 
15 30 21 12 24 17 27 27 22 7 21 16 26 15 16 28 20 11 12 28 16 6 32 19 14 1 10 22 21 27 22 36 12 16 0 29 21 13 14 11 15 
39 34 20 27 45 45 26 8 41 29 23 37 15 13 31 14 12 27 23 5 18 35 14 28 22 27 32 49 7 47 43 33 33 42 29 0 20 27 43 38 13 
23 14 0 11 26 31 8 25 22 26 3 20 7 13 13 30 22 27 25 24 24 25 13 33 7 19 17 33 17 28 43 16 17 27 21 20 0 29 35 24 12 
29 41 29 24 38 29 37 22 36 6 31 30 31 16 29 19 14 2 3 24 8 17 35 5 23 13 24 35 19 41 16 45 25 29 13 27 29 0 19 25 17 
20 42 35 25 28 14 41 40 28 14 35 23 41 29 27 38 32 18 21 41 27 9 46 23 28 16 20 20 35 31 14 49 21 16 14 43 35 19 0 14 30 
5 28 24 13 14 7 28 38 14 18 23 8 31 25 13 40 32 23 24 39 28 8 37 30 18 13 7 11 31 17 28 35 7 4 11 38 24 25 14 0 25 
26 27 12 14 32 31 20 14 29 17 15 24 13 1 19 18 10 17 13 15 11 21 18 21 10 13 19 36 6 35 33 29 20 29 15 13 12 17 30 25 0 
0 489
278 278
462 462
393 393
166 166
375 375
339 339
122 122
27 27
177 177
415 415
285 285
345 345
184 184
462 462
215 215
200 200
237 237
255 255
459 459
150 150
371 371
193 193
251 251
395 395
52 52
367 367
273 273
81 81
350 350
35 35
21 21
469 469
451 451
116 116
89 89
201 201
334 334
46 46
125 125
183 183
