41
0 27 6 9 21 49 40 47 25 1 31 22 53 35 48 16 29 13 42 3 25 50 42 39 42 41 47 35 7 25 10 11 46 48 26 24 3 15 6 14 18 
27 0 21 18 12 32 15 35 6 27 25 27 42 35 39 24 16 22 21 30 6 40 14 17 36 17 20 14 22 4 33 16 26 39 30 41 23 24 25 14 15 
6 21 0 3 15 45 35 45 19 7 29 22 51 35 47 13 25 9 38 9 20 48 36 34 41 36 41 31 4 19 15 5 42 46 26 28 3 15 8 8 12 
9 18 3 0 12 44 32 44 15 10 28 22 50 35 46 12 24 8 36 12 18 48 33 32 41 34 38 28 5 16 18 2 40 45 26 30 6 16 10 5 10 
21 12 15 12 0 43 28 46 6 22 33 31 53 42 49 12 26 11 33 25 17 51 25 29 46 29 31 26 14 7 30 10 38 49 35 42 19 26 22 7 4 
49 32 45 44 43 0 18 8 38 48 20 32 14 25 13 54 20 51 11 50 27 14 26 15 18 18 26 17 49 36 49 42 5 14 30 46 45 35 43 43 46 
40 15 35 32 28 18 0 23 22 39 22 31 31 32 29 39 14 37 6 42 14 30 8 3 29 1 11 5 37 20 43 30 12 29 32 47 36 31 35 29 31 
47 35 45 44 46 8 23 0 41 46 16 28 7 19 5 55 20 52 17 48 29 6 32 20 10 24 33 22 49 39 46 43 12 6 25 41 44 33 41 44 48 
25 6 19 15 6 38 22 41 0 25 30 30 48 39 45 18 22 17 27 28 12 46 19 23 42 23 25 20 19 1 33 13 33 45 34 43 22 26 24 11 10 
1 27 7 10 22 48 39 46 25 0 30 20 51 33 47 18 28 15 42 2 25 49 42 38 41 41 47 35 9 26 8 12 45 46 24 22 3 13 5 15 19 
31 25 29 28 33 20 22 16 30 30 0 11 21 10 17 40 9 37 20 31 18 19 30 19 12 23 33 18 33 29 29 28 19 16 10 27 28 16 24 30 35 
22 27 22 22 31 32 31 28 30 20 11 0 31 12 27 35 16 31 30 21 21 29 37 28 21 32 41 26 26 29 18 23 31 26 3 16 20 7 15 26 31 
53 42 51 50 53 14 31 7 48 51 21 31 0 20 4 61 27 58 25 53 36 2 40 27 11 31 40 29 55 46 50 49 19 5 29 43 49 37 46 50 55 
35 35 35 35 42 25 32 19 39 33 10 12 20 0 16 47 19 44 29 34 28 18 40 28 9 33 43 27 39 38 30 34 27 15 9 22 32 19 28 37 43 
48 39 47 46 49 13 29 5 45 47 17 27 4 16 0 57 23 54 23 49 32 1 38 25 7 29 38 26 50 43 45 45 18 0 24 39 45 33 42 46 51 
16 24 13 12 12 54 39 55 18 18 40 35 61 47 57 0 34 3 44 20 27 59 38 40 53 41 43 37 9 19 27 12 49 57 39 41 16 28 21 11 8 
29 16 25 24 26 20 14 20 22 28 9 16 27 19 23 34 0 31 14 30 9 25 21 11 20 16 25 9 29 20 30 22 16 23 17 32 25 17 23 23 28 
13 22 9 8 11 51 37 52 17 15 37 31 58 44 54 3 31 0 42 17 24 56 36 38 49 39 42 34 5 18 24 9 46 54 35 37 13 24 18 8 7 
42 21 38 36 33 11 6 17 27 42 20 30 25 29 23 44 14 42 0 44 17 24 14 3 24 6 15 7 40 25 44 34 6 23 30 46 38 31 37 34 36 
3 30 9 12 25 50 42 48 28 2 31 21 53 34 49 20 30 17 44 0 28 51 44 41 42 43 50 38 11 28 7 14 47 48 25 21 6 15 7 17 22 
25 6 20 18 17 27 14 29 12 25 18 21 36 28 32 27 9 24 17 28 0 34 17 13 30 15 22 10 23 10 30 16 22 32 24 36 22 19 22 16 19 
50 40 48 48 51 14 30 6 46 49 19 29 2 18 1 59 25 56 24 51 34 0 39 26 8 30 39 28 52 45 47 47 19 2 26 41 47 35 43 48 53 
42 14 36 33 25 26 8 32 19 42 30 37 40 40 38 38 21 36 14 44 17 39 0 12 38 8 5 12 37 18 47 31 20 38 39 53 38 36 39 29 29 
39 17 34 32 29 15 3 20 23 38 19 28 27 28 25 40 11 38 3 41 13 26 12 0 25 4 14 3 37 21 42 30 9 25 28 44 35 29 34 30 32 
42 36 41 41 46 18 29 10 42 41 12 21 11 9 7 53 20 49 24 42 30 8 38 25 0 30 40 26 45 40 39 40 21 6 17 32 40 27 36 42 47 
41 17 36 34 29 18 1 24 23 41 23 32 31 33 29 41 16 39 6 43 15 30 8 4 30 0 9 6 38 21 45 32 12 29 33 48 37 32 37 31 33 
47 20 41 38 31 26 11 33 25 47 33 41 40 43 38 43 25 42 15 50 22 39 5 14 40 9 0 15 43 23 52 36 20 39 42 57 43 41 44 35 35 
35 14 31 28 26 17 5 22 20 35 18 26 29 27 26 37 9 34 7 38 10 28 12 3 26 6 15 0 33 18 39 27 12 26 27 42 32 26 31 26 29 
7 22 4 5 14 49 37 49 19 9 33 26 55 39 50 9 29 5 40 11 23 52 37 37 45 38 43 33 0 19 18 6 45 50 30 31 7 19 12 8 10 
25 4 19 16 7 36 20 39 1 26 29 29 46 38 43 19 20 18 25 28 10 45 18 21 40 21 23 18 19 0 33 14 31 43 32 42 22 25 24 11 11 
10 33 15 18 30 49 43 46 33 8 29 18 50 30 45 27 30 24 44 7 30 47 47 42 39 45 52 39 18 33 0 19 47 45 21 14 11 13 8 23 28 
11 16 5 2 10 42 30 43 13 12 28 23 49 34 45 12 22 9 34 14 16 47 31 30 40 32 36 27 6 14 19 0 38 44 26 31 8 16 11 3 9 
46 26 42 40 38 5 12 12 33 45 19 31 19 27 18 49 16 46 6 47 22 19 20 9 21 12 20 12 45 31 47 38 0 19 30 46 42 33 40 38 41 
48 39 46 45 49 14 29 6 45 46 16 26 5 15 0 57 23 54 23 48 32 2 38 25 6 29 39 26 50 43 45 44 19 0 23 38 45 32 41 46 51 
26 30 26 26 35 30 32 25 34 24 10 3 29 9 24 39 17 35 30 25 24 26 39 28 17 33 42 27 30 32 21 26 30 23 0 16 23 11 19 29 35 
24 41 28 30 42 46 47 41 43 22 27 16 43 22 39 41 32 37 46 21 36 41 53 44 32 48 57 42 31 42 14 31 46 38 16 0 24 17 20 35 40 
3 23 3 6 19 45 36 44 22 3 28 20 49 32 45 16 25 13 38 6 22 47 38 35 40 37 43 32 7 22 11 8 42 45 23 24 0 12 4 11 16 
15 24 15 16 26 35 31 33 26 13 16 7 37 19 33 28 17 24 31 15 19 35 36 29 27 32 41 26 19 25 13 16 33 32 11 17 12 0 8 19 25 
6 25 8 10 22 43 35 41 24 5 24 15 46 28 42 21 23 18 37 7 22 43 39 34 36 37 44 31 12 24 8 11 40 41 19 20 4 8 0 15 20 
14 14 8 5 7 43 29 44 11 15 30 26 50 37 46 11 23 8 34 17 16 48 29 30 42 31 35 26 8 11 23 3 38 46 29 35 11 19 15 0 5 
18 15 12 10 4 46 31 48 10 19 35 31 55 43 51 8 28 7 36 22 19 53 29 32 47 33 35 29 10 11 28 9 41 51 35 40 16 25 20 5 0 
0 269
76 156
36 116
30 110
136 216
67 147
62 142
8 88
135 215
88 168
34 114
66 146
48 128
23 103
168 248
82 162
149 229
10 90
121 201
94 174
1 81
137 217
177 257
37 117
48 128
166 246
129 209
74 154
41 121
161 241
82 162
20 100
188 268
62 142
112 192
6 86
150 230
164 244
101 181
1 81
188 268
