41
0 36 13 14 33 33 28 37 34 24 31 11 16 0 28 31 24 11 27 31 2 15 16 45 18 28 17 37 16 22 44 17 32 5 20 8 14 34 11 32 18 
36 0 33 30 6 9 40 14 23 50 24 45 44 35 8 5 12 45 14 5 36 31 40 27 38 9 20 11 45 26 31 33 19 35 22 32 38 9 45 23 43 
13 33 0 23 28 27 40 29 40 37 37 15 10 12 28 29 20 14 20 29 11 2 29 50 30 24 21 38 29 10 50 4 36 8 11 19 5 28 24 38 31 
14 30 23 0 30 31 16 37 21 19 17 24 30 14 22 24 23 25 27 25 16 25 9 32 8 26 10 27 15 28 31 27 19 18 24 6 27 33 17 19 13 
33 6 28 30 0 2 43 8 28 50 28 41 38 32 10 8 8 41 8 7 33 26 40 33 38 4 19 17 44 20 37 27 24 31 17 31 33 3 43 27 43 
33 9 27 31 2 0 44 6 30 51 30 41 37 32 12 11 8 40 7 9 33 25 41 35 39 4 21 20 45 18 39 26 26 31 15 31 32 1 43 29 44 
28 40 40 16 43 44 0 51 21 15 18 37 45 29 32 35 37 38 42 36 30 41 13 30 10 39 24 33 18 45 26 43 23 33 40 21 42 46 24 20 13 
37 14 29 37 8 6 51 0 37 57 37 44 39 37 19 17 14 43 10 16 37 26 47 42 46 11 27 26 50 19 45 27 33 34 18 37 33 5 48 36 50 
34 23 40 21 28 30 21 37 0 35 3 45 49 34 17 19 26 46 31 20 36 40 27 11 24 27 18 13 34 39 10 42 4 37 34 27 44 31 38 1 30 
24 50 37 19 50 51 15 57 35 0 31 29 39 25 41 44 43 30 47 45 26 39 10 45 12 46 30 45 8 45 41 41 35 29 42 20 38 52 15 34 6 
31 24 37 17 28 30 18 37 3 31 0 42 46 31 18 20 25 42 31 21 33 37 24 15 20 27 16 15 30 38 13 40 5 34 33 23 42 32 34 2 26 
11 45 15 24 41 41 37 44 45 29 42 0 10 10 39 41 33 1 34 40 9 18 24 56 27 37 28 48 21 26 55 18 43 10 26 18 12 42 14 43 25 
16 44 10 30 38 37 45 39 49 39 46 10 0 16 39 40 31 8 30 40 14 12 32 60 35 35 30 48 30 20 59 11 46 12 21 24 5 39 24 47 34 
0 35 12 14 32 32 29 37 34 25 31 10 16 0 28 31 24 11 26 31 1 14 17 46 19 28 17 37 16 21 44 16 32 4 19 8 13 34 12 33 19 
28 8 28 22 10 12 32 19 17 41 18 39 39 28 0 2 9 38 14 3 29 27 31 24 29 9 11 10 37 24 27 29 13 28 19 24 33 14 37 16 34 
31 5 29 24 8 11 35 17 19 44 20 41 40 31 2 0 9 40 13 1 32 28 34 25 32 8 14 9 39 24 28 30 15 30 20 27 34 12 40 18 37 
24 12 20 23 8 8 37 14 26 43 25 33 31 24 9 9 0 33 5 8 25 19 32 34 31 3 13 19 36 14 36 21 22 23 10 23 25 10 35 25 36 
11 45 14 25 41 40 38 43 46 30 42 1 8 11 38 40 33 0 33 40 9 16 25 57 28 36 28 47 22 25 56 17 43 9 25 19 11 41 15 44 27 
27 14 20 27 8 7 42 10 31 47 31 34 30 26 14 13 5 33 0 12 27 18 37 39 36 5 18 23 40 11 41 19 27 24 8 27 25 8 38 30 40 
31 5 29 25 7 9 36 16 20 45 21 40 40 31 3 1 8 40 12 0 32 27 35 26 33 7 15 11 40 23 29 29 16 30 19 27 34 10 40 20 38 
2 36 11 16 33 33 30 37 36 26 33 9 14 1 29 32 25 9 27 32 0 14 18 47 20 29 19 38 18 21 46 15 34 3 19 10 12 35 12 34 20 
15 31 2 25 26 25 41 26 40 39 37 18 12 14 27 28 19 16 18 27 14 0 31 50 32 22 21 37 31 8 50 2 36 10 9 20 7 26 26 38 33 
16 40 29 9 40 41 13 47 27 10 24 24 32 17 31 34 32 25 37 35 18 31 0 38 3 36 20 36 6 36 35 33 27 21 32 10 31 42 11 26 3 
45 27 50 32 33 35 30 42 11 45 15 56 60 46 24 25 34 57 39 26 47 50 38 0 35 33 29 15 45 48 6 52 13 48 43 38 55 36 49 13 40 
18 38 30 8 38 39 10 46 24 12 20 27 35 19 29 32 31 28 36 33 20 32 3 35 0 35 18 33 10 36 32 34 24 23 32 11 33 41 15 23 5 
28 9 24 26 4 4 39 11 27 46 27 37 35 28 9 8 3 36 5 7 29 22 36 33 35 0 16 18 40 17 36 23 22 27 13 27 29 6 39 26 39 
17 20 21 10 19 21 24 27 18 30 16 28 30 17 11 14 13 28 18 15 19 21 20 29 18 16 0 19 25 22 29 23 15 19 17 12 26 22 25 17 23 
37 11 38 27 17 20 33 26 13 45 15 48 48 37 10 9 19 47 23 11 38 37 36 15 33 18 19 0 42 34 19 39 10 38 29 31 43 20 44 13 39 
16 45 29 15 44 45 18 50 34 8 30 21 30 16 37 39 36 22 40 40 18 31 6 45 10 40 25 42 0 38 42 33 33 21 35 13 30 47 7 32 5 
22 26 10 28 20 18 45 19 39 45 38 26 20 21 24 24 14 25 11 23 21 8 36 48 36 17 22 34 38 0 50 8 35 17 4 25 14 19 33 38 39 
44 31 50 31 37 39 26 45 10 41 13 55 59 44 27 28 36 56 41 29 46 50 35 6 32 36 29 19 42 50 0 53 14 47 45 36 55 40 46 12 37 
17 33 4 27 27 26 43 27 42 41 40 18 11 16 29 30 21 17 19 29 15 2 33 52 34 23 23 39 33 8 53 0 38 12 10 22 6 27 28 40 35 
32 19 36 19 24 26 23 33 4 35 5 43 46 32 13 15 22 43 27 16 34 36 27 13 24 22 15 10 33 35 14 38 0 34 30 25 41 27 36 3 30 
5 35 8 18 31 31 33 34 37 29 34 10 12 4 28 30 23 9 24 30 3 10 21 48 23 27 19 38 21 17 47 12 34 0 16 12 9 32 16 35 24 
20 22 11 24 17 15 40 18 34 42 33 26 21 19 19 20 10 25 8 19 19 9 32 43 32 13 17 29 35 4 45 10 30 16 0 22 16 17 31 33 35 
8 32 19 6 31 31 21 37 27 20 23 18 24 8 24 27 23 19 27 27 10 20 10 38 11 27 12 31 13 25 36 22 25 12 22 0 21 33 12 25 13 
14 38 5 27 33 32 42 33 44 38 42 12 5 13 33 34 25 11 25 34 12 7 31 55 33 29 26 43 30 14 55 6 41 9 16 21 0 33 24 43 33 
34 9 28 33 3 1 46 5 31 52 32 42 39 34 14 12 10 41 8 10 35 26 42 36 41 6 22 20 47 19 40 27 27 32 17 33 33 0 45 30 46 
11 45 24 17 43 43 24 48 38 15 34 14 24 12 37 40 35 15 38 40 12 26 11 49 15 39 25 44 7 33 46 28 36 16 31 12 24 45 0 36 12 
32 23 38 19 27 29 20 36 1 34 2 43 47 33 16 18 25 44 30 20 34 38 26 13 23 26 17 13 32 38 12 40 3 35 33 25 43 30 36 0 28 
18 43 31 13 43 44 13 50 30 6 26 25 34 19 34 37 36 27 40 38 20 33 3 40 5 39 23 39 5 39 37 35 30 24 35 13 33 46 12 28 0 
0 710
638 638
280 280
89 89
138 138
85 85
62 62
232 232
649 649
492 492
619 619
403 403
287 287
79 79
435 435
302 302
212 212
361 361
542 542
454 454
140 140
590 590
134 134
449 449
10 10
547 547
619 619
408 408
628 628
110 110
558 558
377 377
107 107
662 662
583 583
433 433
345 345
656 656
540 540
405 405
89 89
