41
0 40 33 5 16 49 37 1 24 45 39 8 31 24 4 26 25 43 14 10 43 2 41 52 29 39 23 47 37 33 37 25 36 46 25 33 45 17 37 35 22 
40 0 34 44 25 47 31 39 54 15 53 40 51 19 41 48 26 22 37 44 53 41 29 41 28 29 19 24 21 25 10 15 4 36 38 7 23 35 17 55 46 
33 34 0 39 33 17 5 33 28 25 19 40 19 18 36 19 10 17 19 28 19 35 11 19 6 9 19 21 13 8 23 30 32 13 10 31 19 16 17 22 19 
5 44 39 0 19 55 42 6 28 50 45 5 36 29 3 31 31 48 20 14 48 3 47 58 34 45 28 53 42 38 41 29 40 51 31 37 50 22 42 40 27 
16 25 33 19 0 50 35 15 38 34 47 14 41 17 15 36 23 36 21 24 49 16 37 50 27 36 15 40 30 29 26 10 21 43 30 18 37 22 28 45 33 
49 47 17 55 50 0 16 49 37 35 18 56 24 34 53 27 27 25 34 42 13 51 18 11 23 18 36 26 25 23 36 46 46 12 23 46 26 32 29 25 30 
37 31 5 42 35 16 0 36 34 21 23 43 24 18 40 24 12 12 23 32 22 39 5 15 8 3 20 16 10 6 20 30 30 9 15 30 14 20 14 27 25 
1 39 33 6 15 49 36 0 26 44 40 7 32 23 3 27 24 42 14 11 44 2 40 52 28 39 22 46 36 32 35 24 34 45 25 32 44 17 36 36 23 
24 54 28 28 38 37 34 26 0 52 21 33 12 34 28 10 29 45 17 14 26 26 39 46 30 38 35 49 40 34 46 43 51 41 18 49 47 19 42 14 9 
45 15 25 50 34 35 21 44 52 0 44 48 45 20 46 43 23 9 36 45 43 46 17 27 22 18 21 9 11 17 8 24 17 22 33 18 9 34 9 48 42 
39 53 19 45 47 18 23 40 21 44 0 48 8 35 44 13 27 36 26 30 5 42 28 28 25 27 36 38 33 28 42 47 51 26 16 50 37 24 37 7 17 
8 40 40 5 14 56 43 7 33 48 48 0 40 28 4 35 31 47 22 18 51 6 47 59 35 45 27 52 42 38 39 25 36 52 33 33 49 24 40 43 31 
31 51 19 36 41 24 24 32 12 45 8 40 0 32 36 5 24 37 19 22 13 34 30 34 23 28 32 40 33 27 41 42 48 30 12 47 38 18 36 4 8 
24 19 18 29 17 34 18 23 34 20 35 28 32 0 26 28 8 19 17 25 36 25 20 33 11 18 1 23 13 12 12 12 16 26 19 15 21 15 12 36 26 
4 41 36 3 15 53 40 3 28 46 44 4 36 26 0 30 28 45 18 14 47 1 44 56 32 42 25 50 39 36 38 25 36 49 29 34 47 20 39 39 27 
26 48 19 31 36 27 24 27 10 43 13 35 5 28 30 0 21 36 14 17 17 29 30 35 21 28 29 40 31 26 39 38 45 30 9 43 38 14 34 8 3 
25 26 10 31 23 27 12 24 29 23 27 31 24 8 28 21 0 18 13 23 28 27 16 28 4 14 9 22 12 7 17 20 24 21 12 22 20 11 14 28 20 
43 22 17 48 36 25 12 42 45 9 36 47 37 19 45 36 18 0 32 41 34 44 7 18 16 9 20 4 5 11 12 27 23 13 27 24 1 29 7 40 36 
14 37 19 20 21 34 23 14 17 36 26 22 19 17 18 14 13 32 0 9 29 16 28 39 16 26 17 36 26 21 30 25 33 32 11 31 34 3 27 23 11 
10 44 28 14 24 42 32 11 14 45 30 18 22 25 14 17 23 41 9 0 34 12 37 47 25 35 25 46 35 30 38 31 40 41 18 38 43 12 36 25 13 
43 53 19 48 49 13 22 44 26 43 5 51 13 36 47 17 28 34 29 34 0 45 26 24 25 25 37 36 32 27 42 48 51 23 19 50 35 27 36 12 21 
2 41 35 3 16 51 39 2 26 46 42 6 34 25 1 29 27 44 16 12 45 0 43 54 30 41 24 49 38 35 38 25 36 48 27 34 46 19 38 37 25 
41 29 11 47 37 18 5 40 39 17 28 47 30 20 44 30 16 7 28 37 26 43 0 13 12 1 21 10 7 8 18 31 29 6 21 29 8 25 12 33 30 
52 41 19 58 50 11 15 52 46 27 28 59 34 33 56 35 28 18 39 47 24 54 13 0 24 14 35 17 21 21 31 44 41 6 29 42 18 36 25 35 37 
29 28 6 34 27 23 8 28 30 22 25 35 23 11 32 21 4 16 16 25 25 30 12 24 0 10 12 20 10 4 18 23 25 17 11 25 17 13 13 27 20 
39 29 9 45 36 18 3 39 38 18 27 45 28 18 42 28 14 9 26 35 25 41 1 14 10 0 20 12 7 6 18 29 28 7 19 28 10 23 11 31 28 
23 19 19 28 15 36 20 22 35 21 36 27 32 1 25 29 9 20 17 25 37 24 21 35 12 20 0 24 15 13 13 10 16 28 20 14 22 15 13 36 27 
47 24 21 53 40 26 16 46 49 9 38 52 40 23 50 40 22 4 36 46 36 49 10 17 20 12 24 0 10 15 15 31 25 14 31 26 2 33 11 43 40 
37 21 13 42 30 25 10 36 40 11 33 42 33 13 39 31 12 5 26 35 32 38 7 21 10 7 15 10 0 5 10 23 21 14 22 21 7 23 4 36 31 
33 25 8 38 29 23 6 32 34 17 28 38 27 12 36 26 7 11 21 30 27 35 8 21 4 6 13 15 5 0 14 23 24 14 16 23 12 18 8 31 25 
37 10 23 41 26 36 20 35 46 8 42 39 41 12 38 39 17 12 30 38 42 38 18 31 18 18 13 15 10 14 0 16 10 25 29 11 13 27 6 45 37 
25 15 30 29 10 46 30 24 43 24 47 25 42 12 25 38 20 27 25 31 48 25 31 44 23 29 10 31 23 23 16 0 11 37 30 8 29 24 20 46 36 
36 4 32 40 21 46 30 34 51 17 51 36 48 16 36 45 24 23 33 40 51 36 29 41 25 28 16 25 21 24 10 11 0 35 36 2 24 32 17 52 43 
46 36 13 51 43 12 9 45 41 22 26 52 30 26 49 30 21 13 32 41 23 48 6 6 17 7 28 14 14 14 25 37 35 0 23 36 13 29 18 32 32 
25 38 10 31 30 23 15 25 18 33 16 33 12 19 29 9 12 27 11 18 19 27 21 29 11 19 20 31 22 16 29 30 36 23 0 34 28 8 24 16 9 
33 7 31 37 18 46 30 32 49 18 50 33 47 15 34 43 22 24 31 38 50 34 29 42 25 28 14 26 21 23 11 8 2 36 34 0 25 30 17 51 41 
45 23 19 50 37 26 14 44 47 9 37 49 38 21 47 38 20 1 34 43 35 46 8 18 17 10 22 2 7 12 13 29 24 13 28 25 0 31 9 41 38 
17 35 16 22 22 32 20 17 19 34 24 24 18 15 20 14 11 29 3 12 27 19 25 36 13 23 15 33 23 18 27 24 32 29 8 30 31 0 25 22 11 
37 17 17 42 28 29 14 36 42 9 37 40 36 12 39 34 14 7 27 36 36 38 12 25 13 11 13 11 4 8 6 20 17 18 24 17 9 25 0 40 33 
35 55 22 40 45 25 27 36 14 48 7 43 4 36 39 8 28 40 23 25 12 37 33 35 27 31 36 43 36 31 45 46 52 32 16 51 41 22 40 0 12 
22 46 19 27 33 30 25 23 9 42 17 31 8 26 27 3 20 36 11 13 21 25 30 37 20 28 27 40 31 25 37 36 43 32 9 41 38 11 33 12 0 
0 587
203 261
358 416
115 173
85 143
481 539
82 140
468 526
192 250
176 234
204 262
29 87
187 245
469 527
93 151
503 561
196 254
58 116
289 347
522 580
177 235
205 263
41 99
275 333
54 112
194 252
168 226
335 393
413 471
408 466
527 585
450 508
520 578
382 440
513 571
500 558
468 526
84 142
139 197
509 567
107 165
