41
0 29 41 18 30 3 9 18 21 10 10 13 18 9 34 24 37 25 12 29 25 22 19 6 30 12 28 30 42 9 32 18 10 18 18 24 23 27 33 14 28 
29 0 33 34 40 30 31 35 42 32 19 27 24 29 5 5 43 16 17 48 41 48 10 26 43 16 35 17 43 37 12 44 39 23 33 26 44 2 14 32 44 
41 33 0 57 21 39 49 28 36 51 38 50 22 33 36 36 18 19 32 35 29 43 35 35 26 36 19 16 13 41 21 41 43 22 56 16 36 34 19 53 30 
18 34 57 0 49 21 8 37 39 8 19 7 35 27 37 28 55 38 24 47 44 39 24 24 48 21 46 43 59 26 43 35 26 35 1 41 41 32 44 4 46 
30 40 21 49 0 27 40 12 16 41 33 43 16 21 45 39 7 24 28 13 8 22 35 24 4 32 4 26 13 25 32 22 27 17 48 14 15 39 31 44 8 
3 30 39 21 27 0 12 15 18 13 11 16 16 6 35 25 34 24 12 26 22 20 19 4 27 13 25 29 39 7 32 16 9 16 21 22 20 28 32 17 25 
9 31 49 8 40 12 0 28 30 1 12 6 27 19 35 25 47 32 18 38 35 30 20 15 40 15 37 37 51 18 37 27 18 27 8 33 32 29 39 4 38 
18 35 28 37 12 15 28 0 8 29 22 31 10 9 40 32 19 21 19 13 7 15 27 13 11 23 11 25 25 13 30 12 15 11 36 13 9 33 30 32 10 
21 42 36 39 16 18 30 8 0 30 28 35 19 14 48 39 22 30 26 8 7 7 34 18 12 29 17 34 29 12 39 6 13 20 38 22 2 41 39 34 9 
10 32 51 8 41 13 1 29 30 0 14 7 28 19 37 27 47 33 19 39 35 30 22 16 40 17 38 38 52 18 39 27 17 28 7 34 32 30 40 3 38 
10 19 38 19 33 11 12 22 28 14 0 11 17 14 24 14 38 19 5 35 30 31 8 9 34 3 29 24 42 19 25 27 20 17 18 22 30 17 26 15 33 
13 27 50 7 43 16 6 31 35 7 11 0 29 22 31 21 49 31 17 43 39 36 17 18 43 14 40 36 53 23 35 32 23 28 6 34 37 25 37 4 42 
18 24 22 35 16 16 27 10 19 28 17 29 0 11 30 23 21 10 12 23 17 25 19 12 18 16 12 15 24 19 20 22 22 1 34 5 20 23 20 31 20 
9 29 33 27 21 6 19 9 14 19 14 22 11 0 35 26 28 20 12 21 16 18 20 4 21 15 18 25 33 8 29 14 11 11 27 16 16 28 29 23 19 
34 5 36 37 45 35 35 40 48 37 24 31 30 35 0 10 47 21 22 53 47 53 15 32 48 21 40 21 47 42 15 49 44 28 36 31 49 6 16 36 50 
24 5 36 28 39 25 25 32 39 27 14 21 23 26 10 0 43 17 13 46 39 44 5 22 42 11 35 20 44 32 16 40 34 22 27 26 41 3 18 26 43 
37 43 18 55 7 34 47 19 22 47 38 49 21 28 47 43 0 26 33 19 15 29 40 31 10 38 9 27 7 32 33 29 34 22 54 17 22 43 32 50 14 
25 16 19 38 24 24 32 21 30 33 19 31 10 20 21 17 26 0 13 34 27 36 16 19 27 17 19 5 26 28 9 33 31 9 37 9 31 16 9 34 29 
12 17 32 24 28 12 18 19 26 19 5 17 12 12 22 13 33 13 0 33 27 30 8 9 30 4 24 18 36 19 20 27 21 11 24 17 28 15 21 21 30 
29 48 35 47 13 26 38 13 8 39 35 43 23 21 53 46 19 34 33 0 6 11 41 26 9 36 16 37 26 21 43 13 21 25 47 24 6 47 42 43 4 
25 41 29 44 8 22 35 7 7 35 30 39 17 16 47 39 15 27 27 6 0 14 35 21 5 30 10 30 22 18 36 13 20 18 43 17 7 40 35 39 3 
22 48 43 39 22 20 30 15 7 30 31 36 25 18 53 44 29 36 30 11 14 0 39 22 19 33 24 40 36 13 45 4 12 26 38 29 7 46 45 34 14 
19 10 35 24 35 19 20 27 34 22 8 17 19 20 15 5 40 16 8 41 35 39 0 17 37 6 31 19 42 27 18 35 29 18 23 23 36 8 19 22 38 
6 26 35 24 24 4 15 13 18 16 9 18 12 4 32 22 31 19 9 26 21 22 17 0 25 11 22 24 35 10 27 18 12 12 23 18 20 25 28 19 24 
30 43 26 48 4 27 40 11 12 40 34 43 18 21 48 42 10 27 30 9 5 19 37 25 0 34 8 29 17 23 36 19 25 19 48 17 12 42 35 44 4 
12 16 36 21 32 13 15 23 29 17 3 14 16 15 21 11 38 17 4 36 30 33 6 11 34 0 28 21 40 21 22 29 22 16 20 21 31 14 23 18 34 
28 35 19 46 4 25 37 11 17 38 29 40 12 18 40 35 9 19 24 16 10 24 31 22 8 28 0 21 14 24 27 22 26 13 45 9 17 35 27 41 12 
30 17 16 43 26 29 37 25 34 38 24 36 15 25 21 20 27 5 18 37 30 40 19 24 29 21 21 0 26 33 6 37 36 14 42 12 35 17 5 39 32 
42 43 13 59 13 39 51 25 29 52 42 53 24 33 47 44 7 26 36 26 22 36 42 35 17 40 14 26 0 38 32 36 40 24 59 19 29 43 31 55 22 
9 37 41 26 25 7 18 13 12 18 19 23 19 8 42 32 32 28 19 21 18 13 27 10 23 21 24 33 38 0 37 9 2 20 26 24 14 35 38 22 21 
32 12 21 43 32 32 37 30 39 39 25 35 20 29 15 16 33 9 20 43 36 45 18 27 36 22 27 6 32 37 0 42 40 19 41 18 40 13 1 39 38 
18 44 41 35 22 16 27 12 6 27 27 32 22 14 49 40 29 33 27 13 13 4 35 18 19 29 22 37 36 9 42 0 9 23 35 26 7 42 42 31 15 
10 39 43 26 27 9 18 15 13 17 20 23 22 11 44 34 34 31 21 21 20 12 29 12 25 22 26 36 40 2 40 9 0 22 25 27 15 37 40 21 22 
18 23 22 35 17 16 27 11 20 28 17 28 1 11 28 22 22 9 11 25 18 26 18 12 19 16 13 14 24 20 19 23 22 0 34 5 21 22 19 31 21 
18 33 56 1 48 21 8 36 38 7 18 6 34 27 36 27 54 37 24 47 43 38 23 23 48 20 45 42 59 26 41 35 25 34 0 40 40 31 43 4 46 
24 26 16 41 14 22 33 13 22 34 22 34 5 16 31 26 17 9 17 24 17 29 23 18 17 21 9 12 19 24 18 26 27 5 40 0 23 25 18 37 20 
23 44 36 41 15 20 32 9 2 32 30 37 20 16 49 41 22 31 28 6 7 7 36 20 12 31 17 35 29 14 40 7 15 21 40 23 0 43 40 36 7 
27 2 34 32 39 28 29 33 41 30 17 25 23 28 6 3 43 16 15 47 40 46 8 25 42 14 35 17 43 35 13 42 37 22 31 25 43 0 15 30 43 
33 14 19 44 31 32 39 30 39 40 26 37 20 29 16 18 32 9 21 42 35 45 19 28 35 23 27 5 31 38 1 42 40 19 43 18 40 15 0 41 38 
14 32 53 4 44 17 4 32 34 3 15 4 31 23 36 26 50 34 21 43 39 34 22 19 44 18 41 39 55 22 39 31 21 31 4 37 36 30 41 0 42 
28 44 30 46 8 25 38 10 9 38 33 42 20 19 50 43 14 29 30 4 3 14 38 24 4 34 12 32 22 21 38 15 22 21 46 20 7 43 38 42 0 
0 489
315 363
415 463
366 414
152 200
294 342
180 228
81 129
224 272
170 218
320 368
269 317
70 118
374 422
143 191
117 165
346 394
438 486
411 459
323 371
83 131
357 405
193 241
263 311
350 398
139 187
178 226
211 259
135 183
35 83
83 131
142 190
372 420
99 147
125 173
360 408
211 259
40 88
157 205
381 429
182 230
