41
0 16 34 24 11 18 36 27 38 25 36 35 23 23 23 15 11 27 40 22 10 24 48 11 12 23 17 17 29 14 10 24 5 7 28 22 21 36 22 26 24 
16 0 34 30 28 34 40 14 34 24 37 21 11 10 7 13 11 29 32 30 25 36 38 14 4 6 33 32 16 7 19 37 21 21 27 5 32 22 14 39 13 
34 34 0 13 37 35 8 26 9 10 3 30 46 27 38 45 25 7 16 16 30 24 25 24 35 39 47 32 27 27 45 27 33 42 7 36 23 30 20 26 24 
24 30 13 0 25 22 12 27 21 10 13 34 41 27 35 37 19 6 26 3 18 12 36 16 29 35 34 19 29 22 35 15 21 31 12 33 10 35 20 14 24 
11 28 37 25 0 9 37 37 44 30 39 45 34 34 35 25 21 30 47 22 7 19 56 19 23 34 9 9 39 25 16 18 6 11 34 33 17 46 31 21 34 
18 34 35 22 9 0 33 41 43 30 35 49 42 38 41 33 25 28 47 19 8 13 56 22 30 41 15 3 43 30 25 10 13 20 33 39 12 50 34 13 37 
36 40 8 12 37 33 0 33 16 15 5 38 51 34 45 49 30 10 24 15 30 21 32 27 40 45 46 30 35 32 47 24 34 44 14 42 21 38 27 22 31 
27 14 26 27 37 41 33 0 22 18 29 8 23 4 14 28 16 24 19 29 32 38 24 18 18 15 45 38 2 12 33 40 30 33 19 12 35 8 7 41 3 
38 34 9 21 44 43 16 22 0 13 11 24 45 25 36 46 28 14 7 24 37 33 15 27 36 37 53 40 23 28 48 36 38 46 10 34 31 24 19 35 21 
25 24 10 10 30 30 15 18 13 0 13 24 36 18 29 35 15 5 17 12 23 22 26 14 25 29 39 26 20 17 35 24 24 32 3 26 19 25 11 25 15 
36 37 3 13 39 35 5 29 11 13 0 33 49 31 41 48 28 8 19 16 31 24 27 26 38 42 48 32 31 30 47 27 34 43 10 39 23 34 24 25 27 
35 21 30 34 45 49 38 8 24 24 33 0 28 12 19 34 24 30 18 36 41 45 20 27 26 20 53 46 6 21 41 47 39 41 24 18 42 0 15 48 11 
23 11 46 41 34 42 51 23 45 36 49 28 0 20 9 10 22 41 42 41 34 46 47 25 12 8 37 41 24 19 20 46 29 24 38 10 42 28 25 49 23 
23 10 27 27 34 38 34 4 25 18 31 12 20 0 11 23 13 24 22 28 29 36 28 15 14 11 41 35 5 8 29 38 27 29 20 9 33 12 7 39 3 
23 7 38 35 35 41 45 14 36 29 41 19 9 11 0 16 17 34 33 36 32 43 38 21 11 0 40 39 14 13 24 43 28 27 31 2 39 19 17 45 15 
15 13 45 37 25 33 49 28 46 35 48 34 10 23 16 0 19 39 45 37 26 40 52 21 9 15 27 33 29 18 10 40 21 14 38 16 36 35 27 42 26 
11 11 25 19 21 25 30 16 28 15 28 24 22 13 17 19 0 19 29 19 16 25 36 3 10 17 28 22 18 4 20 26 14 18 18 15 21 25 10 28 13 
27 29 7 6 30 28 10 24 14 5 8 30 41 24 34 39 19 0 20 9 23 19 29 17 30 34 39 25 26 22 38 21 26 35 6 32 17 30 17 21 21 
40 32 16 26 47 47 24 19 7 17 19 18 42 22 33 45 29 20 0 29 40 39 9 29 36 34 56 44 19 27 49 42 41 47 14 31 37 18 18 41 19 
22 30 16 3 22 19 15 29 24 12 16 36 41 28 36 37 19 9 29 0 15 9 39 16 29 36 31 16 31 23 33 12 19 29 15 34 7 37 22 12 26 
10 25 30 18 7 8 30 32 37 23 31 41 34 29 32 26 16 23 40 15 0 14 49 14 22 32 16 6 35 21 20 13 5 15 27 31 11 41 26 16 29 
24 36 24 12 19 13 21 38 33 22 24 45 46 36 43 40 25 19 39 9 14 0 48 22 34 43 27 10 40 30 34 2 19 29 25 41 3 46 30 2 34 
48 38 25 36 56 56 32 24 15 26 27 20 47 28 38 52 36 29 9 39 49 48 0 37 42 39 64 53 23 35 56 51 49 55 23 36 46 19 26 50 25 
11 14 24 16 19 22 27 18 27 14 26 27 25 15 21 21 3 17 29 16 14 22 37 0 13 20 27 20 21 7 21 23 12 18 17 19 18 27 12 24 15 
12 4 35 29 23 30 40 18 36 25 38 26 12 14 11 9 10 30 36 29 22 34 42 13 0 10 28 29 20 8 14 34 17 16 28 10 30 26 17 36 17 
23 6 39 35 34 41 45 15 37 29 42 20 8 11 0 15 17 34 34 36 32 43 39 20 10 0 39 39 15 13 23 43 28 26 31 2 39 20 18 45 15 
17 33 47 34 9 15 46 45 53 39 48 53 37 41 40 27 28 39 56 31 16 27 64 27 28 39 0 17 47 32 17 25 15 13 43 39 26 53 39 28 41 
17 32 32 19 9 3 30 38 40 26 32 46 41 35 39 33 22 25 44 16 6 10 53 20 29 39 17 0 40 27 25 8 11 20 30 37 9 47 31 11 34 
29 16 27 29 39 43 35 2 23 20 31 6 24 5 14 29 18 26 19 31 35 40 23 21 20 15 47 40 0 14 35 42 32 35 20 13 37 6 9 43 5 
14 7 27 22 25 30 32 12 28 17 30 21 19 8 13 18 4 22 27 23 21 30 35 7 8 13 32 27 14 0 21 30 18 21 20 11 26 21 9 32 9 
10 19 45 35 16 25 47 33 48 35 47 41 20 29 24 10 20 38 49 33 20 34 56 21 14 23 17 25 35 21 0 33 14 5 38 24 31 41 30 36 31 
24 37 27 15 18 10 24 40 36 24 27 47 46 38 43 40 26 21 42 12 13 2 51 23 34 43 25 8 42 30 33 0 19 28 27 41 5 48 32 2 36 
5 21 33 21 6 13 34 30 38 24 34 39 29 27 28 21 14 26 41 19 5 19 49 12 17 28 15 11 32 18 14 19 0 9 28 27 16 39 24 21 27 
7 21 42 31 11 20 44 33 46 32 43 41 24 29 27 14 18 35 47 29 15 29 55 18 16 26 13 20 35 21 5 28 9 0 36 26 26 42 29 31 31 
28 27 7 12 34 33 14 19 10 3 10 24 38 20 31 38 18 6 14 15 27 25 23 17 28 31 43 30 20 20 38 27 28 36 0 28 22 24 13 27 16 
22 5 36 33 33 39 42 12 34 26 39 18 10 9 2 16 15 32 31 34 31 41 36 19 10 2 39 37 13 11 24 41 27 26 28 0 37 18 15 43 13 
21 32 23 10 17 12 21 35 31 19 23 42 42 33 39 36 21 17 37 7 11 3 46 18 30 39 26 9 37 26 31 5 16 26 22 37 0 43 27 6 31 
36 22 30 35 46 50 38 8 24 25 34 0 28 12 19 35 25 30 18 37 41 46 19 27 26 20 53 47 6 21 41 48 39 42 24 18 43 0 15 49 12 
22 14 20 20 31 34 27 7 19 11 24 15 25 7 17 27 10 17 18 22 26 30 26 12 17 18 39 31 9 9 30 32 24 29 13 15 27 15 0 33 4 
26 39 26 14 21 13 22 41 35 25 25 48 49 39 45 42 28 21 41 12 16 2 50 24 36 45 28 11 43 32 36 2 21 31 27 43 6 49 33 0 37 
24 13 24 24 34 37 31 3 21 15 27 11 23 3 15 26 13 21 19 26 29 34 25 15 17 15 41 34 5 9 31 36 27 31 16 13 31 12 4 37 0 
0 538
295 295
245 245
232 232
478 478
484 484
525 525
391 391
37 37
401 401
226 226
41 41
86 86
319 319
27 27
311 311
404 404
364 364
499 499
36 36
442 442
7 7
447 447
21 21
262 262
148 148
181 181
277 277
375 375
440 440
132 132
72 72
153 153
6 6
452 452
335 335
474 474
46 46
226 226
61 61
90 90
