41
0 11 39 27 23 10 24 22 24 36 29 16 21 19 10 19 33 20 5 29 14 22 40 28 19 16 14 26 29 26 33 8 22 22 30 10 8 16 30 31 24 
11 0 35 18 18 2 12 14 14 31 20 27 32 30 1 30 26 20 17 26 10 27 29 17 30 11 6 14 18 14 22 5 12 15 27 15 7 14 21 19 23 
39 35 0 20 16 33 32 22 42 5 49 44 47 42 37 45 12 55 42 10 45 61 49 27 43 23 29 39 42 39 27 33 24 20 9 31 41 49 18 32 15 
27 18 20 0 9 17 11 5 21 15 29 39 43 40 20 41 9 37 32 17 28 45 29 6 40 11 12 18 21 18 9 19 5 6 16 24 25 31 3 12 18 
23 18 16 9 0 16 18 6 27 13 34 32 36 32 20 34 10 38 27 9 29 44 37 15 33 7 12 24 28 24 18 16 9 4 9 17 25 32 10 20 8 
10 2 33 17 16 0 13 13 16 29 23 25 30 28 4 28 25 22 16 24 12 28 31 18 28 9 4 16 20 16 23 3 12 13 25 13 8 16 20 20 21 
24 12 32 11 18 13 0 11 9 27 17 39 44 41 14 42 20 28 30 27 19 37 19 6 41 15 11 6 9 6 11 17 8 14 27 25 19 22 14 6 26 
22 14 22 5 6 13 11 0 20 17 28 34 39 35 16 36 12 34 27 16 24 41 30 9 35 6 8 17 21 17 13 14 2 2 16 19 21 28 7 14 15 
24 14 42 21 27 16 9 20 0 37 7 41 46 44 14 44 30 21 30 36 14 31 15 16 44 22 16 3 5 3 19 20 17 23 36 29 17 16 24 13 34 
36 31 5 15 13 29 27 17 37 0 44 43 46 42 33 45 7 51 40 9 41 57 43 21 43 20 25 34 36 34 21 29 20 15 8 29 38 45 13 26 14 
29 20 49 29 34 23 17 28 7 44 0 46 51 49 20 48 38 19 34 43 16 30 14 23 49 29 23 10 9 10 26 26 25 30 44 36 21 16 31 20 42 
16 27 44 39 32 25 39 34 41 43 46 0 4 4 27 2 42 34 11 34 30 31 57 42 3 27 28 42 46 42 47 22 35 33 34 15 24 31 41 46 28 
21 32 47 43 36 30 44 39 46 46 51 4 0 4 32 2 46 38 16 37 35 34 61 47 3 32 33 47 51 47 52 27 40 37 38 19 29 36 46 50 32 
19 30 42 40 32 28 41 35 44 42 49 4 4 0 29 3 42 38 15 32 33 35 59 43 1 28 30 44 48 44 48 24 36 33 33 16 27 35 42 47 27 
10 1 37 20 20 4 14 16 14 33 20 27 32 29 0 29 28 18 16 28 8 25 29 19 29 13 7 15 19 15 24 6 14 17 29 16 5 12 23 21 25 
19 30 45 41 34 28 42 36 44 45 48 2 2 3 29 0 44 36 14 35 33 32 59 45 1 30 31 45 48 45 49 25 37 35 36 17 27 34 44 48 30 
33 26 12 9 10 25 20 12 30 7 38 42 46 42 28 44 0 46 37 12 36 53 36 14 43 16 20 27 29 27 14 26 14 11 11 28 33 40 6 19 16 
20 20 55 37 38 22 28 34 21 51 19 34 38 38 18 36 46 0 23 46 9 10 34 35 37 31 26 24 26 24 39 23 32 35 47 30 14 6 41 34 43 
5 17 42 32 27 16 30 27 30 40 34 11 16 15 16 14 37 23 0 32 18 22 46 34 14 21 20 31 35 31 39 13 27 27 33 11 13 20 35 36 27 
29 26 10 17 9 24 27 16 36 9 43 34 37 32 28 35 12 46 32 0 37 51 46 23 34 15 21 33 37 33 25 23 18 13 0 21 32 41 16 29 5 
14 10 45 28 29 12 19 24 14 41 16 30 35 33 8 33 36 9 18 37 0 18 29 25 33 22 16 17 19 17 30 14 22 26 37 22 6 3 31 25 34 
22 27 61 45 44 28 37 41 31 57 30 31 34 35 25 32 53 10 22 51 18 0 44 43 34 37 32 34 36 34 48 28 39 42 52 32 19 15 48 43 47 
40 29 49 29 37 31 19 30 15 43 14 57 61 59 29 59 36 34 46 46 29 44 0 22 59 35 30 14 10 14 22 34 27 33 45 44 33 30 30 17 46 
28 17 27 6 15 18 6 9 16 21 23 42 47 43 19 45 14 35 34 23 25 43 22 0 44 15 14 12 14 12 5 20 7 11 23 27 25 29 8 5 24 
19 30 43 40 33 28 41 35 44 43 49 3 3 1 29 1 43 37 14 34 33 34 59 44 0 29 30 44 48 44 49 24 37 34 35 16 27 34 43 48 28 
16 11 23 11 7 9 15 6 22 20 29 27 32 28 13 30 16 31 21 15 22 37 35 15 29 0 6 20 24 21 20 9 8 5 15 12 17 25 14 20 12 
14 6 29 12 12 4 11 8 16 25 23 28 33 30 7 31 20 26 20 21 16 32 30 14 30 6 0 15 19 15 19 6 7 9 21 14 13 20 16 17 18 
26 14 39 18 24 16 6 17 3 34 10 42 47 44 15 45 27 24 31 33 17 34 14 12 44 20 15 0 4 0 16 20 14 20 33 29 19 19 20 10 32 
29 18 42 21 28 20 9 21 5 36 9 46 51 48 19 48 29 26 35 37 19 36 10 14 48 24 19 4 0 3 17 24 18 24 37 33 22 21 23 10 36 
26 14 39 18 24 16 6 17 3 34 10 42 47 44 15 45 27 24 31 33 17 34 14 12 44 21 15 0 3 0 16 20 14 20 33 29 19 19 20 10 32 
33 22 27 9 18 23 11 13 19 21 26 47 52 48 24 49 14 39 39 25 30 48 22 5 49 20 19 16 17 16 0 25 12 15 25 32 30 33 8 6 27 
8 5 33 19 16 3 17 14 20 29 26 22 27 24 6 25 26 23 13 23 14 28 34 20 24 9 6 20 24 20 25 0 14 14 24 9 8 17 22 23 19 
22 12 24 5 9 12 8 2 17 20 25 35 40 36 14 37 14 32 27 18 22 39 27 7 37 8 7 14 18 14 12 14 0 5 19 20 20 26 8 11 18 
22 15 20 6 4 13 14 2 23 15 30 33 37 33 17 35 11 35 27 13 26 42 33 11 34 5 9 20 24 20 15 14 5 0 13 18 22 29 8 17 12 
30 27 9 16 9 25 27 16 36 8 44 34 38 33 29 36 11 47 33 0 37 52 45 23 35 15 21 33 37 33 25 24 19 13 0 21 33 41 16 28 6 
10 15 31 24 17 13 25 19 29 29 36 15 19 16 16 17 28 30 11 21 22 32 44 27 16 12 14 29 33 29 32 9 20 18 21 0 16 25 26 31 15 
8 7 41 25 25 8 19 21 17 38 21 24 29 27 5 27 33 14 13 32 6 19 33 25 27 17 13 19 22 19 30 8 20 22 33 16 0 9 28 26 28 
16 14 49 31 32 16 22 28 16 45 16 31 36 35 12 34 40 6 20 41 3 15 30 29 34 25 20 19 21 19 33 17 26 29 41 25 9 0 34 28 37 
30 21 18 3 10 20 14 7 24 13 31 41 46 42 23 44 6 41 35 16 31 48 30 8 43 14 16 20 23 20 8 22 8 8 16 26 28 34 0 13 18 
31 19 32 12 20 20 6 14 13 26 20 46 50 47 21 48 19 34 36 29 25 43 17 5 48 20 17 10 10 10 6 23 11 17 28 31 26 28 13 0 29 
24 23 15 18 8 21 26 15 34 14 42 28 32 27 25 30 16 43 27 5 34 47 46 24 28 12 18 32 36 32 27 19 18 12 6 15 28 37 18 29 0 
0 538
77 184
399 506
214 321
76 183
120 227
235 342
418 525
39 146
422 529
99 206
104 211
212 319
136 243
37 144
49 156
55 162
91 198
86 193
175 282
386 493
102 209
249 356
89 196
35 142
15 122
113 220
275 382
293 400
285 392
243 350
218 325
195 302
384 491
299 406
369 476
387 494
224 331
240 347
35 142
278 385
