41
0 41 9 42 40 34 25 42 13 6 13 16 28 0 11 20 44 25 39 11 15 6 41 31 28 39 16 28 40 40 32 31 27 43 33 15 23 25 33 21 7 
41 0 36 12 38 40 20 39 41 39 28 44 39 41 30 40 14 45 25 35 35 40 36 15 23 38 29 45 33 42 26 29 44 38 41 56 25 25 29 31 48 
9 36 0 34 31 24 25 32 21 14 12 10 19 9 8 11 36 17 29 16 20 14 31 29 19 29 7 20 31 30 22 21 18 33 24 20 24 15 23 25 16 
42 12 34 0 27 30 27 27 46 42 30 40 31 42 31 34 2 38 13 39 41 43 24 25 16 27 27 38 22 31 17 21 36 27 32 54 32 20 20 38 49 
40 38 31 27 0 8 43 1 51 44 37 29 13 41 35 22 27 21 14 45 49 45 3 44 18 1 26 18 5 4 13 11 18 2 9 45 46 19 10 50 46 
34 40 24 30 8 0 41 9 45 38 32 21 5 34 29 14 31 12 17 39 43 39 10 43 17 6 21 9 11 6 13 10 9 10 1 37 43 16 10 46 39 
25 20 25 27 43 41 0 44 21 22 12 35 37 25 16 33 30 40 33 16 16 22 42 6 25 43 21 42 40 45 30 32 40 45 42 41 5 24 33 10 31 
42 39 32 27 1 9 44 0 53 46 38 30 15 42 36 23 27 22 14 46 50 47 3 45 19 3 27 19 5 5 14 12 19 1 11 47 47 20 11 51 48 
13 41 21 46 51 45 21 53 0 7 15 29 40 13 16 32 48 38 46 7 5 7 51 27 36 50 25 41 50 51 41 40 40 53 46 26 17 33 42 12 15 
6 39 14 42 44 38 22 46 7 0 11 22 33 6 11 25 44 31 41 6 9 0 45 28 30 43 19 34 44 44 35 34 32 47 38 20 18 27 36 16 10 
13 28 12 30 37 32 12 38 15 11 0 23 28 13 3 22 33 29 31 8 11 12 37 18 20 36 11 31 35 38 25 26 29 39 33 29 11 18 27 13 20 
16 44 10 40 29 21 35 30 29 22 23 0 15 16 19 7 42 9 32 25 30 22 30 40 24 27 15 13 30 27 25 22 12 31 20 16 34 20 24 35 19 
28 39 19 31 13 5 37 15 40 33 28 15 0 28 25 8 32 8 19 34 39 34 15 40 15 11 16 6 15 11 13 10 5 16 5 31 39 14 11 41 33 
0 41 9 42 41 34 25 42 13 6 13 16 28 0 11 20 44 25 39 11 15 6 41 31 28 39 16 28 40 40 32 31 27 43 33 15 23 25 33 21 7 
11 30 8 31 35 29 16 36 16 11 3 19 25 11 0 18 33 25 30 10 14 11 34 21 19 33 8 27 33 35 24 23 26 37 30 26 15 16 25 17 18 
20 40 11 34 22 14 33 23 32 25 22 7 8 20 18 0 36 6 25 27 32 26 23 37 17 20 12 8 23 20 18 15 7 24 13 23 34 15 17 35 24 
44 14 36 2 27 31 30 27 48 44 33 42 32 44 33 36 0 39 13 41 43 45 24 27 18 27 28 38 22 31 18 21 37 26 32 56 35 21 20 40 51 
25 45 17 38 21 12 40 22 38 31 29 9 8 25 25 6 39 0 27 33 38 31 23 44 22 19 18 3 23 18 21 18 2 23 11 25 40 19 19 42 28 
39 25 29 13 14 17 33 14 46 41 31 32 19 39 30 25 13 27 0 39 42 41 11 33 10 14 22 26 8 18 7 9 25 13 19 48 37 13 8 42 45 
11 35 16 39 45 39 16 46 7 6 8 25 34 11 10 27 41 33 39 0 4 6 45 22 29 44 18 36 43 45 34 33 35 47 40 26 12 26 35 10 16 
15 35 20 41 49 43 16 50 5 9 11 30 39 15 14 32 43 38 42 4 0 8 48 22 32 47 22 40 47 49 37 37 39 50 44 29 11 29 39 7 18 
6 40 14 43 45 39 22 47 7 0 12 22 34 6 11 26 45 31 41 6 8 0 45 28 31 44 19 34 44 45 35 34 33 47 39 21 18 28 37 16 10 
41 36 31 24 3 10 42 3 51 45 37 30 15 41 34 23 24 23 11 45 48 45 0 43 17 4 26 20 2 7 11 11 20 2 12 47 45 18 9 49 47 
31 15 29 25 44 43 6 45 27 28 18 40 40 31 21 37 27 44 33 22 22 28 43 0 26 44 25 45 40 47 31 33 43 45 44 47 10 26 34 16 38 
28 23 19 16 18 17 25 19 36 30 20 24 15 28 19 17 18 22 10 29 32 31 17 26 0 17 11 22 15 20 5 7 20 19 18 38 28 3 8 32 35 
39 38 29 27 1 6 43 3 50 43 36 27 11 39 33 20 27 19 14 44 47 44 4 44 17 0 25 16 6 3 12 10 16 4 8 43 45 18 9 49 45 
16 29 7 27 26 21 21 27 25 19 11 15 16 16 8 12 28 18 22 18 22 19 26 25 11 25 0 20 25 26 15 15 18 28 21 27 22 8 17 25 23 
28 45 20 38 18 9 42 19 41 34 31 13 6 28 27 8 38 3 26 36 40 34 20 45 22 16 20 0 21 15 20 17 1 20 8 28 42 20 18 44 32 
40 33 31 22 5 11 40 5 50 44 35 30 15 40 33 23 22 23 8 43 47 44 2 40 15 6 25 21 0 9 9 9 20 5 13 47 43 17 7 47 46 
40 42 30 31 4 6 45 5 51 44 38 27 11 40 35 20 31 18 18 45 49 45 7 47 20 3 26 15 9 0 15 13 15 6 6 43 48 21 12 51 45 
32 26 22 17 13 13 30 14 41 35 25 25 13 32 24 18 18 21 7 34 37 35 11 31 5 12 15 20 9 15 0 3 19 14 14 40 33 7 3 38 38 
31 29 21 21 11 10 32 12 40 34 26 22 10 31 23 15 21 18 9 33 37 34 11 33 7 10 15 17 9 13 3 0 15 13 11 38 34 7 2 38 37 
27 44 18 36 18 9 40 19 40 32 29 12 5 27 26 7 37 2 25 35 39 33 20 43 20 16 18 1 20 15 19 15 0 20 8 27 41 18 17 43 31 
43 38 33 27 2 10 45 1 53 47 39 31 16 43 37 24 26 23 13 47 50 47 2 45 19 4 28 20 5 6 14 13 20 0 12 47 47 21 11 52 48 
33 41 24 32 9 1 42 11 46 38 33 20 5 33 30 13 32 11 19 40 44 39 12 44 18 8 21 8 13 6 14 11 8 12 0 36 43 17 12 46 38 
15 56 20 54 45 37 41 47 26 20 29 16 31 15 26 23 56 25 48 26 29 21 47 47 38 43 27 28 47 43 40 38 27 47 36 0 38 35 40 37 11 
23 25 24 32 46 43 5 47 17 18 11 34 39 23 15 34 35 40 37 12 11 18 45 10 28 45 22 42 43 48 33 34 41 47 43 38 0 26 36 5 28 
25 25 15 20 19 16 24 20 33 27 18 20 14 25 16 15 21 19 13 26 29 28 18 26 3 18 8 20 17 21 7 7 18 21 17 35 26 0 9 30 31 
33 29 23 20 10 10 33 11 42 36 27 24 11 33 25 17 20 19 8 35 39 37 9 34 8 9 17 18 7 12 3 2 17 11 12 40 36 9 0 40 39 
21 31 25 38 50 46 10 51 12 16 13 35 41 21 17 35 40 42 42 10 7 16 49 16 32 49 25 44 47 51 38 38 43 52 46 37 5 30 40 0 26 
7 48 16 49 46 39 31 48 15 10 20 19 33 7 18 24 51 28 45 16 18 10 47 38 35 45 23 32 46 45 38 37 31 48 38 11 28 31 39 26 0 
0 685
186 254
453 521
603 671
277 345
237 305
204 272
345 413
43 111
594 662
502 570
176 244
353 421
543 611
385 453
73 141
433 501
240 308
479 547
196 264
9 77
239 307
37 105
521 589
462 530
91 159
484 552
156 224
482 550
376 444
190 258
529 597
103 171
577 645
518 586
280 348
76 144
117 185
76 144
439 507
220 288
