41
0 33 37 42 40 23 38 29 16 43 21 23 3 30 28 36 20 5 14 9 26 16 23 38 19 33 11 28 15 15 28 46 44 40 7 6 28 37 14 37 42 
33 0 13 12 18 34 8 14 43 10 22 21 34 23 6 21 29 31 31 27 25 34 30 20 14 0 41 20 18 33 28 15 18 9 35 28 20 14 39 22 18 
37 13 0 24 32 45 6 8 41 19 18 17 39 36 18 35 25 37 29 34 37 43 24 6 20 13 42 33 22 42 41 25 31 21 37 34 13 1 37 35 31 
42 12 24 0 10 35 18 26 53 6 33 33 42 20 14 15 41 38 42 33 25 37 42 30 24 12 51 19 28 37 27 4 6 2 45 35 32 25 49 15 7 
40 18 32 10 0 28 26 32 54 16 37 37 39 12 16 6 44 35 43 30 17 32 45 38 25 19 50 12 29 32 19 13 5 12 44 33 38 32 50 5 3 
23 34 45 35 28 0 43 40 40 40 37 38 20 16 28 22 40 18 35 15 10 7 42 49 26 35 34 16 26 8 9 40 34 36 30 18 42 45 37 23 32 
38 8 6 18 26 43 0 11 44 13 21 20 40 31 15 30 28 37 32 33 34 41 28 12 19 8 44 29 22 41 37 18 25 15 38 33 17 7 40 30 25 
29 14 8 26 32 40 11 0 33 23 10 9 32 33 16 33 17 29 21 27 33 36 17 9 13 13 33 29 14 35 37 28 32 23 28 26 6 7 29 34 32 
16 43 41 53 54 40 44 33 0 53 23 24 20 46 39 51 17 22 12 26 43 32 18 39 29 43 5 43 25 31 45 57 57 51 9 22 29 40 4 52 56 
43 10 19 6 16 40 13 23 53 0 32 31 44 25 15 21 39 40 41 36 29 41 39 26 24 10 51 24 28 41 32 5 12 4 45 37 29 20 49 21 13 
21 22 18 33 37 37 21 10 23 32 0 1 24 35 20 37 7 23 10 22 33 32 8 16 13 21 23 31 11 31 37 37 39 31 19 20 6 17 19 38 38 
23 21 17 33 37 38 20 9 24 31 1 0 26 35 21 38 8 24 12 24 34 34 8 15 14 21 25 32 12 33 38 36 39 31 20 22 4 16 20 39 38 
3 34 39 42 39 20 40 32 20 44 24 26 0 29 28 35 24 3 18 8 24 12 27 40 20 34 14 27 17 11 26 46 43 40 10 6 31 39 18 36 42 
30 23 36 20 12 16 31 33 46 25 35 35 29 0 17 6 40 25 38 21 5 20 42 41 21 23 42 3 24 20 6 25 18 21 36 24 37 36 43 7 16 
28 6 18 14 16 28 15 16 39 15 20 21 28 17 0 17 27 25 27 21 19 27 28 23 9 7 37 14 13 26 22 18 18 12 31 22 21 19 35 18 17 
36 21 35 15 6 22 30 33 51 21 37 38 35 6 17 0 43 31 42 26 11 26 45 41 24 22 47 7 27 27 12 20 12 17 41 29 39 35 48 1 10 
20 29 25 41 44 40 28 17 17 39 7 8 24 40 27 43 0 23 6 24 38 34 2 22 19 29 19 37 15 33 41 44 46 38 16 22 11 24 13 44 45 
5 31 37 38 35 18 37 29 22 40 23 24 3 25 25 31 23 0 18 5 21 11 26 38 17 31 17 23 15 9 23 43 40 37 12 3 29 36 19 33 38 
14 31 29 42 43 35 32 21 12 41 10 12 18 38 27 42 6 18 0 20 35 29 9 27 18 30 12 34 14 28 38 45 46 39 9 17 17 28 8 43 45 
9 27 34 33 30 15 33 27 26 36 22 24 8 21 21 26 24 5 20 0 17 9 27 36 14 27 21 18 12 8 19 38 35 32 16 3 28 34 23 28 33 
26 25 37 25 17 10 34 33 43 29 33 34 24 5 19 11 38 21 35 17 0 14 40 42 21 26 38 5 23 15 3 30 23 25 33 20 37 38 39 13 21 
16 34 43 37 32 7 41 36 32 41 32 34 12 20 27 26 34 11 29 9 14 0 37 46 23 34 27 19 22 1 15 42 37 37 23 12 38 43 30 28 35 
23 30 24 42 45 42 28 17 18 39 8 8 27 42 28 45 2 26 9 27 40 37 0 20 20 29 21 38 17 35 43 45 47 39 18 24 11 23 15 46 46 
38 20 6 30 38 49 12 9 39 26 16 15 40 41 23 41 22 38 27 36 42 46 20 0 23 19 40 38 23 45 45 31 37 28 36 35 10 5 35 41 37 
19 14 20 24 25 26 19 13 29 24 13 14 20 21 9 24 19 17 18 14 21 23 20 23 0 14 27 18 4 22 24 28 27 21 21 14 16 19 25 25 26 
33 0 13 12 19 35 8 13 43 10 21 21 34 23 7 22 29 31 30 27 26 34 29 19 14 0 41 20 18 34 29 15 19 9 35 28 20 13 38 22 18 
11 41 42 51 50 34 44 33 5 51 23 25 14 42 37 47 19 17 12 21 38 27 21 40 27 41 0 39 23 26 40 55 54 49 5 18 30 41 6 49 53 
28 20 33 19 12 16 29 29 43 24 31 32 27 3 14 7 37 23 34 18 5 19 38 38 18 20 39 0 21 19 8 24 18 19 34 21 34 33 40 9 16 
15 18 22 28 29 26 22 14 25 28 11 12 17 24 13 27 15 15 14 12 23 22 17 23 4 18 23 21 0 21 26 32 32 26 17 11 15 21 21 29 30 
15 33 42 37 32 8 41 35 31 41 31 33 11 20 26 27 33 9 28 8 15 1 35 45 22 34 26 19 21 0 16 42 37 37 22 11 37 42 29 28 35 
28 28 41 27 19 9 37 37 45 32 37 38 26 6 22 12 41 23 38 19 3 15 43 45 24 29 40 8 26 16 0 32 24 27 35 22 40 41 42 13 22 
46 15 25 4 13 40 18 28 57 5 37 36 46 25 18 20 44 43 45 38 30 42 45 31 28 15 55 24 32 42 32 0 9 6 49 40 35 26 53 19 10 
44 18 31 6 5 34 25 32 57 12 39 39 43 18 18 12 46 40 46 35 23 37 47 37 27 19 54 18 32 37 24 9 0 9 48 37 38 31 53 11 1 
40 9 21 2 12 36 15 23 51 4 31 31 40 21 12 17 38 37 39 32 25 37 39 28 21 9 49 19 26 37 27 6 9 0 43 34 30 22 47 17 10 
7 35 37 45 44 30 38 28 9 45 19 20 10 36 31 41 16 12 9 16 33 23 18 36 21 35 5 34 17 22 35 49 48 43 0 12 25 36 7 43 47 
6 28 34 35 33 18 33 26 22 37 20 22 6 24 22 29 22 3 17 3 20 12 24 35 14 28 18 21 11 11 22 40 37 34 12 0 26 33 19 30 35 
28 20 13 32 38 42 17 6 29 29 6 4 31 37 21 39 11 29 17 28 37 38 11 10 16 20 30 34 15 37 40 35 38 30 25 26 0 12 25 40 38 
37 14 1 25 32 45 7 7 40 20 17 16 39 36 19 35 24 36 28 34 38 43 23 5 19 13 41 33 21 42 41 26 31 22 36 33 12 0 36 36 31 
14 39 37 49 50 37 40 29 4 49 19 20 18 43 35 48 13 19 8 23 39 30 15 35 25 38 6 40 21 29 42 53 53 47 7 19 25 36 0 49 52 
37 22 35 15 5 23 30 34 52 21 38 39 36 7 18 1 44 33 43 28 13 28 46 41 25 22 49 9 29 28 13 19 11 17 43 30 40 36 49 0 9 
42 18 31 7 3 32 25 32 56 13 38 38 42 16 17 10 45 38 45 33 21 35 46 37 26 18 53 16 30 35 22 10 1 10 47 35 38 31 52 9 0 
0 710
275 346
597 668
532 603
532 603
177 248
542 613
44 115
95 166
492 563
361 432
215 286
201 272
180 251
453 524
248 319
518 589
194 265
254 325
295 366
610 681
14 85
159 230
412 483
118 189
635 706
443 514
600 671
176 247
600 671
123 194
585 656
136 207
479 550
51 122
559 630
61 132
564 635
476 547
592 663
618 689
