41
0 14 15 8 6 22 28 30 24 25 9 17 26 20 26 4 31 15 8 11 22 21 31 28 7 7 22 24 25 15 18 20 25 12 17 26 20 4 17 23 17 
14 0 16 10 21 11 28 28 18 31 19 20 20 34 30 18 40 26 6 24 33 16 44 27 15 18 36 36 39 8 24 14 33 19 22 22 33 9 15 25 28 
15 16 0 20 19 14 13 15 11 15 24 31 36 30 14 13 24 30 15 16 19 31 43 13 7 9 26 22 37 10 8 9 16 6 31 11 34 13 4 9 16 
8 10 20 0 13 20 33 34 26 33 10 11 17 26 33 13 39 16 5 19 30 12 34 33 14 15 30 33 29 15 25 22 33 19 12 29 24 6 20 29 25 
6 21 19 13 0 28 32 34 29 26 7 19 30 13 27 5 29 12 14 8 19 25 24 32 11 9 17 21 19 22 19 26 25 14 17 30 14 11 22 26 15 
22 11 14 20 28 0 21 20 9 29 29 31 30 41 26 24 38 36 15 29 34 26 53 19 18 21 40 37 47 6 23 7 31 20 33 13 42 17 11 20 30 
28 28 13 33 32 21 0 3 12 13 37 44 48 41 9 26 22 43 28 26 23 44 55 1 20 22 34 27 49 20 13 14 16 17 45 7 46 27 13 5 23 
30 28 15 34 34 20 3 0 10 16 39 46 48 44 13 28 26 45 29 29 27 44 57 2 22 24 37 30 52 20 17 13 19 20 46 6 48 28 13 9 26 
24 18 11 26 29 9 12 10 0 21 32 37 38 41 19 24 31 39 20 27 29 34 54 10 17 20 37 33 48 10 18 3 24 17 38 4 44 21 7 12 27 
25 31 15 33 26 29 13 16 21 0 33 43 50 32 3 21 9 38 29 18 11 45 45 14 18 17 22 14 39 25 7 22 2 13 42 19 38 26 18 9 12 
9 19 24 10 7 29 37 39 32 33 0 11 23 17 34 11 37 6 13 16 27 19 24 37 17 15 24 29 19 23 26 29 32 20 9 35 14 11 26 32 23 
17 20 31 11 19 31 44 46 37 43 11 0 13 27 44 22 48 13 16 27 39 10 31 44 25 25 36 40 28 26 36 33 43 29 4 40 22 17 32 40 34 
26 20 36 17 30 30 48 48 38 50 23 13 0 40 50 31 57 26 21 37 48 4 44 47 32 33 47 50 41 28 43 35 50 37 17 42 35 24 35 45 43 
20 34 30 26 13 41 41 44 41 32 17 27 40 0 35 17 31 15 28 14 21 36 13 42 24 21 12 21 7 35 27 39 30 24 24 42 7 24 34 35 19 
26 30 14 33 27 26 9 13 19 3 34 44 50 35 0 22 13 40 29 21 15 45 48 11 18 19 25 18 43 23 8 19 6 14 43 15 40 26 16 6 15 
4 18 13 13 5 24 26 28 24 21 11 22 31 17 22 0 26 17 12 6 17 26 30 26 6 4 18 19 24 17 14 21 21 8 20 25 20 8 17 21 12 
31 40 24 39 29 38 22 26 31 9 37 48 57 31 13 26 0 41 36 21 10 52 44 24 25 23 19 10 39 34 15 31 7 20 46 28 38 33 27 18 14 
15 26 30 16 12 36 43 45 39 38 6 13 26 15 40 17 41 0 20 19 30 22 19 43 23 21 25 31 15 30 31 36 37 26 9 41 9 18 32 38 26 
8 6 15 5 14 15 28 29 20 29 13 16 21 28 29 12 36 20 0 18 28 16 37 27 11 13 30 31 32 10 22 17 30 16 17 24 27 3 15 24 24 
11 24 16 19 8 29 26 29 27 18 16 27 37 14 21 6 21 19 18 0 11 32 28 27 10 7 11 13 22 22 13 25 17 9 25 27 19 15 20 21 7 
22 33 19 30 19 34 23 27 29 11 27 39 48 21 15 17 10 30 28 11 0 43 35 25 17 15 11 3 29 28 11 28 8 13 37 27 28 24 23 18 4 
21 16 31 12 25 26 44 44 34 45 19 10 4 36 45 26 52 22 16 32 43 0 41 43 27 28 43 46 37 24 38 31 45 32 14 38 32 19 31 40 38 
31 44 43 34 24 53 55 57 54 45 24 31 44 13 48 30 44 19 37 28 35 41 0 55 36 33 24 33 5 46 41 51 43 37 27 55 10 35 47 49 32 
28 27 13 33 32 19 1 2 10 14 37 44 47 42 11 26 24 43 27 27 25 43 55 0 20 22 35 28 49 19 14 12 17 18 44 5 46 26 12 6 24 
7 15 7 14 11 18 20 22 17 18 17 25 32 24 18 6 25 23 11 10 17 27 36 20 0 3 22 20 30 12 10 15 18 4 25 18 26 8 10 15 13 
7 18 9 15 9 21 22 24 20 17 15 25 33 21 19 4 23 21 13 7 15 28 33 22 3 0 18 18 28 15 10 18 17 4 24 21 24 9 13 16 10 
22 36 26 30 17 40 34 37 37 22 24 36 47 12 25 18 19 25 30 11 11 43 24 35 22 18 0 9 19 34 20 35 19 20 33 36 20 26 31 28 10 
24 36 22 33 21 37 27 30 33 14 29 40 50 21 18 19 10 31 31 13 3 46 33 28 20 18 9 0 28 32 14 32 11 17 38 31 28 27 27 21 7 
25 39 37 29 19 47 49 52 48 39 19 28 41 7 43 24 39 15 32 22 29 37 5 49 30 28 19 28 0 41 35 45 37 31 24 49 5 30 41 43 27 
15 8 10 15 22 6 20 20 10 25 23 26 28 35 23 17 34 30 10 22 28 24 46 19 12 15 34 32 41 0 19 7 27 15 28 14 36 11 7 18 25 
18 24 8 25 19 23 13 17 18 7 26 36 43 27 8 14 15 31 22 13 11 38 41 14 10 10 20 14 35 19 0 17 8 6 35 16 32 19 12 8 9 
20 14 9 22 26 7 14 13 3 22 29 33 35 39 19 21 31 36 17 25 28 31 51 12 15 18 35 32 45 7 17 0 24 15 35 7 41 17 4 13 25 
25 33 16 33 25 31 16 19 24 2 32 43 50 30 6 21 7 37 30 17 8 45 43 17 18 17 19 11 37 27 8 24 0 13 42 21 36 26 20 11 10 
12 19 6 19 14 20 17 20 17 13 20 29 37 24 14 8 20 26 16 9 13 32 37 18 4 4 20 17 31 15 6 15 13 0 29 17 28 13 10 12 10 
17 22 31 12 17 33 45 46 38 42 9 4 17 24 43 20 46 9 17 25 37 14 27 44 25 24 33 38 24 28 35 35 42 29 0 41 18 18 33 40 32 
26 22 11 29 30 13 7 6 4 19 35 40 42 42 15 25 28 41 24 27 27 38 55 5 18 21 36 31 49 14 16 7 21 17 41 0 45 23 8 10 26 
20 33 34 24 14 42 46 48 44 38 14 22 35 7 40 20 38 9 27 19 28 32 10 46 26 24 20 28 5 36 32 41 36 28 18 45 0 24 37 40 25 
4 9 13 6 11 17 27 28 21 26 11 17 24 24 26 8 33 18 3 15 24 19 35 26 8 9 26 27 30 11 19 17 26 13 18 23 24 0 15 23 20 
17 15 4 20 22 11 13 13 7 18 26 32 35 34 16 17 27 32 15 20 23 31 47 12 10 13 31 27 41 7 12 4 20 10 33 8 37 15 0 10 20 
23 25 9 29 26 20 5 9 12 9 32 40 45 35 6 21 18 38 24 21 18 40 49 6 15 16 28 21 43 18 8 13 11 12 40 10 40 23 10 0 17 
17 28 16 25 15 30 23 26 27 12 23 34 43 19 15 12 14 26 24 7 4 38 32 24 13 10 10 7 27 25 9 25 10 10 32 26 25 20 20 17 0 
0 416
59 183
156 280
160 284
259 383
49 173
257 381
261 385
220 344
279 403
171 295
132 256
190 314
169 293
216 340
170 294
18 142
246 370
22 146
85 209
291 415
218 342
264 388
173 297
45 169
56 180
63 187
235 359
218 342
122 246
149 273
1 125
54 178
233 357
182 306
248 372
240 364
113 237
167 291
167 291
268 392
