41
0 27 32 44 45 29 14 44 24 4 19 23 10 40 11 15 10 49 18 7 24 6 4 20 21 29 17 14 13 35 23 43 46 8 12 38 27 44 26 12 43 
27 0 18 28 38 35 38 51 41 29 41 8 26 52 18 42 32 32 14 33 16 32 26 44 34 40 38 12 37 21 4 44 37 22 20 20 44 54 25 35 28 
32 18 0 11 19 22 37 36 33 36 38 26 25 39 21 46 31 17 29 40 7 38 29 42 26 29 34 23 37 3 17 27 18 32 32 5 36 40 12 33 11 
44 28 11 0 14 28 48 37 41 48 47 36 36 43 33 57 42 5 41 51 19 50 41 51 34 35 43 35 47 9 28 26 11 44 44 8 44 42 20 43 2 
45 38 19 14 0 20 44 24 34 49 42 45 35 31 35 55 40 16 48 51 23 51 41 46 29 26 38 40 44 16 36 12 3 47 48 19 36 29 18 40 12 
29 35 22 28 20 0 24 16 14 33 21 38 18 17 23 36 21 33 39 34 19 34 25 25 9 7 18 30 25 22 31 14 23 34 36 27 16 19 10 20 26 
14 38 37 48 44 24 0 35 13 16 5 36 12 30 20 12 6 53 32 13 30 14 12 6 15 21 6 27 1 39 34 39 46 22 26 43 15 34 27 4 46 
44 51 36 37 24 16 35 0 22 47 31 55 34 8 39 47 34 40 55 48 35 47 39 33 22 14 29 47 36 34 48 11 27 50 52 39 21 5 25 33 35 
24 41 33 41 34 14 13 22 0 27 9 41 16 16 24 25 14 46 39 26 28 26 20 12 7 8 7 32 14 34 37 26 37 31 35 39 3 20 21 11 39 
4 29 36 48 49 33 16 47 27 0 21 23 14 43 14 14 13 53 18 4 28 3 8 22 25 33 20 16 15 38 25 47 50 7 11 41 30 48 30 15 46 
19 41 38 47 42 21 5 31 9 21 0 40 15 24 22 16 9 52 36 19 31 19 16 4 13 17 3 30 6 39 37 35 44 27 30 43 10 29 26 6 45 
23 8 26 36 45 38 36 55 41 23 40 0 25 55 17 38 30 41 6 28 21 27 24 42 35 43 37 9 35 29 8 49 44 16 13 28 45 57 30 33 36 
10 26 25 36 35 18 12 34 16 14 15 25 0 31 7 21 6 41 23 16 17 15 6 18 11 19 12 16 12 27 21 33 36 16 19 30 19 35 17 9 34 
40 52 39 43 31 17 30 8 16 43 24 55 31 0 37 41 30 47 54 43 36 43 36 26 19 12 23 46 30 38 48 19 34 47 50 44 14 4 27 28 41 
11 18 21 33 35 23 20 39 24 14 22 17 7 37 0 26 13 38 16 18 13 17 9 26 18 25 20 8 19 24 14 36 36 12 13 26 27 41 17 16 32 
15 42 46 57 55 36 12 47 25 14 16 38 21 41 26 0 15 63 32 9 38 10 16 14 27 33 18 30 11 48 38 51 57 21 25 52 26 46 38 15 56 
10 32 31 42 40 21 6 34 14 13 9 30 6 30 13 15 0 48 27 13 24 12 6 12 12 20 7 21 5 33 27 36 41 17 21 37 17 34 22 3 40 
49 32 17 5 16 33 53 40 46 53 52 41 41 47 38 63 48 0 45 57 25 56 46 57 39 40 49 40 53 14 33 29 13 49 49 12 49 46 26 49 7 
18 14 29 41 48 39 32 55 39 18 36 6 23 54 16 32 27 45 0 23 24 22 20 39 34 42 34 8 31 33 12 51 47 10 7 33 43 57 31 30 40 
7 33 40 51 51 34 13 48 26 4 19 28 16 43 18 9 13 57 23 0 32 1 10 19 26 33 19 21 12 42 30 49 53 12 16 45 29 47 33 15 50 
24 16 7 19 23 19 30 35 28 28 31 21 17 36 13 38 24 25 24 32 0 30 22 35 20 25 27 16 29 10 13 28 23 24 25 13 31 38 9 26 18 
6 32 38 50 51 34 14 47 26 3 19 27 15 43 17 10 12 56 22 1 30 0 9 20 25 33 19 20 13 41 28 48 52 11 14 44 29 47 32 15 49 
4 26 29 41 41 25 12 39 20 8 16 24 6 36 9 16 6 46 20 10 22 9 0 18 17 25 14 15 11 32 22 39 42 11 14 35 23 40 23 9 39 
20 44 42 51 46 25 6 33 12 22 4 42 18 26 26 14 12 57 39 19 35 20 18 0 17 20 7 33 7 43 40 39 48 28 32 47 12 31 31 9 49 
21 34 26 34 29 9 15 22 7 25 13 35 11 19 18 27 12 39 34 26 20 25 17 17 0 8 9 26 15 26 30 23 31 27 30 31 10 23 14 11 32 
29 40 29 35 26 7 21 14 8 33 17 43 19 12 25 33 20 40 42 33 25 33 25 20 8 0 14 34 21 29 36 18 29 35 38 34 9 15 17 18 33 
17 38 34 43 38 18 6 29 7 20 3 37 12 23 20 18 7 49 34 19 27 19 14 7 9 14 0 28 7 35 34 32 41 25 29 40 9 28 23 4 41 
14 12 23 35 40 30 27 47 32 16 30 9 16 46 8 30 21 40 8 21 16 20 15 33 26 34 28 0 26 26 8 42 40 10 9 27 36 49 23 24 34 
13 37 37 47 44 25 1 36 14 15 6 35 12 30 19 11 5 53 31 12 29 13 11 7 15 21 7 26 0 39 33 39 46 21 25 43 16 35 27 4 46 
35 21 3 9 16 22 39 34 34 38 39 29 27 38 24 48 33 14 33 42 10 41 32 43 26 29 35 26 39 0 20 24 15 35 35 5 37 39 12 35 8 
23 4 17 28 36 31 34 48 37 25 37 8 21 48 14 38 27 33 12 30 13 28 22 40 30 36 34 8 33 20 0 41 36 18 17 20 40 51 22 30 28 
43 44 27 26 12 14 39 11 26 47 35 49 33 19 36 51 36 29 51 49 28 48 39 39 23 18 32 42 39 24 41 0 15 48 50 29 27 17 19 35 24 
46 37 18 11 3 23 46 27 37 50 44 44 36 34 36 57 41 13 47 53 23 52 42 48 31 29 41 40 46 15 36 15 0 48 49 18 39 33 19 42 10 
8 22 32 44 47 34 22 50 31 7 27 16 16 47 12 21 17 49 10 12 24 11 11 28 27 35 25 10 21 35 18 48 48 0 3 36 34 51 29 20 43 
12 20 32 44 48 36 26 52 35 11 30 13 19 50 13 25 21 49 7 16 25 14 14 32 30 38 29 9 25 35 17 50 49 3 0 36 38 54 31 24 43 
38 20 5 8 19 27 43 39 39 41 43 28 30 44 26 52 37 12 33 45 13 44 35 47 31 34 40 27 43 5 20 29 18 36 36 0 42 44 17 39 8 
27 44 36 44 36 16 15 21 3 30 10 45 19 14 27 26 17 49 43 29 31 29 23 12 10 9 9 36 16 37 40 27 39 34 38 42 0 19 24 14 42 
44 54 40 42 29 19 34 5 20 48 29 57 35 4 41 46 34 46 57 47 38 47 40 31 23 15 28 49 35 39 51 17 33 51 54 44 19 0 29 32 40 
26 25 12 20 18 10 27 25 21 30 26 30 17 27 17 38 22 26 31 33 9 32 23 31 14 17 23 23 27 12 22 19 19 29 31 17 24 29 0 23 18 
12 35 33 43 40 20 4 33 11 15 6 33 9 28 16 15 3 49 30 15 26 15 9 9 11 18 4 24 4 35 30 35 42 20 24 39 14 32 23 0 41 
43 28 11 2 12 26 46 35 39 46 45 36 34 41 32 56 40 7 40 50 18 49 39 49 32 33 41 34 46 8 28 24 10 43 43 8 42 40 18 41 0 
0 710
39 252
197 410
417 630
143 356
185 398
16 229
383 596
346 559
50 263
347 560
147 360
481 694
65 278
281 494
70 283
15 228
479 692
71 284
317 530
366 579
161 374
401 614
487 700
71 284
248 461
285 498
114 327
112 325
43 256
403 616
419 632
196 409
229 442
83 296
469 682
347 560
231 444
489 702
153 366
172 385
