41
0 37 4 26 37 29 29 14 24 34 25 7 23 42 28 16 17 0 44 2 36 22 1 13 6 27 10 19 6 13 28 19 22 36 43 8 34 21 6 38 31 
37 0 38 15 29 14 22 24 45 20 11 40 34 39 29 20 25 36 38 36 41 21 35 42 43 15 31 18 33 24 12 19 14 52 39 28 57 15 40 9 5 
4 38 0 30 35 32 28 18 19 33 27 11 19 38 26 18 16 5 41 7 32 25 6 8 5 27 8 20 5 14 30 19 24 31 39 12 29 23 11 38 33 
26 15 30 0 36 2 27 12 43 28 8 28 34 45 32 13 22 26 46 25 44 6 25 36 33 19 24 13 25 17 2 16 10 52 46 18 54 10 28 21 10 
37 29 35 36 0 37 9 35 27 8 28 44 17 9 9 27 20 37 9 37 14 38 36 32 40 16 27 25 30 27 34 23 27 27 10 34 34 26 43 21 28 
29 14 32 2 37 0 28 14 45 29 9 30 36 46 34 15 24 28 47 27 46 8 27 38 35 20 26 15 27 20 2 18 11 54 47 20 56 12 30 21 10 
29 22 28 27 9 28 0 25 26 5 18 36 15 18 7 18 12 29 19 30 19 29 28 27 33 7 20 15 23 18 25 13 17 30 19 25 36 17 35 15 20 
14 24 18 12 35 14 25 0 33 29 12 16 27 42 28 7 16 14 44 12 39 7 12 25 20 20 14 10 13 9 13 12 10 44 43 5 45 10 16 27 18 
24 45 19 43 27 45 26 33 0 31 37 31 11 26 19 29 21 24 29 26 17 40 24 11 22 30 19 29 20 25 42 27 33 12 27 28 11 33 30 41 41 
34 20 33 28 8 29 5 29 31 0 20 41 19 18 11 21 16 34 18 34 21 31 33 32 38 9 24 18 28 22 26 17 19 34 18 29 40 19 40 12 20 
25 11 27 8 28 9 18 12 37 20 0 28 27 37 24 9 15 24 37 24 37 11 23 32 31 11 20 7 21 13 6 9 3 45 38 17 48 3 28 15 5 
7 40 11 28 44 30 36 16 31 41 28 0 30 49 35 20 24 7 51 6 43 22 7 20 9 33 17 23 14 18 30 24 26 43 50 12 40 25 0 42 34 
23 34 19 34 17 36 15 27 11 19 27 30 0 19 8 21 11 23 22 24 13 33 22 14 24 19 14 20 16 17 33 18 24 18 20 23 22 23 29 29 31 
42 39 38 45 9 46 18 42 26 18 37 49 19 0 14 35 26 42 3 42 9 47 41 33 43 25 32 33 35 33 43 30 35 22 0 40 30 35 48 30 38 
28 29 26 32 9 34 7 28 19 11 24 35 8 14 0 21 12 28 16 29 12 33 27 22 31 14 18 19 21 19 31 17 22 23 14 26 28 22 35 23 27 
16 20 18 13 27 15 18 7 29 21 9 20 21 35 21 0 9 16 36 15 32 12 14 23 22 13 11 3 12 4 13 4 5 39 36 8 41 5 20 21 14 
17 25 16 22 20 24 12 16 21 16 15 24 11 26 12 9 0 17 28 18 23 22 16 17 22 11 8 8 11 7 21 6 12 29 27 14 32 12 23 22 20 
0 36 5 26 37 28 29 14 24 34 24 7 23 42 28 16 17 0 44 1 36 21 1 14 6 27 9 18 6 12 27 18 22 36 42 8 35 21 6 37 30 
44 38 41 46 9 47 19 44 29 18 37 51 22 3 16 36 28 44 0 45 12 48 43 36 46 26 34 34 37 35 44 32 36 25 2 42 34 36 51 30 38 
2 36 7 25 37 27 30 12 26 34 24 6 24 42 29 15 18 1 45 0 37 20 1 15 7 27 10 18 7 12 26 18 21 38 43 7 36 20 5 37 30 
36 41 32 44 14 46 19 39 17 21 37 43 13 9 12 32 23 36 12 37 0 45 35 25 36 26 27 31 29 30 43 28 34 13 10 36 21 34 42 34 39 
22 21 25 6 38 8 29 7 40 31 11 22 33 47 33 12 22 21 48 20 45 0 20 32 28 22 21 14 21 15 8 16 11 51 47 13 52 12 22 27 15 
1 35 6 25 36 27 28 12 24 33 23 7 22 41 27 14 16 1 43 1 35 20 0 14 8 26 9 17 6 11 26 17 20 36 42 6 35 20 7 36 29 
13 42 8 36 32 38 27 25 11 32 32 20 14 33 22 23 17 14 36 15 25 32 14 0 11 29 12 24 11 18 36 22 28 23 34 19 21 28 19 40 37 
6 43 5 33 40 35 33 20 22 38 31 9 24 43 31 22 22 6 46 7 36 28 8 11 0 32 13 24 10 18 34 24 28 34 44 15 31 27 8 43 37 
27 15 27 19 16 20 7 20 30 9 11 33 19 25 14 13 11 27 26 27 26 22 26 29 32 0 18 10 21 14 17 8 10 36 26 21 41 10 32 11 12 
10 31 8 24 27 26 20 14 19 24 20 17 14 32 18 11 8 9 34 10 27 21 9 12 13 18 0 12 3 6 24 11 16 30 33 9 30 16 16 29 25 
19 18 20 13 25 15 15 10 29 18 7 23 20 33 19 3 8 18 34 18 31 14 17 24 24 10 12 0 14 6 13 2 4 38 33 11 41 3 23 19 13 
6 33 5 25 30 27 23 13 20 28 21 14 16 35 21 12 11 6 37 7 29 21 6 11 10 21 3 14 0 8 25 13 18 31 36 8 31 17 13 32 27 
13 24 14 17 27 20 18 9 25 22 13 18 17 33 19 4 7 12 35 12 30 15 11 18 18 14 6 6 8 0 18 5 10 35 34 7 37 9 18 24 19 
28 12 30 2 34 2 25 13 42 26 6 30 33 43 31 13 21 27 44 26 43 8 26 36 34 17 24 13 25 18 0 15 9 51 44 19 54 9 29 19 7 
19 19 19 16 23 18 13 12 27 17 9 24 18 30 17 4 6 18 32 18 28 16 17 22 24 8 11 2 13 5 15 0 6 36 31 12 39 5 23 18 14 
22 14 24 10 27 11 17 10 33 19 3 26 24 35 22 5 12 22 36 21 34 11 20 28 28 10 16 4 18 10 9 6 0 42 36 14 45 0 25 16 8 
36 52 31 52 27 54 30 44 12 34 45 43 18 22 23 39 29 36 25 38 13 51 36 23 34 36 30 38 31 35 51 36 42 0 22 40 8 42 42 46 49 
43 39 39 46 10 47 19 43 27 18 38 50 20 0 14 36 27 42 2 43 10 47 42 34 44 26 33 33 36 34 44 31 36 22 0 41 31 36 49 31 38 
8 28 12 18 34 20 25 5 28 29 17 12 23 40 26 8 14 8 42 7 36 13 6 19 15 21 9 11 8 7 19 12 14 40 41 0 40 13 11 30 22 
34 57 29 54 34 56 36 45 11 40 48 40 22 30 28 41 32 35 34 36 21 52 35 21 31 41 30 41 31 37 54 39 45 8 31 40 0 44 40 51 52 
21 15 23 10 26 12 17 10 33 19 3 25 23 35 22 5 12 21 36 20 34 12 20 28 27 10 16 3 17 9 9 5 0 42 36 13 44 0 25 17 9 
6 40 11 28 43 30 35 16 30 40 28 0 29 48 35 20 23 6 51 5 42 22 7 19 8 32 16 23 13 18 29 23 25 42 49 11 40 25 0 42 34 
38 9 38 21 21 21 15 27 41 12 15 42 29 30 23 21 22 37 30 37 34 27 36 40 43 11 29 19 32 24 19 18 16 46 31 30 51 17 42 0 11 
31 5 33 10 28 10 20 18 41 20 5 34 31 38 27 14 20 30 38 30 39 15 29 37 37 12 25 13 27 19 7 14 8 49 38 22 52 9 34 11 0 
0 465
55 287
208 440
31 263
101 333
12 244
136 368
144 376
216 448
61 293
168 400
70 302
231 463
103 335
20 252
143 375
132 364
216 448
98 330
119 351
157 389
63 295
101 333
92 324
59 291
58 290
159 391
65 297
226 458
99 331
98 330
103 335
184 416
163 395
139 371
114 346
121 353
102 334
57 289
107 339
117 349
