41
0 53 30 44 5 7 40 33 9 48 39 17 36 12 23 8 31 27 34 4 47 24 7 39 36 46 47 45 7 38 32 38 18 39 22 15 14 33 29 30 9 
53 0 24 20 48 60 29 40 49 5 35 36 18 42 32 45 41 27 31 49 17 30 46 19 28 10 9 25 57 37 21 15 38 26 37 43 40 20 35 28 45 
30 24 0 24 24 36 26 21 25 19 30 13 6 21 8 21 29 3 23 26 17 10 23 16 22 19 19 27 33 30 6 8 18 22 19 23 18 4 23 16 23 
44 20 24 0 39 52 9 45 43 16 15 28 22 31 30 36 22 26 12 40 31 21 37 7 9 10 11 5 50 16 17 18 26 6 23 30 30 19 18 14 35 
5 48 24 39 0 13 35 29 8 42 35 11 30 7 18 2 27 21 29 2 41 18 1 33 31 40 41 40 11 34 26 32 13 33 17 11 8 27 25 24 4 
7 60 36 52 13 0 47 35 12 55 46 24 42 20 29 15 38 33 42 11 52 31 14 46 44 53 54 52 4 45 39 44 26 46 29 22 21 40 37 37 16 
40 29 26 9 35 47 0 47 41 25 6 25 27 27 31 33 13 27 5 35 38 20 33 11 3 19 20 6 46 7 20 23 21 4 17 25 26 22 10 11 30 
33 40 21 45 29 35 47 0 23 36 51 25 23 32 16 27 48 20 44 31 24 28 30 38 43 39 39 49 30 51 27 27 33 44 36 35 30 26 43 36 31 
9 49 25 43 8 12 41 23 0 44 42 15 31 15 17 8 34 21 35 9 40 22 9 37 37 43 43 45 8 41 28 33 20 39 23 18 15 29 32 29 12 
48 5 19 16 42 55 25 36 44 0 31 30 13 37 27 39 35 22 26 44 16 24 41 14 23 6 5 21 52 32 16 10 32 21 31 37 34 14 30 23 39 
39 35 30 15 35 46 6 51 42 31 0 27 32 27 34 33 9 31 7 35 43 22 33 17 8 25 26 11 46 1 25 29 21 9 18 24 26 27 9 14 30 
17 36 13 28 11 24 25 25 15 30 27 0 19 7 10 9 22 10 21 13 31 6 10 22 22 28 29 30 22 27 14 20 7 23 10 10 5 16 18 14 9 
36 18 6 22 30 42 27 23 31 13 32 19 0 27 13 28 33 9 25 32 12 15 30 16 24 15 15 27 39 32 7 4 24 23 24 28 24 4 27 19 29 
12 42 21 31 7 20 27 32 15 37 27 7 27 0 17 6 19 18 21 8 39 12 5 26 23 34 35 32 19 26 21 27 6 26 9 3 2 23 17 17 3 
23 32 8 30 18 29 31 16 17 27 34 10 13 17 0 15 31 4 27 20 23 11 18 23 27 27 27 33 25 34 13 16 17 28 20 20 15 12 26 20 18 
8 45 21 36 2 15 33 27 8 39 33 9 28 6 15 0 26 18 27 4 38 16 2 31 29 37 38 38 13 32 23 29 12 31 15 10 7 25 23 22 4 
31 41 29 22 27 38 13 48 34 35 9 22 33 19 31 26 0 29 9 27 45 19 25 21 12 30 31 19 38 8 25 31 15 15 11 16 19 28 5 13 22 
27 27 3 26 21 33 27 20 21 22 31 10 9 18 4 18 29 0 23 23 20 9 20 18 23 22 22 29 29 31 8 11 16 24 18 20 16 7 23 16 19 
34 31 23 12 29 42 5 44 35 26 7 21 25 21 27 27 9 23 0 30 37 15 27 12 3 20 22 11 40 7 17 22 15 6 12 19 20 20 5 7 25 
4 49 26 40 2 11 35 31 9 44 35 13 32 8 20 4 27 23 30 0 43 20 2 34 32 41 42 41 10 34 28 34 14 35 18 11 10 29 25 25 5 
47 17 17 31 41 52 38 24 40 16 43 31 12 39 23 38 45 20 37 43 0 27 41 26 35 21 21 36 48 44 20 14 36 34 37 41 36 17 39 31 40 
24 30 10 21 18 31 20 28 22 24 22 6 15 12 11 16 19 9 15 20 27 0 17 15 16 21 22 23 29 22 8 15 8 17 9 13 10 10 14 8 15 
7 46 23 37 1 14 33 30 9 41 33 10 30 5 18 2 25 20 27 2 41 17 0 31 29 38 39 38 13 32 25 31 11 32 15 9 7 26 23 22 2 
39 19 16 7 33 46 11 38 37 14 17 22 16 26 23 31 21 18 12 34 26 15 31 0 9 8 10 11 44 18 10 12 21 7 19 26 24 12 16 10 29 
36 28 22 9 31 44 3 43 37 23 8 22 24 23 27 29 12 23 3 32 35 16 29 9 0 17 19 8 42 9 16 20 17 3 14 21 22 19 8 7 27 
46 10 19 10 40 53 19 39 43 6 25 28 15 34 27 37 30 22 20 41 21 21 38 8 17 0 1 15 50 26 14 11 29 15 27 34 32 14 25 18 37 
47 9 19 11 41 54 20 39 43 5 26 29 15 35 27 38 31 22 22 42 21 22 39 10 19 1 0 16 51 27 15 11 30 16 28 35 33 14 26 20 38 
45 25 27 5 40 52 6 49 45 21 11 30 27 32 33 38 19 29 11 41 36 23 38 11 8 15 16 0 51 13 21 23 26 6 23 30 31 23 16 15 35 
7 57 33 50 11 4 46 30 8 52 46 22 39 19 25 13 38 29 40 10 48 29 13 44 42 50 51 51 0 45 36 41 25 45 28 21 20 37 36 35 15 
38 37 30 16 34 45 7 51 41 32 1 27 32 26 34 32 8 31 7 34 44 22 32 18 9 26 27 13 45 0 25 29 20 11 17 23 25 28 9 14 29 
32 21 6 17 26 39 20 27 28 16 25 14 7 21 13 23 25 8 17 28 20 8 25 10 16 14 15 21 36 25 0 6 17 16 17 22 18 2 19 11 23 
38 15 8 18 32 44 23 27 33 10 29 20 4 27 16 29 31 11 22 34 14 15 31 12 20 11 11 23 41 29 6 0 23 19 23 28 25 4 25 17 30 
18 38 18 26 13 26 21 33 20 32 21 7 24 6 17 12 15 16 15 14 36 8 11 21 17 29 30 26 25 20 17 23 0 20 3 5 5 19 11 11 9 
39 26 22 6 33 46 4 44 39 21 9 23 23 26 28 31 15 24 6 35 34 17 32 7 3 15 16 6 45 11 16 19 20 0 17 24 24 19 11 9 29 
22 37 19 23 17 29 17 36 23 31 18 10 24 9 20 15 11 18 12 18 37 9 15 19 14 27 28 23 28 17 17 23 3 17 0 7 8 19 8 8 12 
15 43 23 30 11 22 25 35 18 37 24 10 28 3 20 10 16 20 19 11 41 13 9 26 21 34 35 30 21 23 22 28 5 24 7 0 5 24 14 16 6 
14 40 18 30 8 21 26 30 15 34 26 5 24 2 15 7 19 16 20 10 36 10 7 24 22 32 33 31 20 25 18 25 5 24 8 5 0 21 16 15 5 
33 20 4 19 27 40 22 26 29 14 27 16 4 23 12 25 28 7 20 29 17 10 26 12 19 14 14 23 37 28 2 4 19 19 19 24 21 0 22 14 25 
29 35 23 18 25 37 10 43 32 30 9 18 27 17 26 23 5 23 5 25 39 14 23 16 8 25 26 16 36 9 19 25 11 11 8 14 16 22 0 7 20 
30 28 16 14 24 37 11 36 29 23 14 14 19 17 20 22 13 16 7 25 31 8 22 10 7 18 20 15 35 14 11 17 11 9 8 16 15 14 7 0 20 
9 45 23 35 4 16 30 31 12 39 30 9 29 3 18 4 22 19 25 5 40 15 2 29 27 37 38 35 15 29 23 30 9 29 12 6 5 25 20 20 0 
0 293
59 176
110 227
21 138
110 227
88 205
105 222
149 266
76 193
31 148
93 210
98 215
83 200
59 176
147 264
173 290
26 143
7 124
141 258
122 239
44 161
90 207
61 178
165 282
107 224
100 217
124 241
88 205
151 268
116 233
138 255
92 209
111 228
134 251
69 186
155 272
41 158
20 137
36 153
168 285
146 263
