41
0 20 32 9 18 19 21 26 24 20 39 33 4 23 35 37 5 34 18 5 34 23 15 34 3 35 19 3 31 26 9 28 12 21 17 24 22 30 40 50 16 
20 0 19 12 25 32 10 8 10 14 23 23 17 3 15 37 15 15 2 15 21 24 36 13 22 33 7 22 20 31 20 9 32 10 24 31 13 25 26 33 32 
32 19 0 24 44 49 29 11 9 13 37 41 31 20 17 57 30 28 20 28 1 44 46 21 35 52 26 36 39 50 26 25 40 12 43 50 10 45 43 44 48 
9 12 24 0 22 26 16 17 14 12 33 30 7 15 26 39 6 27 9 4 25 24 24 25 11 35 13 12 28 29 9 21 20 11 21 28 14 29 36 44 24 
18 25 44 22 0 8 17 34 34 33 32 22 15 26 39 19 15 31 23 19 46 6 25 35 16 17 19 15 21 7 28 27 27 32 1 6 35 15 30 42 13 
19 32 49 26 8 0 25 40 39 38 40 30 18 33 46 23 19 39 29 22 51 14 20 43 17 23 26 15 29 10 29 35 25 37 8 8 40 22 37 50 7 
21 10 29 16 17 25 0 18 20 23 18 14 17 9 21 27 15 14 9 17 31 15 35 17 21 23 3 21 11 22 25 9 33 20 17 22 23 15 19 29 28 
26 8 11 17 34 40 18 0 5 12 27 29 24 9 10 45 22 18 10 21 13 33 41 12 28 41 15 29 27 40 23 13 37 7 33 39 9 33 32 35 40 
24 10 9 14 34 39 20 5 0 7 31 33 22 12 15 47 21 22 11 19 11 34 38 17 26 43 17 26 31 40 19 17 33 3 33 40 4 36 36 40 38 
20 14 13 12 33 38 23 12 7 0 37 37 19 17 22 49 18 29 13 15 14 35 33 24 23 45 20 23 35 41 13 23 27 4 32 40 3 38 41 46 35 
39 23 37 33 32 40 18 27 31 37 0 11 35 20 21 30 34 8 24 35 39 26 53 16 40 26 20 39 11 33 43 13 52 32 32 34 35 20 6 10 44 
33 23 41 30 22 30 14 29 33 37 11 0 29 20 28 19 28 15 23 30 43 16 45 23 33 14 17 32 2 21 39 16 45 33 22 23 36 9 7 20 35 
4 17 31 7 15 18 17 24 22 19 35 29 0 20 32 34 1 30 14 3 33 20 18 30 4 31 15 4 27 23 12 24 16 19 14 22 21 26 36 46 16 
23 3 20 15 26 33 9 9 12 17 20 20 20 0 13 36 18 12 5 18 22 24 38 10 25 31 6 24 18 31 24 6 35 12 25 31 16 24 24 29 34 
35 15 17 26 39 46 21 10 15 22 21 28 32 13 0 47 31 13 17 30 18 36 51 5 37 42 19 37 27 43 33 12 46 18 38 44 19 34 28 27 47 
37 37 57 39 19 23 27 45 47 49 30 19 34 36 47 0 34 34 36 37 59 14 43 42 35 4 30 34 20 12 46 34 46 46 20 14 50 12 24 38 30 
5 15 30 6 15 19 15 22 21 18 34 28 1 18 31 34 0 29 13 3 32 19 20 29 6 31 14 6 26 23 12 23 18 18 14 22 20 25 35 45 17 
34 15 28 27 31 39 14 18 22 29 8 15 30 12 13 34 29 0 17 29 30 27 49 8 35 30 14 35 14 34 36 6 46 24 31 34 27 23 14 17 42 
18 2 20 9 23 29 9 10 11 13 24 23 14 5 17 36 13 17 0 13 22 23 33 16 19 32 6 19 21 29 18 11 30 10 22 29 13 25 27 34 30 
5 15 28 4 19 22 17 21 19 15 35 30 3 18 30 37 3 29 13 0 30 23 20 29 7 34 15 7 28 27 9 23 17 16 18 25 18 28 37 46 19 
34 21 1 25 46 51 31 13 11 14 39 43 33 22 18 59 32 30 22 30 0 46 48 22 37 54 28 37 41 52 27 26 42 14 45 52 12 47 44 45 49 
23 24 44 24 6 14 15 33 34 35 26 16 20 24 36 14 19 27 23 23 46 0 31 32 22 11 17 20 15 6 32 24 33 33 7 7 36 8 23 37 20 
15 36 46 24 25 20 35 41 38 33 53 45 18 38 51 43 20 49 33 20 48 31 0 49 13 42 34 14 44 31 20 43 7 35 24 29 36 40 53 64 13 
34 13 21 25 35 43 17 12 17 24 16 23 30 10 5 42 29 8 16 29 22 32 49 0 35 37 16 35 22 39 33 8 46 19 35 40 21 30 23 23 45 
3 22 35 11 16 17 21 28 26 23 40 33 4 25 37 35 6 35 19 7 37 22 13 35 0 33 20 1 31 24 12 29 12 23 15 22 25 29 40 51 13 
35 33 52 35 17 23 23 41 43 45 26 14 31 31 42 4 31 30 32 34 54 11 42 37 33 0 26 32 15 12 43 29 45 42 18 14 46 7 20 33 30 
19 7 26 13 19 26 3 15 17 20 20 17 15 6 19 30 14 14 6 15 28 17 34 16 20 26 0 20 15 24 23 9 32 16 18 24 20 18 22 31 28 
3 22 36 12 15 15 21 29 26 23 39 32 4 24 37 34 6 35 19 7 37 20 14 35 1 32 20 0 30 23 13 29 13 24 14 21 25 28 39 50 12 
31 20 39 28 21 29 11 27 31 35 11 2 27 18 27 20 26 14 21 28 41 15 44 22 31 15 15 30 0 21 37 14 43 31 21 22 34 9 9 21 34 
26 31 50 29 7 10 22 40 40 41 33 21 23 31 43 12 23 34 29 27 52 6 31 39 24 12 24 23 21 0 35 31 34 39 8 2 42 13 29 42 18 
9 20 26 9 28 29 25 23 19 13 43 39 12 24 33 46 12 36 18 9 27 32 20 33 12 43 23 13 37 35 0 30 14 16 26 34 16 37 45 53 25 
28 9 25 21 27 35 9 13 17 23 13 16 24 6 12 34 23 6 11 23 26 24 43 8 29 29 9 29 14 31 30 0 40 18 26 31 22 22 18 23 37 
12 32 40 20 27 25 33 37 33 27 52 45 16 35 46 46 18 46 30 17 42 33 7 46 12 45 32 13 43 34 14 40 0 30 26 32 30 41 52 63 18 
21 10 12 11 32 37 20 7 3 4 32 33 19 12 18 46 18 24 10 16 14 33 35 19 23 42 16 24 31 39 16 18 30 0 31 38 3 35 37 41 36 
17 24 43 21 1 8 17 33 33 32 32 22 14 25 38 20 14 31 22 18 45 7 24 35 15 18 18 14 21 8 26 26 26 31 0 7 34 15 30 43 12 
24 31 50 28 6 8 22 39 40 40 34 23 22 31 44 14 22 34 29 25 52 7 29 40 22 14 24 21 22 2 34 31 32 38 7 0 41 14 30 44 15 
22 13 10 14 35 40 23 9 4 3 35 36 21 16 19 50 20 27 13 18 12 36 36 21 25 46 20 25 34 42 16 22 30 3 34 41 0 38 40 44 38 
30 25 45 29 15 22 15 33 36 38 20 9 26 24 34 12 25 23 25 28 47 8 40 30 29 7 18 28 9 13 37 22 41 35 15 14 38 0 15 29 28 
40 26 43 36 30 37 19 32 36 41 6 7 36 24 28 24 35 14 27 37 44 23 53 23 40 20 22 39 9 29 45 18 52 37 30 30 40 15 0 13 43 
50 33 44 44 42 50 29 35 40 46 10 20 46 29 27 38 45 17 34 46 45 37 64 23 51 33 31 50 21 42 53 23 63 41 43 44 44 29 13 0 55 
16 32 48 24 13 7 28 40 38 35 44 35 16 34 47 30 17 42 30 19 49 20 13 45 13 30 28 12 34 18 25 37 18 36 12 15 38 28 43 55 0 
0 367
64 210
122 268
23 169
204 350
145 291
198 344
218 364
38 184
122 268
201 347
42 188
160 306
215 361
204 350
84 230
220 366
17 163
50 196
43 189
18 164
106 252
52 198
0 146
152 298
203 349
141 287
129 275
141 287
41 187
38 184
56 202
10 156
66 212
186 332
18 164
77 223
188 334
164 310
121 267
216 362
