41
0 21 12 8 39 37 20 36 28 4 32 32 21 33 33 12 22 26 32 26 27 19 13 47 8 24 14 38 37 31 21 32 22 31 11 13 30 34 17 16 19 
21 0 32 27 34 23 13 47 39 20 25 14 4 46 13 33 33 9 12 34 30 1 8 36 29 5 20 35 24 10 2 44 7 32 30 14 18 45 36 35 20 
12 32 0 12 50 50 32 40 33 15 43 45 34 36 44 3 28 38 42 33 36 30 25 59 3 36 25 48 50 41 33 36 31 41 13 21 43 38 6 15 31 
8 27 12 0 38 40 23 29 21 7 31 37 27 26 40 10 15 31 39 20 23 25 19 47 9 30 14 35 40 38 27 25 29 28 2 22 33 27 18 7 19 
39 34 50 38 0 18 21 31 27 34 8 26 30 33 40 49 27 26 42 22 15 34 33 12 46 29 24 4 16 39 32 31 41 11 38 44 17 30 56 40 19 
37 23 50 40 18 0 17 45 39 34 13 10 19 46 24 50 36 14 27 33 25 23 27 14 46 17 26 22 1 24 21 44 30 24 42 37 7 44 55 45 22 
20 13 32 23 21 17 0 35 27 16 13 15 9 34 24 32 22 9 24 21 16 12 12 27 28 11 9 22 17 21 11 32 20 18 24 23 10 33 37 28 7 
36 47 40 29 31 45 35 0 8 32 31 49 44 3 59 37 14 45 59 13 20 46 41 44 37 46 27 26 44 57 46 4 53 21 27 49 40 1 45 24 27 
28 39 33 21 27 39 27 8 0 24 26 42 37 6 51 31 6 37 51 6 13 38 33 40 30 38 19 23 38 49 38 5 45 16 20 40 33 6 39 18 20 
4 20 15 7 34 34 16 32 24 0 27 30 20 30 33 15 17 24 32 21 22 18 12 43 12 23 10 33 34 30 20 28 23 26 9 16 27 30 21 14 15 
32 25 43 31 8 13 13 31 26 27 0 19 21 32 32 42 23 18 34 20 12 25 25 16 39 21 17 10 12 31 23 31 33 10 32 36 9 30 49 35 12 
32 14 45 37 26 10 15 49 42 30 19 0 11 49 14 45 37 6 16 36 29 15 20 24 41 8 25 29 11 13 12 47 20 29 39 29 10 47 49 43 22 
21 4 34 27 30 19 9 44 37 20 21 11 0 43 14 34 31 5 14 31 26 4 9 32 30 2 17 31 19 12 2 42 11 28 29 18 14 43 38 34 17 
33 46 36 26 33 46 34 3 6 30 32 49 43 0 58 33 12 44 58 13 20 44 40 45 34 45 26 28 45 56 44 1 51 22 24 46 40 3 42 21 27 
33 13 44 40 40 24 24 59 51 33 32 14 14 58 0 46 45 14 3 45 40 15 21 38 41 12 32 43 25 2 13 56 13 41 43 24 23 57 47 48 31 
12 33 3 10 49 50 32 37 31 15 42 45 34 33 46 0 25 39 44 31 34 31 26 58 4 37 24 46 50 43 34 33 33 39 10 23 42 35 8 12 30 
22 33 28 15 27 36 22 14 6 17 23 37 31 12 45 25 0 32 45 5 11 32 27 39 25 33 13 23 35 43 32 11 38 16 14 34 29 12 34 14 15 
26 9 38 31 26 14 9 45 37 24 18 6 5 44 14 39 32 0 16 31 25 9 13 27 35 3 19 28 14 13 7 42 16 27 33 23 9 43 42 37 17 
32 12 42 39 42 27 24 59 51 32 34 16 14 58 3 44 45 16 0 46 41 14 19 41 39 13 32 45 28 3 13 56 10 43 42 21 25 57 44 47 32 
26 34 33 20 22 33 21 13 6 21 20 36 31 13 45 31 5 31 46 0 7 32 28 34 30 33 14 18 32 43 32 11 40 11 20 37 27 11 39 19 14 
27 30 36 23 15 25 16 20 13 22 12 29 26 20 40 34 11 25 41 7 0 28 26 27 32 27 12 12 24 38 27 18 36 4 24 35 20 18 42 25 9 
19 1 30 25 34 23 12 46 38 18 25 15 4 44 15 31 32 9 14 32 28 0 6 36 27 6 18 35 24 12 2 43 7 31 28 13 18 44 34 33 19 
13 8 25 19 33 27 12 41 33 12 25 20 9 40 21 26 27 13 19 28 26 6 0 38 21 11 14 34 27 18 8 38 11 29 22 11 20 39 29 27 16 
47 36 59 47 12 14 27 44 40 43 16 24 32 45 38 58 39 27 41 34 27 36 38 0 55 30 33 17 12 38 34 44 43 23 49 49 18 43 64 51 28 
8 29 3 9 46 46 28 37 30 12 39 41 30 34 41 4 25 35 39 30 32 27 21 55 0 33 21 44 46 39 29 33 29 37 10 19 39 36 9 13 27 
24 5 36 30 29 17 11 46 38 23 21 8 2 45 12 37 33 3 13 33 27 6 11 30 33 0 20 31 18 10 3 44 12 29 32 20 13 44 40 37 18 
14 20 25 14 24 26 9 27 19 10 17 25 17 26 32 24 13 19 32 14 12 18 14 33 21 20 0 23 26 30 18 24 25 17 15 23 19 25 31 18 5 
38 35 48 35 4 22 22 26 23 33 10 29 31 28 43 46 23 28 45 18 12 35 34 17 44 31 23 0 20 41 33 27 43 7 36 44 19 25 54 37 18 
37 24 50 40 16 1 17 44 38 34 12 11 19 45 25 50 35 14 28 32 24 24 27 12 46 18 26 20 0 25 21 43 31 23 41 37 7 43 55 45 21 
31 10 41 38 39 24 21 57 49 30 31 13 12 56 2 43 43 13 3 43 38 12 18 38 39 10 30 41 25 0 11 54 10 40 40 21 22 55 44 45 29 
21 2 33 27 32 21 11 46 38 20 23 12 2 44 13 34 32 7 13 32 27 2 8 34 29 3 18 33 21 11 0 43 9 30 29 16 16 44 36 34 18 
32 44 36 25 31 44 32 4 5 28 31 47 42 1 56 33 11 42 56 11 18 43 38 44 33 44 24 27 43 54 43 0 49 20 23 45 38 2 41 20 25 
22 7 31 29 41 30 20 53 45 23 33 20 11 51 13 33 38 16 10 40 36 7 11 43 29 12 25 43 31 10 9 49 0 39 32 11 25 51 34 37 27 
31 32 41 28 11 24 18 21 16 26 10 29 28 22 41 39 16 27 43 11 4 31 29 23 37 29 17 7 23 40 30 20 39 0 28 39 20 20 47 29 13 
11 30 13 2 38 42 24 27 20 9 32 39 29 24 43 10 14 33 42 20 24 28 22 49 10 32 15 36 41 40 29 23 32 28 0 24 34 25 19 5 20 
13 14 21 22 44 37 23 49 40 16 36 29 18 46 24 23 34 23 21 37 35 13 11 49 19 20 23 44 37 21 16 45 11 39 24 0 31 47 22 29 26 
30 18 43 33 17 7 10 40 33 27 9 10 14 40 23 42 29 9 25 27 20 18 20 18 39 13 19 19 7 22 16 38 25 20 34 31 0 38 48 38 15 
34 45 38 27 30 44 33 1 6 30 30 47 43 3 57 35 12 43 57 11 18 44 39 43 36 44 25 25 43 55 44 2 51 20 25 47 38 0 44 22 26 
17 36 6 18 56 55 37 45 39 21 49 49 38 42 47 8 34 42 44 39 42 34 29 64 9 40 31 54 55 44 36 41 34 47 19 22 48 44 0 21 36 
16 35 15 7 40 45 28 24 18 14 35 43 34 21 48 12 14 37 47 19 25 33 27 51 13 37 18 37 45 45 34 20 37 29 5 29 38 22 21 0 23 
19 20 31 19 19 22 7 27 20 15 12 22 17 27 31 30 15 17 32 14 9 19 16 28 27 18 5 18 21 29 18 25 27 13 20 26 15 26 36 23 0 
0 342
50 84
93 127
277 311
215 249
218 252
167 201
305 339
181 215
260 294
179 213
191 225
278 312
98 132
53 87
178 212
51 85
76 110
164 198
206 240
32 66
93 127
184 218
220 254
36 70
53 87
206 240
280 314
171 205
174 208
93 127
116 150
70 104
18 52
135 169
301 335
77 111
173 207
218 252
273 307
60 94
