41
0 9 29 47 24 36 20 20 39 35 41 38 41 20 4 46 28 45 14 23 24 28 17 26 28 29 15 15 45 12 26 8 27 15 26 38 31 42 19 27 28 
9 0 35 45 18 38 11 11 41 36 43 37 32 28 11 44 19 37 5 14 25 26 20 34 19 28 6 13 45 18 34 1 21 14 29 38 23 41 23 32 32 
29 35 0 41 35 18 41 42 21 24 24 32 55 12 25 39 47 57 40 43 19 29 17 5 47 27 41 28 31 17 6 34 38 26 12 24 49 34 15 8 11 
47 45 41 0 27 23 39 40 22 16 18 9 33 48 44 1 38 31 46 38 25 19 33 45 38 18 46 32 12 39 47 44 26 32 29 16 36 6 31 33 29 
24 18 35 27 0 28 11 12 30 22 30 20 20 34 21 27 13 22 18 11 16 10 18 36 14 13 19 9 30 22 37 18 3 10 24 25 14 24 19 28 26 
36 38 18 23 28 0 39 39 3 8 6 15 45 28 31 21 42 46 41 39 13 18 19 23 42 15 43 26 12 24 25 37 31 25 10 6 42 16 16 12 8 
20 11 41 39 11 39 0 0 41 34 41 32 21 36 19 39 8 26 8 3 25 22 24 40 8 25 8 13 42 24 41 11 12 15 32 37 11 36 26 35 35 
20 11 42 40 12 39 0 0 42 34 42 33 21 37 20 39 8 26 7 3 26 22 24 41 7 26 8 14 42 25 42 12 13 15 33 37 11 37 26 36 35 
39 41 21 22 30 3 41 42 0 8 3 15 46 31 34 20 44 46 44 41 16 20 22 25 44 17 45 29 10 27 27 40 32 27 13 6 44 15 19 15 11 
35 36 24 16 22 8 34 34 8 0 7 8 38 31 31 14 36 38 38 34 11 12 18 28 36 9 39 23 9 25 30 34 24 21 13 2 36 9 16 16 13 
41 43 24 18 30 6 41 42 3 7 0 13 45 34 37 17 44 45 45 41 17 20 24 29 44 16 46 30 7 30 31 41 32 28 16 5 44 13 21 18 15 
38 37 32 9 20 15 32 33 15 8 13 0 32 38 34 8 33 31 38 31 15 11 23 35 33 8 39 23 10 30 37 35 20 23 20 9 32 4 21 24 20 
41 32 55 33 20 45 21 21 46 38 45 32 0 54 39 34 13 4 29 18 36 27 38 56 14 30 29 28 42 42 57 33 16 30 43 40 9 34 39 47 45 
20 28 12 48 34 28 36 37 31 31 34 38 54 0 17 46 44 57 33 39 22 31 16 7 44 31 34 25 40 12 7 26 38 24 18 33 46 41 17 16 19 
4 11 25 44 21 31 19 20 34 31 37 34 39 17 0 42 28 43 16 22 19 24 12 23 27 25 17 12 40 8 23 9 25 12 21 33 31 38 15 23 24 
46 44 39 1 27 21 39 39 20 14 17 8 34 46 42 0 38 32 45 37 23 18 31 43 38 16 46 31 10 38 45 43 26 31 28 14 36 4 30 31 28 
28 19 47 38 13 42 8 8 44 36 44 33 13 44 28 38 0 18 15 5 30 24 30 47 0 27 15 19 43 32 49 20 12 21 37 39 3 36 31 41 40 
45 37 57 31 22 46 26 26 46 38 45 31 4 57 43 32 18 0 33 22 37 28 41 58 19 30 33 32 41 45 60 37 19 33 45 40 14 33 41 49 47 
14 5 40 46 18 41 8 7 44 38 45 38 29 33 16 45 15 33 0 11 28 27 24 39 15 30 1 15 47 23 39 6 20 16 33 41 19 42 26 36 36 
23 14 43 38 11 39 3 3 41 34 41 31 18 39 22 37 5 22 11 0 26 21 25 43 4 25 11 14 41 27 44 15 11 16 33 37 8 35 27 37 36 
24 25 19 25 16 13 25 26 16 11 17 15 36 22 19 23 30 37 28 26 0 9 7 21 30 8 29 13 20 14 23 24 19 11 7 13 31 19 6 11 9 
28 26 29 19 10 18 22 22 20 12 20 11 27 31 24 18 24 28 27 21 9 0 15 31 24 3 28 13 20 21 33 24 12 12 17 15 24 15 14 21 18 
17 20 17 33 18 19 24 24 22 18 24 23 38 16 12 31 30 41 24 25 7 15 0 17 30 15 25 10 28 6 19 18 22 9 9 21 32 27 2 12 12 
26 34 5 45 36 23 40 41 25 28 29 35 56 7 23 43 47 58 39 43 21 31 17 0 47 30 40 28 36 16 1 32 39 26 15 29 49 38 17 11 15 
28 19 47 38 14 42 8 7 44 36 44 33 14 44 27 38 0 19 15 4 30 24 30 47 0 27 15 19 43 32 49 19 12 21 37 39 4 37 31 41 40 
29 28 27 18 13 15 25 26 17 9 16 8 30 31 25 16 27 30 30 25 8 3 15 30 27 0 31 15 16 21 31 27 15 14 15 11 27 13 14 19 16 
15 6 41 46 19 43 8 8 45 39 46 39 29 34 17 46 15 33 1 11 29 28 25 40 15 31 0 16 48 24 41 7 20 18 34 42 19 43 28 37 37 
15 13 28 32 9 26 13 14 29 23 30 23 28 25 12 31 19 32 15 14 13 13 10 28 19 15 16 0 32 13 29 12 13 1 19 25 21 28 12 22 21 
45 45 31 12 30 12 42 42 10 9 7 10 42 40 40 10 43 41 47 41 20 20 28 36 43 16 48 32 0 34 37 43 30 30 22 7 42 7 26 24 21 
12 18 17 39 22 24 24 25 27 25 30 30 42 12 8 38 32 45 23 27 14 21 6 16 32 21 24 13 34 0 16 16 26 12 14 27 34 33 8 14 16 
26 34 6 47 37 25 41 42 27 30 31 37 57 7 23 45 49 60 39 44 23 33 19 1 49 31 41 29 37 16 0 33 41 27 17 31 51 40 18 13 17 
8 1 34 44 18 37 11 12 40 34 41 35 33 26 9 43 20 37 6 15 24 24 18 32 19 27 7 12 43 16 33 0 21 13 28 37 23 40 21 30 31 
27 21 38 26 3 31 12 13 32 24 32 20 16 38 25 26 12 19 20 11 19 12 22 39 12 15 20 13 30 26 41 21 0 14 27 27 11 24 22 31 29 
15 14 26 32 10 25 15 15 27 21 28 23 30 24 12 31 21 33 16 16 11 12 9 26 21 14 18 1 30 12 27 13 14 0 17 24 23 27 10 20 20 
26 29 12 29 24 10 32 33 13 13 16 20 43 18 21 28 37 45 33 33 7 17 9 15 37 15 34 19 22 14 17 28 27 17 0 14 38 23 6 4 2 
38 38 24 16 25 6 37 37 6 2 5 9 40 33 33 14 39 40 41 37 13 15 21 29 39 11 42 25 7 27 31 37 27 24 14 0 39 10 18 17 14 
31 23 49 36 14 42 11 11 44 36 44 32 9 46 31 36 3 14 19 8 31 24 32 49 4 27 19 21 42 34 51 23 11 23 38 39 0 35 33 42 41 
42 41 34 6 24 16 36 37 15 9 13 4 34 41 38 4 36 33 42 35 19 15 27 38 37 13 43 28 7 33 40 40 24 27 23 10 35 0 25 26 23 
19 23 15 31 19 16 26 26 19 16 21 21 39 17 15 30 31 41 26 27 6 14 2 17 31 14 28 12 26 8 18 21 22 10 6 18 33 25 0 9 9 
27 32 8 33 28 12 35 36 15 16 18 24 47 16 23 31 41 49 36 37 11 21 12 11 41 19 37 22 24 14 13 30 31 20 4 17 42 26 9 0 3 
28 32 11 29 26 8 35 35 11 13 15 20 45 19 24 28 40 47 36 36 9 18 12 15 40 16 37 21 21 16 17 31 29 20 2 14 41 23 9 3 0 
0 514
39 296
73 330
33 290
213 470
9 266
95 352
112 369
207 464
101 358
88 345
197 454
64 321
211 468
107 364
251 508
205 462
131 388
0 257
76 333
40 297
22 279
46 303
54 311
198 455
190 447
103 360
249 506
30 287
24 281
91 348
128 385
232 489
20 277
244 501
48 305
68 325
110 367
57 314
132 389
182 439
