41
0 32 26 12 33 39 30 9 33 6 5 6 39 7 36 10 10 12 14 41 27 25 24 28 14 16 40 7 27 43 46 6 37 29 13 29 36 13 23 20 30 
32 0 11 29 18 18 33 41 24 30 36 26 9 29 12 24 25 41 18 9 50 48 41 29 37 42 26 33 30 32 33 28 20 52 43 21 10 37 20 37 24 
26 11 0 19 27 28 38 35 31 22 28 21 21 26 10 22 23 33 13 16 49 47 42 34 35 39 35 29 34 41 42 20 30 51 38 27 21 35 9 26 30 
12 29 19 0 37 41 39 20 39 6 11 14 38 18 29 18 19 14 14 35 40 38 36 37 26 28 45 19 35 49 52 6 40 42 25 34 36 25 12 10 37 
33 18 27 37 0 6 18 41 5 36 39 27 16 27 30 22 23 46 23 25 40 39 30 14 31 36 8 30 16 14 15 33 3 42 39 6 11 31 34 47 7 
39 18 28 41 6 0 24 47 11 41 44 32 12 33 29 29 29 51 27 22 47 46 37 21 38 43 10 37 22 15 15 38 5 49 46 13 8 38 37 51 14 
30 33 38 39 18 24 0 34 12 35 36 25 34 23 45 21 20 42 27 42 24 23 14 4 20 24 17 24 4 17 20 33 19 25 29 13 29 21 42 49 10 
9 41 35 20 41 47 34 0 40 14 8 15 49 14 46 19 18 11 23 50 23 22 24 33 14 12 47 11 31 49 52 15 44 24 7 36 46 13 31 24 37 
33 24 31 39 5 11 12 40 0 37 39 27 21 26 36 22 22 46 25 31 36 34 26 9 29 33 6 29 11 10 12 34 6 37 37 4 16 29 38 49 3 
6 30 22 6 36 41 35 14 37 0 5 10 39 13 33 14 15 10 13 38 34 32 31 33 21 22 43 14 32 47 49 2 39 36 19 32 37 20 17 14 34 
5 36 28 11 39 44 36 8 39 5 0 12 44 13 39 16 16 6 18 44 30 29 29 34 18 19 46 12 32 49 51 7 42 32 14 34 41 17 23 16 36 
6 26 21 14 27 32 25 15 27 10 12 0 33 4 32 4 4 19 8 35 28 26 23 23 14 17 34 7 22 37 40 8 30 30 17 22 30 13 21 23 24 
39 9 21 38 16 12 34 49 21 39 44 33 0 35 18 30 31 50 25 10 54 52 44 29 42 47 22 39 31 28 27 36 16 55 49 21 5 42 30 46 23 
7 29 26 18 27 33 23 14 26 13 13 4 35 0 36 5 4 20 12 38 23 21 18 21 9 13 33 3 19 36 39 11 30 25 13 22 32 9 25 27 23 
36 12 10 29 30 29 45 46 36 33 39 32 18 36 0 32 33 43 23 9 59 57 51 40 45 49 38 39 41 44 44 31 32 61 49 33 21 45 17 34 36 
10 24 22 18 22 29 21 19 22 14 16 4 30 5 32 0 1 23 8 34 27 25 20 18 13 17 29 8 17 32 35 12 26 28 18 18 27 13 23 28 20 
10 25 23 19 23 29 20 18 22 15 16 4 31 4 33 1 0 23 9 35 26 24 19 18 12 16 29 7 17 32 35 13 26 27 17 18 28 11 24 28 20 
12 41 33 14 46 51 42 11 46 10 6 19 50 20 43 23 23 0 24 49 34 33 34 41 23 23 53 18 39 56 58 13 49 35 18 41 48 22 26 14 43 
14 18 13 14 23 27 27 23 25 13 18 8 25 12 23 8 9 24 0 27 35 33 28 24 21 26 31 15 23 35 37 11 26 37 25 20 23 21 15 24 23 
41 9 16 35 25 22 42 50 31 38 44 35 10 38 9 34 35 49 27 0 60 58 51 38 47 51 32 42 39 38 38 36 27 61 52 29 15 47 25 42 32 
27 50 49 40 40 47 24 23 36 34 30 28 54 23 59 27 26 34 35 60 0 2 10 26 14 11 42 21 24 41 44 34 42 1 16 34 49 14 49 47 33 
25 48 47 38 39 46 23 22 34 32 29 26 52 21 57 25 24 33 33 58 2 0 8 25 12 9 40 19 23 40 43 32 41 3 14 32 47 12 47 45 32 
24 41 42 36 30 37 14 24 26 31 29 23 44 18 51 20 19 34 28 51 10 8 0 16 10 12 32 17 14 31 34 30 32 11 17 24 39 11 43 45 23 
28 29 34 37 14 21 4 33 9 33 34 23 29 21 40 18 18 41 24 38 26 25 16 0 21 25 15 22 2 16 18 31 15 28 29 8 24 21 39 47 6 
14 37 35 26 31 38 20 14 29 21 18 14 42 9 45 13 12 23 21 47 14 12 10 21 0 4 35 7 18 37 39 20 34 15 8 25 38 1 35 34 26 
16 42 39 28 36 43 24 12 33 22 19 17 47 13 49 17 16 23 26 51 11 9 12 25 4 0 40 10 23 41 44 22 39 13 5 30 43 4 38 35 30 
40 26 35 45 8 10 17 47 6 43 46 34 22 33 38 29 29 53 31 32 42 40 32 15 35 40 0 36 17 6 6 41 5 43 44 11 17 36 43 55 9 
7 33 29 19 30 37 24 11 29 14 12 7 39 3 39 8 7 18 15 42 21 19 17 22 7 10 36 0 21 38 41 13 33 22 9 25 35 6 28 27 26 
27 30 34 35 16 22 4 31 11 32 32 22 31 19 41 17 17 39 23 39 24 23 14 2 18 23 17 21 0 18 21 30 17 26 27 10 26 19 38 45 8 
43 32 41 49 14 15 17 49 10 47 49 37 28 36 44 32 32 56 35 38 41 40 31 16 37 41 6 38 18 0 3 45 11 42 45 15 23 37 48 60 12 
46 33 42 52 15 15 20 52 12 49 51 40 27 39 44 35 35 58 37 38 44 43 34 18 39 44 6 41 21 3 0 47 12 45 48 17 23 40 50 62 15 
6 28 20 6 33 38 33 15 34 2 7 8 36 11 31 12 13 13 11 36 34 32 30 31 20 22 41 13 30 45 47 0 37 35 19 30 34 19 16 15 32 
37 20 30 40 3 5 19 44 6 39 42 30 16 30 32 26 26 49 26 27 42 41 32 15 34 39 5 33 17 11 12 37 0 44 42 8 11 34 37 50 9 
29 52 51 42 42 49 25 24 37 36 32 30 55 25 61 28 27 35 37 61 1 3 11 28 15 13 43 22 26 42 45 35 44 0 17 36 51 16 51 48 35 
13 43 38 25 39 46 29 7 37 19 14 17 49 13 49 18 17 18 25 52 16 14 17 29 8 5 44 9 27 45 48 19 42 17 0 33 45 7 36 31 34 
29 21 27 34 6 13 13 36 4 32 34 22 21 22 33 18 18 41 20 29 34 32 24 8 25 30 11 25 10 15 17 30 8 36 33 0 16 26 34 44 3 
36 10 21 36 11 8 29 46 16 37 41 30 5 32 21 27 28 48 23 15 49 47 39 24 38 43 17 35 26 23 23 34 11 51 45 16 0 38 30 45 18 
13 37 35 25 31 38 21 13 29 20 17 13 42 9 45 13 11 22 21 47 14 12 11 21 1 4 36 6 19 37 40 19 34 16 7 26 38 0 34 33 26 
23 20 9 12 34 37 42 31 38 17 23 21 30 25 17 23 24 26 15 25 49 47 43 39 35 38 43 28 38 48 50 16 37 51 36 34 30 34 0 17 37 
20 37 26 10 47 51 49 24 49 14 16 23 46 27 34 28 28 14 24 42 47 45 45 47 34 35 55 27 45 60 62 15 50 48 31 44 45 33 17 0 47 
30 24 30 37 7 14 10 37 3 34 36 24 23 23 36 20 20 43 23 32 33 32 23 6 26 30 9 26 8 12 15 32 9 35 34 3 18 26 37 47 0 
0 342
266 266
133 133
35 35
218 218
299 299
115 115
26 26
90 90
13 13
180 180
310 310
200 200
60 60
311 311
108 108
77 77
120 120
290 290
120 120
202 202
254 254
7 7
321 321
99 99
97 97
175 175
224 224
162 162
207 207
199 199
306 306
328 328
2 2
127 127
2 2
109 109
288 288
263 263
283 283
103 103
