41
0 35 51 25 34 9 13 31 32 38 11 19 36 45 16 31 27 17 37 47 17 51 34 38 55 37 50 16 14 26 20 27 40 27 23 27 52 33 48 25 4 
35 0 26 16 2 38 24 16 14 18 28 24 33 18 23 29 32 32 20 16 23 17 5 31 25 3 15 34 21 38 20 19 6 38 29 17 19 8 20 33 31 
51 26 0 25 23 58 45 43 18 43 49 32 26 7 35 27 32 39 46 36 34 16 31 22 6 22 20 57 39 39 30 45 27 38 33 42 13 20 6 35 47 
25 16 25 0 14 32 20 26 7 31 24 8 19 19 10 14 15 16 32 33 9 27 20 18 29 16 28 33 14 21 5 26 22 22 13 24 28 9 22 17 22 
34 2 23 14 0 38 24 19 11 21 28 22 31 16 21 27 29 30 22 19 21 16 8 29 23 2 15 35 20 35 18 21 8 36 27 18 18 5 18 31 30 
9 38 58 32 38 0 13 29 39 36 10 28 46 51 23 40 36 27 34 47 25 55 35 47 60 41 53 8 18 35 28 24 42 37 32 26 56 38 53 35 11 
13 24 45 20 24 13 0 18 26 25 4 18 37 37 14 31 29 22 24 34 16 41 22 37 47 27 39 12 6 31 17 14 28 32 25 14 43 24 40 29 9 
31 16 43 26 19 29 18 0 28 6 20 30 46 35 27 41 41 37 5 18 28 32 11 45 42 20 29 23 20 45 28 5 17 46 37 4 35 23 37 42 28 
32 14 18 7 11 39 26 28 0 32 30 15 19 12 17 15 19 22 33 30 16 21 19 17 22 13 22 38 20 25 12 29 20 26 17 27 21 6 15 21 28 
38 18 43 31 21 36 25 6 32 0 27 36 50 36 33 45 46 43 2 13 34 31 12 49 42 21 28 29 27 51 33 11 16 52 43 10 34 26 37 47 34 
11 28 49 24 28 10 4 20 30 27 0 22 40 42 17 34 32 24 25 37 19 45 25 40 51 31 43 8 10 33 21 15 32 35 28 16 47 28 44 31 9 
19 24 32 8 22 28 18 30 15 36 22 0 18 27 4 12 10 7 36 40 2 35 26 19 36 24 36 30 12 14 3 28 30 15 7 27 36 18 30 11 16 
36 33 26 19 31 46 37 46 19 50 40 18 0 24 23 5 9 19 51 50 21 37 38 3 32 32 39 49 30 14 19 45 39 13 13 43 36 25 27 12 34 
45 18 7 19 16 51 37 35 12 36 42 27 24 0 29 23 28 34 38 30 28 12 24 21 9 15 16 50 32 35 24 37 21 35 28 35 11 13 3 31 41 
16 23 35 10 21 23 14 27 17 33 17 4 23 29 0 17 15 9 33 38 1 36 24 23 39 24 37 25 7 18 4 25 29 19 11 23 37 18 32 15 12 
31 29 27 14 27 40 31 41 15 45 34 12 5 23 17 0 5 14 46 46 15 35 34 6 32 29 37 43 24 12 13 40 35 11 7 38 35 21 26 8 28 
27 32 32 15 29 36 29 41 19 46 32 10 9 28 15 5 0 9 46 48 13 39 35 12 37 31 41 40 23 6 13 39 38 7 3 38 39 24 31 2 25 
17 32 39 16 30 27 22 37 22 43 24 7 19 34 9 14 9 0 42 47 8 43 34 21 43 32 44 31 16 9 11 34 38 10 6 33 44 26 37 8 15 
37 20 46 32 22 34 24 5 33 2 25 36 51 38 33 46 46 42 0 16 34 34 14 50 44 23 30 27 26 51 33 9 18 52 43 9 36 27 40 47 33 
47 16 36 33 19 47 34 18 30 13 37 40 50 30 38 46 48 47 16 0 39 21 13 47 33 17 17 41 34 54 36 23 10 55 46 21 24 24 30 50 43 
17 23 34 9 21 25 16 28 16 34 19 2 21 28 1 15 13 8 34 39 0 36 25 21 38 24 36 27 9 16 3 26 30 18 9 25 37 18 31 13 13 
51 17 16 27 16 55 41 32 21 31 45 35 37 12 36 35 39 43 34 21 36 0 21 34 11 13 4 51 36 46 32 36 15 46 38 33 2 17 11 42 46 
34 5 31 20 8 35 22 11 19 12 25 26 38 24 24 34 35 34 14 13 25 21 0 36 31 9 19 31 20 41 23 14 7 42 32 12 24 13 25 37 30 
38 31 22 18 29 47 37 45 17 49 40 19 3 21 23 6 12 21 50 47 21 34 36 0 29 30 37 49 30 17 19 44 37 16 14 42 33 23 24 14 35 
55 25 6 29 23 60 47 42 22 42 51 36 32 9 39 32 37 43 44 33 38 11 31 29 0 21 16 58 41 44 34 45 25 44 38 42 9 22 6 40 50 
37 3 22 16 2 41 27 20 13 21 31 24 32 15 24 29 31 32 23 17 24 13 9 30 21 0 12 38 23 38 21 23 7 38 29 20 16 7 16 33 33 
50 15 20 28 15 53 39 29 22 28 43 36 39 16 37 37 41 44 30 17 36 4 19 37 16 12 0 50 36 48 33 33 12 48 40 31 7 18 14 44 46 
16 34 57 33 35 8 12 23 38 29 8 30 49 50 25 43 40 31 27 41 27 51 31 49 58 38 50 0 19 40 29 18 38 42 36 20 54 36 52 39 16 
14 21 39 14 20 18 6 20 20 27 10 12 30 32 7 24 23 16 26 34 9 36 20 30 41 23 36 19 0 25 11 17 26 27 19 16 38 19 35 23 10 
26 38 39 21 35 35 31 45 25 51 33 14 14 35 18 12 6 9 51 54 16 46 41 17 44 38 48 40 25 0 17 43 44 1 8 42 46 31 38 4 24 
20 20 30 5 18 28 17 28 12 33 21 3 19 24 4 13 13 11 33 36 3 32 23 19 34 21 33 29 11 17 0 26 27 19 9 24 33 15 27 14 17 
27 19 45 26 21 24 14 5 29 11 15 28 45 37 25 40 39 34 9 23 26 36 14 44 45 23 33 18 17 43 26 0 21 44 35 2 38 24 39 40 23 
40 6 27 22 8 42 28 17 20 16 32 30 39 21 29 35 38 38 18 10 30 15 7 37 25 7 12 38 26 44 27 21 0 45 36 18 18 13 21 40 36 
27 38 38 22 36 37 32 46 26 52 35 15 13 35 19 11 7 10 52 55 18 46 42 16 44 38 48 42 27 1 19 44 45 0 9 43 46 31 38 4 26 
23 29 33 13 27 32 25 37 17 43 28 7 13 28 11 7 3 6 43 46 9 38 32 14 38 29 40 36 19 8 9 35 36 9 0 34 39 22 31 4 21 
27 17 42 24 18 26 14 4 27 10 16 27 43 35 23 38 38 33 9 21 25 33 12 42 42 20 31 20 16 42 24 2 18 43 34 0 36 22 37 38 24 
52 19 13 28 18 56 43 35 21 34 47 36 36 11 37 35 39 44 36 24 37 2 24 33 9 16 7 54 38 46 33 38 18 46 39 36 0 19 9 42 48 
33 8 20 9 5 38 24 23 6 26 28 18 25 13 18 21 24 26 27 24 18 17 13 23 22 7 18 36 19 31 15 24 13 31 22 22 19 0 15 26 29 
48 20 6 22 18 53 40 37 15 37 44 30 27 3 32 26 31 37 40 30 31 11 25 24 6 16 14 52 35 38 27 39 21 38 31 37 9 15 0 34 44 
25 33 35 17 31 35 29 42 21 47 31 11 12 31 15 8 2 8 47 50 13 42 37 14 40 33 44 39 23 4 14 40 40 4 4 38 42 26 34 0 23 
4 31 47 22 30 11 9 28 28 34 9 16 34 41 12 28 25 15 33 43 13 46 30 35 50 33 46 16 10 24 17 23 36 26 21 24 48 29 44 23 0 
0 342
191 327
107 243
184 320
39 175
41 177
125 261
191 327
56 192
8 144
73 209
9 145
109 245
154 290
73 209
191 327
77 213
185 321
123 259
197 333
84 220
132 268
197 333
116 252
141 277
193 329
63 199
141 277
83 219
55 191
170 306
87 223
151 287
82 218
182 318
74 210
201 337
85 221
8 144
79 215
125 261
