41
0 27 21 53 14 43 37 23 32 23 23 45 28 45 27 46 11 34 38 47 44 27 36 30 30 31 17 37 24 46 46 33 32 44 59 58 60 9 57 19 34 
27 0 7 26 14 32 16 12 21 8 5 21 1 19 26 19 16 6 16 19 32 6 11 14 12 4 19 10 15 23 20 6 7 19 31 31 33 23 30 24 16 
21 7 0 32 6 30 22 13 17 10 2 28 8 24 20 26 10 13 18 26 36 6 15 18 17 12 12 16 16 30 27 13 11 26 37 37 38 16 36 17 22 
53 26 32 0 39 41 22 34 35 31 30 17 24 14 46 7 42 19 22 6 37 28 19 29 28 22 43 15 35 18 10 19 22 15 7 7 9 49 11 47 28 
14 14 6 39 0 31 28 15 20 13 9 34 15 30 18 33 4 20 24 33 40 12 22 22 22 18 8 23 18 36 34 20 18 33 44 44 45 9 42 13 26 
43 32 30 41 31 0 47 43 12 39 29 49 32 27 17 40 36 33 20 37 64 25 25 46 45 35 26 33 46 51 44 34 26 46 41 41 40 33 35 25 49 
37 16 22 22 28 47 0 14 36 14 21 8 15 26 43 15 28 13 28 18 17 22 22 7 7 12 35 14 14 8 12 12 20 8 30 29 32 37 32 40 5 
23 12 13 34 15 43 14 0 31 3 14 23 12 31 33 26 14 16 28 28 24 17 23 7 7 13 23 19 3 23 25 15 19 22 40 40 42 24 41 29 11 
32 21 17 35 20 12 36 31 0 27 17 40 21 21 11 32 24 23 13 30 53 14 16 35 33 24 15 24 34 41 35 24 16 37 37 37 37 23 33 16 37 
23 8 10 31 13 39 14 3 27 0 10 22 9 27 31 23 13 13 24 25 26 14 20 8 8 9 21 16 6 23 23 12 15 21 38 37 39 23 38 27 12 
23 5 2 30 9 29 21 14 17 10 0 27 6 22 21 24 12 11 16 24 36 4 13 18 17 10 13 14 17 28 25 11 8 25 35 35 36 18 33 18 21 
45 21 28 17 34 49 8 23 40 22 27 0 20 25 48 11 35 16 29 14 20 27 24 16 15 16 41 16 23 1 7 16 23 3 24 24 26 44 28 46 13 
28 1 8 24 15 32 15 12 21 9 6 20 0 18 27 17 17 5 15 18 31 7 11 14 12 3 20 8 15 22 19 5 6 18 30 30 31 24 29 25 16 
45 19 24 14 30 27 26 31 21 27 22 25 18 0 33 14 34 14 8 11 43 18 8 30 28 18 32 12 33 26 18 16 13 22 15 15 16 39 12 35 30 
27 26 20 46 18 17 43 33 11 31 21 48 27 33 0 42 22 31 24 41 57 20 26 39 38 31 10 33 36 49 44 31 25 45 49 48 49 17 44 7 43 
46 19 26 7 33 40 15 26 32 23 24 11 17 14 42 0 35 12 20 3 31 22 15 21 20 14 37 9 27 12 4 12 17 8 14 14 16 42 17 42 20 
11 16 10 42 4 36 28 14 24 13 12 35 17 34 22 35 0 23 28 36 38 16 25 22 21 20 11 26 16 36 36 22 21 34 47 47 49 9 46 15 25 
34 6 13 19 20 33 13 16 23 13 11 16 5 14 31 12 23 0 14 13 31 10 8 15 13 3 25 3 19 18 14 1 6 14 25 24 26 30 24 30 16 
38 16 18 22 24 20 28 28 13 24 16 29 15 8 24 20 28 14 0 18 45 12 5 29 27 17 23 13 31 31 24 15 9 26 24 24 24 31 20 27 31 
47 19 26 6 33 37 18 28 30 25 24 14 18 11 41 3 36 13 18 0 34 22 14 24 22 15 37 9 29 16 7 13 16 11 12 12 14 42 14 41 23 
44 32 36 37 40 64 17 24 53 26 36 20 31 43 57 31 38 31 45 34 0 38 40 18 19 29 48 32 21 19 27 30 37 23 45 44 47 48 48 53 15 
27 6 6 28 12 25 22 17 14 14 4 27 7 18 20 22 16 10 12 22 38 0 9 21 19 10 15 12 20 28 24 11 5 24 32 32 33 21 30 19 23 
36 11 15 19 22 25 22 23 16 20 13 24 11 8 26 15 25 8 5 14 40 9 0 24 22 11 23 8 26 25 19 10 4 21 23 23 24 30 20 27 25 
30 14 18 29 22 46 7 7 35 8 18 16 14 30 39 21 22 15 29 24 18 21 24 0 1 12 30 17 7 16 19 14 20 16 36 36 38 31 38 35 3 
30 12 17 28 22 45 7 7 33 8 17 15 12 28 38 20 21 13 27 22 19 19 22 1 0 10 29 16 8 16 18 12 18 14 35 34 37 31 36 34 4 
31 4 12 22 18 35 12 13 24 9 10 16 3 18 31 14 20 3 17 15 29 10 11 12 10 0 24 6 15 18 15 2 8 14 28 27 29 28 28 29 14 
17 19 12 43 8 26 35 23 15 21 13 41 20 32 10 37 11 25 23 37 48 15 23 30 29 24 0 27 26 42 39 25 20 39 47 46 47 8 44 5 34 
37 10 16 15 23 33 14 19 24 16 14 16 8 12 33 9 26 3 13 9 32 12 8 17 16 6 27 0 21 17 11 4 7 13 21 21 23 33 21 32 18 
24 15 16 35 18 46 14 3 34 6 17 23 15 33 36 27 16 19 31 29 21 20 26 7 8 15 26 21 0 23 26 17 22 22 42 42 44 26 43 31 10 
46 23 30 18 36 51 8 23 41 23 28 1 22 26 49 12 36 18 31 16 19 28 25 16 16 18 42 17 23 0 8 17 25 4 25 25 27 45 29 47 13 
46 20 27 10 34 44 12 25 35 23 25 7 19 18 44 4 36 14 24 7 27 24 19 19 18 15 39 11 26 8 0 14 19 4 17 17 20 43 21 44 18 
33 6 13 19 20 34 12 15 24 12 11 16 5 16 31 12 22 1 15 13 30 11 10 14 12 2 25 4 17 17 14 0 7 13 25 25 27 30 25 30 15 
32 7 11 22 18 26 20 19 16 15 8 23 6 13 25 17 21 6 9 16 37 5 4 20 18 8 20 7 22 25 19 7 0 20 27 26 27 26 24 25 22 
44 19 26 15 33 46 8 22 37 21 25 3 18 22 45 8 34 14 26 11 23 24 21 16 14 14 39 13 22 4 4 13 20 0 22 22 24 42 25 44 13 
59 31 37 7 44 41 30 40 37 38 35 24 30 15 49 14 47 25 24 12 45 32 23 36 35 28 47 21 42 25 17 25 27 22 0 0 2 53 6 51 35 
58 31 37 7 44 41 29 40 37 37 35 24 30 15 48 14 47 24 24 12 44 32 23 36 34 27 46 21 42 25 17 25 26 22 0 0 2 53 6 50 35 
60 33 38 9 45 40 32 42 37 39 36 26 31 16 49 16 49 26 24 14 47 33 24 38 37 29 47 23 44 27 20 27 27 24 2 2 0 54 4 51 37 
9 23 16 49 9 33 37 24 23 23 18 44 24 39 17 42 9 30 31 42 48 21 30 31 31 28 8 33 26 45 43 30 26 42 53 53 54 0 51 9 35 
57 30 36 11 42 35 32 41 33 38 33 28 29 12 44 17 46 24 20 14 48 30 20 38 36 28 44 21 43 29 21 25 24 25 6 6 4 51 0 47 37 
19 24 17 47 13 25 40 29 16 27 18 46 25 35 7 42 15 30 27 41 53 19 27 35 34 29 5 32 31 47 44 30 25 44 51 50 51 9 47 0 39 
34 16 22 28 26 49 5 11 37 12 21 13 16 30 43 20 25 16 31 23 15 23 25 3 4 14 34 18 10 13 18 15 22 13 35 35 37 35 37 39 0 
0 342
64 235
124 295
137 308
109 280
150 321
139 310
94 265
164 335
157 328
60 231
54 225
53 224
2 173
37 208
141 312
98 269
133 304
82 253
19 190
108 279
132 303
63 234
44 215
26 197
114 285
102 273
78 249
12 183
155 326
72 243
132 303
161 332
50 221
114 285
73 244
80 251
36 207
12 183
86 257
36 207
