41
0 12 47 38 41 51 37 36 36 35 28 43 40 46 41 56 9 14 3 42 34 42 24 28 40 37 39 32 26 29 45 38 8 25 64 41 45 37 39 35 6 
12 0 44 33 28 40 24 31 26 22 32 31 29 36 40 49 4 5 10 42 23 34 29 28 27 32 26 19 17 20 33 29 6 14 56 35 33 25 30 22 9 
47 44 0 11 43 32 48 13 28 43 23 48 35 24 8 19 47 38 49 11 33 21 28 18 49 13 44 46 29 28 43 24 40 34 25 11 39 39 25 41 50 
38 33 11 0 32 25 37 2 18 32 21 37 25 16 12 19 37 28 39 16 22 13 24 13 38 2 34 35 18 17 34 14 31 23 27 3 29 28 15 30 40 
41 28 43 32 0 18 8 31 14 6 47 5 8 21 45 36 33 26 39 48 10 22 47 39 7 30 3 11 19 17 4 18 32 17 40 31 7 4 17 6 37 
51 40 32 25 18 0 27 24 15 23 45 22 12 8 37 19 45 36 50 41 17 12 47 37 25 24 21 28 24 21 16 13 42 26 22 22 11 18 12 21 50 
37 24 48 37 8 27 0 35 20 4 48 7 15 28 49 43 28 23 34 52 15 29 47 41 3 35 5 5 21 20 12 24 29 16 48 37 15 9 24 7 32 
36 31 13 2 31 24 35 0 16 30 21 36 23 16 14 20 36 26 38 17 20 12 24 13 36 0 32 33 16 15 32 12 29 21 27 4 28 26 14 28 39 
36 26 28 18 14 15 20 16 0 15 33 19 7 11 30 25 31 21 35 34 4 9 35 25 20 16 16 18 9 6 16 4 27 11 31 17 12 10 4 13 35 
35 22 43 32 6 23 4 30 15 0 43 8 11 24 44 39 26 20 32 47 10 24 43 36 6 30 4 4 16 15 11 20 26 12 45 32 13 5 19 2 31 
28 32 23 21 47 45 48 21 33 43 0 51 41 37 15 40 33 28 32 15 36 33 4 8 50 22 47 44 27 29 49 32 26 31 47 24 46 42 34 42 34 
43 31 48 37 5 22 7 36 19 8 51 0 13 26 50 40 35 29 41 53 15 27 51 44 4 36 4 12 24 22 6 23 35 20 44 36 10 9 22 9 39 
40 29 35 25 8 12 15 23 7 11 41 13 0 13 37 28 33 25 39 41 5 14 42 33 14 23 10 16 15 12 8 11 31 14 33 24 5 5 9 9 38 
46 36 24 16 21 8 28 16 11 24 37 26 13 0 29 15 41 32 46 32 14 3 39 29 28 15 24 28 19 16 20 7 37 22 20 14 15 19 6 22 45 
41 40 8 12 45 37 49 14 30 44 15 50 37 29 0 27 43 35 43 3 34 25 20 12 50 14 46 46 28 28 46 26 36 33 33 14 42 40 28 42 45 
56 49 19 19 36 19 43 20 25 39 40 40 28 15 27 0 54 44 57 30 29 15 44 33 43 20 39 43 32 29 35 20 48 36 7 16 30 34 20 37 58 
9 4 47 37 33 45 28 36 31 26 33 35 33 41 43 54 0 9 6 45 28 39 30 31 31 36 31 23 22 25 37 34 7 19 61 39 38 30 35 27 4 
14 5 38 28 26 36 23 26 21 20 28 29 25 32 35 44 9 0 14 38 20 29 26 24 26 26 24 18 12 15 30 24 6 10 51 30 30 22 25 20 13 
3 10 49 39 39 50 34 38 35 32 32 41 39 46 43 57 6 14 0 45 33 43 28 31 37 38 37 29 26 29 43 38 8 24 64 42 43 36 39 33 3 
42 42 11 16 48 41 52 17 34 47 15 53 41 32 3 30 45 38 45 0 38 29 20 14 54 18 50 49 31 32 50 30 38 36 36 18 46 44 32 45 47 
34 23 33 22 10 17 15 20 4 10 36 15 5 14 34 29 28 20 33 38 0 14 37 28 16 20 11 14 9 7 13 9 25 9 35 21 11 6 9 8 33 
42 34 21 13 22 12 29 12 9 24 33 27 14 3 25 15 39 29 43 29 14 0 35 25 29 11 24 28 16 14 22 5 34 20 22 10 17 19 5 22 43 
24 29 28 24 47 47 47 24 35 43 4 51 42 39 20 44 30 26 28 20 37 35 0 11 50 25 47 43 27 29 50 34 23 31 51 28 47 42 35 42 30 
28 28 18 13 39 37 41 13 25 36 8 44 33 29 12 33 31 24 31 14 28 25 11 0 43 14 39 37 20 21 41 24 24 24 40 17 38 34 25 35 33 
40 27 49 38 7 25 3 36 20 6 50 4 14 28 50 43 31 26 37 54 16 29 50 43 0 36 4 8 23 21 10 25 32 19 48 37 14 9 24 8 35 
37 32 13 2 30 24 35 0 16 30 22 36 23 15 14 20 36 26 38 18 20 11 25 14 36 0 32 33 16 15 32 12 29 21 27 3 28 26 14 28 39 
39 26 44 34 3 21 5 32 16 4 47 4 10 24 46 39 31 24 37 50 11 24 47 39 4 32 0 8 19 18 7 20 31 16 43 33 10 5 19 4 35 
32 19 46 35 11 28 5 33 18 4 44 12 16 28 46 43 23 18 29 49 14 28 43 37 8 33 8 0 17 17 15 23 24 12 49 35 17 10 23 6 27 
26 17 29 18 19 24 21 16 9 16 27 24 15 19 28 32 22 12 26 31 9 16 27 20 23 16 19 17 0 2 22 12 18 5 38 19 20 14 12 14 26 
29 20 28 17 17 21 20 15 6 15 29 22 12 16 28 29 25 15 29 32 7 14 29 21 21 15 18 17 2 0 20 9 20 6 36 18 18 13 10 13 29 
45 33 43 34 4 16 12 32 16 11 49 6 8 20 46 35 37 30 43 50 13 22 50 41 10 32 7 15 22 20 0 19 36 20 39 32 5 8 18 10 42 
38 29 24 14 18 13 24 12 4 20 32 23 11 7 26 20 34 24 38 30 9 5 34 24 25 12 20 23 12 9 19 0 29 15 27 13 15 15 1 17 38 
8 6 40 31 32 42 29 29 27 26 26 35 31 37 36 48 7 6 8 38 25 34 23 24 32 29 31 24 18 20 36 29 0 16 55 33 36 28 30 26 9 
25 14 34 23 17 26 16 21 11 12 31 20 14 22 33 36 19 10 24 36 9 20 31 24 19 21 16 12 5 6 20 15 16 0 42 24 19 12 15 11 24 
64 56 25 27 40 22 48 27 31 45 47 44 33 20 33 7 61 51 64 36 35 22 51 40 48 27 43 49 38 36 39 27 55 42 0 23 34 39 26 42 65 
41 35 11 3 31 22 37 4 17 32 24 36 24 14 14 16 39 30 42 18 21 10 28 17 37 3 33 35 19 18 32 13 33 24 23 0 28 28 14 30 43 
45 33 39 29 7 11 15 28 12 13 46 10 5 15 42 30 38 30 43 46 11 17 47 38 14 28 10 17 20 18 5 15 36 19 34 28 0 8 14 11 42 
37 25 39 28 4 18 9 26 10 5 42 9 5 19 40 34 30 22 36 44 6 19 42 34 9 26 5 10 14 13 8 15 28 12 39 28 8 0 14 3 34 
39 30 25 15 17 12 24 14 4 19 34 22 9 6 28 20 35 25 39 32 9 5 35 25 24 14 19 23 12 10 18 1 30 15 26 14 14 14 0 17 39 
35 22 41 30 6 21 7 28 13 2 42 9 9 22 42 37 27 20 33 45 8 22 42 35 8 28 4 6 14 13 10 17 26 11 42 30 11 3 17 0 31 
6 9 50 40 37 50 32 39 35 31 34 39 38 45 45 58 4 13 3 47 33 43 30 33 35 39 35 27 26 29 42 38 9 24 65 43 42 34 39 31 0 
0 465
5 51
277 323
191 237
323 369
26 72
173 219
144 190
190 236
368 414
359 405
282 328
38 84
134 180
274 320
4 50
378 424
157 203
312 358
138 184
108 154
304 350
201 247
286 332
418 464
359 405
73 119
109 155
210 256
156 202
329 375
108 154
367 413
295 341
172 218
217 263
85 131
73 119
69 115
40 86
315 361
