41
0 31 10 55 20 13 41 41 10 43 26 23 34 6 3 48 38 13 41 40 30 38 18 30 32 44 28 28 23 30 31 48 10 30 29 54 52 26 15 23 52 
31 0 25 30 10 19 10 10 24 12 12 29 6 37 31 20 17 20 18 20 10 11 12 5 14 21 2 27 22 2 13 29 25 26 2 29 24 5 31 8 27 
10 25 0 53 16 13 35 35 13 37 24 28 29 13 13 44 36 4 31 30 27 30 14 26 23 42 23 31 26 23 30 48 0 33 22 52 48 19 22 19 50 
55 30 53 0 36 42 21 23 46 25 29 40 23 62 53 10 17 49 41 46 25 35 38 26 43 11 30 34 34 32 23 12 53 31 32 2 7 35 47 33 3 
20 10 16 36 0 8 20 20 13 22 9 21 13 27 20 28 20 12 25 26 11 20 2 10 18 25 8 21 15 9 13 32 17 21 8 35 32 6 21 3 33 
13 19 13 42 8 0 28 29 5 31 12 15 20 20 12 34 24 12 33 33 16 28 7 17 25 30 16 18 12 18 18 35 14 19 17 40 38 15 13 10 38 
41 10 35 21 20 28 0 2 33 5 17 35 7 47 40 11 14 31 20 25 14 14 22 10 21 15 12 31 28 12 14 24 35 29 12 21 14 16 38 17 19 
41 10 35 23 20 29 2 0 34 3 19 36 9 47 41 13 16 31 18 22 16 12 22 12 19 17 12 33 29 12 17 26 35 31 12 23 16 16 40 18 21 
10 24 13 46 13 5 33 34 0 36 16 14 25 16 7 39 28 13 37 37 20 33 12 22 29 35 21 18 13 23 22 38 14 20 22 44 43 20 9 15 42 
43 12 37 25 22 31 5 3 36 0 22 39 12 49 43 15 19 32 16 21 19 10 24 15 19 20 14 36 32 13 20 29 37 35 14 25 17 17 43 20 23 
26 12 24 29 9 12 17 19 16 22 0 17 10 33 24 22 12 21 30 32 4 24 10 7 25 18 9 15 10 13 5 23 25 14 12 28 26 13 21 6 25 
23 29 28 40 21 15 35 36 14 39 17 0 27 28 19 36 25 27 46 47 20 40 21 24 39 30 26 6 7 29 20 30 29 8 29 38 40 28 8 21 37 
34 6 29 23 13 20 7 9 25 12 10 27 0 40 33 14 10 25 23 26 6 16 15 3 21 14 6 24 20 8 7 22 30 22 9 23 18 11 31 10 20 
6 37 13 62 27 20 47 47 16 49 33 28 40 0 9 55 45 17 45 44 36 43 25 37 37 51 35 33 29 35 38 55 14 36 35 61 59 32 20 30 59 
3 31 13 53 20 12 40 41 7 43 24 19 33 9 0 47 36 15 42 42 28 39 18 29 34 42 28 24 20 30 30 46 13 26 29 52 51 26 11 23 50 
48 20 44 10 28 34 11 13 39 15 22 36 14 55 47 0 11 40 31 36 18 25 30 18 32 7 21 31 30 22 17 15 45 29 23 10 3 26 42 25 8 
38 17 36 17 20 24 14 16 28 19 12 25 10 45 36 11 0 33 33 37 9 26 22 11 31 6 16 19 18 19 6 12 37 17 18 15 15 21 31 17 13 
13 20 4 49 12 12 31 31 13 32 21 27 25 17 15 40 33 0 28 26 24 25 10 22 19 38 19 30 24 19 26 44 4 31 18 48 44 15 23 16 46 
41 18 31 41 25 33 20 18 37 16 30 46 23 45 42 31 33 28 0 4 28 6 25 23 8 35 20 45 40 16 30 44 31 44 17 42 34 18 46 25 40 
40 20 30 46 26 33 25 22 37 21 32 47 26 44 42 36 37 26 4 0 31 10 26 26 8 39 22 47 41 19 33 48 30 46 19 46 38 19 47 26 44 
30 10 27 25 11 16 14 16 20 19 4 20 6 36 28 18 9 24 28 31 0 22 13 5 24 14 8 17 13 12 2 20 28 16 11 24 22 13 25 8 22 
38 11 30 35 20 28 14 12 33 10 24 40 16 43 39 25 26 25 6 10 22 0 21 17 8 29 14 39 34 10 24 37 30 38 11 35 28 13 41 19 33 
18 12 14 38 2 7 22 22 12 24 10 21 15 25 18 30 22 10 25 26 13 21 0 12 18 28 10 22 16 11 15 34 14 22 10 37 34 8 20 5 35 
30 5 26 26 10 17 10 12 22 15 7 24 3 37 29 18 11 22 23 26 5 17 12 0 19 16 4 22 18 7 7 24 26 21 7 26 22 9 28 6 23 
32 14 23 43 18 25 21 19 29 19 25 39 21 37 34 32 31 19 8 8 24 8 18 19 0 35 15 39 34 12 27 43 23 39 12 42 36 12 39 19 40 
44 21 42 11 25 30 15 17 35 20 18 30 14 51 42 7 6 38 35 39 14 29 28 16 35 0 20 24 24 23 12 9 42 22 23 9 10 25 36 22 7 
28 2 23 30 8 16 12 12 21 14 9 26 6 35 28 21 16 19 20 22 8 14 10 4 15 20 0 25 20 3 11 28 23 24 2 30 25 4 28 5 27 
28 27 31 34 21 18 31 33 18 36 15 6 24 33 24 31 19 30 45 47 17 39 22 22 39 24 25 0 5 28 16 24 32 2 27 32 35 27 14 20 31 
23 22 26 34 15 12 28 29 13 32 10 7 20 29 20 30 18 24 40 41 13 34 16 18 34 24 20 5 0 23 13 25 26 6 22 33 34 22 12 15 31 
30 2 23 32 9 18 12 12 23 13 13 29 8 35 30 22 19 19 16 19 12 10 11 7 12 23 3 28 23 0 14 31 23 27 0 31 26 3 31 8 29 
31 13 30 23 13 18 14 17 22 20 5 20 7 38 30 17 6 26 30 33 2 24 15 7 27 12 11 16 13 14 0 18 30 14 14 22 21 15 25 10 20 
48 29 48 12 32 35 24 26 38 29 23 30 22 55 46 15 12 44 44 48 20 37 34 24 43 9 28 24 25 31 18 0 48 21 31 9 16 33 38 29 9 
10 25 0 53 17 14 35 35 14 37 25 29 30 14 13 45 37 4 31 30 28 30 14 26 23 42 23 32 26 23 30 48 0 33 22 52 49 19 23 20 50 
30 26 33 31 21 19 29 31 20 35 14 8 22 36 26 29 17 31 44 46 16 38 22 21 39 22 24 2 6 27 14 21 33 0 27 30 32 27 17 20 28 
29 2 22 32 8 17 12 12 22 14 12 29 9 35 29 23 18 18 17 19 11 11 10 7 12 23 2 27 22 0 14 31 22 27 0 32 26 3 30 7 29 
54 29 52 2 35 40 21 23 44 25 28 38 23 61 52 10 15 48 42 46 24 35 37 26 42 9 30 32 33 31 22 9 52 30 32 0 8 35 46 32 2 
52 24 48 7 32 38 14 16 43 17 26 40 18 59 51 3 15 44 34 38 22 28 34 22 36 10 25 35 34 26 21 16 49 32 26 8 0 30 46 29 7 
26 5 19 35 6 15 16 16 20 17 13 28 11 32 26 26 21 15 18 19 13 13 8 9 12 25 4 27 22 3 15 33 19 27 3 35 30 0 28 6 32 
15 31 22 47 21 13 38 40 9 43 21 8 31 20 11 42 31 23 46 47 25 41 20 28 39 36 28 14 12 31 25 38 23 17 30 46 46 28 0 22 44 
23 8 19 33 3 10 17 18 15 20 6 21 10 30 23 25 17 16 25 26 8 19 5 6 19 22 5 20 15 8 10 29 20 20 7 32 29 6 22 0 30 
52 27 50 3 33 38 19 21 42 23 25 37 20 59 50 8 13 46 40 44 22 33 35 23 40 7 27 31 31 29 20 9 50 28 29 2 7 32 44 30 0 
0 612
379 379
577 577
344 344
185 185
294 294
512 512
322 322
583 583
218 218
518 518
271 271
77 77
564 564
85 85
60 60
138 138
593 593
64 64
354 354
516 516
205 205
182 182
43 43
153 153
153 153
71 71
350 350
357 357
342 342
39 39
84 84
182 182
529 529
435 435
21 21
317 317
45 45
379 379
436 436
562 562
