41
0 18 6 26 44 38 41 12 19 38 28 6 8 9 6 23 14 17 7 18 9 19 33 20 34 29 25 22 37 14 21 41 17 11 27 35 26 45 40 38 20 
18 0 15 39 41 23 32 28 19 31 21 13 24 22 13 16 32 29 25 25 14 3 16 33 20 12 41 35 19 5 31 36 11 28 30 17 28 27 22 21 7 
6 15 0 24 38 33 35 13 23 32 22 9 15 15 2 17 16 14 10 13 3 15 30 18 29 24 25 20 34 13 18 35 11 13 21 31 21 41 37 33 19 
26 39 24 0 35 49 42 15 46 37 32 33 32 34 27 30 16 10 21 15 25 38 50 6 44 44 9 4 55 38 8 35 30 18 17 50 21 62 58 51 44 
44 41 38 35 0 31 15 42 59 12 20 47 53 54 39 24 46 33 45 28 35 38 39 34 28 35 45 35 43 45 31 5 31 44 19 38 18 46 46 36 48 
38 23 33 49 31 0 16 45 42 19 17 36 46 45 32 19 49 41 44 35 30 20 10 45 5 11 55 47 12 28 42 26 22 46 33 8 30 14 14 5 28 
41 32 35 42 15 16 0 44 51 5 13 42 50 50 35 18 48 37 45 30 32 29 25 39 14 23 51 41 29 37 36 11 25 45 25 24 21 31 31 21 39 
12 28 13 15 42 45 44 0 31 39 31 19 16 18 15 27 3 9 6 14 15 28 43 10 41 37 13 11 47 26 12 40 23 2 23 44 24 55 50 46 32 
19 19 23 46 59 42 51 31 0 50 39 13 16 13 21 34 32 37 25 36 24 22 33 40 39 31 43 42 35 14 40 54 28 29 44 35 43 42 36 39 13 
38 31 32 37 12 19 5 39 50 0 10 39 47 47 32 15 43 32 41 25 28 27 27 34 16 23 45 36 31 35 31 7 22 41 19 26 16 34 33 24 38 
28 21 22 32 20 17 13 31 39 10 0 29 37 36 21 5 35 25 31 18 18 17 21 28 12 16 39 30 26 25 24 15 11 32 15 20 12 31 28 20 28 
6 13 9 33 47 36 42 19 13 39 29 0 10 8 8 23 21 23 13 23 11 15 30 27 32 25 32 29 33 9 27 43 17 17 31 31 30 41 35 34 13 
8 24 15 32 53 46 50 16 16 47 37 10 0 3 15 32 16 24 10 26 18 25 40 26 42 36 27 27 43 19 28 50 25 14 35 42 35 51 46 45 23 
9 22 15 34 54 45 50 18 13 47 36 8 3 0 15 31 19 26 12 27 18 24 38 28 41 34 30 30 41 17 29 50 25 16 36 40 36 49 43 43 20 
6 13 2 27 39 32 35 15 21 32 21 8 15 15 0 16 18 17 12 15 3 13 27 20 27 22 28 22 32 11 20 35 10 15 22 29 21 39 34 31 17 
23 16 17 30 24 19 18 27 34 15 5 23 32 31 16 0 31 22 27 15 13 13 20 25 14 15 36 27 25 20 22 20 6 28 15 20 12 31 28 21 24 
14 32 16 16 46 49 48 3 32 43 35 21 16 19 18 31 0 12 7 18 19 32 46 12 44 41 11 13 51 29 15 44 27 3 26 47 28 58 53 49 34 
17 29 14 10 33 41 37 9 37 32 25 23 24 26 17 22 12 0 14 6 15 28 41 3 36 35 14 6 45 28 3 31 20 11 14 41 16 52 48 42 34 
7 25 10 21 45 44 45 6 25 41 31 13 10 12 12 27 7 14 0 17 14 25 40 16 40 35 18 17 44 21 17 42 22 4 26 41 27 52 47 44 27 
18 25 13 15 28 35 30 14 36 25 18 23 26 27 15 15 18 6 17 0 12 23 35 10 30 29 21 12 40 25 7 25 15 16 9 35 10 46 43 36 31 
9 14 3 25 35 30 32 15 24 28 18 11 18 18 3 13 19 15 14 12 0 12 27 19 25 21 27 21 31 13 18 31 7 16 19 28 18 39 34 30 19 
19 3 15 38 38 20 29 28 22 27 17 15 25 24 13 13 32 28 25 23 12 0 14 31 17 10 40 34 19 8 30 33 8 28 27 16 25 26 21 19 10 
33 16 30 50 39 10 25 43 33 27 21 30 40 38 27 20 46 41 40 35 27 14 0 44 11 5 54 46 4 21 42 34 20 43 36 2 33 11 7 6 19 
20 33 18 6 34 45 39 10 40 34 28 27 26 28 20 25 12 3 16 10 19 31 44 0 40 39 11 2 49 32 3 33 24 13 15 45 18 56 52 46 38 
34 20 29 44 28 5 14 41 39 16 12 32 42 41 27 14 44 36 40 30 25 17 11 40 0 9 50 42 15 25 37 23 18 41 28 9 25 18 17 8 26 
29 12 24 44 35 11 23 37 31 23 16 25 36 34 22 15 41 35 35 29 21 10 5 39 9 0 48 41 10 17 36 30 14 37 31 6 27 17 13 9 17 
25 41 25 9 45 55 51 13 43 45 39 32 27 30 28 36 11 14 18 21 27 40 54 11 50 48 0 9 59 39 14 44 34 14 26 55 29 66 62 56 45 
22 35 20 4 35 47 41 11 42 36 30 29 27 30 22 27 13 6 17 12 21 34 46 2 42 41 9 0 51 34 5 34 26 14 16 47 19 58 54 48 40 
37 19 34 55 43 12 29 47 35 31 26 33 43 41 32 25 51 45 44 40 31 19 4 49 15 10 59 51 0 24 47 38 25 47 41 5 37 7 2 7 21 
14 5 13 38 45 28 37 26 14 35 25 9 19 17 11 20 29 28 21 25 13 8 21 32 25 17 39 34 24 0 31 40 13 25 32 23 30 32 26 26 5 
21 31 18 8 31 42 36 12 40 31 24 27 28 29 20 22 15 3 17 7 18 30 42 3 37 36 14 5 47 31 0 29 22 15 11 42 14 53 50 43 37 
41 36 35 35 5 26 11 40 54 7 15 43 50 50 35 20 44 31 42 25 31 33 34 33 23 30 44 34 38 40 29 0 26 42 18 33 15 41 41 31 44 
17 11 11 30 31 22 25 23 28 22 11 17 25 25 10 6 27 20 22 15 7 8 20 24 18 14 34 26 25 13 22 26 0 23 19 21 16 32 28 22 18 
11 28 13 18 44 46 45 2 29 41 32 17 14 16 15 28 3 11 4 16 16 28 43 13 41 37 14 14 47 25 15 42 23 0 25 44 26 55 50 46 31 
27 30 21 17 19 33 25 23 44 19 15 31 35 36 22 15 26 14 26 9 19 27 36 15 28 31 26 16 41 32 11 18 19 25 0 36 3 47 44 36 37 
35 17 31 50 38 8 24 44 35 26 20 31 42 40 29 20 47 41 41 35 28 16 2 45 9 6 55 47 5 23 42 33 21 44 36 0 32 11 8 3 21 
26 28 21 21 18 30 21 24 43 16 12 30 35 36 21 12 28 16 27 10 18 25 33 18 25 27 29 19 37 30 14 15 16 26 3 32 0 43 40 32 35 
45 27 41 62 46 14 31 55 42 34 31 41 51 49 39 31 58 52 52 46 39 26 11 56 18 17 66 58 7 32 53 41 32 55 47 11 43 0 5 10 29 
40 22 37 58 46 14 31 50 36 33 28 35 46 43 34 28 53 48 47 43 34 21 7 52 17 13 62 54 2 26 50 41 28 50 44 8 40 5 0 9 23 
38 21 33 51 36 5 21 46 39 24 20 34 45 43 31 21 49 42 44 36 30 19 6 46 8 9 56 48 7 26 43 31 22 46 36 3 32 10 9 0 25 
20 7 19 44 48 28 39 32 13 38 28 13 23 20 17 24 34 34 27 31 19 10 19 38 26 17 45 40 21 5 37 44 18 31 37 21 35 29 23 25 0 
0 710
143 427
82 366
233 517
167 451
90 374
211 495
404 688
167 451
380 664
108 392
355 639
263 547
321 605
258 542
415 699
93 377
221 505
34 318
110 394
130 414
40 324
315 599
314 598
5 289
130 414
57 341
371 655
400 684
404 688
398 682
188 472
39 323
424 708
230 514
276 560
110 394
319 603
389 673
23 307
79 363
