41
0 11 27 52 7 9 42 46 43 27 21 9 19 13 19 27 32 8 12 38 8 44 24 20 48 17 3 21 15 30 42 8 38 31 46 42 20 26 29 44 32 
11 0 23 53 14 8 40 41 40 22 10 14 21 2 29 19 31 18 13 29 3 41 31 21 39 8 15 21 6 23 38 3 32 38 40 32 27 32 28 40 21 
27 23 0 31 22 18 16 18 16 3 21 19 12 25 33 9 9 26 15 19 23 17 27 11 26 30 29 7 29 10 15 23 11 29 18 22 23 22 8 16 21 
52 53 31 0 45 45 16 25 18 34 52 43 33 56 45 41 22 46 41 46 51 18 34 33 47 61 52 32 60 40 21 52 32 28 28 47 34 28 25 21 52 
7 14 22 45 0 7 35 40 36 22 22 2 12 16 15 24 25 4 7 36 11 37 17 13 45 22 7 15 20 27 35 10 33 25 40 39 14 19 22 38 31 
9 8 18 45 7 0 33 36 34 18 15 5 12 11 22 18 24 11 4 29 6 35 23 12 39 17 12 13 15 21 33 6 28 29 36 33 18 23 21 35 24 
42 40 16 16 35 33 0 11 2 18 37 32 22 42 41 24 9 38 29 29 39 3 31 22 31 46 42 20 46 23 4 39 15 29 13 30 29 25 12 5 35 
46 41 18 25 40 36 11 0 8 19 36 37 29 43 49 22 17 44 33 22 41 8 41 28 21 46 47 25 47 20 6 41 9 39 2 22 38 34 19 5 30 
43 40 16 18 36 34 2 8 0 18 37 34 24 42 43 24 11 39 30 27 39 1 34 23 28 46 43 21 46 22 2 39 13 32 10 28 31 27 14 3 34 
27 22 3 34 22 18 18 19 18 0 18 20 14 24 35 6 12 27 15 16 22 19 29 12 23 28 29 9 28 7 16 22 10 32 18 19 25 25 11 18 18 
21 10 21 52 22 15 37 36 37 18 0 20 23 9 37 13 30 26 18 20 12 38 37 23 30 11 25 21 11 16 35 12 26 43 35 23 33 36 28 36 11 
9 14 19 43 2 5 32 37 34 20 20 0 10 16 17 21 23 7 4 33 11 35 17 10 43 22 9 12 20 25 33 10 30 24 38 37 13 18 20 35 29 
19 21 12 33 12 12 22 29 24 14 23 10 0 23 21 18 13 15 8 30 18 25 15 1 38 29 19 4 28 21 23 19 23 19 29 33 11 12 10 25 29 
13 2 25 56 16 11 42 43 42 24 9 16 23 0 32 20 33 20 16 29 5 43 34 23 39 5 17 23 4 23 40 6 33 41 42 32 30 35 30 42 20 
19 29 33 45 15 22 41 49 43 35 37 17 21 32 0 38 32 11 21 50 26 44 10 22 58 36 15 25 34 41 43 26 44 18 50 53 11 17 29 45 46 
27 19 9 41 24 18 24 22 24 6 13 21 18 20 38 0 19 29 17 12 20 25 34 17 21 23 30 14 24 3 21 20 13 37 21 15 29 30 18 23 11 
32 31 9 22 25 24 9 17 11 12 30 23 13 33 32 19 0 28 19 27 29 12 23 12 32 38 32 10 37 19 11 30 15 23 18 29 20 17 3 13 31 
8 18 26 46 4 11 38 44 39 27 26 7 15 20 11 29 28 0 11 40 14 41 16 16 50 25 5 19 23 32 39 14 37 24 44 44 13 19 25 41 36 
12 13 15 41 7 4 29 33 30 15 18 4 8 16 21 17 19 11 0 29 11 31 19 8 38 21 13 9 20 20 29 11 26 25 33 33 15 19 16 31 26 
38 29 19 46 36 29 29 22 27 16 20 33 30 29 50 12 27 40 29 0 30 27 45 29 9 31 41 25 32 9 24 31 13 48 20 3 41 41 27 25 10 
8 3 23 51 11 6 39 41 39 22 12 11 18 5 26 20 29 14 11 30 0 40 28 18 40 11 12 19 9 23 38 0 32 35 40 34 24 29 27 40 23 
44 41 17 18 37 35 3 8 1 19 38 35 25 43 44 25 12 41 31 27 40 0 35 24 29 47 45 22 47 23 3 41 14 32 10 29 32 28 15 2 35 
24 31 27 34 17 23 31 41 34 29 37 17 15 34 10 34 23 16 19 45 28 35 0 16 53 39 21 19 38 36 34 28 37 8 42 49 4 6 21 36 44 
20 21 11 33 13 12 22 28 23 12 23 10 1 23 22 17 12 16 8 29 18 24 16 0 36 28 20 3 27 19 22 18 21 20 28 32 12 13 9 24 28 
48 39 26 47 45 39 31 21 28 23 30 43 38 39 58 21 32 50 38 9 40 29 53 36 0 40 51 33 42 17 26 41 17 55 19 6 49 48 33 26 19 
17 8 30 61 22 17 46 46 46 28 11 22 29 5 36 23 38 25 21 31 11 47 39 28 40 0 21 28 2 26 44 11 37 46 45 33 35 40 36 46 21 
3 15 29 52 7 12 42 47 43 29 25 9 19 17 15 30 32 5 13 41 12 45 21 20 51 21 0 22 19 33 43 12 40 29 47 45 18 25 29 45 35 
21 21 7 32 15 13 20 25 21 9 21 12 4 23 25 14 10 19 9 25 19 22 19 3 33 28 22 0 27 16 20 19 18 23 25 29 15 16 7 22 25 
15 6 29 60 20 15 46 47 46 28 11 20 28 4 34 24 37 23 20 32 9 47 38 27 42 2 19 27 0 27 44 9 37 45 46 35 33 39 35 46 22 
30 23 10 40 27 21 23 20 22 7 16 25 21 23 41 3 19 32 20 9 23 23 36 19 17 26 33 16 27 0 20 24 10 39 19 12 32 32 18 21 11 
42 38 15 21 35 33 4 6 2 16 35 33 23 40 43 21 11 39 29 24 38 3 34 22 26 44 43 20 44 20 0 38 10 33 8 26 32 28 14 2 31 
8 3 23 52 10 6 39 41 39 22 12 10 19 6 26 20 30 14 11 31 0 41 28 18 41 11 12 19 9 24 38 0 32 35 41 34 24 29 27 40 24 
38 32 11 32 33 28 15 9 13 10 26 30 23 33 44 13 15 37 26 13 32 14 37 21 17 37 40 18 37 10 10 32 0 38 8 15 33 32 16 11 21 
31 38 29 28 25 29 29 39 32 32 43 24 19 41 18 37 23 24 25 48 35 32 8 20 55 46 29 23 45 39 33 35 38 0 41 51 11 7 22 34 49 
46 40 18 28 40 36 13 2 10 18 35 38 29 42 50 21 18 44 33 20 40 10 42 28 19 45 47 25 46 19 8 41 8 41 0 20 39 35 20 7 29 
42 32 22 47 39 33 30 22 28 19 23 37 33 32 53 15 29 44 33 3 34 29 49 32 6 33 45 29 35 12 26 34 15 51 20 0 44 44 30 26 12 
20 27 23 34 14 18 29 38 31 25 33 13 11 30 11 29 20 13 15 41 24 32 4 12 49 35 18 15 33 32 32 24 33 11 39 44 0 6 18 34 40 
26 32 22 28 19 23 25 34 27 25 36 18 12 35 17 30 17 19 19 41 29 28 6 13 48 40 25 16 39 32 28 29 32 7 35 44 6 0 15 30 42 
29 28 8 25 22 21 12 19 14 11 28 20 10 30 29 18 3 25 16 27 27 15 21 9 33 36 29 7 35 18 14 27 16 22 20 30 18 15 0 16 29 
44 40 16 21 38 35 5 5 3 18 36 35 25 42 45 23 13 41 31 25 40 2 36 24 26 46 45 22 46 21 2 40 11 34 7 26 34 30 16 0 32 
32 21 21 52 31 24 35 30 34 18 11 29 29 20 46 11 31 36 26 10 23 35 44 28 19 21 35 25 22 11 31 24 21 49 29 12 40 42 29 32 0 
0 661
325 457
114 246
126 258
317 449
281 413
528 660
117 249
276 408
128 260
48 180
217 349
469 601
117 249
180 312
503 635
52 184
522 654
130 262
512 644
291 423
413 545
281 413
165 297
454 586
117 249
360 492
347 479
81 213
473 605
391 523
24 156
486 618
408 540
193 325
321 453
260 392
77 209
521 653
189 321
155 287
