41
0 9 24 22 21 16 27 15 26 23 9 24 33 33 34 32 31 21 27 23 23 32 24 10 14 26 27 23 37 32 19 9 25 25 17 23 30 26 32 12 32 
9 0 18 30 14 25 33 25 29 23 14 22 40 42 32 32 37 31 24 22 21 32 17 8 21 36 29 19 44 35 12 18 34 32 27 32 25 36 29 18 39 
24 18 0 37 4 38 34 40 26 15 21 10 41 50 17 20 37 41 9 12 11 20 2 14 39 46 21 5 46 27 6 32 45 36 39 39 6 46 13 36 38 
22 30 37 0 35 11 10 18 17 25 17 30 13 13 34 30 13 8 33 27 27 30 38 25 28 11 24 32 16 24 34 16 10 5 11 2 39 10 35 27 14 
21 14 4 35 0 35 33 37 26 16 18 12 40 49 20 22 37 39 11 13 12 22 2 11 35 44 22 7 45 28 2 29 42 35 36 37 10 43 17 32 38 
16 25 38 11 35 0 21 6 26 30 16 33 24 17 40 37 24 6 36 31 31 37 38 23 16 11 31 34 27 33 33 7 9 16 1 11 42 11 40 16 26 
27 33 34 10 33 21 0 28 9 19 19 25 7 21 27 22 4 19 28 22 22 22 35 26 36 21 16 28 12 14 33 24 20 5 21 12 35 20 28 35 5 
15 25 40 18 37 6 28 0 32 34 20 37 31 22 45 42 31 11 40 35 35 42 39 25 11 15 36 37 33 39 35 7 13 23 7 18 45 15 44 11 32 
26 29 26 17 26 26 9 32 0 11 17 16 15 30 17 13 12 26 19 13 14 13 28 21 38 28 6 20 20 7 27 26 28 13 26 19 26 28 19 36 12 
23 23 15 25 16 30 19 34 11 0 15 5 26 38 10 9 23 32 8 2 3 8 17 15 38 36 6 9 31 12 17 27 34 23 31 27 15 35 10 35 23 
9 14 21 17 18 16 19 20 17 15 0 17 26 30 25 24 23 20 20 15 15 23 21 7 23 25 18 17 30 23 17 12 24 18 18 19 25 25 24 20 25 
24 22 10 30 12 33 25 37 16 5 17 0 31 43 9 10 28 36 3 3 2 10 12 15 39 40 11 4 37 17 13 30 39 28 35 32 9 39 7 37 29 
33 40 41 13 40 24 7 31 15 26 26 31 0 18 32 27 3 21 34 28 29 27 42 33 41 20 22 35 5 19 40 29 21 8 24 13 41 20 34 40 3 
33 42 50 13 49 17 21 22 30 38 30 43 18 0 47 43 20 11 46 40 41 43 51 38 33 7 36 46 17 35 48 25 8 16 16 11 53 7 48 33 21 
34 32 17 34 20 40 27 45 17 10 25 9 32 47 0 4 29 42 9 10 10 4 20 24 48 45 11 13 37 14 22 38 44 31 41 36 13 45 4 46 29 
32 32 20 30 22 37 22 42 13 9 24 10 27 43 4 0 24 38 11 10 10 0 23 24 47 41 6 15 32 9 24 36 41 27 38 32 17 41 8 44 24 
31 37 37 13 37 24 4 31 12 23 23 28 3 20 29 24 0 21 31 25 26 24 39 30 40 22 18 32 8 15 37 28 22 7 24 13 38 21 31 39 1 
21 31 41 8 39 6 19 11 26 32 20 36 21 11 42 38 21 0 39 33 34 38 42 28 22 5 32 37 22 33 38 13 3 14 4 7 45 4 42 22 23 
27 24 9 33 11 36 28 40 19 8 20 3 34 46 9 11 31 39 0 6 5 11 11 17 42 43 13 4 39 19 13 33 42 31 38 35 7 43 5 39 31 
23 22 12 27 13 31 22 35 13 2 15 3 28 40 10 10 25 33 6 0 1 9 15 14 38 37 8 7 33 15 15 28 36 25 32 29 13 37 9 35 26 
23 21 11 27 12 31 22 35 14 3 15 2 29 41 10 10 26 34 5 1 0 10 14 14 38 38 9 6 34 16 14 28 37 25 32 29 12 37 9 35 27 
32 32 20 30 22 37 22 42 13 8 23 10 27 43 4 0 24 38 11 9 10 0 22 24 46 41 6 15 32 9 24 36 41 27 38 32 17 41 8 44 24 
24 17 2 38 2 38 35 39 28 17 21 12 42 51 20 23 39 42 11 15 14 22 0 14 38 47 23 7 47 30 4 32 45 37 39 40 8 46 16 35 40 
10 8 14 25 11 23 26 25 21 15 7 15 33 38 24 24 30 28 17 14 14 24 14 0 24 33 21 13 38 26 10 17 31 26 25 27 20 32 22 22 31 
14 21 39 28 35 16 36 11 38 38 23 39 41 33 48 47 40 22 42 38 38 46 38 24 0 26 41 38 44 45 33 12 24 32 18 28 45 26 47 2 41 
26 36 46 11 44 11 21 15 28 36 25 40 20 7 45 41 22 5 43 37 38 41 47 33 26 0 35 42 21 35 43 18 1 15 9 9 49 0 46 26 23 
27 29 21 24 22 31 16 36 6 6 18 11 22 36 11 6 18 32 13 8 9 6 23 21 41 35 0 16 26 6 23 30 34 20 32 26 20 34 12 39 18 
23 19 5 32 7 34 28 37 20 9 17 4 35 46 13 15 32 37 4 7 6 15 7 13 38 42 16 0 40 22 8 30 41 31 35 34 7 41 10 35 33 
37 44 46 16 45 27 12 33 20 31 30 37 5 17 37 32 8 22 39 33 34 32 47 38 44 21 26 40 0 23 45 32 22 12 26 15 46 20 39 43 8 
32 35 27 24 28 33 14 39 7 12 23 17 19 35 14 9 15 33 19 15 16 9 30 26 45 35 6 22 23 0 29 33 35 19 33 26 25 34 17 43 15 
19 12 6 34 2 33 33 35 27 17 17 13 40 48 22 24 37 38 13 15 14 24 4 10 33 43 23 8 45 29 0 28 41 34 35 36 12 42 19 30 38 
9 18 32 16 29 7 24 7 26 27 12 30 29 25 38 36 28 13 33 28 28 36 32 17 12 18 30 30 32 33 28 0 16 20 9 17 37 18 37 10 29 
25 34 45 10 42 9 20 13 28 34 24 39 21 8 44 41 22 3 42 36 37 41 45 31 24 1 34 41 22 35 41 16 0 15 7 8 48 1 45 24 23 
25 32 36 5 35 16 5 23 13 23 18 28 8 16 31 27 7 14 31 25 25 27 37 26 32 15 20 31 12 19 34 20 15 0 16 6 38 14 32 31 9 
17 27 39 11 36 1 21 7 26 31 18 35 24 16 41 38 24 4 38 32 32 38 39 25 18 9 32 35 26 33 35 9 7 16 0 10 43 9 41 17 25 
23 32 39 2 37 11 12 18 19 27 19 32 13 11 36 32 13 7 35 29 29 32 40 27 28 9 26 34 15 26 36 17 8 6 10 0 41 8 37 27 15 
30 25 6 39 10 42 35 45 26 15 25 9 41 53 13 17 38 45 7 13 12 17 8 20 45 49 20 7 46 25 12 37 48 38 43 41 0 49 9 42 38 
26 36 46 10 43 11 20 15 28 35 25 39 20 7 45 41 21 4 43 37 37 41 46 32 26 0 34 41 20 34 42 18 1 14 9 8 49 0 45 26 22 
32 29 13 35 17 40 28 44 19 10 24 7 34 48 4 8 31 42 5 9 9 8 16 22 47 46 12 10 39 17 19 37 45 32 41 37 9 45 0 44 31 
12 18 36 27 32 16 35 11 36 35 20 37 40 33 46 44 39 22 39 35 35 44 35 22 2 26 39 35 43 43 30 10 24 31 17 27 42 26 44 0 40 
32 39 38 14 38 26 5 32 12 23 25 29 3 21 29 24 1 23 31 26 27 24 40 31 41 23 18 33 8 15 38 29 23 9 25 15 38 22 31 40 0 
0 440
69 289
159 379
79 299
16 236
42 262
170 390
14 234
63 283
13 233
50 270
118 338
86 306
153 373
213 433
149 369
152 372
77 297
209 429
37 257
194 414
147 367
147 367
104 324
136 356
57 277
23 243
219 439
85 305
141 361
191 411
190 410
80 300
215 435
83 303
134 354
54 274
179 399
83 303
61 281
124 344
