41
0 17 28 19 39 13 26 35 22 26 8 21 51 7 20 36 27 7 8 32 21 16 18 22 8 9 13 51 7 28 28 42 38 46 17 36 12 36 45 48 17 
17 0 35 1 35 27 14 42 10 26 21 20 39 16 37 28 12 13 23 37 6 21 30 26 22 25 30 40 13 10 11 33 29 50 25 38 8 40 35 39 23 
28 35 0 36 22 16 31 6 45 13 20 16 43 21 26 27 35 24 21 5 42 14 11 8 20 22 23 41 24 44 46 31 28 18 10 11 37 8 37 37 12 
19 1 36 0 35 28 14 43 9 27 23 21 38 18 38 29 11 14 25 39 6 22 31 28 23 26 31 40 15 9 10 33 30 51 27 39 9 41 34 39 24 
39 35 22 35 0 34 23 24 45 13 33 18 21 32 46 9 27 32 36 18 42 23 30 20 34 38 41 18 33 39 41 10 9 22 25 13 41 18 16 14 24 
13 27 16 28 34 0 30 22 34 20 5 18 50 10 13 34 32 13 5 21 32 12 5 13 5 6 7 49 13 37 38 39 35 35 8 27 25 25 44 46 10 
26 14 31 14 23 30 0 36 23 18 26 14 25 21 42 15 4 19 29 31 19 19 30 23 27 31 35 26 20 16 18 19 16 41 24 30 22 33 20 25 21 
35 42 6 43 24 22 36 0 52 18 26 22 45 28 30 30 40 31 28 5 48 21 16 15 26 28 28 43 31 50 52 34 31 13 17 11 43 6 40 38 19 
22 10 45 9 45 34 23 52 0 37 28 30 47 24 42 38 20 21 30 48 3 30 38 37 29 31 35 49 21 11 10 42 39 61 35 49 9 50 43 48 32 
26 26 13 27 13 20 18 18 37 0 20 6 31 19 33 14 22 20 23 12 33 10 17 7 21 25 28 29 20 33 35 19 15 24 12 12 30 14 24 25 11 
8 21 20 23 33 5 26 26 28 20 0 16 48 4 16 32 27 8 3 24 26 10 10 14 0 5 9 47 7 32 33 37 34 38 9 29 19 27 42 44 9 
21 20 16 21 18 18 14 22 30 6 16 0 32 13 31 16 18 14 19 17 27 6 16 8 17 21 25 31 14 27 29 21 17 30 10 18 24 20 26 28 8 
51 39 43 38 21 50 25 45 47 31 48 32 0 44 63 16 27 43 51 40 43 38 48 38 49 53 57 3 44 36 39 11 15 42 42 35 47 40 6 8 40 
7 16 21 18 32 10 21 28 24 19 4 13 44 0 21 29 23 3 7 25 22 9 13 14 5 9 14 44 3 27 28 35 31 39 11 29 15 28 39 41 9 
20 37 26 38 46 13 42 30 42 33 16 31 63 21 0 47 44 24 13 31 41 25 16 25 15 11 7 62 23 48 48 52 48 43 21 37 32 34 57 59 23 
36 28 27 29 9 34 15 30 38 14 32 16 16 29 47 0 18 29 36 24 34 22 32 22 33 38 41 15 29 30 33 5 1 30 26 20 36 25 10 11 24 
27 12 35 11 27 32 4 40 20 22 27 18 27 23 44 18 0 20 30 35 16 22 33 26 28 32 37 28 21 12 14 22 19 45 27 34 20 37 23 27 24 
7 13 24 14 32 13 19 31 21 20 8 14 43 3 24 29 20 0 10 28 18 11 17 17 9 12 17 43 0 24 25 34 30 42 14 31 12 31 38 41 12 
8 23 21 25 36 5 29 28 30 23 3 19 51 7 13 36 30 10 0 26 28 13 11 17 2 2 6 51 10 34 35 41 37 40 12 31 20 30 45 47 12 
32 37 5 39 18 21 31 5 48 12 24 17 40 25 31 24 35 28 26 0 44 17 16 11 24 28 29 37 28 45 47 28 25 13 15 6 40 3 34 33 16 
21 6 42 6 42 32 19 48 3 33 26 27 43 22 41 34 16 18 28 44 0 27 36 33 27 29 34 45 19 9 8 38 35 57 32 45 8 47 40 44 29 
16 21 14 22 23 12 19 21 30 10 10 6 38 9 25 22 22 11 13 17 27 0 11 6 11 15 19 37 11 30 31 27 23 31 5 20 23 20 32 34 2 
18 30 11 31 30 5 30 16 38 17 10 16 48 13 16 32 33 17 11 16 36 11 0 10 10 11 12 47 17 40 41 37 33 29 6 22 29 19 42 43 8 
22 26 8 28 20 13 23 15 37 7 14 8 38 14 25 22 26 17 17 11 33 6 10 0 14 18 21 37 17 35 37 27 23 25 5 14 29 14 32 33 5 
8 22 20 23 34 5 27 26 29 21 0 17 49 5 15 33 28 9 2 24 27 11 10 14 0 4 8 48 8 33 34 38 34 38 10 29 20 28 43 45 10 
9 25 22 26 38 6 31 28 31 25 5 21 53 9 11 38 32 12 2 28 29 15 11 18 4 0 4 53 12 36 37 43 39 41 13 32 21 31 48 50 14 
13 30 23 31 41 7 35 28 35 28 9 25 57 14 7 41 37 17 6 29 34 19 12 21 8 4 0 56 16 40 41 46 43 42 16 34 26 32 51 53 17 
51 40 41 40 18 49 26 43 49 29 47 31 3 44 62 15 28 43 51 37 45 37 47 37 48 53 56 0 44 38 41 10 13 39 41 32 48 37 5 4 39 
7 13 24 15 33 13 20 31 21 20 7 14 44 3 23 29 21 0 10 28 19 11 17 17 8 12 16 44 0 24 25 34 31 42 14 31 12 31 38 41 12 
28 10 44 9 39 37 16 50 11 33 32 27 36 27 48 30 12 24 34 45 9 30 40 35 33 36 40 38 24 0 2 34 31 57 35 45 17 48 34 39 32 
28 11 46 10 41 38 18 52 10 35 33 29 39 28 48 33 14 25 35 47 8 31 41 37 34 37 41 41 25 2 0 36 34 59 37 47 16 50 36 41 34 
42 33 31 33 10 39 19 34 42 19 37 21 11 35 52 5 22 34 41 28 38 27 37 27 38 43 46 10 34 34 36 0 3 32 31 23 40 28 5 6 29 
38 29 28 30 9 35 16 31 39 15 34 17 15 31 48 1 19 30 37 25 35 23 33 23 34 39 43 13 31 31 34 3 0 31 27 21 37 26 9 10 25 
46 50 18 51 22 35 41 13 61 24 38 30 42 39 43 30 45 42 40 13 57 31 29 25 38 41 42 39 42 57 59 32 31 0 28 11 54 10 37 34 30 
17 25 10 27 25 8 24 17 35 12 9 10 42 11 21 26 27 14 12 15 32 5 6 5 10 13 16 41 14 35 37 31 27 28 0 19 26 18 36 37 2 
36 38 11 39 13 27 30 11 49 12 29 18 35 29 37 20 34 31 31 6 45 20 22 14 29 32 34 32 31 45 47 23 21 11 19 0 42 5 29 27 19 
12 8 37 9 41 25 22 43 9 30 19 24 47 15 32 36 20 12 20 40 8 23 29 29 20 21 26 48 12 17 16 40 37 54 26 42 0 43 42 47 24 
36 40 8 41 18 25 33 6 50 14 27 20 40 28 34 25 37 31 30 3 47 20 19 14 28 31 32 37 31 48 50 28 26 10 18 5 43 0 34 32 19 
45 35 37 34 16 44 20 40 43 24 42 26 6 39 57 10 23 38 45 34 40 32 42 32 43 48 51 5 38 34 36 5 9 37 36 29 42 34 0 5 34 
48 39 37 39 14 46 25 38 48 25 44 28 8 41 59 11 27 41 47 33 44 34 43 33 45 50 53 4 41 39 41 6 10 34 37 27 47 32 5 0 36 
17 23 12 24 24 10 21 19 32 11 9 8 40 9 23 24 24 12 12 16 29 2 8 5 10 14 17 39 12 32 34 29 25 30 2 19 24 19 34 36 0 
0 244
132 180
126 174
78 126
194 242
6 54
60 108
154 202
185 233
49 97
169 217
124 172
191 239
105 153
175 223
90 138
120 168
38 86
10 58
40 88
27 75
156 204
107 155
180 228
1 49
50 98
32 80
11 59
181 229
178 226
188 236
183 231
52 100
185 233
62 110
130 178
34 82
102 150
94 142
64 112
91 139
