41
0 37 14 55 22 15 37 38 24 6 25 41 32 38 31 22 7 21 22 34 41 8 38 21 21 27 25 19 11 16 37 9 18 6 24 38 24 21 25 36 41 
37 0 31 18 15 30 24 10 29 36 25 28 28 2 34 23 33 24 17 12 16 44 2 35 26 22 30 29 32 35 20 28 21 36 30 17 20 16 27 32 25 
14 31 0 47 16 23 41 36 31 8 11 45 18 33 17 10 18 8 23 24 41 16 33 8 27 14 33 26 2 5 25 7 20 8 32 27 27 15 31 42 28 
55 18 47 0 33 49 37 23 46 54 39 40 38 18 45 38 51 39 36 23 27 62 18 49 44 35 47 47 49 51 28 46 39 53 47 24 38 34 44 46 30 
22 15 16 33 0 20 28 20 24 21 14 32 20 17 24 10 20 10 11 12 25 29 16 21 19 12 25 21 17 20 18 13 11 20 24 18 16 1 22 32 24 
15 30 23 49 20 0 23 28 9 19 31 26 38 30 40 26 7 26 13 33 29 22 30 32 7 31 10 4 22 28 39 16 9 19 9 39 12 19 10 20 44 
37 24 41 37 28 23 0 14 15 41 42 4 47 22 52 38 30 38 17 34 9 45 22 48 16 40 15 19 40 46 43 34 20 40 15 40 13 28 13 9 48 
38 10 36 23 20 28 14 0 23 39 34 18 37 8 43 30 33 31 16 22 6 46 8 42 22 30 24 25 37 41 31 31 20 39 24 28 16 21 21 23 36 
24 29 31 46 24 9 15 23 0 28 36 17 43 28 46 32 16 31 12 35 22 31 28 39 4 35 1 5 29 36 42 23 12 28 0 41 8 23 2 11 47 
6 36 8 54 21 19 41 39 28 0 20 44 27 38 26 18 12 17 24 31 43 8 37 15 25 22 30 23 6 10 33 8 20 0 29 35 27 20 29 40 37 
25 25 11 39 14 31 42 34 36 20 0 46 7 28 10 4 27 5 25 15 39 28 28 10 32 3 38 32 14 13 13 16 24 20 37 16 30 14 36 46 16 
41 28 45 40 32 26 4 18 17 44 46 0 52 25 56 42 33 42 21 38 12 49 26 52 19 44 17 22 44 50 47 38 24 44 17 45 17 32 15 8 52 
32 28 18 38 20 38 47 37 43 27 7 52 0 31 6 11 34 12 31 16 43 34 30 13 39 7 45 39 21 18 10 23 31 26 44 14 36 20 42 52 11 
38 2 33 18 17 30 22 8 28 38 28 25 31 0 37 25 33 26 17 15 14 45 0 37 25 24 29 28 34 37 23 29 21 37 29 20 19 18 25 30 28 
31 34 17 45 24 40 52 43 46 26 10 56 6 37 0 14 35 14 35 23 49 32 36 10 42 12 48 42 20 16 17 24 34 25 47 21 40 24 45 56 16 
22 23 10 38 10 26 38 30 32 18 4 42 11 25 14 0 23 1 21 14 35 26 25 12 27 4 34 28 12 13 15 12 19 17 32 17 25 9 31 41 19 
7 33 18 51 20 7 30 33 16 12 27 33 34 33 35 23 0 22 17 32 34 15 33 26 14 28 18 11 15 21 37 10 12 12 17 38 17 19 18 28 42 
21 24 8 39 10 26 38 31 31 17 5 42 12 26 14 1 22 0 21 15 36 25 26 11 27 5 33 27 11 11 16 11 19 16 32 18 25 10 31 41 20 
22 17 23 36 11 13 17 16 12 24 25 21 31 17 35 21 17 21 0 22 18 30 17 31 8 24 14 11 23 28 29 17 4 24 13 28 4 11 11 20 35 
34 12 24 23 12 33 34 22 35 31 15 38 16 15 23 14 32 15 22 0 28 39 14 25 31 11 36 32 26 27 8 24 23 31 35 6 26 13 33 41 14 
41 16 41 27 25 29 9 6 22 43 39 12 43 14 49 35 34 36 18 28 0 49 14 47 22 36 23 25 41 46 37 35 22 42 23 34 17 26 20 19 42 
8 44 16 62 29 22 45 46 31 8 28 49 34 45 32 26 15 25 30 39 49 0 45 21 29 30 33 26 13 16 41 15 26 8 32 43 32 27 33 43 44 
38 2 33 18 16 30 22 8 28 37 28 26 30 0 36 25 33 26 17 14 14 45 0 37 25 24 29 28 34 37 23 29 21 37 29 19 19 18 26 30 28 
21 35 8 49 21 32 48 42 39 15 10 52 13 37 10 12 26 11 31 25 47 21 37 0 35 14 41 35 10 5 23 16 28 15 40 26 35 20 39 50 25 
21 26 27 44 19 7 16 22 4 25 32 19 39 25 42 27 14 27 8 31 22 29 25 35 0 31 6 3 26 32 38 19 8 25 4 37 5 19 4 15 43 
27 22 14 35 12 31 40 30 35 22 3 44 7 24 12 4 28 5 24 11 36 30 24 14 31 0 37 32 17 16 10 17 23 22 36 13 28 12 34 44 14 
25 30 33 47 25 10 15 24 1 30 38 17 45 29 48 34 18 33 14 36 23 33 29 41 6 37 0 6 31 37 44 25 14 30 1 43 10 25 3 10 49 
19 29 26 47 21 4 19 25 5 23 32 22 39 28 42 28 11 27 11 32 25 26 28 35 3 32 6 0 25 31 39 18 9 23 5 39 9 20 6 17 45 
11 32 2 49 17 22 40 37 29 6 14 44 21 34 20 12 15 11 23 26 41 13 34 10 26 17 31 25 0 6 27 6 19 5 30 29 26 16 30 41 31 
16 35 5 51 20 28 46 41 36 10 13 50 18 37 16 13 21 11 28 27 46 16 37 5 32 16 37 31 6 0 27 12 25 10 36 29 32 19 36 47 29 
37 20 25 28 18 39 43 31 42 33 13 47 10 23 17 15 37 16 29 8 37 41 23 23 38 10 44 39 27 27 0 28 30 33 43 3 34 19 41 49 5 
9 28 7 46 13 16 34 31 23 8 16 38 23 29 24 12 10 11 17 24 35 15 29 16 19 17 25 18 6 12 28 0 13 7 24 29 20 12 23 35 32 
18 21 20 39 11 9 20 20 12 20 24 24 31 21 34 19 12 19 4 23 22 26 21 28 8 23 14 9 19 25 30 13 0 20 13 29 6 11 11 22 35 
6 36 8 53 20 19 40 39 28 0 20 44 26 37 25 17 12 16 24 31 42 8 37 15 25 22 30 23 5 10 33 7 20 0 28 35 26 19 29 40 36 
24 30 32 47 24 9 15 24 0 29 37 17 44 29 47 32 17 32 13 35 23 32 29 40 4 36 1 5 30 36 43 24 13 28 0 42 9 24 3 11 48 
38 17 27 24 18 39 40 28 41 35 16 45 14 20 21 17 38 18 28 6 34 43 19 26 37 13 43 39 29 29 3 29 29 35 42 0 32 19 39 47 8 
24 20 27 38 16 12 13 16 8 27 30 17 36 19 40 25 17 25 4 26 17 32 19 35 5 28 10 9 26 32 34 20 6 26 9 32 0 16 6 16 39 
21 16 15 34 1 19 28 21 23 20 14 32 20 18 24 9 19 10 11 13 26 27 18 20 19 12 25 20 16 19 19 12 11 19 24 19 16 0 22 32 24 
25 27 31 44 22 10 13 21 2 29 36 15 42 25 45 31 18 31 11 33 20 33 26 39 4 34 3 6 30 36 41 23 11 29 3 39 6 22 0 11 46 
36 32 42 46 32 20 9 23 11 40 46 8 52 30 56 41 28 41 20 41 19 43 30 50 15 44 10 17 41 47 49 35 22 40 11 47 16 32 11 0 55 
41 25 28 30 24 44 48 36 47 37 16 52 11 28 16 19 42 20 35 14 42 44 28 25 43 14 49 45 31 29 5 32 35 36 48 8 39 24 46 55 0 
0 587
503 503
16 16
164 164
255 255
575 575
292 292
530 530
66 66
10 10
111 111
429 429
167 167
367 367
585 585
223 223
63 63
567 567
7 7
164 164
516 516
366 366
53 53
267 267
475 475
412 412
298 298
226 226
389 389
564 564
42 42
33 33
351 351
207 207
351 351
343 343
55 55
533 533
5 5
437 437
445 445
