41
0 17 23 7 31 25 42 31 41 37 35 40 30 21 18 25 37 42 23 44 15 31 39 22 16 32 44 6 8 44 47 14 43 46 28 29 43 37 27 29 11 
17 0 9 18 21 8 25 15 31 23 29 23 36 4 15 30 22 27 15 27 8 27 31 19 22 33 29 16 9 35 36 7 27 35 12 18 27 26 10 29 20 
23 9 0 26 12 10 24 17 23 15 22 22 34 9 24 28 25 19 23 23 8 20 23 14 31 28 21 20 16 27 27 9 29 26 15 9 28 17 6 24 21 
7 18 26 0 36 25 41 30 46 41 41 40 37 21 13 33 35 45 18 45 19 38 45 28 8 39 47 13 9 50 52 18 41 51 27 34 41 42 28 36 19 
31 21 12 36 0 22 31 27 10 9 11 29 30 21 36 24 36 15 36 26 16 11 10 12 42 20 17 26 27 14 15 18 38 15 27 2 36 6 16 18 24 
25 8 10 25 22 0 16 7 32 21 32 14 43 4 18 37 15 22 15 19 15 31 32 24 27 38 24 25 17 36 35 14 19 33 5 19 19 25 5 35 28 
42 25 24 41 31 16 0 11 38 25 43 2 58 21 31 52 10 21 26 9 31 42 40 39 41 51 23 42 33 42 39 31 8 37 14 29 5 31 18 48 44 
31 15 17 30 27 7 11 0 36 24 38 9 50 10 20 44 8 23 16 16 22 37 38 31 30 45 25 31 22 40 39 21 12 37 3 25 12 29 11 41 35 
41 31 23 46 10 32 38 36 0 12 10 36 33 32 47 28 44 18 46 31 26 13 3 19 53 21 18 35 37 4 6 29 46 6 36 13 44 6 26 20 33 
37 23 15 41 9 21 25 24 12 0 19 23 39 22 38 34 32 6 36 18 22 19 15 21 46 29 8 33 31 16 14 23 33 12 25 9 31 6 15 27 32 
35 29 22 41 11 32 43 38 10 19 0 40 22 31 44 18 47 25 45 37 22 3 6 12 48 11 26 28 33 11 15 24 50 16 37 13 48 13 27 10 25 
40 23 22 40 29 14 2 9 36 23 40 0 56 19 30 50 11 20 25 8 29 40 38 36 40 49 21 39 31 40 37 29 10 35 12 27 7 29 15 46 42 
30 36 34 37 30 43 58 50 33 39 22 56 0 40 46 6 59 46 50 55 28 20 29 19 46 11 47 24 34 33 38 29 63 39 48 31 62 35 40 12 18 
21 4 9 21 21 4 21 10 32 22 31 19 40 0 16 34 18 24 14 23 12 29 32 22 24 36 27 21 12 36 36 11 23 35 8 19 23 26 7 32 24 
18 15 24 13 36 18 31 20 47 38 44 30 46 16 0 41 23 40 5 37 22 42 47 33 9 46 43 22 12 51 52 19 29 50 17 33 30 41 23 42 28 
25 30 28 33 24 37 52 44 28 34 18 50 6 34 41 0 53 40 44 49 22 15 25 13 41 9 42 19 28 29 34 23 57 35 42 25 56 29 34 8 14 
37 22 25 35 36 15 10 8 44 32 47 11 59 18 23 53 0 30 17 19 31 46 46 40 33 53 32 39 29 48 47 29 6 45 10 33 7 38 19 50 42 
42 27 19 45 15 22 21 23 18 6 25 20 46 24 40 40 30 0 38 13 27 26 21 27 49 36 2 38 35 21 18 28 30 15 25 15 27 12 17 34 38 
23 15 23 18 36 15 26 16 46 36 45 25 50 14 5 44 17 38 0 32 23 43 46 34 15 48 40 26 16 50 51 21 23 49 13 33 24 40 21 44 31 
44 27 23 45 26 19 9 16 31 18 37 8 55 23 37 49 19 13 32 0 31 37 34 36 46 47 14 42 36 34 31 31 18 29 19 25 15 25 17 44 44 
15 8 8 19 16 15 31 22 26 22 22 29 28 12 22 22 31 27 23 31 0 20 25 11 26 24 29 11 10 30 32 2 35 31 20 14 34 22 14 21 13 
31 27 20 38 11 31 42 37 13 19 3 40 20 29 42 15 46 26 43 37 20 0 9 9 45 9 27 25 30 14 18 22 49 19 36 13 47 14 26 7 21 
39 31 23 45 10 32 40 38 3 15 6 38 29 32 47 25 46 21 46 34 25 9 0 17 52 17 21 33 36 4 9 28 48 10 37 13 46 9 27 17 30 
22 19 14 28 12 24 39 31 19 21 12 36 19 22 33 13 40 27 34 36 11 9 17 0 36 13 29 16 21 22 25 13 44 25 30 11 43 18 21 10 13 
16 22 31 8 42 27 41 30 53 46 48 40 46 24 9 41 33 49 15 46 26 45 52 36 0 48 51 22 15 56 58 24 39 57 27 40 40 48 31 44 27 
32 33 28 39 20 38 51 45 21 29 11 49 11 36 46 9 53 36 48 47 24 9 17 13 48 0 37 26 33 21 26 26 57 28 43 22 56 24 34 3 20 
44 29 21 47 17 24 23 25 18 8 26 21 47 27 43 42 32 2 40 14 29 27 21 29 51 37 0 41 37 21 17 30 31 15 27 17 29 13 19 35 40 
6 16 20 13 26 25 42 31 35 33 28 39 24 21 22 19 39 38 26 42 11 25 33 16 22 26 41 0 10 38 41 11 44 41 29 24 44 32 25 23 5 
8 9 16 9 27 17 33 22 37 31 33 31 34 12 12 28 29 35 16 36 10 30 36 21 15 33 37 10 0 41 43 8 34 42 19 24 35 32 18 30 15 
44 35 27 50 14 36 42 40 4 16 11 40 33 36 51 29 48 21 50 34 30 14 4 22 56 21 21 38 41 0 5 32 50 7 40 17 48 10 30 21 35 
47 36 27 52 15 35 39 39 6 14 15 37 38 36 52 34 47 18 51 31 32 18 9 25 58 26 17 41 43 5 0 34 48 2 40 18 45 10 30 26 39 
14 7 9 18 18 14 31 21 29 23 24 29 29 11 19 23 29 28 21 31 2 22 28 13 24 26 30 11 8 32 34 0 34 33 19 16 34 24 13 23 13 
43 27 29 41 38 19 8 12 46 33 50 10 63 23 29 57 6 30 23 18 35 49 48 44 39 57 31 44 34 50 48 34 0 45 15 36 2 39 23 54 48 
46 35 26 51 15 33 37 37 6 12 16 35 39 35 50 35 45 15 49 29 31 19 10 25 57 28 15 41 42 7 2 33 45 0 38 17 43 9 28 27 39 
28 12 15 27 27 5 14 3 36 25 37 12 48 8 17 42 10 25 13 19 20 36 37 30 27 43 27 29 19 40 40 19 15 38 0 24 15 30 10 40 32 
29 18 9 34 2 19 29 25 13 9 13 27 31 19 33 25 33 15 33 25 14 13 13 11 40 22 17 24 24 17 18 16 36 17 24 0 34 8 14 19 23 
43 27 28 41 36 19 5 12 44 31 48 7 62 23 30 56 7 27 24 15 34 47 46 43 40 56 29 44 35 48 45 34 2 43 15 34 0 37 21 52 47 
37 26 17 42 6 25 31 29 6 6 13 29 35 26 41 29 38 12 40 25 22 14 9 18 48 24 13 32 32 10 10 24 39 9 30 8 37 0 19 22 31 
27 10 6 28 16 5 18 11 26 15 27 15 40 7 23 34 19 17 21 17 14 26 27 21 31 34 19 25 18 30 30 13 23 28 10 14 21 19 0 30 27 
29 29 24 36 18 35 48 41 20 27 10 46 12 32 42 8 50 34 44 44 21 7 17 10 44 3 35 23 30 21 26 23 54 27 40 19 52 22 30 0 18 
11 20 21 19 24 28 44 35 33 32 25 42 18 24 28 14 42 38 31 44 13 21 30 13 27 20 40 5 15 35 39 13 48 39 32 23 47 31 27 18 0 
0 293
27 27
66 66
181 181
270 270
145 145
162 162
129 129
162 162
28 28
24 24
207 207
86 86
260 260
193 193
158 158
248 248
127 127
225 225
207 207
198 198
37 37
31 31
139 139
128 128
81 81
281 281
266 266
127 127
105 105
207 207
44 44
19 19
124 124
114 114
230 230
105 105
253 253
60 60
90 90
168 168
