41
0 31 37 10 12 38 16 8 4 10 8 10 9 42 9 34 7 5 31 19 2 44 17 44 29 34 32 20 18 36 23 39 36 20 39 27 33 27 37 32 19 
31 0 54 21 41 46 47 27 27 34 39 21 22 33 40 28 37 31 51 16 29 29 13 30 12 45 51 45 38 29 11 36 53 12 57 3 35 29 35 26 24 
37 54 0 43 27 14 35 33 41 27 39 43 38 36 34 32 33 32 8 52 38 41 44 41 43 10 5 18 19 32 42 28 0 42 3 51 22 26 27 32 29 
10 21 43 0 22 41 26 10 6 17 18 0 5 39 20 31 17 12 38 9 8 39 8 40 22 37 39 29 24 33 16 38 42 12 46 17 33 26 36 29 18 
12 41 27 22 0 32 10 14 17 6 12 22 19 42 7 35 6 9 19 32 14 45 27 46 35 26 22 8 9 36 31 37 26 28 28 37 30 26 35 33 21 
38 46 14 41 32 0 42 32 40 28 43 41 36 22 39 19 36 33 19 48 38 27 39 28 34 5 15 25 22 19 34 14 14 35 17 43 10 17 13 20 23 
16 47 35 26 10 42 0 21 20 16 9 26 25 53 6 45 10 16 26 35 18 55 33 56 44 36 30 17 20 46 39 48 34 36 35 43 40 37 46 43 30 
8 27 33 10 14 32 21 0 8 8 15 10 5 34 15 26 11 4 28 19 7 36 13 36 22 28 28 19 14 28 17 31 32 14 35 23 25 19 29 24 11 
4 27 41 6 17 40 20 8 0 14 12 5 6 42 14 34 11 8 35 15 2 43 13 43 27 36 36 25 21 36 21 40 40 17 42 23 34 27 38 31 19 
10 34 27 17 6 28 16 8 14 0 14 17 13 36 11 28 7 5 21 27 11 39 21 40 29 24 22 11 7 30 24 32 26 22 28 31 25 20 30 27 14 
8 39 39 18 12 43 9 15 12 14 0 18 17 50 5 42 6 11 31 26 10 52 25 52 38 38 34 21 21 43 32 46 38 29 40 36 39 34 44 39 26 
10 21 43 0 22 41 26 10 5 17 18 0 5 40 19 32 17 12 38 9 8 40 8 40 22 38 39 29 24 34 17 38 42 13 46 18 34 27 37 29 18 
9 22 38 5 19 36 25 5 6 13 17 5 0 35 18 27 15 9 33 14 7 36 8 37 20 32 34 25 19 29 14 33 37 11 41 18 28 21 31 25 13 
42 33 36 39 42 22 53 34 42 36 50 40 35 0 47 8 44 38 39 43 41 5 33 5 21 25 36 40 34 6 25 7 35 28 39 32 14 15 9 10 23 
9 40 34 20 7 39 6 15 14 11 5 19 18 47 0 39 3 10 26 29 11 50 26 50 37 33 29 16 16 41 32 43 33 29 35 37 36 32 41 37 24 
34 28 32 31 35 19 45 26 34 28 42 32 27 8 39 0 36 30 33 36 33 10 26 11 16 21 31 33 26 1 18 7 31 21 35 26 9 8 7 2 15 
7 37 33 17 6 36 10 11 11 7 6 17 15 44 3 36 0 6 25 26 8 46 23 47 34 31 28 15 14 37 28 40 32 25 34 33 33 28 38 34 21 
5 31 32 12 9 33 16 4 8 5 11 12 9 38 10 30 6 0 26 22 5 40 17 41 27 28 27 16 13 32 22 34 31 19 34 27 28 22 32 28 15 
31 51 8 38 19 19 26 28 35 21 31 38 33 39 26 33 25 26 0 48 32 44 40 44 42 14 4 10 13 34 40 32 7 39 8 48 24 26 30 33 27 
19 16 52 9 32 48 35 19 15 27 26 9 14 43 29 36 26 22 48 0 17 41 9 42 22 46 48 38 34 37 17 43 51 14 55 14 40 32 41 33 25 
2 29 38 8 14 38 18 7 2 11 10 8 7 41 11 33 8 5 32 17 0 42 15 43 27 34 33 22 18 35 22 39 37 18 40 25 33 26 36 31 18 
44 29 41 39 45 27 55 36 43 39 52 40 36 5 50 10 46 40 44 41 42 0 32 0 19 30 41 44 37 9 23 13 40 27 45 29 19 19 14 12 25 
17 13 44 8 27 39 33 13 13 21 25 8 8 33 26 26 23 17 40 9 15 32 0 33 14 37 40 32 26 28 9 33 43 5 47 10 30 23 32 24 15 
44 30 41 40 46 28 56 36 43 40 52 40 37 5 50 11 47 41 44 42 43 0 33 0 20 30 41 44 38 10 24 13 41 28 45 30 19 19 14 13 25 
29 12 43 22 35 34 44 22 27 29 38 22 20 21 37 16 34 27 42 22 27 19 14 20 0 34 41 38 31 17 5 24 43 9 47 10 24 17 23 14 15 
34 45 10 37 26 5 36 28 36 24 38 38 32 25 33 21 31 28 14 46 34 30 37 30 34 0 11 20 17 21 33 17 10 33 14 42 11 16 16 21 21 
32 51 5 39 22 15 30 28 36 22 34 39 34 36 29 31 28 27 4 48 33 41 40 41 41 11 0 13 14 31 39 28 4 38 6 47 21 24 27 30 26 
20 45 18 29 8 25 17 19 25 11 21 29 25 40 16 33 15 16 10 38 22 44 32 44 38 20 13 0 6 34 34 34 17 32 19 41 26 25 32 32 22 
18 38 19 24 9 22 20 14 21 7 21 24 19 34 16 26 14 13 13 34 18 37 26 38 31 17 14 6 0 28 27 28 18 26 21 35 20 18 26 25 15 
36 29 32 33 36 19 46 28 36 30 43 34 29 6 41 1 37 32 34 37 35 9 28 10 17 21 31 34 28 0 20 6 31 23 36 28 9 9 6 4 17 
23 11 42 16 31 34 39 17 21 24 32 17 14 25 32 18 28 22 40 17 22 23 9 24 5 33 39 34 27 20 0 26 41 3 45 9 24 17 25 16 12 
39 36 28 38 37 14 48 31 40 32 46 38 33 7 43 7 40 34 32 43 39 13 33 13 24 17 28 34 28 6 26 0 28 29 32 34 7 12 2 10 20 
36 53 0 42 26 14 34 32 40 26 38 42 37 35 33 31 32 31 7 51 37 40 43 41 43 10 4 17 18 31 41 28 0 41 4 50 21 25 26 31 28 
20 12 42 12 28 35 36 14 17 22 29 13 11 28 29 21 25 19 39 14 18 27 5 28 9 33 38 32 26 23 3 29 41 0 45 9 26 19 27 19 12 
39 57 3 46 28 17 35 35 42 28 40 46 41 39 35 35 34 34 8 55 40 45 47 45 47 14 6 19 21 36 45 32 4 45 0 54 26 29 30 35 32 
27 3 51 17 37 43 43 23 23 31 36 18 18 32 37 26 33 27 48 14 25 29 10 30 10 42 47 41 35 28 9 34 50 9 54 0 33 26 33 24 21 
33 35 22 33 30 10 40 25 34 25 39 34 28 14 36 9 33 28 24 40 33 19 30 19 24 11 21 26 20 9 24 7 21 26 26 33 0 7 5 10 15 
27 29 26 26 26 17 37 19 27 20 34 27 21 15 32 8 28 22 26 32 26 19 23 19 17 16 24 25 18 9 17 12 25 19 29 26 7 0 10 6 8 
37 35 27 36 35 13 46 29 38 30 44 37 31 9 41 7 38 32 30 41 36 14 32 14 23 16 27 32 26 6 25 2 26 27 30 33 5 10 0 8 18 
32 26 32 29 33 20 43 24 31 27 39 29 25 10 37 2 34 28 33 33 31 12 24 13 14 21 30 32 25 4 16 10 31 19 35 24 10 6 8 0 13 
19 24 29 18 21 23 30 11 19 14 26 18 13 23 24 15 21 15 27 25 18 25 15 25 15 21 26 22 15 17 12 20 28 12 32 21 15 8 18 13 0 
0 244
108 205
142 239
140 237
51 148
69 166
90 187
4 101
7 104
117 214
54 151
124 221
51 148
114 211
140 237
16 113
105 202
97 194
81 178
142 239
92 189
90 187
141 238
7 104
49 146
130 227
65 162
63 160
21 118
123 220
139 236
65 162
133 230
129 226
123 220
56 153
97 194
5 102
114 211
133 230
44 141
