41
0 21 6 15 26 34 19 37 38 32 26 20 32 31 33 14 41 32 10 11 37 29 28 36 23 6 14 19 42 11 24 11 32 10 22 35 29 10 27 12 2 
21 0 24 7 9 14 21 22 17 12 14 2 13 24 25 7 26 20 16 14 17 13 23 19 13 23 30 18 25 26 21 9 13 12 15 16 31 13 20 25 21 
6 24 0 17 31 38 25 42 40 36 25 24 36 37 39 17 40 38 9 11 41 33 34 37 29 1 18 17 41 16 30 14 34 16 22 36 35 11 26 6 8 
15 7 17 0 16 22 22 29 23 20 13 8 21 28 30 0 27 26 9 6 25 19 27 22 18 15 26 12 27 23 24 3 17 9 11 20 33 5 16 17 16 
26 9 31 16 0 8 18 12 19 7 23 8 6 16 16 16 32 10 25 23 10 3 16 25 6 30 31 28 31 28 16 17 17 15 24 21 26 21 29 33 26 
34 14 38 22 8 0 26 11 14 2 25 13 2 21 20 22 30 13 31 29 2 7 22 22 14 37 40 32 28 36 23 24 15 23 27 18 32 28 31 39 34 
19 21 25 22 18 26 0 23 37 26 34 19 24 12 15 21 47 17 26 25 28 18 9 40 11 26 16 33 46 13 5 20 34 13 33 37 10 23 38 31 17 
37 22 42 29 12 11 23 0 25 13 35 20 10 13 11 28 41 6 37 35 10 9 16 34 13 42 39 41 39 36 18 30 26 26 37 29 26 34 41 45 36 
38 17 40 23 19 14 37 25 0 12 18 18 15 34 34 23 17 27 31 29 14 20 35 10 26 39 48 28 14 44 35 26 6 29 22 7 45 29 23 39 39 
32 12 36 20 7 2 26 13 12 0 22 12 3 22 22 19 28 15 29 27 5 8 23 20 14 35 39 30 26 35 23 22 13 22 25 16 33 25 28 37 32 
26 14 25 13 23 25 34 35 18 22 0 16 25 38 40 13 15 34 16 14 27 27 38 11 28 24 39 10 16 35 35 15 12 22 4 12 45 15 5 22 28 
20 2 24 8 8 13 19 20 18 12 16 0 12 22 23 8 28 18 17 15 16 11 21 21 11 23 29 20 27 25 19 10 14 11 17 17 29 14 22 26 21 
32 13 36 21 6 2 24 10 15 3 25 12 0 19 19 20 31 12 30 27 4 5 20 23 12 35 38 31 29 34 21 22 16 21 27 19 30 26 31 38 32 
31 24 37 28 16 21 12 13 34 22 38 22 19 0 2 27 49 7 35 33 21 13 3 41 10 37 28 41 47 25 7 27 33 21 38 37 12 31 44 41 29 
33 25 39 30 16 20 15 11 34 22 40 23 19 2 0 29 49 6 37 36 21 14 6 41 12 39 31 43 48 28 10 30 34 24 40 37 15 34 45 44 32 
14 7 17 0 16 22 21 28 23 19 13 8 20 27 29 0 28 25 9 7 24 19 26 22 17 15 26 13 28 22 23 2 18 8 12 20 32 6 17 17 15 
41 26 40 27 32 30 47 41 17 28 15 28 31 49 49 28 0 43 31 29 32 35 49 7 38 39 54 24 3 50 47 30 15 36 18 12 57 30 15 37 43 
32 20 38 26 10 13 17 6 27 15 34 18 12 7 6 25 43 0 34 32 14 7 10 35 9 38 33 38 41 30 12 26 27 22 35 31 20 31 40 42 31 
10 16 9 9 25 31 26 37 31 29 16 17 30 35 37 9 31 34 0 2 34 28 33 27 25 7 24 9 32 22 29 7 25 13 12 26 36 3 17 8 13 
11 14 11 6 23 29 25 35 29 27 14 15 27 33 36 7 29 32 2 0 32 26 32 25 23 9 25 8 30 22 28 6 23 12 11 24 36 1 15 10 13 
37 17 41 25 10 2 28 10 14 5 27 16 4 21 21 24 32 14 34 32 0 9 23 24 16 40 42 35 29 38 24 27 17 26 30 20 34 30 33 42 36 
29 13 33 19 3 7 18 9 20 8 27 11 5 13 14 19 35 7 28 26 9 0 14 27 6 33 33 31 33 29 15 20 20 18 28 23 25 25 32 36 28 
28 23 34 27 16 22 9 16 35 23 38 21 20 3 6 26 49 10 33 32 23 14 0 41 10 34 25 39 47 22 4 26 34 19 38 37 10 30 43 39 26 
36 19 37 22 25 22 40 34 10 20 11 21 23 41 41 22 7 35 27 25 24 27 41 0 31 35 48 22 6 45 40 25 7 30 16 4 50 26 15 34 38 
23 13 29 18 6 14 11 13 26 14 28 11 12 10 12 17 38 9 25 23 16 6 10 31 0 28 26 30 37 22 9 17 24 13 28 27 19 22 33 32 22 
6 23 1 15 30 37 26 42 39 35 24 23 35 37 39 15 39 38 7 9 40 33 34 35 28 0 19 15 40 18 30 13 33 15 20 34 36 10 24 5 9 
14 30 18 26 31 40 16 39 48 39 39 29 38 28 31 26 54 33 24 25 42 33 25 48 26 19 0 33 54 3 21 23 43 18 36 46 21 24 41 25 11 
19 18 17 12 28 32 33 41 28 30 10 20 31 41 43 13 24 38 9 8 35 31 39 22 30 15 33 0 25 31 36 13 22 20 6 22 44 10 8 13 22 
42 25 41 27 31 28 46 39 14 26 16 27 29 47 48 28 3 41 32 30 29 33 47 6 37 40 54 25 0 50 46 30 13 36 19 10 56 31 17 38 43 
11 26 16 23 28 36 13 36 44 35 35 25 34 25 28 22 50 30 22 22 38 29 22 45 22 18 3 31 50 0 18 20 39 14 33 42 19 21 38 23 9 
24 21 30 24 16 23 5 18 35 23 35 19 21 7 10 23 47 12 29 28 24 15 4 40 9 30 21 36 46 18 0 22 33 16 35 36 10 26 40 35 22 
11 9 14 3 17 24 20 30 26 22 15 10 22 27 30 2 30 26 7 6 27 20 26 25 17 13 23 13 30 20 22 0 21 7 13 23 31 4 19 15 12 
32 13 34 17 17 15 34 26 6 13 12 14 16 33 34 18 15 27 25 23 17 20 34 7 24 33 43 22 13 39 33 21 0 25 16 3 43 23 17 33 33 
10 12 16 9 15 23 13 26 29 22 22 11 21 21 24 8 36 22 13 12 26 18 19 30 13 15 18 20 36 14 16 7 25 0 20 27 23 10 26 19 10 
22 15 22 11 24 27 33 37 22 25 4 17 27 38 40 12 18 35 12 11 30 28 38 16 28 20 36 6 19 33 35 13 16 20 0 16 44 12 5 18 24 
35 16 36 20 21 18 37 29 7 16 12 17 19 37 37 20 12 31 26 24 20 23 37 4 27 34 46 22 10 42 36 23 3 27 16 0 46 24 16 34 36 
29 31 35 33 26 32 10 26 45 33 45 29 30 12 15 32 57 20 36 36 34 25 10 50 19 36 21 44 56 19 10 31 43 23 44 46 0 34 49 41 26 
10 13 11 5 21 28 23 34 29 25 15 14 26 31 34 6 30 31 3 1 30 25 30 26 22 10 24 10 31 21 26 4 23 10 12 24 34 0 17 11 12 
27 20 26 16 29 31 38 41 23 28 5 22 31 44 45 17 15 40 17 15 33 32 43 15 33 24 41 8 17 38 40 19 17 26 5 16 49 17 0 21 29 
12 25 6 17 33 39 31 45 39 37 22 26 38 41 44 17 37 42 8 10 42 36 39 34 32 5 25 13 38 23 35 15 33 19 18 34 41 11 21 0 14 
2 21 8 16 26 34 17 36 39 32 28 21 32 29 32 15 43 31 13 13 36 28 26 38 22 9 11 22 43 9 22 12 33 10 24 36 26 12 29 14 0 
0 244
154 154
193 193
62 62
26 26
74 74
126 126
194 194
33 33
216 216
185 185
173 173
67 67
7 7
173 173
198 198
219 219
19 19
167 167
97 97
53 53
200 200
150 150
87 87
68 68
32 32
179 179
99 99
175 175
93 93
121 121
126 126
26 26
179 179
60 60
66 66
233 233
169 169
91 91
152 152
129 129
