41
0 32 44 10 22 49 17 13 46 41 29 27 12 39 39 42 49 16 41 17 44 23 26 31 17 30 26 27 33 32 50 20 50 10 37 12 31 21 15 14 20 
32 0 29 37 15 29 39 25 19 9 27 13 28 6 28 42 21 23 39 30 44 36 8 28 20 42 7 42 22 30 50 17 27 25 33 23 39 22 17 42 28 
44 29 0 41 23 7 37 45 17 25 16 41 32 28 5 18 19 27 16 29 20 29 35 14 27 29 33 32 10 14 23 24 12 34 11 31 24 22 31 44 25 
10 37 41 0 23 47 6 23 47 44 24 35 9 43 35 35 50 15 34 11 36 14 33 27 17 20 33 18 31 27 42 21 49 11 32 14 23 19 20 4 15 
22 15 23 23 0 27 24 22 23 21 13 21 14 20 19 29 27 8 27 14 31 20 16 15 5 26 14 26 13 17 37 1 27 12 21 9 24 6 7 28 12 
49 29 7 47 27 0 44 48 12 22 23 42 38 26 13 25 13 33 23 35 27 36 36 21 31 37 34 39 16 22 30 28 5 39 19 36 32 28 34 50 32 
17 39 37 6 24 44 0 29 46 45 21 39 11 45 32 29 49 15 29 10 30 8 36 23 19 14 36 11 29 23 36 22 47 15 28 16 17 18 22 7 13 
13 25 45 23 22 48 29 0 42 34 33 15 20 32 41 48 45 21 47 25 51 32 17 36 19 40 18 38 35 37 57 21 48 15 42 16 40 25 14 27 27 
46 19 17 47 23 12 46 42 0 10 26 32 37 14 20 35 3 31 32 36 37 39 27 26 29 42 25 44 18 27 41 25 8 36 26 33 38 27 30 51 33 
41 9 25 44 21 22 45 34 10 0 29 22 35 3 26 41 12 29 38 35 43 40 18 29 26 45 16 46 22 31 48 23 19 33 32 30 41 27 25 49 33 
29 27 16 24 13 23 21 33 26 29 0 35 17 30 10 15 30 13 13 12 18 13 29 2 13 16 28 17 8 3 24 13 26 19 8 17 12 8 19 27 9 
27 13 41 35 21 42 39 15 32 22 35 0 29 19 39 50 34 26 48 32 53 40 5 37 23 47 7 46 32 38 59 22 40 24 42 23 45 28 17 40 32 
12 28 32 9 14 38 11 20 37 35 17 29 0 34 27 30 41 5 29 5 32 12 25 19 8 19 25 17 22 20 38 12 40 4 25 5 20 10 11 13 8 
39 6 28 43 20 26 45 32 14 3 30 19 34 0 29 43 16 29 40 35 46 41 15 31 26 46 13 46 24 32 51 22 23 31 34 29 42 27 23 48 33 
39 28 5 35 19 13 32 41 20 26 10 39 27 29 0 14 23 22 12 23 17 23 33 8 22 24 32 26 6 9 21 20 17 29 6 26 19 17 27 38 20 
42 42 18 35 29 25 29 48 35 41 15 50 30 43 14 0 37 27 2 24 2 20 45 13 29 16 43 19 19 12 8 29 30 33 9 32 11 23 35 36 22 
49 21 19 50 27 13 49 45 3 12 30 34 41 16 23 37 0 35 35 39 40 43 29 29 32 46 28 47 21 30 43 29 9 40 29 37 41 31 33 54 36 
16 23 27 15 8 33 15 21 31 29 13 26 5 29 22 27 35 0 26 6 30 13 22 15 3 20 21 19 17 16 36 6 34 6 21 4 19 5 8 19 6 
41 39 16 34 27 23 29 47 32 38 13 48 29 40 12 2 35 26 0 23 5 20 43 11 27 16 41 19 16 10 10 26 28 32 6 30 11 22 33 36 20 
17 30 29 11 14 35 10 25 36 35 12 32 5 35 23 24 39 6 23 0 26 7 28 15 9 14 27 13 19 15 33 12 37 9 20 9 14 8 15 15 3 
44 44 20 36 31 27 30 51 37 43 18 53 32 46 17 2 40 30 5 26 0 22 47 16 31 17 46 20 22 14 6 31 32 35 11 34 13 26 37 37 24 
23 36 29 14 20 36 8 32 39 40 13 40 12 41 23 20 43 13 20 7 22 0 35 15 16 7 34 6 21 14 28 19 40 16 19 16 9 13 22 16 7 
26 8 35 33 16 36 36 17 27 18 29 5 25 15 33 45 29 22 43 28 47 35 0 31 18 42 1 41 27 33 53 17 34 21 36 20 40 23 13 38 28 
31 28 14 27 15 21 23 36 26 29 2 37 19 31 8 13 29 15 11 15 16 15 31 0 16 16 30 18 7 1 22 15 25 22 6 19 12 11 22 30 11 
17 20 27 17 5 31 19 19 29 26 13 23 8 26 22 29 32 3 27 9 31 16 18 16 0 23 17 22 16 17 38 3 33 7 22 4 22 5 6 22 9 
30 42 29 20 26 37 14 40 42 45 16 47 19 46 24 16 46 20 16 14 17 7 42 16 23 0 41 3 24 15 22 25 41 24 18 23 5 19 29 21 14 
26 7 33 33 14 34 36 18 25 16 28 7 25 13 32 43 28 21 41 27 46 34 1 30 17 41 0 40 25 31 52 15 33 21 35 19 39 21 13 37 27 
27 42 32 18 26 39 11 38 44 46 17 46 17 46 26 19 47 19 19 13 20 6 41 18 22 3 40 0 25 17 25 25 43 22 21 22 8 19 28 18 13 
33 22 10 31 13 16 29 35 18 22 8 32 22 24 6 19 21 17 16 19 22 21 27 7 16 24 25 25 0 9 27 13 18 23 10 20 19 12 20 34 16 
32 30 14 27 17 22 23 37 27 31 3 38 20 32 9 12 30 16 10 15 14 14 33 1 17 15 31 17 9 0 20 16 25 22 5 20 10 12 23 30 12 
50 50 23 42 37 30 36 57 41 48 24 59 38 51 21 8 43 36 10 33 6 28 53 22 38 22 52 25 27 20 0 37 35 42 17 40 19 32 44 43 30 
20 17 24 21 1 28 22 21 25 23 13 22 12 22 20 29 29 6 26 12 31 19 17 15 3 25 15 25 13 16 37 0 29 11 21 8 23 5 7 26 11 
50 27 12 49 27 5 47 48 8 19 26 40 40 23 17 30 9 34 28 37 32 40 34 25 33 41 33 43 18 25 35 29 0 40 23 37 36 30 35 53 34 
10 25 34 11 12 39 15 15 36 33 19 24 4 31 29 33 40 6 32 9 35 16 21 22 7 24 21 22 23 22 42 11 40 0 28 2 24 11 8 16 11 
37 33 11 32 21 19 28 42 26 32 8 42 25 34 6 9 29 21 6 20 11 19 36 6 22 18 35 21 10 5 17 21 23 28 0 26 13 17 28 35 17 
12 23 31 14 9 36 16 16 33 30 17 23 5 29 26 32 37 4 30 9 34 16 20 19 4 23 19 22 20 20 40 8 37 2 26 0 23 9 6 19 10 
31 39 24 23 24 32 17 40 38 41 12 45 20 42 19 11 41 19 11 14 13 9 40 12 22 5 39 8 19 10 19 23 36 24 13 23 0 17 28 24 13 
21 22 22 19 6 28 18 25 27 27 8 28 10 27 17 23 31 5 22 8 26 13 23 11 5 19 21 19 12 12 32 5 30 11 17 9 17 0 11 23 6 
15 17 31 20 7 34 22 14 30 25 19 17 11 23 27 35 33 8 33 15 37 22 13 22 6 29 13 28 20 23 44 7 35 8 28 6 28 11 0 24 15 
14 42 44 4 28 50 7 27 51 49 27 40 13 48 38 36 54 19 36 15 37 16 38 30 22 21 37 18 34 30 43 26 53 16 35 19 24 23 24 0 18 
20 28 25 15 12 32 13 27 33 33 9 32 8 33 20 22 36 6 20 3 24 7 28 11 9 14 27 13 16 12 30 11 34 11 17 10 13 6 15 18 0 
0 269
179 179
252 252
191 191
80 80
197 197
144 144
220 220
81 81
47 47
166 166
2 2
157 157
198 198
8 8
139 139
215 215
160 160
110 110
21 21
25 25
215 215
262 262
205 205
190 190
190 190
198 198
246 246
85 85
75 75
18 18
9 9
47 47
146 146
107 107
105 105
5 5
60 60
166 166
172 172
0 0
