41
0 21 15 18 41 20 15 5 25 36 34 42 31 27 23 34 21 25 11 24 4 21 9 34 9 22 35 15 7 28 19 4 40 35 26 34 29 22 14 13 26 
21 0 22 16 46 39 36 15 4 18 40 24 17 12 27 36 4 46 19 33 24 42 22 29 18 13 41 17 27 8 19 16 46 37 18 37 40 38 21 32 34 
15 22 0 8 56 34 21 16 26 41 49 47 39 34 37 48 20 34 4 39 14 29 6 46 6 15 50 5 20 31 6 14 56 50 36 49 45 37 1 27 41 
18 16 8 0 56 38 28 16 19 35 49 40 33 28 36 47 13 41 8 40 18 35 11 43 8 7 50 2 24 24 3 15 55 49 32 48 46 40 7 31 41 
41 46 56 56 0 33 48 40 48 41 7 46 37 38 19 10 49 46 52 17 44 47 51 22 50 57 6 55 38 46 58 41 1 8 29 8 15 25 55 35 15 
20 39 34 38 33 0 17 24 44 49 26 56 43 41 23 30 40 13 31 17 20 14 28 38 30 43 27 36 13 45 39 24 32 32 35 30 18 8 33 7 20 
15 36 21 28 48 17 0 21 41 51 41 58 47 43 33 43 36 13 20 31 11 7 16 47 20 35 42 25 12 44 28 20 47 45 41 43 34 24 21 13 34 
5 15 16 16 40 24 21 0 20 30 33 37 26 22 21 32 16 31 12 24 9 27 12 30 9 19 34 14 12 22 18 1 40 34 21 32 30 25 14 17 26 
25 4 26 19 48 44 41 20 0 16 43 21 16 12 30 38 6 51 24 37 29 47 27 30 22 14 44 21 32 5 22 21 48 40 19 39 44 42 24 37 37 
36 18 41 35 41 49 51 30 16 0 39 6 5 8 28 32 22 59 38 36 40 56 40 20 36 31 39 36 40 11 38 31 42 33 14 33 42 44 39 44 35 
34 40 49 49 7 26 41 33 43 39 0 44 34 34 13 7 44 39 45 10 37 40 44 20 43 51 1 48 31 41 51 34 6 7 25 6 8 18 48 27 7 
42 24 47 40 46 56 58 37 21 6 44 0 12 15 35 37 27 66 44 43 46 63 46 24 42 35 44 42 47 16 43 38 47 38 20 38 48 51 45 51 41 
31 17 39 33 37 43 47 26 16 5 34 12 0 4 23 27 21 54 35 31 36 51 37 15 33 30 34 34 36 11 36 28 37 28 9 28 37 39 37 39 30 
27 12 34 28 38 41 43 22 12 8 34 15 4 0 22 27 16 51 30 29 31 47 32 18 28 25 34 29 32 8 31 23 38 29 8 29 36 37 32 35 29 
23 27 37 36 19 23 33 21 30 28 13 35 23 22 0 11 30 36 33 7 26 34 32 15 31 38 14 35 22 29 38 22 19 12 14 11 14 16 35 21 6 
34 36 48 47 10 30 43 32 38 32 7 37 27 27 11 0 39 44 44 12 37 43 43 12 42 47 7 46 32 35 49 33 10 1 19 1 14 22 46 30 9 
21 4 20 13 49 40 36 16 6 22 44 27 21 16 30 39 0 47 17 36 24 42 21 33 16 9 44 14 28 11 16 16 49 41 22 41 43 40 18 34 37 
25 46 34 41 46 13 13 31 51 59 39 66 54 51 36 44 47 0 33 31 23 5 29 51 32 47 40 38 19 53 41 30 45 45 47 43 31 21 34 15 34 
11 19 4 8 52 31 20 12 24 38 45 44 35 30 33 44 17 33 0 35 10 27 3 42 2 14 46 5 17 28 8 10 51 46 32 44 41 34 2 24 37 
24 33 39 40 17 17 31 24 37 36 10 43 31 29 7 12 36 31 35 0 27 30 34 21 33 43 11 39 21 36 42 25 16 14 22 12 6 10 38 17 3 
4 24 14 18 44 20 11 9 29 40 37 46 36 31 26 37 24 23 10 27 0 18 8 38 9 24 38 15 6 32 19 8 43 39 30 38 31 24 13 13 29 
21 42 29 35 47 14 7 27 47 56 40 63 51 47 34 43 42 5 27 30 18 0 24 49 27 42 41 33 15 49 35 26 46 45 44 43 32 22 29 13 33 
9 22 6 11 51 28 16 12 27 40 44 46 37 32 32 43 21 29 3 34 8 24 0 43 4 18 45 9 14 31 11 10 50 45 33 44 39 32 5 21 36 
34 29 46 43 22 38 47 30 30 20 20 24 15 18 15 12 33 51 42 21 38 49 43 0 40 42 20 43 35 26 46 32 22 13 10 14 26 31 44 36 19 
9 18 6 8 50 30 20 9 22 36 43 42 33 28 31 42 16 32 2 33 9 27 4 40 0 14 44 6 16 26 9 8 49 43 30 42 39 32 4 23 35 
22 13 15 7 57 43 35 19 14 31 51 35 30 25 38 47 9 47 14 43 24 42 18 42 14 0 52 9 30 19 9 19 57 49 31 49 49 44 14 36 44 
35 41 50 50 6 27 42 34 44 39 1 44 34 34 14 7 44 40 46 11 38 41 45 20 44 52 0 49 32 42 52 35 5 7 25 6 9 19 48 28 8 
15 17 5 2 55 36 25 14 21 36 48 42 34 29 35 46 14 38 5 39 15 33 9 43 6 9 49 0 22 25 3 13 54 48 33 47 44 38 4 29 40 
7 27 20 24 38 13 12 12 32 40 31 47 36 32 22 32 28 19 17 21 6 15 14 35 16 30 32 22 0 34 25 11 37 34 29 32 25 17 20 6 23 
28 8 31 24 46 45 44 22 5 11 41 16 11 8 29 35 11 53 28 36 32 49 31 26 26 19 42 25 34 0 27 23 46 37 16 37 43 42 29 39 36 
19 19 6 3 58 39 28 18 22 38 51 43 36 31 38 49 16 41 8 42 19 35 11 46 9 9 52 3 25 27 0 17 58 51 35 50 48 42 6 32 44 
4 16 14 15 41 24 20 1 21 31 34 38 28 23 22 33 16 30 10 25 8 26 10 32 8 19 35 13 11 23 17 0 41 35 23 34 31 25 13 17 27 
40 46 56 55 1 32 47 40 48 42 6 47 37 38 19 10 49 45 51 16 43 46 50 22 49 57 5 54 37 46 58 41 0 9 29 9 14 23 54 34 14 
35 37 50 49 8 32 45 34 40 33 7 38 28 29 12 1 41 45 46 14 39 45 45 13 43 49 7 48 34 37 51 35 9 0 20 1 15 24 48 32 11 
26 18 36 32 29 35 41 21 19 14 25 20 9 8 14 19 22 47 32 22 30 44 33 10 30 31 25 33 29 16 35 23 29 20 0 20 28 30 34 31 21 
34 37 49 48 8 30 43 32 39 33 6 38 28 29 11 1 41 43 44 12 38 43 44 14 42 49 6 47 32 37 50 34 9 1 20 0 14 22 47 30 9 
29 40 45 46 15 18 34 30 44 42 8 48 37 36 14 14 43 31 41 6 31 32 39 26 39 49 9 44 25 43 48 31 14 15 28 14 0 9 43 20 7 
22 38 37 40 25 8 24 25 42 44 18 51 39 37 16 22 40 21 34 10 24 22 32 31 32 44 19 38 17 42 42 25 23 24 30 22 9 0 36 11 12 
14 21 1 7 55 33 21 14 24 39 48 45 37 32 35 46 18 34 2 38 13 29 5 44 4 14 48 4 20 29 6 13 54 48 34 47 43 36 0 26 40 
13 32 27 31 35 7 13 17 37 44 27 51 39 35 21 30 34 15 24 17 13 13 21 36 23 36 28 29 6 39 32 17 34 32 31 30 20 11 26 0 20 
26 34 41 41 15 20 34 26 37 35 7 41 30 29 6 9 37 34 37 3 29 33 36 19 35 44 8 40 23 36 44 27 14 11 21 9 7 12 40 20 0 
0 661
437 635
61 259
190 388
333 531
90 288
87 285
460 658
341 539
182 380
141 339
272 470
171 369
119 317
326 524
457 655
75 273
249 447
259 457
26 224
419 617
154 352
23 221
172 370
243 441
394 592
294 492
288 486
359 557
201 399
348 546
187 385
17 215
279 477
426 624
243 441
133 331
203 401
167 365
339 537
425 623
