41
0 26 16 8 25 20 34 12 33 34 23 29 41 16 42 27 30 23 35 37 36 23 22 14 30 14 25 6 16 39 34 34 20 35 13 27 8 37 20 20 18 
26 0 23 33 33 21 25 18 22 44 44 31 46 17 48 20 33 41 47 31 18 20 39 31 25 40 28 25 12 30 35 33 28 33 39 34 34 40 46 13 9 
16 23 0 23 11 31 19 6 18 22 23 12 27 6 28 36 14 18 24 20 24 32 16 9 13 29 9 10 21 23 17 17 5 18 28 12 22 21 32 27 14 
8 33 23 0 30 23 42 20 41 38 22 35 46 24 46 31 36 25 38 44 44 26 24 18 37 6 32 13 22 47 40 41 26 42 5 33 3 43 13 26 27 
25 33 11 30 0 42 19 17 21 11 20 7 16 16 17 47 6 14 14 17 28 44 12 12 13 34 6 19 32 21 9 12 5 13 34 2 28 12 35 38 24 
20 21 31 23 42 0 43 24 40 52 43 43 58 26 59 8 45 43 54 47 38 3 41 32 40 28 39 25 10 48 48 47 36 47 27 43 26 52 36 7 22 
34 25 19 42 19 43 0 22 3 26 39 12 24 18 27 45 14 33 31 5 11 43 31 27 5 48 13 29 32 5 13 10 18 9 47 18 41 18 51 36 21 
12 18 6 20 17 24 22 0 21 28 26 18 33 3 35 29 20 23 31 25 24 26 21 12 18 26 15 8 14 27 24 23 11 24 25 19 19 28 31 20 9 
33 22 18 41 21 40 3 21 0 29 40 14 28 17 30 42 16 34 33 9 8 40 32 27 7 47 14 28 29 8 16 13 19 12 46 20 40 21 50 34 18 
34 44 22 38 11 52 26 28 29 0 21 14 9 27 8 58 13 14 4 23 37 54 15 20 22 40 16 28 43 27 13 17 16 18 40 9 35 10 39 49 35 
23 44 23 22 20 43 39 26 40 21 0 27 30 28 29 50 27 6 19 38 46 46 7 13 33 21 26 19 37 42 30 32 20 34 22 21 18 30 18 43 35 
29 31 12 35 7 43 12 18 14 14 27 0 16 16 17 47 2 21 19 10 22 44 19 18 7 40 3 22 32 14 5 5 9 7 39 6 33 9 41 38 23 
41 46 27 46 16 58 24 33 28 9 30 16 0 32 2 63 13 24 12 19 36 59 24 28 21 49 19 35 48 23 11 14 22 15 49 14 43 6 48 54 39 
16 17 6 24 16 26 18 3 17 27 28 16 32 0 33 31 18 24 30 22 20 27 22 14 15 30 13 11 16 24 21 20 11 21 29 18 23 26 34 22 8 
42 48 28 46 17 59 27 35 30 8 29 17 2 33 0 64 15 23 10 22 39 61 23 28 24 49 20 35 49 26 13 17 23 18 49 15 43 9 47 55 40 
27 20 36 31 47 8 45 29 42 58 50 47 63 31 64 0 49 50 60 50 39 4 48 39 44 37 44 31 14 50 52 50 41 51 35 49 34 57 44 8 24 
30 33 14 36 6 45 14 20 16 13 27 2 13 18 15 49 0 20 17 11 24 46 19 18 9 40 5 24 34 15 3 5 10 7 40 5 34 7 41 40 25 
23 41 18 25 14 43 33 23 34 14 6 21 24 24 23 50 20 0 13 31 41 46 2 11 27 26 20 18 36 35 23 26 15 27 26 15 21 23 24 42 32 
35 47 24 38 14 54 31 31 33 4 19 19 12 30 10 60 17 13 0 27 42 56 14 21 26 40 20 29 45 31 17 21 19 23 40 13 35 15 37 51 38 
37 31 20 44 17 47 5 25 9 23 38 10 19 22 22 50 11 31 27 0 17 48 30 28 7 49 12 31 36 4 9 6 19 4 49 16 43 13 51 41 25 
36 18 24 44 28 38 11 24 8 37 46 22 36 20 39 39 24 41 42 17 0 38 39 33 15 50 22 32 28 15 25 21 26 20 49 28 44 29 55 31 18 
23 20 32 26 44 3 43 26 40 54 46 44 59 27 61 4 46 46 56 48 38 0 44 35 41 32 41 27 11 49 49 48 38 48 31 45 29 54 40 6 22 
22 39 16 24 12 41 31 21 32 15 7 19 24 22 23 48 19 2 14 30 39 44 0 9 26 25 18 16 34 34 22 24 13 26 26 14 20 22 24 40 30 
14 31 9 18 12 32 27 12 27 20 13 18 28 14 28 39 18 11 21 28 33 35 9 0 22 22 15 8 25 31 22 23 9 25 21 14 15 24 23 31 21 
30 25 13 37 13 40 5 18 7 22 33 7 21 15 24 44 9 27 26 7 15 41 26 22 0 43 7 24 29 9 10 7 13 7 42 13 36 15 45 35 19 
14 40 29 6 34 28 48 26 47 40 21 40 49 30 49 37 40 26 40 49 50 32 25 22 43 0 37 18 29 52 44 45 30 47 1 36 6 46 7 32 33 
25 28 9 32 6 39 13 15 14 16 26 3 19 13 20 44 5 20 20 12 22 41 18 15 7 37 0 19 29 16 8 8 6 10 36 6 30 12 38 35 20 
6 25 10 13 19 25 29 8 28 28 19 22 35 11 35 31 24 18 29 31 32 27 16 8 24 18 19 0 18 34 27 28 13 29 17 21 11 30 22 23 17 
16 12 21 22 32 10 32 14 29 43 37 32 48 16 49 14 34 36 45 36 28 11 34 25 29 29 29 18 0 37 37 36 26 37 27 34 24 42 36 6 11 
39 30 23 47 21 48 5 27 8 27 42 14 23 24 26 50 15 35 31 4 15 49 34 31 9 52 16 34 37 0 13 10 22 8 52 20 45 17 55 42 26 
34 35 17 40 9 48 13 24 16 13 30 5 11 21 13 52 3 23 17 9 25 49 22 22 10 44 8 27 37 13 0 3 14 5 44 8 38 4 45 43 28 
34 33 17 41 12 47 10 23 13 17 32 5 14 20 17 50 5 26 21 6 21 48 24 23 7 45 8 28 36 10 3 0 14 1 45 10 39 8 47 42 26 
20 28 5 26 5 36 18 11 19 16 20 9 22 11 23 41 10 15 19 19 26 38 13 9 13 30 6 13 26 22 14 14 0 16 30 7 24 17 32 32 19 
35 33 18 42 13 47 9 24 12 18 34 7 15 21 18 51 7 27 23 4 20 48 26 25 7 47 10 29 37 8 5 1 16 0 46 12 40 9 48 42 26 
13 39 28 5 34 27 47 25 46 40 22 39 49 29 49 35 40 26 40 49 49 31 26 21 42 1 36 17 27 52 44 45 30 46 0 36 6 46 9 31 32 
27 34 12 33 2 43 18 19 20 9 21 6 14 18 15 49 5 15 13 16 28 45 14 14 13 36 6 21 34 20 8 10 7 12 36 0 30 10 37 40 25 
8 34 22 3 28 26 41 19 40 35 18 33 43 23 43 34 34 21 35 43 44 29 20 15 36 6 30 11 24 45 38 39 24 40 6 30 0 40 11 28 27 
37 40 21 43 12 52 18 28 21 10 30 9 6 26 9 57 7 23 15 13 29 54 22 24 15 46 12 30 42 17 4 8 17 9 46 10 40 0 46 48 32 
20 46 32 13 35 36 51 31 50 39 18 41 48 34 47 44 41 24 37 51 55 40 24 23 45 7 38 22 36 55 45 47 32 48 9 37 11 46 0 39 39 
20 13 27 26 38 7 36 20 34 49 43 38 54 22 55 8 40 42 51 41 31 6 40 31 35 32 35 23 6 42 43 42 32 42 31 40 28 48 39 0 16 
18 9 14 27 24 22 21 9 18 35 35 23 39 8 40 24 25 32 38 25 18 22 30 21 19 33 20 17 11 26 28 26 19 26 32 25 27 32 39 16 0 
0 661
172 172
513 513
452 452
277 277
516 516
162 162
370 370
514 514
146 146
454 454
619 619
552 552
190 190
426 426
246 246
587 587
657 657
40 40
314 314
487 487
427 427
166 166
540 540
17 17
565 565
314 314
376 376
577 577
491 491
347 347
497 497
254 254
546 546
638 638
573 573
289 289
68 68
429 429
514 514
152 152
