41
0 16 41 39 14 18 15 10 31 45 36 7 10 9 25 15 18 13 43 24 33 8 13 23 26 9 9 28 17 33 29 10 25 17 30 13 19 8 30 36 21 
16 0 48 44 27 5 14 10 27 51 47 11 27 15 33 5 28 18 47 15 48 9 28 35 39 24 13 44 14 48 43 22 18 11 27 22 23 22 20 39 8 
41 48 0 7 27 44 34 37 29 5 10 39 42 50 15 43 22 30 9 38 26 41 30 21 20 44 50 42 34 31 23 50 35 37 28 53 24 33 40 13 44 
39 44 7 0 27 39 30 34 22 7 15 36 42 48 13 38 21 27 3 32 31 38 31 23 23 44 48 45 30 36 27 49 30 32 22 52 20 32 34 6 39 
14 27 27 27 0 26 17 17 27 32 22 16 15 24 13 23 6 11 31 26 21 18 4 8 12 17 24 23 19 22 16 23 26 21 27 26 13 6 32 26 28 
18 5 44 39 26 0 10 9 21 47 44 10 29 20 29 2 26 15 42 10 47 9 27 33 38 26 18 45 9 48 42 26 12 7 21 26 19 22 14 35 3 
15 14 34 30 17 10 0 5 16 37 33 8 24 21 19 8 16 5 33 10 37 9 19 24 28 23 20 39 2 39 32 25 10 4 15 27 9 15 16 25 11 
10 10 37 34 17 9 5 0 21 41 36 3 21 16 22 6 17 7 37 13 38 4 18 24 29 19 15 36 6 39 33 21 14 6 20 22 13 13 19 30 11 
31 27 29 22 27 21 16 21 0 30 33 24 39 37 19 21 22 18 23 12 44 25 31 30 33 39 36 50 14 47 38 41 9 15 0 43 14 28 12 16 19 
45 51 5 7 32 47 37 41 30 0 15 43 47 55 20 46 27 34 6 40 32 45 36 27 26 49 55 48 37 37 28 55 37 40 30 58 28 38 42 13 47 
36 47 10 15 22 44 33 36 33 15 0 36 35 46 15 42 18 28 18 40 16 39 24 14 12 38 46 33 35 21 13 44 38 37 33 48 24 28 43 20 45 
7 11 39 36 16 10 8 3 24 43 36 0 18 13 23 8 18 8 39 16 37 2 17 24 28 16 12 34 10 37 32 17 17 10 23 19 15 11 22 32 14 
10 27 42 42 15 29 24 21 39 47 35 18 0 15 28 26 21 21 46 34 27 19 11 21 24 3 16 17 27 25 25 10 34 28 39 13 26 10 40 41 32 
9 15 50 48 24 20 21 16 37 55 46 13 15 0 35 18 28 21 52 28 41 12 22 32 35 11 2 32 23 40 38 6 30 22 37 6 28 17 34 45 23 
25 33 15 13 13 29 19 22 19 20 15 23 28 35 0 27 7 14 17 25 24 26 17 11 14 30 34 34 20 27 18 35 23 22 19 38 9 18 29 13 30 
15 5 43 38 23 2 8 6 21 46 42 8 26 18 27 0 24 13 41 11 44 7 25 31 35 24 16 43 8 45 39 23 13 6 21 24 18 19 16 34 6 
18 28 22 21 6 26 16 17 22 27 18 18 21 28 7 24 0 10 25 24 22 20 10 8 12 23 28 28 17 24 16 28 23 20 22 31 8 11 29 20 27 
13 18 30 27 11 15 5 7 18 34 28 8 21 21 14 13 10 0 30 15 32 11 14 18 22 21 21 33 8 33 26 24 14 10 18 26 6 10 21 23 17 
43 47 9 3 31 42 33 37 23 6 18 39 46 52 17 41 25 30 0 35 35 42 34 26 27 48 51 49 33 39 30 53 32 35 23 56 24 36 35 7 42 
24 15 38 32 26 10 10 13 12 40 40 16 34 28 25 11 24 15 35 0 46 17 29 32 36 33 27 49 7 48 41 34 2 6 12 34 16 25 6 27 7 
33 48 26 31 21 47 37 38 44 32 16 37 27 41 24 44 22 32 35 46 0 39 20 14 10 31 42 18 40 4 5 38 45 42 43 41 31 26 51 35 49 
8 9 41 38 18 9 9 4 25 45 39 2 19 12 26 7 20 11 42 17 39 0 19 27 31 16 10 35 11 39 34 16 18 10 25 18 17 13 23 35 13 
13 28 30 31 4 27 19 18 31 36 24 17 11 22 17 25 10 14 34 29 20 19 0 10 13 14 23 19 22 20 16 20 29 24 30 23 17 5 35 30 30 
23 35 21 23 8 33 24 24 30 27 14 24 21 32 11 31 8 18 26 32 14 27 10 0 4 24 32 22 25 16 8 30 31 28 29 33 17 14 37 24 35 
26 39 20 23 12 38 28 29 33 26 12 28 24 35 14 35 12 22 27 36 10 31 13 4 0 26 36 22 30 13 4 33 35 32 33 37 21 18 41 25 39 
9 24 44 44 17 26 23 19 39 49 38 16 3 11 30 24 23 21 48 33 31 16 14 24 26 0 13 21 26 29 28 6 33 26 38 10 26 11 39 42 30 
9 13 50 48 24 18 20 15 36 55 46 12 16 2 34 16 28 21 51 27 42 10 23 32 36 13 0 34 22 41 39 9 28 21 36 8 27 17 32 45 21 
28 44 42 45 23 45 39 36 50 48 33 34 17 32 34 43 28 33 49 49 18 35 19 22 22 21 34 0 41 13 19 27 48 43 50 30 36 23 55 47 48 
17 14 34 30 19 9 2 6 14 37 35 10 27 23 20 8 17 8 33 7 40 11 22 25 30 26 22 41 0 41 34 27 7 2 14 29 10 17 13 25 10 
33 48 31 36 22 48 39 39 47 37 21 37 25 40 27 45 24 33 39 48 4 39 20 16 13 29 41 13 41 0 9 36 47 43 46 39 33 26 54 39 50 
29 43 23 27 16 42 32 33 38 28 13 32 25 38 18 39 16 26 30 41 5 34 16 8 4 28 39 19 34 9 0 35 39 36 38 38 25 21 46 29 44 
10 22 50 49 23 26 25 21 41 55 44 17 10 6 35 23 28 24 53 34 38 16 20 30 33 6 9 27 27 36 35 0 35 27 41 3 30 17 39 47 29 
25 18 35 30 26 12 10 14 9 37 38 17 34 30 23 13 23 14 32 2 45 18 29 31 35 33 28 48 7 47 39 35 0 7 9 36 14 25 6 24 10 
17 11 37 32 21 7 4 6 15 40 37 10 28 22 22 6 20 10 35 6 42 10 24 28 32 26 21 43 2 43 36 27 7 0 15 28 13 19 12 28 7 
30 27 28 22 27 21 15 20 0 30 33 23 39 37 19 21 22 18 23 12 43 25 30 29 33 38 36 50 14 46 38 41 9 15 0 43 13 28 12 16 19 
13 22 53 52 26 26 27 22 43 58 48 19 13 6 38 24 31 26 56 34 41 18 23 33 37 10 8 30 29 39 38 3 36 28 43 0 32 20 40 50 30 
19 23 24 20 13 19 9 13 14 28 24 15 26 28 9 18 8 6 24 16 31 17 17 17 21 26 27 36 10 33 25 30 14 13 13 32 0 15 20 17 20 
8 22 33 32 6 22 15 13 28 38 28 11 10 17 18 19 11 10 36 25 26 13 5 14 18 11 17 23 17 26 21 17 25 19 28 20 15 0 31 31 25 
30 20 40 34 32 14 16 19 12 42 43 22 40 34 29 16 29 21 35 6 51 23 35 37 41 39 32 55 13 54 46 39 6 12 12 40 20 31 0 28 11 
36 39 13 6 26 35 25 30 16 13 20 32 41 45 13 34 20 23 7 27 35 35 30 24 25 42 45 47 25 39 29 47 24 28 16 50 17 31 28 0 34 
21 8 44 39 28 3 11 11 19 47 45 14 32 23 30 6 27 17 42 7 49 13 30 35 39 30 21 48 10 50 44 29 10 7 19 30 20 25 11 34 0 
0 514
166 371
69 274
212 417
306 511
265 470
90 295
292 497
193 398
90 295
283 488
165 370
253 458
201 406
303 508
301 506
225 430
286 491
21 226
218 423
140 345
156 361
296 501
6 211
171 376
129 334
124 329
160 365
190 395
26 231
263 468
154 359
15 220
252 457
184 389
121 326
183 388
141 346
153 358
305 510
77 282
