41
0 9 11 24 22 39 12 23 5 13 18 19 8 10 21 14 23 29 45 39 32 20 10 17 17 31 15 15 7 9 29 17 24 5 11 34 26 5 9 40 24 
9 0 19 33 21 48 20 27 5 22 27 14 4 17 30 16 32 30 51 44 38 23 19 25 25 39 20 15 15 14 34 23 29 14 19 43 24 9 13 46 32 
11 19 0 14 23 29 13 17 15 2 9 24 20 13 14 15 14 27 36 31 23 16 10 7 15 21 19 23 9 16 21 19 17 6 1 24 27 11 11 31 13 
24 33 14 0 36 15 17 27 28 12 5 39 32 19 6 29 1 38 38 35 26 28 16 15 14 19 23 31 18 23 27 21 25 18 15 10 40 25 25 34 11 
22 21 23 36 0 49 33 14 18 24 33 8 25 31 38 7 37 10 35 28 26 9 30 22 37 31 37 35 27 31 21 39 17 23 22 44 4 16 13 31 29 
39 48 29 15 49 0 33 37 44 27 21 53 47 35 20 42 16 47 38 37 30 40 31 26 28 21 38 46 34 39 33 35 34 33 30 5 52 40 39 35 19 
12 20 13 17 33 33 0 31 18 14 13 31 17 2 12 26 16 39 50 45 37 29 3 21 5 33 6 13 6 6 35 5 31 10 14 28 37 17 20 45 24 
23 27 17 27 14 37 31 0 23 18 25 21 30 30 31 12 28 11 23 16 12 5 27 12 33 17 36 38 26 32 7 37 2 22 16 32 16 19 14 18 17 
5 5 15 28 18 44 18 23 0 17 23 14 7 15 27 12 28 27 46 39 33 18 15 20 22 34 19 17 12 13 29 22 25 10 14 39 22 3 8 41 27 
13 22 2 12 24 27 14 18 17 0 8 26 22 14 13 17 12 27 35 30 22 17 10 6 15 19 20 25 10 17 20 20 17 8 3 22 28 13 12 30 11 
18 27 9 5 33 21 13 25 23 8 0 34 26 14 5 25 4 35 39 35 26 25 10 12 10 21 19 26 13 18 26 17 24 13 11 16 37 20 20 34 12 
19 14 24 39 8 53 31 21 14 26 34 0 19 29 39 10 39 19 43 37 33 16 29 26 36 37 34 30 26 28 29 36 24 23 23 48 10 14 13 39 34 
8 4 20 32 25 47 17 30 7 22 26 19 0 14 28 19 31 34 53 47 40 26 16 26 22 40 16 10 13 11 37 19 32 14 19 42 28 11 16 48 33 
10 17 13 19 31 35 2 30 15 14 14 29 14 0 14 24 18 38 50 44 36 28 3 20 8 33 6 12 4 4 34 7 30 8 13 30 35 14 18 45 24 
21 30 14 6 38 20 12 31 27 13 5 39 28 14 0 30 5 41 44 40 32 31 11 18 7 25 17 26 14 19 32 15 29 16 16 16 42 24 25 40 17 
14 16 15 29 7 42 26 12 12 17 25 10 19 24 30 0 29 15 35 28 24 7 22 15 29 27 29 29 19 24 19 31 14 16 14 37 12 9 5 30 23 
23 32 14 1 37 16 16 28 28 12 4 39 31 18 5 29 0 39 40 36 27 29 15 15 12 21 22 30 17 22 28 19 26 17 15 11 41 25 25 35 12 
29 30 27 38 10 47 39 11 27 27 35 19 34 38 41 15 39 0 26 19 20 10 36 23 42 27 44 44 34 39 15 45 13 29 25 43 9 24 20 22 28 
45 51 36 38 35 38 50 23 46 35 39 43 53 50 44 35 40 26 0 6 13 28 46 29 50 19 56 60 46 52 16 55 21 42 36 37 35 42 37 5 27 
39 44 31 35 28 37 45 16 39 30 35 37 47 44 40 28 36 19 6 0 8 21 41 24 45 16 51 54 40 47 10 50 14 36 30 35 29 36 31 3 23 
32 38 23 26 26 30 37 12 33 22 26 33 40 36 32 24 27 20 13 8 0 17 33 16 36 8 43 47 32 39 4 42 9 29 22 27 28 29 25 8 15 
20 23 16 28 9 40 29 5 18 17 25 16 26 28 31 7 29 10 28 21 17 0 26 13 32 22 34 35 23 29 12 35 8 19 15 35 12 15 10 23 20 
10 19 10 16 30 31 3 27 15 10 10 29 16 3 11 22 15 36 46 41 33 26 0 17 7 29 9 15 3 7 31 9 27 6 11 26 34 14 17 41 20 
17 25 7 15 22 26 21 12 20 6 12 26 26 20 18 15 15 23 29 24 16 13 17 0 21 14 27 31 16 23 14 26 11 13 7 22 26 16 13 24 7 
17 25 15 14 37 28 5 33 22 15 10 36 22 8 7 29 12 42 50 45 36 32 7 21 0 31 9 18 10 12 35 7 32 13 16 24 41 21 24 45 22 
31 39 21 19 31 21 33 17 34 19 21 37 40 33 25 27 21 27 19 16 8 22 29 14 31 0 39 44 30 37 12 38 14 27 21 18 34 30 26 14 9 
15 20 19 23 37 38 6 36 19 20 19 34 16 6 17 29 22 44 56 51 43 34 9 27 9 39 0 9 10 5 41 3 37 14 20 34 41 20 24 51 30 
15 15 23 31 35 46 13 38 17 25 26 30 10 12 26 29 30 44 60 54 47 35 15 31 18 44 9 0 14 7 44 12 39 17 24 42 39 19 24 55 36 
7 15 9 18 27 34 6 26 12 10 13 26 13 4 14 19 17 34 46 40 32 23 3 16 10 30 10 14 0 6 30 11 26 4 9 29 31 11 14 41 21 
9 14 16 23 31 39 6 32 13 17 18 28 11 4 19 24 22 39 52 47 39 29 7 23 12 37 5 7 6 0 37 8 32 10 16 34 35 14 19 47 28 
29 34 21 27 21 33 35 7 29 20 26 29 37 34 32 19 28 15 16 10 4 12 31 14 35 12 41 44 30 37 0 41 4 26 20 30 23 26 21 11 15 
17 23 19 21 39 35 5 37 22 20 17 36 19 7 15 31 19 45 55 50 42 35 9 26 7 38 3 12 11 8 41 0 37 15 20 31 43 22 26 50 29 
24 29 17 25 17 34 31 2 25 17 24 24 32 30 29 14 26 13 21 14 9 8 27 11 32 14 37 39 26 32 4 37 0 22 16 30 19 21 16 16 15 
5 14 6 18 23 33 10 22 10 8 13 23 14 8 16 16 17 29 42 36 29 19 6 13 13 27 14 17 4 10 26 15 22 0 6 28 28 8 10 37 19 
11 19 1 15 22 30 14 16 14 3 11 23 19 13 16 14 15 25 36 30 22 15 11 7 16 21 20 24 9 16 20 20 16 6 0 25 26 10 9 31 13 
34 43 24 10 44 5 28 32 39 22 16 48 42 30 16 37 11 43 37 35 27 35 26 22 24 18 34 42 29 34 30 31 30 28 25 0 48 35 34 33 15 
26 24 27 40 4 52 37 16 22 28 37 10 28 35 42 12 41 9 35 29 28 12 34 26 41 34 41 39 31 35 23 43 19 28 26 48 0 20 17 32 32 
5 9 11 25 16 40 17 19 3 13 20 14 11 14 24 9 25 24 42 36 29 15 14 16 21 30 20 19 11 14 26 22 21 8 10 35 20 0 5 37 23 
9 13 11 25 13 39 20 14 8 12 20 13 16 18 25 5 25 20 37 31 25 10 17 13 24 26 24 24 14 19 21 26 16 10 9 34 17 5 0 32 21 
40 46 31 34 31 35 45 18 41 30 34 39 48 45 40 30 35 22 5 3 8 23 41 24 45 14 51 55 41 47 11 50 16 37 31 33 32 37 32 0 22 
24 32 13 11 29 19 24 17 27 11 12 34 33 24 17 23 12 28 27 23 15 20 20 7 22 9 30 36 21 28 15 29 15 19 13 15 32 23 21 22 0 
0 244
23 47
71 95
69 93
113 137
95 119
130 154
218 242
168 192
47 71
31 55
207 231
84 108
159 183
118 142
125 149
81 105
201 225
146 170
10 34
176 200
203 227
169 193
138 162
187 211
58 82
13 37
26 50
6 30
160 184
212 236
182 206
187 211
109 133
17 41
107 131
118 142
210 234
118 142
146 170
97 121
