41
0 39 45 26 38 37 31 25 35 41 15 20 5 47 41 21 6 15 19 41 9 25 44 14 13 20 11 37 40 20 15 18 22 28 27 17 49 27 42 6 9 
39 0 20 26 19 42 9 14 8 15 38 20 42 43 6 47 46 30 30 40 39 18 32 46 34 33 30 19 2 25 27 37 35 51 38 24 35 15 7 35 32 
45 20 0 20 6 28 18 28 27 5 36 33 49 25 27 43 51 30 28 24 40 19 14 56 34 29 33 8 23 25 29 34 30 44 29 36 15 18 14 39 36 
26 26 20 0 13 17 16 21 28 18 15 23 31 24 31 23 31 10 7 19 20 7 18 39 14 8 14 12 28 6 10 13 10 25 12 23 23 10 24 19 17 
38 19 6 13 0 23 14 24 25 6 29 28 43 23 26 36 44 23 21 21 34 13 12 50 27 22 27 1 22 18 23 27 23 38 23 30 16 12 15 32 29 
37 42 28 17 23 0 33 39 45 30 22 40 42 11 48 22 40 23 20 6 28 25 16 51 24 17 28 23 44 23 25 18 14 19 10 40 19 27 38 32 30 
31 9 18 16 14 33 0 10 12 12 28 16 35 36 15 37 38 21 20 32 30 9 26 40 25 23 21 13 11 15 18 28 26 41 28 18 30 6 11 26 23 
25 14 28 21 24 39 10 0 10 23 27 5 27 44 15 38 32 20 22 40 27 14 35 31 24 25 18 23 14 17 17 28 28 42 32 9 40 12 20 22 19 
35 8 27 28 25 45 12 10 0 22 37 15 37 48 5 47 42 29 30 44 37 20 38 40 33 33 27 24 6 25 26 37 36 51 39 18 41 17 15 32 29 
41 15 5 18 6 30 12 23 22 0 33 28 45 29 21 41 47 27 25 27 37 15 17 51 31 27 29 6 18 21 26 32 28 43 29 30 20 13 9 35 32 
15 38 36 15 29 22 28 27 37 33 0 25 20 32 42 10 18 7 8 27 6 19 31 29 3 7 10 28 39 12 10 3 8 15 12 24 36 22 38 10 10 
20 20 33 23 28 40 16 5 15 28 25 0 22 47 21 35 27 19 21 42 24 16 39 25 22 25 15 27 20 17 16 27 28 41 32 3 44 16 25 18 16 
5 42 49 31 43 42 35 27 37 45 20 22 0 53 43 26 6 21 24 47 14 29 49 8 18 26 16 41 42 25 20 24 28 32 32 19 54 31 46 11 14 
47 43 25 24 23 11 36 44 48 29 32 47 53 0 50 33 51 32 28 5 39 31 11 61 34 26 37 24 46 30 34 29 24 30 20 48 11 32 38 41 39 
41 6 27 31 26 48 15 15 5 21 42 21 43 50 0 52 47 34 34 46 42 23 39 46 38 38 33 25 3 29 31 42 41 56 43 24 42 21 13 37 35 
21 47 43 23 36 22 37 38 47 41 10 35 26 33 52 0 21 17 17 28 12 28 35 35 13 14 20 35 49 22 20 9 13 6 14 34 40 31 47 19 19 
6 46 51 31 44 40 38 32 42 47 18 27 6 51 47 21 0 20 23 45 11 31 48 13 17 24 17 42 46 25 21 21 26 27 30 24 54 33 49 11 14 
15 30 30 10 23 23 21 20 29 27 7 19 21 32 34 17 20 0 3 26 10 12 28 29 4 6 5 22 32 5 3 8 9 22 13 18 33 15 31 9 7 
19 30 28 7 21 20 20 22 30 25 8 21 24 28 34 17 23 3 0 23 12 11 24 32 6 3 9 19 32 5 5 7 6 21 11 21 30 14 30 13 10 
41 40 24 19 21 6 32 40 44 27 27 42 47 5 46 28 45 26 23 0 33 26 11 55 28 20 32 21 43 25 28 23 18 25 15 42 13 27 36 36 34 
9 39 40 20 34 28 30 27 37 37 6 24 14 39 42 12 11 10 12 33 0 22 37 23 6 13 9 32 40 16 11 9 14 19 18 22 42 25 41 6 8 
25 18 19 7 13 25 9 14 20 15 19 16 29 31 23 28 31 12 11 26 22 0 22 36 16 14 14 11 20 6 10 19 17 32 19 17 27 2 19 19 16 
44 32 14 18 12 16 26 35 38 17 31 39 49 11 39 35 48 28 24 11 37 22 0 57 31 24 33 13 35 24 29 28 23 34 21 40 5 23 27 38 35 
14 46 56 39 50 51 40 31 40 51 29 25 8 61 46 35 13 29 32 55 23 36 57 0 27 34 24 48 46 32 28 32 37 41 41 22 62 38 51 19 21 
13 34 34 14 27 24 25 24 33 31 3 22 18 34 38 13 17 4 6 28 6 16 31 27 0 7 6 26 36 10 6 6 9 19 14 20 36 19 35 7 6 
20 33 29 8 22 17 23 25 33 27 7 25 26 26 38 14 24 6 3 20 13 14 24 34 7 0 11 21 35 8 9 5 3 18 7 24 29 17 32 15 13 
11 30 33 14 27 28 21 18 27 29 10 15 16 37 33 20 17 5 9 32 9 14 33 24 6 11 0 25 31 8 4 12 14 25 19 13 38 16 32 5 2 
37 19 8 12 1 23 13 23 24 6 28 27 41 24 25 35 42 22 19 21 32 11 13 48 26 21 25 0 22 16 21 26 22 37 22 29 17 11 15 30 27 
40 2 23 28 22 44 11 14 6 18 39 20 42 46 3 49 46 32 32 43 40 20 35 46 36 35 31 22 0 27 29 39 37 53 40 23 38 18 9 36 33 
20 25 25 6 18 23 15 17 25 21 12 17 25 30 29 22 25 5 5 25 16 6 24 32 10 8 8 16 27 0 4 12 11 26 15 17 29 9 25 14 11 
15 27 29 10 23 25 18 17 26 26 10 16 20 34 31 20 21 3 5 28 11 10 29 28 6 9 4 21 29 4 0 11 12 25 16 15 34 13 29 9 6 
18 37 34 13 27 18 28 28 37 32 3 27 24 29 42 9 21 8 7 23 9 19 28 32 6 5 12 26 39 12 11 0 5 13 8 26 33 22 37 13 13 
22 35 30 10 23 14 26 28 36 28 8 28 28 24 41 13 26 9 6 18 14 17 23 37 9 3 14 22 37 11 12 5 0 15 4 27 28 19 35 17 16 
28 51 44 25 38 19 41 42 51 43 15 41 32 30 56 6 27 22 21 25 19 32 34 41 19 18 25 37 53 26 25 13 15 0 14 39 38 35 50 25 25 
27 38 29 12 23 10 28 32 39 29 12 32 32 20 43 14 30 13 11 15 18 19 21 41 14 7 19 22 40 15 16 8 4 14 0 32 26 22 36 21 20 
17 24 36 23 30 40 18 9 18 30 24 3 19 48 24 34 24 18 21 42 22 17 40 22 20 24 13 29 23 17 15 26 27 39 32 0 45 18 29 15 14 
49 35 15 23 16 19 30 40 41 20 36 44 54 11 42 40 54 33 30 13 42 27 5 62 36 29 38 17 38 29 34 33 28 38 26 45 0 27 29 43 40 
27 15 18 10 12 27 6 12 17 13 22 16 31 32 21 31 33 15 14 27 25 2 23 38 19 17 16 11 18 9 13 22 19 35 22 18 27 0 16 22 18 
42 7 14 24 15 38 11 20 15 9 38 25 46 38 13 47 49 31 30 36 41 19 27 51 35 32 32 15 9 25 29 37 35 50 36 29 29 16 0 37 34 
6 35 39 19 32 32 26 22 32 35 10 18 11 41 37 19 11 9 13 36 6 19 38 19 7 15 5 30 36 14 9 13 17 25 21 15 43 22 37 0 3 
9 32 36 17 29 30 23 19 29 32 10 16 14 39 35 19 14 7 10 34 8 16 35 21 6 13 2 27 33 11 6 13 16 25 20 14 40 18 34 3 0 
0 391
152 308
83 239
178 334
114 270
123 279
87 243
42 198
70 226
227 383
167 323
5 161
39 195
12 168
174 330
137 293
112 268
70 226
40 196
197 353
75 231
95 251
77 233
127 283
155 311
56 212
228 384
163 319
84 240
139 295
83 239
19 175
164 320
148 304
89 245
167 323
11 167
85 241
17 173
92 248
123 279
