41
0 34 25 38 21 22 15 7 36 21 4 58 26 19 42 28 33 30 45 42 25 52 32 33 36 26 25 13 27 16 22 26 36 34 47 21 43 35 39 42 50 
34 0 28 24 13 25 28 41 13 20 31 23 17 23 33 15 22 7 14 8 20 19 8 20 9 26 9 21 17 21 31 27 9 7 19 15 11 21 28 13 16 
25 28 0 15 23 37 34 27 20 32 25 46 34 33 17 34 11 29 42 35 36 37 33 41 23 40 20 21 34 28 4 41 23 22 30 15 30 43 15 41 37 
38 24 15 0 27 43 42 42 12 37 37 35 38 39 8 36 4 29 37 28 40 25 32 43 15 45 22 30 37 35 19 46 15 17 16 20 20 45 3 37 26 
21 13 23 27 0 16 16 28 19 10 18 36 11 12 34 10 23 8 24 20 13 32 11 17 17 18 5 8 11 9 24 19 18 15 29 8 23 20 30 21 29 
22 25 37 43 16 0 7 29 35 5 18 47 8 4 50 11 39 18 30 31 5 45 18 12 33 3 21 15 9 9 36 4 33 30 44 23 37 14 46 25 41 
15 28 34 42 16 7 0 22 36 9 11 51 14 6 49 16 38 22 35 35 11 48 23 19 34 11 22 12 14 7 32 11 35 32 46 22 39 21 45 31 45 
7 41 27 42 28 29 22 0 42 28 11 64 33 27 45 35 37 37 52 49 32 58 39 40 42 33 31 20 34 23 23 33 42 40 53 27 49 42 42 49 56 
36 13 20 12 19 35 36 42 0 29 34 25 29 31 20 26 10 19 25 16 31 17 21 32 3 37 14 25 28 28 24 37 3 5 11 15 9 34 15 25 16 
21 20 32 37 10 5 9 28 29 0 16 43 5 2 45 7 33 13 26 26 4 40 14 12 27 8 15 11 6 5 32 9 27 24 39 18 31 14 40 22 36 
4 31 25 37 18 18 11 11 34 16 0 54 22 15 42 23 32 26 41 38 20 49 28 28 33 22 21 10 22 11 23 22 34 31 45 19 40 31 39 37 46 
58 23 46 35 36 47 51 64 25 43 54 0 39 45 41 36 35 29 19 16 42 9 28 38 23 46 33 44 38 45 50 47 23 24 18 37 16 38 38 23 9 
26 17 34 38 11 8 14 33 29 5 22 39 0 7 46 2 34 10 21 23 2 37 10 6 26 8 15 15 0 10 35 9 26 23 37 20 29 9 41 17 33 
19 23 33 39 12 4 6 27 31 2 15 45 7 0 46 10 35 16 29 29 5 42 16 13 29 7 17 11 8 5 32 8 30 27 41 19 34 15 42 24 39 
42 33 17 8 34 50 49 45 20 45 42 41 46 46 0 44 11 37 45 36 47 32 40 51 23 53 30 36 45 42 21 54 23 25 22 26 28 53 4 45 33 
28 15 34 36 10 11 16 35 26 7 23 36 2 10 44 0 32 8 19 20 5 34 7 6 23 11 14 16 2 12 35 11 24 21 34 19 26 9 39 14 30 
33 22 11 4 23 39 38 37 10 33 32 35 34 35 11 32 0 26 36 27 36 27 29 39 14 41 18 25 34 30 16 42 14 14 18 15 20 41 7 35 26 
30 7 29 29 8 18 22 37 19 13 26 29 10 16 37 8 26 0 15 13 13 26 3 13 15 19 8 16 9 15 31 19 16 13 26 14 18 15 33 12 23 
45 14 42 37 24 30 35 52 25 26 41 19 21 29 45 19 36 15 0 9 24 21 13 19 22 28 23 32 21 30 45 29 22 21 27 29 18 18 41 4 17 
42 8 35 28 20 31 35 49 16 26 38 16 23 29 36 20 27 13 9 0 26 14 12 23 13 31 17 29 22 29 38 31 13 12 18 23 9 23 32 10 10 
25 20 36 40 13 5 11 32 31 4 20 42 2 5 47 5 36 13 24 26 0 39 13 7 28 5 17 15 3 9 36 6 29 26 40 21 32 10 43 20 36 
52 19 37 25 32 45 48 58 17 40 49 9 37 42 32 34 27 26 21 14 39 0 26 37 16 45 27 39 36 41 42 45 15 18 9 30 9 38 29 24 3 
32 8 33 32 11 18 23 39 21 14 28 28 10 16 40 7 29 3 13 12 13 26 0 11 18 18 12 19 9 17 35 19 18 15 28 18 19 13 36 9 23 
33 20 41 43 17 12 19 40 32 12 28 38 6 13 51 6 39 13 19 23 7 37 11 0 29 9 21 22 6 17 42 10 29 27 39 26 30 2 46 14 33 
36 9 23 15 17 33 34 42 3 27 33 23 26 29 23 23 14 15 22 13 28 16 18 29 0 34 12 24 25 27 26 35 0 2 12 14 7 31 19 21 14 
26 26 40 45 18 3 11 33 37 8 22 46 8 7 53 11 41 19 28 31 5 45 18 9 34 0 23 19 9 12 40 0 34 31 45 26 37 11 48 24 41 
25 9 20 22 5 21 22 31 14 15 21 33 15 17 30 14 18 8 23 17 17 27 12 21 12 23 0 11 15 14 22 23 13 10 24 6 18 23 25 20 24 
13 21 21 30 8 15 12 20 25 11 10 44 15 11 36 16 25 16 32 29 15 39 19 22 24 19 11 0 15 6 21 19 24 21 36 10 30 25 32 28 36 
27 17 34 37 11 9 14 34 28 6 22 38 0 8 45 2 34 9 21 22 3 36 9 6 25 9 15 15 0 10 35 9 25 22 36 19 28 9 41 16 32 
16 21 28 35 9 9 7 23 28 5 11 45 10 5 42 12 30 15 30 29 9 41 17 17 27 12 14 6 10 0 27 13 27 24 39 15 32 19 38 26 38 
22 31 4 19 24 36 32 23 24 32 23 50 35 32 21 35 16 31 45 38 36 42 35 42 26 40 22 21 35 27 0 40 26 25 34 16 34 44 19 43 41 
26 27 41 46 19 4 11 33 37 9 22 47 9 8 54 11 42 19 29 31 6 45 19 10 35 0 23 19 9 13 40 0 35 32 46 27 38 11 49 24 42 
36 9 23 15 18 33 35 42 3 27 34 23 26 30 23 24 14 16 22 13 29 15 18 29 0 34 13 24 25 27 26 35 0 3 11 15 7 31 19 22 14 
34 7 22 17 15 30 32 40 5 24 31 24 23 27 25 21 14 13 21 12 26 18 15 27 2 31 10 21 22 24 25 32 3 0 14 12 9 29 20 20 16 
47 19 30 16 29 44 46 53 11 39 45 18 37 41 22 34 18 26 27 18 40 9 28 39 12 45 24 36 36 39 34 46 11 14 0 26 9 41 19 29 11 
21 15 15 20 8 23 22 27 15 18 19 37 20 19 26 19 15 14 29 23 21 30 18 26 14 26 6 10 19 15 16 27 15 12 26 0 21 28 22 26 28 
43 11 30 20 23 37 39 49 9 31 40 16 29 34 28 26 20 18 18 9 32 9 19 30 7 37 18 30 28 32 34 38 7 9 9 21 0 32 24 20 7 
35 21 43 45 20 14 21 42 34 14 31 38 9 15 53 9 41 15 18 23 10 38 13 2 31 11 23 25 9 19 44 11 31 29 41 28 32 0 48 14 34 
39 28 15 3 30 46 45 42 15 40 39 38 41 42 4 39 7 33 41 32 43 29 36 46 19 48 25 32 41 38 19 49 19 20 19 22 24 48 0 41 29 
42 13 41 37 21 25 31 49 25 22 37 23 17 24 45 14 35 12 4 10 20 24 9 14 21 24 20 28 16 26 43 24 22 20 29 26 20 14 41 0 20 
50 16 37 26 29 41 45 56 16 36 46 9 33 39 33 30 26 23 17 10 36 3 23 33 14 41 24 36 32 38 41 42 14 16 11 28 7 34 29 20 0 
0 734
179 325
262 408
63 209
290 436
66 212
139 285
7 153
493 639
417 563
399 545
379 525
533 679
148 294
136 282
74 220
185 331
50 196
264 410
348 494
200 346
228 374
232 378
547 693
488 634
211 357
121 267
153 299
276 422
169 315
524 670
148 294
309 455
411 557
391 537
33 179
305 451
134 280
383 529
61 207
129 275
