41
0 24 19 38 12 20 13 32 15 31 24 27 19 6 4 24 11 14 12 41 31 13 39 43 26 20 12 36 33 40 23 25 3 26 22 41 38 36 25 2 23 
24 0 37 16 17 17 22 26 9 18 1 6 35 18 27 30 36 16 28 21 7 24 25 43 21 16 20 31 9 20 24 17 24 7 10 40 14 12 4 21 6 
19 37 0 45 31 38 15 29 29 34 38 42 2 24 21 16 17 32 8 45 44 32 40 32 25 24 17 30 45 45 20 28 22 42 30 31 49 45 36 19 38 
38 16 45 0 33 33 30 22 23 13 16 19 43 33 41 33 49 32 37 7 12 40 15 38 21 21 29 26 10 5 27 17 39 21 15 35 9 4 12 35 21 
12 17 31 33 0 7 20 35 10 30 16 17 30 6 13 32 22 1 23 38 23 7 39 49 29 22 18 40 25 36 28 27 10 15 20 47 30 29 20 11 13 
20 17 38 33 7 0 27 40 13 34 16 15 38 14 19 39 29 5 30 39 21 10 42 55 33 27 25 45 24 37 34 31 17 12 24 52 28 29 21 18 11 
13 22 15 30 20 27 0 19 15 20 23 27 13 14 18 12 21 22 7 31 28 25 27 30 13 9 1 22 29 30 10 14 16 27 15 28 34 29 20 11 24 
32 26 29 22 35 40 19 0 26 9 27 32 27 31 37 14 40 36 25 18 29 42 10 17 6 13 19 5 28 19 10 8 35 33 16 14 31 24 22 30 31 
15 9 29 23 10 13 15 26 0 20 9 12 28 10 18 26 27 10 20 28 16 17 29 41 19 13 13 31 18 26 21 17 15 12 10 38 23 20 10 12 9 
31 18 34 13 30 34 20 9 20 0 19 24 31 28 35 20 41 31 27 11 20 37 8 26 8 11 19 14 19 11 14 5 33 25 10 23 21 15 13 28 24 
24 1 38 16 16 16 23 27 9 19 0 4 36 19 27 31 36 16 29 23 6 23 27 44 22 17 21 33 9 21 26 19 24 6 11 41 14 13 6 22 4 
27 6 42 19 17 15 27 32 12 24 4 0 41 21 29 36 39 16 33 25 6 24 30 49 27 22 25 37 9 23 30 23 26 2 16 46 13 14 10 25 4 
19 35 2 43 30 38 13 27 28 31 36 41 0 23 22 13 18 32 7 43 42 32 37 30 23 22 15 28 43 43 17 26 22 40 28 29 48 43 34 19 37 
6 18 24 33 6 14 14 31 10 28 19 21 23 0 8 26 17 8 16 37 25 10 36 44 24 18 13 35 27 36 23 23 5 20 19 42 33 30 20 4 17 
4 27 21 41 13 19 18 37 18 35 27 29 22 8 0 29 9 14 16 45 34 11 44 47 30 25 17 40 36 44 28 30 2 28 27 45 41 39 29 7 25 
24 30 16 33 32 39 12 14 26 20 31 36 13 26 29 0 29 34 13 31 36 37 24 18 11 14 13 14 36 31 6 15 28 37 21 16 40 34 27 23 34 
11 36 17 49 22 29 21 40 27 41 36 39 18 17 9 29 0 24 15 51 43 20 48 48 34 30 21 43 45 50 30 35 12 37 33 46 50 47 37 14 34 
14 16 32 32 1 5 22 36 10 31 16 16 32 8 14 34 24 0 25 38 22 7 39 51 30 23 20 41 25 36 30 28 12 14 21 48 30 29 20 13 12 
12 28 8 37 23 30 7 25 20 27 29 33 7 16 16 13 15 25 0 38 35 26 34 32 19 16 8 27 36 38 15 21 16 33 22 30 41 37 27 12 30 
41 21 45 7 38 39 31 18 28 11 23 25 43 37 45 31 51 38 38 0 19 45 9 33 20 22 30 22 17 1 25 17 42 28 18 30 16 11 17 38 27 
31 7 44 12 23 21 28 29 16 20 6 6 42 25 34 36 43 22 35 19 0 30 26 46 25 22 26 34 2 18 29 21 31 9 15 43 7 8 8 29 10 
13 24 32 40 7 10 25 42 17 37 23 24 32 10 11 37 20 7 26 45 30 0 46 55 35 28 23 46 32 43 34 33 9 22 28 52 37 37 27 13 19 
39 25 40 15 39 42 27 10 29 8 27 30 37 36 44 24 48 39 34 9 26 46 0 24 14 19 27 13 24 10 19 13 42 33 18 21 25 18 21 36 31 
43 43 32 38 49 55 30 17 41 26 44 49 30 44 47 18 48 51 32 33 46 55 24 0 22 28 31 12 45 34 20 25 47 50 33 3 47 41 39 41 48 
26 21 25 21 29 33 13 6 19 8 22 27 23 24 30 11 34 30 19 20 25 35 14 22 0 6 13 11 25 20 5 4 29 28 11 19 28 22 17 23 26 
20 16 24 21 22 27 9 13 13 11 17 22 22 18 25 14 30 23 16 22 22 28 19 28 6 0 8 17 22 21 8 5 23 23 6 25 26 21 13 17 20 
12 20 17 29 18 25 1 19 13 19 21 25 15 13 17 13 21 20 8 30 26 23 27 31 13 8 0 23 28 29 10 13 16 25 13 29 32 28 18 10 22 
36 31 30 26 40 45 22 5 31 14 33 37 28 35 40 14 43 41 27 22 34 46 13 12 11 17 23 0 33 23 12 14 39 39 21 8 35 29 27 34 37 
33 9 45 10 25 24 29 28 18 19 9 9 43 27 36 36 45 25 36 17 2 32 24 45 25 22 28 33 0 15 30 21 33 11 15 42 5 6 9 30 12 
40 20 45 5 36 37 30 19 26 11 21 23 43 36 44 31 50 36 38 1 18 43 10 34 20 21 29 23 15 0 25 17 41 26 17 31 15 9 16 37 26 
23 24 20 27 28 34 10 10 21 14 26 30 17 23 28 6 30 30 15 25 29 34 19 20 5 8 10 12 30 25 0 9 26 31 14 18 33 27 21 21 28 
25 17 28 17 27 31 14 8 17 5 19 23 26 23 30 15 35 28 21 17 21 33 13 25 4 5 13 14 21 17 9 0 28 25 7 22 24 18 13 23 22 
3 24 22 39 10 17 16 35 15 33 24 26 22 5 2 28 12 12 16 42 31 9 42 47 29 23 16 39 33 41 26 28 0 25 24 45 38 36 26 5 22 
26 7 42 21 15 12 27 33 12 25 6 2 40 20 28 37 37 14 33 28 9 22 33 50 28 23 25 39 11 26 31 25 25 0 17 47 15 17 12 24 3 
22 10 30 15 20 24 15 16 10 10 11 16 28 19 27 21 33 21 22 18 15 28 18 33 11 6 13 21 15 17 14 7 24 17 0 30 19 14 6 20 15 
41 40 31 35 47 52 28 14 38 23 41 46 29 42 45 16 46 48 30 30 43 52 21 3 19 25 29 8 42 31 18 22 45 47 30 0 44 38 35 39 45 
38 14 49 9 30 28 34 31 23 21 14 13 48 33 41 40 50 30 41 16 7 37 25 47 28 26 32 35 5 15 33 24 38 15 19 44 0 6 13 36 17 
36 12 45 4 29 29 29 24 20 15 13 14 43 30 39 34 47 29 37 11 8 37 18 41 22 21 28 29 6 9 27 18 36 17 14 38 6 0 10 33 17 
25 4 36 12 20 21 20 22 10 13 6 10 34 20 29 27 37 20 27 17 8 27 21 39 17 13 18 27 9 16 21 13 26 12 6 35 13 10 0 23 10 
2 21 19 35 11 18 11 30 12 28 22 25 19 4 7 23 14 13 12 38 29 13 36 41 23 17 10 34 30 37 21 23 5 24 20 39 36 33 23 0 21 
23 6 38 21 13 11 24 31 9 24 4 4 37 17 25 34 34 12 30 27 10 19 31 48 26 20 22 37 12 26 28 22 22 3 15 45 17 17 10 21 0 
0 342
140 242
38 140
78 180
89 191
90 192
39 141
139 241
53 155
32 134
18 120
47 149
34 136
147 249
58 160
191 293
202 304
229 331
134 236
147 249
198 300
220 322
5 107
199 301
190 292
31 133
215 317
75 177
0 102
168 270
233 335
228 330
43 145
128 230
182 284
125 227
58 160
106 208
119 221
203 305
116 218
