41
0 4 17 15 9 12 3 29 35 29 12 9 39 40 21 41 33 19 28 9 8 9 45 11 16 31 30 24 10 44 23 12 12 24 32 10 24 36 31 32 22 
4 0 14 14 5 14 2 33 35 29 10 10 38 41 22 38 34 23 30 9 4 6 46 14 20 27 29 28 10 46 26 10 16 25 30 7 21 34 31 33 20 
17 14 0 11 10 17 14 44 27 23 6 13 27 37 22 23 31 35 31 11 12 16 41 29 31 13 17 36 24 43 33 19 29 20 16 8 6 20 23 32 8 
15 14 11 0 13 6 12 34 20 15 6 5 24 27 10 28 21 28 20 5 15 20 32 24 23 23 16 25 25 33 22 24 22 10 20 13 16 22 16 21 9 
9 5 10 13 0 15 5 38 33 28 7 11 35 41 23 33 34 28 31 9 2 7 45 20 25 22 26 31 14 46 30 10 22 24 25 1 16 30 29 34 17 
12 14 17 6 15 0 11 27 23 17 10 4 28 27 8 35 20 21 16 6 16 20 32 20 17 29 22 19 23 32 16 24 17 12 26 16 22 28 19 19 15 
3 2 14 12 5 11 0 32 33 27 8 8 36 39 20 37 32 22 28 7 5 8 44 14 19 27 28 26 12 44 25 12 16 22 29 7 20 33 29 31 19 
29 33 44 34 38 27 32 0 43 38 37 30 51 39 27 62 34 13 23 32 38 38 43 23 13 56 47 8 35 37 13 41 17 33 53 39 50 54 41 30 43 
35 35 27 20 33 23 33 43 0 6 26 25 9 11 17 25 10 43 20 26 35 40 14 43 38 30 12 34 46 20 29 44 39 11 21 33 27 17 4 14 18 
29 29 23 15 28 17 27 38 6 0 21 19 13 13 11 26 9 37 15 20 30 35 17 37 32 29 12 29 40 21 24 39 33 5 20 28 24 18 3 11 15 
12 10 6 6 7 10 8 37 26 21 0 6 28 34 16 29 27 29 26 4 9 14 38 23 25 20 19 29 20 40 26 18 23 17 20 6 13 24 22 27 10 
9 10 13 5 11 4 8 30 25 19 6 0 30 31 12 34 24 22 20 2 12 16 36 19 18 26 22 22 20 36 19 20 17 14 25 11 19 28 21 23 14 
39 38 27 24 35 28 36 51 9 13 28 30 0 20 24 18 20 50 28 29 37 42 21 49 45 26 9 42 49 28 37 46 46 18 16 34 25 11 10 23 18 
40 41 37 27 41 27 39 39 11 13 34 31 20 0 19 37 7 42 16 32 43 47 4 46 39 42 24 31 51 8 26 51 41 16 33 41 38 29 14 9 28 
21 22 22 10 23 8 20 27 17 11 16 12 24 19 0 34 12 26 9 13 24 28 24 27 21 32 19 18 31 23 14 32 22 6 26 23 26 27 14 11 17 
41 38 23 28 33 35 37 62 25 26 29 34 18 37 34 0 35 56 42 32 35 40 39 52 52 14 14 53 48 45 48 43 51 29 8 32 18 7 24 38 19 
33 34 31 21 34 20 32 34 10 9 27 24 20 7 12 35 0 36 10 25 36 40 12 39 32 38 21 25 44 12 20 44 34 10 30 34 33 27 11 3 23 
19 23 35 28 28 21 22 13 43 37 29 22 50 42 26 56 36 0 26 24 27 26 47 10 4 49 44 13 23 43 16 29 6 32 48 29 42 50 40 33 37 
28 30 31 20 31 16 28 23 20 15 26 20 28 16 9 42 10 26 0 22 33 36 20 31 23 41 27 15 38 17 10 40 25 13 35 32 35 34 19 7 26 
9 9 11 5 9 6 7 32 26 20 4 2 29 32 13 32 25 24 22 0 10 14 37 20 20 24 21 25 19 37 22 18 19 15 23 9 17 26 22 25 13 
8 4 12 15 2 16 5 38 35 30 9 12 37 43 24 35 36 27 33 10 0 5 47 18 24 24 28 32 12 48 30 8 21 26 28 3 18 32 31 36 19 
9 6 16 20 7 20 8 38 40 35 14 16 42 47 28 40 40 26 36 14 5 0 52 16 24 28 33 33 7 52 32 4 20 30 32 8 22 37 36 39 24 
45 46 41 32 45 32 44 43 14 17 38 36 21 4 24 39 12 47 20 37 47 52 0 51 43 45 27 36 56 8 31 56 45 21 35 45 41 31 18 14 32 
11 14 29 24 20 20 14 23 43 37 23 19 49 46 27 52 39 10 31 20 18 16 51 0 10 42 41 21 12 48 23 18 6 32 43 21 35 46 40 37 33 
16 20 31 23 25 17 19 13 38 32 25 18 45 39 21 52 32 4 23 20 24 24 43 10 0 45 39 11 22 40 13 27 4 27 44 26 38 46 36 29 33 
31 27 13 23 22 29 27 56 30 29 20 26 26 42 32 14 38 49 41 24 24 28 45 42 45 0 18 48 36 50 45 30 43 28 10 20 7 15 27 40 15 
30 29 17 16 26 22 28 47 12 12 19 22 9 24 19 14 21 44 27 21 28 33 27 41 39 18 0 38 40 32 34 36 39 14 8 25 15 7 9 23 9 
24 28 36 25 31 19 26 8 34 29 29 22 42 31 18 53 25 13 15 25 32 33 36 21 11 48 38 0 32 30 5 36 15 24 45 33 41 45 32 22 34 
10 10 24 25 14 23 12 35 46 40 20 20 49 51 31 48 44 23 38 19 12 7 56 12 22 36 40 32 0 55 33 6 18 35 40 15 30 44 42 43 31 
44 46 43 33 46 32 44 37 20 21 40 36 28 8 23 45 12 43 17 37 48 52 8 48 40 50 32 30 55 0 26 56 42 22 41 46 45 38 22 12 36 
23 26 33 22 30 16 25 13 29 24 26 19 37 26 14 48 20 16 10 22 30 32 31 23 13 45 34 5 33 26 0 36 17 20 40 31 38 41 27 17 30 
12 10 19 24 10 24 12 41 44 39 18 20 46 51 32 43 44 29 40 18 8 4 56 18 27 30 36 36 6 56 36 0 23 34 35 11 25 40 40 44 27 
12 16 29 22 22 17 16 17 39 33 23 17 46 41 22 51 34 6 25 19 21 20 45 6 4 43 39 15 18 42 17 23 0 28 42 23 36 45 36 31 32 
24 25 20 10 24 12 22 33 11 5 17 14 18 16 6 29 10 32 13 15 26 30 21 32 27 28 14 24 35 22 20 34 28 0 22 24 23 21 8 11 13 
32 30 16 20 25 26 29 53 21 20 20 25 16 33 26 8 30 48 35 23 28 32 35 43 44 10 8 45 40 41 40 35 42 22 0 24 11 5 18 32 11 
10 7 8 13 1 16 7 39 33 28 6 11 34 41 23 32 34 29 32 9 3 8 45 21 26 20 25 33 15 46 31 11 23 24 24 0 14 28 29 34 16 
24 21 6 16 16 22 20 50 27 24 13 19 25 38 26 18 33 42 35 17 18 22 41 35 38 7 15 41 30 45 38 25 36 23 11 14 0 16 23 34 9 
36 34 20 22 30 28 33 54 17 18 24 28 11 29 27 7 27 50 34 26 32 37 31 46 46 15 7 45 44 38 41 40 45 21 5 28 16 0 16 30 13 
31 31 23 16 29 19 29 41 4 3 22 21 10 14 14 24 11 40 19 22 31 36 18 40 36 27 9 32 42 22 27 40 36 8 18 29 23 16 0 14 14 
32 33 32 21 34 19 31 30 14 11 27 23 23 9 11 38 3 33 7 25 36 39 14 37 29 40 23 22 43 12 17 44 31 11 32 34 34 30 14 0 25 
22 20 8 9 17 15 19 43 18 15 10 14 18 28 17 19 23 37 26 13 19 24 32 33 33 15 9 34 31 36 30 27 32 13 11 16 9 13 14 25 0 
0 612
502 563
402 463
397 458
483 544
401 462
391 452
240 301
51 112
119 180
271 332
336 397
32 93
509 570
65 126
156 217
478 539
375 436
398 459
497 558
512 573
326 387
241 302
256 317
491 552
529 590
439 500
279 340
3 64
383 444
415 476
524 585
444 505
163 224
127 188
227 288
247 308
176 237
25 86
16 77
111 172
