41
0 9 10 19 40 19 11 32 35 37 9 4 18 24 39 10 21 24 33 13 26 14 19 17 4 31 26 26 27 20 16 20 12 4 31 33 31 11 24 15 10 
9 0 15 17 34 23 17 24 27 32 11 13 19 31 34 9 12 16 26 22 17 20 26 21 11 23 31 32 18 20 24 20 11 7 22 23 25 5 14 24 19 
10 15 0 13 35 29 3 40 42 32 4 13 9 15 33 7 24 23 41 11 29 22 26 27 14 29 16 17 30 11 10 11 8 14 32 36 26 12 27 13 8 
19 17 13 0 21 39 16 37 38 18 11 24 7 24 19 9 18 12 39 24 21 33 38 36 24 17 20 24 22 6 22 7 7 22 22 28 12 11 20 27 22 
40 34 35 21 0 58 38 44 42 3 32 45 27 43 4 30 27 18 46 46 25 54 59 55 44 13 37 42 25 25 43 27 28 41 20 28 9 30 26 49 44 
19 23 29 39 58 0 28 34 38 55 29 15 37 39 57 29 34 40 33 25 38 7 8 3 15 47 44 42 39 39 31 39 32 17 44 43 48 28 36 24 24 
11 17 3 16 38 28 0 42 44 35 7 13 11 13 35 10 27 26 43 8 32 21 25 27 14 32 15 15 33 13 7 12 11 15 35 39 29 15 30 10 5 
32 24 40 37 44 34 42 0 3 43 36 34 42 55 46 33 19 27 2 46 18 36 41 31 32 30 55 57 18 42 49 43 35 28 23 16 37 28 18 47 43 
35 27 42 38 42 38 44 3 0 42 38 37 43 57 45 35 19 27 5 49 18 40 45 34 35 29 56 59 17 43 51 44 36 31 22 14 37 29 18 50 46 
37 32 32 18 3 55 35 43 42 0 29 42 24 40 2 27 26 17 46 43 25 51 56 53 41 13 33 39 25 22 40 23 25 38 20 28 7 27 25 46 40 
9 11 4 11 32 29 7 36 38 29 0 13 8 19 30 3 20 19 37 14 25 23 27 27 13 25 19 21 25 10 14 10 4 13 27 32 23 8 22 17 12 
4 13 13 24 45 15 13 34 37 42 13 0 22 25 43 15 25 29 35 12 31 9 14 14 2 36 29 28 31 24 17 24 17 6 35 37 35 16 28 13 10 
18 19 9 7 27 37 11 42 43 24 8 22 0 17 24 9 24 19 44 19 28 31 35 35 22 24 13 17 28 2 16 1 7 21 28 35 19 14 26 21 17 
24 31 15 24 43 39 13 55 57 40 19 25 17 0 39 22 39 36 57 14 44 32 34 39 27 41 8 3 44 18 8 17 22 29 45 51 36 28 42 15 14 
39 34 33 19 4 57 35 46 45 2 30 43 24 39 0 28 28 19 48 44 27 53 58 54 43 15 32 38 27 22 40 23 26 40 23 31 9 29 27 46 41 
10 9 7 9 30 29 10 33 35 27 3 15 9 22 28 0 17 16 35 17 22 24 29 27 14 22 21 23 22 10 17 11 2 12 24 29 21 5 19 20 14 
21 12 24 18 27 34 27 19 19 26 20 25 24 39 28 17 0 9 21 33 5 32 38 30 24 14 37 40 5 24 34 25 17 19 10 12 19 11 2 35 30 
24 16 23 12 18 40 26 27 27 17 19 29 19 36 19 16 9 0 30 34 9 37 42 37 27 7 32 36 10 18 33 20 15 23 9 16 10 12 8 36 31 
33 26 41 39 46 33 43 2 5 46 37 35 44 57 48 35 21 30 0 47 21 36 41 30 33 33 56 58 20 44 50 45 36 29 26 18 40 29 21 48 44 
13 22 11 24 46 25 8 46 49 43 14 12 19 14 44 17 33 34 47 0 39 18 20 25 14 40 20 17 39 21 5 20 19 18 42 45 37 22 36 2 2 
26 17 29 21 25 38 32 18 18 25 25 31 28 44 27 22 5 9 21 39 0 37 43 35 29 12 41 45 0 27 39 28 22 24 6 7 19 16 2 41 36 
14 20 22 33 54 7 21 36 40 51 23 9 31 32 53 24 32 37 36 18 37 0 5 8 9 44 37 35 37 33 24 33 26 13 43 42 44 24 35 17 17 
19 26 26 38 59 8 25 41 45 56 27 14 35 34 58 29 38 42 41 20 43 5 0 11 15 49 40 37 43 38 26 37 31 18 48 48 50 29 40 18 20 
17 21 27 36 55 3 27 31 34 53 27 14 35 39 54 27 30 37 30 25 35 8 11 0 13 44 43 42 35 37 31 37 30 14 41 39 46 25 33 25 24 
4 11 14 24 44 15 14 32 35 41 13 2 22 27 43 14 24 27 33 14 29 9 15 13 0 34 30 29 29 24 18 24 17 4 34 35 35 14 26 15 12 
31 23 29 17 13 47 32 30 29 13 25 36 24 41 15 22 14 7 33 40 12 44 49 44 34 0 37 41 12 23 39 24 21 30 7 16 8 20 12 42 37 
26 31 16 20 37 44 15 55 56 33 19 29 13 8 32 21 37 32 56 20 41 37 40 43 30 37 0 5 42 14 14 12 20 31 42 48 30 27 39 21 19 
26 32 17 24 42 42 15 57 59 39 21 28 17 3 38 23 40 36 58 17 45 35 37 42 29 41 5 0 45 18 11 17 22 31 46 52 35 29 42 18 17 
27 18 30 22 25 39 33 18 17 25 25 31 28 44 27 22 5 10 20 39 0 37 43 35 29 12 42 45 0 28 40 29 22 25 6 6 19 17 3 41 36 
20 20 11 6 25 39 13 42 43 22 10 24 2 18 22 10 24 18 44 21 27 33 38 37 24 23 14 18 28 0 18 1 8 23 28 34 17 15 25 24 19 
16 24 10 22 43 31 7 49 51 40 14 17 16 8 40 17 34 33 50 5 39 24 26 31 18 39 14 11 40 18 0 17 17 21 42 46 35 22 37 7 6 
20 20 11 7 27 39 12 43 44 23 10 24 1 17 23 11 25 20 45 20 28 33 37 37 24 24 12 17 29 1 17 0 9 23 29 35 19 16 27 23 18 
12 11 8 7 28 32 11 35 36 25 4 17 7 22 26 2 17 15 36 19 22 26 31 30 17 21 20 22 22 8 17 9 0 15 24 29 19 7 19 21 16 
4 7 14 22 41 17 15 28 31 38 13 6 21 29 40 12 19 23 29 18 24 13 18 14 4 30 31 31 25 23 21 23 15 0 29 30 31 11 22 19 15 
31 22 32 22 20 44 35 23 22 20 27 35 28 45 23 24 10 9 26 42 6 43 48 41 34 7 42 46 6 28 42 29 24 29 0 8 15 20 8 44 39 
33 23 36 28 28 43 39 16 14 28 32 37 35 51 31 29 12 16 18 45 7 42 48 39 35 16 48 52 6 34 46 35 29 30 8 0 24 23 9 47 42 
31 25 26 12 9 48 29 37 37 7 23 35 19 36 9 21 19 10 40 37 19 44 50 46 35 8 30 35 19 17 35 19 19 31 15 24 0 20 19 40 35 
11 5 12 11 30 28 15 28 29 27 8 16 14 28 29 5 11 12 29 22 16 24 29 25 14 20 27 29 17 15 22 16 7 11 20 23 20 0 14 24 19 
24 14 27 20 26 36 30 18 18 25 22 28 26 42 27 19 2 8 21 36 2 35 40 33 26 12 39 42 3 25 37 27 19 22 8 9 19 14 0 38 33 
15 24 13 27 49 24 10 47 50 46 17 13 21 15 46 20 35 36 48 2 41 17 18 25 15 42 21 18 41 24 7 23 21 19 44 47 40 24 38 0 5 
10 19 8 22 44 24 5 43 46 40 12 10 17 14 41 14 30 31 44 2 36 17 20 24 12 37 19 17 36 19 6 18 16 15 39 42 35 19 33 5 0 
0 636
558 558
135 135
224 224
174 174
107 107
585 585
615 615
429 429
618 618
160 160
407 407
518 518
47 47
624 624
5 5
439 439
552 552
475 475
112 112
167 167
301 301
381 381
597 597
417 417
154 154
335 335
430 430
169 169
27 27
184 184
548 548
314 314
465 465
587 587
245 245
268 268
599 599
614 614
345 345
116 116
