41
0 22 30 26 25 17 12 20 16 25 25 25 9 17 26 19 26 3 6 17 17 8 21 22 13 27 11 16 31 21 15 11 26 24 25 34 20 24 16 14 24 
22 0 10 29 41 29 27 1 18 37 4 22 28 39 24 41 25 26 17 25 20 25 41 35 25 11 28 37 14 17 38 10 23 31 29 43 11 29 14 30 8 
30 10 0 27 44 31 37 11 28 38 6 19 37 47 21 48 22 34 26 36 30 35 50 37 28 20 38 43 4 16 46 19 33 31 28 42 12 28 25 34 6 
26 29 27 0 20 10 38 28 38 13 27 8 35 38 6 34 5 27 28 42 39 34 44 12 13 40 37 27 24 11 35 26 47 5 0 14 17 1 36 16 22 
25 41 44 20 0 12 35 40 42 7 42 27 32 27 25 20 25 24 31 42 42 31 34 7 16 50 33 14 42 28 24 34 51 14 19 15 32 18 41 11 38 
17 29 31 10 12 0 29 28 33 8 29 15 26 27 14 23 14 18 22 35 34 25 34 6 4 38 28 16 29 16 24 23 42 6 10 16 19 9 31 5 25 
12 27 37 38 35 29 0 26 12 36 31 37 3 16 38 21 38 12 11 7 11 4 15 34 25 27 2 23 39 33 16 17 19 36 38 46 29 37 15 25 32 
20 1 11 28 40 28 26 0 17 35 5 21 26 37 23 39 24 24 15 24 19 24 40 34 23 12 27 36 14 16 36 9 22 30 28 42 10 28 13 28 8 
16 18 28 38 42 33 12 17 0 40 22 34 15 28 36 32 36 19 10 7 1 13 27 38 28 14 14 32 32 29 28 12 9 38 38 49 24 37 3 30 25 
25 37 38 13 7 8 36 35 40 0 37 20 33 31 18 25 18 24 30 42 41 32 38 2 13 47 34 18 36 22 28 31 50 7 12 10 26 11 40 11 32 
25 4 6 27 42 29 31 5 22 37 0 20 31 42 22 43 23 28 20 30 24 29 45 35 25 15 32 39 9 15 41 14 27 30 28 42 10 28 19 31 5 
25 22 19 8 27 15 37 21 34 20 20 0 35 40 2 38 3 27 26 39 36 33 46 19 15 34 36 31 16 4 37 22 42 13 8 22 10 9 31 20 15 
9 28 37 35 32 26 3 26 15 33 31 35 0 13 36 18 36 8 11 11 14 2 13 30 22 29 1 19 39 31 13 17 22 33 35 43 28 34 17 22 32 
17 39 47 38 27 27 16 37 28 31 42 40 13 0 40 7 40 14 22 23 27 14 7 29 25 41 13 13 48 38 3 28 35 34 38 41 37 37 30 22 41 
26 24 21 6 25 14 38 23 36 18 22 2 36 40 0 37 1 28 27 41 37 34 46 18 15 36 37 31 18 7 37 24 44 11 6 20 12 7 33 20 17 
19 41 48 34 20 23 21 39 32 25 43 38 18 7 37 0 37 15 25 29 32 19 14 23 22 45 19 6 48 36 5 30 41 29 33 35 36 32 34 17 42 
26 25 22 5 25 14 38 24 36 18 23 3 36 40 1 37 0 28 27 41 38 34 46 17 15 37 37 31 19 7 37 24 45 10 5 19 13 6 34 19 18 
3 26 34 27 24 18 12 24 19 24 28 27 8 14 28 15 28 0 10 18 19 7 18 22 14 30 10 13 34 24 12 15 28 24 27 34 23 26 19 13 27 
6 17 26 28 31 22 11 15 10 30 20 26 11 22 27 25 27 10 0 13 11 8 24 27 17 20 11 23 28 21 21 6 20 28 28 39 18 27 10 19 21 
17 25 36 42 42 35 7 24 7 42 30 39 11 23 41 29 41 18 13 0 6 11 21 40 30 22 10 30 39 35 24 18 11 41 42 52 31 41 11 31 32 
17 20 30 39 42 34 11 19 1 41 24 36 14 27 37 32 38 19 11 6 0 13 26 39 29 16 13 32 33 31 27 13 9 39 39 50 26 39 5 31 27 
8 25 35 34 31 25 4 24 13 32 29 33 2 14 34 19 34 7 8 11 13 0 15 29 21 27 3 19 37 29 14 15 21 32 33 42 26 32 15 21 29 
21 41 50 44 34 34 15 40 27 38 45 46 13 7 46 14 46 18 24 21 26 15 0 36 31 42 13 20 52 43 10 31 33 40 44 48 41 43 30 28 45 
22 35 37 12 7 6 34 34 38 2 35 19 30 29 18 23 17 22 27 40 39 29 36 0 10 45 32 16 35 21 26 28 48 7 12 12 25 11 37 8 31 
13 25 28 13 16 4 25 23 28 13 25 15 22 25 15 22 15 14 17 30 29 21 31 10 0 34 24 16 27 14 22 18 37 10 12 21 16 11 27 5 22 
27 11 20 40 50 38 27 12 14 47 15 34 29 41 36 45 37 30 20 22 16 27 42 45 34 0 28 43 24 29 41 16 14 42 40 54 23 40 11 38 19 
11 28 38 37 33 28 2 27 14 34 32 36 1 13 37 19 37 10 11 10 13 3 13 32 24 28 0 20 40 32 14 18 21 34 36 44 29 35 17 23 32 
16 37 43 27 14 16 23 36 32 18 39 31 19 13 31 6 31 13 23 30 32 19 20 16 16 43 20 0 43 30 9 27 41 23 27 28 32 26 33 11 37 
31 14 4 24 42 29 39 14 32 36 9 16 39 48 18 48 19 34 28 39 33 37 52 35 27 24 40 43 0 13 46 22 37 29 24 38 11 25 28 33 7 
21 17 16 11 28 16 33 16 29 22 15 4 31 38 7 36 7 24 21 35 31 29 43 21 14 29 32 30 13 0 35 17 37 15 12 26 5 12 27 19 10 
15 38 46 35 24 24 16 36 28 28 41 37 13 3 37 5 37 12 21 24 27 14 10 26 22 41 14 9 46 35 0 27 36 31 34 38 35 33 30 18 39 
11 10 19 26 34 23 17 9 12 31 14 22 17 28 24 30 24 15 6 18 13 15 31 28 18 16 18 27 22 17 27 0 20 27 26 39 13 26 9 22 14 
26 23 33 47 51 42 19 22 9 50 27 42 22 35 44 41 45 28 20 11 9 21 33 48 37 14 21 41 37 37 36 20 0 47 47 59 32 46 10 40 31 
24 31 31 5 14 6 36 30 38 7 30 13 33 34 11 29 10 24 28 41 39 32 40 7 10 42 34 23 29 15 31 27 47 0 5 11 20 4 36 12 26 
25 29 28 0 19 10 38 28 38 12 28 8 35 38 6 33 5 27 28 42 39 33 44 12 12 40 36 27 24 12 34 26 47 5 0 14 18 1 36 16 23 
34 43 42 14 15 16 46 42 49 10 42 22 43 41 20 35 19 34 39 52 50 42 48 12 21 54 44 28 38 26 38 39 59 11 14 0 32 14 48 21 37 
20 11 12 17 32 19 29 10 24 26 10 10 28 37 12 36 13 23 18 31 26 26 41 25 16 23 29 32 11 5 35 13 32 20 18 32 0 17 21 22 5 
24 29 28 1 18 9 37 28 37 11 28 9 34 37 7 32 6 26 27 41 39 32 43 11 11 40 35 26 25 12 33 26 46 4 1 14 17 0 35 15 23 
16 14 25 36 41 31 15 13 3 40 19 31 17 30 33 34 34 19 10 11 5 15 30 37 27 11 17 33 28 27 30 9 10 36 36 48 21 35 0 30 21 
14 30 34 16 11 5 25 28 30 11 31 20 22 22 20 17 19 13 19 31 31 21 28 8 5 38 23 11 33 19 18 22 40 12 16 21 22 15 30 0 28 
24 8 6 22 38 25 32 8 25 32 5 15 32 41 17 42 18 27 21 32 27 29 45 31 22 19 32 37 7 10 39 14 31 26 23 37 5 23 21 28 0 
0 514
18 172
353 507
314 468
321 475
22 176
147 301
102 256
183 337
296 450
99 253
239 393
139 293
181 335
272 426
205 359
268 422
351 505
114 268
103 257
117 271
189 343
253 407
341 495
358 512
97 251
196 350
25 179
187 341
122 276
254 408
342 496
35 189
55 209
330 484
281 435
117 271
304 458
192 346
2 156
261 415
