41
0 37 25 39 40 25 19 44 5 15 10 32 42 40 21 47 29 23 44 35 42 17 39 42 15 24 22 21 36 29 20 41 36 11 30 19 4 20 8 34 19 
37 0 34 19 9 37 37 10 34 38 29 6 19 13 23 18 14 14 8 24 5 30 7 10 28 26 14 24 15 18 21 18 24 33 11 22 32 38 33 10 19 
25 34 0 47 42 3 42 35 27 39 28 28 26 44 35 51 20 29 43 48 39 8 40 43 11 39 24 35 43 16 14 25 16 33 22 32 24 43 17 25 28 
39 19 47 0 11 50 29 29 34 32 28 22 38 7 17 10 30 18 16 7 18 41 13 12 38 17 23 18 4 35 33 38 42 29 28 19 35 29 39 28 21 
40 9 42 11 0 45 35 18 36 37 30 14 28 3 21 9 22 16 5 17 7 37 2 2 34 23 19 22 7 27 28 28 34 33 20 22 35 36 38 19 21 
25 37 3 50 45 0 43 38 28 40 30 31 29 47 38 54 23 32 46 50 43 10 43 47 13 41 27 37 46 19 17 28 19 34 26 35 25 44 17 28 31 
19 37 42 29 35 43 0 47 14 4 13 34 50 33 14 39 36 23 41 23 40 33 36 38 30 12 26 13 29 39 31 49 47 8 37 15 18 1 25 39 19 
44 10 35 29 18 38 47 0 42 48 37 13 12 22 33 25 16 24 14 34 11 33 16 17 32 36 22 34 25 18 25 12 21 42 14 32 40 48 38 10 28 
5 34 27 34 36 28 14 42 0 11 6 29 41 35 16 43 28 20 40 30 38 19 35 38 16 18 20 16 32 29 20 40 36 6 29 14 3 16 10 32 15 
15 38 39 32 37 40 4 48 11 0 11 35 49 36 15 42 36 24 43 27 42 30 38 40 27 15 26 15 31 38 29 48 46 6 36 16 14 5 22 39 19 
10 29 28 28 30 30 13 37 6 11 0 24 38 29 10 37 24 14 34 25 33 20 30 32 16 13 15 10 26 26 18 37 34 5 25 8 6 14 13 28 9 
32 6 28 22 14 31 34 13 29 35 24 0 17 17 21 23 8 11 14 25 11 24 11 15 22 24 9 21 17 13 15 16 20 29 6 19 27 35 27 6 15 
42 19 26 38 28 29 50 12 41 49 38 17 0 32 37 36 13 27 25 43 22 28 26 28 28 41 23 38 34 13 22 1 10 43 13 35 38 51 35 11 31 
40 13 44 7 3 47 33 22 35 36 29 17 32 0 20 7 25 17 9 13 10 38 6 5 36 21 20 21 4 30 30 32 37 32 23 21 35 34 38 23 21 
21 23 35 17 21 38 14 33 16 15 10 21 37 20 0 27 25 10 27 14 26 27 22 24 24 3 14 0 16 28 22 36 37 12 24 3 17 15 23 26 7 
47 18 51 10 9 54 39 25 43 42 37 23 36 7 27 0 31 24 10 17 14 46 11 8 43 27 28 28 10 36 37 36 43 39 29 28 43 40 46 28 28 
29 14 20 30 22 23 36 16 28 36 24 8 13 25 25 31 0 15 22 32 19 17 20 23 16 28 10 25 25 4 9 12 12 30 2 22 25 38 23 5 18 
23 14 29 18 16 32 23 24 20 24 14 11 27 17 10 24 15 0 20 18 18 22 15 19 19 13 5 10 14 18 15 26 27 18 14 8 19 24 21 16 5 
44 8 43 16 5 46 41 14 40 43 34 14 25 9 27 10 22 20 0 23 3 39 4 3 36 28 22 27 13 27 30 26 33 38 20 27 39 41 41 18 25 
35 24 48 7 17 50 23 34 30 27 25 25 43 13 14 17 32 18 23 0 24 40 19 19 37 12 24 14 9 37 33 42 45 25 31 16 31 23 37 32 19 
42 5 39 18 7 43 40 11 38 42 33 11 22 10 26 14 19 18 3 24 0 36 4 6 33 28 19 27 14 23 27 22 29 37 17 25 37 41 38 15 23 
17 30 8 41 37 10 33 33 19 30 20 24 28 38 27 46 17 22 39 40 36 0 35 39 3 31 18 27 37 15 8 26 19 24 20 24 15 34 9 23 20 
39 7 40 13 2 43 36 16 35 38 30 11 26 6 22 11 20 15 4 19 4 35 0 3 33 23 18 23 9 25 26 25 31 33 18 22 35 37 36 17 20 
42 10 43 12 2 47 38 17 38 40 32 15 28 5 24 8 23 19 3 19 6 39 3 0 36 25 21 25 9 28 30 28 35 36 21 24 38 38 40 20 23 
15 28 11 38 34 13 30 32 16 27 16 22 28 36 24 43 16 19 36 37 33 3 33 36 0 28 15 24 34 15 6 26 20 21 18 21 13 31 7 21 17 
24 26 39 17 23 41 12 36 18 15 13 24 41 21 3 27 28 13 28 12 28 31 23 25 28 0 18 4 16 32 26 40 41 13 28 6 20 13 26 30 11 
22 14 24 23 19 27 26 22 20 26 15 9 23 20 14 28 10 5 22 24 19 18 18 21 15 18 0 14 19 13 9 22 22 20 10 12 18 27 18 13 7 
21 24 35 18 22 37 13 34 16 15 10 21 38 21 0 28 25 10 27 14 27 27 23 25 24 4 14 0 17 28 22 37 37 11 25 2 17 14 22 27 7 
36 15 43 4 7 46 29 25 32 31 26 17 34 4 16 10 25 14 13 9 14 37 9 9 34 16 19 17 0 30 29 33 38 28 24 17 32 29 36 24 18 
29 18 16 35 27 19 39 18 29 38 26 13 13 30 28 36 4 18 27 37 23 15 25 28 15 32 13 28 30 0 9 11 8 31 6 25 26 40 22 8 21 
20 21 14 33 28 17 31 25 20 29 18 15 22 30 22 37 9 15 30 33 27 8 26 30 6 26 9 22 29 9 0 20 16 23 11 19 17 32 13 14 15 
41 18 25 38 28 28 49 12 40 48 37 16 1 32 36 36 12 26 26 42 22 26 25 28 26 40 22 37 33 11 20 0 9 42 12 34 37 50 33 10 30 
36 24 16 42 34 19 47 21 36 46 34 20 10 37 37 43 12 27 33 45 29 19 31 35 20 41 22 37 38 8 16 9 0 40 14 34 33 49 28 14 29 
11 33 33 29 33 34 8 42 6 6 5 29 43 32 12 39 30 18 38 25 37 24 33 36 21 13 20 11 28 31 23 42 40 0 30 11 9 10 16 33 13 
30 11 22 28 20 26 37 14 29 36 25 6 13 23 24 29 2 14 20 31 17 20 18 21 18 28 10 25 24 6 11 12 14 30 0 22 26 38 24 3 18 
19 22 32 19 22 35 15 32 14 16 8 19 35 21 3 28 22 8 27 16 25 24 22 24 21 6 12 2 17 25 19 34 34 11 22 0 15 16 20 24 4 
4 32 24 35 35 25 18 40 3 14 6 27 38 35 17 43 25 19 39 31 37 15 35 38 13 20 18 17 32 26 17 37 33 9 26 15 0 19 7 29 14 
20 38 43 29 36 44 1 48 16 5 14 35 51 34 15 40 38 24 41 23 41 34 37 38 31 13 27 14 29 40 32 50 49 10 38 16 19 0 26 40 20 
8 33 17 39 38 17 25 38 10 22 13 27 35 38 23 46 23 21 41 37 38 9 36 40 7 26 18 22 36 22 13 33 28 16 24 20 7 26 0 28 18 
34 10 25 28 19 28 39 10 32 39 28 6 11 23 26 28 5 16 18 32 15 23 17 20 21 30 13 27 24 8 14 10 14 33 3 24 29 40 28 0 20 
19 19 28 21 21 31 19 28 15 19 9 15 31 21 7 28 18 5 25 19 23 20 20 23 17 11 7 7 18 21 15 30 29 13 18 4 14 20 18 20 0 
0 563
77 245
236 404
258 426
24 192
62 230
272 440
387 555
214 382
10 178
277 445
265 433
339 507
164 332
21 189
271 439
106 274
263 431
87 255
226 394
141 309
264 432
225 393
269 437
194 362
359 527
291 459
172 340
92 260
221 389
5 173
245 413
374 542
239 407
340 508
333 501
38 206
314 482
187 355
238 406
320 488
