41
0 28 23 22 42 20 39 25 34 40 33 29 25 41 19 19 37 8 19 7 28 17 30 22 18 32 24 15 43 21 5 14 8 20 35 6 25 4 21 35 37 
28 0 16 40 19 28 15 25 13 15 6 21 13 13 19 18 13 33 40 32 19 18 26 25 25 14 6 17 25 8 29 22 20 13 17 27 28 26 17 16 16 
23 16 0 43 35 13 31 35 29 18 22 33 3 25 27 27 16 24 41 30 5 25 38 9 11 29 10 23 41 18 27 27 19 22 32 18 37 19 27 12 15 
22 40 43 0 47 43 46 20 39 55 43 27 44 53 22 22 53 28 4 14 49 22 24 44 41 35 40 22 43 32 16 18 24 27 38 29 18 27 24 53 55 
42 19 35 47 0 48 4 26 7 27 12 19 32 17 25 25 26 49 48 44 38 26 23 45 44 11 25 28 8 21 41 31 34 22 8 44 29 42 23 32 30 
20 28 13 43 48 0 44 41 41 32 35 42 17 38 33 33 30 17 40 28 15 31 45 4 3 40 22 28 52 28 26 31 21 30 43 13 42 15 34 25 28 
39 15 31 46 4 44 0 26 6 23 8 19 28 13 23 23 22 46 46 42 34 24 24 41 40 10 21 26 11 18 39 29 31 20 8 40 29 39 21 28 26 
25 25 35 20 26 41 26 0 20 41 26 6 34 35 8 8 39 33 22 22 41 10 4 40 38 15 27 12 22 18 21 11 20 13 17 30 3 28 8 41 41 
34 13 29 39 7 41 6 20 0 25 9 13 26 17 17 17 24 42 40 36 33 18 18 38 38 4 19 20 11 13 33 23 26 14 4 36 23 34 15 29 27 
40 15 18 55 27 32 23 41 25 0 16 36 15 10 34 34 2 43 54 45 17 33 41 27 29 28 15 33 35 23 42 37 33 28 29 36 43 36 33 7 4 
33 6 22 43 12 35 8 26 9 16 0 20 19 9 21 21 15 39 43 37 25 21 25 32 32 11 13 21 19 12 34 26 25 16 13 33 28 32 19 20 18 
29 21 33 27 19 42 19 6 13 36 20 0 32 29 9 9 34 37 29 27 39 11 5 40 38 9 25 14 16 15 25 14 22 11 10 33 9 30 7 37 37 
25 13 3 44 32 17 28 34 26 15 19 32 0 21 26 26 12 28 42 32 6 24 36 13 14 27 7 23 38 16 29 27 20 21 30 21 36 21 26 9 12 
41 13 25 53 17 38 13 35 17 10 9 29 21 0 30 30 10 46 52 45 25 30 35 34 36 20 17 30 25 20 42 35 33 25 21 39 38 39 28 17 14 
19 19 27 22 25 33 23 8 17 34 21 9 26 30 0 0 32 27 22 19 33 2 11 32 30 13 20 5 24 10 16 6 13 5 16 23 10 21 2 34 34 
19 18 27 22 25 33 23 8 17 34 21 9 26 30 0 0 32 27 22 19 32 2 11 32 30 14 20 4 24 10 16 6 13 5 17 23 10 21 2 33 34 
37 13 16 53 26 30 22 39 24 2 15 34 12 10 32 32 0 40 52 43 15 31 39 25 27 26 13 30 34 21 39 35 30 26 28 34 41 34 31 6 3 
8 33 24 28 49 17 46 33 42 43 39 37 28 46 27 27 40 0 24 13 29 25 38 20 16 39 28 22 51 28 13 22 15 27 42 6 33 7 29 37 40 
19 40 41 4 48 40 46 22 40 54 43 29 42 52 22 22 52 24 0 11 47 22 26 41 37 36 38 22 45 32 14 17 22 27 39 26 20 24 25 52 53 
7 32 30 14 44 28 42 22 36 45 37 27 32 45 19 19 43 13 11 0 36 17 27 30 26 32 29 16 43 25 3 13 12 21 36 14 22 12 21 42 44 
28 19 5 49 38 15 34 41 33 17 25 39 6 25 33 32 15 29 47 36 0 30 43 10 13 34 14 29 44 23 33 33 24 27 36 23 43 24 32 10 13 
17 18 25 22 26 31 24 10 18 33 21 11 24 30 2 2 31 25 22 17 30 0 14 30 27 15 18 2 26 9 14 5 10 4 18 21 12 18 4 32 33 
30 26 38 24 23 45 24 4 18 41 25 5 36 35 11 11 39 38 26 27 43 14 0 44 42 14 29 16 19 19 26 15 24 15 15 35 6 32 10 42 42 
22 25 9 44 45 4 41 40 38 27 32 40 13 34 32 32 25 20 41 30 10 30 44 0 3 38 19 27 49 26 27 31 21 29 41 15 42 17 33 20 24 
18 25 11 41 44 3 40 38 38 29 32 38 14 36 30 30 27 16 37 26 13 27 42 3 0 37 19 25 49 24 24 28 18 27 40 12 39 13 31 23 26 
32 14 29 35 11 40 10 15 4 28 11 9 27 20 13 14 26 39 36 32 34 15 14 38 37 0 19 17 12 12 30 20 24 11 3 34 18 32 11 30 30 
24 6 10 40 25 22 21 27 19 15 13 25 7 17 20 20 13 28 38 29 14 18 29 19 19 19 0 17 30 9 26 22 17 14 22 22 30 21 19 13 14 
15 17 23 22 28 28 26 12 20 33 21 14 23 30 5 4 30 22 22 16 29 2 16 27 25 17 17 0 28 9 13 4 8 5 20 18 14 16 6 31 32 
43 25 41 43 8 52 11 22 11 35 19 16 38 25 24 24 34 51 45 43 44 26 19 49 49 12 30 28 0 24 41 30 36 23 8 46 25 44 22 39 38 
21 8 18 32 21 28 18 18 13 23 12 15 16 20 10 10 21 28 32 25 23 9 19 26 24 12 9 9 24 0 21 14 13 5 15 22 20 21 9 23 23 
5 29 27 16 41 26 39 21 33 42 34 25 29 42 16 16 39 13 14 3 33 14 26 27 24 30 26 13 41 21 0 10 9 18 33 12 20 10 18 38 40 
14 22 27 18 31 31 29 11 23 37 26 14 27 35 6 6 35 22 17 13 33 5 15 31 28 20 22 4 30 14 10 0 10 9 23 19 11 17 8 36 37 
8 20 19 24 34 21 31 20 26 33 25 22 20 33 13 13 30 15 22 12 24 10 24 21 18 24 17 8 36 13 9 10 0 12 27 10 21 8 14 29 31 
20 13 22 27 22 30 20 13 14 28 16 11 21 25 5 5 26 27 27 21 27 4 15 29 27 11 14 5 23 5 18 9 12 0 15 22 15 20 4 28 28 
35 17 32 38 8 43 8 17 4 29 13 10 30 21 16 17 28 42 39 36 36 18 15 41 40 3 22 20 8 15 33 23 27 15 0 37 20 35 14 32 31 
6 27 18 29 44 13 40 30 36 36 33 33 21 39 23 23 34 6 26 14 23 21 35 15 12 34 22 18 46 22 12 19 10 22 37 0 31 2 25 31 34 
25 28 37 18 29 42 29 3 23 43 28 9 36 38 10 10 41 33 20 22 43 12 6 42 39 18 30 14 25 20 20 11 21 15 20 31 0 28 10 43 44 
4 26 19 27 42 15 39 28 34 36 32 30 21 39 21 21 34 7 24 12 24 18 32 17 13 32 21 16 44 21 10 17 8 20 35 2 28 0 23 31 34 
21 17 27 24 23 34 21 8 15 33 19 7 26 28 2 2 31 29 25 21 32 4 10 33 31 11 19 6 22 9 18 8 14 4 14 25 10 23 0 33 33 
35 16 12 53 32 25 28 41 29 7 20 37 9 17 34 33 6 37 52 42 10 32 42 20 23 30 13 31 39 23 38 36 29 28 32 31 43 31 33 0 3 
37 16 15 55 30 28 26 41 27 4 18 37 12 14 34 34 3 40 53 44 13 33 42 24 26 30 14 32 38 23 40 37 31 28 31 34 44 34 33 3 0 
0 440
212 256
244 288
354 398
115 159
233 277
233 277
378 422
383 427
178 222
249 293
164 208
27 71
341 385
273 317
44 88
348 392
302 346
269 313
380 424
341 385
32 76
15 59
282 326
346 390
207 251
64 108
376 420
141 185
53 97
101 145
292 336
48 92
301 345
347 391
370 414
325 369
295 339
283 327
384 428
37 81
