41
0 18 43 29 19 17 29 18 14 50 18 25 14 12 47 28 25 44 36 43 35 7 20 37 44 49 33 10 46 22 46 47 28 27 44 23 14 8 25 36 17 
18 0 35 32 19 1 21 5 5 35 17 35 27 9 31 11 22 44 27 25 23 13 17 25 29 34 16 9 44 35 37 41 25 40 34 8 32 22 10 26 4 
43 35 0 22 25 37 15 30 39 19 25 34 38 32 21 27 18 20 8 26 13 44 23 13 18 21 24 36 14 40 4 7 15 41 4 43 47 39 26 9 40 
29 32 22 0 13 32 16 26 32 38 14 12 17 23 39 31 11 15 19 39 25 33 14 27 34 39 32 26 18 18 26 22 10 18 25 40 26 21 27 22 35 
19 19 25 13 0 19 11 13 19 35 1 17 15 10 33 20 6 26 18 31 19 21 2 22 29 35 23 14 28 20 28 27 9 23 25 27 23 14 16 19 22 
17 1 37 32 19 0 22 6 3 37 18 35 27 9 33 13 23 45 29 27 25 11 18 27 31 35 18 8 45 35 38 42 26 40 36 8 31 21 11 28 2 
29 21 15 16 11 22 0 16 24 23 11 26 26 17 23 15 6 24 7 22 8 29 9 11 19 24 15 21 23 31 17 20 6 32 15 29 35 25 13 7 25 
18 5 30 26 13 6 16 0 8 32 12 30 24 6 29 10 16 39 22 24 19 14 12 21 26 31 15 8 38 32 32 36 19 36 29 14 30 19 7 21 9 
14 5 39 32 19 3 24 8 0 40 18 33 25 8 36 16 23 46 31 31 27 8 18 29 34 39 22 6 46 33 41 44 27 38 38 9 28 19 14 30 3 
50 35 19 38 35 37 23 32 40 0 35 50 50 37 5 23 30 39 19 12 15 47 32 12 5 2 18 40 34 54 16 25 29 56 15 39 58 48 25 16 39 
18 17 25 14 1 18 11 12 18 35 0 18 15 9 33 19 7 28 18 31 19 19 2 22 29 35 22 12 29 21 29 28 10 24 26 26 23 13 15 19 20 
25 35 34 12 17 35 26 30 33 50 18 0 10 25 49 38 20 24 30 49 35 31 20 37 45 50 40 27 29 6 39 33 20 6 37 43 17 16 34 33 37 
14 27 38 17 15 27 26 24 25 50 15 10 0 18 48 33 20 32 32 46 34 21 17 37 44 50 37 18 36 8 42 39 22 13 39 34 9 6 29 33 28 
12 9 32 23 10 9 17 6 8 37 9 25 18 0 34 16 15 37 24 30 23 11 10 25 31 37 21 3 38 26 35 37 19 30 32 17 23 13 13 24 11 
47 31 21 39 33 33 23 29 36 5 33 49 48 34 0 19 29 41 19 7 14 44 31 12 4 2 14 37 36 54 19 28 28 56 17 35 56 46 22 16 35 
28 11 27 31 20 13 15 10 16 23 19 38 33 16 19 0 19 40 19 14 13 24 17 15 18 22 5 18 38 40 27 33 21 43 25 16 40 29 3 17 15 
25 22 18 11 6 23 6 16 23 30 7 20 20 15 29 19 0 22 12 29 15 26 5 17 25 30 21 19 22 24 22 21 3 26 19 30 29 20 16 13 26 
44 44 20 15 26 45 24 39 46 39 28 24 32 37 41 40 22 0 22 44 30 47 27 31 37 41 40 40 6 30 23 14 19 28 24 53 41 36 38 25 48 
36 27 8 19 18 29 7 22 31 19 18 30 32 24 19 19 12 22 0 22 7 36 16 8 15 20 17 28 19 36 10 13 10 37 7 35 41 32 18 3 32 
43 25 26 39 31 27 22 24 31 12 31 49 46 30 7 14 29 44 22 0 15 39 29 13 8 10 9 33 40 52 24 33 29 55 22 28 54 43 17 18 29 
35 23 13 25 19 25 8 19 27 15 19 35 34 23 14 13 15 30 7 15 0 34 17 2 10 15 11 26 26 39 14 20 14 41 11 30 43 33 13 4 28 
7 13 44 33 21 11 29 14 8 47 19 31 21 11 44 24 26 47 36 39 34 0 21 36 41 46 29 7 49 29 46 48 30 34 43 15 22 15 22 35 10 
20 17 23 14 2 18 9 12 18 32 2 20 17 10 31 17 5 27 16 29 17 21 0 19 27 32 20 13 27 23 26 27 8 26 24 26 25 15 14 17 21 
37 25 13 27 22 27 11 21 29 12 22 37 37 25 12 15 17 31 8 13 2 36 19 0 7 13 11 28 27 42 13 20 16 44 10 31 45 35 15 5 29 
44 29 18 34 29 31 19 26 34 5 29 45 44 31 4 18 25 37 15 8 10 41 27 7 0 5 12 34 32 50 15 25 24 51 14 34 53 42 19 12 33 
49 34 21 39 35 35 24 31 39 2 35 50 50 37 2 22 30 41 20 10 15 46 32 13 5 0 17 39 36 55 18 27 29 57 17 38 58 48 24 17 38 
33 16 24 32 23 18 15 15 22 18 22 40 37 21 14 5 21 40 17 9 11 29 20 11 12 17 0 23 37 43 24 31 22 46 21 21 44 33 8 15 21 
10 9 36 26 14 8 21 8 6 40 12 27 18 3 37 18 19 40 28 33 26 7 13 28 34 39 23 0 41 26 38 40 22 31 36 16 22 13 15 28 10 
46 44 14 18 28 45 23 38 46 34 29 29 36 38 36 38 22 6 19 40 26 49 27 27 32 36 37 41 0 35 18 8 19 34 18 52 45 39 36 22 48 
22 35 40 18 20 35 31 32 33 54 21 6 8 26 54 40 24 30 36 52 39 29 23 42 50 55 43 26 35 0 44 40 26 5 43 43 11 14 36 38 36 
46 37 4 26 28 38 17 32 41 16 29 39 42 35 19 27 22 23 10 24 14 46 26 13 15 18 24 38 18 44 0 9 19 45 2 44 51 42 27 10 41 
47 41 7 22 27 42 20 36 44 25 28 33 39 37 28 33 21 14 13 33 20 48 27 20 25 27 31 40 8 40 9 0 18 39 10 49 48 41 32 16 45 
28 25 15 10 9 26 6 19 27 29 10 20 22 19 28 21 3 19 10 29 14 30 8 16 24 29 22 22 19 26 19 18 0 27 17 34 31 23 18 12 29 
27 40 41 18 23 40 32 36 38 56 24 6 13 30 56 43 26 28 37 55 41 34 26 44 51 57 46 31 34 5 45 39 27 0 43 47 16 19 40 39 41 
44 34 4 25 25 36 15 29 38 15 26 37 39 32 17 25 19 24 7 22 11 43 24 10 14 17 21 36 18 43 2 10 17 43 0 41 49 40 24 8 39 
23 8 43 40 27 8 29 14 9 39 26 43 34 17 35 16 30 53 35 28 30 15 26 31 34 38 21 16 52 43 44 49 34 47 41 0 37 28 17 33 6 
14 32 47 26 23 31 35 30 28 58 23 17 9 23 56 40 29 41 41 54 43 22 25 45 53 58 44 22 45 11 51 48 31 16 49 37 0 10 36 42 32 
8 22 39 21 14 21 25 19 19 48 13 16 6 13 46 29 20 36 32 43 33 15 15 35 42 48 33 13 39 14 42 41 23 19 40 28 10 0 25 33 22 
25 10 26 27 16 11 13 7 14 25 15 34 29 13 22 3 16 38 18 17 13 22 14 15 19 24 8 15 36 36 27 32 18 40 24 17 36 25 0 16 14 
36 26 9 22 19 28 7 21 30 16 19 33 33 24 16 17 13 25 3 18 4 35 17 5 12 17 15 28 22 38 10 16 12 39 8 33 42 33 16 0 31 
17 4 40 35 22 2 25 9 3 39 20 37 28 11 35 15 26 48 32 29 28 10 21 29 33 38 21 10 48 36 41 45 29 41 39 6 32 22 14 31 0 
0 538
161 214
223 276
393 446
375 428
241 294
146 199
438 491
29 82
81 134
345 398
354 407
187 240
60 113
342 395
156 209
322 375
256 309
427 480
368 421
245 298
471 524
142 195
423 476
219 272
305 358
277 330
189 242
430 483
439 492
478 531
220 273
412 465
352 405
222 275
433 486
232 285
129 182
327 380
380 433
473 526
