41
0 31 35 21 53 36 29 40 5 27 34 6 23 9 2 10 53 27 10 48 38 2 35 42 7 17 10 50 18 18 18 19 20 32 37 36 23 44 57 35 39 
31 0 45 16 28 6 43 12 32 8 4 31 31 22 29 23 33 12 21 29 9 29 24 12 39 39 38 23 24 26 38 12 13 5 15 42 35 34 35 26 24 
35 45 0 48 46 51 5 44 29 48 44 28 15 35 33 40 40 33 37 36 43 37 26 46 37 18 27 46 22 21 17 40 33 50 59 5 12 25 45 23 29 
21 16 48 0 44 18 44 28 24 8 20 24 33 14 21 11 48 21 12 43 25 19 35 29 28 35 31 39 25 27 36 8 17 13 15 46 36 45 50 36 36 
53 28 46 44 0 30 47 16 51 37 24 49 38 45 51 48 8 26 44 10 19 52 21 16 60 51 55 5 37 38 50 38 32 33 41 41 43 22 7 23 17 
36 6 51 18 30 0 49 14 37 10 8 36 37 27 35 28 36 18 26 33 12 34 30 13 44 45 44 25 31 33 45 17 20 4 10 48 42 39 37 32 29 
29 43 5 44 47 49 0 43 24 45 42 23 12 30 28 36 42 31 32 38 42 31 26 46 32 12 22 47 19 17 11 36 29 47 56 9 7 28 47 24 30 
40 12 44 28 16 14 43 0 39 21 8 38 32 31 38 34 21 13 30 18 3 39 18 2 48 43 44 11 28 29 42 22 19 17 25 40 37 26 23 21 17 
5 32 29 24 51 37 24 39 0 29 34 1 18 10 4 13 50 25 12 45 37 7 32 41 10 12 6 48 14 13 13 20 19 33 40 30 17 40 54 31 35 
27 8 48 8 37 10 45 21 29 0 12 28 33 19 26 18 41 17 17 37 18 25 31 21 34 38 36 32 26 28 38 9 15 5 11 46 37 41 44 33 32 
34 4 44 20 24 8 42 8 34 12 0 32 30 25 32 26 29 11 23 25 5 32 21 8 41 39 40 19 25 26 39 15 14 9 18 41 35 31 31 24 21 
6 31 28 24 49 36 23 38 1 28 32 0 16 10 5 14 48 24 12 43 35 8 30 39 12 11 7 46 12 11 12 19 18 33 39 29 16 38 53 29 34 
23 31 15 33 38 37 12 32 18 33 30 16 0 21 21 26 35 19 22 30 31 24 17 34 27 12 19 37 7 6 11 24 17 35 44 13 5 23 40 16 21 
9 22 35 14 45 27 30 31 10 19 25 10 21 0 7 5 46 19 2 41 29 7 29 33 16 21 16 41 14 15 21 10 12 23 29 35 23 39 50 30 32 
2 29 33 21 51 35 28 38 4 26 32 5 21 7 0 9 51 25 9 45 36 3 33 40 9 16 10 48 15 16 17 17 18 31 36 34 21 42 55 33 36 
10 23 40 11 48 28 36 34 13 18 26 14 26 5 9 0 50 23 4 45 31 7 34 35 16 25 19 45 19 20 26 11 16 23 27 40 28 44 54 35 37 
53 33 40 48 8 36 42 21 50 41 29 48 35 46 51 50 0 27 46 5 24 53 18 22 60 48 53 13 36 37 47 40 33 38 47 35 39 15 5 19 14 
27 12 33 21 26 18 31 13 25 17 11 24 19 19 25 23 27 0 18 22 12 26 13 16 35 29 31 22 14 16 28 13 6 17 27 30 24 24 31 15 15 
10 21 37 12 44 26 32 30 12 17 23 12 22 2 9 4 46 18 0 41 28 8 29 32 18 23 19 41 15 16 23 8 12 21 27 36 25 39 50 30 32 
48 29 36 43 10 33 38 18 45 37 25 43 30 41 45 45 5 22 41 0 20 47 13 20 55 43 48 12 31 31 42 35 28 34 43 31 34 12 9 14 9 
38 9 43 25 19 12 42 3 37 18 5 35 31 29 36 31 24 12 28 20 0 36 19 4 45 41 42 14 26 28 40 20 17 14 23 39 36 28 26 22 18 
2 29 37 19 52 34 31 39 7 25 32 8 24 7 3 7 53 26 8 47 36 0 35 40 9 20 12 49 18 18 21 17 19 30 35 37 25 44 57 35 39 
35 24 26 35 21 30 26 18 32 31 21 30 17 29 33 34 18 13 29 13 19 35 0 21 42 30 35 20 18 18 29 26 18 30 40 21 22 10 23 2 3 
42 12 46 29 16 13 46 2 41 21 8 39 34 33 40 35 22 16 32 20 4 40 21 0 49 45 46 11 30 32 44 24 21 16 24 42 39 28 24 24 19 
7 39 37 28 60 44 32 48 10 34 41 12 27 16 9 16 60 35 18 55 45 9 42 49 0 19 10 57 24 24 20 27 28 40 44 39 27 50 64 42 46 
17 39 18 35 51 45 12 43 12 38 39 11 12 21 16 25 48 29 23 43 41 20 30 45 19 0 9 50 15 13 1 29 25 42 49 21 9 35 53 28 34 
10 38 27 31 55 44 22 44 6 36 40 7 19 16 10 19 53 31 19 48 42 12 35 46 10 9 0 53 17 16 10 26 25 40 46 29 17 42 58 34 39 
50 23 46 39 5 25 47 11 48 32 19 46 37 41 48 45 13 22 41 12 14 49 20 11 57 50 53 0 35 37 48 33 29 28 35 42 42 24 13 23 17 
18 24 22 25 37 31 19 28 14 26 25 12 7 14 15 19 36 14 15 31 26 18 18 30 24 15 17 35 0 1 14 17 11 28 37 21 11 26 40 17 21 
18 26 21 27 38 33 17 29 13 28 26 11 6 15 16 20 37 16 16 31 28 18 18 32 24 13 16 37 1 0 12 19 12 30 39 20 9 26 41 18 22 
18 38 17 36 50 45 11 42 13 38 39 12 11 21 17 26 47 28 23 42 40 21 29 44 20 1 10 48 14 12 0 29 24 42 49 19 7 34 52 27 33 
19 12 40 8 38 17 36 22 20 9 15 19 24 10 17 11 40 13 8 35 20 17 26 24 27 29 26 33 17 19 29 0 8 13 20 38 28 36 43 27 28 
20 13 33 17 32 20 29 19 19 15 14 18 17 12 18 16 33 6 12 28 17 19 18 21 28 25 25 29 11 12 24 8 0 17 26 30 22 28 37 19 20 
32 5 50 13 33 4 47 17 33 5 9 33 35 23 31 23 38 17 21 34 14 30 30 16 40 42 40 28 28 30 42 13 17 0 9 47 39 40 40 32 30 
37 15 59 15 41 10 56 25 40 11 18 39 44 29 36 27 47 27 27 43 23 35 40 24 44 49 46 35 37 39 49 20 26 9 0 56 48 49 48 42 40 
36 42 5 46 41 48 9 40 30 46 41 29 13 35 34 40 35 30 36 31 39 37 21 42 39 21 29 42 21 20 19 38 30 47 56 0 12 20 40 18 24 
23 35 12 36 43 42 7 37 17 37 35 16 5 23 21 28 39 24 25 34 36 25 22 39 27 9 17 42 11 9 7 28 22 39 48 12 0 26 44 20 26 
44 34 25 45 22 39 28 26 40 41 31 38 23 39 42 44 15 24 39 12 28 44 10 28 50 35 42 24 26 26 34 36 28 40 49 20 26 0 20 9 9 
57 35 45 50 7 37 47 23 54 44 31 53 40 50 55 54 5 31 50 9 26 57 23 24 64 53 58 13 40 41 52 43 37 40 48 40 44 20 0 24 19 
35 26 23 36 23 32 24 21 31 33 24 29 16 30 33 35 19 15 30 14 22 35 2 24 42 28 34 23 17 18 27 27 19 32 42 18 20 9 24 0 6 
39 24 29 36 17 29 30 17 35 32 21 34 21 32 36 37 14 15 32 9 18 39 3 19 46 34 39 17 21 22 33 28 20 30 40 24 26 9 19 6 0 
0 244
4 77
50 123
130 203
22 95
130 203
3 76
146 219
2 75
32 105
90 163
24 97
91 164
109 182
131 204
37 110
37 110
123 196
66 139
150 223
96 169
158 231
54 127
108 181
43 116
125 198
65 138
28 101
115 188
68 141
169 242
4 77
89 162
9 82
140 213
74 147
112 185
56 129
66 139
85 158
24 97
