41
0 40 20 39 28 32 15 25 3 33 25 24 15 14 22 29 36 11 35 22 23 8 29 36 25 9 22 5 7 18 36 8 41 8 13 16 34 17 25 22 18 
40 0 22 21 15 19 25 25 42 21 30 21 26 26 45 48 10 49 24 18 34 32 46 12 30 35 18 45 44 23 23 32 18 33 32 24 6 25 48 21 34 
20 22 0 19 16 12 10 9 23 14 12 17 12 7 34 40 22 26 29 12 27 12 39 24 26 19 3 24 22 12 17 12 31 12 9 3 16 14 37 3 24 
39 21 19 0 28 7 29 13 42 6 16 32 31 26 53 59 29 43 41 27 45 31 57 31 43 38 18 43 39 30 3 31 39 30 26 23 20 32 57 16 43 
28 15 16 28 0 22 12 23 29 24 28 6 13 15 30 34 8 38 14 5 19 20 32 8 16 21 13 33 33 9 28 21 15 23 24 15 9 11 33 17 19 
32 19 12 7 22 0 22 7 35 2 12 25 24 19 46 51 25 36 36 21 38 24 50 27 36 31 11 36 33 22 6 24 34 23 19 16 16 25 49 9 36 
15 25 10 29 12 22 0 19 17 23 22 9 2 4 24 29 20 26 22 7 17 8 28 21 16 10 10 21 21 3 27 8 27 10 13 6 18 4 27 13 14 
25 25 9 13 23 7 19 0 29 7 5 25 21 15 42 49 28 29 37 21 37 19 47 30 35 27 11 29 26 21 10 18 38 17 12 12 20 23 46 6 33 
3 42 23 42 29 35 17 29 0 36 29 25 16 17 19 26 38 12 36 24 23 11 26 38 25 9 25 5 9 20 40 11 43 11 16 20 36 18 22 26 17 
33 21 14 6 24 2 23 7 36 0 11 28 26 21 48 53 27 37 38 23 40 25 52 29 38 33 13 37 33 25 3 25 37 24 20 17 18 27 51 10 38 
25 30 12 16 28 12 22 5 29 11 0 30 24 17 44 51 34 26 42 25 40 20 50 35 38 28 15 28 24 24 13 19 43 17 12 15 26 26 48 11 36 
24 21 17 32 6 25 9 25 25 28 30 0 9 14 24 28 13 35 13 4 13 17 26 13 10 16 15 29 30 6 32 18 17 20 23 15 15 6 27 19 13 
15 26 12 31 13 24 2 21 16 26 24 9 0 6 22 27 21 25 21 8 15 8 26 21 14 8 12 20 21 3 30 9 27 11 15 8 20 3 25 15 12 
14 26 7 26 15 19 4 15 17 21 17 14 6 0 27 33 23 23 27 10 22 6 32 24 21 12 8 19 18 7 24 6 30 7 9 3 19 9 30 10 18 
22 45 34 53 30 46 24 42 19 48 44 24 22 27 0 7 36 31 27 27 11 24 7 35 15 15 34 24 28 23 52 25 36 27 32 30 39 21 3 37 10 
29 48 40 59 34 51 29 49 26 53 51 28 27 33 7 0 39 38 28 31 14 31 2 38 18 22 40 31 35 29 57 31 37 34 39 36 43 26 4 43 15 
36 10 22 29 8 25 20 28 38 27 34 13 21 23 36 39 0 46 13 13 25 29 37 2 21 29 19 42 42 18 30 29 9 31 32 22 9 19 39 23 26 
11 49 26 43 38 36 26 29 12 37 26 35 25 23 31 38 46 0 47 33 35 17 39 47 37 20 30 7 4 29 39 17 53 15 17 24 42 28 34 28 30 
35 24 29 41 14 36 22 37 36 38 42 13 21 27 27 28 13 47 0 17 16 30 26 11 12 26 26 41 42 19 42 31 9 33 36 27 21 18 30 31 19 
22 18 12 27 5 21 7 21 24 23 25 4 8 10 27 31 13 33 17 0 18 15 30 13 15 16 10 28 28 4 27 16 20 18 19 10 12 6 30 14 16 
23 34 27 45 19 38 17 37 23 40 40 13 15 22 11 14 25 35 16 18 0 22 12 24 4 14 27 28 31 15 44 22 25 25 30 24 29 13 14 30 5 
8 32 12 31 20 24 8 19 11 25 20 17 8 6 24 31 29 17 30 15 22 0 30 29 22 8 14 13 13 11 29 0 35 3 8 8 26 11 28 15 17 
29 46 39 57 32 50 28 47 26 52 50 26 26 32 7 2 37 39 26 30 12 30 0 35 16 21 38 32 36 27 56 31 35 33 38 35 42 24 5 41 14 
36 12 24 31 8 27 21 30 38 29 35 13 21 24 35 38 2 47 11 13 24 29 35 0 19 29 20 42 42 18 32 30 7 31 33 23 11 19 38 24 25 
25 30 26 43 16 36 16 35 25 38 38 10 14 21 15 18 21 37 12 15 4 22 16 19 0 16 24 30 32 14 42 22 21 25 29 23 25 11 18 28 7 
9 35 19 38 21 31 10 27 9 33 28 16 8 12 15 22 29 20 26 16 14 8 21 29 16 0 20 14 16 11 37 9 33 11 17 15 29 9 19 22 9 
22 18 3 18 13 11 10 11 25 13 15 15 12 8 34 40 19 30 26 10 27 14 38 20 24 20 0 27 26 11 17 14 28 15 13 5 12 13 38 4 24 
5 45 24 43 33 36 21 29 5 37 28 29 20 19 24 31 42 7 41 28 28 13 32 42 30 14 27 0 4 24 40 13 47 12 16 22 39 23 27 27 23 
7 44 22 39 33 33 21 26 9 33 24 30 21 18 28 35 42 4 42 28 31 13 36 42 32 16 26 4 0 24 36 12 48 11 13 20 38 24 31 25 26 
18 23 12 30 9 22 3 21 20 25 24 6 3 7 23 29 18 29 19 4 15 11 27 18 14 11 11 24 24 0 29 12 24 14 17 9 17 2 27 14 13 
36 23 17 3 28 6 27 10 40 3 13 32 30 24 52 57 30 39 42 27 44 29 56 32 42 37 17 40 36 29 0 29 40 28 23 21 21 31 55 14 42 
8 32 12 31 21 24 8 18 11 25 19 18 9 6 25 31 29 17 31 16 22 0 31 30 22 9 14 13 12 12 29 0 36 2 7 8 26 12 28 14 18 
41 18 31 39 15 34 27 38 43 37 43 17 27 30 36 37 9 53 9 20 25 35 35 7 21 33 28 47 48 24 40 36 0 38 40 30 18 24 39 32 28 
8 33 12 30 23 23 10 17 11 24 17 20 11 7 27 34 31 15 33 18 25 3 33 31 25 11 15 12 11 14 28 2 38 0 5 9 27 14 30 14 20 
13 32 9 26 24 19 13 12 16 20 12 23 15 9 32 39 32 17 36 19 30 8 38 33 29 17 13 16 13 17 23 7 40 5 0 9 26 18 36 11 25 
16 24 3 23 15 16 6 12 20 17 15 15 8 3 30 36 22 24 27 10 24 8 35 23 23 15 5 22 20 9 21 8 30 9 9 0 18 11 34 6 21 
34 6 16 20 9 16 18 20 36 18 26 15 20 19 39 43 9 42 21 12 29 26 42 11 25 29 12 39 38 17 21 26 18 27 26 18 0 19 43 16 29 
17 25 14 32 11 25 4 23 18 27 26 6 3 9 21 26 19 28 18 6 13 11 24 19 11 9 13 23 24 2 31 12 24 14 18 11 19 0 24 17 10 
25 48 37 57 33 49 27 46 22 51 48 27 25 30 3 4 39 34 30 30 14 28 5 38 18 19 38 27 31 27 55 28 39 30 36 34 43 24 0 40 14 
22 21 3 16 17 9 13 6 26 10 11 19 15 10 37 43 23 28 31 14 30 15 41 24 28 22 4 27 25 14 14 14 32 14 11 6 16 17 40 0 27 
18 34 24 43 19 36 14 33 17 38 36 13 12 18 10 15 26 30 19 16 5 17 14 25 7 9 24 23 26 13 42 18 28 20 25 21 29 10 14 27 0 
0 514
445 496
249 300
249 300
173 224
357 408
251 302
38 89
133 184
191 242
153 204
83 134
234 285
92 143
174 225
242 293
147 198
380 431
269 320
440 491
115 166
453 504
103 154
353 404
58 109
383 434
236 287
302 353
114 165
279 330
460 511
387 438
282 333
168 219
378 429
320 371
150 201
134 185
14 65
78 129
134 185
