41
0 36 23 22 12 19 31 26 34 16 32 16 28 34 10 21 29 30 21 5 21 29 22 24 34 27 25 23 14 17 26 22 34 23 25 11 34 27 26 31 20 
36 0 36 14 42 31 34 60 11 47 19 49 17 40 46 14 50 9 33 33 39 15 14 59 37 32 29 52 49 18 55 54 6 56 13 40 4 25 33 5 46 
23 36 0 23 35 39 50 47 41 40 44 23 39 55 30 26 52 35 2 18 5 39 23 44 53 46 43 46 24 25 49 45 38 44 32 15 32 42 46 33 44 
22 14 23 0 30 23 31 48 18 35 21 34 17 37 32 4 41 12 20 18 25 16 0 45 35 28 25 41 34 6 44 42 15 44 10 26 12 23 28 11 36 
12 42 35 30 0 15 25 18 37 5 32 23 29 26 9 28 17 34 34 18 33 31 31 17 27 22 21 11 20 24 14 11 39 14 29 22 42 24 20 37 8 
19 31 39 23 15 0 11 32 22 19 16 35 15 15 24 19 18 21 36 22 38 17 24 32 14 8 6 22 33 17 25 25 26 29 17 31 31 9 6 25 16 
31 34 50 31 25 11 0 40 23 27 15 47 17 6 35 27 20 25 47 34 50 18 32 40 3 3 6 28 44 26 31 32 28 37 23 42 36 8 5 29 23 
26 60 47 48 18 32 40 0 55 13 49 27 47 39 17 46 23 52 46 32 43 49 48 3 40 38 37 11 24 42 9 7 57 3 47 32 60 41 35 55 17 
34 11 41 18 37 22 23 55 0 41 8 49 7 29 42 15 40 5 38 32 43 5 18 54 26 21 19 45 48 17 48 47 5 51 9 41 15 15 23 9 39 
16 47 40 35 5 19 27 13 41 0 36 25 34 27 11 33 15 39 38 22 37 36 36 13 29 25 24 6 22 29 9 6 44 10 34 26 47 28 23 42 5 
32 19 44 21 32 16 15 49 8 36 0 48 4 21 39 17 33 11 41 32 45 5 22 49 17 13 12 39 46 18 42 42 13 46 11 41 22 8 16 16 33 
16 49 23 34 23 35 47 27 49 25 48 0 44 49 13 35 40 45 23 16 18 45 35 23 49 43 41 30 2 32 32 27 49 24 40 9 47 43 42 45 30 
28 17 39 17 29 15 17 47 7 34 4 44 0 23 36 12 33 7 36 27 40 1 17 47 20 15 12 37 42 13 41 40 11 44 6 37 19 8 16 12 32 
34 40 55 37 26 15 6 39 29 27 21 49 23 0 36 33 16 31 52 38 54 25 38 40 3 9 12 27 47 31 29 31 35 36 29 46 42 15 9 36 22 
10 46 30 32 9 24 35 17 42 11 39 13 36 36 0 31 26 39 29 15 27 37 32 14 37 31 30 16 11 27 18 14 44 13 34 15 44 32 29 41 16 
21 14 26 4 28 19 27 46 15 33 17 35 12 33 31 0 38 9 24 18 28 12 4 44 30 24 20 38 34 3 41 39 13 42 6 27 13 18 24 10 33 
29 50 52 41 17 18 20 23 40 15 33 40 33 16 26 38 0 40 50 34 50 35 42 25 19 19 20 12 37 35 13 16 45 21 36 40 50 25 17 44 9 
30 9 35 12 34 21 25 52 5 39 11 45 7 31 39 9 40 0 33 28 38 6 12 51 28 22 20 43 44 12 47 45 4 48 5 37 11 16 24 4 38 
21 33 2 20 34 36 47 46 38 38 41 23 36 52 29 24 50 33 0 16 6 37 20 43 51 44 41 45 24 22 47 43 36 43 30 14 30 40 43 31 42 
5 33 18 18 18 22 34 32 32 22 32 16 27 38 15 18 34 28 16 0 16 29 18 29 37 30 27 29 16 15 32 28 32 28 23 9 30 28 29 28 26 
21 39 5 25 33 38 50 43 43 37 45 18 40 54 27 28 50 38 6 16 0 41 25 40 53 46 43 43 19 26 45 41 41 40 34 11 36 43 45 36 41 
29 15 39 16 31 17 18 49 5 36 5 45 1 25 37 12 35 6 37 29 41 0 17 48 21 16 14 39 44 14 43 42 10 45 6 38 17 10 18 11 34 
22 14 23 0 31 24 32 48 18 36 22 35 17 38 32 4 42 12 20 18 25 17 0 46 35 28 25 41 34 6 45 42 15 44 10 26 12 23 29 11 37 
24 59 44 45 17 32 40 3 54 13 49 23 47 40 14 44 25 51 43 29 40 48 46 0 41 38 37 13 20 40 12 9 56 3 46 28 58 41 36 53 17 
34 37 53 35 27 14 3 40 26 29 17 49 20 3 37 30 19 28 51 37 53 21 35 41 0 6 10 29 47 29 31 33 31 38 26 45 39 12 7 33 24 
27 32 46 28 22 8 3 38 21 25 13 43 15 9 31 24 19 22 44 30 46 16 28 38 6 0 3 26 41 22 29 30 26 35 20 39 34 6 2 27 21 
25 29 43 25 21 6 6 37 19 24 12 41 12 12 30 20 20 20 41 27 43 14 25 37 10 3 0 26 39 19 30 30 24 34 17 36 31 4 3 24 21 
23 52 46 41 11 22 28 11 45 6 39 30 37 27 16 38 12 43 45 29 43 39 41 13 29 26 26 0 27 35 3 4 48 9 39 32 52 31 24 47 5 
14 49 24 34 20 33 44 24 48 22 46 2 42 47 11 34 37 44 24 16 19 44 34 20 47 41 39 27 0 31 29 24 48 22 39 9 46 41 39 44 27 
17 18 25 6 24 17 26 42 17 29 18 32 13 31 27 3 35 12 22 15 26 14 6 40 29 22 19 35 31 0 38 36 17 38 8 24 17 18 23 13 30 
26 55 49 44 14 25 31 9 48 9 42 32 41 29 18 41 13 47 47 32 45 43 45 12 31 29 30 3 29 38 0 4 51 8 42 34 55 34 27 50 9 
22 54 45 42 11 25 32 7 47 6 42 27 40 31 14 39 16 45 43 28 41 42 42 9 33 30 30 4 24 36 4 0 50 5 40 30 53 34 28 48 9 
34 6 38 15 39 26 28 57 5 44 13 49 11 35 44 13 45 4 36 32 41 10 15 56 31 26 24 48 48 17 51 50 0 53 9 41 9 20 28 4 43 
23 56 44 44 14 29 37 3 51 10 46 24 44 36 13 42 21 48 43 28 40 45 44 3 38 35 34 9 22 38 8 5 53 0 44 29 56 38 32 51 14 
25 13 32 10 29 17 23 47 9 34 11 40 6 29 34 6 36 5 30 23 34 6 10 46 26 20 17 39 39 8 42 40 9 44 0 32 14 14 21 8 33 
11 40 15 26 22 31 42 32 41 26 41 9 37 46 15 27 40 37 14 9 11 38 26 28 45 39 36 32 9 24 34 30 41 29 32 0 38 37 37 36 30 
34 4 32 12 42 31 36 60 15 47 22 47 19 42 44 13 50 11 30 30 36 17 12 58 39 34 31 52 46 17 55 53 9 56 14 38 0 27 35 6 47 
27 25 42 23 24 9 8 41 15 28 8 43 8 15 32 18 25 16 40 28 43 10 23 41 12 6 4 31 41 18 34 34 20 38 14 37 27 0 8 21 25 
26 33 46 28 20 6 5 35 23 23 16 42 16 9 29 24 17 24 43 29 45 18 29 36 7 2 3 24 39 23 27 28 28 32 21 37 35 8 0 28 18 
31 5 33 11 37 25 29 55 9 42 16 45 12 36 41 10 44 4 31 28 36 11 11 53 33 27 24 47 44 13 50 48 4 51 8 36 6 21 28 0 41 
20 46 44 36 8 16 23 17 39 5 33 30 32 22 16 33 9 38 42 26 41 34 37 17 24 21 21 5 27 30 9 9 43 14 33 30 47 25 18 41 0 
0 612
283 589
79 385
29 335
287 593
170 476
301 607
201 507
97 403
289 595
97 403
104 410
273 579
72 378
167 473
266 572
9 315
241 547
226 532
83 389
7 313
65 371
21 327
1 307
34 340
41 347
129 435
204 510
276 582
102 408
126 432
200 506
100 406
287 593
149 455
257 563
213 519
169 475
63 369
235 541
186 492
