41
0 49 41 25 31 13 30 8 24 6 12 19 6 6 39 23 9 24 3 32 12 31 35 24 20 20 11 30 34 18 22 31 35 41 18 25 8 9 42 35 10 
49 0 13 43 38 53 42 42 25 55 38 51 43 55 44 25 46 45 49 20 39 22 32 24 33 39 38 45 15 49 30 39 42 7 34 33 43 46 9 25 46 
41 13 0 43 40 49 44 33 17 48 33 49 37 47 48 18 41 32 43 9 35 24 18 18 22 37 30 46 17 46 28 25 28 9 24 21 34 36 16 29 41 
25 43 43 0 7 18 5 27 30 29 16 11 20 27 14 26 16 44 22 36 15 20 47 26 33 7 25 4 27 10 15 48 52 37 32 39 29 32 33 19 15 
31 38 40 7 0 25 3 31 30 35 20 19 25 33 9 26 22 47 28 35 19 16 48 25 35 10 28 6 24 17 15 49 54 34 34 41 33 36 28 13 21 
13 53 49 18 25 0 23 20 32 13 15 7 12 10 31 30 7 37 9 40 14 32 46 30 31 16 21 21 38 7 23 44 48 47 29 37 21 22 45 34 7 
30 42 44 5 3 23 0 31 32 34 20 16 25 32 9 28 21 49 27 37 20 20 50 28 37 11 29 3 27 15 17 51 56 37 36 43 34 37 32 17 20 
8 42 33 27 31 20 31 0 16 14 10 24 7 14 40 16 13 18 11 24 11 27 26 17 12 20 4 32 28 22 18 24 28 34 10 17 2 5 35 32 14 
24 25 17 30 30 32 32 16 0 31 17 33 20 30 39 3 25 22 26 7 18 17 18 4 8 23 13 34 14 31 14 20 25 18 9 12 18 20 21 23 25 
6 55 48 29 35 13 34 14 31 0 18 20 12 2 43 30 13 28 7 38 18 37 40 31 26 24 18 33 41 20 28 36 40 48 24 31 14 13 48 41 14 
12 38 33 16 20 15 20 10 17 18 0 16 6 17 29 14 7 28 11 24 1 19 33 15 18 9 9 21 23 14 9 32 37 31 16 24 13 16 30 23 7 
19 51 49 11 19 7 16 24 33 20 16 0 16 17 24 30 10 42 15 40 14 29 49 30 34 12 24 14 35 2 21 47 52 45 32 40 25 27 42 29 9 
6 43 37 20 25 12 25 7 20 12 6 16 0 11 34 18 6 26 5 28 5 25 33 19 18 14 8 25 28 14 15 31 36 36 16 24 9 12 36 29 6 
6 55 47 27 33 10 32 14 30 2 17 17 11 0 41 29 11 29 5 38 16 36 41 30 27 23 17 31 40 17 26 37 41 47 25 32 14 14 47 39 12 
39 44 48 14 9 31 9 40 39 43 29 24 34 41 0 35 30 57 36 43 28 24 57 34 44 19 38 10 31 24 24 59 63 40 44 50 43 46 34 18 29 
23 25 18 26 26 30 28 16 3 30 14 30 18 29 35 0 22 25 24 10 16 14 21 1 11 19 12 30 12 28 10 24 28 18 11 15 18 21 19 20 22 
9 46 41 16 22 7 21 13 25 13 7 10 6 11 30 22 0 31 6 32 6 26 39 23 24 11 14 20 30 8 16 37 42 39 22 30 15 17 38 28 0 
24 45 32 44 47 37 49 18 22 28 28 42 26 29 57 25 31 0 28 25 29 39 16 26 14 38 19 49 37 40 33 9 12 38 13 11 16 14 43 45 32 
3 49 43 22 28 9 27 11 26 7 11 15 5 5 36 24 6 28 0 33 10 30 37 25 23 17 13 26 34 14 21 35 39 42 21 28 12 13 42 34 7 
32 20 9 36 35 40 37 24 7 38 24 40 28 38 43 10 32 25 33 0 26 20 15 10 13 29 20 40 14 38 20 20 24 13 15 13 25 27 18 26 32 
12 39 35 15 19 14 20 11 18 18 1 14 5 16 28 16 6 29 10 26 0 20 34 16 19 8 10 20 24 12 10 33 38 33 18 25 14 17 31 23 6 
31 22 24 20 16 32 20 27 17 37 19 29 25 36 24 14 26 39 30 20 20 0 34 12 25 16 23 22 7 27 9 38 42 17 25 29 29 32 13 6 25 
35 32 18 47 48 46 50 26 18 40 33 49 33 41 57 21 39 16 37 15 34 34 0 22 15 40 25 52 29 47 32 7 9 26 16 9 26 26 33 41 39 
24 24 18 26 25 30 28 17 4 31 15 30 19 30 34 1 23 26 25 10 16 12 22 0 12 19 13 30 11 28 10 25 29 17 12 17 19 22 18 19 23 
20 33 22 33 35 31 37 12 8 26 18 34 18 27 44 11 24 14 23 13 19 25 15 12 0 26 10 38 23 32 19 14 19 25 2 6 12 14 29 31 24 
20 39 37 7 10 16 11 20 23 24 9 12 14 23 19 19 11 38 17 29 8 16 40 19 26 0 18 11 23 10 9 41 45 33 25 32 23 26 30 17 10 
11 38 30 25 28 21 29 4 13 18 9 24 8 17 38 12 14 19 13 20 10 23 25 13 10 18 0 30 24 22 14 23 28 30 8 16 6 9 31 28 14 
30 45 46 4 6 21 3 32 34 33 21 14 25 31 10 30 20 49 26 40 20 22 52 30 38 11 30 0 30 13 19 52 57 40 37 44 34 37 35 20 19 
34 15 17 27 24 38 27 28 14 41 23 35 28 40 31 12 30 37 34 14 24 7 29 11 23 23 24 30 0 33 14 34 38 10 24 26 30 33 7 12 30 
18 49 46 10 17 7 15 22 31 20 14 2 14 17 24 28 8 40 14 38 12 27 47 28 32 10 22 13 33 0 19 46 50 43 30 38 24 26 40 27 8 
22 30 28 15 15 23 17 18 14 28 9 21 15 26 24 10 16 33 21 20 10 9 32 10 19 9 14 19 14 19 0 34 38 23 19 25 21 24 21 13 16 
31 39 25 48 49 44 51 24 20 36 32 47 31 37 59 24 37 9 35 20 33 38 7 25 14 41 23 52 34 46 34 0 4 33 15 8 23 22 38 44 38 
35 42 28 52 54 48 56 28 25 40 37 52 36 41 63 28 42 12 39 24 38 42 9 29 19 45 28 57 38 50 38 4 0 36 20 13 27 26 42 48 42 
41 7 9 37 34 47 37 34 18 48 31 45 36 47 40 18 39 38 42 13 33 17 26 17 25 33 30 40 10 43 23 33 36 0 27 27 36 39 7 21 39 
18 34 24 32 34 29 36 10 9 24 16 32 16 25 44 11 22 13 21 15 18 25 16 12 2 25 8 37 24 30 19 15 20 27 0 7 10 12 30 31 23 
25 33 21 39 41 37 43 17 12 31 24 40 24 32 50 15 30 11 28 13 25 29 9 17 6 32 16 44 26 38 25 8 13 27 7 0 17 17 31 36 30 
8 43 34 29 33 21 34 2 18 14 13 25 9 14 43 18 15 16 12 25 14 29 26 19 12 23 6 34 30 24 21 23 27 36 10 17 0 3 38 34 16 
9 46 36 32 36 22 37 5 20 13 16 27 12 14 46 21 17 14 13 27 17 32 26 22 14 26 9 37 33 26 24 22 26 39 12 17 3 0 40 37 18 
42 9 16 33 28 45 32 35 21 48 30 42 36 47 34 19 38 43 42 18 31 13 33 18 29 30 31 35 7 40 21 38 42 7 30 31 38 40 0 15 37 
35 25 29 19 13 34 17 32 23 41 23 29 29 39 18 20 28 45 34 26 23 6 41 19 31 17 28 20 12 27 13 44 48 21 31 36 34 37 15 0 27 
10 46 41 15 21 7 20 14 25 14 7 9 6 12 29 22 0 32 7 32 6 25 39 23 24 10 14 19 30 8 16 38 42 39 23 30 16 18 37 27 0 
0 538
69 338
178 447
54 323
72 341
55 324
6 275
54 323
215 484
38 307
165 434
240 509
257 526
0 269
85 354
73 342
41 310
143 412
133 402
131 400
11 280
178 447
71 340
261 530
194 463
134 403
85 354
88 357
186 455
150 419
167 436
266 535
98 367
0 269
199 468
248 517
265 534
193 462
209 478
127 396
80 349
