41
0 27 34 49 35 21 26 6 31 21 48 26 3 29 41 26 17 22 10 35 31 28 19 19 22 39 7 33 49 37 33 17 19 40 12 44 16 39 7 49 22 
27 0 8 31 23 35 6 20 11 30 39 8 27 30 47 39 26 7 22 20 15 28 9 27 26 26 25 8 39 23 13 16 9 38 22 35 11 15 22 41 37 
34 8 0 32 28 43 8 28 16 38 44 15 34 37 55 48 34 13 30 24 21 35 17 35 34 30 32 10 43 27 17 25 15 44 31 40 18 15 29 45 46 
49 31 32 0 14 42 37 45 19 37 18 24 51 29 40 44 36 37 39 14 18 28 32 35 32 11 52 22 15 12 18 31 39 26 38 17 39 16 48 19 44 
35 23 28 14 0 28 29 32 11 22 16 14 38 15 30 30 21 28 25 3 7 14 20 20 17 4 39 17 16 2 10 18 29 17 23 12 28 15 35 17 30 
21 35 43 42 28 0 38 24 31 5 34 29 24 14 20 5 9 34 14 30 28 14 26 8 11 31 28 36 36 31 32 18 33 23 13 30 29 39 26 34 2 
26 6 8 37 29 38 0 19 18 34 46 14 25 35 52 43 29 4 24 26 22 33 12 31 30 32 23 14 45 29 19 20 7 44 25 42 10 21 20 47 40 
6 20 28 45 32 24 19 0 26 22 47 21 6 29 43 30 18 15 10 32 27 28 14 20 22 37 6 27 47 34 28 15 12 40 12 42 9 33 2 48 26 
31 11 16 19 11 31 18 26 0 26 28 4 33 22 39 35 23 18 22 8 5 21 12 23 21 14 32 6 27 11 1 15 19 28 22 24 19 8 28 29 34 
21 30 38 37 22 5 34 22 26 0 30 24 24 9 20 9 4 30 12 24 22 9 21 2 5 25 27 31 31 25 27 13 29 20 10 25 26 33 25 30 8 
48 39 44 18 16 34 46 47 28 30 0 31 51 20 25 33 32 45 38 19 24 21 36 29 26 13 53 33 2 16 27 32 46 12 36 4 44 29 49 1 35 
26 8 15 24 14 29 14 21 4 24 31 0 28 22 40 33 20 13 18 12 7 20 7 21 19 18 27 7 31 15 6 11 15 30 18 27 15 12 23 32 32 
3 27 34 51 38 24 25 6 33 24 51 28 0 32 45 30 20 21 13 37 33 31 20 23 25 42 4 34 52 40 34 20 18 43 15 47 16 40 5 52 26 
29 30 37 29 15 14 35 29 22 9 20 22 32 0 17 15 11 32 19 18 18 1 23 9 7 17 35 28 22 18 23 16 32 11 16 16 30 29 31 20 15 
41 47 55 40 30 20 52 43 39 20 25 40 45 17 0 15 25 49 33 33 34 19 40 22 22 31 48 45 28 32 39 32 49 14 30 23 46 45 45 24 19 
26 39 48 44 30 5 43 30 35 9 33 33 30 15 15 0 13 39 20 32 31 16 30 12 14 32 34 40 36 33 36 23 38 22 18 30 35 42 32 33 3 
17 26 34 36 21 9 29 18 23 4 32 20 20 11 25 13 0 25 7 23 20 10 17 2 5 25 23 27 33 24 24 9 24 23 5 27 21 31 20 32 11 
22 7 13 37 28 34 4 15 18 30 45 13 21 32 49 39 25 0 19 26 21 30 9 27 27 32 19 15 44 29 19 17 2 42 21 40 5 22 16 46 36 
10 22 30 39 25 14 24 10 22 12 38 18 13 19 33 20 7 19 0 25 21 17 12 10 11 29 16 25 38 27 24 7 18 30 2 33 15 30 12 38 17 
35 20 24 14 3 30 26 32 8 24 19 12 37 18 33 32 23 26 25 0 4 16 18 22 19 6 38 14 18 3 7 17 27 21 24 16 26 11 34 21 32 
31 15 21 18 7 28 22 27 5 22 24 7 33 18 34 31 20 21 21 4 0 16 13 20 17 10 33 11 23 7 4 13 22 23 20 20 22 11 29 25 30 
28 28 35 28 14 14 33 28 21 9 21 20 31 1 19 16 10 30 17 16 16 0 21 8 5 16 33 26 22 17 21 14 30 12 15 16 28 27 30 21 16 
19 9 17 32 20 26 12 14 12 21 36 7 20 23 40 30 17 9 12 18 13 21 0 18 17 24 20 13 36 21 14 7 9 32 13 32 8 19 16 37 28 
19 27 35 35 20 8 31 20 23 2 29 21 23 9 22 12 2 27 10 22 20 8 18 0 3 24 26 28 31 23 24 10 26 20 8 25 23 31 23 30 10 
22 26 34 32 17 11 30 22 21 5 26 19 25 7 22 14 5 27 11 19 17 5 17 3 0 20 28 26 28 20 21 10 26 18 9 22 24 28 24 27 13 
39 26 30 11 4 31 32 37 14 25 13 18 42 17 31 32 25 32 29 6 10 16 24 24 20 0 43 20 12 3 13 22 33 17 27 10 32 16 39 15 33 
7 25 32 52 39 28 23 6 32 27 53 27 4 35 48 34 23 19 16 38 33 33 20 26 28 43 0 32 54 40 34 21 16 46 18 48 14 39 3 54 30 
33 8 10 22 17 36 14 27 6 31 33 7 34 28 45 40 27 15 25 14 11 26 13 28 26 20 32 0 32 16 6 18 18 34 25 30 19 7 29 35 39 
49 39 43 15 16 36 45 47 27 31 2 31 52 22 28 36 33 44 38 18 23 22 36 31 28 12 54 32 0 15 26 32 45 14 37 5 44 28 50 3 37 
37 23 27 12 2 31 29 34 11 25 16 15 40 18 32 33 24 29 27 3 7 17 21 23 20 3 40 16 15 0 10 20 30 19 26 13 30 13 37 18 33 
33 13 17 18 10 32 19 28 1 27 27 6 34 23 39 36 24 19 24 7 4 21 14 24 21 13 34 6 26 10 0 16 21 28 23 23 21 6 30 28 35 
17 16 25 31 18 18 20 15 15 13 32 11 20 16 32 23 9 17 7 17 13 14 7 10 10 22 21 18 32 20 16 0 16 26 7 27 14 23 17 33 21 
19 9 15 39 29 33 7 12 19 29 46 15 18 32 49 38 24 2 18 27 22 30 9 26 26 33 16 18 45 30 21 16 0 42 19 41 3 25 13 47 35 
40 38 44 26 17 23 44 40 28 20 12 30 43 11 14 22 23 42 30 21 23 12 32 20 18 17 46 34 14 19 28 26 42 0 28 9 40 33 43 11 24 
12 22 31 38 23 13 25 12 22 10 36 18 15 16 30 18 5 21 2 24 20 15 13 8 9 27 18 25 37 26 23 7 19 28 0 31 16 30 15 36 15 
44 35 40 17 12 30 42 42 24 25 4 27 47 16 23 30 27 40 33 16 20 16 32 25 22 10 48 30 5 13 23 27 41 9 31 0 40 26 45 5 31 
16 11 18 39 28 29 10 9 19 26 44 15 16 30 46 35 21 5 15 26 22 28 8 23 24 32 14 19 44 30 21 14 3 40 16 40 0 26 10 45 32 
39 15 15 16 15 39 21 33 8 33 29 12 40 29 45 42 31 22 30 11 11 27 19 31 28 16 39 7 28 13 6 23 25 33 30 26 26 0 35 31 41 
7 22 29 48 35 26 20 2 28 25 49 23 5 31 45 32 20 16 12 34 29 30 16 23 24 39 3 29 50 37 30 17 13 43 15 45 10 35 0 50 28 
49 41 45 19 17 34 47 48 29 30 1 32 52 20 24 33 32 46 38 21 25 21 37 30 27 15 54 35 3 18 28 33 47 11 36 5 45 31 50 0 35 
22 37 46 44 30 2 40 26 34 8 35 32 26 15 19 3 11 36 17 32 30 16 28 10 13 33 30 39 37 33 35 21 35 24 15 31 32 41 28 35 0 
0 685
101 443
127 469
100 442
334 676
330 672
119 461
190 532
278 620
108 450
91 433
57 399
26 368
26 368
130 472
307 649
220 562
25 367
213 555
304 646
98 440
114 456
23 365
112 454
34 376
112 454
156 498
265 607
333 675
64 406
20 362
220 562
135 477
110 452
301 643
312 654
233 575
315 657
117 459
269 611
41 383
