41
0 34 6 37 23 25 32 21 41 32 15 7 10 21 46 34 10 19 43 17 3 50 35 20 12 5 33 36 20 30 9 33 39 28 2 15 36 32 14 2 15 
34 0 37 52 43 9 44 28 33 3 29 37 25 28 29 18 24 15 20 23 37 30 46 17 35 33 53 2 17 25 30 2 44 20 37 22 10 25 21 33 22 
6 37 0 30 16 29 26 18 38 34 12 13 16 18 44 33 12 22 42 23 6 48 29 21 6 4 27 39 25 27 16 36 33 27 6 15 40 29 18 5 15 
37 52 30 0 14 48 8 24 28 49 26 44 43 24 38 37 37 43 44 50 37 42 7 36 25 32 7 54 49 28 46 52 12 32 37 33 60 28 43 35 33 
23 43 16 14 0 38 11 16 30 40 15 29 30 15 39 32 24 32 41 37 23 43 14 26 11 18 11 45 37 24 32 43 19 26 22 22 50 25 31 21 22 
25 9 29 48 38 0 40 24 35 8 23 28 15 24 34 20 16 6 25 14 28 36 43 12 29 24 48 11 8 24 21 7 43 20 28 15 12 25 11 24 15 
32 44 26 8 11 40 0 16 21 41 20 39 37 16 31 29 31 36 36 43 33 35 3 28 20 27 12 46 42 20 40 44 8 23 32 26 52 20 37 30 26 
21 28 18 24 16 24 16 0 19 25 6 29 22 0 26 16 16 19 25 28 23 29 19 11 13 16 25 30 26 9 27 28 20 10 23 10 35 10 21 19 9 
41 33 38 28 30 35 21 19 0 31 26 48 40 20 10 15 35 34 18 44 43 14 21 25 32 36 33 35 41 12 46 35 16 15 43 28 44 10 38 39 27 
32 3 34 49 40 8 41 25 31 0 26 36 23 25 27 15 22 13 18 22 35 29 43 14 33 30 50 5 16 22 29 3 41 17 34 19 13 22 19 31 19 
15 29 12 26 15 23 20 6 26 26 0 22 16 6 32 21 11 17 31 23 17 36 23 11 7 9 25 31 22 15 21 28 25 15 16 7 35 17 17 12 7 
7 37 13 44 29 28 39 29 48 36 22 0 12 28 53 40 15 22 49 16 6 56 42 26 19 12 40 39 21 37 7 36 46 35 7 21 37 38 16 9 22 
10 25 16 43 30 15 37 22 40 23 16 12 0 22 43 29 5 10 37 7 13 46 40 15 18 12 41 27 9 28 6 23 42 25 13 12 25 29 4 10 12 
21 28 18 24 15 24 16 0 20 25 6 28 22 0 26 17 16 19 26 28 23 30 19 12 12 16 25 30 26 9 27 28 19 10 23 10 36 11 21 19 10 
46 29 44 38 39 34 31 26 10 27 32 53 43 26 0 13 38 35 10 45 49 3 31 27 39 42 44 30 41 17 49 31 26 18 48 31 40 15 40 44 31 
34 18 33 37 32 20 29 16 15 15 21 40 29 17 13 0 25 21 9 32 37 16 30 14 29 30 40 19 27 9 35 19 27 6 36 19 28 8 26 32 18 
10 24 12 37 24 16 31 16 35 22 11 15 5 16 38 25 0 9 34 12 13 41 34 11 14 8 35 26 12 22 11 23 36 20 12 6 27 24 6 8 7 
19 15 22 43 32 6 36 19 34 13 17 22 10 19 35 21 9 0 28 10 22 37 39 8 22 18 43 17 7 22 16 13 39 18 21 9 18 23 6 18 10 
43 20 42 44 41 25 36 25 18 18 31 49 37 26 10 9 34 28 0 38 46 10 37 22 38 39 48 20 34 17 43 22 33 15 45 27 30 16 34 41 27 
17 23 23 50 37 14 43 28 44 22 23 16 7 28 45 32 12 10 38 0 19 48 46 18 26 19 48 24 5 32 9 21 48 29 19 17 20 34 6 17 18 
3 37 6 37 23 28 33 23 43 35 17 6 13 23 49 37 13 22 46 19 0 52 36 23 13 7 33 39 23 32 11 36 40 31 0 18 39 34 17 4 18 
50 30 48 42 43 36 35 29 14 29 36 56 46 30 3 16 41 37 10 48 52 0 35 30 42 45 47 31 43 20 52 32 30 21 52 34 41 18 42 47 34 
35 46 29 7 14 43 3 19 21 43 23 42 40 19 31 30 34 39 37 46 36 35 0 31 23 30 12 48 45 21 43 46 6 25 35 29 54 21 40 33 28 
20 17 21 36 26 12 28 11 25 14 11 26 15 12 27 14 11 8 22 18 23 30 31 0 19 17 36 19 15 13 21 16 31 10 23 5 24 15 12 19 5 
12 35 6 25 11 29 20 13 32 33 7 19 18 12 39 29 14 22 38 26 13 42 23 19 0 7 22 38 26 22 21 35 27 22 12 13 40 24 20 10 13 
5 33 4 32 18 24 27 16 36 30 9 12 12 16 42 30 8 18 39 19 7 45 30 17 7 0 29 35 21 25 13 31 33 24 6 12 36 27 14 3 12 
33 53 27 7 11 48 12 25 33 50 25 40 41 25 44 40 35 43 48 48 33 47 12 36 22 29 0 55 48 31 43 53 18 34 33 33 60 31 42 32 32 
36 2 39 54 45 11 46 30 35 5 31 39 27 30 30 19 26 17 20 24 39 31 48 19 38 35 55 0 19 26 32 3 46 22 39 24 10 27 23 35 24 
20 17 25 49 37 8 42 26 41 16 22 21 9 26 41 27 12 7 34 5 23 43 45 15 26 21 48 19 0 29 13 15 46 25 22 15 16 30 6 19 16 
30 25 27 28 24 24 20 9 12 22 15 37 28 9 17 9 22 22 17 32 32 20 21 13 22 25 31 26 29 0 34 25 19 4 32 16 34 1 26 27 15 
9 30 16 46 32 21 40 27 46 29 21 7 6 27 49 35 11 16 43 9 11 52 43 21 21 13 43 32 13 34 0 29 46 31 11 17 29 35 10 10 18 
33 2 36 52 43 7 44 28 35 3 28 36 23 28 31 19 23 13 22 21 36 32 46 16 35 31 53 3 15 25 29 0 45 21 35 21 9 26 19 32 21 
39 44 33 12 19 43 8 20 16 41 25 46 42 19 26 27 36 39 33 48 40 30 6 31 27 33 18 46 46 19 46 45 0 23 39 30 54 19 41 37 30 
28 20 27 32 26 20 23 10 15 17 15 35 25 10 18 6 20 18 15 29 31 21 25 10 22 24 34 22 25 4 31 21 23 0 30 13 30 5 22 26 13 
2 37 6 37 22 28 32 23 43 34 16 7 13 23 48 36 12 21 45 19 0 52 35 23 12 6 33 39 22 32 11 35 39 30 0 17 38 33 16 4 18 
15 22 15 33 22 15 26 10 28 19 7 21 12 10 31 19 6 9 27 17 18 34 29 5 13 12 33 24 15 16 17 21 30 13 17 0 27 17 10 13 0 
36 10 40 60 50 12 52 35 44 13 35 37 25 36 40 28 27 18 30 20 39 41 54 24 40 36 60 10 16 34 29 9 54 30 38 27 0 35 22 35 28 
32 25 29 28 25 25 20 10 10 22 17 38 29 11 15 8 24 23 16 34 34 18 21 15 24 27 31 27 30 1 35 26 19 5 33 17 35 0 27 29 17 
14 21 18 43 31 11 37 21 38 19 17 16 4 21 40 26 6 6 34 6 17 42 40 12 20 14 42 23 6 26 10 19 41 22 16 10 22 27 0 13 11 
2 33 5 35 21 24 30 19 39 31 12 9 10 19 44 32 8 18 41 17 4 47 33 19 10 3 32 35 19 27 10 32 37 26 4 13 35 29 13 0 13 
15 22 15 33 22 15 26 9 27 19 7 22 12 10 31 18 7 10 27 18 18 34 28 5 13 12 32 24 16 15 18 21 30 13 18 0 28 17 11 13 0 
0 440
100 188
314 402
260 348
186 274
109 197
305 393
147 235
271 359
274 362
2 90
136 224
147 235
191 279
289 377
306 394
1 89
233 321
253 341
198 286
2 90
17 105
299 387
57 145
216 304
3 91
307 395
64 152
317 405
9 97
303 391
15 103
101 189
315 403
103 191
218 306
6 94
13 101
149 237
93 181
76 164
