41
0 5 15 36 37 14 6 38 8 6 35 26 27 17 39 22 36 27 27 2 31 40 40 37 10 41 29 7 18 8 20 43 7 21 54 37 18 31 38 32 7 
5 0 17 38 38 17 11 40 5 10 38 21 25 21 39 20 31 24 22 5 27 40 38 39 10 36 24 11 14 2 20 39 8 15 51 33 15 34 38 28 1 
15 17 0 21 23 1 14 23 22 10 21 31 20 8 24 13 34 21 29 13 29 26 29 22 7 42 33 21 17 17 6 39 22 29 42 32 15 17 24 25 18 
36 38 21 0 11 22 34 4 43 31 6 48 29 21 12 25 45 31 45 35 42 16 27 3 28 55 49 41 34 38 19 46 44 49 37 40 31 8 15 32 39 
37 38 23 11 0 24 37 7 43 33 17 43 21 26 1 19 36 24 38 35 34 4 16 7 27 46 43 44 29 36 17 35 44 46 25 30 26 18 3 23 38 
14 17 1 22 24 0 12 24 21 9 21 32 21 6 25 15 35 23 30 12 31 27 30 23 7 43 34 20 18 17 8 40 21 30 44 34 16 17 26 26 18 
6 11 14 34 37 12 0 36 14 4 32 32 30 13 38 24 40 30 33 6 36 40 42 35 12 47 35 7 22 14 20 47 11 27 56 41 22 28 38 35 13 
38 40 23 4 7 24 36 0 45 33 11 48 27 24 7 24 43 29 44 36 40 11 23 1 29 52 48 44 33 39 19 42 46 49 32 37 30 13 10 30 40 
8 5 22 43 43 21 14 45 0 14 43 21 29 25 44 25 33 28 24 9 30 45 43 44 15 37 25 10 18 7 25 42 5 14 56 36 20 39 43 33 5 
6 10 10 31 33 9 4 33 14 0 29 30 26 11 34 20 37 26 30 5 32 36 37 32 8 44 32 11 18 12 16 43 13 25 51 37 18 25 34 31 12 
35 38 21 6 17 21 32 11 43 29 0 51 32 18 18 27 49 35 47 34 45 21 32 9 28 58 52 39 35 38 21 50 42 50 43 44 33 3 21 36 39 
26 21 31 48 43 32 32 48 21 30 51 0 22 39 44 23 15 19 5 25 13 42 34 47 25 16 3 32 15 18 29 24 27 8 45 21 17 48 41 22 19 
27 25 20 29 21 21 30 27 29 26 32 22 0 28 22 6 16 2 17 25 13 20 13 26 18 25 22 35 11 22 14 19 33 26 26 12 9 31 19 4 24 
17 21 8 21 26 6 13 24 25 11 18 39 28 0 28 21 42 29 37 16 38 30 36 23 14 50 41 20 25 22 14 47 24 36 49 40 23 14 29 33 23 
39 39 24 12 1 25 38 7 44 34 18 44 22 28 0 20 37 25 39 37 34 4 16 8 29 47 44 45 30 38 19 36 46 47 25 31 27 19 3 24 39 
22 20 13 25 19 15 24 24 25 20 27 23 6 21 20 0 21 8 20 20 17 20 17 23 12 30 24 30 9 18 7 25 28 26 31 19 7 25 18 11 20 
36 31 34 45 36 35 40 43 33 37 49 15 16 42 37 21 0 13 10 34 4 34 23 42 29 9 12 43 18 28 29 9 38 23 31 7 19 47 34 12 29 
27 24 21 31 24 23 30 29 28 26 35 19 2 29 25 8 13 0 14 25 10 23 15 29 18 23 19 35 10 21 16 17 32 24 28 11 8 33 22 4 23 
27 22 29 45 38 30 33 44 24 30 47 5 17 37 39 20 10 14 0 26 7 37 29 43 23 14 4 34 12 19 26 19 29 13 39 15 14 45 36 17 20 
2 5 13 35 35 12 6 36 9 5 34 25 25 16 37 20 34 25 26 0 30 38 38 35 8 40 28 9 16 7 18 41 9 20 52 35 16 30 36 30 7 
31 27 29 42 34 31 36 40 30 32 45 13 13 38 34 17 4 10 7 30 0 32 22 39 25 13 11 38 13 24 25 12 34 20 32 8 14 43 31 10 25 
40 40 26 16 4 27 40 11 45 36 21 42 20 30 4 20 34 23 37 38 32 0 12 12 29 44 42 47 29 38 20 32 47 46 21 28 27 23 1 21 40 
40 38 29 27 16 30 42 23 43 37 32 34 13 36 16 17 23 15 29 38 22 12 0 23 30 33 33 47 25 36 22 20 46 40 13 16 23 32 12 12 37 
37 39 22 3 7 23 35 1 44 32 9 47 26 23 8 23 42 29 43 35 39 12 23 0 28 52 48 43 32 38 18 42 44 49 33 37 30 11 11 29 39 
10 10 7 28 27 7 12 29 15 8 28 25 18 14 29 12 29 18 23 8 25 29 30 28 0 37 27 17 11 10 10 36 17 22 44 29 10 25 28 23 11 
41 36 42 55 46 43 47 52 37 44 58 16 25 50 47 30 9 23 14 40 13 44 33 52 37 0 12 48 25 33 38 14 42 24 38 16 27 56 43 22 34 
29 24 33 49 43 34 35 48 25 32 52 3 22 41 44 24 12 19 4 28 11 42 33 48 27 12 0 35 16 21 31 21 30 12 43 19 18 49 41 21 22 
7 11 21 41 44 20 7 44 10 11 39 32 35 20 45 30 43 35 34 9 38 47 47 43 17 48 35 0 25 14 27 50 6 25 61 44 26 35 45 39 13 
18 14 17 34 29 18 22 33 18 18 35 15 11 25 30 9 18 10 12 16 13 29 25 32 11 25 16 25 0 11 14 25 22 16 38 19 2 33 28 14 13 
8 2 17 38 36 17 14 39 7 12 38 18 22 22 38 18 28 21 19 7 24 38 36 38 10 33 21 14 11 0 19 36 10 13 49 30 13 34 37 26 1 
20 20 6 19 17 8 20 19 25 16 21 29 14 14 19 7 29 16 26 18 25 20 22 18 10 38 31 27 14 19 0 33 27 30 36 26 12 18 18 19 21 
43 39 39 46 35 40 47 42 42 43 50 24 19 47 36 25 9 17 19 41 12 32 20 42 36 14 21 50 25 36 33 0 47 32 24 6 25 49 32 14 37 
7 8 22 44 44 21 11 46 5 13 42 27 33 24 46 28 38 32 29 9 34 47 46 44 17 42 30 6 22 10 27 47 0 19 59 41 23 38 45 36 9 
21 15 29 49 46 30 27 49 14 25 50 8 26 36 47 26 23 24 13 20 20 46 40 49 22 24 12 25 16 13 30 32 19 0 52 28 19 47 45 28 13 
54 51 42 37 25 44 56 32 56 51 43 45 26 49 25 31 31 28 39 52 32 21 13 33 44 38 43 61 38 49 36 24 59 52 0 24 36 44 22 23 51 
37 33 32 40 30 34 41 37 36 37 44 21 12 40 31 19 7 11 15 35 8 28 16 37 29 16 19 44 19 30 26 6 41 28 24 0 18 43 27 8 32 
18 15 15 31 26 16 22 30 20 18 33 17 9 23 27 7 19 8 14 16 14 27 23 30 10 27 18 26 2 13 12 25 23 19 36 18 0 31 25 13 14 
31 34 17 8 18 17 28 13 39 25 3 48 31 14 19 25 47 33 45 30 43 23 32 11 25 56 49 35 33 34 18 49 38 47 44 43 31 0 21 35 36 
38 38 24 15 3 26 38 10 43 34 21 41 19 29 3 18 34 22 36 36 31 1 12 11 28 43 41 45 28 37 18 32 45 45 22 27 25 21 0 21 38 
32 28 25 32 23 26 35 30 33 31 36 22 4 33 24 11 12 4 17 30 10 21 12 29 23 22 21 39 14 26 19 14 36 28 23 8 13 35 21 0 27 
7 1 18 39 38 18 13 40 5 12 39 19 24 23 39 20 29 23 20 7 25 40 37 39 11 34 22 13 13 1 21 37 9 13 51 32 14 36 38 27 0 
0 367
121 121
266 266
25 25
181 181
226 226
292 292
111 111
149 149
71 71
318 318
166 166
5 5
260 260
339 339
301 301
135 135
211 211
254 254
351 351
68 68
194 194
291 291
233 233
247 247
2 2
265 265
284 284
209 209
234 234
38 38
73 73
276 276
70 70
311 311
234 234
48 48
232 232
261 261
293 293
16 16
