41
0 35 19 4 17 24 22 30 10 17 35 39 55 13 1 34 4 40 30 30 25 35 44 45 43 8 26 12 49 28 31 32 36 7 49 6 33 16 42 30 18 
35 0 25 33 19 12 24 9 25 41 4 9 20 24 37 18 38 10 11 17 21 9 27 15 7 29 21 36 16 16 24 26 17 32 16 31 8 27 6 19 20 
19 25 0 15 17 20 29 16 11 16 22 33 46 19 21 16 18 34 15 12 6 20 24 29 31 19 30 12 41 11 35 37 35 12 41 20 27 3 29 32 5 
4 33 15 0 15 22 23 27 7 14 32 37 53 13 5 30 4 38 27 26 21 31 40 42 40 8 26 9 47 24 31 32 35 3 47 7 31 12 39 30 15 
17 19 17 15 0 7 11 16 9 28 20 22 38 5 18 24 20 23 17 20 18 21 35 31 26 10 13 22 32 18 18 19 19 16 32 12 15 17 25 15 12 
24 12 20 22 7 0 12 13 15 34 14 15 31 11 25 23 27 16 14 19 19 17 33 26 20 17 12 28 25 17 16 18 14 23 24 19 8 21 19 12 14 
22 24 29 23 11 12 0 25 19 37 27 22 38 10 23 35 27 23 27 31 30 30 46 39 31 14 4 31 32 29 8 9 15 25 31 16 16 28 31 8 23 
30 9 16 27 16 13 25 0 19 33 6 18 29 21 31 10 31 19 2 8 11 4 20 15 14 25 24 28 25 6 28 30 24 25 25 27 15 19 12 24 12 
10 25 11 7 9 15 19 19 0 18 24 30 45 9 12 24 12 31 19 19 15 24 34 34 32 8 22 13 40 17 27 28 29 7 40 9 24 9 31 24 8 
17 41 16 14 28 34 37 33 18 0 39 48 62 27 18 31 12 49 32 28 22 36 38 45 47 23 40 5 57 27 45 47 48 11 57 22 42 14 46 43 20 
35 4 22 32 20 14 27 6 24 39 0 13 23 25 37 14 37 14 7 13 17 5 22 12 8 30 25 34 20 12 28 30 22 31 19 31 12 25 6 23 18 
39 9 33 37 22 15 22 18 30 48 13 0 16 26 40 27 42 1 20 26 29 19 36 22 11 32 18 42 10 25 19 21 10 38 9 34 6 34 12 15 27 
55 20 46 53 38 31 38 29 45 62 23 16 0 42 56 36 58 15 31 36 41 27 40 25 15 48 34 57 6 36 33 35 24 53 6 50 22 48 17 30 41 
13 24 19 13 5 11 10 21 9 27 25 26 42 0 14 29 17 27 22 25 22 26 40 36 31 5 13 21 36 22 18 19 22 15 36 7 19 18 31 16 15 
1 37 21 5 18 25 23 31 12 18 37 40 56 14 0 36 5 41 32 31 27 36 45 46 44 8 27 13 50 29 31 32 36 9 50 6 34 18 43 30 20 
34 18 16 30 24 23 35 10 24 31 14 27 36 29 36 0 34 28 8 4 9 8 10 14 20 32 35 28 33 6 39 41 34 28 33 33 25 19 18 34 15 
4 38 18 4 20 27 27 31 12 12 37 42 58 17 5 34 0 43 31 30 25 36 43 46 45 12 31 9 52 28 35 36 40 6 52 10 36 15 44 34 19 
40 10 34 38 23 16 23 19 31 49 14 1 15 27 41 28 43 0 21 27 30 19 36 23 11 32 19 43 9 26 19 21 10 39 8 34 7 35 13 15 28 
30 11 15 27 17 14 27 2 19 32 7 20 31 22 32 8 31 21 0 6 9 4 18 14 15 26 26 27 27 5 30 32 26 25 27 27 17 18 14 26 12 
30 17 12 26 20 19 31 8 19 28 13 26 36 25 31 4 30 27 6 0 5 9 14 17 21 27 31 24 33 2 35 37 32 23 33 28 23 15 19 31 11 
25 21 6 21 18 19 30 11 15 22 17 29 41 22 27 9 25 30 9 5 0 13 18 22 25 23 31 19 37 4 35 37 33 18 37 24 25 9 24 31 7 
35 9 20 31 21 17 30 4 24 36 5 19 27 26 36 8 36 19 4 9 13 0 17 10 12 30 28 32 24 9 32 34 26 30 24 32 17 22 10 27 16 
44 27 24 40 35 33 46 20 34 38 22 36 40 40 45 10 43 36 18 14 18 17 0 15 26 42 45 36 39 17 49 51 44 37 39 43 34 27 24 44 25 
45 15 29 42 31 26 39 15 34 45 12 22 25 36 46 14 46 23 14 17 22 10 15 0 11 40 37 41 24 18 39 41 32 40 24 42 24 32 10 35 26 
43 7 31 40 26 20 31 14 32 47 8 11 15 31 44 20 45 11 15 21 25 12 26 11 0 36 28 42 13 20 29 31 21 39 13 38 14 33 1 25 26 
8 29 19 8 10 17 14 25 8 23 30 32 48 5 8 32 12 32 26 27 23 30 42 40 36 0 18 18 42 25 23 24 27 11 41 2 25 17 36 22 16 
26 21 30 26 13 12 4 24 22 40 25 18 34 13 27 35 31 19 26 31 31 28 45 37 28 18 0 35 27 29 5 6 10 28 27 20 13 30 28 3 25 
12 36 12 9 22 28 31 28 13 5 34 42 57 21 13 28 9 43 27 24 19 32 36 41 42 18 35 0 52 23 40 41 42 6 52 17 36 9 41 37 16 
49 16 41 47 32 25 32 25 40 57 20 10 6 36 50 33 52 9 27 33 37 24 39 24 13 42 27 52 0 32 27 28 18 47 0 44 16 43 15 24 36 
28 16 11 24 18 17 29 6 17 27 12 25 36 22 29 6 28 26 5 2 4 9 17 18 20 25 29 23 32 0 33 35 30 22 32 26 21 13 19 29 9 
31 24 35 31 18 16 8 28 27 45 28 19 33 18 31 39 35 19 30 35 35 32 49 39 29 23 5 40 27 33 0 2 9 34 26 25 15 35 30 4 30 
32 26 37 32 19 18 9 30 28 47 30 21 35 19 32 41 36 21 32 37 37 34 51 41 31 24 6 41 28 35 2 0 10 35 28 25 17 37 32 6 31 
36 17 35 35 19 14 15 24 29 48 22 10 24 22 36 34 40 10 26 32 33 26 44 32 21 27 10 42 18 30 9 10 0 36 17 29 9 36 22 6 29 
7 32 12 3 16 23 25 25 7 11 31 38 53 15 9 28 6 39 25 23 18 30 37 40 39 11 28 6 47 22 34 35 36 0 47 11 31 9 38 31 13 
49 16 41 47 32 24 31 25 40 57 19 9 6 36 50 33 52 8 27 33 37 24 39 24 13 41 27 52 0 32 26 28 17 47 0 43 16 43 15 23 36 
6 31 20 7 12 19 16 27 9 22 31 34 50 7 6 33 10 34 27 28 24 32 43 42 38 2 20 17 44 26 25 25 29 11 43 0 27 17 37 23 17 
33 8 27 31 15 8 16 15 24 42 12 6 22 19 34 25 36 7 17 23 25 17 34 24 14 25 13 36 16 21 15 17 9 31 16 27 0 29 14 11 22 
16 27 3 12 17 21 28 19 9 14 25 34 48 18 18 19 15 35 18 15 9 22 27 32 33 17 30 9 43 13 35 37 36 9 43 17 29 0 32 32 7 
42 6 29 39 25 19 31 12 31 46 6 12 17 31 43 18 44 13 14 19 24 10 24 10 1 36 28 41 15 19 30 32 22 38 15 37 14 32 0 26 25 
30 19 32 30 15 12 8 24 24 43 23 15 30 16 30 34 34 15 26 31 31 27 44 35 25 22 3 37 24 29 4 6 6 31 23 23 11 32 26 0 26 
18 20 5 15 12 14 23 12 8 20 18 27 41 15 20 15 19 28 12 11 7 16 25 26 26 16 25 16 36 9 30 31 29 13 36 17 22 7 25 26 0 
0 416
108 149
41 82
85 126
15 56
329 370
149 190
74 115
361 402
76 117
108 149
77 118
122 163
131 172
145 186
27 68
62 103
167 208
212 253
119 160
32 73
360 401
249 290
225 266
206 247
301 342
20 61
185 226
265 306
247 288
197 238
281 322
170 211
212 253
304 345
7 48
300 341
176 217
141 182
205 246
298 339
