41
0 6 20 43 47 29 26 32 45 12 26 40 16 28 17 28 25 5 36 23 20 10 43 17 29 42 8 27 40 19 41 22 23 19 17 39 46 46 29 9 15 
6 0 14 39 45 26 27 26 39 17 20 37 10 29 14 28 18 3 30 26 22 6 39 19 34 37 14 21 41 15 36 15 18 24 11 38 44 41 26 3 14 
20 14 0 30 38 19 31 12 25 29 6 29 4 31 13 29 7 15 16 33 28 11 26 24 44 24 27 9 39 10 24 4 7 34 3 34 39 30 17 11 18 
43 39 30 0 10 13 31 19 26 43 27 4 32 26 25 24 34 37 19 37 32 33 10 31 49 11 44 20 23 24 10 33 22 43 31 16 16 6 13 37 29 
47 45 38 10 0 19 29 29 36 45 36 9 39 25 30 23 43 42 29 36 32 38 20 32 47 21 46 28 17 30 21 42 30 43 39 11 7 16 20 43 32 
29 26 19 13 19 0 21 14 27 30 19 11 19 18 12 15 25 24 17 26 21 19 17 18 39 16 30 11 22 11 15 23 11 31 20 15 20 17 2 24 15 
26 27 31 31 29 21 0 34 48 17 35 27 29 4 18 7 39 24 37 6 5 23 38 8 18 37 20 29 16 22 36 36 27 14 30 18 25 37 23 28 14 
32 26 12 19 29 14 34 0 15 37 8 20 16 32 18 29 15 26 4 38 32 21 14 29 50 12 36 5 36 14 11 15 9 41 15 29 33 18 12 23 24 
45 39 25 26 36 27 48 15 0 52 19 28 29 46 33 43 23 40 10 52 47 35 15 44 65 15 51 20 48 29 15 25 23 56 28 40 42 20 25 36 39 
12 17 29 43 45 30 17 37 52 0 34 39 25 21 19 22 35 15 42 13 12 17 47 12 17 45 4 32 34 23 44 32 28 7 26 34 41 47 31 19 14 
26 20 6 27 36 19 35 8 19 34 0 27 10 34 17 31 7 21 11 38 32 17 22 28 49 20 33 8 41 13 20 6 8 40 9 35 39 26 17 17 23 
40 37 29 4 9 11 27 20 28 39 27 0 30 22 23 20 34 35 20 33 28 30 14 27 45 14 40 19 20 22 13 33 21 39 30 12 13 10 11 35 26 
16 10 4 32 39 19 29 16 29 25 10 30 0 29 11 27 10 11 20 30 25 7 29 21 41 27 23 12 39 9 27 6 9 31 1 34 40 33 19 7 15 
28 29 31 26 25 18 4 32 46 21 34 22 29 0 18 2 38 26 35 11 9 24 34 11 23 33 24 27 12 21 33 36 25 19 30 13 20 33 20 29 15 
17 14 13 25 30 12 18 18 33 19 17 23 11 18 0 16 20 12 22 20 15 7 27 11 32 25 19 12 27 3 25 17 9 23 12 24 30 29 12 12 5 
28 28 29 24 23 15 7 29 43 22 31 20 27 2 16 0 36 25 32 13 10 22 31 10 25 30 25 24 12 19 30 33 23 20 28 12 19 30 17 28 13 
25 18 7 34 43 25 39 15 23 35 7 34 10 38 20 36 0 20 18 40 35 17 29 31 51 27 32 14 46 17 27 3 14 41 8 41 46 33 24 15 25 
5 3 15 37 42 24 24 26 40 15 21 35 11 26 12 25 20 0 30 23 19 4 38 16 32 36 12 21 38 13 35 17 17 22 12 35 42 40 24 4 11 
36 30 16 19 29 17 37 4 10 42 11 20 20 35 22 32 18 30 0 42 36 26 11 33 54 9 41 9 38 18 9 18 13 45 19 31 34 16 15 27 28 
23 26 33 37 36 26 6 38 52 13 38 33 30 11 20 13 40 23 42 0 5 23 43 9 12 42 16 32 22 24 41 37 29 7 31 24 31 42 28 27 15 
20 22 28 32 32 21 5 32 47 12 32 28 25 9 15 10 35 19 36 5 0 18 38 3 18 37 15 27 21 19 36 32 24 11 26 22 29 38 22 23 9 
10 6 11 33 38 19 23 21 35 17 17 30 7 24 7 22 17 4 26 23 18 0 33 14 33 31 15 16 35 8 30 14 12 23 9 31 38 35 19 5 9 
43 39 26 10 20 17 38 14 15 47 22 14 29 34 27 31 29 38 11 43 38 33 0 36 56 1 47 17 33 24 2 29 20 49 29 26 26 5 15 36 32 
17 19 24 31 32 18 8 29 44 12 28 27 21 11 11 10 31 16 33 9 3 14 36 0 21 34 14 24 23 15 34 28 21 12 23 22 29 36 20 19 6 
29 34 44 49 47 39 18 50 65 17 49 45 41 23 32 25 51 32 54 12 18 33 56 21 0 55 21 45 32 36 54 48 42 10 42 36 42 55 41 36 26 
42 37 24 11 21 16 37 12 15 45 20 14 27 33 25 30 27 36 9 42 37 31 1 34 55 0 45 15 33 23 0 27 19 47 27 26 27 6 14 34 31 
8 14 27 44 46 30 20 36 51 4 33 40 23 24 19 25 32 12 41 16 15 15 47 14 21 45 0 31 37 22 44 29 27 11 24 37 44 48 31 17 14 
27 21 9 20 28 11 29 5 20 32 8 19 12 27 12 24 14 21 9 32 27 16 17 24 45 15 31 0 33 9 14 13 3 36 12 26 31 20 9 19 18 
40 41 39 23 17 22 16 36 48 34 41 20 39 12 27 12 46 38 38 22 21 35 33 23 32 33 37 33 0 30 33 44 32 30 39 7 10 30 24 40 26 
19 15 10 24 30 11 22 14 29 23 13 22 9 21 3 19 17 13 18 24 19 8 24 15 36 23 22 9 30 0 22 14 5 27 9 25 31 26 11 12 9 
41 36 24 10 21 15 36 11 15 44 20 13 27 33 25 30 27 35 9 41 36 30 2 34 54 0 44 14 33 22 0 26 18 47 26 25 26 6 13 33 30 
22 15 4 33 42 23 36 15 25 32 6 33 6 36 17 33 3 17 18 37 32 14 29 28 48 27 29 13 44 14 26 0 11 38 5 39 44 33 22 12 22 
23 18 7 22 30 11 27 9 23 28 8 21 9 25 9 23 14 17 13 29 24 12 20 21 42 19 27 3 32 5 18 11 0 32 9 27 32 23 10 15 15 
19 24 34 43 43 31 14 41 56 7 40 39 31 19 23 20 41 22 45 7 11 23 49 12 10 47 11 36 30 27 47 38 32 0 32 32 39 49 33 26 17 
17 11 3 31 39 20 30 15 28 26 9 30 1 30 12 28 8 12 19 31 26 9 29 23 42 27 24 12 39 9 26 5 9 32 0 35 40 32 19 8 17 
39 38 34 16 11 15 18 29 40 34 35 12 34 13 24 12 41 35 31 24 22 31 26 22 36 26 37 26 7 25 25 39 27 32 35 0 6 23 17 37 24 
46 44 39 16 7 20 25 33 42 41 39 13 40 20 30 19 46 42 34 31 29 38 26 29 42 27 44 31 10 31 26 44 32 39 40 6 0 22 22 43 30 
46 41 30 6 16 17 37 18 20 47 26 10 33 33 29 30 33 40 16 42 38 35 5 36 55 6 48 20 30 26 6 33 23 49 32 23 22 0 16 39 33 
29 26 17 13 20 2 23 12 25 31 17 11 19 20 12 17 24 24 15 28 22 19 15 20 41 14 31 9 24 11 13 22 10 33 19 17 22 16 0 23 17 
9 3 11 37 43 24 28 23 36 19 17 35 7 29 12 28 15 4 27 27 23 5 36 19 36 34 17 19 40 12 33 12 15 26 8 37 43 39 23 0 14 
15 14 18 29 32 15 14 24 39 14 23 26 15 15 5 13 25 11 28 15 9 9 32 6 26 31 14 18 26 9 30 22 15 17 17 24 30 33 17 14 0 
0 293
18 47
187 216
232 261
70 99
87 116
128 157
61 90
73 102
146 175
165 194
89 118
77 106
81 110
88 117
244 273
210 239
4 33
171 200
46 75
79 108
130 159
121 150
94 123
224 253
28 57
16 45
198 227
115 144
40 69
148 177
103 132
99 128
124 153
61 90
184 213
95 124
258 287
13 42
171 200
159 188
