41
0 19 16 8 16 18 27 25 32 23 16 6 5 10 14 17 1 34 6 9 21 11 32 20 23 27 9 10 20 19 28 24 26 25 22 29 23 18 33 19 30 
19 0 26 17 4 1 14 5 13 35 35 25 15 17 20 33 19 23 26 13 28 8 13 29 23 27 17 30 31 27 9 38 7 20 38 23 12 23 21 14 19 
16 26 0 10 21 25 38 30 39 9 16 19 14 26 5 10 14 27 17 23 5 19 34 4 38 14 9 16 5 3 33 12 29 40 14 20 21 5 28 33 23 
8 17 10 0 12 16 28 22 31 19 18 14 5 16 6 16 6 26 13 13 14 9 27 14 28 19 1 14 15 12 25 21 22 30 21 21 16 10 26 22 22 
16 4 21 12 0 4 17 9 18 31 31 22 11 16 16 29 15 22 22 11 24 4 15 25 23 23 13 26 26 22 13 33 10 22 34 21 10 19 21 15 18 
18 1 25 16 4 0 13 7 14 35 34 24 14 15 20 33 18 25 25 11 28 7 14 29 21 27 17 28 30 27 10 38 9 19 38 25 13 23 23 13 21 
27 14 38 28 17 13 0 14 9 48 44 31 25 19 33 44 28 36 33 18 41 19 20 42 16 41 29 37 43 40 14 50 17 10 49 37 26 36 33 10 33 
25 5 30 22 9 7 14 0 10 39 40 31 21 23 24 38 25 21 32 19 31 13 7 33 26 28 22 35 35 30 3 42 3 23 43 23 12 26 19 18 18 
32 13 39 31 18 14 9 10 0 49 48 37 28 26 34 47 32 30 38 24 41 21 13 42 25 39 31 42 44 40 8 52 12 19 52 34 22 36 28 18 28 
23 35 9 19 31 35 48 39 49 0 14 24 23 34 15 7 21 34 22 31 10 28 43 7 46 19 18 19 4 9 43 3 39 48 8 26 30 13 36 41 31 
16 35 16 18 31 34 44 40 48 14 0 13 19 26 19 7 15 43 11 25 21 26 46 18 37 30 18 7 16 19 44 13 41 41 8 36 34 21 43 35 39 
6 25 19 14 22 24 31 31 37 24 13 0 11 12 19 17 7 40 2 13 25 18 38 23 23 32 14 6 23 23 34 25 32 28 21 35 29 22 40 22 36 
5 15 14 5 11 14 25 21 28 23 19 11 0 11 11 19 4 29 11 8 19 7 27 19 23 24 6 14 19 17 24 25 22 25 24 25 18 15 29 18 25 
10 17 26 16 16 15 19 23 26 34 26 12 11 0 23 28 12 38 15 4 31 13 30 31 12 35 18 19 31 29 25 35 25 15 33 35 26 27 37 9 34 
14 20 5 6 16 20 33 24 34 15 19 19 11 23 0 15 12 23 18 19 8 14 28 8 35 13 5 18 10 6 27 18 24 36 19 16 15 3 23 28 19 
17 33 10 16 29 33 44 38 47 7 7 17 19 28 15 0 16 37 15 26 14 25 43 11 40 24 16 11 9 12 42 7 38 43 5 30 30 15 38 37 34 
1 19 14 6 15 18 28 25 32 21 15 7 4 12 12 16 0 33 7 10 19 11 31 18 24 25 7 10 18 17 28 23 26 27 21 28 22 16 32 20 28 
34 23 27 26 22 25 36 21 30 34 43 40 29 38 23 37 33 0 40 33 24 25 18 26 46 15 26 41 29 25 22 37 18 44 41 7 11 21 2 38 4 
6 26 17 13 22 25 33 32 38 22 11 2 11 15 18 15 7 40 0 14 23 18 38 21 26 31 14 4 20 21 35 22 33 30 19 34 29 21 39 24 35 
9 13 23 13 11 11 18 19 24 31 25 13 8 4 19 26 10 33 14 0 27 8 26 27 15 31 14 19 27 25 22 33 21 17 31 31 21 23 32 10 29 
21 28 5 14 24 28 41 31 41 10 21 25 19 31 8 14 19 24 23 27 0 22 34 2 43 9 13 22 5 2 34 13 30 44 17 16 20 5 25 37 21 
11 8 19 9 4 7 19 13 21 28 26 18 7 13 14 25 11 25 18 8 22 0 20 22 22 23 9 21 24 20 17 30 14 22 30 22 13 17 24 15 20 
32 13 34 27 15 14 20 7 13 43 46 38 27 30 28 43 31 18 38 26 34 20 0 36 34 29 27 41 38 33 5 46 5 30 48 22 13 29 15 26 16 
20 29 4 14 25 29 42 33 42 7 18 23 19 31 8 11 18 26 21 27 2 22 36 0 42 12 13 20 2 2 36 11 32 44 14 19 22 6 28 37 23 
23 23 38 28 23 21 16 26 25 46 37 23 23 12 35 40 24 46 26 15 43 22 34 42 0 46 29 30 43 41 28 47 29 6 45 45 34 38 44 8 42 
27 27 14 19 23 27 41 28 39 19 30 32 24 35 13 24 25 15 31 31 9 23 29 12 46 0 18 30 15 11 31 22 26 46 27 7 16 9 17 39 13 
9 17 9 1 13 17 29 22 31 18 18 14 6 18 5 16 7 26 14 14 13 9 27 13 29 18 0 15 14 11 25 20 22 31 21 20 16 9 25 23 21 
10 30 16 14 26 28 37 35 42 19 7 6 14 19 18 11 10 41 4 19 22 21 41 20 30 30 15 0 18 20 39 19 36 34 15 35 31 21 41 28 37 
20 31 5 15 26 30 43 35 44 4 16 23 19 31 10 9 18 29 20 27 5 24 38 2 43 15 14 18 0 4 38 8 34 45 11 22 25 8 31 38 26 
19 27 3 12 22 27 40 30 40 9 19 23 17 29 6 12 17 25 21 25 2 20 33 2 41 11 11 20 4 0 33 13 29 42 16 17 20 4 26 35 21 
28 9 33 25 13 10 14 3 8 43 44 34 24 25 27 42 28 22 35 22 34 17 5 36 28 31 25 39 38 33 0 46 4 24 47 25 14 29 19 20 20 
24 38 12 21 33 38 50 42 52 3 13 25 25 35 18 7 23 37 22 33 13 30 46 11 47 22 20 19 8 13 46 0 42 50 5 30 33 17 39 43 34 
26 7 29 22 10 9 17 3 12 39 41 32 22 25 24 38 26 18 33 21 30 14 5 32 29 26 22 36 34 29 4 42 0 26 43 21 10 25 16 21 15 
25 20 40 30 22 19 10 23 19 48 41 28 25 15 36 43 27 44 30 17 44 22 30 44 6 46 31 34 45 42 24 50 26 0 48 44 33 39 42 7 40 
22 38 14 21 34 38 49 43 52 8 8 21 24 33 19 5 21 41 19 31 17 30 48 14 45 27 21 15 11 16 47 5 43 48 0 34 35 19 42 42 38 
29 23 20 21 21 25 37 23 34 26 36 35 25 35 16 30 28 7 34 31 16 22 22 19 45 7 20 35 22 17 25 30 21 44 34 0 11 14 9 37 6 
23 12 21 16 10 13 26 12 22 30 34 29 18 26 15 30 22 11 29 21 20 13 13 22 34 16 16 31 25 20 14 33 10 33 35 11 0 16 10 26 7 
18 23 5 10 19 23 36 26 36 13 21 22 15 27 3 15 16 21 21 23 5 17 29 6 38 9 9 21 8 4 29 17 25 39 19 14 16 0 22 32 18 
33 21 28 26 21 23 33 19 28 36 43 40 29 37 23 38 32 2 39 32 25 24 15 28 44 17 25 41 31 26 19 39 16 42 42 9 10 22 0 36 4 
19 14 33 22 15 13 10 18 18 41 35 22 18 9 28 37 20 38 24 10 37 15 26 37 8 39 23 28 38 35 20 43 21 7 42 37 26 32 36 0 34 
30 19 23 22 18 21 33 18 28 31 39 36 25 34 19 34 28 4 35 29 21 20 16 23 42 13 21 37 26 21 20 34 15 40 38 6 7 18 4 34 0 
0 293
171 229
119 177
58 116
211 269
16 74
161 219
174 232
96 154
225 283
143 201
53 111
0 58
25 83
179 237
150 208
152 210
75 133
99 157
25 83
51 109
208 266
31 89
220 278
233 291
195 253
38 96
182 240
5 63
23 81
143 201
231 289
179 237
97 155
105 163
10 68
155 213
177 235
1 59
30 88
145 203
