41
0 10 11 7 20 14 3 5 25 23 30 38 16 12 36 32 19 38 26 17 8 36 15 35 36 29 24 14 26 33 19 35 33 23 27 45 33 36 15 10 16 
10 0 5 16 22 14 14 15 17 13 22 28 18 17 33 24 18 31 22 12 11 27 16 25 28 26 14 4 18 27 20 29 23 18 24 34 24 29 8 18 19 
11 5 0 16 17 9 14 15 13 16 18 27 13 22 27 29 13 27 17 18 8 30 12 24 33 21 14 6 14 33 15 34 27 13 18 34 21 25 13 17 15 
7 16 16 0 16 14 4 1 27 30 33 44 13 16 36 40 18 40 27 24 8 43 13 40 44 28 30 20 28 41 17 42 40 24 26 50 37 38 22 3 12 
20 22 17 16 0 8 19 17 21 33 25 40 4 31 21 47 7 30 15 34 12 48 5 37 50 14 29 23 21 50 3 51 44 15 13 46 30 28 30 13 3 
14 14 9 14 8 0 15 14 15 25 20 34 3 27 22 39 5 27 13 27 6 40 2 30 42 14 22 15 16 42 5 44 36 10 12 39 25 25 23 13 6 
3 14 14 4 19 15 0 2 27 27 32 42 16 13 37 36 20 41 28 21 9 40 15 39 40 30 28 18 28 37 19 38 36 25 28 48 36 39 18 7 15 
5 15 15 1 17 14 2 0 27 29 33 43 14 14 37 38 19 41 27 23 8 41 14 40 42 29 29 19 28 39 18 40 38 25 27 49 37 39 20 5 13 
25 17 13 27 21 15 27 27 0 18 5 19 18 35 18 33 13 13 9 28 19 31 17 16 36 15 11 14 1 39 17 40 28 6 12 24 9 11 23 27 21 
23 13 16 30 33 25 27 29 18 0 22 18 29 27 37 15 27 28 27 13 24 14 28 16 17 32 7 10 19 20 31 21 11 23 29 24 20 28 10 32 31 
30 22 18 33 25 20 32 33 5 22 0 17 22 40 16 36 17 8 10 32 24 33 22 14 38 15 14 19 4 42 21 43 30 9 13 22 6 6 28 32 25 
38 28 27 44 40 34 42 43 19 18 17 0 37 45 33 27 33 18 27 32 36 22 36 3 28 32 14 24 19 35 37 35 20 25 30 6 11 19 29 45 40 
16 18 13 13 4 3 16 14 18 29 22 37 0 28 22 42 5 29 14 30 8 43 1 34 46 14 25 19 19 46 3 47 40 13 13 43 28 27 26 11 3 
12 17 22 16 31 27 13 14 35 27 40 45 28 0 48 30 32 48 38 15 20 36 27 42 34 41 31 21 36 29 31 30 33 35 39 51 42 47 16 20 28 
36 33 27 36 21 22 37 37 18 37 16 33 22 48 0 52 17 15 10 45 28 50 22 31 54 7 30 31 18 57 19 58 47 14 9 36 22 14 40 34 24 
32 24 29 40 47 39 36 38 33 15 36 27 42 30 52 0 42 42 42 15 36 7 41 27 4 47 22 23 34 7 44 7 7 38 44 32 33 42 17 43 44 
19 18 13 18 7 5 20 19 13 27 17 33 5 32 17 42 0 23 8 31 11 42 5 29 45 9 22 18 14 46 4 47 38 7 7 38 23 21 26 17 8 
38 31 27 40 30 27 41 41 13 28 8 18 29 48 15 42 23 0 15 40 32 38 28 17 44 18 21 27 12 49 27 50 36 16 17 21 9 2 36 40 32 
26 22 17 27 15 13 28 27 9 27 10 27 14 38 10 42 8 15 0 34 19 40 14 24 44 5 20 20 9 47 12 48 37 3 2 32 16 13 29 25 17 
17 12 18 24 34 27 21 23 28 13 32 32 30 15 45 15 31 40 34 0 22 20 29 29 19 39 20 13 28 16 33 17 18 30 36 38 32 39 4 28 31 
8 11 8 8 12 6 9 8 19 24 24 36 8 20 28 36 11 32 19 22 0 38 7 32 40 21 22 14 20 39 11 40 35 16 19 42 28 30 19 8 8 
36 27 30 43 48 40 40 41 31 14 33 22 43 36 50 7 42 38 40 20 38 0 42 22 5 46 20 24 32 13 45 14 3 37 43 25 29 38 21 45 46 
15 16 12 13 5 2 15 14 17 28 22 36 1 27 22 41 5 28 14 29 7 42 0 33 45 15 24 18 18 44 4 46 39 12 13 42 27 26 25 11 4 
35 25 24 40 37 30 39 40 16 16 14 3 34 42 31 27 29 17 24 29 32 22 33 0 27 30 10 21 15 33 34 34 19 22 27 9 8 17 26 41 37 
36 28 33 44 50 42 40 42 36 17 38 28 46 34 54 4 45 44 44 19 40 5 45 27 0 50 24 26 36 8 48 8 7 41 47 31 34 43 21 47 48 
29 26 21 28 14 14 30 29 15 32 15 32 14 41 7 47 9 18 5 39 21 46 15 30 50 0 26 25 14 52 11 54 43 9 3 37 21 16 34 26 17 
24 14 14 30 29 22 28 29 11 7 14 14 25 31 30 22 22 21 20 20 22 20 24 10 24 26 0 10 11 28 26 29 17 17 23 20 12 20 16 31 28 
14 4 6 20 23 15 18 19 14 10 19 24 19 21 31 23 18 27 20 13 14 24 18 21 26 25 10 0 15 27 21 28 21 16 22 30 20 26 9 22 21 
26 18 14 28 21 16 28 28 1 19 4 19 19 36 18 34 14 12 9 28 20 32 18 15 36 14 11 15 0 39 18 41 29 6 11 24 9 10 24 28 22 
33 27 33 41 50 42 37 39 39 20 42 35 46 29 57 7 46 49 47 16 39 13 44 33 8 52 28 27 39 0 48 1 14 43 49 39 40 48 19 44 47 
19 20 15 17 3 5 19 18 17 31 21 37 3 31 19 44 4 27 12 33 11 45 4 34 48 11 26 21 18 48 0 49 42 12 10 42 27 25 28 15 5 
35 29 34 42 51 44 38 40 40 21 43 35 47 30 58 7 47 50 48 17 40 14 46 34 8 54 29 28 41 1 49 0 15 44 51 39 41 49 21 45 49 
33 23 27 40 44 36 36 38 28 11 30 20 40 33 47 7 38 36 37 18 35 3 39 19 7 43 17 21 29 14 42 15 0 34 40 24 27 35 18 42 42 
23 18 13 24 15 10 25 25 6 23 9 25 13 35 14 38 7 16 3 30 16 37 12 22 41 9 17 16 6 43 12 44 34 0 6 30 15 14 25 24 16 
27 24 18 26 13 12 28 27 12 29 13 30 13 39 9 44 7 17 2 36 19 43 13 27 47 3 23 22 11 49 10 51 40 6 0 35 19 15 31 25 16 
45 34 34 50 46 39 48 49 24 24 22 6 43 51 36 32 38 21 32 38 42 25 42 9 31 37 20 30 24 39 42 39 24 30 35 0 15 22 35 51 46 
33 24 21 37 30 25 36 37 9 20 6 11 28 42 22 33 23 9 16 32 28 29 27 8 34 21 12 20 9 40 27 41 27 15 19 15 0 9 28 37 31 
36 29 25 38 28 25 39 39 11 28 6 19 27 47 14 42 21 2 13 39 30 38 26 17 43 16 20 26 10 48 25 49 35 14 15 22 9 0 34 38 30 
15 8 13 22 30 23 18 20 23 10 28 29 26 16 40 17 26 36 29 4 19 21 25 26 21 34 16 9 24 19 28 21 18 25 31 35 28 34 0 25 27 
10 18 17 3 13 13 7 5 27 32 32 45 11 20 34 43 17 40 25 28 8 45 11 41 47 26 31 22 28 44 15 45 42 24 25 51 37 38 25 0 9 
16 19 15 12 3 6 15 13 21 31 25 40 3 28 24 44 8 32 17 31 8 46 4 37 48 17 28 21 22 47 5 49 42 16 16 46 31 30 27 9 0 
0 269
97 150
67 120
121 174
158 211
114 167
83 136
213 266
54 107
190 243
91 144
136 189
18 71
183 236
150 203
40 93
50 103
203 256
158 211
94 147
3 56
132 185
196 249
59 112
127 180
136 189
119 172
200 253
85 138
0 53
89 142
139 192
179 232
6 59
188 241
60 113
44 97
126 179
167 220
135 188
49 102
