41
0 16 29 1 24 12 15 5 13 17 19 27 1 31 20 30 31 17 21 26 6 25 34 23 6 6 22 31 11 21 16 14 24 27 5 20 12 19 35 5 18 
16 0 44 15 13 20 10 12 29 33 5 37 17 39 36 35 28 30 37 25 17 32 41 35 20 22 35 44 25 4 7 27 11 33 20 32 28 34 42 20 33 
29 44 0 30 46 36 44 34 16 14 45 17 28 23 8 28 41 30 12 37 32 24 26 33 30 25 31 7 29 49 45 18 48 27 24 33 17 10 26 28 26 
1 15 30 0 24 10 14 4 14 18 19 29 1 33 21 31 32 16 22 27 4 27 36 22 5 6 21 32 10 20 15 16 24 29 7 18 13 20 37 4 18 
24 13 46 24 0 32 24 23 34 39 8 35 25 34 39 28 17 41 43 15 28 27 35 46 30 30 45 44 35 12 20 28 2 27 25 43 34 36 36 29 42 
12 20 36 10 32 0 12 9 20 21 25 38 11 43 28 42 43 10 25 38 5 37 46 15 6 11 15 40 7 24 16 25 31 39 17 11 19 27 47 9 14 
15 10 44 14 24 12 0 9 28 31 16 42 15 45 36 42 38 23 35 34 12 38 48 28 15 19 28 46 19 13 3 29 22 40 21 24 27 34 48 16 27 
5 12 34 4 23 9 9 0 18 22 16 32 5 36 26 34 33 18 26 28 5 29 39 24 8 10 23 37 12 17 11 20 22 31 11 20 18 24 40 7 20 
13 29 16 14 34 20 28 18 0 4 31 21 12 26 7 28 36 17 8 31 16 23 30 21 13 9 19 20 13 34 30 10 35 26 9 20 0 7 30 11 14 
17 33 14 18 39 21 31 22 4 0 36 23 16 29 7 32 41 16 3 36 18 27 33 19 16 12 17 20 14 38 33 14 40 30 14 19 5 9 33 14 12 
19 5 45 19 8 25 16 16 31 36 0 36 20 37 37 32 24 35 40 21 22 30 39 40 24 25 39 45 29 5 12 27 6 30 22 36 31 35 40 23 37 
27 37 17 29 35 38 42 32 21 23 36 0 28 6 17 11 25 38 24 22 33 8 9 42 32 27 40 11 34 41 42 12 37 10 21 41 21 14 9 29 35 
1 17 28 1 25 11 15 5 12 16 20 28 0 32 20 31 32 15 20 27 5 26 35 21 5 4 20 31 10 22 17 15 25 28 6 18 12 19 36 3 17 
31 39 23 33 34 43 45 36 26 29 37 6 32 0 23 6 22 43 30 20 37 7 3 48 36 32 46 16 39 42 44 17 36 7 25 46 27 20 4 34 41 
20 36 8 21 39 28 36 26 7 7 37 17 20 23 0 26 37 23 6 32 23 21 26 27 21 17 25 12 21 40 37 11 40 24 15 26 8 3 26 19 20 
30 35 28 31 28 42 42 34 28 32 32 11 31 6 26 0 15 44 33 13 36 5 7 49 36 32 47 23 39 37 41 18 31 2 25 47 28 23 8 33 42 
31 28 41 32 17 43 38 33 36 41 24 25 32 22 37 15 0 48 43 5 37 17 22 54 38 36 52 37 42 29 35 26 20 15 29 51 36 34 23 36 48 
17 30 30 16 41 10 23 18 17 16 35 38 15 43 23 44 48 0 18 43 12 39 47 5 10 12 4 36 5 34 26 26 40 41 19 3 16 24 47 12 4 
21 37 12 22 43 25 35 26 8 3 40 24 20 30 6 33 43 18 0 38 22 28 33 21 20 16 19 18 18 42 37 16 44 31 17 21 8 9 33 18 14 
26 25 37 27 15 38 34 28 31 36 21 22 27 20 32 13 5 43 38 0 32 14 20 49 33 31 47 33 37 26 31 21 18 13 24 46 31 29 21 31 43 
6 17 32 4 28 5 12 5 16 18 22 33 5 37 23 36 37 12 22 32 0 31 40 18 2 6 17 35 7 22 15 20 28 33 11 14 15 23 41 4 15 
25 32 24 27 27 37 38 29 23 27 30 8 26 7 21 5 17 39 28 14 31 0 9 44 31 27 42 19 34 35 37 13 29 2 20 42 23 19 10 28 37 
34 41 26 36 35 46 48 39 30 33 39 9 35 3 26 7 22 47 33 20 40 9 0 52 40 36 50 19 42 44 47 21 38 8 29 50 30 24 0 37 45 
23 35 33 22 46 15 28 24 21 19 40 42 21 48 27 49 54 5 21 49 18 44 52 0 16 18 2 39 11 40 31 31 46 47 25 4 21 28 52 18 6 
6 20 30 5 30 6 15 8 13 16 24 32 5 36 21 36 38 10 20 33 2 31 40 16 0 4 15 33 4 25 18 19 30 33 10 13 12 21 40 2 12 
6 22 25 6 30 11 19 10 9 12 25 27 4 32 17 32 36 12 16 31 6 27 36 18 4 0 16 29 6 27 21 14 30 30 7 15 8 16 36 2 12 
22 35 31 21 45 15 28 23 19 17 39 40 20 46 25 47 52 4 19 47 17 42 50 2 15 16 0 37 10 39 31 29 45 45 23 4 19 26 50 17 4 
31 44 7 32 44 40 46 37 20 20 45 11 31 16 12 23 37 36 18 33 35 19 19 39 33 29 37 0 34 49 47 17 46 22 25 39 21 12 19 31 32 
11 25 29 10 35 7 19 12 13 14 29 34 10 39 21 39 42 5 18 37 7 34 42 11 4 6 10 34 0 29 22 21 35 36 14 8 13 21 43 6 7 
21 4 49 20 12 24 13 17 34 38 5 41 22 42 40 37 29 34 42 26 22 35 44 40 25 27 39 49 29 0 9 31 10 36 25 36 33 38 45 25 37 
16 7 45 15 20 16 3 11 30 33 12 42 17 44 37 41 35 26 37 31 15 37 47 31 18 21 31 47 22 9 0 30 19 38 22 27 29 35 47 18 30 
14 27 18 16 28 25 29 20 10 14 27 12 15 17 11 18 26 26 16 21 20 13 21 31 19 14 29 17 21 31 30 0 29 16 9 29 10 8 21 16 24 
24 11 48 24 2 31 22 22 35 40 6 37 25 36 40 31 20 40 44 18 28 29 38 46 30 30 45 46 35 10 19 29 0 29 26 42 35 38 39 29 42 
27 33 27 29 27 39 40 31 26 30 30 10 28 7 24 2 15 41 31 13 33 2 8 47 33 30 45 22 36 36 38 16 29 0 23 45 26 21 9 31 40 
5 20 24 7 25 17 21 11 9 14 22 21 6 25 15 25 29 19 17 24 11 20 29 25 10 7 23 25 14 25 22 9 26 23 0 22 8 13 30 8 19 
20 32 33 18 43 11 24 20 20 19 36 41 18 46 26 47 51 3 21 46 14 42 50 4 13 15 4 39 8 36 27 29 42 45 22 0 19 27 50 15 7 
12 28 17 13 34 19 27 18 0 5 31 21 12 27 8 28 36 16 8 31 15 23 30 21 12 8 19 21 13 33 29 10 35 26 8 19 0 8 31 11 14 
19 34 10 20 36 27 34 24 7 9 35 14 19 20 3 23 34 24 9 29 23 19 24 28 21 16 26 12 21 38 35 8 38 21 13 27 8 0 24 19 21 
35 42 26 37 36 47 48 40 30 33 40 9 36 4 26 8 23 47 33 21 41 10 0 52 40 36 50 19 43 45 47 21 39 9 30 50 31 24 0 38 45 
5 20 28 4 29 9 16 7 11 14 23 29 3 34 19 33 36 12 18 31 4 28 37 18 2 2 17 31 6 25 18 16 29 31 8 15 11 19 38 0 13 
18 33 26 18 42 14 27 20 14 12 37 35 17 41 20 42 48 4 14 43 15 37 45 6 12 12 4 32 7 37 30 24 42 40 19 7 14 21 45 13 0 
0 538
322 483
317 478
340 501
82 243
117 278
155 316
194 355
78 239
370 531
302 463
124 285
132 293
184 345
165 326
264 425
224 385
29 190
246 407
341 502
143 304
214 375
287 448
72 233
242 403
327 488
244 405
324 485
91 252
364 525
345 506
210 371
90 251
252 413
59 220
44 205
159 320
346 507
30 191
68 229
296 457
