41
0 40 13 26 33 31 31 5 52 30 22 17 6 37 40 29 38 23 22 24 29 32 38 54 15 3 40 19 28 45 33 32 40 35 36 18 12 31 45 9 34 
40 0 30 14 28 19 45 35 39 13 24 37 34 14 14 11 31 27 50 19 29 9 56 30 35 40 2 38 13 12 33 24 12 5 35 46 31 42 29 46 50 
13 30 0 15 33 27 37 8 51 24 19 23 7 30 33 19 38 23 33 18 29 21 47 50 20 10 29 26 17 38 34 30 33 24 37 28 14 36 43 22 41 
26 14 15 0 26 17 38 20 42 11 15 26 19 17 20 3 30 19 39 10 24 6 49 38 23 25 14 28 2 23 29 21 19 9 32 35 18 35 33 32 42 
33 28 33 26 0 9 18 30 18 15 13 18 29 14 16 26 5 10 29 15 4 28 29 22 19 35 30 18 26 22 5 4 18 25 6 26 21 15 12 32 22 
31 19 27 17 9 0 26 27 25 6 9 21 26 6 9 17 13 10 34 8 10 19 37 23 20 33 20 22 17 15 14 5 11 15 16 30 19 23 16 33 31 
31 45 37 38 18 26 0 31 29 31 22 14 31 32 34 40 20 19 14 27 16 43 10 38 17 35 47 12 39 41 13 22 37 41 14 15 23 3 28 24 4 
5 35 8 20 30 27 31 0 49 26 18 17 1 32 35 24 35 20 25 19 26 27 40 50 14 5 35 19 22 40 31 29 36 29 34 20 10 30 42 13 35 
52 39 51 42 18 25 29 49 0 30 31 35 48 25 24 41 13 29 43 33 23 43 35 13 37 54 41 34 42 27 19 21 27 38 16 42 39 26 9 49 31 
30 13 24 11 15 6 31 26 30 0 11 23 24 6 9 10 19 13 37 7 15 13 42 26 22 31 15 25 11 14 20 11 10 9 22 33 19 28 21 34 36 
22 24 19 15 13 9 22 18 31 11 0 12 17 15 18 17 18 3 26 5 9 20 33 32 11 23 25 14 17 24 14 10 20 19 18 22 9 19 24 23 27 
17 37 23 26 18 21 14 17 35 23 12 0 16 27 30 29 22 10 13 17 13 32 23 40 2 20 38 2 28 36 16 18 32 32 19 9 9 13 30 14 18 
6 34 7 19 29 26 31 1 48 24 17 16 0 31 34 23 34 19 25 18 25 26 39 49 14 6 34 19 21 39 30 27 34 28 33 20 9 30 41 14 35 
37 14 30 17 14 6 32 32 25 6 15 27 31 0 3 16 16 16 40 13 16 17 43 20 26 37 16 28 17 9 19 10 4 12 21 37 24 29 16 39 36 
40 14 33 20 16 9 34 35 24 9 18 30 34 3 0 18 17 19 43 16 18 19 45 17 29 40 16 31 19 6 21 12 2 14 22 39 27 31 15 42 38 
29 11 19 3 26 17 40 24 41 10 17 29 23 16 18 0 30 21 42 12 25 3 51 35 26 29 10 31 1 20 30 21 17 5 32 38 21 37 32 36 44 
38 31 38 30 5 13 20 35 13 19 18 22 34 16 17 30 0 15 32 20 9 32 29 19 23 40 33 22 30 22 6 8 20 28 5 30 26 16 8 36 23 
23 27 23 19 10 10 19 20 29 13 3 10 19 16 19 21 15 0 23 8 6 24 29 31 10 25 28 11 21 25 11 8 21 22 14 20 10 15 22 23 23 
22 50 33 39 29 34 14 25 43 37 26 13 25 40 43 42 32 23 0 31 25 45 17 51 15 26 51 12 41 49 25 31 45 45 27 4 21 17 40 13 15 
24 19 18 10 15 8 27 19 33 7 5 17 18 13 16 12 20 8 31 0 13 15 38 32 15 24 20 19 12 21 18 11 17 14 21 26 12 24 24 27 32 
29 29 29 24 4 10 16 26 23 15 9 13 25 16 18 25 9 6 25 13 0 28 27 26 14 31 30 13 25 24 5 5 20 25 8 22 16 12 16 27 20 
32 9 21 6 28 19 43 27 43 13 20 32 26 17 19 3 32 24 45 15 28 0 54 36 30 31 8 34 4 20 32 24 17 5 35 41 24 40 33 39 47 
38 56 47 49 29 37 10 40 35 42 33 23 39 43 45 51 29 29 17 38 27 54 0 47 26 42 58 21 50 51 24 33 47 52 23 20 33 14 36 30 6 
54 30 50 38 22 23 38 50 13 26 32 40 49 20 17 35 19 31 51 32 26 36 47 0 41 56 32 40 37 17 25 22 19 31 24 49 41 35 10 54 41 
15 35 20 23 19 20 17 14 37 22 11 2 14 26 29 26 23 10 15 15 14 30 26 41 0 18 36 5 25 35 17 18 31 29 20 11 6 16 31 13 21 
3 40 10 25 35 33 35 5 54 31 23 20 6 37 40 29 40 25 26 24 31 31 42 56 18 0 39 23 27 45 35 34 41 34 39 22 14 34 47 13 38 
40 2 29 14 30 20 47 35 41 15 25 38 34 16 16 10 33 28 51 20 30 8 58 32 36 39 0 39 12 15 35 25 14 6 37 47 31 43 32 46 51 
19 38 26 28 18 22 12 19 34 25 14 2 19 28 31 31 22 11 12 19 13 34 21 40 5 23 39 0 30 37 15 19 33 33 18 8 11 11 30 15 15 
28 13 17 2 26 17 39 22 42 11 17 28 21 17 19 1 30 21 41 12 25 4 50 37 25 27 12 30 0 22 30 22 18 7 33 37 20 36 33 34 44 
45 12 38 23 22 15 41 40 27 14 24 36 39 9 6 20 22 25 49 21 24 20 51 17 35 45 15 37 22 0 27 18 4 15 28 46 33 37 19 48 45 
33 33 34 29 5 14 13 31 19 20 14 16 30 19 21 30 6 11 25 18 5 32 24 25 17 35 35 15 30 27 0 9 23 29 3 23 21 10 15 30 17 
32 24 30 21 4 5 22 29 21 11 10 18 27 10 12 21 8 8 31 11 5 24 33 22 18 34 25 19 22 18 9 0 14 20 11 28 19 18 13 32 26 
40 12 33 19 18 11 37 36 27 10 20 32 34 4 2 17 20 21 45 17 20 17 47 19 31 41 14 33 18 4 23 14 0 12 24 41 28 33 17 43 41 
35 5 24 9 25 15 41 29 38 9 19 32 28 12 14 5 28 22 45 14 25 5 52 31 29 34 6 33 7 15 29 20 12 0 32 41 25 38 29 40 45 
36 35 37 32 6 16 14 34 16 22 18 19 33 21 22 32 5 14 27 21 8 35 23 24 20 39 37 18 33 28 3 11 24 32 0 25 24 10 13 33 17 
18 46 28 35 26 30 15 20 42 33 22 9 20 37 39 38 30 20 4 26 22 41 20 49 11 22 47 8 37 46 23 28 41 41 25 0 16 16 38 9 17 
12 31 14 18 21 19 23 10 39 19 9 9 9 24 27 21 26 10 21 12 16 24 33 41 6 14 31 11 20 33 21 19 28 25 24 16 0 21 32 15 27 
31 42 36 35 15 23 3 30 26 28 19 13 30 29 31 37 16 15 17 24 12 40 14 35 16 34 43 11 36 37 10 18 33 38 10 16 21 0 24 25 7 
45 29 43 33 12 16 28 42 9 21 24 30 41 16 15 32 8 22 40 24 16 33 36 10 31 47 32 30 33 19 15 13 17 29 13 38 32 24 0 44 30 
9 46 22 32 32 33 24 13 49 34 23 14 14 39 42 36 36 23 13 27 27 39 30 54 13 13 46 15 34 48 30 32 43 40 33 9 15 25 44 0 27 
34 50 41 42 22 31 4 35 31 36 27 18 35 36 38 44 23 23 15 32 20 47 6 41 21 38 51 15 44 45 17 26 41 45 17 17 27 7 30 27 0 
0 587
347 523
381 557
46 222
374 550
376 552
241 417
2 178
266 442
274 450
120 296
118 294
69 245
407 583
218 394
339 515
348 524
170 346
35 211
29 205
326 502
105 281
167 343
73 249
339 515
309 485
156 332
11 187
334 510
309 485
350 526
199 375
356 532
333 509
267 443
89 265
206 382
177 353
20 196
300 476
214 390
