41
0 40 31 40 40 25 19 39 38 11 36 31 6 5 7 37 10 41 26 33 13 34 39 44 5 19 12 28 18 8 38 13 39 10 27 7 22 27 10 31 8 
40 0 39 23 34 22 22 6 31 34 19 23 46 45 33 3 32 20 14 11 28 20 29 4 39 21 40 28 22 44 26 26 43 31 35 34 20 28 42 32 46 
31 39 0 21 12 43 34 43 58 38 49 17 32 32 31 36 35 25 34 41 33 48 58 40 35 24 42 11 25 27 55 30 7 33 5 27 23 48 22 7 29 
40 23 21 0 12 37 30 28 50 40 39 8 44 43 35 20 38 3 26 29 33 39 49 21 41 22 46 13 24 40 46 31 22 36 19 33 19 43 35 14 42 
40 34 12 12 0 45 37 39 59 44 49 13 43 42 38 32 41 16 34 40 38 48 58 34 43 27 49 12 28 38 55 35 10 39 14 34 24 51 33 9 40 
25 22 43 37 45 0 8 18 15 15 10 31 32 31 18 21 15 36 11 11 12 8 15 27 22 18 20 33 17 32 13 14 49 15 37 22 20 6 32 38 33 
19 22 34 30 37 8 0 19 24 12 17 24 26 25 12 19 10 30 7 13 6 15 24 26 17 10 18 25 8 25 21 6 41 10 28 14 12 14 24 29 27 
39 6 43 28 39 18 19 0 24 31 12 27 45 44 31 7 30 25 13 6 25 14 23 10 37 22 37 32 22 44 20 25 47 29 38 33 21 23 42 36 46 
38 31 58 50 59 15 24 24 0 27 12 46 45 44 32 31 28 48 25 21 27 11 1 35 34 34 29 49 32 46 4 29 65 29 52 36 35 11 47 53 47 
11 34 38 40 44 15 12 31 27 0 25 32 17 16 6 31 2 40 19 24 6 23 27 38 7 18 6 31 16 19 26 9 45 4 32 11 21 16 20 35 19 
36 19 49 39 49 10 17 12 12 25 0 35 42 41 29 19 25 37 15 9 22 2 10 23 32 25 30 39 24 43 7 23 55 26 44 32 26 12 42 43 44 
31 23 17 8 13 31 24 27 46 32 35 0 36 35 27 20 30 10 20 26 26 35 45 23 33 14 39 6 16 31 42 23 20 28 13 25 12 38 27 9 34 
6 46 32 44 43 32 26 45 45 17 42 36 0 1 13 43 17 46 32 40 20 40 45 50 10 25 16 32 24 5 44 20 40 16 29 12 28 33 10 34 3 
5 45 32 43 42 31 25 44 44 16 41 35 1 0 12 42 16 45 31 38 19 39 44 49 9 24 16 31 23 5 43 19 40 15 28 11 27 32 9 33 3 
7 33 31 35 38 18 12 31 32 6 29 27 13 12 0 30 4 36 19 26 6 27 33 37 6 14 11 26 12 14 31 6 39 3 26 4 17 21 14 29 14 
37 3 36 20 32 21 19 7 31 31 19 20 43 42 30 0 30 17 12 10 25 20 30 6 36 18 38 25 19 41 27 24 40 29 31 31 17 27 38 29 43 
10 32 35 38 41 15 10 30 28 2 25 30 17 16 4 30 0 38 18 24 4 23 28 37 6 16 8 29 14 18 27 7 43 2 30 9 18 17 19 33 18 
41 20 25 3 16 36 30 25 48 40 37 10 46 45 36 17 38 0 24 27 34 37 47 18 42 22 47 16 24 42 44 31 26 36 23 34 19 42 38 18 45 
26 14 34 26 34 11 7 13 25 19 15 20 32 31 19 12 18 24 0 8 13 14 24 19 24 10 26 23 10 31 21 12 40 17 28 20 10 17 29 28 33 
33 11 41 29 40 11 13 6 21 24 9 26 40 38 26 10 24 27 8 0 19 9 19 16 30 18 31 30 18 39 16 19 46 23 36 27 18 17 37 35 40 
13 28 33 33 38 12 6 25 27 6 22 26 20 19 6 25 4 34 13 19 0 20 27 32 11 11 13 26 9 20 25 2 41 3 27 9 14 16 20 30 21 
34 20 48 39 48 8 15 14 11 23 2 35 40 39 27 20 23 37 14 9 20 0 10 24 30 24 28 38 23 41 7 21 54 24 43 30 25 10 40 43 42 
39 29 58 49 58 15 24 23 1 27 10 45 45 44 33 30 28 47 24 19 27 10 0 34 34 33 30 48 32 47 3 29 64 29 52 36 35 11 47 52 47 
44 4 40 21 34 27 26 10 35 38 23 23 50 49 37 6 37 18 19 16 32 24 34 0 43 25 45 29 26 48 30 31 43 36 36 37 23 33 45 33 50 
5 39 35 41 43 22 17 37 34 7 32 33 10 9 6 36 6 42 24 30 11 30 34 43 0 20 7 31 18 13 34 12 43 7 30 8 23 23 15 34 12 
19 21 24 22 27 18 10 22 34 18 25 14 25 24 14 18 16 22 10 18 11 24 33 25 20 0 24 15 1 22 31 9 31 13 18 12 2 24 20 19 25 
12 40 42 46 49 20 18 37 29 6 30 39 16 16 11 38 8 47 26 31 13 28 30 45 7 24 0 37 22 20 30 15 50 10 37 15 27 19 22 41 19 
28 28 11 13 12 33 25 32 49 31 39 6 32 31 26 25 29 16 23 30 26 38 48 29 31 15 37 0 16 27 45 23 16 27 6 22 13 39 22 4 30 
18 22 25 24 28 17 8 22 32 16 24 16 24 23 12 19 14 24 10 18 9 23 32 26 18 1 22 16 0 22 30 7 32 12 20 11 4 23 19 21 24 
8 44 27 40 38 32 25 44 46 19 43 31 5 5 14 41 18 42 31 39 20 41 47 48 13 22 20 27 22 0 45 19 34 17 23 11 25 35 4 29 2 
38 26 55 46 55 13 21 20 4 26 7 42 44 43 31 27 27 44 21 16 25 7 3 30 34 31 30 45 30 45 0 27 61 28 49 35 32 10 45 50 46 
13 26 30 31 35 14 6 25 29 9 23 23 20 19 6 24 7 31 12 19 2 21 29 31 12 9 15 23 7 19 27 0 38 5 25 8 11 18 18 27 21 
39 43 7 22 10 49 41 47 65 45 55 20 40 40 39 40 43 26 40 46 41 54 64 43 43 31 50 16 32 34 61 38 0 41 13 34 29 55 30 11 37 
10 31 33 36 39 15 10 29 29 4 26 28 16 15 3 29 2 36 17 23 3 24 29 36 7 13 10 27 12 17 28 5 41 0 28 7 16 18 17 30 17 
27 35 5 19 14 37 28 38 52 32 44 13 29 28 26 31 30 23 28 36 27 43 52 36 30 18 37 6 20 23 49 25 13 28 0 21 17 42 19 5 26 
7 34 27 33 34 22 14 33 36 11 32 25 12 11 4 31 9 34 20 27 9 30 36 37 8 12 15 22 11 11 35 8 34 7 21 0 15 25 10 25 12 
22 20 23 19 24 20 12 21 35 21 26 12 28 27 17 17 18 19 10 18 14 25 35 23 23 2 27 13 4 25 32 11 29 16 17 15 0 26 22 17 27 
27 28 48 43 51 6 14 23 11 16 12 38 33 32 21 27 17 42 17 17 16 10 11 33 23 24 19 39 23 35 10 18 55 18 42 25 26 0 36 44 35 
10 42 22 35 33 32 24 42 47 20 42 27 10 9 14 38 19 38 29 37 20 40 47 45 15 20 22 22 19 4 45 18 30 17 19 10 22 36 0 24 7 
31 32 7 14 9 38 29 36 53 35 43 9 34 33 29 29 33 18 28 35 30 43 52 33 34 19 41 4 21 29 50 27 11 30 5 25 17 44 24 0 31 
8 46 29 42 40 33 27 46 47 19 44 34 3 3 14 43 18 45 33 40 21 42 47 50 12 25 19 30 24 2 46 21 37 17 26 12 27 35 7 31 0 
0 489
103 200
54 151
32 129
368 465
210 307
302 399
275 372
68 165
74 171
0 97
96 193
342 439
70 167
2 99
270 367
162 259
269 366
115 212
306 403
322 419
261 358
172 269
371 468
210 307
190 287
361 458
265 362
70 167
108 205
33 130
352 449
170 267
192 289
217 314
166 263
165 262
160 257
243 340
40 137
238 335
