41
0 11 18 43 41 11 42 11 44 31 18 31 30 31 24 24 35 44 31 38 38 13 29 11 42 3 14 33 14 35 32 36 28 38 43 25 43 32 12 46 45 
11 0 21 47 45 8 45 14 42 42 28 37 38 36 29 29 45 49 42 40 43 24 39 19 39 14 25 38 25 43 40 46 24 46 43 28 48 36 18 44 44 
18 21 0 25 23 13 24 7 26 30 18 15 21 15 8 7 30 27 31 19 22 20 24 10 26 16 25 16 18 23 20 33 16 27 24 6 27 15 6 28 26 
43 47 25 0 4 38 1 33 20 37 34 13 24 12 19 18 32 4 39 8 10 40 30 33 25 41 45 11 37 18 18 38 30 22 11 19 9 10 31 21 15 
41 45 23 4 0 37 4 31 23 33 31 10 20 9 16 16 28 3 35 9 6 36 26 30 28 38 41 8 33 14 14 34 30 18 14 17 5 8 28 24 19 
11 8 13 38 37 0 37 6 35 37 24 29 32 28 21 21 39 41 38 31 35 21 33 14 32 12 24 30 21 35 32 42 17 39 35 19 40 28 11 36 36 
42 45 24 1 4 37 0 31 18 37 33 13 24 11 18 17 32 6 39 6 10 39 30 31 23 39 44 10 36 18 18 38 28 23 9 17 10 9 29 19 14 
11 14 7 33 31 6 31 0 33 31 18 22 25 22 15 15 33 35 32 27 29 17 27 8 31 10 21 24 16 29 26 36 18 32 31 14 34 22 4 34 33 
44 42 26 20 23 35 18 33 0 51 43 26 38 25 26 24 48 24 53 14 27 46 44 37 6 43 51 25 44 35 33 53 19 40 8 21 29 20 33 1 4 
31 42 30 37 33 37 37 31 51 0 13 25 13 27 26 28 7 35 1 38 27 18 7 23 53 27 20 27 16 19 19 4 46 17 45 32 30 31 27 53 49 
18 28 18 34 31 24 33 18 43 13 0 21 13 22 17 19 17 34 14 32 26 6 11 9 44 14 11 23 3 20 18 18 34 21 39 22 30 25 14 45 42 
31 37 15 13 10 29 13 22 26 25 21 0 12 1 7 8 21 13 27 12 6 26 17 20 29 28 31 2 23 9 7 27 27 14 19 11 11 5 19 28 24 
30 38 21 24 20 32 24 25 38 13 13 12 0 13 14 16 9 22 14 25 14 20 5 18 41 26 24 14 17 7 6 14 36 8 32 20 18 18 21 40 36 
31 36 15 12 9 28 11 22 25 27 22 1 13 0 7 7 22 13 28 11 6 27 19 20 28 28 32 1 24 10 8 28 26 15 18 10 11 4 19 26 22 
24 29 8 19 16 21 18 15 26 26 17 7 14 7 0 2 23 20 27 15 14 21 18 13 27 21 26 9 19 15 12 28 21 19 21 6 19 8 11 28 25 
24 29 7 18 16 21 17 15 24 28 19 8 16 7 2 0 26 20 29 13 14 23 20 14 25 22 28 9 20 16 13 30 19 21 20 4 19 7 12 26 23 
35 45 30 32 28 39 32 33 48 7 17 21 9 22 23 26 0 29 8 34 22 23 6 25 50 31 26 23 21 14 14 6 45 10 40 30 24 27 28 49 45 
44 49 27 4 3 41 6 35 24 35 34 13 22 13 20 20 29 0 37 12 8 39 28 33 30 42 45 11 37 15 16 35 34 19 15 21 5 12 32 25 20 
31 42 31 39 35 38 39 32 53 1 14 27 14 28 27 29 8 37 0 39 29 18 9 23 55 28 19 28 17 21 21 5 47 18 46 33 32 32 28 54 51 
38 40 19 8 9 31 6 27 14 38 32 12 25 11 15 13 34 12 39 0 13 36 30 28 18 36 42 11 34 20 19 40 22 25 6 12 15 7 25 15 11 
38 43 22 10 6 35 10 29 27 27 26 6 14 6 14 14 22 8 29 13 0 32 20 26 32 35 37 5 29 8 8 28 32 12 19 17 4 9 26 29 24 
13 24 20 40 36 21 39 17 46 18 6 26 20 27 21 23 23 39 18 36 32 0 17 9 46 9 5 28 2 27 24 23 35 28 43 25 36 29 14 48 46 
29 39 24 30 26 33 30 27 44 7 11 17 5 19 18 20 6 28 9 30 20 17 0 19 46 25 21 19 15 12 12 10 40 11 37 24 23 23 22 45 41 
11 19 10 33 30 14 31 8 37 23 9 20 18 20 13 14 25 33 23 28 26 9 19 0 37 8 14 22 8 24 21 27 25 26 34 16 31 22 5 39 37 
42 39 26 25 28 32 23 31 6 53 44 29 41 28 27 25 50 30 55 18 32 46 46 37 0 41 51 28 44 38 36 56 15 43 14 22 34 24 32 7 11 
3 14 16 41 38 12 39 10 43 27 14 28 26 28 21 22 31 42 28 36 35 9 25 8 41 0 11 30 10 32 29 32 28 34 41 23 40 30 10 45 43 
14 25 25 45 41 24 44 21 51 20 11 31 24 32 26 28 26 45 19 42 37 5 21 14 51 11 0 33 7 31 29 24 39 32 48 30 41 35 18 53 51 
33 38 16 11 8 30 10 24 25 27 23 2 14 1 9 9 23 11 28 11 5 28 19 22 28 30 33 0 25 10 8 28 27 15 17 11 10 4 21 26 22 
14 25 18 37 33 21 36 16 44 16 3 23 17 24 19 20 21 37 17 34 29 2 15 8 44 10 7 25 0 24 22 21 34 25 40 23 33 27 13 46 44 
35 43 23 18 14 35 18 29 35 19 20 9 7 10 15 16 14 15 21 20 8 27 12 24 38 32 31 10 24 0 2 20 36 5 27 20 10 14 25 36 31 
32 40 20 18 14 32 18 26 33 19 18 7 6 8 12 13 14 16 21 19 8 24 12 21 36 29 29 8 22 2 0 20 33 7 26 17 12 12 22 35 30 
36 46 33 38 34 42 38 36 53 4 18 27 14 28 28 30 6 35 5 40 28 23 10 27 56 32 24 28 21 20 20 0 49 16 46 34 30 32 31 55 51 
28 24 16 30 30 17 28 18 19 46 34 27 36 26 21 19 45 34 47 22 32 35 40 25 15 28 39 27 34 36 33 49 0 41 22 16 36 23 20 20 22 
38 46 27 22 18 39 23 32 40 17 21 14 8 15 19 21 10 19 18 25 12 28 11 26 43 34 32 15 25 5 7 16 41 0 32 25 14 19 28 41 36 
43 43 24 11 14 35 9 31 8 45 39 19 32 18 21 20 40 15 46 6 19 43 37 34 14 41 48 17 40 27 26 46 22 32 0 17 20 14 31 9 4 
25 28 6 19 17 19 17 14 21 32 22 11 20 10 6 4 30 21 33 12 17 25 24 16 22 23 30 11 23 20 17 34 16 25 17 0 21 8 13 23 20 
43 48 27 9 5 40 10 34 29 30 30 11 18 11 19 19 24 5 32 15 4 36 23 31 34 40 41 10 33 10 12 30 36 14 20 21 0 13 31 30 25 
32 36 15 10 8 28 9 22 20 31 25 5 18 4 8 7 27 12 32 7 9 29 23 22 24 30 35 4 27 14 12 32 23 19 14 8 13 0 20 22 18 
12 18 6 31 28 11 29 4 33 27 14 19 21 19 11 12 28 32 28 25 26 14 22 5 32 10 18 21 13 25 22 31 20 28 31 13 31 20 0 35 33 
46 44 28 21 24 36 19 34 1 53 45 28 40 26 28 26 49 25 54 15 29 48 45 39 7 45 53 26 46 36 35 55 20 41 9 23 30 22 35 0 5 
45 44 26 15 19 36 14 33 4 49 42 24 36 22 25 23 45 20 51 11 24 46 41 37 11 43 51 22 44 31 30 51 22 36 4 20 25 18 33 5 0 
0 269
19 126
58 165
160 267
12 119
18 125
118 225
30 137
102 209
30 137
3 110
83 190
97 204
128 235
56 163
66 173
114 221
72 179
130 237
91 198
154 261
83 190
92 199
125 232
71 178
81 188
128 235
0 107
129 236
148 255
135 242
117 224
18 125
96 203
105 212
128 235
82 189
121 228
97 204
9 116
48 155
