41
0 23 9 37 25 27 40 35 31 30 14 11 21 14 44 11 17 26 9 38 43 36 31 6 40 28 34 37 30 32 41 32 20 34 53 36 13 28 35 13 11 
23 0 27 13 3 29 17 16 8 18 22 32 11 10 22 25 21 32 24 26 22 22 11 23 18 23 19 17 16 12 26 9 10 35 31 37 16 29 13 18 25 
9 27 0 40 30 37 43 41 35 38 7 5 21 21 49 21 26 36 2 46 49 34 32 4 46 37 41 37 38 38 48 34 20 43 58 46 22 37 40 10 3 
37 13 40 0 12 37 3 14 5 21 35 46 21 23 11 38 32 41 38 26 12 23 12 36 9 29 20 14 19 10 23 7 21 42 20 43 28 36 6 31 39 
25 3 30 12 0 27 15 13 6 15 26 35 15 11 19 26 21 30 27 22 18 25 13 25 15 20 16 19 13 8 22 10 14 33 28 35 16 27 9 22 29 
27 29 37 37 27 0 41 25 33 16 39 39 38 21 37 16 10 4 37 19 34 51 41 33 33 8 19 47 19 27 23 38 36 6 42 9 17 0 31 37 38 
40 17 43 3 15 41 0 17 9 25 38 49 24 27 11 42 36 44 41 28 13 23 13 40 10 32 23 14 22 14 26 9 24 45 19 46 32 40 10 34 42 
35 16 41 14 13 25 17 0 13 8 39 46 28 20 12 31 24 29 39 11 9 36 24 37 8 16 6 28 6 5 9 19 27 28 18 30 22 24 7 35 41 
31 8 35 5 6 33 9 13 0 19 30 41 17 18 14 33 27 36 33 24 15 22 10 31 11 25 18 15 16 8 23 5 17 38 24 40 23 32 6 26 34 
30 18 38 21 15 16 25 8 19 0 37 42 30 17 21 24 16 20 36 8 17 40 28 33 17 7 4 33 2 11 10 24 28 20 26 21 17 15 15 33 38 
14 22 7 35 26 39 38 39 30 37 0 13 14 20 45 25 28 39 5 45 45 26 25 7 41 38 40 30 36 34 47 28 14 46 54 48 22 39 36 4 4 
11 32 5 46 35 39 49 46 41 42 13 0 27 25 55 22 29 37 8 50 53 40 38 9 51 40 45 42 42 43 52 40 26 45 63 47 25 39 45 16 8 
21 11 21 21 15 38 24 28 17 30 14 27 0 16 32 29 28 40 18 37 32 15 11 18 29 33 31 15 28 23 38 14 2 44 41 47 22 38 23 10 18 
14 10 21 23 11 21 27 20 18 17 20 25 16 0 30 14 12 23 19 25 28 31 22 16 26 18 20 28 17 17 27 20 14 28 38 30 5 21 20 16 21 
44 22 49 11 19 37 11 12 14 21 45 55 32 30 0 43 36 41 47 21 3 34 23 45 4 28 17 25 18 12 17 18 31 40 9 41 33 36 9 41 48 
11 25 21 38 26 16 42 31 33 24 25 22 29 14 43 0 8 15 21 31 40 44 36 18 38 20 28 42 25 30 34 35 27 22 50 25 9 17 34 24 23 
17 21 26 32 21 10 36 24 27 16 28 29 28 12 36 8 0 11 26 23 33 43 33 22 31 11 20 39 18 23 26 31 26 17 42 19 6 10 27 26 28 
26 32 36 41 30 4 44 29 36 20 39 37 40 23 41 15 11 0 36 23 38 54 44 33 38 13 24 49 23 30 28 41 37 7 46 10 18 5 35 37 38 
9 24 2 38 27 37 41 39 33 36 5 8 18 19 47 21 26 36 0 45 46 31 29 3 43 36 40 34 36 36 47 32 17 43 56 46 21 37 37 7 1 
38 26 46 26 22 19 28 11 24 8 45 50 37 25 21 31 23 23 45 0 17 47 35 42 18 11 6 39 9 16 4 30 36 20 23 20 25 18 19 42 46 
43 22 49 12 18 34 13 9 15 17 45 53 32 28 3 40 33 38 46 17 0 36 25 44 3 25 14 27 15 10 13 19 32 37 9 38 31 33 9 40 47 
36 22 34 23 25 51 23 36 22 40 26 40 15 31 34 44 43 54 31 47 36 0 11 32 33 45 40 9 38 31 46 17 17 57 43 60 36 51 29 23 31 
31 11 32 12 13 41 13 24 10 28 25 38 11 22 23 36 33 44 29 35 25 11 0 29 21 34 28 6 26 19 34 5 12 47 32 49 27 40 17 22 30 
6 23 4 36 25 33 40 37 31 33 7 9 18 16 45 18 22 33 3 42 44 32 29 0 41 33 37 34 33 33 44 31 17 40 54 42 17 33 35 8 5 
40 18 46 9 15 33 10 8 11 17 41 51 29 26 4 38 31 38 43 18 3 33 21 41 0 25 14 24 14 8 15 16 28 37 12 38 29 33 5 37 44 
28 23 37 29 20 8 32 16 25 7 38 40 33 18 28 20 11 13 36 11 25 45 34 33 25 0 11 40 10 18 15 30 31 12 33 14 15 7 22 35 38 
34 19 41 20 16 19 23 6 18 4 40 45 31 20 17 28 20 24 40 6 14 40 28 37 14 11 0 33 3 10 7 24 30 22 22 23 20 19 13 36 41 
37 17 37 14 19 47 14 28 15 33 30 42 15 28 25 42 39 49 34 39 27 9 6 34 24 40 33 0 31 23 38 9 17 52 33 54 33 46 20 26 34 
30 16 38 19 13 19 22 6 16 2 36 42 28 17 18 25 18 23 36 9 15 38 26 33 14 10 3 31 0 8 10 22 26 22 24 24 17 18 12 33 38 
32 12 38 10 8 27 14 5 8 11 34 43 23 17 12 30 23 30 36 16 10 31 19 33 8 18 10 23 8 0 14 14 22 31 20 32 21 26 4 30 37 
41 26 48 23 22 23 26 9 23 10 47 52 38 27 17 34 26 28 47 4 13 46 34 44 15 15 7 38 10 14 0 28 36 24 19 25 27 22 17 43 48 
32 9 34 7 10 38 9 19 5 24 28 40 14 20 18 35 31 41 32 30 19 17 5 31 16 30 24 9 22 14 28 0 14 43 27 45 26 37 11 24 32 
20 10 20 21 14 36 24 27 17 28 14 26 2 14 31 27 26 37 17 36 32 17 12 17 28 31 30 17 26 22 36 14 0 42 41 44 19 36 22 10 18 
34 35 43 42 33 6 45 28 38 20 46 45 44 28 40 22 17 7 43 20 37 57 47 40 37 12 22 52 22 31 24 43 42 0 44 2 23 6 35 44 45 
53 31 58 20 28 42 19 18 24 26 54 63 41 38 9 50 42 46 56 23 9 43 32 54 12 33 22 33 24 20 19 27 41 44 0 44 41 41 18 50 57 
36 37 46 43 35 9 46 30 40 21 48 47 47 30 41 25 19 10 46 20 38 60 49 42 38 14 23 54 24 32 25 45 44 2 44 0 26 9 36 46 47 
13 16 22 28 16 17 32 22 23 17 22 25 22 5 33 9 6 18 21 25 31 36 27 17 29 15 20 33 17 21 27 26 19 23 41 26 0 17 24 20 22 
28 29 37 36 27 0 40 24 32 15 39 39 38 21 36 17 10 5 37 18 33 51 40 33 33 7 19 46 18 26 22 37 36 6 41 9 17 0 30 37 39 
35 13 40 6 9 31 10 7 6 15 36 45 23 20 9 34 27 35 37 19 9 29 17 35 5 22 13 20 12 4 17 11 22 35 18 36 24 30 0 31 38 
13 18 10 31 22 37 34 35 26 33 4 16 10 16 41 24 26 37 7 42 40 23 22 8 37 35 36 26 33 30 43 24 10 44 50 46 20 37 31 0 8 
11 25 3 39 29 38 42 41 34 38 4 8 18 21 48 23 28 38 1 46 47 31 30 5 44 38 41 34 38 37 48 32 18 45 57 47 22 39 38 8 0 
0 269
85 111
182 208
241 267
7 33
62 88
218 244
65 91
58 84
167 193
239 265
214 240
80 106
224 250
173 199
235 261
151 177
108 134
151 177
79 105
116 142
90 116
21 47
223 249
195 221
86 112
107 133
98 124
125 151
49 75
108 134
227 253
20 46
179 205
104 130
22 48
178 204
130 156
45 71
211 237
175 201
