41
0 8 25 4 10 29 30 31 25 27 44 7 19 20 23 27 10 51 44 44 21 16 9 47 19 28 19 43 45 38 51 23 11 40 17 47 30 42 1 25 9 
8 0 21 11 17 34 32 38 19 34 47 15 16 28 17 36 14 54 45 45 20 11 18 51 13 22 10 41 42 41 54 28 17 44 18 48 38 37 9 28 11 
25 21 0 23 23 27 18 37 10 31 32 26 5 34 8 41 18 39 26 27 5 10 28 37 10 10 18 20 20 27 38 21 22 32 13 30 43 17 23 19 15 
4 11 23 0 6 25 26 26 26 23 40 4 18 16 22 24 6 47 40 40 19 15 6 43 19 28 21 40 42 34 47 19 7 36 13 43 26 41 2 21 7 
10 17 23 6 0 18 22 20 28 17 34 5 19 11 24 19 4 41 36 36 18 18 5 37 22 30 25 37 41 28 41 13 1 30 11 38 22 41 9 16 9 
29 34 27 25 18 0 11 12 37 6 17 24 26 18 33 21 19 22 22 21 22 29 23 19 33 37 39 29 35 12 23 6 17 11 17 23 22 40 27 8 23 
30 32 18 26 22 11 0 23 29 18 14 27 20 27 26 32 20 22 14 13 15 24 27 19 27 28 34 18 23 8 21 10 20 13 14 16 33 29 29 6 22 
31 38 37 26 20 12 23 0 45 5 26 24 35 12 42 11 24 30 34 32 31 36 22 26 41 46 45 41 47 23 31 15 20 20 25 34 11 52 29 19 29 
25 19 10 26 28 37 29 45 0 40 43 30 10 40 3 48 23 50 37 38 14 10 32 48 6 3 10 29 27 38 49 31 27 43 20 41 50 19 25 29 19 
27 34 31 23 17 6 18 5 40 0 23 21 29 12 36 15 19 27 29 28 26 31 20 23 35 41 41 36 41 18 28 9 16 17 19 30 16 46 26 13 24 
44 47 32 40 34 17 14 26 43 23 0 40 34 35 40 37 33 7 10 8 29 38 39 5 41 42 49 22 29 5 7 20 33 6 28 8 38 38 42 18 36 
7 15 26 4 5 24 27 24 30 21 40 0 21 13 26 20 8 46 41 41 22 19 2 43 23 32 25 42 45 34 46 19 7 35 15 44 23 44 6 21 11 
19 16 5 18 19 26 20 35 10 29 34 21 0 30 6 38 14 42 30 31 5 4 23 39 7 11 14 25 26 29 41 20 17 33 9 34 40 22 18 18 10 
20 28 34 16 11 18 27 12 40 12 35 13 30 0 36 7 16 40 40 39 28 30 10 36 34 41 37 45 49 30 41 17 12 30 21 41 10 51 19 21 21 
23 17 8 22 24 33 26 42 3 36 40 26 6 36 0 44 19 47 35 35 11 7 28 45 3 5 10 27 26 34 46 27 23 39 16 38 46 20 22 25 15 
27 36 41 24 19 21 32 11 48 15 37 20 38 7 44 0 24 42 44 43 36 37 17 38 42 49 45 50 55 33 43 22 20 32 28 45 2 58 26 26 29 
10 14 18 6 4 19 20 24 23 19 33 8 14 16 19 24 0 40 34 34 13 13 9 37 17 25 21 34 36 27 40 13 3 30 7 36 26 36 8 15 5 
51 54 39 47 41 22 22 30 50 27 7 46 42 40 47 42 40 0 15 13 37 46 45 4 49 49 56 28 34 13 2 27 40 10 36 12 42 45 49 25 43 
44 45 26 40 36 22 14 34 37 29 10 41 30 40 35 44 34 15 0 1 25 35 42 15 37 35 45 12 19 11 13 23 34 15 27 3 45 29 42 20 35 
44 45 27 40 36 21 13 32 38 28 8 41 31 39 35 43 34 13 1 0 26 35 41 14 38 36 45 14 21 9 12 23 34 13 27 2 44 31 42 19 35 
21 20 5 19 18 22 15 31 14 26 29 22 5 28 11 36 13 37 25 26 0 9 23 34 12 14 19 21 23 23 36 16 16 28 7 29 38 22 20 14 11 
16 11 10 15 18 29 24 36 10 31 38 19 4 30 7 37 13 46 35 35 9 0 21 43 4 12 10 30 30 33 45 22 17 37 11 38 40 26 15 21 8 
9 18 28 6 5 23 27 22 32 20 39 2 23 10 28 17 9 45 42 41 23 21 0 42 26 34 27 43 46 33 46 18 7 35 16 44 20 46 8 21 13 
47 51 37 43 37 19 19 26 48 23 5 43 39 36 45 38 37 4 15 14 34 43 42 0 46 47 54 28 35 10 5 24 36 7 32 13 38 44 46 22 40 
19 13 10 19 22 33 27 41 6 35 41 23 7 34 3 42 17 49 37 38 12 4 26 46 0 8 7 31 30 36 48 27 21 40 16 40 44 24 18 25 13 
28 22 10 28 30 37 28 46 3 41 42 32 11 41 5 49 25 49 35 36 14 12 34 47 8 0 14 26 24 37 48 31 29 42 21 39 51 16 27 29 20 
19 10 18 21 25 39 34 45 10 41 49 25 14 37 10 45 21 56 45 45 19 10 27 54 7 14 0 38 37 43 56 33 25 47 22 48 47 30 19 32 16 
43 41 20 40 37 29 18 41 29 36 22 42 25 45 27 50 34 28 12 14 21 30 43 28 31 26 38 0 7 20 26 28 36 26 26 15 52 17 41 24 33 
45 42 20 42 41 35 23 47 27 41 29 45 26 49 26 55 36 34 19 21 23 30 46 35 30 24 37 7 0 27 33 33 39 33 29 22 57 11 43 29 35 
38 41 27 34 28 12 8 23 38 18 5 34 29 30 34 33 27 13 11 9 23 33 33 10 36 37 43 20 27 0 13 15 27 5 22 11 34 35 36 12 30 
51 54 38 47 41 23 21 31 49 28 7 46 41 41 46 43 40 2 13 12 36 45 46 5 48 48 56 26 33 13 0 27 40 11 35 10 43 43 49 25 43 
23 28 21 19 13 6 10 15 31 9 20 19 20 17 27 22 13 27 23 23 16 22 18 24 27 31 33 28 33 15 27 0 12 16 11 25 24 36 22 3 17 
11 17 22 7 1 17 20 20 27 16 33 7 17 12 23 20 3 40 34 34 16 17 7 36 21 29 25 36 39 27 40 12 0 29 9 37 23 39 9 14 8 
40 44 32 36 30 11 13 20 43 17 6 35 33 30 39 32 30 10 15 13 28 37 35 7 40 42 47 26 33 5 11 16 29 0 26 14 32 41 38 15 33 
17 18 13 13 11 17 14 25 20 19 28 15 9 21 16 28 7 36 27 27 7 11 16 32 16 21 22 26 29 22 35 11 9 26 0 30 30 30 15 10 7 
47 48 30 43 38 23 16 34 41 30 8 44 34 41 38 45 36 12 3 2 29 38 44 13 40 39 48 15 22 11 10 25 37 14 30 0 45 33 45 22 38 
30 38 43 26 22 22 33 11 50 16 38 23 40 10 46 2 26 42 45 44 38 40 20 38 44 51 47 52 57 34 43 24 23 32 30 45 0 60 29 28 31 
42 37 17 41 41 40 29 52 19 46 38 44 22 51 20 58 36 45 29 31 22 26 46 44 24 16 30 17 11 35 43 36 39 41 30 33 60 0 41 33 33 
1 9 23 2 9 27 29 29 25 26 42 6 18 19 22 26 8 49 42 42 20 15 8 46 18 27 19 41 43 36 49 22 9 38 15 45 29 41 0 23 8 
25 28 19 21 16 8 6 19 29 13 18 21 18 21 25 26 15 25 20 19 14 21 21 22 25 29 32 24 29 12 25 3 14 15 10 22 28 33 23 0 17 
9 11 15 7 9 23 22 29 19 24 36 11 10 21 15 29 5 43 35 35 11 8 13 40 13 20 16 33 35 30 43 17 8 33 7 38 31 33 8 17 0 
0 685
86 223
293 430
149 286
241 378
44 181
65 202
340 477
7 144
56 193
29 166
516 653
502 639
370 507
430 567
199 336
364 501
308 445
125 262
31 168
104 241
468 605
449 586
539 676
207 344
212 349
504 641
293 430
130 267
62 199
319 456
256 393
312 449
94 231
210 347
246 383
145 282
487 624
317 454
458 595
396 533
