41
0 34 40 11 11 26 10 13 6 18 23 15 10 29 12 18 37 19 9 17 23 35 8 38 32 30 4 40 34 33 15 42 8 12 8 15 20 16 19 15 7 
34 0 16 31 28 37 33 25 28 46 36 49 41 19 22 38 17 32 28 26 15 1 38 8 20 5 32 12 2 1 45 18 27 43 37 48 53 45 52 20 39 
40 16 0 42 30 31 35 36 34 56 49 54 50 35 28 50 4 45 38 38 29 15 41 8 37 14 40 4 14 15 46 1 32 52 39 56 61 54 60 26 47 
11 31 42 0 18 35 21 6 12 14 11 24 11 20 14 8 40 7 4 7 17 32 20 37 23 29 7 40 32 31 26 44 14 11 20 18 22 13 21 17 9 
11 28 30 18 0 17 5 16 6 29 30 23 21 29 8 27 26 25 15 21 20 28 11 29 32 23 13 30 27 26 17 32 4 23 9 26 31 27 30 7 18 
26 37 31 35 17 0 15 33 23 43 47 31 36 44 24 44 26 42 32 38 36 36 19 34 48 32 29 33 35 35 20 32 21 38 18 38 43 42 42 21 33 
10 33 35 21 5 15 0 20 9 28 32 19 21 34 13 28 31 28 17 25 26 33 6 34 37 28 14 35 32 32 11 37 8 22 4 23 28 26 27 13 18 
13 25 36 6 16 33 20 0 10 21 15 28 17 15 9 14 33 9 4 5 10 25 21 30 18 22 9 34 25 24 28 38 12 18 21 24 29 19 28 12 15 
6 28 34 12 6 23 9 10 0 22 24 21 16 25 6 20 31 19 8 15 18 28 11 31 28 24 7 33 28 27 18 36 2 17 10 21 27 21 25 8 13 
18 46 56 14 29 43 28 21 22 0 16 19 7 32 27 10 53 16 17 21 31 46 24 51 35 43 15 54 46 45 27 58 25 5 25 9 11 1 10 30 10 
23 36 49 11 30 47 32 15 24 16 0 33 18 18 24 6 48 5 15 11 21 37 32 43 20 35 18 47 37 36 37 51 26 18 32 24 27 16 26 28 19 
15 49 54 24 23 31 19 28 21 19 33 0 14 43 27 27 50 30 24 31 38 50 12 52 46 45 18 54 49 48 10 56 22 15 14 10 13 18 12 29 14 
10 41 50 11 21 36 21 17 16 7 18 14 0 31 21 12 47 16 13 18 27 42 17 46 34 38 9 49 42 41 21 52 18 1 18 7 12 5 10 24 3 
29 19 35 20 29 44 34 15 25 32 18 43 31 0 21 22 35 16 19 12 8 20 36 27 3 20 25 32 21 19 43 37 25 31 36 38 42 32 41 22 29 
12 22 28 14 8 24 13 9 6 27 24 27 21 21 0 23 25 19 10 14 12 22 17 25 24 18 12 27 21 20 23 30 5 23 16 27 33 26 31 3 18 
18 38 50 8 27 44 28 14 20 10 6 27 12 22 23 0 48 6 12 12 23 39 27 44 25 36 14 48 39 37 32 52 23 11 27 18 21 10 20 26 13 
37 17 4 40 26 26 31 33 31 53 48 50 47 35 25 48 0 43 36 37 28 16 37 10 37 14 37 7 15 16 42 6 28 48 35 52 58 52 56 22 44 
19 32 45 7 25 42 28 9 19 16 5 30 16 16 19 6 43 0 10 6 16 32 27 38 18 30 14 42 33 31 34 46 21 16 28 23 27 16 26 22 16 
9 28 38 4 15 32 17 4 8 17 15 24 13 19 10 12 36 10 0 7 14 29 18 33 22 26 5 37 29 28 24 40 10 14 18 20 25 16 24 13 11 
17 26 38 7 21 38 25 5 15 21 11 31 18 12 14 12 37 6 7 0 10 26 26 32 15 24 13 36 27 25 32 40 17 19 25 26 30 20 29 17 17 
23 15 29 17 20 36 26 10 18 31 21 38 27 8 12 23 28 16 14 10 0 16 29 22 12 14 19 26 16 14 36 30 17 28 28 34 40 30 38 14 25 
35 1 15 32 28 36 33 25 28 46 37 50 42 20 22 39 16 32 29 26 16 0 38 7 21 4 33 11 1 1 45 16 27 43 37 49 54 45 53 21 39 
8 38 41 20 11 19 6 21 11 24 32 12 17 36 17 27 37 27 18 26 29 38 0 40 40 34 13 41 37 37 6 43 11 18 1 18 23 23 22 17 14 
38 8 8 37 29 34 34 30 31 51 43 52 46 27 25 44 10 38 33 32 22 7 40 0 29 7 37 4 5 7 46 9 29 47 38 52 58 50 56 23 43 
32 20 37 23 32 48 37 18 28 35 20 46 34 3 24 25 37 18 22 15 12 21 40 29 0 22 28 33 23 21 47 38 29 34 39 41 45 34 44 26 32 
30 5 14 29 23 32 28 22 24 43 35 45 38 20 18 36 14 30 26 24 14 4 34 7 22 0 29 11 3 3 40 16 22 40 33 45 50 42 49 16 36 
4 32 40 7 13 29 14 9 7 15 18 18 9 25 12 14 37 14 5 13 19 33 13 37 28 29 0 39 33 31 19 42 9 11 13 15 21 14 19 14 6 
40 12 4 40 30 33 35 34 33 54 47 54 49 32 27 48 7 42 37 36 26 11 41 4 33 11 39 0 10 12 47 5 31 50 40 55 60 53 59 25 46 
34 2 14 32 27 35 32 25 28 46 37 49 42 21 21 39 15 33 29 27 16 1 37 5 23 3 33 10 0 1 44 15 26 43 36 48 54 45 52 20 39 
33 1 15 31 26 35 32 24 27 45 36 48 41 19 20 37 16 31 28 25 14 1 37 7 21 3 31 12 1 0 43 17 25 42 36 47 53 44 51 19 38 
15 45 46 26 17 20 11 28 18 27 37 10 21 43 23 32 42 34 24 32 36 45 6 46 47 40 19 47 44 43 0 48 18 22 7 20 23 26 22 24 19 
42 18 1 44 32 32 37 38 36 58 51 56 52 37 30 52 6 46 40 40 30 16 43 9 38 16 42 5 15 17 48 0 34 53 41 58 63 56 62 28 49 
8 27 32 14 4 21 8 12 2 25 26 22 18 25 5 23 28 21 10 17 17 27 11 29 29 22 9 31 26 25 18 34 0 20 10 23 29 24 28 6 15 
12 43 52 11 23 38 22 18 17 5 18 15 1 31 23 11 48 16 14 19 28 43 18 47 34 40 11 50 43 42 22 53 20 0 19 6 11 4 10 26 4 
8 37 39 20 9 18 4 21 10 25 32 14 18 36 16 27 35 28 18 25 28 37 1 38 39 33 13 40 36 36 7 41 10 19 0 19 24 24 23 16 15 
15 48 56 18 26 38 23 24 21 9 24 10 7 38 27 18 52 23 20 26 34 49 18 52 41 45 15 55 48 47 20 58 23 6 19 0 5 8 4 30 9 
20 53 61 22 31 43 28 29 27 11 27 13 12 42 33 21 58 27 25 30 40 54 23 58 45 50 21 60 54 53 23 63 29 11 24 5 0 11 1 35 14 
16 45 54 13 27 42 26 19 21 1 16 18 5 32 26 10 52 16 16 20 30 45 23 50 34 42 14 53 45 44 26 56 24 4 24 8 11 0 10 29 8 
19 52 60 21 30 42 27 28 25 10 26 12 10 41 31 20 56 26 24 29 38 53 22 56 44 49 19 59 52 51 22 62 28 10 23 4 1 10 0 34 13 
15 20 26 17 7 21 13 12 8 30 28 29 24 22 3 26 22 22 13 17 14 21 17 23 26 16 14 25 20 19 24 28 6 26 16 30 35 29 34 0 21 
7 39 47 9 18 33 18 15 13 10 19 14 3 29 18 13 44 16 11 17 25 39 14 43 32 36 6 46 39 38 19 49 15 4 15 9 14 8 13 21 0 
0 636
229 356
442 569
12 139
261 388
298 425
93 220
401 528
399 526
288 415
410 537
503 630
319 446
10 137
448 575
212 339
172 299
135 262
264 391
352 479
57 184
251 378
271 398
353 480
358 485
210 337
23 150
289 416
91 218
150 277
409 536
174 301
218 345
132 259
453 580
406 533
486 613
101 228
181 308
431 558
417 544
