41
0 32 14 14 16 28 32 16 44 25 8 21 12 3 41 38 15 21 34 28 27 26 31 9 20 24 23 38 6 25 41 7 14 28 25 26 34 6 24 24 30 
32 0 17 39 17 29 7 42 23 8 25 44 20 29 37 46 29 19 39 25 11 43 11 36 13 21 29 31 37 17 34 24 40 31 33 45 6 27 39 10 4 
14 17 0 24 6 24 18 27 33 10 8 30 4 11 37 39 16 12 33 22 13 31 18 20 6 17 21 32 20 14 35 7 25 26 25 32 20 10 28 11 15 
14 39 24 0 21 22 41 3 44 34 16 7 20 17 34 26 11 34 23 25 37 12 34 5 30 23 17 33 10 37 36 19 1 21 16 12 39 13 12 29 39 
16 17 6 21 0 18 20 25 28 13 8 27 4 14 31 34 12 17 27 16 17 27 14 19 10 11 15 26 21 19 29 10 22 20 19 28 18 10 23 8 17 
28 29 24 22 18 0 34 25 23 29 21 23 20 27 13 17 12 35 10 4 34 17 18 24 28 8 4 11 29 37 14 25 23 2 6 20 25 21 14 19 31 
32 7 18 41 20 34 0 44 30 7 26 47 21 28 44 51 32 14 45 31 6 47 18 38 11 26 33 38 38 11 40 24 42 37 38 49 13 28 43 15 3 
16 42 27 3 25 25 44 0 47 37 18 6 23 19 36 28 14 36 25 28 40 13 37 7 33 27 20 36 11 40 38 21 2 24 19 12 42 16 14 32 42 
44 23 33 44 28 23 30 47 0 29 36 46 33 42 22 35 32 40 30 19 34 41 14 44 32 20 26 16 48 39 16 39 45 25 30 43 17 38 37 22 28 
25 8 10 34 13 29 7 37 29 0 18 40 14 21 40 46 25 11 39 26 4 40 15 31 5 21 27 34 31 9 37 17 35 31 32 42 13 21 37 10 5 
8 25 8 16 8 21 26 18 36 18 0 22 4 6 35 35 11 18 29 22 21 25 23 12 14 17 17 32 12 21 35 4 17 23 20 25 26 2 22 16 23 
21 44 30 7 27 23 47 6 46 40 22 0 26 24 33 23 15 41 21 27 44 8 38 12 37 27 19 33 17 44 35 26 6 22 16 6 43 20 10 34 45 
12 20 4 20 4 20 21 23 33 14 4 26 0 9 34 36 12 16 29 20 17 27 19 16 10 15 17 30 17 18 33 5 21 22 21 28 21 6 24 12 19 
3 29 11 17 14 27 28 19 42 21 6 24 9 0 41 39 16 17 34 28 23 28 28 11 16 23 23 38 9 22 41 4 17 28 25 28 31 5 25 21 27 
41 37 37 34 31 13 44 36 22 40 35 33 34 41 0 15 26 48 12 14 45 25 26 36 40 19 18 5 42 49 5 39 35 12 17 27 32 35 22 29 41 
38 46 39 26 34 17 51 28 35 46 35 23 36 39 15 0 24 51 6 20 51 14 35 31 44 25 18 19 37 53 19 39 27 14 14 16 42 34 14 36 48 
15 29 16 11 12 12 32 14 32 25 11 15 12 16 26 24 0 28 18 14 29 14 22 11 22 12 7 23 16 31 26 15 12 13 9 16 28 10 11 18 30 
21 19 12 34 17 35 14 36 40 11 18 41 16 17 48 51 28 0 45 34 8 43 26 29 8 28 33 43 27 4 46 15 35 38 37 44 24 20 40 19 14 
34 39 33 23 27 10 45 25 30 39 29 21 29 34 12 6 18 45 0 14 44 13 28 27 38 18 12 14 33 47 15 33 24 8 9 15 35 29 11 29 42 
28 25 22 25 16 4 31 28 19 26 22 27 20 28 14 20 14 34 14 0 31 21 14 26 26 5 7 10 30 35 13 25 26 6 10 24 21 22 18 16 28 
27 11 13 37 17 34 6 40 34 4 21 44 17 23 45 51 29 8 44 31 0 44 20 33 7 26 32 39 33 5 42 19 38 36 36 46 16 24 41 15 6 
26 43 31 12 27 17 47 13 41 40 25 8 27 28 25 14 14 43 13 21 44 0 34 17 37 23 15 26 23 46 28 28 12 15 11 2 41 23 4 32 44 
31 11 18 34 14 18 18 37 14 15 23 38 19 28 26 35 22 26 28 14 20 34 0 32 18 11 19 20 35 25 22 24 35 21 24 36 7 25 30 7 15 
9 36 20 5 19 24 38 7 44 31 12 12 16 11 36 31 11 29 27 26 33 17 32 0 26 23 19 35 5 33 38 14 5 24 19 17 37 9 16 27 35 
20 13 6 30 10 28 11 33 32 5 14 37 10 16 40 44 22 8 38 26 7 37 18 26 0 20 26 35 26 9 38 12 31 30 30 39 17 16 34 11 10 
24 21 17 23 11 8 26 27 20 21 17 27 15 23 19 25 12 28 18 5 26 23 11 23 20 0 8 15 27 29 18 20 24 10 12 25 17 18 19 11 23 
23 29 21 17 15 4 33 20 26 27 17 19 17 23 18 18 7 33 12 7 32 15 19 19 26 8 0 16 24 35 19 21 18 5 4 17 26 17 11 18 30 
38 31 32 33 26 11 38 36 16 34 32 33 30 38 5 19 23 43 14 10 39 26 20 35 35 15 16 0 40 44 3 35 34 11 16 29 26 32 23 24 35 
6 37 20 10 21 29 38 11 48 31 12 17 17 9 42 37 16 27 33 30 33 23 35 5 26 27 24 40 0 31 43 13 10 29 24 22 39 10 22 29 36 
25 17 14 37 19 37 11 40 39 9 21 44 18 22 49 53 31 4 47 35 5 46 25 33 9 29 35 44 31 0 46 18 38 39 39 47 22 24 43 19 12 
41 34 35 36 29 14 40 38 16 37 35 35 33 41 5 19 26 46 15 13 42 28 22 38 38 18 19 3 43 46 0 38 36 14 19 31 28 35 25 27 38 
7 24 7 19 10 25 24 21 39 17 4 26 5 4 39 39 15 15 33 25 19 28 24 14 12 20 21 35 13 18 38 0 19 27 24 29 27 5 26 17 22 
14 40 25 1 22 23 42 2 45 35 17 6 21 17 35 27 12 35 24 26 38 12 35 5 31 24 18 34 10 38 36 19 0 22 17 12 40 14 12 30 40 
28 31 26 21 20 2 37 24 25 31 23 22 22 28 12 14 13 38 8 6 36 15 21 24 30 10 5 11 29 39 14 27 22 0 5 18 28 23 12 21 34 
25 33 25 16 19 6 38 19 30 32 20 16 21 25 17 14 9 37 9 10 36 11 24 19 30 12 4 16 24 39 19 24 17 5 0 13 30 19 7 23 35 
26 45 32 12 28 20 49 12 43 42 25 6 28 28 27 16 16 44 15 24 46 2 36 17 39 25 17 29 22 47 31 29 12 18 13 0 43 24 6 34 46 
34 6 20 39 18 25 13 42 17 13 26 43 21 31 32 42 28 24 35 21 16 41 7 37 17 17 26 26 39 22 28 27 40 28 30 43 0 28 37 10 11 
6 27 10 13 10 21 28 16 38 21 2 20 6 5 35 34 10 20 29 22 24 23 25 9 16 18 17 32 10 24 35 5 14 23 19 24 28 0 20 18 26 
24 39 28 12 23 14 43 14 37 37 22 10 24 25 22 14 11 40 11 18 41 4 30 16 34 19 11 23 22 43 25 26 12 12 7 6 37 20 0 28 40 
24 10 11 29 8 19 15 32 22 10 16 34 12 21 29 36 18 19 29 16 15 32 7 27 11 11 18 24 29 19 27 17 30 21 23 34 10 18 28 0 12 
30 4 15 39 17 31 3 42 28 5 23 45 19 27 41 48 30 14 42 28 6 44 15 35 10 23 30 35 36 12 38 22 40 34 35 46 11 26 40 12 0 
0 734
397 470
408 481
162 235
260 333
607 680
459 532
466 539
69 142
443 516
425 498
429 502
644 717
132 205
580 653
102 175
608 681
387 460
562 635
325 398
199 272
13 86
591 664
253 326
106 179
249 322
450 523
621 694
544 617
308 381
606 679
434 507
244 317
513 586
32 105
612 685
103 176
398 471
150 223
358 431
588 661
