41
0 42 34 28 33 18 17 13 17 27 40 15 18 22 34 21 16 44 21 40 22 12 30 9 42 25 41 19 34 6 16 1 8 25 17 20 36 36 28 13 46 
42 0 12 15 22 31 30 30 25 24 34 40 23 26 11 22 25 32 43 28 37 34 39 35 31 40 11 39 23 46 48 41 46 32 48 53 34 39 15 39 10 
34 12 0 15 9 19 27 24 18 24 39 37 16 25 15 19 19 39 41 34 25 24 40 29 37 39 7 27 27 39 44 33 39 32 43 49 38 42 13 28 12 
28 15 15 0 22 23 14 15 11 9 24 24 11 10 6 7 11 25 28 20 30 23 25 20 23 25 21 31 12 30 32 27 30 17 32 37 22 26 1 28 23 
33 22 9 22 0 15 31 26 20 31 47 39 18 30 24 24 21 48 45 43 17 21 46 31 46 44 12 21 35 39 45 32 40 38 46 50 45 49 21 23 18 
18 31 19 23 15 0 23 17 13 28 45 29 12 25 28 19 14 47 35 42 7 6 39 19 45 36 25 8 34 25 33 17 26 32 33 38 42 44 21 8 31 
17 30 27 14 31 23 0 5 10 9 24 10 12 5 20 8 9 27 14 22 30 19 16 8 25 13 33 29 16 17 18 17 17 9 17 22 20 21 15 24 37 
13 30 24 15 26 17 5 0 6 14 29 12 8 9 21 7 5 32 18 27 24 13 22 5 30 19 31 23 21 16 19 13 16 15 19 24 25 27 15 18 36 
17 25 18 11 20 13 10 6 0 15 31 19 2 12 18 6 0 34 24 29 21 12 27 11 31 24 25 21 21 21 25 16 21 19 25 30 28 31 11 17 30 
27 24 24 9 31 28 9 14 15 0 16 18 16 4 12 8 14 19 20 13 36 26 16 17 16 16 30 36 7 27 26 27 27 8 25 30 14 17 11 31 33 
40 34 39 24 47 45 24 29 31 16 0 27 33 19 24 25 31 5 25 5 53 43 13 31 4 18 44 52 11 38 34 41 37 15 32 36 4 8 26 48 44 
15 40 37 24 39 29 10 12 19 18 27 0 21 14 30 18 18 32 6 28 35 23 15 9 30 10 43 33 24 11 8 16 10 12 7 12 23 21 25 27 47 
18 23 16 11 18 12 12 8 2 16 33 21 0 13 17 7 3 35 26 30 19 12 29 13 32 26 23 20 22 23 28 17 23 21 28 33 30 32 10 17 28 
22 26 25 10 30 25 5 9 12 4 19 14 13 0 15 6 11 22 17 17 33 23 15 13 20 14 31 32 11 23 22 22 22 7 21 27 16 18 12 28 34 
34 11 15 6 24 28 20 21 18 12 24 30 17 15 0 13 18 23 32 19 35 29 28 26 22 29 19 36 12 37 38 34 36 21 37 42 23 28 6 34 20 
21 22 19 7 24 19 8 7 6 8 25 18 7 6 13 0 6 27 22 22 27 18 22 13 25 21 25 27 15 23 26 20 23 14 25 30 22 25 7 23 29 
16 25 19 11 21 14 9 5 0 14 31 18 3 11 18 6 0 33 23 28 21 12 26 10 31 23 26 21 21 20 24 16 20 18 24 29 28 30 11 17 30 
44 32 39 25 48 47 27 32 34 19 5 32 35 22 23 27 33 0 30 5 55 45 18 35 2 23 43 55 12 43 38 44 42 19 37 41 9 13 27 51 43 
21 43 41 28 45 35 14 18 24 20 25 6 26 17 32 22 23 30 0 26 41 29 11 15 28 6 48 39 24 16 9 22 15 12 7 11 20 18 29 33 51 
40 28 34 20 43 42 22 27 29 13 5 28 30 17 19 22 28 5 26 0 49 40 16 30 2 20 38 50 7 38 35 40 38 15 33 38 6 12 22 45 39 
22 37 25 30 17 7 30 24 21 36 53 35 19 33 35 27 21 55 41 49 0 11 47 25 52 43 29 4 42 29 38 21 30 39 39 43 49 51 29 9 35 
12 34 24 23 21 6 19 13 12 26 43 23 12 23 29 18 12 45 29 40 11 0 35 14 43 31 31 10 33 18 26 10 19 29 27 31 39 40 22 5 36 
30 39 40 25 46 39 16 22 27 16 13 15 29 15 28 22 26 18 11 16 47 35 0 22 17 5 46 46 17 27 20 31 26 8 19 22 9 6 27 40 49 
9 35 29 20 31 19 8 5 11 17 31 9 13 13 26 13 10 35 15 30 25 14 22 0 33 18 36 24 24 10 14 9 10 16 14 19 27 28 20 18 41 
42 31 37 23 46 45 25 30 31 16 4 30 32 20 22 25 31 2 28 2 52 43 17 33 0 22 41 53 10 41 37 42 40 17 35 39 7 12 25 48 41 
25 40 39 25 44 36 13 19 24 16 18 10 26 14 29 21 23 23 6 20 43 31 5 18 22 0 46 42 19 21 15 26 20 7 13 17 14 12 26 36 49 
41 11 7 21 12 25 33 31 25 30 44 43 23 31 19 25 26 43 48 38 29 31 46 36 41 46 0 33 32 46 51 40 46 38 50 56 43 47 19 34 5 
19 39 27 31 21 8 29 23 21 36 52 33 20 32 36 27 21 55 39 50 4 10 46 24 53 42 33 0 42 26 35 18 27 39 36 40 49 51 30 6 39 
34 23 27 12 35 34 16 21 21 7 11 24 22 11 12 15 21 12 24 7 42 33 17 24 10 19 32 42 0 34 32 34 33 12 30 35 10 15 14 38 33 
6 46 39 30 39 25 17 16 21 27 38 11 23 23 37 23 20 43 16 38 29 18 27 10 41 21 46 26 34 0 9 8 1 23 11 13 34 33 31 20 51 
16 48 44 32 45 33 18 19 25 26 34 8 28 22 38 26 24 38 9 35 38 26 20 14 37 15 51 35 32 9 0 17 8 20 1 5 29 27 33 29 55 
1 41 33 27 32 17 17 13 16 27 41 16 17 22 34 20 16 44 22 40 21 10 31 9 42 26 40 18 34 8 17 0 9 25 18 21 37 36 27 12 45 
8 46 39 30 40 26 17 16 21 27 37 10 23 22 36 23 20 42 15 38 30 19 26 10 40 20 46 27 33 1 8 9 0 23 9 12 33 32 31 21 51 
25 32 32 17 38 32 9 15 19 8 15 12 21 7 21 14 18 19 12 15 39 29 8 16 17 7 38 39 12 23 20 25 23 0 18 23 11 11 19 33 41 
17 48 43 32 46 33 17 19 25 25 32 7 28 21 37 25 24 37 7 33 39 27 19 14 35 13 50 36 30 11 1 18 9 18 0 5 28 25 32 30 55 
20 53 49 37 50 38 22 24 30 30 36 12 33 27 42 30 29 41 11 38 43 31 22 19 39 17 56 40 35 13 5 21 12 23 5 0 32 28 38 33 60 
36 34 38 22 45 42 20 25 28 14 4 23 30 16 23 22 28 9 20 6 49 39 9 27 7 14 43 49 10 34 29 37 33 11 28 32 0 5 24 44 44 
36 39 42 26 49 44 21 27 31 17 8 21 32 18 28 25 30 13 18 12 51 40 6 28 12 12 47 51 15 33 27 36 32 11 25 28 5 0 28 45 49 
28 15 13 1 21 21 15 15 11 11 26 25 10 12 6 7 11 27 29 22 29 22 27 20 25 26 19 30 14 31 33 27 31 19 32 38 24 28 0 27 22 
13 39 28 28 23 8 24 18 17 31 48 27 17 28 34 23 17 51 33 45 9 5 40 18 48 36 34 6 38 20 29 12 21 33 30 33 44 45 27 0 40 
46 10 12 23 18 31 37 36 30 33 44 47 28 34 20 29 30 43 51 39 35 36 49 41 41 49 5 39 33 51 55 45 51 41 55 60 44 49 22 40 0 
0 342
131 199
168 236
12 80
46 114
174 242
226 294
213 281
118 186
241 309
90 158
86 154
196 264
19 87
0 68
74 142
198 266
212 280
208 276
167 235
133 201
17 85
72 140
169 237
233 301
151 219
217 285
93 161
43 111
145 213
97 165
7 75
115 183
193 261
211 279
129 197
257 325
176 244
121 189
87 155
178 246
