41
0 16 19 30 11 31 29 25 22 25 15 16 26 10 32 13 31 10 9 21 4 1 17 8 16 26 14 20 23 24 19 11 16 26 22 15 13 18 30 15 22 
16 0 8 34 18 42 46 18 39 20 0 9 34 23 20 29 32 16 12 37 18 16 19 21 21 24 28 24 13 40 36 22 6 32 19 1 30 16 26 16 37 
19 8 0 28 16 40 48 10 41 13 8 4 30 23 13 31 25 23 11 41 22 20 27 21 29 16 28 19 20 41 39 21 3 28 27 6 32 24 18 12 38 
30 34 28 0 19 20 45 21 39 16 34 24 8 23 29 33 4 41 23 42 35 32 47 23 47 12 23 10 47 33 39 20 28 6 50 32 32 46 15 17 29 
11 18 16 19 0 23 34 18 26 15 18 12 16 7 26 18 19 21 6 28 16 13 28 5 28 15 12 9 30 25 25 4 14 15 32 17 17 28 20 6 21 
31 42 40 20 23 0 30 36 25 32 42 35 12 20 46 24 24 41 30 30 33 31 48 22 46 29 16 22 53 18 27 20 38 15 53 41 23 49 34 27 14 
29 46 48 45 34 30 0 52 7 49 45 45 37 26 60 16 48 34 37 9 28 29 37 28 34 48 23 40 49 11 9 29 45 39 43 45 16 41 53 40 16 
25 18 10 21 18 36 52 0 44 4 18 9 25 25 9 35 17 32 16 45 29 27 37 23 38 8 29 14 31 43 43 22 12 22 38 16 35 34 8 11 38 
22 39 41 39 26 25 7 44 0 42 38 38 31 19 53 9 42 28 30 5 21 22 32 21 29 41 16 33 43 7 4 22 38 33 38 38 9 36 46 33 11 
25 20 13 16 15 32 49 4 42 0 20 11 21 23 13 33 12 32 15 44 29 26 38 21 39 3 26 10 34 40 41 20 14 18 40 19 33 36 5 10 35 
15 0 8 34 18 42 45 18 38 20 0 9 34 22 21 28 32 15 11 36 17 16 19 20 21 24 28 23 13 40 35 22 6 32 19 1 29 16 26 16 37 
16 9 4 24 12 35 45 9 38 11 9 0 26 19 15 28 22 22 8 38 20 18 27 17 28 14 24 15 23 37 35 17 3 24 28 7 28 24 16 8 34 
26 34 30 8 16 12 37 25 31 21 34 26 0 17 34 26 12 37 22 35 30 28 44 18 43 17 16 11 46 25 31 15 29 2 48 32 25 44 22 17 20 
10 23 23 23 7 20 26 25 19 23 22 19 17 0 34 10 25 20 11 20 13 11 27 2 26 23 5 14 32 17 17 3 21 18 32 22 10 28 28 13 14 
32 20 13 29 26 46 60 9 53 13 21 15 34 34 0 43 24 36 23 53 36 33 40 32 42 16 38 24 31 51 51 31 16 31 40 19 43 37 14 20 47 
13 29 31 33 18 24 16 35 9 33 28 28 26 10 43 0 35 20 20 10 12 13 25 12 23 33 9 25 35 12 7 14 29 27 31 28 1 28 38 24 11 
31 32 25 4 19 24 48 17 42 12 32 22 12 25 24 35 0 40 23 45 35 32 47 24 47 8 26 10 45 37 42 21 26 10 50 30 34 46 10 16 32 
10 16 23 41 21 41 34 32 28 32 15 22 37 20 36 20 40 0 17 25 7 9 6 19 6 34 25 30 15 32 24 22 20 37 11 16 21 8 38 24 31 
9 12 11 23 6 30 37 16 30 15 11 8 22 11 23 20 23 17 0 30 13 10 24 9 24 17 17 13 24 29 27 10 9 21 26 10 20 22 21 6 26 
21 37 41 42 28 30 9 45 5 44 36 38 35 20 53 10 45 25 30 0 19 20 28 22 25 43 18 35 40 13 3 24 38 36 34 37 10 32 48 34 16 
4 18 22 35 16 33 28 29 21 29 17 20 30 13 36 12 35 7 13 19 0 3 14 12 12 30 17 25 22 25 18 15 19 30 19 18 13 16 35 19 23 
1 16 20 32 13 31 29 27 22 26 16 18 28 11 33 13 32 9 10 20 3 0 16 9 15 27 15 22 22 24 19 12 17 27 21 16 13 17 32 16 22 
17 19 27 47 28 48 37 37 32 38 19 27 44 27 40 25 47 6 24 28 14 16 0 26 3 40 31 37 14 38 28 29 24 44 5 21 26 5 44 30 37 
8 21 21 23 5 22 28 23 21 21 20 17 18 2 32 12 24 19 9 22 12 9 26 0 25 21 7 14 30 20 19 3 18 18 30 19 11 26 26 12 16 
16 21 29 47 28 46 34 38 29 39 21 28 43 26 42 23 47 6 24 25 12 15 3 25 0 41 29 37 17 35 25 28 26 43 9 22 24 8 45 30 35 
26 24 16 12 15 29 48 8 41 3 24 14 17 23 16 33 8 34 17 43 30 27 40 21 41 0 25 8 37 38 40 19 17 15 42 22 33 38 5 10 34 
14 28 28 23 12 16 23 29 16 26 28 24 16 5 38 9 26 25 17 18 17 15 31 7 29 25 0 17 37 13 15 7 26 17 36 27 8 32 30 17 9 
20 24 19 10 9 22 40 14 33 10 23 15 11 14 24 25 10 30 13 35 25 22 37 14 37 8 17 0 36 29 32 11 18 8 40 22 24 36 13 7 25 
23 13 20 47 30 53 49 31 43 34 13 23 46 32 31 35 45 15 24 40 22 22 14 30 17 37 37 36 0 47 40 33 19 45 10 15 36 9 39 29 45 
24 40 41 33 25 18 11 43 7 40 40 37 25 17 51 12 37 32 29 13 25 24 38 20 35 38 13 29 47 0 11 20 39 27 43 39 11 40 43 31 4 
19 36 39 39 25 27 9 43 4 41 35 35 31 17 51 7 42 24 27 3 18 19 28 19 25 40 15 32 40 11 0 21 36 33 34 35 7 32 45 31 13 
11 22 21 20 4 20 29 22 22 20 22 17 15 3 31 14 21 22 10 24 15 12 29 3 28 19 7 11 33 20 21 0 19 15 33 21 13 29 24 10 16 
16 6 3 28 14 38 45 12 38 14 6 3 29 21 16 29 26 20 9 38 19 17 24 18 26 17 26 18 19 39 36 19 0 27 25 4 29 21 20 11 35 
26 32 28 6 15 15 39 22 33 18 32 24 2 18 31 27 10 37 21 36 30 27 44 18 43 15 17 8 45 27 33 15 27 0 47 30 26 43 19 16 23 
22 19 27 50 32 53 43 38 38 40 19 28 48 32 40 31 50 11 26 34 19 21 5 30 9 42 36 40 10 43 34 33 25 47 0 21 32 3 45 33 43 
15 1 6 32 17 41 45 16 38 19 1 7 32 22 19 28 30 16 10 37 18 16 21 19 22 22 27 22 15 39 35 21 4 30 21 0 29 17 24 14 36 
13 30 32 32 17 23 16 35 9 33 29 28 25 10 43 1 34 21 20 10 13 13 26 11 24 33 8 24 36 11 7 13 29 26 32 29 0 29 38 23 10 
18 16 24 46 28 49 41 34 36 36 16 24 44 28 37 28 46 8 22 32 16 17 5 26 8 38 32 36 9 40 32 29 21 43 3 17 29 0 41 29 39 
30 26 18 15 20 34 53 8 46 5 26 16 22 28 14 38 10 38 21 48 35 32 44 26 45 5 30 13 39 43 45 24 20 19 45 24 38 41 0 15 39 
15 16 12 17 6 27 40 11 33 10 16 8 17 13 20 24 16 24 6 34 19 16 30 12 30 10 17 7 29 31 31 10 11 16 33 14 23 29 15 0 27 
22 37 38 29 21 14 16 38 11 35 37 34 20 14 47 11 32 31 26 16 23 22 37 16 35 34 9 25 45 4 13 16 35 23 43 36 10 39 39 27 0 
0 563
145 145
520 520
48 48
331 331
366 366
257 257
238 238
354 354
57 57
145 145
81 81
510 510
247 247
366 366
533 533
43 43
408 408
256 256
471 471
161 161
220 220
193 193
372 372
336 336
302 302
462 462
100 100
315 315
192 192
415 415
155 155
40 40
552 552
90 90
375 375
382 382
120 120
321 321
501 501
222 222
