41
0 23 13 27 29 24 21 42 36 30 10 31 28 37 8 34 25 27 11 37 11 14 39 14 22 37 33 4 30 2 20 25 37 18 23 26 14 16 26 21 9 
23 0 19 43 14 19 17 23 35 39 22 40 16 40 22 14 26 4 12 42 25 10 19 9 14 33 28 28 33 25 21 4 16 37 22 29 10 9 39 31 32 
13 19 0 24 17 30 26 30 23 21 20 22 16 25 19 25 12 23 9 27 6 8 28 12 10 24 20 16 18 16 7 22 27 19 10 14 15 16 20 13 17 
27 43 24 0 38 51 48 50 28 11 37 13 36 23 35 47 23 48 33 20 18 33 49 36 32 32 31 25 20 28 24 47 50 9 26 21 38 40 6 12 20 
29 14 17 38 0 33 31 13 22 31 32 31 3 28 32 9 16 17 19 31 23 15 11 17 7 19 15 33 23 31 14 18 11 36 12 19 21 20 33 26 35 
24 19 30 51 33 0 3 42 51 51 16 52 35 55 17 32 41 18 20 57 33 22 37 18 31 50 46 28 48 25 36 15 34 43 37 43 15 13 49 42 33 
21 17 26 48 31 3 0 41 49 48 12 49 33 52 14 31 38 17 17 54 30 19 36 15 28 48 43 25 45 21 32 14 33 39 34 40 12 11 46 39 30 
42 23 30 50 13 42 41 0 27 40 44 40 14 34 44 9 26 24 31 38 36 27 5 29 20 22 21 46 31 44 26 26 8 48 24 28 32 31 44 37 48 
36 35 23 28 22 51 49 27 0 16 44 14 19 7 43 30 11 38 32 11 25 29 29 33 20 5 7 38 7 39 16 39 31 31 14 9 37 37 21 18 37 
30 39 21 11 31 51 48 40 16 0 40 2 28 11 38 40 15 44 31 9 18 30 41 33 26 21 20 30 9 31 18 43 42 17 18 12 36 38 5 9 26 
10 22 20 37 32 16 12 44 44 40 0 41 32 46 1 35 33 24 13 47 21 17 40 14 27 45 40 12 39 9 27 22 38 28 30 35 11 13 36 30 18 
31 40 22 13 31 52 49 40 14 2 41 0 27 9 40 40 15 44 32 7 20 31 41 34 26 19 19 32 8 33 18 44 42 19 18 12 37 39 7 10 28 
28 16 16 36 3 35 33 14 19 28 32 27 0 25 32 12 12 20 19 28 21 15 13 18 5 16 12 32 19 31 11 21 14 33 9 15 22 22 30 23 33 
37 40 25 23 28 55 52 34 7 11 46 9 25 0 44 36 14 44 35 3 25 32 36 36 25 12 13 38 6 39 19 44 38 28 18 11 40 41 16 16 35 
8 22 19 35 32 17 14 44 43 38 1 40 32 44 0 36 32 25 13 45 19 17 40 14 26 44 39 10 38 7 26 23 38 26 29 34 12 13 35 29 16 
34 14 25 47 9 32 31 9 30 40 35 40 12 36 36 0 25 14 23 40 31 20 4 21 15 26 23 39 32 37 23 16 2 44 21 28 24 22 42 35 42 
25 26 12 23 16 41 38 26 11 15 33 15 12 14 32 25 0 30 21 16 14 18 26 22 11 12 8 28 7 28 5 30 27 23 4 3 26 27 17 11 27 
27 4 23 48 17 18 17 24 38 44 24 44 20 44 25 14 30 0 16 46 29 15 19 13 18 36 32 32 38 29 26 2 15 42 26 33 13 11 44 36 36 
11 12 9 33 19 20 17 31 32 31 13 32 19 35 13 23 21 16 0 37 14 4 28 3 13 32 27 16 28 13 16 15 26 25 18 23 5 7 30 22 19 
37 42 27 20 31 57 54 38 11 9 47 7 28 3 45 40 16 46 37 0 25 34 40 38 28 16 17 38 8 39 21 47 42 26 20 13 42 43 15 16 35 
11 25 6 18 23 33 30 36 25 18 21 20 21 25 19 31 14 29 14 25 0 14 35 17 16 27 23 13 18 14 10 28 34 12 14 15 19 21 16 9 12 
14 10 8 33 15 22 19 27 29 30 17 31 15 32 17 20 18 15 4 34 14 0 24 3 9 28 24 19 26 17 13 14 22 27 15 21 7 8 29 21 22 
39 19 28 49 11 37 36 5 29 41 40 41 13 36 40 4 26 19 28 40 35 24 0 25 18 25 22 43 32 41 25 21 3 47 23 29 28 27 44 37 45 
14 9 12 36 17 18 15 29 33 33 14 34 18 36 14 21 22 13 3 38 17 3 25 0 13 32 28 19 29 16 17 11 23 29 18 25 3 4 32 25 23 
22 14 10 32 7 31 28 20 20 26 27 26 5 25 26 15 11 18 13 28 16 9 18 13 0 19 14 26 19 25 8 19 18 29 7 14 17 17 27 19 28 
37 33 24 32 19 50 48 22 5 21 45 19 16 12 44 26 12 36 32 16 27 28 25 32 19 0 4 40 12 40 17 37 27 34 14 12 36 37 26 22 39 
33 28 20 31 15 46 43 21 7 20 40 19 12 13 39 23 8 32 27 17 23 24 22 28 14 4 0 36 11 36 13 33 24 32 10 9 32 32 24 19 36 
4 28 16 25 33 28 25 46 38 30 12 32 32 38 10 39 28 32 16 38 13 19 43 19 26 40 36 0 32 3 23 30 42 16 26 28 18 20 26 21 5 
30 33 18 20 23 48 45 31 7 9 39 8 19 6 38 32 7 38 28 8 18 26 32 29 19 12 11 32 0 32 12 38 34 23 11 4 33 34 14 11 30 
2 25 16 28 31 25 21 44 39 31 9 33 31 39 7 37 28 29 13 39 14 17 41 16 25 40 36 3 32 0 23 27 40 18 26 29 15 18 28 22 8 
20 21 7 24 14 36 32 26 16 18 27 18 11 19 26 23 5 26 16 21 10 13 25 17 8 17 13 23 12 23 0 26 25 21 3 7 20 22 19 11 23 
25 4 22 47 18 15 14 26 39 43 22 44 21 44 23 16 30 2 15 47 28 14 21 11 19 37 33 30 38 27 26 0 18 40 26 33 11 9 43 35 34 
37 16 27 50 11 34 33 8 31 42 38 42 14 38 38 2 27 15 26 42 34 22 3 23 18 27 24 42 34 40 25 18 0 47 24 30 26 25 44 37 44 
18 37 19 9 36 43 39 48 31 17 28 19 33 28 26 44 23 42 25 26 12 27 47 29 29 34 32 16 23 18 21 40 47 0 24 22 30 32 12 12 11 
23 22 10 26 12 37 34 24 14 18 30 18 9 18 29 21 4 26 18 20 14 15 23 18 7 14 10 26 11 26 3 26 24 24 0 7 22 23 20 13 26 
26 29 14 21 19 43 40 28 9 12 35 12 15 11 34 28 3 33 23 13 15 21 29 25 14 12 9 28 4 29 7 33 30 22 7 0 28 30 15 10 27 
14 10 15 38 21 15 12 32 37 36 11 37 22 40 12 24 26 13 5 42 19 7 28 3 17 36 32 18 33 15 20 11 26 30 22 28 0 2 35 27 23 
16 9 16 40 20 13 11 31 37 38 13 39 22 41 13 22 27 11 7 43 21 8 27 4 17 37 32 20 34 18 22 9 25 32 23 30 2 0 37 29 25 
26 39 20 6 33 49 46 44 21 5 36 7 30 16 35 42 17 44 30 15 16 29 44 32 27 26 24 26 14 28 19 43 44 12 20 15 35 37 0 7 22 
21 31 13 12 26 42 39 37 18 9 30 10 23 16 29 35 11 36 22 16 9 21 37 25 19 22 19 21 11 22 11 35 37 12 13 10 27 29 7 0 19 
9 32 17 20 35 33 30 48 37 26 18 28 33 35 16 42 27 36 19 35 12 22 45 23 28 39 36 5 30 8 23 34 44 11 26 27 23 25 22 19 0 
0 391
34 34
384 384
22 22
139 139
163 163
63 63
281 281
339 339
313 313
212 212
227 227
284 284
39 39
305 305
257 257
245 245
375 375
215 215
386 386
234 234
177 177
307 307
251 251
59 59
128 128
349 349
364 364
215 215
36 36
289 289
160 160
61 61
346 346
65 65
270 270
372 372
38 38
329 329
323 323
337 337
