41
0 3 52 12 51 15 37 31 15 24 9 45 56 32 32 33 4 28 7 57 59 7 47 19 29 15 7 16 34 12 10 43 12 22 48 11 45 20 17 9 44 
3 0 55 13 53 18 39 33 18 27 12 46 59 35 33 36 2 29 8 60 62 11 49 22 30 19 10 20 36 14 10 45 12 22 52 14 48 23 20 8 47 
52 55 0 43 12 44 15 21 37 28 44 41 12 22 30 22 57 32 48 4 8 47 18 35 38 41 45 38 20 41 48 21 49 44 17 42 8 38 35 51 25 
12 13 43 0 40 19 27 22 12 15 11 33 45 26 19 27 15 15 5 48 49 13 36 15 17 17 9 15 23 4 4 31 6 11 43 11 37 20 8 7 40 
51 53 12 40 0 46 17 22 38 27 44 29 5 27 22 27 55 26 45 15 11 47 6 36 30 43 44 39 17 39 44 11 44 38 28 42 17 41 33 47 35 
15 18 44 19 46 0 29 24 9 19 8 49 50 21 32 22 19 29 18 47 51 7 44 9 34 3 10 6 29 14 21 41 23 29 36 7 35 5 16 22 30 
37 39 15 27 17 29 0 6 22 12 29 34 21 10 18 10 41 19 32 20 22 32 17 19 25 26 29 23 6 25 32 16 33 30 19 26 10 24 19 35 22 
31 33 21 22 22 24 6 0 16 6 23 33 26 8 15 9 35 15 26 26 28 26 20 14 22 20 23 17 5 19 26 18 27 25 22 20 15 19 13 29 23 
15 18 37 12 38 9 22 16 0 10 6 40 43 17 23 17 20 20 14 42 45 9 35 3 25 6 8 2 20 7 15 32 18 22 33 4 30 8 7 18 29 
24 27 28 15 27 19 12 6 10 0 17 33 32 11 15 12 29 13 20 32 35 20 24 9 19 16 17 12 9 13 20 22 21 20 27 14 21 16 7 23 26 
9 12 44 11 44 8 29 23 6 17 0 43 49 23 27 24 13 24 10 49 52 3 41 10 27 7 2 7 27 7 12 38 15 22 39 2 37 11 11 14 35 
45 46 41 33 29 49 34 33 40 33 43 0 33 42 18 43 47 20 38 45 41 46 23 42 16 47 42 43 28 36 35 19 33 23 52 42 42 48 33 37 56 
56 59 12 45 5 50 21 26 43 32 49 33 0 31 28 30 61 31 50 13 7 52 11 41 35 47 50 44 22 44 49 16 50 43 29 47 19 46 38 53 37 
32 35 22 26 27 21 10 8 17 11 23 42 31 0 24 0 37 24 30 26 30 26 27 13 30 18 25 16 14 22 31 26 32 32 16 21 13 16 18 33 15 
32 33 30 19 22 32 18 15 23 15 27 18 28 24 0 25 35 3 25 34 33 31 17 24 8 29 27 26 12 20 23 12 22 15 37 26 27 30 16 26 39 
33 36 22 27 27 22 10 9 17 12 24 43 30 0 25 0 38 25 31 25 30 27 27 14 31 19 26 17 14 23 32 26 33 33 15 22 13 16 19 34 14 
4 2 57 15 55 19 41 35 20 29 13 47 61 37 35 38 0 31 10 62 64 12 51 24 32 20 12 21 38 16 12 47 14 24 53 16 50 25 22 10 49 
28 29 32 15 26 29 19 15 20 13 24 20 31 24 3 25 31 0 21 37 36 27 21 21 6 26 23 23 13 17 19 16 18 11 38 22 29 28 13 22 39 
7 8 48 5 45 18 32 26 14 20 10 38 50 30 25 31 10 21 0 53 54 11 41 17 22 17 7 16 28 7 3 37 5 14 46 11 41 21 12 3 43 
57 60 4 48 15 47 20 26 42 32 49 45 13 26 34 25 62 37 53 0 7 51 21 39 42 45 50 42 24 45 52 25 53 49 18 46 12 42 40 55 26 
59 62 8 49 11 51 22 28 45 35 52 41 7 30 33 30 64 36 54 7 0 54 17 42 41 48 52 45 25 47 53 22 54 48 25 49 17 46 42 57 33 
7 11 47 13 47 7 32 26 9 20 3 46 52 26 31 27 12 27 11 51 54 0 44 12 30 8 4 9 30 10 14 41 17 24 41 5 39 12 14 14 36 
47 49 18 36 6 44 17 20 35 24 41 23 11 27 17 27 51 21 41 21 17 44 0 34 24 41 41 37 15 35 39 4 39 32 32 39 20 40 30 43 37 
19 22 35 15 36 9 19 14 3 9 10 42 41 13 24 14 24 21 17 39 42 12 34 0 27 6 11 3 19 11 19 31 21 24 29 7 27 6 9 21 25 
29 30 38 17 30 34 25 22 25 19 27 16 35 30 8 31 32 6 22 42 41 30 24 27 0 31 26 28 19 20 19 19 18 9 44 26 35 33 18 22 45 
15 19 41 17 43 3 26 20 6 16 7 47 47 18 29 19 20 26 17 45 48 8 41 6 31 0 9 3 25 12 19 38 22 27 33 6 32 4 13 21 28 
7 10 45 9 44 10 29 23 8 17 2 42 50 25 27 26 12 23 7 50 52 4 41 11 26 9 0 9 27 6 10 37 13 20 41 4 38 14 11 11 37 
16 20 38 15 39 6 23 17 2 12 7 43 44 16 26 17 21 23 16 42 45 9 37 3 28 3 9 0 22 10 18 34 20 25 32 5 30 5 10 20 27 
34 36 20 23 17 29 6 5 20 9 27 28 22 14 12 14 38 13 28 24 25 30 15 19 19 25 27 22 0 22 28 13 28 24 25 24 15 25 16 31 27 
12 14 41 4 39 14 25 19 7 13 7 36 44 22 20 23 16 17 7 45 47 10 35 11 20 12 6 10 22 0 8 31 10 15 39 6 34 16 5 11 36 
10 10 48 4 44 21 32 26 15 20 12 35 49 31 23 32 12 19 3 52 53 14 39 19 19 19 10 18 28 8 0 35 2 11 47 13 41 23 13 3 45 
43 45 21 31 11 41 16 18 32 22 38 19 16 26 12 26 47 16 37 25 22 41 4 31 19 38 37 34 13 31 35 0 35 27 33 36 22 38 26 38 38 
12 12 49 6 44 23 33 27 18 21 15 33 50 32 22 33 14 18 5 53 54 17 39 21 18 22 13 20 28 10 2 35 0 9 49 16 43 26 14 3 47 
22 22 44 11 38 29 30 25 22 20 22 23 43 32 15 33 24 11 14 49 48 24 32 24 9 27 20 25 24 15 11 27 9 0 48 22 40 30 15 13 47 
48 52 17 43 28 36 19 22 33 27 39 52 29 16 37 15 53 38 46 18 25 41 32 29 44 33 41 32 25 39 47 33 49 48 0 37 11 30 34 50 8 
11 14 42 11 42 7 26 20 4 14 2 42 47 21 26 22 16 22 11 46 49 5 39 7 26 6 4 5 24 6 13 36 16 22 37 0 34 10 9 15 33 
45 48 8 37 17 35 10 15 30 21 37 42 19 13 27 13 50 29 41 12 17 39 20 27 35 32 38 30 15 34 41 22 43 40 11 34 0 29 28 45 17 
20 23 38 20 41 5 24 19 8 16 11 48 46 16 30 16 25 28 21 42 46 12 40 6 33 4 14 5 25 16 23 38 26 30 30 10 29 0 15 25 24 
17 20 35 8 33 16 19 13 7 7 11 33 38 18 16 19 22 13 12 40 42 14 30 9 18 13 11 10 16 5 13 26 14 15 34 9 28 15 0 16 32 
9 8 51 7 47 22 35 29 18 23 14 37 53 33 26 34 10 22 3 55 57 14 43 21 22 21 11 20 31 11 3 38 3 13 50 15 45 25 16 0 47 
44 47 25 40 35 30 22 23 29 26 35 56 37 15 39 14 49 39 43 26 33 36 37 25 45 28 37 27 27 36 45 38 47 47 8 33 17 24 32 47 0 
0 391
163 202
32 71
117 156
202 241
249 288
116 155
296 335
29 68
162 201
108 147
123 162
319 358
174 213
80 119
65 104
290 329
206 245
273 312
194 233
277 316
279 318
225 264
32 71
161 200
152 191
19 58
17 56
327 366
311 350
128 167
234 273
289 328
224 263
285 324
305 344
94 133
105 144
88 127
190 229
112 151
