41
0 20 24 33 17 11 8 24 21 12 6 27 12 15 28 29 6 26 16 13 22 21 23 29 23 22 19 30 34 21 16 20 10 26 18 25 23 25 4 17 18 
20 0 40 21 31 17 25 4 37 32 25 27 20 32 22 9 25 21 3 12 26 29 39 14 20 38 32 22 23 34 31 31 17 9 37 13 41 23 19 17 37 
24 40 0 57 9 23 15 44 34 15 22 27 20 9 35 48 23 50 37 37 44 17 37 43 29 35 37 36 43 38 34 11 23 42 26 38 34 29 28 42 11 
33 21 57 0 49 37 41 21 40 45 36 49 40 48 43 22 36 10 22 19 21 49 40 33 42 41 32 43 43 34 33 51 36 29 44 34 43 44 29 17 50 
17 31 9 49 0 14 8 35 32 13 17 20 11 6 26 39 18 43 28 30 39 10 35 34 21 33 33 28 34 35 30 5 14 33 25 29 33 21 21 34 12 
11 17 23 37 14 0 10 21 33 19 17 15 3 16 17 25 17 33 15 19 32 12 35 21 11 34 30 18 23 33 28 14 1 19 28 16 35 13 15 25 23 
8 25 15 41 8 10 0 29 25 9 9 23 9 7 27 34 10 35 22 22 30 15 28 31 21 26 25 28 34 27 22 12 10 29 19 27 27 22 13 26 12 
24 4 44 21 35 21 29 0 41 37 30 29 24 37 22 4 30 23 7 16 29 32 43 12 22 43 35 22 22 38 35 35 21 7 41 12 45 24 23 20 41 
21 37 34 40 32 33 25 41 0 19 16 48 33 26 50 46 15 30 34 25 19 40 2 49 45 1 7 51 55 6 7 37 31 46 8 46 3 46 19 24 22 
12 32 15 45 13 19 9 37 19 0 8 32 18 7 36 42 9 37 29 26 30 22 22 40 30 20 21 38 43 23 19 18 18 38 11 35 20 31 15 28 5 
6 25 22 36 17 17 9 30 16 8 0 32 17 13 34 35 0 28 22 17 22 24 19 35 28 17 15 35 40 17 13 22 15 32 12 31 18 30 7 20 14 
27 27 27 49 20 15 23 29 48 32 32 0 14 26 8 30 32 47 26 34 47 10 51 21 6 49 46 10 16 49 44 16 17 23 43 17 50 4 31 40 33 
12 20 20 40 11 3 9 24 33 18 17 14 0 14 17 28 17 36 18 22 34 9 36 23 12 34 31 19 25 34 29 10 4 22 28 18 35 13 17 27 21 
15 32 9 48 6 16 7 37 26 7 13 26 14 0 31 41 14 41 29 28 35 16 29 37 26 27 28 33 39 30 25 11 16 36 19 33 27 26 19 32 7 
28 22 35 43 26 17 27 22 50 36 34 8 17 31 0 23 34 43 22 31 46 18 52 12 5 51 47 1 8 49 45 23 18 15 46 9 52 5 31 37 38 
29 9 48 22 39 25 34 4 46 42 35 30 28 41 23 0 35 26 12 21 34 35 48 11 24 47 40 22 21 43 40 38 25 8 46 13 50 26 28 24 46 
6 25 23 36 18 17 10 30 15 9 0 32 17 14 34 35 0 27 22 17 21 25 18 35 29 17 14 36 40 16 12 22 16 32 12 31 17 30 6 19 14 
26 21 50 10 43 33 35 23 30 37 28 47 36 41 43 26 27 0 21 13 11 45 30 35 40 30 22 43 45 23 23 46 32 31 34 34 33 43 22 8 42 
16 3 37 22 28 15 22 7 34 29 22 26 18 29 22 12 22 21 0 10 24 27 36 16 19 35 29 22 24 31 28 29 14 11 33 14 37 22 16 15 34 
13 12 37 19 30 19 22 16 25 26 17 34 22 28 31 21 17 13 10 0 14 32 27 26 28 26 19 32 34 21 18 32 18 22 26 24 29 30 10 5 31 
22 26 44 21 39 32 30 29 19 30 22 47 34 35 46 34 21 11 24 14 0 43 19 41 42 19 11 46 49 12 13 42 30 36 24 38 22 44 17 9 35 
21 29 17 49 10 12 15 32 40 22 24 10 9 16 18 35 25 45 27 32 43 0 43 28 13 41 40 19 26 42 37 5 13 28 34 23 42 12 26 37 23 
23 39 37 40 35 35 28 43 2 22 19 51 36 29 52 48 18 30 36 27 19 43 0 51 47 1 7 53 58 6 8 40 34 47 10 48 3 49 21 25 25 
29 14 43 33 34 21 31 12 49 40 35 21 23 37 12 11 35 35 16 26 41 28 51 0 15 51 45 11 9 47 43 32 21 4 47 4 52 17 30 31 44 
23 20 29 42 21 11 21 22 45 30 28 6 12 26 5 24 29 40 19 28 42 13 47 15 0 46 42 7 13 44 40 18 13 16 40 10 47 2 26 34 33 
22 38 35 41 33 34 26 43 1 20 17 49 34 27 51 47 17 30 35 26 19 41 1 51 46 0 8 52 57 7 8 38 33 47 9 47 2 47 20 25 23 
19 32 37 32 33 30 25 35 7 21 15 46 31 28 47 40 14 22 29 19 11 40 7 45 42 8 0 48 52 2 2 37 29 40 13 41 10 44 15 17 26 
30 22 36 43 28 18 28 22 51 38 35 10 19 33 1 22 36 43 22 32 46 19 53 11 7 52 48 0 6 50 46 25 20 14 47 9 54 7 32 37 40 
34 23 43 43 34 23 34 22 55 43 40 16 25 39 8 21 40 45 24 34 49 26 58 9 13 57 52 6 0 54 50 31 25 14 52 10 58 13 36 40 46 
21 34 38 34 35 33 27 38 6 23 17 49 34 30 49 43 16 23 31 21 12 42 6 47 44 7 2 50 54 0 4 39 31 43 14 44 9 46 18 19 27 
16 31 34 33 30 28 22 35 7 19 13 44 29 25 45 40 12 23 28 18 13 37 8 43 40 8 2 46 50 4 0 35 27 39 11 40 10 41 13 17 23 
20 31 11 51 5 14 12 35 37 18 22 16 10 11 23 38 22 46 29 32 42 5 40 32 18 38 37 25 31 39 35 0 14 32 30 27 38 17 24 37 18 
10 17 23 36 14 1 10 21 31 18 15 17 4 16 18 25 16 32 14 18 30 13 34 21 13 33 29 20 25 31 27 14 0 19 27 17 34 14 13 23 22 
26 9 42 29 33 19 29 7 46 38 32 23 22 36 15 8 32 31 11 22 36 28 47 4 16 47 40 14 14 43 39 32 19 0 44 5 49 18 27 26 42 
18 37 26 44 25 28 19 41 8 11 12 43 28 19 46 46 12 34 33 26 24 34 10 47 40 9 13 47 52 14 11 30 27 44 0 43 8 41 17 27 14 
25 13 38 34 29 16 27 12 46 35 31 17 18 33 9 13 31 34 14 24 38 23 48 4 10 47 41 9 10 44 40 27 17 5 43 0 49 12 27 29 39 
23 41 34 43 33 35 27 45 3 20 18 50 35 27 52 50 17 33 37 29 22 42 3 52 47 2 10 54 58 9 10 38 34 49 8 49 0 48 22 27 22 
25 23 29 44 21 13 22 24 46 31 30 4 13 26 5 26 30 43 22 30 44 12 49 17 2 47 44 7 13 46 41 17 14 18 41 12 48 0 28 36 33 
4 19 28 29 21 15 13 23 19 15 7 31 17 19 31 28 6 22 16 10 17 26 21 30 26 20 15 32 36 18 13 24 13 27 17 27 22 28 0 13 21 
17 17 42 17 34 25 26 20 24 28 20 40 27 32 37 24 19 8 15 5 9 37 25 31 34 25 17 37 40 19 17 37 23 26 27 29 27 36 13 0 34 
18 37 11 50 12 23 12 41 22 5 14 33 21 7 38 46 14 42 34 31 35 23 25 44 33 23 26 40 46 27 23 18 22 42 14 39 22 33 21 34 0 
0 563
294 519
81 306
324 549
112 337
113 338
7 232
305 530
324 549
212 437
292 517
168 393
95 320
19 244
20 245
41 266
95 320
319 544
286 511
237 462
243 468
102 327
268 493
183 408
181 406
228 453
17 242
28 253
16 241
256 481
110 335
95 320
281 506
208 433
194 419
106 331
81 306
188 413
321 546
47 272
212 437
