41
0 47 49 45 25 20 52 7 35 42 9 9 40 41 16 34 37 55 33 18 61 46 36 20 30 36 22 41 46 25 25 32 45 22 60 54 44 24 30 43 29 
47 0 19 42 32 28 24 41 11 32 38 43 61 37 46 48 31 26 52 31 38 2 26 30 31 56 41 5 6 21 52 23 48 51 39 37 47 28 31 50 51 
49 19 0 25 25 28 5 42 23 16 43 42 48 22 42 36 18 7 41 30 19 21 14 28 22 44 34 21 13 28 44 17 32 44 20 18 31 24 22 35 41 
45 42 25 0 21 31 23 38 40 10 44 36 25 5 31 16 12 24 21 30 21 44 17 29 17 22 23 42 36 38 27 22 6 29 19 13 5 26 17 10 23 
25 32 25 21 0 10 28 18 25 17 23 17 29 16 16 17 11 30 20 8 35 32 11 7 4 24 9 29 28 19 19 9 23 19 34 28 22 5 4 23 19 
20 28 28 31 10 0 32 14 18 25 15 15 38 26 19 27 20 34 29 3 42 27 17 3 13 33 16 23 25 9 26 12 33 24 42 36 32 5 13 34 27 
52 24 5 23 28 32 0 45 29 15 47 45 48 21 44 36 18 2 41 33 13 26 16 32 24 43 36 27 18 33 45 20 30 45 15 14 29 28 24 34 42 
7 41 42 38 18 14 45 0 31 35 9 3 36 34 12 28 30 47 27 11 54 41 29 13 22 31 15 36 40 20 20 25 38 18 53 47 37 17 23 37 24 
35 11 23 40 25 18 29 31 0 31 27 33 55 35 37 43 28 31 46 22 42 10 23 21 26 49 33 5 12 10 44 18 45 42 43 39 44 20 25 47 44 
42 32 16 10 17 25 15 35 31 0 39 34 33 6 31 21 5 16 26 24 18 33 8 23 12 28 23 32 26 30 30 14 16 31 17 11 15 19 12 19 27 
9 38 43 44 23 15 47 9 27 39 0 13 45 40 21 36 34 49 36 14 57 37 32 16 27 40 23 33 38 17 30 27 46 27 57 51 44 20 27 45 33 
9 43 42 36 17 15 45 3 33 34 13 0 32 32 8 25 28 47 24 12 53 43 28 14 21 28 13 39 41 23 17 25 36 14 52 45 35 17 22 34 21 
40 61 48 25 29 38 48 36 55 33 45 32 0 26 24 12 30 49 9 35 46 62 35 35 29 5 22 59 56 48 15 38 19 17 44 38 19 35 30 15 11 
41 37 22 5 16 26 21 34 35 6 40 32 26 0 27 15 6 22 20 25 22 39 12 24 12 22 20 37 32 32 25 17 10 27 20 14 9 20 12 13 22 
16 46 42 31 16 19 44 12 37 31 21 8 24 27 0 17 25 46 16 15 49 46 27 16 19 19 7 42 43 28 8 25 29 6 48 41 28 18 19 27 12 
34 48 36 16 17 27 36 28 43 21 36 25 12 15 17 0 18 38 4 24 37 49 23 24 17 7 12 46 43 36 11 25 12 14 35 29 11 23 17 9 7 
37 31 18 12 11 20 18 30 28 5 34 28 30 6 25 18 0 20 23 19 24 32 5 18 7 25 18 30 26 26 26 10 16 26 23 16 15 14 7 19 23 
55 26 7 24 30 34 2 47 31 16 49 47 49 22 46 38 20 0 42 36 11 28 18 34 26 45 38 29 20 35 46 22 30 47 13 13 30 30 26 34 43 
33 52 41 21 20 29 41 27 46 26 36 24 9 20 16 4 23 42 0 26 42 53 27 26 20 4 13 50 47 39 8 29 17 11 40 34 16 25 21 13 3 
18 31 30 30 8 3 33 11 22 24 14 12 35 25 15 24 19 36 26 0 42 31 17 1 12 30 12 27 28 13 22 13 32 21 42 36 30 5 12 31 23 
61 38 19 21 35 42 13 54 42 18 57 53 46 22 49 37 24 11 42 42 0 40 25 41 31 43 41 40 32 45 48 30 27 49 2 8 27 37 31 31 44 
46 2 21 44 32 27 26 41 10 33 37 43 62 39 46 49 32 28 53 31 40 0 27 30 32 56 42 4 8 20 52 24 49 51 41 39 48 28 32 52 52 
36 26 14 17 11 17 16 29 23 8 32 28 35 12 27 23 5 18 27 17 25 27 0 16 7 30 20 25 20 21 29 6 22 29 24 19 21 12 7 24 27 
20 30 28 29 7 3 32 13 21 23 16 14 35 24 16 24 18 34 26 1 41 30 16 0 11 30 13 26 27 12 23 11 31 21 41 35 30 4 11 31 24 
30 31 22 17 4 13 24 22 26 12 27 21 29 12 19 17 7 26 20 12 31 32 7 11 0 24 12 29 27 21 21 8 20 21 30 24 19 8 0 21 20 
36 56 44 22 24 33 43 31 49 28 40 28 5 22 19 7 25 45 4 30 43 56 30 30 24 0 17 53 51 43 11 32 16 14 41 35 16 29 24 12 7 
22 41 34 23 9 16 36 15 33 23 23 13 22 20 7 12 18 38 13 12 41 42 20 13 12 17 0 38 37 25 10 19 23 9 40 34 22 13 12 21 11 
41 5 21 42 29 23 27 36 5 32 33 39 59 37 42 46 30 29 50 27 40 4 25 26 29 53 38 0 9 16 48 21 47 47 42 39 46 24 29 49 48 
46 6 13 36 28 25 18 40 12 26 38 41 56 32 43 43 26 20 47 28 32 8 20 27 27 51 37 9 0 21 48 18 42 47 33 31 41 24 26 45 47 
25 21 28 38 19 9 33 20 10 30 17 23 48 32 28 36 26 35 39 13 45 20 21 12 21 43 25 16 21 0 35 15 41 34 45 40 40 13 21 42 36 
25 52 44 27 19 26 45 20 44 30 30 17 15 25 8 11 26 46 8 22 48 52 29 23 21 11 10 48 48 35 0 29 24 2 46 40 23 23 21 21 5 
32 23 17 22 9 12 20 25 18 14 27 25 38 17 25 25 10 22 29 13 30 24 6 11 8 32 19 21 18 15 29 0 27 28 30 25 25 7 8 28 28 
45 48 32 6 23 33 30 38 45 16 46 36 19 10 29 12 16 30 17 32 27 49 22 31 20 16 23 47 42 41 24 27 0 26 24 18 1 28 20 4 19 
22 51 44 29 19 24 45 18 42 31 27 14 17 27 6 14 26 47 11 21 49 51 29 21 21 14 9 47 47 34 2 28 26 0 48 41 25 23 22 23 7 
60 39 20 19 34 42 15 53 43 17 57 52 44 20 48 35 23 13 40 42 2 41 24 41 30 41 40 42 33 45 46 30 24 48 0 6 24 37 30 29 42 
54 37 18 13 28 36 14 47 39 11 51 45 38 14 41 29 16 13 34 36 8 39 19 35 24 35 34 39 31 40 40 25 18 41 6 0 18 31 24 23 35 
44 47 31 5 22 32 29 37 44 15 44 35 19 9 28 11 15 30 16 30 27 48 21 30 19 16 22 46 41 40 23 25 1 25 24 18 0 27 19 4 19 
24 28 24 26 5 5 28 17 20 19 20 17 35 20 18 23 14 30 25 5 37 28 12 4 8 29 13 24 24 13 23 7 28 23 37 31 27 0 8 29 24 
30 31 22 17 4 13 24 23 25 12 27 22 30 12 19 17 7 26 21 12 31 32 7 11 0 24 12 29 26 21 21 8 20 22 30 24 19 8 0 21 20 
43 50 35 10 23 34 34 37 47 19 45 34 15 13 27 9 19 34 13 31 31 52 24 31 21 12 21 49 45 42 21 28 4 23 29 23 4 29 21 0 16 
29 51 41 23 19 27 42 24 44 27 33 21 11 22 12 7 23 43 3 23 44 52 27 24 20 7 11 48 47 36 5 28 19 7 42 35 19 24 20 16 0 
0 612
300 422
104 226
440 562
255 377
338 460
462 584
249 371
147 269
16 138
31 153
257 379
320 442
10 132
19 141
296 418
174 296
25 147
391 513
332 454
216 338
409 531
449 571
207 329
173 295
46 168
390 512
438 560
260 382
452 574
417 539
72 194
115 237
204 326
299 421
335 457
278 400
274 396
138 260
353 475
382 504
