41
0 6 8 17 28 34 28 14 6 13 13 23 26 20 22 27 17 16 9 18 25 24 8 8 30 14 20 24 22 20 21 24 8 21 2 29 13 26 7 11 19 
6 0 15 23 21 31 22 21 1 9 7 28 27 17 20 27 12 9 16 19 18 18 1 2 27 19 20 19 20 27 23 25 15 25 8 23 20 22 14 16 12 
8 15 0 9 36 41 36 5 14 19 20 21 24 24 24 33 23 24 4 22 34 33 16 16 37 15 21 33 29 13 26 22 4 22 6 35 5 31 3 6 28 
17 23 9 0 43 50 45 7 22 24 26 27 20 26 25 42 28 32 12 31 41 40 24 25 47 23 20 42 39 13 35 19 12 29 16 39 4 35 13 7 36 
28 21 36 43 0 33 14 42 22 20 16 47 38 23 26 36 16 12 37 34 4 4 20 20 29 39 31 16 27 49 36 36 37 43 30 13 41 18 35 36 9 
34 31 41 50 33 0 18 45 32 39 35 34 59 47 50 11 39 30 38 20 29 29 31 29 4 30 51 17 11 47 18 56 38 28 35 45 46 47 37 45 27 
28 22 36 45 14 18 0 42 23 26 22 40 47 32 36 24 24 16 35 25 10 11 21 20 15 33 39 3 15 47 26 44 35 35 29 27 41 30 34 38 11 
14 21 5 7 42 45 42 0 20 24 26 20 26 29 28 36 29 30 6 25 40 39 22 22 41 16 24 38 34 7 28 25 6 22 12 40 3 37 7 9 33 
6 1 14 22 22 32 23 20 0 8 7 28 26 17 19 28 11 9 15 20 19 18 1 3 28 19 19 20 21 27 24 23 15 26 8 23 19 21 13 15 13 
13 9 19 24 20 39 26 24 8 0 4 36 20 8 10 36 4 10 21 29 19 18 8 11 35 28 12 25 29 32 32 17 21 34 15 16 22 13 19 16 15 
13 7 20 26 16 35 22 26 7 4 0 35 24 11 14 33 4 6 22 26 15 14 6 8 31 27 17 20 25 33 30 22 22 33 15 15 24 14 20 19 10 
23 28 21 27 47 34 40 20 28 36 35 0 45 43 44 23 40 36 16 15 43 43 29 27 32 8 42 36 26 16 16 44 17 6 21 51 23 49 18 27 37 
26 27 24 20 38 59 47 26 26 20 24 45 0 15 12 54 22 30 29 44 39 37 27 29 54 39 7 45 48 33 48 2 28 46 26 28 23 22 27 18 35 
20 17 24 26 23 47 32 29 17 8 11 43 15 0 3 45 8 17 28 37 23 22 16 19 43 35 8 31 37 37 41 13 27 42 22 13 26 8 26 20 21 
22 20 24 25 26 50 36 28 19 10 14 44 12 3 0 47 11 20 28 39 27 26 19 22 46 36 5 35 40 36 43 9 27 43 23 16 25 11 26 19 24 
27 27 33 42 36 11 24 36 28 36 33 23 54 45 47 0 38 30 29 10 32 32 28 25 10 20 47 21 9 37 7 51 29 17 28 46 37 47 29 38 28 
17 12 23 28 16 39 24 29 11 4 4 40 22 8 11 38 0 8 25 31 16 15 10 13 35 31 15 23 29 36 34 20 25 37 18 11 26 9 23 21 13 
16 9 24 32 12 30 16 30 9 10 6 36 30 17 20 30 8 0 25 25 9 8 8 8 26 27 23 14 21 37 28 28 25 33 18 16 29 16 23 24 4 
9 16 4 12 37 38 35 6 15 21 22 16 29 28 28 29 25 25 0 18 34 34 17 17 34 10 25 32 27 11 22 27 0 17 7 37 8 34 2 10 28 
18 19 22 31 34 20 25 25 20 29 26 15 44 37 39 10 31 25 18 0 30 30 21 18 17 9 38 21 11 26 3 42 18 9 18 41 27 41 18 28 25 
25 18 34 41 4 29 10 40 19 19 15 43 39 23 27 32 16 9 34 30 0 1 17 17 25 35 31 12 23 46 32 36 34 39 27 16 39 20 32 34 6 
24 18 33 40 4 29 11 39 18 18 14 43 37 22 26 32 15 8 34 30 1 0 16 16 25 34 30 12 23 45 32 35 33 39 27 15 38 19 32 33 5 
8 1 16 24 20 31 21 22 1 8 6 29 27 16 19 28 10 8 17 21 17 16 0 3 27 21 19 19 21 29 24 24 17 27 10 21 21 20 15 17 11 
8 2 16 25 20 29 20 22 3 11 8 27 29 19 22 25 13 8 17 18 17 16 3 0 24 19 22 17 18 28 21 27 16 24 10 23 22 23 15 18 11 
30 27 37 47 29 4 15 41 28 35 31 32 54 43 46 10 35 26 34 17 25 25 27 24 0 27 47 13 7 44 16 52 34 26 31 41 42 43 34 41 23 
14 19 15 23 39 30 33 16 19 28 27 8 39 35 36 20 31 27 10 9 35 34 21 19 27 0 34 29 20 17 12 37 11 7 13 42 19 41 11 21 29 
20 20 21 20 31 51 39 24 19 12 17 42 7 8 5 47 15 23 25 38 31 30 19 22 47 34 0 37 41 32 42 5 24 41 21 22 21 16 23 15 27 
24 19 33 42 16 17 3 38 20 25 20 36 45 31 35 21 23 14 32 21 12 12 19 17 13 29 37 0 12 43 22 42 32 31 26 28 38 30 30 35 10 
22 20 29 39 27 11 15 34 21 29 25 26 48 37 40 9 29 21 27 11 23 23 21 18 7 20 41 12 0 37 11 45 27 21 23 37 35 38 26 34 19 
20 27 13 13 49 47 47 7 27 32 33 16 33 37 36 37 36 37 11 26 46 45 29 28 44 17 32 43 37 0 29 32 12 21 18 48 11 44 13 17 40 
21 23 26 35 36 18 26 28 24 32 30 16 48 41 43 7 34 28 22 3 32 32 24 21 16 12 42 22 11 29 0 46 22 10 22 44 30 44 22 31 27 
24 25 22 19 36 56 44 25 23 17 22 44 2 13 9 51 20 28 27 42 36 35 24 27 52 37 5 42 45 32 46 0 26 44 24 26 21 20 25 16 32 
8 15 4 12 37 38 35 6 15 21 22 17 28 27 27 29 25 25 0 18 34 33 17 16 34 11 24 32 27 12 22 26 0 17 6 37 8 34 1 10 28 
21 25 22 29 43 28 35 22 26 34 33 6 46 42 43 17 37 33 17 9 39 39 27 24 26 7 41 31 21 21 10 44 17 0 20 48 25 47 18 28 33 
2 8 6 16 30 35 29 12 8 15 15 21 26 22 23 28 18 18 7 18 27 27 10 10 31 13 21 26 23 18 22 24 6 20 0 30 12 28 5 10 21 
29 23 35 39 13 45 27 40 23 16 15 51 28 13 16 46 11 16 37 41 16 15 21 23 41 42 22 28 37 48 44 26 37 48 30 0 38 5 35 32 18 
13 20 5 4 41 46 41 3 19 22 24 23 23 26 25 37 26 29 8 27 39 38 21 22 42 19 21 38 35 11 30 21 8 25 12 38 0 34 8 6 33 
26 22 31 35 18 47 30 37 21 13 14 49 22 8 11 47 9 16 34 41 20 19 20 23 43 41 16 30 38 44 44 20 34 47 28 5 34 0 32 28 19 
7 14 3 13 35 37 34 7 13 19 20 18 27 26 26 29 23 23 2 18 32 32 15 15 34 11 23 30 26 13 22 25 1 18 5 35 8 32 0 9 26 
11 16 6 7 36 45 38 9 15 16 19 27 18 20 19 38 21 24 10 28 34 33 17 18 41 21 15 35 34 17 31 16 10 28 10 32 6 28 9 0 28 
19 12 28 36 9 27 11 33 13 15 10 37 35 21 24 28 13 4 28 25 6 5 11 11 23 29 27 10 19 40 27 32 28 33 21 18 33 19 26 28 0 
0 391
162 357
157 352
15 210
121 316
168 363
39 234
75 270
102 297
16 211
127 322
100 295
20 215
115 310
106 301
105 300
155 350
33 228
153 348
41 236
34 229
176 371
116 311
105 300
81 276
167 362
84 279
178 373
99 294
22 217
9 204
158 353
70 265
91 286
30 225
27 222
180 375
75 270
4 199
38 233
70 265
