41
0 18 30 14 11 13 16 37 34 33 25 25 24 10 35 18 29 30 35 31 18 14 32 29 39 1 12 2 19 30 26 14 34 24 25 26 7 15 6 31 21 
18 0 11 22 26 7 19 23 16 16 23 12 11 18 17 30 13 18 16 16 30 14 17 18 23 19 6 17 2 20 20 8 22 27 8 37 25 8 23 18 14 
30 11 0 32 37 17 29 17 6 6 29 12 15 29 6 41 9 16 5 12 40 24 14 20 14 31 17 29 10 19 23 18 18 35 6 45 37 17 34 17 18 
14 22 32 0 8 21 4 45 38 38 13 33 19 5 39 8 36 39 37 39 7 8 28 21 45 15 16 12 24 40 38 13 43 9 30 41 18 24 20 25 32 
11 26 37 8 0 23 12 48 42 42 21 35 26 8 43 6 39 41 42 41 7 14 35 29 48 11 19 10 27 41 38 18 45 17 34 35 12 25 15 32 32 
13 7 17 21 23 0 20 24 21 20 26 12 17 17 22 28 16 17 23 18 28 16 24 24 25 14 6 13 7 18 17 11 22 28 12 30 20 3 17 24 10 
16 19 29 4 12 20 0 43 35 34 9 31 15 6 35 13 33 37 33 36 11 4 23 16 42 16 14 14 21 38 37 10 41 8 27 42 21 23 22 20 31 
37 23 17 45 48 24 43 0 12 11 46 12 32 41 13 53 9 7 18 6 53 38 32 38 6 38 29 38 21 9 16 32 3 50 15 41 43 22 39 35 17 
34 16 6 38 42 21 35 12 0 1 36 12 22 35 1 47 7 13 6 9 46 30 20 27 7 35 23 34 15 16 22 24 13 41 8 46 41 20 38 24 19 
33 16 6 38 42 20 34 11 1 0 36 11 22 34 2 46 6 12 7 8 46 30 21 27 7 35 22 33 14 15 21 24 12 41 8 45 40 19 37 24 18 
25 23 29 13 21 26 9 46 36 36 0 35 14 15 36 20 36 41 32 39 18 11 19 11 44 26 20 23 25 43 43 15 45 6 30 52 31 29 32 15 37 
25 12 12 33 35 12 31 12 12 11 35 0 23 29 13 41 4 6 16 5 40 26 25 29 14 26 17 25 10 8 11 20 10 39 6 34 31 10 28 27 7 
24 11 15 19 26 17 15 32 22 22 14 23 0 18 21 28 23 29 18 26 27 12 8 6 29 25 12 22 13 31 32 9 32 19 17 47 31 20 30 7 26 
10 18 29 5 8 17 6 41 35 34 15 29 18 0 35 12 32 34 34 34 11 6 27 21 41 10 12 8 20 35 33 10 39 14 26 36 15 20 16 24 27 
35 17 6 39 43 22 35 13 1 2 36 13 21 35 0 47 9 15 4 10 46 31 19 26 8 36 23 34 15 18 24 25 15 41 10 48 42 21 39 23 20 
18 30 41 8 6 28 13 53 47 46 20 41 28 12 47 0 44 46 46 46 2 16 36 29 53 17 24 16 32 47 44 22 51 14 39 41 18 31 21 33 38 
29 13 9 36 39 16 33 9 7 6 36 4 23 32 9 44 0 6 13 3 43 28 24 29 9 30 19 29 11 9 14 22 8 40 5 39 36 14 32 27 11 
30 18 16 39 41 17 37 7 13 12 41 6 29 34 15 46 6 0 19 4 46 32 31 35 12 31 23 30 16 2 9 27 4 45 11 34 36 15 32 33 9 
35 16 5 37 42 23 33 18 6 7 32 16 18 34 4 46 13 19 0 15 45 29 15 22 13 36 23 34 15 22 27 23 20 38 11 50 42 22 40 19 23 
31 16 12 39 41 18 36 6 9 8 39 5 26 34 10 46 3 4 15 0 46 31 27 32 8 32 22 31 14 7 13 25 5 43 9 38 37 15 33 30 11 
18 30 40 7 7 28 11 53 46 46 18 40 27 11 46 2 43 46 45 46 0 15 35 28 53 18 23 17 31 47 44 21 50 12 38 43 19 31 22 32 38 
14 14 24 8 14 16 4 38 30 30 11 26 12 6 31 16 28 32 29 31 15 0 20 15 37 15 9 12 16 34 33 6 36 12 23 40 20 19 21 18 26 
32 17 14 28 35 24 23 32 20 21 19 25 8 27 19 36 24 31 15 27 35 20 0 8 28 33 20 30 18 33 36 17 33 26 19 54 39 26 38 4 30 
29 18 20 21 29 24 16 38 27 27 11 29 6 21 26 29 29 35 22 32 28 15 8 0 35 30 18 27 20 37 39 14 38 17 23 53 35 26 35 4 33 
39 23 14 45 48 25 42 6 7 7 44 14 29 41 8 53 9 12 13 8 53 37 28 35 0 40 29 39 21 14 21 31 9 48 14 47 45 24 42 31 20 
1 19 31 15 11 14 16 38 35 35 26 26 25 10 36 17 30 31 36 32 18 15 33 30 40 0 14 3 21 31 27 16 35 24 26 26 6 16 5 32 22 
12 6 17 16 19 6 14 29 23 22 20 17 12 12 23 24 19 23 23 22 23 9 20 18 29 14 0 11 8 24 23 4 27 22 14 34 20 9 18 19 17 
2 17 29 12 10 13 14 38 34 33 23 25 22 8 34 16 29 30 34 31 17 12 30 27 39 3 11 0 19 31 27 13 35 22 25 28 8 15 8 29 22 
19 2 10 24 27 7 21 21 15 14 25 10 13 20 15 32 11 16 15 14 31 16 18 20 21 21 8 19 0 18 19 10 20 29 6 36 27 8 24 19 13 
30 20 19 40 41 18 38 9 16 15 43 8 31 35 18 47 9 2 22 7 47 34 33 37 14 31 24 31 18 0 6 28 5 46 14 32 35 15 31 35 8 
26 20 23 38 38 17 37 16 22 21 43 11 32 33 24 44 14 9 27 13 44 33 36 39 21 27 23 27 19 6 0 28 12 45 17 25 30 13 26 38 6 
14 8 18 13 18 11 10 32 24 24 15 20 9 10 25 22 22 27 23 25 21 6 17 14 31 16 4 13 10 28 28 0 30 18 17 39 22 14 21 16 21 
34 22 18 43 45 22 41 3 13 12 45 10 32 39 15 51 8 4 20 5 50 36 33 38 9 35 27 35 20 5 12 30 0 49 14 38 40 19 36 35 13 
24 27 35 9 17 28 8 50 41 41 6 39 19 14 41 14 40 45 38 43 12 12 26 17 48 24 22 22 29 46 45 18 49 0 34 50 28 31 30 22 39 
25 8 6 30 34 12 27 15 8 8 30 6 17 26 10 39 5 11 11 9 38 23 19 23 14 26 14 25 6 14 17 17 14 34 0 39 32 11 29 21 12 
26 37 45 41 35 30 42 41 46 45 52 34 47 36 48 41 39 34 50 38 43 40 54 53 47 26 34 28 36 32 25 39 38 50 39 0 23 28 20 54 27 
7 25 37 18 12 20 21 43 41 40 31 31 31 15 42 18 36 36 42 37 19 20 39 35 45 6 20 8 27 35 30 22 40 28 32 23 0 21 4 38 26 
15 8 17 24 25 3 23 22 20 19 29 10 20 20 21 31 14 15 22 15 31 19 26 26 24 16 9 15 8 15 13 14 19 31 11 28 21 0 18 26 7 
6 23 34 20 15 17 22 39 38 37 32 28 30 16 39 21 32 32 40 33 22 21 38 35 42 5 18 8 24 31 26 21 36 30 29 20 4 18 0 37 22 
31 18 17 25 32 24 20 35 24 24 15 27 7 24 23 33 27 33 19 30 32 18 4 4 31 32 19 29 19 35 38 16 35 22 21 54 38 26 37 0 32 
21 14 18 32 32 10 31 17 19 18 37 7 26 27 20 38 11 9 23 11 38 26 30 33 20 22 17 22 13 8 6 21 13 39 12 27 26 7 22 32 0 
0 587
129 422
188 481
75 368
139 432
150 443
0 293
157 450
244 537
147 440
47 340
123 416
120 413
272 565
194 487
5 298
144 437
111 404
154 447
77 370
290 583
255 548
224 517
225 518
18 311
286 579
98 391
0 293
292 585
53 346
260 553
156 449
128 421
248 541
89 382
234 527
54 347
75 368
217 510
121 414
10 303
