41
0 14 30 36 15 24 26 27 22 51 42 20 53 37 24 10 6 41 27 54 28 43 34 52 16 32 21 33 28 14 43 29 40 14 51 15 44 41 4 23 32 
14 0 24 27 2 11 18 16 17 37 27 17 38 24 15 7 8 26 12 39 14 31 20 38 10 22 6 25 15 13 34 19 29 11 37 14 32 30 11 14 22 
30 24 0 9 27 16 6 38 8 30 30 10 45 22 9 30 26 32 28 43 18 20 37 31 35 11 26 5 36 16 13 8 16 16 30 15 20 51 26 10 10 
36 27 9 0 29 15 10 37 14 21 22 18 37 15 12 33 30 25 25 35 14 10 33 21 37 5 25 4 34 23 7 7 6 22 20 22 11 48 32 13 5 
15 2 27 29 0 13 21 13 19 38 27 20 37 24 18 6 9 26 11 38 16 32 19 39 8 24 6 27 13 16 36 21 31 14 38 17 33 28 13 17 23 
24 11 16 15 13 0 10 22 10 27 20 13 33 14 7 18 17 20 12 33 4 19 21 28 21 10 10 14 20 14 23 8 17 12 27 15 20 34 19 6 10 
26 18 6 10 21 10 0 32 3 29 26 7 41 19 3 24 20 28 22 40 12 19 32 30 29 9 20 7 30 12 17 5 16 12 29 12 20 45 21 4 8 
27 16 38 37 13 22 32 0 31 39 26 32 30 27 28 17 22 23 11 33 22 37 9 40 12 31 12 37 3 29 44 31 36 27 39 31 37 14 26 28 31 
22 17 8 14 19 10 3 31 0 32 29 4 43 22 4 22 17 29 22 42 14 23 32 33 27 12 19 10 29 8 20 8 19 8 32 8 23 45 18 4 11 
51 37 30 21 38 27 29 39 32 0 12 36 22 13 29 44 44 16 28 18 23 10 31 1 45 20 32 25 35 40 21 24 14 39 0 40 10 43 46 29 21 
42 27 30 22 27 20 26 26 29 12 0 32 15 7 24 34 35 4 16 13 15 15 18 13 34 18 21 25 23 34 27 22 17 32 13 35 15 31 38 25 19 
20 17 10 18 20 13 7 32 4 36 32 0 46 25 7 21 16 33 24 46 17 27 34 37 27 16 20 14 31 6 23 12 23 6 36 5 27 46 15 7 15 
53 38 45 37 37 33 41 30 43 22 15 46 0 22 39 43 46 13 25 4 29 29 20 22 41 33 31 40 27 47 41 36 32 45 23 48 29 27 50 39 34 
37 24 22 15 24 14 19 27 22 13 7 25 22 0 18 31 31 10 15 20 9 10 20 14 32 11 19 17 24 28 20 14 11 26 13 28 10 35 33 18 12 
24 15 9 12 18 7 3 28 4 29 24 7 39 18 0 21 18 25 19 38 9 20 28 30 26 9 16 9 26 11 19 5 17 10 29 11 20 41 19 0 8 
10 7 30 33 6 18 24 17 22 44 34 21 43 31 21 0 6 32 18 45 21 38 24 45 6 28 12 31 17 15 40 26 36 14 44 17 39 31 9 20 28 
6 8 26 30 9 17 20 22 17 44 35 16 46 31 18 6 0 34 21 47 21 37 28 45 13 26 15 28 22 10 37 23 34 9 44 11 38 37 3 17 26 
41 26 32 25 26 20 28 23 29 16 4 33 13 10 25 32 34 0 14 13 16 19 14 17 31 21 20 27 19 34 30 23 20 32 17 35 19 27 37 25 21 
27 12 28 25 11 12 22 11 22 28 16 24 25 15 19 18 21 14 0 27 10 25 9 29 17 20 5 25 8 23 32 20 24 21 28 24 26 22 24 18 20 
54 39 43 35 38 33 40 33 42 18 13 46 4 20 38 45 47 13 27 0 28 26 23 18 43 32 32 38 30 47 38 35 29 45 19 48 26 31 50 38 33 
28 14 18 14 16 4 12 22 14 23 15 17 29 9 9 21 21 16 10 28 0 16 19 24 23 9 11 15 19 18 22 9 15 17 23 19 17 33 23 9 9 
43 31 20 10 32 19 19 37 23 10 15 27 29 10 20 38 37 19 25 26 16 0 31 11 40 10 27 14 34 31 11 14 3 30 10 31 0 45 38 20 11 
34 20 37 33 19 21 32 9 32 31 18 34 20 20 28 24 28 14 9 23 19 31 0 32 20 28 14 34 7 32 40 29 31 31 31 34 31 14 32 28 28 
52 38 31 21 39 28 30 40 33 1 13 37 22 14 30 45 45 17 29 18 24 11 32 0 46 21 33 25 36 41 22 25 15 40 1 41 10 44 48 30 22 
16 10 35 37 8 21 29 12 27 45 34 27 41 32 26 6 13 31 17 43 23 40 20 46 0 32 12 36 13 22 44 30 39 20 45 23 41 25 16 25 32 
32 22 11 5 24 10 9 31 12 20 18 16 33 11 9 28 26 21 20 32 9 10 28 21 32 0 20 6 28 20 12 4 7 19 20 20 11 42 28 9 0 
21 6 26 25 6 10 20 12 19 32 21 20 31 19 16 12 15 20 5 32 11 27 14 33 12 20 0 25 10 18 33 19 26 16 32 19 28 25 18 15 20 
33 25 5 4 27 14 7 37 10 25 25 14 40 17 9 31 28 27 25 38 15 14 34 25 36 6 25 0 34 19 9 5 10 19 24 19 15 48 28 10 6 
28 15 36 34 13 20 30 3 29 35 23 31 27 24 26 17 22 19 8 30 19 34 7 36 13 28 10 34 0 28 41 28 33 26 36 30 34 15 26 26 29 
14 13 16 23 16 14 12 29 8 40 34 6 47 28 11 15 10 34 23 47 18 31 32 41 22 20 18 19 28 0 29 16 28 1 40 1 32 43 9 10 19 
43 34 13 7 36 23 17 44 20 21 27 23 41 20 19 40 37 30 32 38 22 11 40 22 44 12 33 9 41 29 0 14 9 29 21 28 12 54 38 20 12 
29 19 8 7 21 8 5 31 8 24 22 12 36 14 5 26 23 23 20 35 9 14 29 25 30 4 19 5 28 16 14 0 11 15 24 16 15 43 24 6 3 
40 29 16 6 31 17 16 36 19 14 17 23 32 11 17 36 34 20 24 29 15 3 31 15 39 7 26 10 33 28 9 11 0 27 13 28 4 45 36 17 8 
14 11 16 22 14 12 12 27 8 39 32 6 45 26 10 14 9 32 21 45 17 30 31 40 20 19 16 19 26 1 29 15 27 0 39 3 31 42 9 9 19 
51 37 30 20 38 27 29 39 32 0 13 36 23 13 29 44 44 17 28 19 23 10 31 1 45 20 32 24 36 40 21 24 13 39 0 40 9 44 46 29 20 
15 14 15 22 17 15 12 31 8 40 35 5 48 28 11 17 11 35 24 48 19 31 34 41 23 20 19 19 30 1 28 16 28 3 40 0 32 45 10 10 19 
44 32 20 11 33 20 20 37 23 10 15 27 29 10 20 39 38 19 26 26 17 0 31 10 41 11 28 15 34 32 12 15 4 31 9 32 0 45 39 21 12 
41 30 51 48 28 34 45 14 45 43 31 46 27 35 41 31 37 27 22 31 33 45 14 44 25 42 25 48 15 43 54 43 45 42 44 45 45 0 40 41 43 
4 11 26 32 13 19 21 26 18 46 38 15 50 33 19 9 3 37 24 50 23 38 32 48 16 28 18 28 26 9 38 24 36 9 46 10 39 40 0 18 27 
23 14 10 13 17 6 4 28 4 29 25 7 39 18 0 20 17 25 18 38 9 20 28 30 25 9 15 10 26 10 20 6 17 9 29 10 21 41 18 0 9 
32 22 10 5 23 10 8 31 11 21 19 15 34 12 8 28 26 21 20 33 9 11 28 22 32 0 20 6 29 19 12 3 8 19 20 19 12 43 27 9 0 
0 416
147 355
105 313
85 293
165 373
86 294
150 358
72 280
203 411
67 275
70 278
82 290
74 282
166 374
101 309
30 238
110 318
179 387
46 254
134 342
29 237
34 242
2 210
62 270
75 283
195 403
193 401
52 260
157 365
41 249
69 277
9 217
6 214
189 397
126 334
75 283
82 290
4 212
186 394
80 288
192 400
