41
0 9 28 14 23 20 37 17 12 23 29 18 21 6 31 32 30 27 19 13 23 20 15 5 18 16 18 17 16 17 22 9 34 15 18 8 26 10 6 24 13 
9 0 18 5 27 21 29 16 16 17 24 25 12 10 22 33 22 26 15 17 15 29 22 14 28 7 28 13 23 12 23 17 26 24 15 16 35 19 15 33 23 
28 18 0 14 41 33 16 25 33 19 22 41 7 27 9 40 9 32 20 32 8 48 40 33 46 12 46 20 38 18 32 35 11 43 23 34 54 37 34 50 41 
14 5 14 0 32 25 27 19 19 18 24 30 7 13 19 36 19 29 16 22 12 34 26 19 32 6 32 15 27 14 26 21 23 29 18 21 40 24 20 38 28 
23 27 41 32 0 8 41 15 34 24 26 9 38 30 38 13 37 15 21 10 33 26 32 21 29 29 28 20 7 23 11 28 41 27 17 15 27 15 18 18 20 
20 21 33 25 8 0 33 7 32 15 18 13 30 26 29 12 29 9 13 7 24 29 32 19 31 21 30 12 10 14 3 27 32 29 9 15 32 16 17 24 22 
37 29 16 27 41 33 0 26 46 17 15 45 23 39 7 35 7 28 21 35 14 57 52 41 56 21 56 23 41 21 30 46 4 53 24 40 61 43 41 55 49 
17 16 25 19 15 7 26 0 29 9 13 18 23 23 22 17 22 10 5 9 17 32 32 19 33 14 32 5 15 7 6 26 25 30 2 16 36 18 18 29 24 
12 16 33 19 34 32 46 29 0 34 40 27 25 6 39 44 38 39 30 25 31 21 8 13 16 24 17 28 27 28 34 6 42 14 30 18 27 19 15 29 18 
23 17 19 18 24 15 17 9 34 0 6 27 20 27 13 21 13 13 3 18 10 40 38 26 40 12 40 6 24 5 13 32 16 37 6 24 44 26 25 38 32 
29 24 22 24 26 18 15 13 40 6 0 31 25 33 14 20 14 12 9 22 14 45 44 32 46 18 45 12 28 11 15 38 16 43 11 29 49 31 31 42 37 
18 25 41 30 9 13 45 18 27 27 31 0 36 24 40 22 40 22 24 9 34 17 24 14 20 29 19 22 3 24 17 20 44 19 20 9 18 7 11 10 11 
21 12 7 7 38 30 23 23 25 20 25 36 0 20 15 40 15 32 19 28 10 42 33 26 39 9 39 18 34 16 30 28 18 36 22 28 47 31 27 45 35 
6 10 27 13 30 26 39 23 6 27 33 24 20 0 32 39 32 33 24 20 25 23 13 10 19 18 20 21 23 22 29 8 36 16 23 15 29 16 12 29 18 
31 22 9 19 38 29 7 22 39 13 14 40 15 32 0 34 0 26 16 31 7 50 45 35 50 14 49 18 37 15 27 39 3 46 20 35 55 37 35 50 43 
32 33 40 36 13 12 35 17 44 21 20 22 40 39 34 0 34 8 21 19 32 39 44 32 42 31 41 21 20 23 10 39 37 40 18 27 41 27 29 31 33 
30 22 9 19 37 29 7 22 38 13 14 40 15 32 0 34 0 26 16 30 6 50 44 35 49 14 49 17 36 15 27 39 4 46 19 34 55 37 35 50 42 
27 26 32 29 15 9 28 10 39 13 12 22 32 33 26 8 26 0 13 16 24 38 41 28 41 23 39 14 19 15 5 35 29 38 11 24 41 25 26 32 31 
19 15 20 16 21 13 21 5 30 3 9 24 19 24 16 21 16 13 0 14 11 36 34 22 37 10 36 2 21 2 11 28 19 33 3 20 40 22 21 34 28 
13 17 32 22 10 7 35 9 25 18 22 9 28 20 31 19 30 16 14 0 24 23 25 12 24 19 23 13 6 15 10 20 34 22 11 7 26 9 10 19 15 
23 15 8 12 33 24 14 17 31 10 14 34 10 25 7 32 6 24 11 24 0 43 38 28 42 7 42 12 31 9 23 32 11 39 15 28 48 31 28 44 36 
20 29 48 34 26 29 57 32 21 40 45 17 42 23 50 39 50 38 36 23 43 0 13 15 5 36 3 34 19 36 33 15 54 6 34 16 6 13 15 11 7 
15 22 40 26 32 32 52 32 8 38 44 24 33 13 45 44 44 41 34 25 38 13 0 13 8 30 10 32 25 32 35 5 49 7 33 17 20 17 14 24 13 
5 14 33 19 21 19 41 19 13 26 32 14 26 10 35 32 35 28 22 12 28 15 13 0 14 21 14 19 13 21 22 7 39 11 20 5 21 6 2 19 8 
18 28 46 32 29 31 56 33 16 40 46 20 39 19 50 42 49 41 37 24 42 5 8 14 0 35 1 34 22 36 35 11 53 3 34 17 11 15 15 17 9 
16 7 12 6 29 21 21 14 24 12 18 29 9 18 14 31 14 23 10 19 7 36 30 21 35 0 35 9 26 8 21 24 18 32 13 21 42 24 21 38 29 
18 28 46 32 28 30 56 32 17 40 45 19 39 20 49 41 49 39 36 23 42 3 10 14 1 35 0 33 21 35 34 12 53 3 33 16 9 14 14 15 8 
17 13 20 15 20 12 23 5 28 6 12 22 18 21 18 21 17 14 2 13 12 34 32 19 34 9 33 0 19 2 11 26 21 31 3 17 38 20 19 32 26 
16 23 38 27 7 10 41 15 27 24 28 3 34 23 37 20 36 19 21 6 31 19 25 13 22 26 21 19 0 21 14 21 40 20 17 8 21 8 11 14 12 
17 12 18 14 23 14 21 7 28 5 11 24 16 22 15 23 15 15 2 15 9 36 32 21 36 8 35 2 21 0 13 27 19 32 5 19 40 22 20 35 28 
22 23 32 26 11 3 30 6 34 13 15 17 30 29 27 10 27 5 11 10 23 33 35 22 35 21 34 11 14 13 0 30 30 32 8 18 36 20 21 28 25 
9 17 35 21 28 27 46 26 6 32 38 20 28 8 39 39 39 35 28 20 32 15 5 7 11 24 12 26 21 27 30 0 43 8 27 12 21 13 9 23 11 
34 26 11 23 41 32 4 25 42 16 16 44 18 36 3 37 4 29 19 34 11 54 49 39 53 18 53 21 40 19 30 43 0 50 23 38 59 41 39 54 47 
15 24 43 29 27 29 53 30 14 37 43 19 36 16 46 40 46 38 33 22 39 6 7 11 3 32 3 31 20 32 32 8 50 0 31 14 13 12 12 17 7 
18 15 23 18 17 9 24 2 30 6 11 20 22 23 20 18 19 11 3 11 15 34 33 20 34 13 33 3 17 5 8 27 23 31 0 17 37 20 19 31 26 
8 16 34 21 15 15 40 16 18 24 29 9 28 15 35 27 34 24 20 7 28 16 17 5 17 21 16 17 8 19 18 12 38 14 17 0 20 2 2 16 8 
26 35 54 40 27 32 61 36 27 44 49 18 47 29 55 41 55 41 40 26 48 6 20 21 11 42 9 38 21 40 36 21 59 13 37 20 0 18 20 9 12 
10 19 37 24 15 16 43 18 19 26 31 7 31 16 37 27 37 25 22 9 31 13 17 6 15 24 14 20 8 22 20 13 41 12 20 2 18 0 4 13 6 
6 15 34 20 18 17 41 18 15 25 31 11 27 12 35 29 35 26 21 10 28 15 14 2 15 21 14 19 11 20 21 9 39 12 19 2 20 4 0 17 7 
24 33 50 38 18 24 55 29 29 38 42 10 45 29 50 31 50 32 34 19 44 11 24 19 17 38 15 32 14 35 28 23 54 17 31 16 9 13 17 0 11 
13 23 41 28 20 22 49 24 18 32 37 11 35 18 43 33 42 31 28 15 36 7 13 8 9 29 8 26 12 28 25 11 47 7 26 8 12 6 7 11 0 
0 244
14 136
79 201
110 232
30 152
21 143
60 182
117 239
25 147
78 200
36 158
10 132
14 136
104 226
95 217
98 220
0 122
38 160
108 230
72 194
83 205
20 142
96 218
53 175
17 139
120 242
111 233
5 127
8 130
28 150
112 234
68 190
88 210
110 232
78 200
6 128
33 155
31 153
80 202
8 130
111 233
