41
0 23 30 21 9 22 26 19 15 10 31 20 12 15 12 27 26 11 19 22 23 30 19 5 20 13 26 7 14 17 10 31 31 15 17 32 16 22 25 14 20 
23 0 28 44 28 11 22 29 38 14 12 30 35 26 28 4 7 26 42 19 15 11 34 27 40 11 7 30 8 6 18 15 9 35 8 9 39 33 8 31 43 
30 28 0 46 40 17 5 15 39 23 23 49 36 44 42 28 22 41 43 44 12 39 22 29 32 30 23 36 24 25 35 43 36 29 22 28 40 52 20 45 45 
21 44 46 0 18 42 43 30 6 31 52 28 9 26 20 48 47 22 3 38 43 50 25 18 16 33 47 13 35 38 28 50 52 17 38 53 5 27 46 20 0 
9 28 40 18 0 30 35 28 15 18 39 12 13 8 3 32 33 4 18 20 32 32 27 13 24 17 33 7 21 23 10 32 35 21 25 38 15 13 32 5 17 
22 11 17 42 30 0 11 20 36 11 10 36 33 31 32 11 7 29 40 28 4 22 26 24 34 15 7 29 9 9 22 26 20 30 6 13 37 39 4 34 42 
26 22 5 43 35 11 0 14 36 18 18 44 33 39 38 22 17 36 40 38 7 33 21 25 31 24 18 32 18 19 30 38 31 27 16 23 37 47 15 40 42 
19 29 15 30 28 20 14 0 24 17 30 39 21 34 31 31 27 30 27 39 18 40 6 15 16 25 27 22 21 23 27 43 39 13 21 34 25 41 25 33 30 
15 38 39 6 15 36 36 24 0 25 46 27 3 24 18 42 41 19 3 35 36 45 19 12 12 28 41 8 29 32 23 46 47 11 32 47 1 27 39 18 6 
10 14 23 31 18 11 18 17 25 0 21 26 22 21 20 17 16 18 29 22 13 23 20 13 26 7 16 18 5 7 12 26 23 21 7 22 26 29 14 23 30 
31 12 23 52 39 10 18 30 46 21 0 42 43 38 39 8 5 37 50 31 12 20 36 34 45 21 5 39 17 15 29 24 15 40 14 6 47 45 6 42 52 
20 30 49 28 12 36 44 39 27 26 42 0 26 5 9 34 37 9 29 14 40 29 39 25 37 21 37 20 27 28 14 28 34 33 30 39 27 2 37 8 28 
12 35 36 9 13 33 33 21 3 22 43 26 0 22 16 39 38 18 7 33 33 42 17 9 11 25 38 6 26 29 21 43 44 9 29 44 4 26 36 17 9 
15 26 44 26 8 31 39 34 24 21 38 5 22 0 6 30 33 4 26 12 34 27 34 21 33 16 32 16 22 23 9 26 30 29 25 35 24 7 32 6 26 
12 28 42 20 3 32 38 31 18 20 39 9 16 6 0 33 34 2 20 18 34 31 30 16 28 17 34 10 22 24 10 31 34 24 26 38 18 10 33 2 20 
27 4 28 48 32 11 22 31 42 17 8 34 39 30 33 0 5 30 46 23 15 11 36 30 43 15 5 34 12 10 22 16 8 38 10 5 43 37 7 35 47 
26 7 22 47 33 7 17 27 41 16 5 37 38 33 34 5 0 32 45 27 10 17 33 29 41 16 0 34 12 10 24 21 14 36 9 6 42 40 2 37 47 
11 26 41 22 4 29 36 30 19 18 37 9 18 4 2 30 32 0 22 16 32 28 30 16 29 15 32 11 20 21 8 28 31 25 23 35 20 11 31 5 22 
19 42 43 3 18 40 40 27 3 29 50 29 7 26 20 46 45 22 0 38 40 48 22 16 13 32 45 12 33 36 27 49 50 13 36 51 2 28 43 20 3 
22 19 44 38 20 28 38 39 35 22 31 14 33 12 18 23 27 16 38 0 32 15 41 28 42 14 26 26 20 19 12 13 20 38 22 27 36 17 27 19 38 
23 15 12 43 32 4 7 18 36 13 12 40 33 34 34 15 10 32 40 32 0 26 24 24 33 19 11 30 13 12 25 31 24 29 10 17 37 42 8 37 42 
30 11 39 50 32 22 33 40 45 23 20 29 42 27 31 11 17 28 48 15 26 0 44 35 49 17 16 36 18 16 21 4 5 44 19 14 45 32 18 33 49 
19 34 22 25 27 26 21 6 19 20 36 39 17 34 30 36 33 30 22 41 24 44 0 13 10 28 33 20 25 27 28 47 43 8 25 40 20 41 31 32 25 
5 27 29 18 13 24 25 15 12 13 34 25 9 21 16 30 29 16 16 28 24 35 13 0 14 17 29 7 18 20 15 37 36 9 20 35 13 27 27 18 18 
20 40 32 16 24 34 31 16 12 26 45 37 11 33 28 43 41 29 13 42 33 49 10 14 0 32 41 17 31 33 30 51 50 5 32 47 12 38 39 29 16 
13 11 30 33 17 15 24 25 28 7 21 21 25 16 17 15 16 15 32 14 19 17 28 17 32 0 16 19 5 6 7 19 18 27 9 20 29 24 16 20 33 
26 7 23 47 33 7 18 27 41 16 5 37 38 32 34 5 0 32 45 26 11 16 33 29 41 16 0 34 12 10 23 21 13 36 9 6 42 40 2 37 47 
7 30 36 13 7 29 32 22 8 18 39 20 6 16 10 34 34 11 12 26 30 36 20 7 17 19 34 0 22 24 14 37 38 13 25 39 9 21 32 12 13 
14 8 24 35 21 9 18 21 29 5 17 27 26 22 22 12 12 20 33 20 13 18 25 18 31 5 12 22 0 2 12 21 18 26 3 17 30 29 11 25 35 
17 6 25 38 23 9 19 23 32 7 15 28 29 23 24 10 10 21 36 19 12 16 27 20 33 6 10 24 2 0 13 20 16 28 2 15 33 30 9 27 37 
10 18 35 28 10 22 30 27 23 12 29 14 21 9 10 22 24 8 27 12 25 21 28 15 30 7 23 14 12 13 0 22 24 25 16 27 24 17 23 13 27 
31 15 43 50 32 26 38 43 46 26 24 28 43 26 31 16 21 28 49 13 31 4 47 37 51 19 21 37 21 20 22 0 9 46 22 18 47 31 23 33 50 
31 9 36 52 35 20 31 39 47 23 15 34 44 30 34 8 14 31 50 20 24 5 43 36 50 18 13 38 18 16 24 9 0 45 18 9 47 37 15 37 51 
15 35 29 17 21 30 27 13 11 21 40 33 9 29 24 38 36 25 13 38 29 44 8 9 5 27 36 13 26 28 25 46 45 0 27 42 11 34 34 25 16 
17 8 22 38 25 6 16 21 32 7 14 30 29 25 26 10 9 23 36 22 10 19 25 20 32 9 9 25 3 2 16 22 18 27 0 15 33 33 7 28 38 
32 9 28 53 38 13 23 34 47 22 6 39 44 35 38 5 6 35 51 27 17 14 40 35 47 20 6 39 17 15 27 18 9 42 15 0 48 42 8 40 52 
16 39 40 5 15 37 37 25 1 26 47 27 4 24 18 43 42 20 2 36 37 45 20 13 12 29 42 9 30 33 24 47 47 11 33 48 0 27 40 18 5 
22 33 52 27 13 39 47 41 27 29 45 2 26 7 10 37 40 11 28 17 42 32 41 27 38 24 40 21 29 30 17 31 37 34 33 42 27 0 40 9 27 
25 8 20 46 32 4 15 25 39 14 6 37 36 32 33 7 2 31 43 27 8 18 31 27 39 16 2 32 11 9 23 23 15 34 7 8 40 40 0 36 45 
14 31 45 20 5 34 40 33 18 23 42 8 17 6 2 35 37 5 20 19 37 33 32 18 29 20 37 12 25 27 13 33 37 25 28 40 18 9 36 0 19 
20 43 45 0 17 42 42 30 6 30 52 28 9 26 20 47 47 22 3 38 42 49 25 18 16 33 47 13 35 37 27 50 51 16 38 52 5 27 45 19 0 
0 391
129 246
234 351
63 180
157 274
8 125
243 360
10 127
59 176
249 366
34 151
176 293
54 171
43 160
157 274
61 178
150 267
198 315
59 176
48 165
169 286
227 344
94 211
97 214
162 279
3 120
39 156
40 157
115 232
6 123
2 119
187 304
27 144
157 274
20 137
228 345
152 269
165 282
164 281
152 269
128 245
