41
0 15 33 21 42 32 8 39 16 33 29 45 24 26 15 35 4 21 36 38 14 35 25 36 34 3 42 33 33 17 38 16 2 25 39 33 24 21 35 30 35 
15 0 44 31 45 33 19 27 12 20 39 42 31 16 28 32 10 7 42 24 7 43 11 41 21 14 44 45 41 24 40 30 13 28 44 31 29 7 38 33 34 
33 44 0 12 24 26 38 54 34 50 4 38 14 42 18 36 36 45 12 56 37 7 47 18 53 36 26 3 9 20 24 18 34 22 20 33 18 46 21 19 32 
21 31 12 0 25 21 27 44 22 39 8 34 7 31 7 29 24 33 16 45 24 14 35 18 41 24 26 14 12 8 22 10 21 14 22 26 10 33 19 15 26 
42 45 24 25 0 12 49 42 32 40 22 17 18 35 32 20 43 42 11 45 37 16 42 6 43 45 3 27 15 25 5 35 41 17 3 18 17 43 6 12 15 
32 33 26 21 12 0 41 31 20 28 22 13 14 23 27 9 33 30 16 33 26 20 29 10 31 35 10 30 18 17 7 30 32 7 12 7 10 31 6 6 5 
8 19 38 27 49 41 0 46 24 39 34 53 32 33 20 44 10 26 43 44 20 41 31 44 40 6 50 38 39 24 46 20 9 33 47 42 32 26 43 37 44 
39 27 54 44 42 31 46 0 24 6 49 29 40 13 46 22 36 19 46 4 25 50 15 41 6 40 39 57 47 36 37 49 37 32 43 24 35 20 37 36 26 
16 12 34 22 32 20 24 24 0 18 29 30 20 10 22 20 14 11 30 24 5 32 13 28 20 18 31 36 29 14 27 25 14 15 31 19 17 12 26 21 21 
33 20 50 39 40 28 39 6 18 0 45 30 35 7 40 21 29 13 43 5 18 46 8 39 2 33 38 53 44 31 35 43 30 28 40 22 31 13 35 32 25 
29 39 4 8 22 22 34 49 29 45 0 35 9 37 14 32 32 40 11 51 32 7 42 16 48 32 24 7 7 15 21 15 29 17 18 29 14 41 18 15 28 
45 42 38 34 17 13 53 29 30 30 35 0 27 27 41 10 44 37 26 33 35 31 35 20 32 47 13 42 29 30 14 44 44 21 19 11 24 38 16 20 9 
24 31 14 7 18 14 32 40 20 35 9 27 0 28 14 22 27 31 11 41 24 11 33 12 38 28 19 17 9 7 15 17 24 8 15 19 4 32 12 7 19 
26 16 42 31 35 23 33 13 10 7 37 27 28 0 32 17 23 9 36 13 12 39 7 33 10 27 33 45 36 23 30 35 24 21 35 18 24 10 29 26 21 
15 28 18 7 32 27 20 46 22 40 14 41 14 32 0 34 19 32 23 46 23 21 35 26 42 18 33 18 20 10 30 3 16 19 29 31 16 32 27 22 32 
35 32 36 29 20 9 44 22 20 21 32 10 22 17 34 0 34 27 26 25 25 30 25 20 24 38 17 39 27 23 15 37 34 15 21 2 18 27 16 16 4 
4 10 36 24 43 33 10 36 14 29 32 44 27 23 19 34 0 16 38 34 10 38 21 38 30 4 43 37 36 19 39 21 2 26 41 33 25 17 36 31 35 
21 7 45 33 42 30 26 19 11 13 40 37 31 9 32 27 16 0 42 17 8 43 4 39 14 20 41 47 41 25 37 34 18 26 42 26 28 0 36 32 29 
36 42 12 16 11 16 43 46 30 43 11 26 11 36 23 26 38 42 0 49 35 5 42 6 46 39 13 16 4 19 12 25 36 15 8 23 13 43 10 10 21 
38 24 56 45 45 33 44 4 24 5 51 33 41 13 46 25 34 17 49 0 24 52 13 44 3 38 42 59 49 37 40 49 36 34 45 27 37 17 40 38 29 
14 7 37 24 37 26 20 25 5 18 32 35 24 12 23 25 10 8 35 24 0 36 11 33 20 14 36 39 34 17 32 26 11 20 36 24 21 9 31 26 26 
35 43 7 14 16 20 41 50 32 46 7 31 11 39 21 30 38 43 5 52 36 0 44 11 49 38 18 11 2 19 17 23 35 18 13 27 15 44 14 14 25 
25 11 47 35 42 29 31 15 13 8 42 35 33 7 35 25 21 4 42 13 11 44 0 39 9 25 40 49 42 27 37 37 23 27 41 25 29 4 36 32 28 
36 41 18 18 6 10 44 41 28 39 16 20 12 33 26 20 38 39 6 44 33 11 39 0 42 40 8 22 9 19 6 29 36 12 3 17 12 40 4 7 15 
34 21 53 41 43 31 40 6 20 2 48 32 38 10 42 24 30 14 46 3 20 49 9 42 0 34 41 55 46 34 38 46 32 31 43 25 34 14 38 35 28 
3 14 36 24 45 35 6 40 18 33 32 47 28 27 18 38 4 20 39 38 14 38 25 40 34 0 45 36 36 20 41 19 3 28 43 36 27 21 38 33 38 
42 44 26 26 3 10 50 39 31 38 24 13 19 33 33 17 43 41 13 42 36 18 40 8 41 45 0 30 17 25 3 36 41 16 5 15 18 42 6 12 12 
33 45 3 14 27 30 38 57 36 53 7 42 17 45 18 39 37 47 16 59 39 11 49 22 55 36 30 0 13 22 28 17 34 25 24 36 22 48 25 23 36 
33 41 9 12 15 18 39 47 29 44 7 29 9 36 20 27 36 41 4 49 34 2 42 9 46 36 17 13 0 17 15 22 33 15 11 25 12 42 12 11 23 
17 24 20 8 25 17 24 36 14 31 15 30 7 23 10 23 19 25 19 37 17 19 27 19 34 20 25 22 17 0 21 14 17 9 22 20 7 26 18 13 21 
38 40 24 22 5 7 46 37 27 35 21 14 15 30 30 15 39 37 12 40 32 17 37 6 38 41 3 28 15 21 0 33 37 12 5 13 14 38 3 8 10 
16 30 18 10 35 30 20 49 25 43 15 44 17 35 3 37 21 34 25 49 26 23 37 29 46 19 36 17 22 14 33 0 18 23 32 35 20 35 30 25 35 
2 13 34 21 41 32 9 37 14 30 29 44 24 24 16 34 2 18 36 36 11 35 23 36 32 3 41 34 33 17 37 18 0 24 39 32 24 19 35 29 34 
25 28 22 14 17 7 33 32 15 28 17 21 8 21 19 15 26 26 15 34 20 18 27 12 31 28 16 25 15 9 12 23 24 0 15 12 3 27 10 5 12 
39 44 20 22 3 12 47 43 31 40 18 19 15 35 29 21 41 42 8 45 36 13 41 3 43 43 5 24 11 22 5 32 39 15 0 18 15 42 5 10 16 
33 31 33 26 18 7 42 24 19 22 29 11 19 18 31 2 33 26 23 27 24 27 25 17 25 36 15 36 25 20 13 35 32 12 18 0 15 27 13 13 3 
24 29 18 10 17 10 32 35 17 31 14 24 4 24 16 18 25 28 13 37 21 15 29 12 34 27 18 22 12 7 14 20 24 3 15 15 0 29 11 5 15 
21 7 46 33 43 31 26 20 12 13 41 38 32 10 32 27 17 0 43 17 9 44 4 40 14 21 42 48 42 26 38 35 19 27 42 27 29 0 37 32 30 
35 38 21 19 6 6 43 37 26 35 18 16 12 29 27 16 36 36 10 40 31 14 36 4 38 38 6 25 12 18 3 30 35 10 5 13 11 37 0 5 11 
30 33 19 15 12 6 37 36 21 32 15 20 7 26 22 16 31 32 10 38 26 14 32 7 35 33 12 23 11 13 8 25 29 5 10 13 5 32 5 0 12 
35 34 32 26 15 5 44 26 21 25 28 9 19 21 32 4 35 29 21 29 26 25 28 15 28 38 12 36 23 21 10 35 34 12 16 3 15 30 11 12 0 
0 489
106 350
143 387
239 483
111 355
243 487
141 385
20 264
76 320
210 454
117 361
206 450
177 421
164 408
88 332
161 405
204 448
176 420
136 380
3 247
161 405
66 310
160 404
79 323
205 449
11 255
236 480
151 395
23 267
216 460
187 431
120 364
34 278
205 449
158 402
96 340
113 357
232 476
234 478
88 332
193 437
