41
0 8 14 37 37 44 21 32 43 27 14 34 28 6 43 34 9 20 31 47 33 14 28 22 43 46 18 23 48 27 11 10 18 25 41 23 37 15 39 14 19 
8 0 18 29 31 41 14 25 37 26 7 27 23 4 39 26 15 14 23 46 27 8 21 26 40 42 11 16 43 19 12 4 14 19 40 17 31 21 33 21 14 
14 18 0 41 34 36 25 33 39 17 25 33 24 13 36 38 4 32 38 36 32 26 38 8 36 37 28 33 43 36 7 22 15 26 30 35 34 5 36 10 19 
37 29 41 0 20 34 16 10 22 34 26 12 23 32 31 3 41 27 8 46 15 29 17 48 33 36 23 19 29 16 34 30 26 15 42 26 18 47 20 49 22 
37 31 34 20 0 14 19 10 5 19 32 7 10 31 11 20 36 37 25 26 5 36 32 37 13 16 32 31 11 30 28 35 19 13 23 38 1 40 2 44 17 
44 41 36 34 14 0 31 24 12 19 43 22 17 39 3 35 40 50 39 13 19 47 46 37 0 1 44 44 9 44 33 45 26 25 12 51 15 42 13 47 27 
21 14 25 16 19 31 0 11 25 23 13 13 14 15 29 13 25 18 13 40 14 17 16 32 30 33 12 13 31 13 18 16 11 6 34 19 18 30 21 33 7 
32 25 33 10 10 24 11 0 14 24 24 2 13 26 21 10 34 28 14 36 4 28 22 39 23 26 23 21 21 20 26 27 18 6 31 29 9 39 12 42 13 
43 37 39 22 5 12 25 14 0 24 38 12 15 37 9 24 41 43 29 26 10 42 37 42 12 14 37 36 6 35 34 40 25 18 23 44 6 45 3 49 23 
27 26 17 34 19 19 23 24 24 0 31 23 11 23 19 33 21 38 35 20 21 34 39 18 18 20 33 36 26 37 15 31 12 19 14 41 20 23 21 28 16 
14 7 25 26 32 43 13 24 38 31 0 26 26 11 41 22 22 7 18 50 27 3 14 33 42 45 4 9 44 13 19 4 18 19 44 10 32 28 34 28 16 
34 27 33 12 7 22 13 2 12 23 26 0 11 28 18 12 34 31 17 33 2 30 25 39 21 24 25 24 18 23 27 29 18 8 29 31 6 39 9 43 14 
28 23 24 23 10 17 14 13 15 11 26 11 0 22 15 22 26 33 25 25 9 30 30 27 16 19 27 28 20 28 18 27 10 9 19 34 10 29 12 34 10 
6 4 13 32 31 39 15 26 37 23 11 28 22 0 37 28 11 18 26 43 27 13 25 22 38 40 15 20 42 23 8 8 12 19 37 21 31 16 33 18 13 
43 39 36 31 11 3 29 21 9 19 41 18 15 37 0 31 39 47 36 16 16 45 43 37 2 5 41 41 7 41 32 43 25 22 14 49 12 42 10 46 25 
34 26 38 3 20 35 13 10 24 33 22 12 22 28 31 0 38 23 5 46 15 25 14 45 34 36 19 15 30 12 31 26 24 13 41 23 19 44 21 46 19 
9 15 4 41 36 40 25 34 41 21 22 34 26 11 39 38 0 29 37 40 33 23 36 12 39 41 26 31 45 34 7 19 16 27 34 32 36 5 38 8 20 
20 14 32 27 37 50 18 28 43 38 7 31 33 18 47 23 29 0 19 57 32 6 11 40 49 51 5 8 49 11 26 10 26 24 51 3 37 35 40 34 23 
31 23 38 8 25 39 13 14 29 35 18 17 25 26 36 5 37 19 0 50 19 21 9 45 38 41 15 10 35 7 31 23 25 15 45 18 23 43 26 45 20 
47 46 36 46 26 13 40 36 26 20 50 33 25 43 16 46 40 57 50 0 31 53 56 33 13 12 51 53 22 53 35 50 31 34 6 59 27 40 26 46 34 
33 27 32 15 5 19 14 4 10 21 27 2 9 27 16 15 33 32 19 31 0 31 26 37 19 21 26 25 17 24 26 30 17 8 27 33 4 38 7 42 14 
14 8 26 29 36 47 17 28 42 34 3 30 30 13 45 25 23 6 21 53 31 0 15 35 46 49 6 11 48 14 21 4 22 23 48 9 36 28 38 28 20 
28 21 38 17 32 46 16 22 37 39 14 25 30 25 43 14 36 11 9 56 26 15 0 46 45 48 10 4 43 2 31 18 27 21 50 9 31 42 34 43 23 
22 26 8 48 37 37 32 39 42 18 33 39 27 22 37 45 12 40 45 33 37 35 46 0 36 37 37 42 44 44 14 30 21 32 28 44 38 8 39 13 26 
43 40 36 33 13 0 30 23 12 18 42 21 16 38 2 34 39 49 38 13 19 46 45 36 0 2 43 43 9 43 32 44 25 24 12 50 14 41 12 46 26 
46 42 37 36 16 1 33 26 14 20 45 24 19 40 5 36 41 51 41 12 21 49 48 37 2 0 46 46 10 46 34 46 28 27 11 53 17 43 15 48 29 
18 11 28 23 32 44 12 23 37 33 4 25 27 15 41 19 26 5 15 51 26 6 10 37 43 46 0 5 44 8 22 8 21 19 46 7 31 32 34 32 17 
23 16 33 19 31 44 13 21 36 36 9 24 28 20 41 15 31 8 10 53 25 11 4 42 43 46 5 0 43 3 27 14 23 19 48 7 30 37 33 38 19 
48 43 43 29 11 9 31 21 6 26 44 18 20 42 7 30 45 49 35 22 17 48 43 44 9 10 44 43 0 42 38 46 30 25 22 50 12 48 9 53 29 
27 19 36 16 30 44 13 20 35 37 13 23 28 23 41 12 34 11 7 53 24 14 2 44 43 46 8 3 42 0 29 17 25 18 48 10 29 40 32 41 20 
11 12 7 34 28 33 18 26 34 15 19 27 18 8 32 31 7 26 31 35 26 21 31 14 32 34 22 27 38 29 0 17 9 19 29 29 28 12 30 15 12 
10 4 22 30 35 45 16 27 40 31 4 29 27 8 43 26 19 10 23 50 30 4 18 30 44 46 8 14 46 17 17 0 19 22 44 13 34 24 37 24 17 
18 14 15 26 19 26 11 18 25 12 18 18 10 12 25 24 16 26 25 31 17 22 27 21 25 28 21 23 30 25 9 19 0 11 25 28 19 21 21 24 5 
25 19 26 15 13 25 6 6 18 19 19 8 9 19 22 13 27 24 15 34 8 23 21 32 24 27 19 19 25 18 19 22 11 0 29 26 12 32 15 35 6 
41 40 30 42 23 12 34 31 23 14 44 29 19 37 14 41 34 51 45 6 27 48 50 28 12 11 46 48 22 48 29 44 25 29 0 53 24 35 23 40 28 
23 17 35 26 38 51 19 29 44 41 10 31 34 21 49 23 32 3 18 59 33 9 9 44 50 53 7 7 50 10 29 13 28 26 53 0 38 38 40 37 25 
37 31 34 18 1 15 18 9 6 20 32 6 10 31 12 19 36 37 23 27 4 36 31 38 14 17 31 30 12 29 28 34 19 12 24 38 0 40 2 44 17 
15 21 5 47 40 42 30 39 45 23 28 39 29 16 42 44 5 35 43 40 38 28 42 8 41 43 32 37 48 40 12 24 21 32 35 38 40 0 42 5 25 
39 33 36 20 2 13 21 12 3 21 34 9 12 33 10 21 38 40 26 26 7 38 34 39 12 15 34 33 9 32 30 37 21 15 23 40 2 42 0 46 20 
14 21 10 49 44 47 33 42 49 28 28 43 34 18 46 46 8 34 45 46 42 28 43 13 46 48 32 38 53 41 15 24 24 35 40 37 44 5 46 0 28 
19 14 19 22 17 27 7 13 23 16 16 14 10 13 25 19 20 23 20 34 14 20 23 26 26 29 17 19 29 20 12 17 5 6 28 25 17 25 20 28 0 
0 685
271 545
59 333
146 420
209 483
257 531
325 599
347 621
383 657
295 569
324 598
308 582
108 382
145 419
173 447
232 506
343 617
102 376
314 588
360 634
384 658
313 587
157 431
219 493
373 647
231 505
8 282
325 599
170 444
249 523
159 433
2 276
224 498
238 512
292 566
86 360
327 601
249 523
159 433
405 679
232 506
