41
0 24 35 13 15 27 26 27 34 10 3 3 15 31 20 33 31 11 8 11 18 27 22 17 24 31 15 29 22 41 40 42 14 29 38 29 23 21 23 34 34 
24 0 44 13 39 15 39 24 24 33 21 22 36 23 18 39 7 15 23 35 7 50 36 25 42 14 21 13 24 20 35 19 32 4 37 9 31 30 32 19 21 
35 44 0 33 31 31 9 21 28 29 36 39 25 25 52 5 49 42 43 40 43 33 13 20 16 37 23 36 19 45 20 48 21 47 15 40 13 15 12 34 32 
13 13 33 0 26 14 26 17 22 20 11 13 23 19 20 29 20 11 16 25 10 37 23 13 28 18 9 15 14 27 30 28 18 17 30 15 19 18 20 21 21 
15 39 31 26 0 38 21 33 43 6 19 19 6 39 35 32 46 26 22 10 33 11 18 21 15 43 23 41 28 53 44 54 12 44 40 42 24 22 22 44 44 
27 15 31 14 38 0 29 10 8 32 25 28 33 7 32 26 19 25 31 38 19 47 27 18 34 6 15 4 13 15 19 17 27 17 22 8 20 20 23 6 7 
26 39 9 26 21 29 0 20 29 20 28 30 15 26 45 11 45 35 35 30 37 24 4 13 8 36 17 34 16 44 25 47 12 43 20 37 8 9 6 34 32 
27 24 21 17 33 10 20 0 9 28 26 28 27 6 37 15 28 28 32 36 25 41 18 12 26 16 11 15 5 24 13 27 21 27 13 18 11 11 14 13 12 
34 24 28 22 43 8 29 9 0 37 33 35 37 3 40 23 26 33 39 45 28 51 28 21 36 11 20 11 15 16 12 19 31 25 16 15 21 21 24 6 3 
10 33 29 20 6 32 20 28 37 0 13 14 5 33 30 29 40 21 18 10 27 17 16 16 15 37 17 35 22 47 39 48 8 37 36 36 20 18 18 38 38 
3 21 36 11 19 25 28 26 33 13 0 2 18 30 17 34 28 7 7 14 14 30 24 17 27 29 15 26 22 38 39 39 16 25 38 26 24 22 23 32 32 
3 22 39 13 19 28 30 28 35 14 2 0 19 32 16 37 29 7 4 13 15 30 26 19 28 31 17 29 24 40 42 41 18 27 41 28 26 24 26 34 35 
15 36 25 23 6 33 15 27 37 5 18 19 0 33 35 26 43 26 23 15 31 14 12 15 10 39 18 36 22 49 37 50 6 41 34 38 18 16 15 39 38 
31 23 25 19 39 7 26 6 3 33 30 32 33 0 39 20 26 31 36 42 26 47 25 18 32 12 16 11 11 19 12 22 27 25 14 16 17 18 20 8 6 
20 18 52 20 35 32 45 37 40 30 17 16 35 39 0 49 23 10 12 26 12 46 41 32 44 32 29 30 35 39 50 38 34 21 51 28 39 37 39 37 38 
33 39 5 29 32 26 11 15 23 29 34 37 26 20 49 0 44 39 41 40 39 36 13 17 19 32 20 31 15 39 15 42 21 42 10 34 10 12 11 28 26 
31 7 49 20 46 19 45 28 26 40 28 29 43 26 23 44 0 22 29 42 13 57 42 32 49 14 28 14 30 17 38 15 39 2 41 10 37 36 39 20 22 
11 15 42 11 26 25 35 28 33 21 7 7 26 31 10 39 22 0 7 20 8 38 30 22 34 26 19 25 25 35 42 35 24 20 41 23 29 27 29 31 32 
8 23 43 16 22 31 35 32 39 18 7 4 23 36 12 41 29 7 0 14 16 33 31 24 33 33 22 31 29 42 46 42 23 27 45 30 31 29 31 37 38 
11 35 40 25 10 38 30 36 45 10 14 13 15 42 26 40 42 20 14 0 29 20 26 25 25 43 25 41 31 52 49 53 18 40 46 40 30 28 29 45 45 
18 7 43 10 33 19 37 25 28 27 14 15 31 26 12 39 13 8 16 29 0 45 33 23 38 19 19 18 24 27 38 27 28 11 39 15 30 28 31 24 26 
27 50 33 37 11 47 24 41 51 17 30 30 14 47 46 36 57 38 33 20 45 0 23 29 16 53 32 51 35 63 50 64 20 54 45 52 30 29 27 53 52 
22 36 13 23 18 27 4 18 28 16 24 26 12 25 41 13 42 30 31 26 33 23 0 10 7 33 14 31 14 43 26 45 8 40 22 34 7 7 4 32 31 
17 25 20 13 21 18 13 12 21 16 17 19 15 18 32 17 32 22 24 25 23 29 10 0 17 24 4 22 6 34 24 35 9 29 21 24 7 5 7 24 23 
24 42 16 28 15 34 8 26 36 15 27 28 10 32 44 19 49 34 33 25 38 16 7 17 0 41 20 39 21 50 33 52 10 46 28 41 15 14 12 40 38 
31 14 37 18 43 6 36 16 11 37 29 31 39 12 32 32 14 26 33 43 19 53 33 24 41 0 21 2 19 10 24 11 33 13 27 4 27 26 29 6 8 
15 21 23 9 23 15 17 11 20 17 15 17 18 16 29 20 28 19 22 25 19 32 14 4 20 21 0 18 7 31 24 32 12 25 23 20 10 8 11 21 21 
29 13 36 15 41 4 34 15 11 35 26 29 36 11 30 31 14 25 31 41 18 51 31 22 39 2 18 0 17 12 23 13 31 13 26 4 25 24 27 6 8 
22 24 19 14 28 13 16 5 15 22 22 24 22 11 35 15 30 25 29 31 24 35 14 6 21 19 7 17 0 28 17 31 16 28 16 21 7 7 9 18 17 
41 20 45 27 53 15 44 24 16 47 38 40 49 19 39 39 17 35 42 52 27 63 43 34 50 10 31 12 28 0 28 3 43 18 32 12 36 36 38 11 13 
40 35 20 30 44 19 25 13 12 39 39 42 37 12 50 15 38 42 46 49 38 50 26 24 33 24 24 23 17 28 0 31 32 37 5 27 19 21 22 18 16 
42 19 48 28 54 17 47 27 19 48 39 41 50 22 38 42 15 35 42 53 27 64 45 35 52 11 32 13 31 3 31 0 44 17 35 12 38 38 40 13 16 
14 32 21 18 12 27 12 21 31 8 16 18 6 27 34 21 39 24 23 18 28 20 8 9 10 33 12 31 16 43 32 44 0 36 28 33 12 10 10 33 32 
29 4 47 17 44 17 43 27 25 37 25 27 41 25 21 42 2 20 27 40 11 54 40 29 46 13 25 13 28 18 37 17 36 0 39 9 35 33 36 20 22 
38 37 15 30 40 22 20 13 16 36 38 41 34 14 51 10 41 41 45 46 39 45 22 21 28 27 23 26 16 32 5 35 28 39 0 30 15 18 18 22 20 
29 9 40 15 42 8 37 18 15 36 26 28 38 16 28 34 10 23 30 40 15 52 34 24 41 4 20 4 21 12 27 12 33 9 30 0 28 27 30 10 12 
23 31 13 19 24 20 8 11 21 20 24 26 18 17 39 10 37 29 31 30 30 30 7 7 15 27 10 25 7 36 19 38 12 35 15 28 0 2 2 25 23 
21 30 15 18 22 20 9 11 21 18 22 24 16 18 37 12 36 27 29 28 28 29 7 5 14 26 8 24 7 36 21 38 10 33 18 27 2 0 2 25 24 
23 32 12 20 22 23 6 14 24 18 23 26 15 20 39 11 39 29 31 29 31 27 4 7 12 29 11 27 9 38 22 40 10 36 18 30 2 2 0 27 26 
34 19 34 21 44 6 34 13 6 38 32 34 39 8 37 28 20 31 37 45 24 53 32 24 40 6 21 6 18 11 18 13 33 20 22 10 25 25 27 0 2 
34 21 32 21 44 7 32 12 3 38 32 35 38 6 38 26 22 32 38 45 26 52 31 23 38 8 21 8 17 13 16 16 32 22 20 12 23 24 26 2 0 
0 661
131 197
532 598
377 443
444 510
92 158
308 374
177 243
567 633
541 607
561 627
78 144
212 278
514 580
166 232
378 444
233 299
157 223
553 619
283 349
368 434
575 641
329 395
408 474
326 392
510 576
62 128
14 80
285 351
163 229
505 571
411 477
574 640
152 218
325 391
154 220
121 187
471 537
147 213
295 361
527 593
