41
0 32 12 51 15 16 7 19 9 29 59 29 16 22 21 29 10 21 8 20 16 30 33 28 25 41 31 9 8 7 50 46 16 21 41 45 57 35 35 37 39 
32 0 29 20 18 15 25 25 23 17 27 26 16 21 22 14 22 31 25 19 36 20 13 14 8 13 24 24 28 27 19 14 21 24 11 18 25 3 29 27 6 
12 29 0 46 18 17 14 8 8 20 54 17 13 12 28 21 16 9 16 26 6 36 36 20 21 42 20 7 4 17 45 44 23 10 41 38 52 33 24 43 36 
51 20 46 0 39 35 45 40 42 27 7 36 35 35 42 26 43 45 46 39 52 37 29 26 26 22 32 43 47 48 2 12 42 38 19 12 5 18 34 42 14 
15 18 18 39 0 4 7 19 10 22 46 27 9 19 10 21 4 26 7 7 25 17 18 20 14 26 28 11 15 9 38 31 6 21 26 34 44 20 33 24 25 
16 15 17 35 4 0 10 16 9 18 43 23 6 15 14 17 7 23 10 11 24 19 19 15 10 25 24 10 14 12 34 29 10 17 24 30 41 18 29 27 22 
7 25 14 45 7 10 0 18 7 25 53 27 12 19 15 24 3 22 2 14 19 23 26 23 20 34 29 7 9 3 44 39 10 20 34 40 51 28 34 30 32 
19 25 8 40 19 16 18 0 11 12 47 9 10 4 30 13 19 6 20 27 12 35 34 13 16 38 12 10 11 22 38 38 25 2 36 30 45 28 16 43 31 
9 23 8 42 10 9 7 11 0 19 50 20 7 13 20 19 8 16 9 18 14 27 28 18 16 34 22 1 5 10 41 38 15 13 34 35 48 27 27 35 30 
29 17 20 27 22 18 25 12 19 0 34 9 13 7 32 2 24 17 27 28 25 34 29 3 10 30 7 19 22 29 25 28 28 10 28 17 33 20 12 41 21 
59 27 54 7 46 43 53 47 50 34 0 42 42 42 49 33 50 52 53 46 59 44 36 33 33 27 38 50 54 55 8 17 49 45 25 17 2 26 40 48 21 
29 26 17 36 27 23 27 9 20 9 42 0 17 8 38 12 28 10 29 34 19 41 38 12 19 40 4 20 20 31 34 38 33 7 38 25 42 30 6 49 31 
16 16 13 35 9 6 12 10 7 13 42 17 0 9 20 12 11 17 13 17 19 25 23 11 9 28 18 8 11 15 33 31 16 11 27 28 41 20 23 33 23 
22 21 12 35 19 15 19 4 13 7 42 8 9 0 29 9 20 10 22 26 17 34 31 8 12 34 9 12 14 23 33 34 25 3 33 25 41 24 14 42 26 
21 22 28 42 10 14 15 30 20 32 49 38 20 29 0 30 12 36 13 3 35 9 15 29 22 24 38 21 24 13 42 32 5 31 25 41 47 23 43 15 28 
29 14 21 26 21 17 24 13 19 2 33 12 12 9 30 0 24 19 26 26 26 32 27 1 8 28 9 19 22 28 24 26 27 12 26 16 32 18 14 39 19 
10 22 16 43 4 7 3 19 8 24 50 28 11 20 12 24 0 24 2 10 22 20 23 22 18 30 29 9 12 4 42 36 7 21 30 38 48 25 34 27 29 
21 31 9 45 26 23 22 6 16 17 52 10 17 10 36 19 24 0 25 33 9 42 41 19 23 45 14 15 14 26 43 45 31 7 43 35 51 35 16 50 37 
8 25 16 46 7 10 2 20 9 27 53 29 13 22 13 26 2 25 0 12 22 21 25 25 20 33 31 10 12 2 45 39 8 22 33 41 51 28 36 28 32 
20 19 26 39 7 11 14 27 18 28 46 34 17 26 3 26 10 33 12 0 33 9 13 25 18 22 34 19 22 13 38 30 3 28 23 37 44 20 39 17 25 
16 36 6 52 25 24 19 12 14 25 59 19 19 17 35 26 22 9 22 33 0 42 43 25 28 48 23 13 10 22 50 50 30 14 47 42 58 39 25 50 42 
30 20 36 37 17 19 23 35 27 34 44 41 25 34 9 32 20 42 21 9 42 0 8 31 23 17 41 28 32 22 37 26 13 36 19 39 41 20 46 7 24 
33 13 36 29 18 19 26 34 28 29 36 38 23 31 15 27 23 41 25 13 43 8 0 26 19 9 37 29 33 26 29 18 17 34 10 31 33 12 42 13 16 
28 14 20 26 20 15 23 13 18 3 33 12 11 8 29 1 22 19 25 25 25 31 26 0 7 27 10 18 21 27 24 26 25 11 25 17 32 17 15 38 18 
25 8 21 26 14 10 20 16 16 10 33 19 9 12 22 8 18 23 20 18 28 23 19 7 0 21 17 17 21 23 24 22 19 16 20 20 31 11 22 31 14 
41 13 42 22 26 25 34 38 34 30 27 40 28 34 24 28 30 45 33 22 48 17 9 27 21 0 38 35 39 35 22 9 26 38 2 27 24 10 42 20 11 
31 24 20 32 28 24 29 12 22 7 38 4 18 9 38 9 29 14 31 34 23 41 37 10 17 38 0 22 23 33 30 35 34 10 36 21 38 27 4 49 28 
9 24 7 43 11 10 7 10 1 19 50 20 8 12 21 19 9 15 10 19 13 28 29 18 17 35 22 0 4 11 41 39 16 12 35 36 49 27 26 36 31 
8 28 4 47 15 14 9 11 5 22 54 20 11 14 24 22 12 14 12 22 10 32 33 21 21 39 23 4 0 12 45 43 19 13 39 39 52 31 27 39 35 
7 27 17 48 9 12 3 22 10 29 55 31 15 23 13 28 4 26 2 13 22 22 26 27 23 35 33 11 12 0 47 40 9 24 35 43 53 30 37 29 34 
50 19 45 2 38 34 44 38 41 25 8 34 33 33 42 24 42 43 45 38 50 37 29 24 24 22 30 41 45 47 0 13 41 36 20 9 7 18 32 42 13 
46 14 44 12 31 29 39 38 38 28 17 38 31 34 32 26 36 45 39 30 50 26 18 26 22 9 35 39 43 40 13 0 33 37 7 20 15 11 39 30 7 
16 21 23 42 6 10 10 25 15 28 49 33 16 25 5 27 7 31 8 3 30 13 17 25 19 26 34 16 19 9 41 33 0 27 27 39 47 23 39 20 28 
21 24 10 38 21 17 20 2 13 10 45 7 11 3 31 12 21 7 22 28 14 36 34 11 16 38 10 12 13 24 36 37 27 0 36 28 44 27 14 44 30 
41 11 41 19 26 24 34 36 34 28 25 38 27 33 25 26 30 43 33 23 47 19 10 25 20 2 36 35 39 35 20 7 27 36 0 24 22 8 40 22 8 
45 18 38 12 34 30 40 30 35 17 17 25 28 25 41 16 38 35 41 37 42 39 31 17 20 27 21 36 39 43 9 20 39 28 24 0 17 19 22 45 16 
57 25 52 5 44 41 51 45 48 33 2 42 41 41 47 32 48 51 51 44 58 41 33 32 31 24 38 49 52 53 7 15 47 44 22 17 0 23 40 45 19 
35 3 33 18 20 18 28 28 27 20 26 30 20 24 23 18 25 35 28 20 39 20 12 17 11 10 27 27 31 30 18 11 23 27 8 19 23 0 31 25 4 
35 29 24 34 33 29 34 16 27 12 40 6 23 14 43 14 34 16 36 39 25 46 42 15 22 42 4 26 27 37 32 39 39 14 40 22 40 31 0 54 32 
37 27 43 42 24 27 30 43 35 41 48 49 33 42 15 39 27 50 28 17 50 7 13 38 31 20 49 36 39 29 42 30 20 44 22 45 45 25 54 0 29 
39 6 36 14 25 22 32 31 30 21 21 31 23 26 28 19 29 37 32 25 42 24 16 18 14 11 28 31 35 34 13 7 28 30 8 16 19 4 32 29 0 
0 318
212 307
214 309
180 275
56 151
134 229
61 156
139 234
187 282
0 95
142 237
38 133
218 313
180 275
136 231
214 309
176 271
147 242
124 219
135 230
190 285
0 95
124 219
23 118
96 191
192 287
42 137
18 113
6 101
72 167
27 122
8 103
180 275
140 235
161 256
116 211
49 144
202 297
21 116
189 284
136 231
