41
0 20 45 40 38 49 30 36 40 53 40 42 6 23 49 40 54 32 13 32 24 28 17 13 23 53 42 43 16 32 26 40 18 41 44 40 36 43 35 11 28 
20 0 46 19 42 41 9 37 20 37 25 22 14 8 39 20 39 23 22 23 22 24 5 26 26 41 33 31 5 21 32 40 21 21 24 32 26 39 36 11 8 
45 46 0 50 10 19 49 9 58 38 33 50 46 38 23 49 35 24 32 25 23 21 41 33 22 28 19 26 42 27 20 5 28 62 53 18 23 9 10 49 52 
40 19 50 0 51 38 10 45 8 25 18 2 34 18 34 2 29 26 39 26 33 32 23 43 39 33 33 26 24 23 44 45 36 14 4 32 28 42 43 31 14 
38 42 10 51 0 26 47 6 57 43 35 51 39 35 29 49 41 24 24 25 19 18 37 24 16 35 24 30 38 27 11 8 21 61 54 22 24 15 7 43 49 
49 41 19 38 26 0 40 21 47 19 19 37 47 33 4 36 16 18 38 18 26 22 38 41 29 9 7 11 40 19 31 18 32 52 40 9 14 11 21 49 45 
30 9 49 10 47 40 0 41 11 32 21 13 24 11 37 11 35 24 31 24 28 28 13 35 33 38 33 29 14 22 39 43 29 14 14 32 27 41 40 20 5 
36 37 9 45 6 21 41 0 52 37 29 45 37 30 23 43 34 18 22 19 14 13 33 24 13 29 17 24 34 21 11 4 18 55 48 16 18 10 1 40 44 
40 20 58 8 57 47 11 52 0 34 27 10 34 22 43 11 38 34 42 33 38 39 25 46 44 42 41 35 25 31 50 53 40 5 9 40 35 50 50 30 12 
53 37 38 25 43 19 32 37 34 0 13 23 49 31 15 23 4 23 45 22 33 30 37 49 39 10 19 13 39 21 43 35 40 40 25 21 20 29 36 48 37 
40 25 33 18 35 19 21 29 27 13 0 17 36 18 16 16 14 12 32 11 22 19 24 37 28 16 14 8 26 9 33 29 27 32 20 14 11 24 28 35 26 
42 22 50 2 51 37 13 45 10 23 17 0 36 20 33 1 27 26 40 26 34 33 25 45 40 32 32 25 26 23 45 45 37 16 3 32 27 41 43 34 17 
6 14 46 34 39 47 24 37 34 49 36 36 0 18 46 34 50 29 15 29 23 26 12 17 23 50 40 39 10 29 28 40 18 34 38 37 33 42 35 5 22 
23 8 38 18 35 33 11 30 22 31 18 20 18 0 31 18 32 15 20 15 16 17 6 24 21 33 25 23 8 13 27 32 17 25 22 24 18 31 29 17 13 
49 39 23 34 29 4 37 23 43 15 16 33 46 31 0 32 12 17 38 16 25 22 36 41 30 5 7 8 38 17 32 21 32 48 36 9 13 14 23 48 42 
40 20 49 2 49 36 11 43 11 23 16 1 34 18 32 0 27 25 38 24 32 31 23 43 38 31 30 24 24 22 43 44 35 16 4 30 26 40 42 32 16 
54 39 35 29 41 16 35 34 38 4 14 27 50 32 12 27 0 23 45 22 33 29 39 49 38 6 17 12 40 21 42 32 39 43 29 19 19 26 34 50 40 
32 23 24 26 24 18 24 18 34 23 12 26 29 15 17 25 23 0 22 0 10 7 20 26 16 21 10 11 21 3 20 19 16 38 30 8 3 16 16 31 28 
13 22 32 39 24 38 31 22 42 45 32 40 15 20 38 38 45 22 0 22 12 16 17 4 9 42 31 33 17 23 12 26 5 44 43 28 25 30 21 20 31 
32 23 25 26 25 18 24 19 33 22 11 26 29 15 16 24 22 0 22 0 11 8 20 27 17 20 10 10 21 2 21 19 17 37 29 8 3 17 17 31 28 
24 22 23 33 19 26 28 14 38 33 22 34 23 16 25 32 33 10 12 11 0 3 18 16 6 30 18 21 19 12 11 17 6 42 37 16 13 19 13 26 30 
28 24 21 32 18 22 28 13 39 30 19 33 26 17 22 31 29 7 16 8 3 0 20 19 9 26 14 17 21 10 13 15 10 42 36 12 10 15 11 29 31 
17 5 41 23 37 38 13 33 25 37 24 25 12 6 36 23 39 20 17 20 18 20 0 21 21 39 30 29 1 19 27 35 16 26 27 29 24 35 31 11 13 
13 26 33 43 24 41 35 24 46 49 37 45 17 24 41 43 49 26 4 27 16 19 21 0 11 46 34 37 21 27 13 28 9 48 47 32 29 32 23 22 35 
23 26 22 39 16 29 33 13 44 39 28 40 23 21 30 38 38 16 9 17 6 9 21 11 0 35 23 26 22 18 5 17 5 47 43 20 19 20 12 27 34 
53 41 28 33 35 9 38 29 42 10 16 32 50 33 5 31 6 21 42 20 30 26 39 46 35 0 12 10 41 20 38 27 37 48 34 14 17 20 29 50 43 
42 33 19 33 24 7 33 17 41 19 14 32 40 25 7 30 17 10 31 10 18 14 30 34 23 12 0 7 32 12 25 16 25 46 35 2 6 10 17 41 38 
43 31 26 26 30 11 29 24 35 13 8 25 39 23 8 24 12 11 33 10 21 17 29 37 26 10 7 0 30 10 30 22 28 40 28 8 7 17 23 40 33 
16 5 42 24 38 40 14 34 25 39 26 26 10 8 38 24 40 21 17 21 19 21 1 21 22 41 32 30 0 20 27 36 17 27 28 30 25 36 32 9 13 
32 21 27 23 27 19 22 21 31 21 9 23 29 13 17 22 21 3 23 2 12 10 19 27 18 20 12 10 20 0 23 22 18 35 26 10 5 19 20 30 26 
26 32 20 44 11 31 39 11 50 43 33 45 28 27 32 43 42 20 12 21 11 13 27 13 5 38 25 30 27 23 0 15 10 53 48 23 22 20 10 32 40 
40 40 5 45 8 18 43 4 53 35 29 45 40 32 21 44 32 19 26 19 17 15 35 28 17 27 16 22 36 22 15 0 22 57 48 14 18 6 5 44 46 
18 21 28 36 21 32 29 18 40 40 27 37 18 17 32 35 39 16 5 17 6 10 16 9 5 37 25 28 17 18 10 22 0 43 40 23 20 25 17 22 30 
41 21 62 14 61 52 14 55 5 40 32 16 34 25 48 16 43 38 44 37 42 42 26 48 47 48 46 40 27 35 53 57 43 0 14 45 40 54 54 30 13 
44 24 53 4 54 40 14 48 9 25 20 3 38 22 36 4 29 30 43 29 37 36 27 47 43 34 35 28 28 26 48 48 40 14 0 35 30 44 47 35 18 
40 32 18 32 22 9 32 16 40 21 14 32 37 24 9 30 19 8 28 8 16 12 29 32 20 14 2 8 30 10 23 14 23 45 35 0 5 9 15 39 36 
36 26 23 28 24 14 27 18 35 20 11 27 33 18 13 26 19 3 25 3 13 10 24 29 19 17 6 7 25 5 22 18 20 40 30 5 0 14 17 34 31 
43 39 9 42 15 11 41 10 50 29 24 41 42 31 14 40 26 16 30 17 19 15 35 32 20 20 10 17 36 19 20 6 25 54 44 9 14 0 10 45 45 
35 36 10 43 7 21 40 1 50 36 28 43 35 29 23 42 34 16 21 17 13 11 31 23 12 29 17 23 32 20 10 5 17 54 47 15 17 10 0 39 43 
11 11 49 31 43 49 20 40 30 48 35 34 5 17 48 32 50 31 20 31 26 29 11 22 27 50 41 40 9 30 32 44 22 30 35 39 34 45 39 0 18 
28 8 52 14 49 45 5 44 12 37 26 17 22 13 42 16 40 28 31 28 30 31 13 35 34 43 38 33 13 26 40 46 30 13 18 36 31 45 43 18 0 
0 465
420 420
408 408
77 77
213 213
384 384
188 188
280 280
187 187
231 231
262 262
368 368
171 171
201 201
308 308
167 167
351 351
92 92
273 273
310 310
357 357
207 207
345 345
353 353
249 249
30 30
314 314
412 412
123 123
350 350
292 292
52 52
143 143
121 121
313 313
331 331
161 161
419 419
120 120
282 282
58 58
