41
0 41 49 42 38 24 5 37 46 21 37 15 25 26 40 18 30 14 34 31 29 21 30 36 43 16 38 48 30 22 20 21 13 42 31 34 50 16 30 19 18 
41 0 29 8 19 17 39 7 21 40 22 29 19 15 3 34 27 39 9 10 17 33 23 16 21 29 6 8 22 26 34 26 33 26 25 9 34 40 13 48 38 
49 29 0 21 12 35 44 23 8 33 12 33 25 35 25 32 52 37 35 26 41 29 18 44 8 32 35 26 47 26 30 46 49 6 50 36 5 57 37 42 56 
42 8 21 0 11 20 39 5 13 36 14 27 17 19 4 32 33 36 15 10 22 29 18 24 12 28 14 7 29 23 31 30 36 17 31 16 26 44 19 45 43 
38 19 12 11 0 23 34 11 7 27 3 23 13 22 15 24 39 29 23 13 28 21 9 32 4 22 23 18 35 17 23 34 37 7 37 23 16 45 25 37 44 
24 17 35 20 23 0 23 15 29 28 24 15 12 1 17 22 17 25 10 10 7 22 20 15 27 16 14 25 13 17 23 10 15 29 15 10 39 23 6 34 22 
5 39 44 39 34 23 0 34 42 16 33 11 22 25 38 13 32 9 33 29 29 16 26 37 39 12 37 45 31 17 15 23 16 38 32 33 45 20 29 15 22 
37 7 23 5 11 15 34 0 15 33 14 23 13 14 4 28 29 32 11 5 18 26 15 21 14 23 12 11 25 19 27 26 31 18 27 12 28 39 14 41 38 
46 21 8 13 7 29 42 15 0 34 9 30 21 29 17 31 45 37 27 19 34 28 16 37 2 30 27 17 40 24 30 40 44 7 43 28 13 52 30 43 51 
21 40 33 36 27 28 16 33 34 0 24 14 20 30 37 6 43 6 37 29 36 6 18 44 31 12 40 44 41 13 5 34 30 28 43 37 33 36 35 9 37 
37 22 12 14 3 24 33 14 9 24 0 22 13 24 18 22 41 27 25 15 30 19 6 35 6 21 26 22 36 15 20 34 37 5 39 26 15 44 27 34 44 
15 29 33 27 23 15 11 23 30 14 22 0 10 16 27 8 29 10 24 18 22 9 15 30 28 1 28 34 26 6 9 20 18 27 28 24 35 25 21 19 26 
25 19 25 17 13 12 22 13 21 20 13 10 0 12 17 15 29 19 17 9 19 13 8 26 18 10 20 24 25 6 14 22 23 18 28 18 28 31 17 28 31 
26 15 35 19 22 1 25 14 29 30 24 16 12 0 16 24 16 27 8 9 6 24 20 14 27 17 12 23 12 18 25 11 17 29 15 8 39 24 5 36 23 
40 3 25 4 15 17 38 4 17 37 18 27 17 16 0 32 29 36 10 8 18 30 20 19 17 27 9 7 24 24 32 27 33 22 27 11 30 41 15 45 39 
18 34 32 32 24 22 13 28 31 6 22 8 15 24 32 0 37 5 31 24 30 3 15 38 29 6 35 39 34 8 2 28 25 26 36 31 33 31 29 13 32 
30 27 52 33 39 17 32 29 45 43 41 29 29 16 29 37 0 38 18 25 11 38 37 12 43 30 20 35 4 33 39 9 16 46 2 17 56 19 14 47 16 
14 39 37 36 29 25 9 32 37 6 27 10 19 27 36 5 38 0 34 28 32 8 20 40 34 9 38 44 36 13 7 29 24 31 38 35 37 29 32 9 31 
34 9 35 15 23 10 33 11 27 37 25 24 17 8 10 31 18 34 0 9 8 30 24 9 26 25 3 17 13 24 32 17 24 30 16 0 39 31 4 44 29 
31 10 26 10 13 10 29 5 19 29 15 18 9 9 8 24 25 28 9 0 14 22 14 19 17 19 11 16 21 16 24 21 26 21 23 10 30 33 11 37 32 
29 17 41 22 28 7 29 18 34 36 30 22 19 6 18 30 11 32 8 14 0 30 27 8 32 23 11 25 6 24 31 9 17 35 9 7 45 24 3 42 21 
21 33 29 29 21 22 16 26 28 6 19 9 13 24 30 3 38 8 30 22 30 0 12 38 25 7 33 37 35 6 1 29 27 23 37 31 29 33 29 15 34 
30 23 18 18 9 20 26 15 16 18 6 15 8 20 20 15 37 20 24 14 27 12 0 33 13 14 26 25 33 8 14 30 31 11 36 25 20 39 24 27 39 
36 16 44 24 32 15 37 21 37 44 35 30 26 14 19 38 12 40 9 19 8 38 33 0 36 31 10 24 8 32 39 15 24 40 9 8 49 29 9 50 26 
43 21 8 12 4 27 39 14 2 31 6 28 18 27 17 29 43 34 26 17 32 25 13 36 0 27 26 18 39 21 27 38 42 5 41 27 13 49 29 40 49 
16 29 32 28 22 16 12 23 30 12 21 1 10 17 27 6 30 9 25 19 23 7 14 31 27 0 28 35 28 6 8 21 19 26 30 25 34 26 23 18 27 
38 6 35 14 23 14 37 12 27 40 26 28 20 12 9 35 20 38 3 11 11 33 26 10 26 28 0 14 16 27 35 20 28 31 18 4 40 35 8 47 33 
48 8 26 7 18 25 45 11 17 44 22 34 24 23 7 39 35 44 17 16 25 37 25 24 18 35 14 0 30 31 38 34 41 24 33 18 31 48 21 52 46 
30 22 47 29 35 13 31 25 40 41 36 26 25 12 24 34 4 36 13 21 6 35 33 8 39 28 16 30 0 30 36 8 16 42 2 13 51 21 10 45 18 
22 26 26 23 17 17 17 19 24 13 15 6 6 18 24 8 33 13 24 16 24 6 8 32 21 6 27 31 30 0 7 25 24 20 32 24 28 31 23 21 32 
20 34 30 31 23 23 15 27 30 5 20 9 14 25 32 2 39 7 32 24 31 1 14 39 27 8 35 38 36 7 0 30 27 24 38 32 30 33 30 13 35 
21 26 46 30 34 10 23 26 40 34 34 20 22 11 27 28 9 29 17 21 9 29 30 15 38 21 20 34 8 25 30 0 8 40 9 16 50 14 12 37 12 
13 33 49 36 37 15 16 31 44 30 37 18 23 17 33 25 16 24 24 26 17 27 31 24 42 19 28 41 16 24 27 8 0 42 17 24 52 7 20 32 7 
42 26 6 17 7 29 38 18 7 28 5 27 18 29 22 26 46 31 30 21 35 23 11 40 5 26 31 24 42 20 24 40 42 0 44 31 9 50 32 37 50 
31 25 50 31 37 15 32 27 43 43 39 28 28 15 27 36 2 38 16 23 9 37 36 9 41 30 18 33 2 32 38 9 17 44 0 15 54 20 12 47 17 
34 9 36 16 23 10 33 12 28 37 26 24 18 8 11 31 17 35 0 10 7 31 25 8 27 25 4 18 13 24 32 16 24 31 15 0 40 31 4 44 29 
50 34 5 26 16 39 45 28 13 33 15 35 28 39 30 33 56 37 39 30 45 29 20 49 13 34 40 31 51 28 30 50 52 9 54 40 0 59 42 41 59 
16 40 57 44 45 23 20 39 52 36 44 25 31 24 41 31 19 29 31 33 24 33 39 29 49 26 35 48 21 31 33 14 7 50 20 31 59 0 26 35 3 
30 13 37 19 25 6 29 14 30 35 27 21 17 5 15 29 14 32 4 11 3 29 24 9 29 23 8 21 10 23 30 12 20 32 12 4 42 26 0 41 25 
19 48 42 45 37 34 15 41 43 9 34 19 28 36 45 13 47 9 44 37 42 15 27 50 40 18 47 52 45 21 13 37 32 37 47 44 41 35 41 0 38 
18 38 56 43 44 22 22 38 51 37 44 26 31 23 39 32 16 31 29 32 21 34 39 26 49 27 33 46 18 32 35 12 7 50 17 29 59 3 25 38 0 
0 734
29 396
360 727
102 469
248 615
14 381
6 373
212 579
151 518
6 373
356 723
294 661
297 664
220 587
101 468
49 416
37 404
240 607
51 418
286 653
94 461
27 394
162 529
348 715
49 416
219 586
151 518
162 529
254 621
60 427
284 651
128 495
247 614
1 368
192 559
352 719
113 480
152 519
185 552
214 581
224 591
