41
0 28 32 34 13 24 22 20 42 22 19 46 45 5 36 40 33 5 12 25 25 11 35 47 14 15 26 18 36 13 16 22 15 32 14 29 25 7 19 16 21 
28 0 28 15 19 19 18 19 22 11 10 19 19 33 10 15 12 27 40 18 20 39 38 23 36 14 12 15 10 15 17 37 14 21 30 25 6 24 18 28 32 
32 28 0 44 19 10 11 13 20 35 31 32 30 36 38 27 41 26 41 10 44 36 9 28 26 22 16 17 38 28 17 19 22 49 44 50 32 35 39 16 15 
34 15 44 0 31 34 33 33 36 12 16 29 29 39 8 27 3 36 45 33 13 46 53 34 46 25 28 29 9 23 30 50 25 9 30 15 12 28 16 40 45 
13 19 19 31 0 10 9 6 29 19 15 34 33 18 29 28 29 9 25 11 27 21 25 34 16 5 13 5 29 9 2 19 5 33 24 32 19 15 21 9 14 
24 19 10 34 10 0 1 4 19 25 21 28 27 29 29 22 31 19 35 1 34 31 18 26 23 12 7 7 29 18 8 20 11 38 35 39 22 26 29 12 15 
22 18 11 33 9 1 0 2 20 24 20 28 27 27 29 22 30 18 34 2 32 30 19 26 22 11 7 6 28 16 6 20 10 37 33 38 21 24 27 11 15 
20 19 13 33 6 4 2 0 23 23 19 30 30 25 30 25 31 15 31 5 32 27 20 29 19 9 9 4 29 15 4 18 9 37 31 37 21 22 26 9 13 
42 22 20 36 29 19 20 23 0 34 31 13 12 48 28 10 33 38 54 18 43 50 29 7 43 28 16 24 28 32 26 38 27 44 50 48 29 42 40 32 33 
22 11 35 12 19 25 24 23 34 0 4 31 31 27 14 27 11 24 34 25 9 34 43 34 34 14 20 18 14 11 19 38 15 13 20 14 5 16 7 29 34 
19 10 31 16 15 21 20 19 31 4 0 30 30 24 16 26 14 20 31 21 12 30 39 33 30 10 17 14 17 6 15 34 10 17 19 18 5 14 8 25 30 
46 19 32 29 34 28 28 30 13 31 30 0 1 52 20 5 26 43 59 26 38 56 41 6 50 31 21 29 19 34 31 48 30 37 50 43 25 44 38 40 43 
45 19 30 29 33 27 27 30 12 31 30 1 0 51 21 4 26 43 58 25 39 55 40 5 49 30 20 28 20 33 31 47 29 38 50 43 26 43 38 39 42 
5 33 36 39 18 29 27 25 48 27 24 52 51 0 41 46 38 9 7 30 29 7 38 52 14 20 32 23 41 18 21 24 21 36 14 32 30 11 23 20 24 
36 10 38 8 29 29 29 30 28 14 16 20 21 41 0 18 5 36 48 28 19 47 48 26 45 23 22 26 0 23 27 48 23 17 34 23 11 31 21 38 43 
40 15 27 27 28 22 22 25 10 27 26 5 4 46 18 0 23 38 53 21 35 50 36 7 44 25 15 23 18 28 26 43 25 35 45 40 21 38 33 34 37 
33 12 41 3 29 31 30 31 33 11 14 26 26 38 5 23 0 34 45 30 14 45 50 31 44 23 24 26 6 21 28 48 23 12 30 17 9 27 16 38 43 
5 27 26 36 9 19 18 15 38 24 20 43 43 9 36 38 34 0 16 20 29 12 29 43 10 13 22 14 36 13 12 17 13 35 20 33 25 12 22 10 15 
12 40 41 45 25 35 34 31 54 34 31 59 58 7 48 53 45 16 0 36 34 6 42 59 16 27 38 30 48 25 28 27 28 41 18 37 37 17 29 25 28 
25 18 10 33 11 1 2 5 18 25 21 26 25 30 28 21 30 20 36 0 34 32 19 24 24 12 6 7 28 18 8 21 11 38 35 39 22 26 29 13 16 
25 20 44 13 27 34 32 32 43 9 12 38 39 29 19 35 14 29 34 34 0 36 52 43 39 22 30 27 20 17 27 45 23 7 17 5 13 18 6 36 41 
11 39 36 46 21 31 30 27 50 34 30 56 55 7 47 50 45 12 6 32 36 0 36 56 10 25 35 26 47 24 24 20 25 43 21 39 36 17 30 20 22 
35 38 9 53 25 18 19 20 29 43 39 41 40 38 48 36 50 29 42 19 52 36 0 37 26 29 25 24 47 34 24 16 29 57 49 57 41 40 46 18 14 
47 23 28 34 34 26 26 29 7 34 33 6 5 52 26 7 31 43 59 24 43 56 37 0 49 32 20 29 25 35 31 46 31 43 53 47 29 45 41 38 40 
14 36 26 46 16 23 22 19 43 34 30 50 49 14 45 44 44 10 16 24 39 10 26 49 0 21 29 21 45 23 19 10 22 45 28 43 34 21 32 11 11 
15 14 22 25 5 12 11 9 28 14 10 31 30 20 23 25 23 13 27 12 22 25 29 32 21 0 11 5 23 5 5 24 0 27 22 27 13 14 16 15 20 
26 12 16 28 13 7 7 9 16 20 17 21 20 32 22 15 24 22 38 6 30 35 25 20 29 11 0 8 22 16 10 27 10 33 34 35 16 26 25 18 22 
18 15 17 29 5 7 6 4 24 18 14 29 28 23 26 23 26 14 30 7 27 26 24 29 21 5 8 0 25 10 2 21 4 32 27 32 16 18 21 12 17 
36 10 38 9 29 29 28 29 28 14 17 19 20 41 0 18 6 36 48 28 20 47 47 25 45 23 22 25 0 23 27 47 23 18 35 23 11 31 21 38 42 
13 15 28 23 9 18 16 15 32 11 6 34 33 18 23 28 21 13 25 18 17 24 34 35 23 5 16 10 23 0 10 28 6 23 17 22 12 10 11 18 24 
16 17 17 30 2 8 6 4 26 19 15 31 31 21 27 26 28 12 28 8 27 24 24 31 19 5 10 2 27 10 0 20 4 33 26 33 18 17 22 10 15 
22 37 19 50 19 20 20 18 38 38 34 48 47 24 48 43 48 17 27 21 45 20 16 46 10 24 27 21 47 28 20 0 24 51 37 50 38 29 39 9 5 
15 14 22 25 5 11 10 9 27 15 10 30 29 21 23 25 23 13 28 11 23 25 29 31 22 0 10 4 23 6 4 24 0 28 23 28 13 15 17 14 20 
32 21 49 9 33 38 37 37 44 13 17 37 38 36 17 35 12 35 41 38 7 43 57 43 45 27 33 32 18 23 33 51 28 0 24 6 16 25 13 42 47 
14 30 44 30 24 35 33 31 50 20 19 50 50 14 34 45 30 20 18 35 17 21 49 53 28 22 34 27 35 17 26 37 23 24 0 19 25 8 13 30 35 
29 25 50 15 32 39 38 37 48 14 18 43 43 32 23 40 17 33 37 39 5 39 57 47 43 27 35 32 23 22 33 50 28 6 19 0 19 22 11 41 46 
25 6 32 12 19 22 21 21 29 5 5 25 26 30 11 21 9 25 37 22 13 36 41 29 34 13 16 16 11 12 18 38 13 16 25 19 0 20 12 28 33 
7 24 35 28 15 26 24 22 42 16 14 44 43 11 31 38 27 12 17 26 18 17 40 45 21 14 26 18 31 10 17 29 15 25 8 22 20 0 12 22 27 
19 18 39 16 21 29 27 26 40 7 8 38 38 23 21 33 16 22 29 29 6 30 46 41 32 16 25 21 21 11 22 39 17 13 13 11 12 12 0 30 35 
16 28 16 40 9 12 11 9 32 29 25 40 39 20 38 34 38 10 25 13 36 20 18 38 11 15 18 12 38 18 10 9 14 42 30 41 28 22 30 0 5 
21 32 15 45 14 15 15 13 33 34 30 43 42 24 43 37 43 15 28 16 41 22 14 40 11 20 22 17 42 24 15 5 20 47 35 46 33 27 35 5 0 
0 710
415 557
284 426
292 434
81 223
543 685
47 189
331 473
8 150
498 640
327 469
290 432
267 409
84 226
397 539
271 413
35 177
421 563
366 508
40 182
25 167
430 572
528 670
383 525
170 312
315 457
283 425
192 334
392 534
485 627
457 599
50 192
87 229
555 697
203 345
367 509
439 581
102 244
81 223
458 600
249 391
