41
0 16 31 33 46 41 33 4 41 48 24 43 47 40 26 12 15 32 19 4 2 43 25 15 20 41 5 27 39 41 33 32 24 25 12 44 25 30 37 40 38 
16 0 18 35 41 39 31 16 25 33 33 39 44 25 24 11 18 16 30 18 18 45 36 5 24 44 21 18 41 28 23 38 19 33 18 33 23 19 42 40 23 
31 18 0 30 27 29 23 33 12 19 36 27 30 10 18 19 22 7 35 31 34 38 42 15 25 37 34 6 34 9 6 37 13 35 25 14 18 2 38 31 9 
33 35 30 0 18 10 7 38 43 47 14 14 18 40 12 25 18 37 18 30 34 9 21 30 13 8 32 24 6 35 25 8 17 12 21 32 12 28 7 8 39 
46 41 27 18 0 8 13 50 36 37 33 3 2 34 19 34 30 35 36 43 47 19 39 36 27 18 46 24 16 27 21 26 22 31 34 21 20 25 23 11 33 
41 39 29 10 8 0 8 45 40 43 25 5 8 38 15 30 25 37 28 38 42 10 31 34 21 9 40 24 7 31 23 17 20 23 29 27 16 27 14 2 37 
33 31 23 7 13 8 0 37 36 40 19 10 15 33 7 22 17 31 22 30 34 14 26 26 14 13 32 17 10 28 18 15 12 17 21 25 8 21 14 8 32 
4 16 33 38 50 45 37 0 42 50 29 47 52 41 30 16 20 33 24 8 5 47 29 17 24 46 8 30 44 43 36 37 28 30 16 47 30 33 42 45 39 
41 25 12 43 36 40 36 42 0 8 49 37 39 2 31 30 35 8 48 41 43 50 54 25 38 49 45 19 46 10 17 49 26 48 37 17 31 15 50 42 3 
48 33 19 47 37 43 40 50 8 0 54 39 40 8 36 38 41 16 54 49 51 53 60 32 44 52 52 25 49 11 22 54 32 53 44 16 36 20 54 45 10 
24 33 36 14 33 25 19 29 49 54 0 29 33 47 18 21 14 41 4 20 24 21 6 28 10 20 21 29 20 44 33 9 22 2 14 43 18 34 15 23 45 
43 39 27 14 3 5 10 47 37 39 29 0 4 34 16 31 27 34 32 40 44 15 35 34 24 14 43 22 12 28 20 22 20 27 31 22 17 25 19 7 34 
47 44 30 18 2 8 15 52 39 40 33 4 0 37 21 36 32 37 36 45 49 17 39 39 29 17 47 26 15 30 23 26 24 31 36 24 22 28 22 10 36 
40 25 10 40 34 38 33 41 2 8 47 34 37 0 29 29 33 8 46 40 43 48 52 24 36 46 44 17 43 7 15 47 24 46 36 14 29 12 48 39 2 
26 24 18 12 19 15 7 30 31 36 18 16 21 29 0 15 11 25 19 24 28 21 25 19 9 19 27 12 17 25 14 18 5 17 15 24 0 16 19 15 27 
12 11 19 25 34 30 22 16 30 38 21 31 36 29 15 0 7 21 19 11 15 35 26 6 13 33 15 14 31 29 20 27 12 22 7 32 14 18 31 30 27 
15 18 22 18 30 25 17 20 35 41 14 27 32 33 11 7 0 27 12 12 17 28 19 14 5 27 15 16 24 31 21 20 11 14 3 33 10 21 24 25 31 
32 16 7 37 35 37 31 33 8 16 41 34 37 8 25 21 27 0 39 33 34 45 46 16 31 44 36 13 41 12 14 43 19 40 28 19 24 9 45 38 6 
19 30 35 18 36 28 22 24 48 54 4 32 36 46 19 19 12 39 0 15 19 26 6 26 10 25 16 28 24 44 33 14 22 6 11 44 19 33 19 26 44 
4 18 31 30 43 38 30 8 41 49 20 40 45 40 24 11 12 33 15 0 4 39 21 16 16 38 3 26 36 41 32 29 23 21 9 44 23 30 33 37 38 
2 18 34 34 47 42 34 5 43 51 24 44 49 43 28 15 17 34 19 4 0 43 24 18 21 42 3 29 40 44 35 33 26 25 13 47 27 33 38 41 40 
43 45 38 9 19 10 14 47 50 53 21 15 17 48 21 35 28 45 26 39 43 0 26 40 23 1 41 32 4 42 32 11 27 19 31 38 22 36 6 8 47 
25 36 42 21 39 31 26 29 54 60 6 35 39 52 25 26 19 46 6 21 24 26 0 33 16 25 21 35 25 50 39 14 28 8 18 49 25 40 19 29 51 
15 5 15 30 36 34 26 17 25 32 28 34 39 24 19 6 14 16 26 16 18 40 33 0 19 38 19 13 36 25 19 33 14 28 14 30 18 15 37 35 22 
20 24 25 13 27 21 14 24 38 44 10 24 29 36 9 13 5 31 10 16 21 23 16 19 0 21 19 19 19 34 23 14 12 9 8 34 9 24 18 20 35 
41 44 37 8 18 9 13 46 49 52 20 14 17 46 19 33 27 44 25 38 42 1 25 38 21 0 40 31 3 40 31 11 25 18 29 36 20 34 6 7 45 
5 21 34 32 46 40 32 8 45 52 21 43 47 44 27 15 15 36 16 3 3 41 21 19 19 40 0 30 38 44 35 30 26 22 12 47 26 33 35 39 42 
27 18 6 24 24 24 17 30 19 25 29 22 26 17 12 14 16 13 28 26 29 32 35 13 19 31 30 0 28 15 5 30 6 28 19 17 11 4 31 25 16 
39 41 34 6 16 7 10 44 46 49 20 12 15 43 17 31 24 41 24 36 40 4 25 36 19 3 38 28 0 37 28 11 22 18 27 33 17 31 7 4 42 
41 28 9 35 27 31 28 43 10 11 44 28 30 7 25 29 31 12 44 41 44 42 50 25 34 40 44 15 37 0 10 43 21 42 34 7 25 10 43 33 7 
33 23 6 25 21 23 18 36 17 22 33 20 23 15 14 20 21 14 33 32 35 32 39 19 23 31 35 5 28 10 0 32 10 31 24 11 14 4 33 24 14 
32 38 37 8 26 17 15 37 49 54 9 22 26 47 18 27 20 43 14 29 33 11 14 33 14 11 30 30 11 43 32 0 23 8 21 40 18 34 5 15 46 
24 19 13 17 22 20 12 28 26 32 22 20 24 24 5 12 11 19 22 23 26 27 28 14 12 25 26 6 22 21 10 23 0 21 14 22 5 11 25 20 22 
25 33 35 12 31 23 17 30 48 53 2 27 31 46 17 22 14 40 6 21 25 19 8 28 9 18 22 28 18 42 31 8 21 0 15 41 17 33 13 21 44 
12 18 25 21 34 29 21 16 37 44 14 31 36 36 15 7 3 28 11 9 13 31 18 14 8 29 12 19 27 34 24 21 14 15 0 36 14 24 26 28 33 
44 33 14 32 21 27 25 47 17 16 43 22 24 14 24 32 33 19 44 44 47 38 49 30 34 36 47 17 33 7 11 40 22 41 36 0 24 14 40 29 15 
25 23 18 12 20 16 8 30 31 36 18 17 22 29 0 14 10 24 19 23 27 22 25 18 9 20 26 11 17 25 14 18 5 17 14 24 0 16 20 16 27 
30 19 2 28 25 27 21 33 15 20 34 25 28 12 16 18 21 9 33 30 33 36 40 15 24 34 33 4 31 10 4 34 11 33 24 14 16 0 35 28 11 
37 42 38 7 23 14 14 42 50 54 15 19 22 48 19 31 24 45 19 33 38 6 19 37 18 6 35 31 7 43 33 5 25 13 26 40 20 35 0 12 47 
40 40 31 8 11 2 8 45 42 45 23 7 10 39 15 30 25 38 26 37 41 8 29 35 20 7 39 25 4 33 24 15 20 21 28 29 16 28 12 0 39 
38 23 9 39 33 37 32 39 3 10 45 34 36 2 27 27 31 6 44 38 40 47 51 22 35 45 42 16 42 7 14 46 22 44 33 15 27 11 47 39 0 
0 367
146 329
162 345
153 336
46 229
15 198
29 212
106 289
92 275
77 260
125 308
161 344
4 187
20 203
67 250
138 321
129 312
78 261
175 358
49 232
182 365
43 226
7 190
127 310
33 216
11 194
174 357
117 300
17 200
83 266
57 240
21 204
92 275
154 337
122 305
42 225
173 356
29 212
21 204
100 283
138 321
