41
0 13 5 45 13 28 25 17 40 20 55 13 48 41 29 7 41 9 35 46 3 5 26 21 28 6 57 1 23 40 40 19 54 42 19 16 40 55 39 33 39 
13 0 17 32 15 15 19 4 37 12 43 5 39 29 31 19 28 4 22 36 10 9 13 19 15 15 45 13 10 27 30 8 43 29 9 15 30 43 27 33 26 
5 17 0 50 18 33 30 22 45 22 60 17 54 45 33 8 46 13 40 51 8 10 31 26 33 5 62 7 27 44 45 24 59 47 22 21 45 61 42 37 43 
45 32 50 0 41 18 31 27 45 33 18 34 28 13 48 50 3 36 12 25 42 41 19 39 17 47 20 45 22 15 20 27 22 3 30 39 25 19 20 48 8 
13 15 18 41 0 23 14 17 26 28 47 20 37 42 16 12 38 16 35 35 13 9 22 7 25 20 48 11 23 41 31 14 45 38 25 3 29 47 42 19 38 
28 15 33 18 23 0 15 11 33 22 27 19 26 20 32 32 14 20 13 23 25 23 1 22 2 31 29 27 9 20 16 9 27 14 18 21 18 28 22 33 15 
25 19 30 31 14 15 0 17 18 31 33 25 23 36 17 26 29 22 28 21 23 20 15 8 18 31 35 23 21 36 17 11 31 28 27 11 15 33 38 18 30 
17 4 22 27 17 11 17 0 36 14 38 9 35 25 31 23 23 9 18 32 14 13 9 19 10 20 40 17 6 24 25 5 38 24 10 16 27 39 24 33 22 
40 37 45 45 26 33 18 36 0 50 39 43 23 52 14 38 43 40 45 23 39 35 33 19 35 46 39 38 39 53 24 30 34 42 46 24 19 38 56 10 46 
20 12 22 33 28 22 31 14 50 0 48 7 48 25 43 27 29 12 21 45 17 19 20 32 20 17 50 21 13 23 38 19 50 30 4 28 40 49 20 46 25 
55 43 60 18 47 27 33 38 39 48 0 47 16 31 47 58 21 47 29 15 52 50 29 41 28 58 1 54 35 33 16 36 5 19 45 44 20 1 38 46 26 
13 5 17 34 20 19 25 9 43 7 47 0 44 28 36 20 30 5 23 41 11 12 17 25 18 13 49 14 11 27 34 13 47 31 5 21 36 47 25 39 27 
48 39 54 28 37 26 23 35 23 48 16 44 0 39 33 49 28 43 34 3 46 43 28 30 28 53 16 47 35 41 10 31 11 27 44 34 8 15 45 31 33 
41 29 45 13 42 20 36 25 52 25 31 28 39 0 53 48 10 32 7 36 38 38 20 42 17 41 33 41 18 2 30 28 35 12 23 41 35 32 7 54 6 
29 31 33 48 16 32 17 31 14 43 47 36 33 53 0 25 46 32 45 33 29 26 32 11 35 36 48 27 36 53 31 26 44 46 40 15 27 47 54 4 47 
7 19 8 50 12 32 26 23 38 27 58 20 49 48 25 0 46 16 41 47 9 9 30 19 33 12 59 6 29 46 42 22 56 47 26 15 41 58 45 29 45 
41 28 46 3 38 14 29 23 43 29 21 30 28 10 46 46 0 32 8 25 38 37 16 36 13 43 22 41 18 12 20 24 24 1 26 36 25 22 17 46 5 
9 4 13 36 16 20 22 9 40 12 47 5 43 32 32 16 32 0 26 40 6 7 18 21 19 10 49 9 14 31 34 12 47 33 10 16 35 48 29 35 30 
35 22 40 12 35 13 28 18 45 21 29 23 34 7 45 41 8 26 0 31 32 32 13 34 10 36 31 35 12 7 24 20 32 9 19 33 29 30 10 47 3 
46 36 51 25 35 23 21 32 23 45 15 41 3 36 33 47 25 40 31 0 43 40 24 29 25 51 15 44 32 37 6 28 10 24 41 32 6 14 42 31 30 
3 10 8 42 13 25 23 14 39 17 52 11 46 38 29 9 38 6 32 43 0 3 23 20 25 7 54 3 20 37 37 16 51 39 16 15 37 52 36 33 36 
5 9 10 41 9 23 20 13 35 19 50 12 43 38 26 9 37 7 32 40 3 0 21 16 23 11 51 4 19 37 35 13 48 37 17 11 34 50 36 29 35 
26 13 31 19 22 1 15 9 33 20 29 17 28 20 32 30 16 18 13 24 23 21 0 21 2 29 31 25 7 20 17 8 29 16 16 20 20 30 22 33 15 
21 19 26 39 7 22 8 19 19 32 41 25 30 42 11 19 36 21 34 29 20 16 21 0 24 27 43 19 25 41 25 14 39 36 29 4 22 41 43 14 37 
28 15 33 17 25 2 18 10 35 20 28 18 28 17 35 33 13 19 10 25 25 23 2 24 0 30 30 27 7 17 18 10 29 13 16 23 21 29 20 36 13 
6 15 5 47 20 31 31 20 46 17 58 13 53 41 36 12 43 10 36 51 7 11 29 27 30 0 60 8 24 39 44 22 58 43 17 22 44 59 37 40 40 
57 45 62 20 48 29 35 40 39 50 1 49 16 33 48 59 22 49 31 15 54 51 31 43 30 60 0 55 37 35 17 38 5 21 47 45 21 1 40 47 28 
1 13 7 45 11 27 23 17 38 21 54 14 47 41 27 6 41 9 35 44 3 4 25 19 27 8 55 0 23 40 39 18 53 41 19 14 38 54 39 31 39 
23 10 27 22 23 9 21 6 39 13 35 11 35 18 36 29 18 14 12 32 20 19 7 25 7 24 37 23 0 17 25 10 36 19 9 23 27 36 18 38 16 
40 27 44 15 41 20 36 24 53 23 33 27 41 2 53 46 12 31 7 37 37 37 20 41 17 39 35 40 17 0 31 27 36 14 22 40 36 34 5 54 7 
40 30 45 20 31 16 17 25 24 38 16 34 10 30 31 42 20 34 24 6 37 35 17 25 18 44 17 39 25 31 0 22 14 19 34 28 5 16 35 30 24 
19 8 24 27 14 9 11 5 30 19 36 13 31 28 26 22 24 12 20 28 16 13 8 14 10 22 38 18 10 27 22 0 35 24 15 13 22 36 28 28 23 
54 43 59 22 45 27 31 38 34 50 5 47 11 35 44 56 24 47 32 10 51 48 29 39 29 58 5 53 36 36 14 35 0 22 46 42 16 4 41 42 29 
42 29 47 3 38 14 28 24 42 30 19 31 27 12 46 47 1 33 9 24 39 37 16 36 13 43 21 41 19 14 19 24 22 0 27 36 24 20 19 46 6 
19 9 22 30 25 18 27 10 46 4 45 5 44 23 40 26 26 10 19 41 16 17 16 29 16 17 47 19 9 22 34 15 46 27 0 25 36 46 20 43 23 
16 15 21 39 3 21 11 16 24 28 44 21 34 41 15 15 36 16 33 32 15 11 20 4 23 22 45 14 23 40 28 13 42 36 25 0 26 44 41 18 36 
40 30 45 25 29 18 15 27 19 40 20 36 8 35 27 41 25 35 29 6 37 34 20 22 21 44 21 38 27 36 5 22 16 24 36 26 0 20 40 25 29 
55 43 61 19 47 28 33 39 38 49 1 47 15 32 47 58 22 48 30 14 52 50 30 41 29 59 1 54 36 34 16 36 4 20 46 44 20 0 39 46 27 
39 27 42 20 42 22 38 24 56 20 38 25 45 7 54 45 17 29 10 42 36 36 22 43 20 37 40 39 18 5 35 28 41 19 20 41 40 39 0 56 12 
33 33 37 48 19 33 18 33 10 46 46 39 31 54 4 29 46 35 47 31 33 29 33 14 36 40 47 31 38 54 30 28 42 46 43 18 25 46 56 0 48 
39 26 43 8 38 15 30 22 46 25 26 27 33 6 47 45 5 30 3 30 36 35 15 37 13 40 28 39 16 7 24 23 29 6 23 36 29 27 12 48 0 
0 563
269 550
159 440
185 466
259 540
58 339
45 326
193 474
122 403
8 289
236 517
47 328
133 414
94 375
65 346
253 534
32 313
147 428
57 338
119 400
165 446
83 364
48 329
35 316
99 380
205 486
28 309
146 427
81 362
281 562
226 507
169 450
163 444
154 435
189 470
152 433
93 374
209 490
206 487
248 529
246 527
