41
0 8 13 17 19 19 38 25 44 39 37 39 13 29 10 24 25 19 54 23 33 26 23 29 34 52 41 12 41 33 9 17 16 48 58 53 14 20 28 49 32 
8 0 12 10 14 14 31 16 37 33 33 31 8 21 8 18 19 19 47 19 25 20 21 22 33 45 34 9 38 26 5 10 10 40 50 45 17 21 20 42 26 
13 12 0 20 8 8 41 21 35 28 24 36 7 23 20 15 30 7 45 10 35 31 10 20 21 43 45 21 27 26 7 21 21 41 50 45 7 8 30 39 38 
17 10 20 0 19 18 20 11 33 33 36 22 13 17 11 18 10 28 42 23 15 10 26 20 39 41 24 10 43 22 13 0 3 34 45 39 27 29 10 38 17 
19 14 8 19 0 1 37 15 27 20 18 29 6 16 23 8 29 12 37 4 31 29 7 13 20 35 42 23 24 18 10 20 21 33 42 37 15 12 26 31 36 
19 14 8 18 1 0 36 14 26 19 18 28 6 15 23 7 29 13 36 5 30 28 8 12 21 34 41 23 24 17 10 19 20 32 41 36 16 13 25 30 35 
38 31 41 20 37 36 0 22 38 44 50 18 33 26 28 32 13 48 43 41 6 11 44 31 57 43 4 27 58 30 34 20 21 34 43 38 47 49 11 42 7 
25 16 21 11 15 14 22 0 22 23 28 14 13 6 21 10 18 27 31 18 16 17 22 9 34 30 27 21 35 11 16 11 14 24 34 28 29 28 12 27 22 
44 37 35 33 27 26 38 22 0 11 21 20 30 16 43 19 40 37 10 25 33 37 27 14 33 8 43 43 29 11 34 34 36 9 15 11 42 37 31 4 41 
39 33 28 33 20 19 44 23 11 0 9 27 25 17 41 15 42 28 20 17 38 40 18 13 22 17 48 41 18 13 29 34 36 20 26 22 33 28 35 13 45 
37 33 24 36 18 18 50 28 21 9 0 36 25 23 42 18 46 22 30 14 44 44 13 18 12 27 55 42 8 21 28 36 38 30 36 32 28 21 40 23 50 
39 31 36 22 29 28 18 14 20 27 36 0 28 13 34 22 24 41 24 31 14 21 34 18 45 24 23 33 44 14 31 23 25 15 24 19 43 42 15 23 23 
13 8 7 13 6 6 33 13 30 25 25 28 0 16 16 10 24 14 40 11 27 24 13 15 26 38 37 17 30 20 4 14 15 35 45 39 15 15 22 35 30 
29 21 23 17 16 15 26 6 16 17 23 13 16 0 27 8 24 28 25 17 20 22 21 5 32 24 31 26 32 5 20 18 20 18 29 23 30 28 17 21 27 
10 8 20 11 23 23 28 21 43 41 42 34 16 27 0 25 15 27 53 28 25 17 29 29 42 51 31 1 47 32 13 11 8 46 56 50 23 29 20 48 23 
24 18 15 18 8 7 32 10 19 15 18 22 10 8 25 0 27 20 30 9 26 26 12 5 24 28 37 25 26 10 15 18 20 25 34 29 23 20 22 24 32 
25 19 30 10 29 29 13 18 40 42 46 24 24 24 15 27 0 38 47 34 11 3 37 28 50 47 16 13 53 29 23 9 9 39 49 44 36 39 9 45 7 
19 19 7 28 12 13 48 27 37 28 22 41 14 28 27 20 38 0 47 11 42 38 9 24 15 45 52 28 23 30 15 28 29 44 52 48 6 1 37 40 45 
54 47 45 42 37 36 43 31 10 20 30 24 40 25 53 30 47 47 0 36 39 44 38 25 43 3 47 52 37 20 45 43 45 8 5 5 52 47 38 7 47 
23 19 10 23 4 5 41 18 25 17 14 31 11 17 28 9 34 11 36 0 35 33 3 13 16 33 46 28 19 18 14 24 26 32 41 36 16 11 30 29 40 
33 25 35 15 31 30 6 16 33 38 44 14 27 20 25 26 11 42 39 35 0 8 38 25 51 39 11 23 52 24 28 15 16 30 39 34 42 43 5 37 8 
26 20 31 10 29 28 11 17 37 40 44 21 24 22 17 26 3 38 44 33 8 0 36 27 49 44 14 15 52 27 24 10 10 36 46 40 37 40 6 42 6 
23 21 10 26 7 8 44 22 27 18 13 34 13 21 29 12 37 9 38 3 38 36 0 16 13 35 49 30 17 22 16 27 28 35 43 39 15 9 33 31 43 
29 22 20 20 13 12 31 9 14 13 18 18 15 5 29 5 28 24 25 13 25 27 16 0 27 23 36 28 27 5 19 21 23 20 29 24 28 25 22 19 32 
34 33 21 39 20 21 57 34 33 22 12 45 26 32 42 24 50 15 43 16 51 49 13 27 0 39 62 42 8 31 28 40 41 42 48 45 22 14 46 35 56 
52 45 43 41 35 34 43 30 8 17 27 24 38 24 51 28 47 45 3 33 39 44 35 23 39 0 48 51 34 19 43 42 44 9 9 7 50 45 38 4 47 
41 34 45 24 42 41 4 27 43 48 55 23 37 31 31 37 16 52 47 46 11 14 49 36 62 48 0 29 63 34 38 24 24 38 46 42 51 53 15 47 8 
12 9 21 10 23 23 27 21 43 41 42 33 17 26 1 25 13 28 52 28 23 15 30 28 42 51 29 0 47 32 14 9 7 45 55 49 25 30 19 48 21 
41 38 27 43 24 24 58 35 29 18 8 44 30 32 47 26 53 23 37 19 52 52 17 27 8 34 63 47 0 30 33 43 45 38 43 40 29 22 48 30 58 
33 26 26 22 18 17 30 11 11 13 21 14 20 5 32 10 29 30 20 18 24 27 22 5 31 19 34 32 30 0 24 23 25 14 24 19 33 30 21 16 32 
9 5 7 13 10 10 34 16 34 29 28 31 4 20 13 15 23 15 45 14 28 24 16 19 28 43 38 14 33 24 0 14 14 39 49 43 13 16 23 39 30 
17 10 21 0 20 19 20 11 34 34 36 23 14 18 11 18 9 28 43 24 15 10 27 21 40 42 24 9 43 23 14 0 2 35 45 40 27 29 10 39 16 
16 10 21 3 21 20 21 14 36 36 38 25 15 20 8 20 9 29 45 26 16 10 28 23 41 44 24 7 45 25 14 2 0 37 48 42 27 30 12 41 16 
48 40 41 34 33 32 34 24 9 20 30 15 35 18 46 25 39 44 8 32 30 36 35 20 42 9 38 45 38 14 39 35 37 0 10 4 48 44 30 10 39 
58 50 50 45 42 41 43 34 15 26 36 24 45 29 56 34 49 52 5 41 39 46 43 29 48 9 46 55 43 24 49 45 48 10 0 5 57 52 39 13 48 
53 45 45 39 37 36 38 28 11 22 32 19 39 23 50 29 44 48 5 36 34 40 39 24 45 7 42 49 40 19 43 40 42 4 5 0 52 48 34 10 43 
14 17 7 27 15 16 47 29 42 33 28 43 15 30 23 23 36 6 52 16 42 37 15 28 22 50 51 25 29 33 13 27 27 48 57 52 0 7 37 46 44 
20 21 8 29 12 13 49 28 37 28 21 42 15 28 29 20 39 1 47 11 43 40 9 25 14 45 53 30 22 30 16 29 30 44 52 48 7 0 38 40 46 
28 20 30 10 26 25 11 12 31 35 40 15 22 17 20 22 9 37 38 30 5 6 33 22 46 38 15 19 48 21 23 10 12 30 39 34 37 38 0 36 10 
49 42 39 38 31 30 42 27 4 13 23 23 35 21 48 24 45 40 7 29 37 42 31 19 35 4 47 48 30 16 39 39 41 10 13 10 46 40 36 0 46 
32 26 38 17 36 35 7 22 41 45 50 23 30 27 23 32 7 45 47 40 8 6 43 32 56 47 8 21 58 32 30 16 16 39 48 43 44 46 10 46 0 
0 318
271 271
7 7
81 81
275 275
309 309
67 67
143 143
131 131
24 24
81 81
136 136
259 259
213 213
316 316
33 33
156 156
208 208
47 47
119 119
123 123
0 0
93 93
130 130
33 33
265 265
314 314
177 177
68 68
49 49
8 8
88 88
245 245
142 142
204 204
164 164
212 212
86 86
132 132
102 102
84 84
