41
0 16 27 1 9 2 34 5 14 27 12 15 22 14 26 35 9 28 22 14 16 37 10 18 17 4 11 14 21 8 17 1 24 10 21 7 15 26 26 9 23 
16 0 18 15 16 13 20 10 22 22 27 21 7 25 32 22 19 12 7 15 23 26 17 34 15 14 9 21 6 23 32 16 8 11 6 13 7 10 31 7 24 
27 18 0 27 20 26 33 24 39 40 40 38 13 41 25 11 35 18 14 34 40 41 20 45 34 23 16 22 12 36 36 27 19 17 14 30 13 20 23 20 16 
1 15 27 0 10 1 32 4 13 25 12 13 21 13 27 35 8 27 21 12 15 35 11 19 16 4 10 15 20 8 19 3 22 10 20 5 14 25 27 8 23 
9 16 20 10 0 10 37 11 24 34 21 24 19 24 17 30 19 27 20 22 26 42 0 24 25 6 7 5 18 16 16 8 24 5 20 16 11 26 16 10 13 
2 13 26 1 10 0 31 3 14 25 13 14 19 14 27 34 9 26 20 12 16 34 10 20 15 4 9 15 19 10 19 3 21 10 19 5 13 24 27 7 23 
34 20 33 32 37 31 0 28 31 17 41 30 21 37 52 29 32 15 20 24 31 8 37 49 20 33 30 42 22 39 51 35 14 32 20 28 27 13 51 27 44 
5 10 24 4 11 3 28 0 14 23 16 14 17 16 28 31 10 23 17 11 16 32 11 23 14 5 8 16 16 12 22 6 18 9 16 5 11 21 27 4 23 
14 22 39 13 24 14 31 14 0 18 11 1 29 5 40 44 5 33 29 7 2 31 24 19 11 18 23 28 29 12 28 16 28 23 28 9 25 30 40 19 37 
27 22 40 25 34 25 17 23 18 0 29 16 27 23 51 41 21 26 27 13 16 14 34 37 9 28 29 39 28 29 44 29 22 31 26 19 29 23 51 25 45 
12 27 40 12 21 13 41 16 11 29 0 12 33 6 34 48 8 39 33 16 12 41 21 8 21 16 23 23 32 4 18 13 34 23 33 13 27 36 35 21 33 
15 21 38 13 24 14 30 14 1 16 12 0 28 7 41 43 6 31 28 5 2 29 24 21 9 18 22 29 28 13 29 16 26 23 27 9 25 28 41 18 37 
22 7 13 21 19 19 21 17 29 27 33 28 0 32 32 15 26 8 1 23 30 28 19 40 22 18 12 23 1 30 36 22 7 13 1 20 8 8 30 12 23 
14 25 41 13 24 14 37 16 5 23 6 7 32 0 39 47 6 37 32 12 6 36 24 14 16 18 24 27 32 9 24 15 32 24 32 11 27 34 39 21 37 
26 32 25 27 17 27 52 28 40 51 34 41 32 39 0 36 35 39 33 39 42 58 16 34 42 23 23 12 30 30 19 24 38 21 33 33 24 40 1 26 8 
35 22 11 35 30 34 29 31 44 41 48 43 15 47 36 0 41 15 15 38 45 38 30 54 36 32 25 32 15 44 46 35 18 25 16 35 20 17 34 27 27 
9 19 35 8 19 9 32 10 5 21 8 6 26 6 35 41 0 31 26 8 7 33 19 16 13 13 18 23 26 7 23 11 26 19 26 5 21 28 35 15 32 
28 12 18 27 27 26 15 23 33 26 39 31 8 37 39 15 31 0 7 25 33 23 27 46 23 26 19 31 9 36 43 29 5 21 7 25 16 3 38 19 31 
22 7 14 21 20 20 20 17 29 27 33 28 1 32 33 15 26 7 0 22 30 27 20 40 21 19 12 24 2 30 36 22 5 14 0 20 9 7 31 13 24 
14 15 34 12 22 12 24 11 7 13 16 5 23 12 39 38 8 25 22 0 7 25 23 25 4 16 19 27 22 16 30 16 20 20 22 6 20 23 39 14 35 
16 23 40 15 26 16 31 16 2 16 12 2 30 6 42 45 7 33 30 7 0 30 26 20 11 20 24 30 30 14 30 18 28 25 29 11 27 30 42 20 39 
37 26 41 35 42 34 8 32 31 14 41 29 28 36 58 38 33 23 27 25 30 0 42 50 20 37 35 47 29 41 54 38 21 37 26 30 33 21 57 31 50 
10 17 20 11 0 10 37 11 24 34 21 24 19 24 16 30 19 27 20 23 26 42 0 25 25 6 7 4 18 17 16 8 24 5 20 16 11 26 16 10 12 
18 34 45 19 24 20 49 23 19 37 8 21 40 14 34 54 16 46 40 25 20 50 25 0 29 21 29 25 39 10 15 18 41 28 40 21 33 44 35 27 35 
17 15 34 16 25 15 20 14 11 9 21 9 22 16 42 36 13 23 21 4 11 20 25 29 0 19 20 30 22 20 34 19 18 22 20 10 21 20 41 16 37 
4 14 23 4 6 4 33 5 18 28 16 18 18 18 23 32 13 26 19 16 20 37 6 21 19 0 7 11 18 12 18 3 22 6 19 9 11 24 22 6 19 
11 9 16 10 7 9 30 8 23 29 23 22 12 24 23 25 18 19 12 19 24 35 7 29 20 7 0 12 11 19 23 10 16 2 12 13 4 18 22 4 16 
14 21 22 15 5 15 42 16 28 39 23 29 23 27 12 32 23 31 24 27 30 47 4 25 30 11 12 0 22 19 14 12 29 10 24 20 15 31 12 15 10 
21 6 12 20 18 19 22 16 29 28 32 28 1 32 30 15 26 9 2 22 30 29 18 39 22 18 11 22 0 29 35 21 7 12 2 20 7 9 29 12 22 
8 23 36 8 16 10 39 12 12 29 4 13 30 9 30 44 7 36 30 16 14 41 17 10 20 12 19 19 29 0 15 8 31 18 29 11 23 33 30 17 29 
17 32 36 19 16 19 51 22 28 44 18 29 36 24 19 46 23 43 36 30 30 54 16 15 34 18 23 14 35 15 0 16 40 22 36 24 27 42 20 24 23 
1 16 27 3 8 3 35 6 16 29 13 16 22 15 24 35 11 29 22 16 18 38 8 18 19 3 10 12 21 8 16 0 24 10 22 9 14 27 24 9 21 
24 8 19 22 24 21 14 18 28 22 34 26 7 32 38 18 26 5 5 20 28 21 24 41 18 22 16 29 7 31 40 24 0 18 5 20 13 2 37 15 30 
10 11 17 10 5 10 32 9 23 31 23 23 13 24 21 25 19 21 14 20 25 37 5 28 22 6 2 10 12 18 22 10 18 0 14 14 5 20 20 5 14 
21 6 14 20 20 19 20 16 28 26 33 27 1 32 33 16 26 7 0 22 29 26 20 40 20 19 12 24 2 29 36 22 5 14 0 20 9 6 31 12 25 
7 13 30 5 16 5 28 5 9 19 13 9 20 11 33 35 5 25 20 6 11 30 16 21 10 9 13 20 20 11 24 9 20 14 20 0 16 23 32 9 28 
15 7 13 14 11 13 27 11 25 29 27 25 8 27 24 20 21 16 9 20 27 33 11 33 21 11 4 15 7 23 27 14 13 5 9 16 0 15 23 6 17 
26 10 20 25 26 24 13 21 30 23 36 28 8 34 40 17 28 3 7 23 30 21 26 44 20 24 18 31 9 33 42 27 2 20 6 23 15 0 38 17 31 
26 31 23 27 16 27 51 27 40 51 35 41 30 39 1 34 35 38 31 39 42 57 16 35 41 22 22 12 29 30 20 24 37 20 31 32 23 38 0 26 7 
9 7 20 8 10 7 27 4 19 25 21 18 12 21 26 27 15 19 13 14 20 31 10 27 16 6 4 15 12 17 24 9 15 5 12 9 6 17 26 0 20 
23 24 16 23 13 23 44 23 37 45 33 37 23 37 8 27 32 31 24 35 39 50 12 35 37 19 16 10 22 29 23 21 30 14 25 28 17 31 7 20 0 
0 489
258 453
188 383
92 287
40 235
199 394
44 239
278 473
1 196
189 384
289 484
46 241
11 206
264 459
87 282
202 397
64 259
186 381
113 308
199 394
1 196
271 466
94 289
150 345
291 486
167 362
103 298
79 274
241 436
119 314
248 443
10 205
264 459
146 341
217 412
242 437
18 213
54 249
115 310
38 233
13 208
