41
0 38 31 31 15 30 33 8 26 1 26 20 10 23 52 30 38 36 9 10 7 7 9 35 13 19 9 8 21 18 16 30 20 14 3 29 24 25 10 36 26 
38 0 24 47 39 16 8 38 19 37 16 23 49 42 26 8 11 15 30 44 43 31 37 7 38 33 41 33 18 43 25 28 22 29 39 16 33 41 38 15 37 
31 24 0 24 22 32 27 25 7 31 28 12 40 21 22 22 33 35 22 41 32 27 25 28 22 14 27 32 15 24 30 4 12 32 29 31 12 19 38 35 15 
31 47 24 0 16 50 47 22 27 32 45 25 34 8 43 42 54 54 28 41 26 33 22 49 18 16 22 38 31 13 41 19 26 41 28 48 13 7 41 55 9 
15 39 22 16 0 37 36 6 21 16 32 15 20 7 44 32 43 42 12 25 11 17 6 39 1 7 7 21 21 4 26 19 16 25 12 35 11 9 25 43 11 
30 16 32 50 37 0 8 33 25 28 4 24 40 43 42 11 9 6 25 32 37 22 33 9 35 34 36 22 18 41 13 35 23 17 31 1 36 43 26 6 40 
33 8 27 47 36 8 0 34 20 32 8 22 43 41 34 5 6 8 26 37 39 25 34 2 35 32 37 26 15 40 18 30 21 21 34 7 34 40 31 8 37 
8 38 25 22 6 33 34 0 22 9 29 16 14 14 47 30 40 39 8 19 6 11 0 37 4 11 2 15 20 10 21 23 16 20 5 32 16 16 19 39 17 
26 19 7 27 21 25 20 22 0 26 21 6 36 23 25 15 26 28 17 35 28 21 21 22 20 14 25 25 7 24 23 10 6 25 25 23 14 21 31 28 17 
1 37 31 32 16 28 32 9 26 0 25 19 11 24 52 29 37 34 8 10 9 6 10 34 14 20 10 7 21 19 15 30 20 12 4 27 24 26 9 35 26 
26 16 28 45 32 4 8 29 21 25 0 20 36 38 40 9 12 10 20 29 32 18 28 10 31 29 31 19 14 37 10 31 19 13 27 3 32 38 23 10 36 
20 23 12 25 15 24 22 16 6 19 20 0 30 19 32 16 28 29 11 29 22 15 15 24 15 9 18 20 6 19 18 12 1 20 18 23 12 18 25 29 15 
10 49 40 34 20 40 43 14 36 11 36 30 0 26 62 40 49 46 19 11 8 18 15 46 18 26 13 17 32 21 26 38 30 23 11 39 31 29 16 46 31 
23 42 21 8 7 43 41 14 23 24 38 19 26 0 43 36 48 48 20 33 18 24 14 43 9 9 14 29 25 5 33 17 20 33 20 41 9 3 33 48 7 
52 26 22 43 44 42 34 47 25 52 40 32 62 43 0 31 37 41 43 61 53 46 47 33 45 36 50 51 31 46 46 25 32 49 51 41 34 40 57 41 36 
30 8 22 42 32 11 5 30 15 29 9 16 40 36 31 0 11 13 22 35 35 22 30 7 31 26 33 24 10 36 17 25 15 20 30 10 28 35 29 13 32 
38 11 33 54 43 9 6 40 26 37 12 28 49 48 37 11 0 5 32 41 44 30 40 4 41 38 43 31 22 47 22 36 27 26 39 10 40 47 35 4 44 
36 15 35 54 42 6 8 39 28 34 10 29 46 48 41 13 5 0 30 38 43 28 39 8 41 38 41 28 22 47 19 38 28 23 37 7 41 47 31 0 45 
9 30 22 28 12 25 26 8 17 8 20 11 19 20 43 22 32 30 0 18 13 5 8 28 11 12 11 10 12 17 13 21 11 13 8 23 17 20 15 31 20 
10 44 41 41 25 32 37 19 35 10 29 29 11 33 61 35 41 38 18 0 15 14 19 40 23 30 19 11 29 28 19 40 29 15 13 31 35 35 6 38 36 
7 43 32 26 11 37 39 6 28 9 32 22 8 18 53 35 44 43 13 15 0 14 6 41 9 17 4 16 25 13 24 29 22 21 5 35 22 20 17 43 22 
7 31 27 33 17 22 25 11 21 6 18 15 18 24 46 22 30 28 5 14 14 0 11 27 15 18 13 5 15 21 9 26 14 8 9 21 22 25 10 29 25 
9 37 25 22 6 33 34 0 21 10 28 15 15 14 47 30 40 39 8 19 6 11 0 36 4 11 3 15 19 10 21 22 16 20 6 32 15 16 19 39 17 
35 7 28 49 39 9 2 37 22 34 10 24 46 43 33 7 4 8 28 40 41 27 36 0 37 34 39 29 17 43 20 31 23 24 36 9 35 42 33 8 39 
13 38 22 18 1 35 35 4 20 14 31 15 18 9 45 31 41 41 11 23 9 15 4 37 0 8 5 20 20 6 24 20 16 24 10 34 12 11 23 41 12 
19 33 14 16 7 34 32 11 14 20 29 9 26 9 36 26 38 38 12 30 17 18 11 34 8 0 13 23 16 10 25 11 10 26 16 32 4 9 28 39 7 
9 41 27 22 7 36 37 2 25 10 31 18 13 14 50 33 43 41 11 19 4 13 3 39 5 13 0 17 22 9 23 25 19 22 6 34 18 16 19 42 18 
8 33 32 38 21 22 26 15 25 7 19 20 17 29 51 24 31 28 10 11 16 5 15 29 20 23 17 0 19 25 8 32 19 5 11 21 28 31 5 28 30 
21 18 15 31 21 18 15 20 7 21 14 6 32 25 31 10 22 22 12 29 25 15 19 17 20 16 22 19 0 25 15 16 5 17 21 17 18 24 25 23 22 
18 43 24 13 4 41 40 10 24 19 37 19 21 5 46 36 47 47 17 28 13 21 10 43 6 10 9 25 25 0 30 20 20 30 15 40 12 8 29 47 11 
16 25 30 41 26 13 18 21 23 15 10 18 26 33 46 17 22 19 13 19 24 9 21 20 24 25 23 8 15 30 0 31 18 3 18 12 29 34 12 20 33 
30 28 4 19 19 35 30 23 10 30 31 12 38 17 25 25 36 38 21 40 29 26 22 31 20 11 25 32 16 20 31 0 13 32 28 33 8 15 37 38 11 
20 22 12 26 16 23 21 16 6 20 19 1 30 20 32 15 27 28 11 29 22 14 16 23 16 10 19 19 5 20 18 13 0 19 19 22 13 19 25 28 17 
14 29 32 41 25 17 21 20 25 12 13 20 23 33 49 20 26 23 13 15 21 8 20 24 24 26 22 5 17 30 3 32 19 0 16 16 30 34 9 23 33 
3 39 29 28 12 31 34 5 25 4 27 18 11 20 51 30 39 37 8 13 5 9 6 36 10 16 6 11 21 15 18 28 19 16 0 30 21 22 13 38 22 
29 16 31 48 35 1 7 32 23 27 3 23 39 41 41 10 10 7 23 31 35 21 32 9 34 32 34 21 17 40 12 33 22 16 30 0 35 41 25 7 39 
24 33 12 13 11 36 34 16 14 24 32 12 31 9 34 28 40 41 17 35 22 22 15 35 12 4 18 28 18 12 29 8 13 30 21 35 0 7 33 41 3 
25 41 19 7 9 43 40 16 21 26 38 18 29 3 40 35 47 47 20 35 20 25 16 42 11 9 16 31 24 8 34 15 19 34 22 41 7 0 35 47 4 
10 38 38 41 25 26 31 19 31 9 23 25 16 33 57 29 35 31 15 6 17 10 19 33 23 28 19 5 25 29 12 37 25 9 13 25 33 35 0 32 35 
36 15 35 55 43 6 8 39 28 35 10 29 46 48 41 13 4 0 31 38 43 29 39 8 41 39 42 28 23 47 20 38 28 23 38 7 41 47 32 0 45 
26 37 15 9 11 40 37 17 17 26 36 15 31 7 36 32 44 45 20 36 22 25 17 39 12 7 18 30 22 11 33 11 17 33 22 39 3 4 35 45 0 
0 685
186 391
69 274
398 603
33 238
395 600
63 268
46 251
361 566
147 352
34 239
460 665
102 307
227 432
47 252
466 671
401 606
280 485
238 443
162 367
140 345
86 291
374 579
137 342
7 212
275 480
371 576
147 352
56 261
355 560
45 250
381 586
115 320
185 390
339 544
345 550
166 371
286 491
115 320
143 348
440 645
