41
0 27 34 14 9 17 14 9 15 21 21 30 21 17 23 21 8 15 14 12 14 22 28 22 40 12 36 15 30 21 21 17 30 7 18 20 14 17 18 14 18 
27 0 12 17 24 26 34 35 40 6 6 11 9 39 43 21 25 29 41 36 37 11 17 33 20 22 17 39 48 46 43 11 42 21 33 7 15 43 44 19 13 
34 12 0 20 28 26 44 39 44 17 17 4 12 41 43 33 34 30 47 45 46 11 11 32 8 25 6 43 47 54 45 21 40 27 43 15 26 47 48 21 16 
14 17 20 0 7 8 27 19 23 14 15 16 9 21 25 25 18 11 27 27 29 8 13 16 25 5 22 22 30 36 26 13 26 7 29 11 15 26 28 2 4 
9 24 28 7 0 8 23 11 16 19 20 23 16 14 19 26 15 7 19 21 23 16 20 14 32 3 29 15 25 29 19 17 23 5 26 17 16 19 20 6 12 
17 26 26 8 8 0 31 17 19 22 24 21 16 15 17 33 23 4 25 29 31 15 15 7 28 6 25 18 22 37 20 22 17 13 34 20 23 23 24 6 12 
14 34 44 27 23 31 0 19 25 27 28 40 31 29 35 18 9 29 18 4 4 33 40 36 51 25 48 24 42 12 31 23 44 19 6 28 18 24 24 28 30 
9 35 39 19 11 17 19 0 6 29 30 35 27 10 16 30 16 13 7 15 17 28 31 18 44 14 41 6 23 20 12 25 25 14 24 27 23 8 9 18 23 
15 40 44 23 16 19 25 6 0 34 36 39 32 5 10 37 23 14 8 21 22 32 34 17 47 18 44 0 17 23 5 32 21 19 31 33 29 4 5 22 28 
21 6 17 14 19 22 27 29 34 0 1 14 8 34 38 16 18 25 35 30 31 10 18 30 25 18 22 34 44 39 38 4 40 15 26 3 9 37 38 16 11 
21 6 17 15 20 24 28 30 36 1 0 15 9 35 40 15 18 27 36 30 31 12 20 32 25 19 23 35 46 39 40 4 41 16 26 4 9 38 39 17 12 
30 11 4 16 23 21 40 35 39 14 15 0 9 36 39 31 30 26 43 41 43 7 7 28 10 21 7 38 43 50 41 18 36 22 40 12 23 43 44 17 11 
21 9 12 9 16 16 31 27 32 8 9 9 0 30 34 23 21 20 35 32 34 2 10 24 19 14 16 31 39 42 35 10 33 14 31 4 14 35 36 10 4 
17 39 41 21 14 15 29 10 5 34 35 36 30 0 6 39 25 10 14 25 27 29 31 12 44 16 41 5 12 29 4 32 16 19 34 32 30 9 10 19 26 
23 43 43 25 19 17 35 16 10 38 40 39 34 6 0 45 32 13 19 31 33 33 32 11 45 20 42 10 6 34 5 37 11 25 41 36 36 14 14 23 29 
21 21 33 25 26 33 18 30 37 16 15 31 23 39 45 0 14 34 34 22 22 26 34 40 41 27 38 36 51 31 42 12 50 20 14 18 10 38 39 27 25 
8 25 34 18 15 23 9 16 23 18 18 30 21 25 32 14 0 22 20 11 12 24 31 29 41 17 38 22 38 21 29 13 38 10 11 19 9 24 24 19 20 
15 29 30 11 7 4 29 13 14 25 27 26 20 10 13 34 22 0 21 27 29 19 20 6 33 7 30 13 19 34 15 24 15 13 33 23 24 18 20 9 15 
14 41 47 27 19 25 18 7 8 35 36 43 35 14 19 34 20 21 0 13 15 35 39 25 52 22 49 9 25 15 14 31 30 20 24 34 28 5 6 26 31 
12 36 45 27 21 29 4 15 21 30 30 41 32 25 31 22 11 27 13 0 2 34 40 33 52 24 48 20 38 9 26 25 41 19 11 30 21 19 19 27 30 
14 37 46 29 23 31 4 17 22 31 31 43 34 27 33 22 12 29 15 2 0 35 42 35 53 26 50 22 40 8 28 26 43 21 10 31 22 21 21 29 32 
22 11 11 8 16 15 33 28 32 10 12 7 2 29 33 26 24 19 35 34 35 0 8 22 17 13 14 31 37 43 34 13 31 15 34 7 17 35 37 10 4 
28 17 11 13 20 15 40 31 34 18 20 7 10 31 32 34 31 20 39 40 42 8 0 21 13 17 10 33 36 49 35 21 28 21 41 15 25 38 39 13 10 
22 33 32 16 14 7 36 18 17 30 32 28 24 12 11 40 29 6 25 33 35 22 21 0 33 13 31 16 15 39 16 30 9 19 40 27 30 21 22 14 20 
40 20 8 25 32 28 51 44 47 25 25 10 19 44 45 41 41 33 52 52 53 17 13 33 0 30 3 46 48 61 48 29 39 32 51 23 33 51 52 26 21 
12 22 25 5 3 6 25 14 18 18 19 21 14 16 20 27 17 7 22 24 26 13 17 13 30 0 26 17 26 32 21 17 22 6 28 16 17 22 23 3 9 
36 17 6 22 29 25 48 41 44 22 23 7 16 41 42 38 38 30 49 48 50 14 10 31 3 26 0 43 46 57 45 26 37 29 48 20 30 48 49 23 18 
15 39 43 22 15 18 24 6 0 34 35 38 31 5 10 36 22 13 9 20 22 31 33 16 46 17 43 0 17 24 6 31 21 18 30 32 29 5 6 21 27 
30 48 47 30 25 22 42 23 17 44 46 43 39 12 6 51 38 19 25 38 40 37 36 15 48 26 46 17 0 40 11 43 9 31 47 42 42 20 20 28 34 
21 46 54 36 29 37 12 20 23 39 39 50 42 29 34 31 21 34 15 9 8 43 49 39 61 32 57 24 40 0 29 35 45 28 17 40 30 20 20 35 39 
21 43 45 26 19 20 31 12 5 38 40 41 35 4 5 42 29 15 14 26 28 34 35 16 48 21 45 6 11 29 0 36 17 24 37 36 34 8 9 24 30 
17 11 21 13 17 22 23 25 32 4 4 18 10 32 37 12 13 24 31 25 26 13 21 30 29 17 26 31 43 35 36 0 39 12 22 6 4 34 35 15 12 
30 42 40 26 23 17 44 25 21 40 41 36 33 16 11 50 38 15 30 41 43 31 28 9 39 22 37 21 9 45 17 39 0 29 49 37 40 25 26 24 29 
7 21 27 7 5 13 19 14 19 15 16 22 14 19 25 20 10 13 20 19 21 15 21 19 32 6 29 18 31 28 24 12 29 0 22 13 11 22 23 8 11 
18 33 43 29 26 34 6 24 31 26 26 40 31 34 41 14 11 33 24 11 10 34 41 40 51 28 48 30 47 17 37 22 49 22 0 28 17 30 30 30 31 
20 7 15 11 17 20 28 27 33 3 4 12 4 32 36 18 19 23 34 30 31 7 15 27 23 16 20 32 42 40 36 6 37 13 28 0 10 36 37 13 8 
14 15 26 15 16 23 18 23 29 9 9 23 14 30 36 10 9 24 28 21 22 17 25 30 33 17 30 29 42 30 34 4 40 11 17 10 0 31 32 16 15 
17 43 47 26 19 23 24 8 4 37 38 43 35 9 14 38 24 18 5 19 21 35 38 21 51 22 48 5 20 20 8 34 25 22 30 36 31 0 1 25 31 
18 44 48 28 20 24 24 9 5 38 39 44 36 10 14 39 24 20 6 19 21 37 39 22 52 23 49 6 20 20 9 35 26 23 30 37 32 1 0 26 32 
14 19 21 2 6 6 28 18 22 16 17 17 10 19 23 27 19 9 26 27 29 10 13 14 26 3 23 21 28 35 24 15 24 8 30 13 16 25 26 0 6 
18 13 16 4 12 12 30 23 28 11 12 11 4 26 29 25 20 15 31 30 32 4 10 20 21 9 18 27 34 39 30 12 29 11 31 8 15 31 32 6 0 
0 465
17 110
248 341
89 182
203 296
231 324
356 449
187 280
230 323
354 447
15 108
324 417
262 355
195 288
31 124
366 459
321 414
356 449
154 247
151 244
204 297
248 341
300 393
63 156
146 239
202 295
58 151
235 328
367 460
75 168
227 320
142 235
78 171
121 214
118 211
261 354
87 180
149 242
27 120
60 153
262 355
