41
0 10 56 50 29 23 15 41 35 16 50 53 13 12 48 15 11 20 18 35 51 44 20 44 36 44 51 27 16 29 46 46 36 41 47 15 20 21 50 31 25 
10 0 49 44 28 14 19 31 26 13 42 46 4 21 44 5 22 12 15 29 47 38 25 45 26 36 43 31 12 23 39 38 36 35 48 6 22 26 48 24 20 
56 49 0 7 31 35 46 27 29 39 12 7 45 56 15 48 61 37 37 20 16 11 48 34 43 16 8 44 39 27 12 16 30 14 32 44 41 46 21 25 30 
50 44 7 0 24 30 39 26 26 33 13 10 39 49 9 43 54 32 31 15 10 6 41 27 41 16 10 36 33 21 12 16 23 9 26 39 34 39 15 21 25 
29 28 31 24 0 21 15 33 29 15 31 32 24 25 19 31 31 21 13 16 22 21 16 16 41 28 30 12 16 14 27 30 7 19 19 25 10 14 21 18 12 
23 14 35 30 21 0 21 18 13 10 27 31 10 28 32 13 31 2 10 15 35 24 27 37 20 21 28 29 8 9 24 24 27 21 39 8 20 26 37 9 8 
15 19 46 39 15 21 0 39 33 10 42 45 17 10 35 23 15 19 11 27 38 34 6 29 40 38 43 12 12 21 39 40 21 32 32 19 5 7 36 25 17 
41 31 27 26 33 18 39 0 5 28 15 20 28 47 33 27 50 21 27 17 35 21 44 46 15 10 18 44 27 18 15 11 37 19 46 25 36 43 39 15 22 
35 26 29 26 29 13 33 5 0 23 18 23 22 41 32 22 45 15 22 14 35 20 39 43 14 12 20 40 21 14 16 14 34 18 44 20 31 38 38 10 17 
16 13 39 33 15 10 10 28 23 0 34 37 9 18 32 15 23 8 1 19 35 27 16 31 30 29 34 20 1 12 31 31 22 24 34 10 10 16 35 15 8 
50 42 12 13 31 27 42 15 18 34 0 5 37 52 22 39 57 30 32 15 24 11 46 39 31 6 3 44 33 21 3 4 33 12 38 36 38 44 29 18 25 
53 46 7 10 32 31 45 20 23 37 5 0 41 54 19 44 59 34 35 17 21 11 48 38 36 10 2 45 36 24 6 9 32 13 36 40 40 46 26 22 28 
13 4 45 39 24 10 17 28 22 9 37 41 0 21 39 6 23 7 10 24 43 33 23 41 24 31 39 28 8 18 34 34 31 30 43 2 19 24 43 19 15 
12 21 56 49 25 28 10 47 41 18 52 54 21 0 45 26 5 25 19 37 47 44 11 36 46 47 52 18 19 31 49 50 30 42 40 23 15 13 46 34 26 
48 44 15 9 19 32 35 33 32 32 22 19 39 45 0 45 51 33 30 18 3 12 35 18 46 23 19 30 32 22 20 24 16 13 16 39 30 33 6 23 24 
15 5 48 43 31 13 23 27 22 15 39 44 6 26 45 0 27 11 17 28 48 37 30 47 21 33 41 35 14 22 37 35 38 34 50 5 25 30 49 22 20 
11 22 61 54 31 31 15 50 45 23 57 59 23 5 51 27 0 29 24 42 53 49 17 42 48 52 57 24 23 35 53 54 36 47 46 26 21 18 52 38 31 
20 12 37 32 21 2 19 21 15 8 30 34 7 25 33 11 29 0 8 17 37 26 25 37 21 24 31 28 7 11 27 26 28 23 40 6 18 24 38 12 9 
18 15 37 31 13 10 11 27 22 1 32 35 10 19 30 17 24 8 0 17 33 26 17 30 30 27 33 19 2 11 29 30 21 23 33 11 10 16 33 14 7 
35 29 20 15 16 15 27 17 14 19 15 17 24 37 18 28 42 17 17 0 21 9 31 29 28 11 15 29 18 6 12 13 20 6 29 23 23 29 24 5 10 
51 47 16 10 22 35 38 35 35 35 24 21 43 47 3 48 53 37 33 21 0 14 37 18 49 26 21 32 35 25 22 26 17 16 16 43 32 35 5 26 27 
44 38 11 6 21 24 34 21 20 27 11 11 33 44 12 37 49 26 26 9 14 0 37 28 35 11 9 34 27 15 8 12 21 2 27 32 30 35 18 14 19 
20 25 48 41 16 27 6 44 39 16 46 48 23 11 35 30 17 25 17 31 37 37 0 25 47 42 46 7 18 26 43 44 20 35 29 26 7 2 36 29 22 
44 45 34 27 16 37 29 46 43 31 39 38 41 36 18 47 42 37 30 29 18 28 25 0 56 38 37 18 32 29 36 40 9 28 3 42 23 23 14 32 28 
36 26 43 41 41 20 40 15 14 30 31 36 24 46 46 21 48 21 30 28 49 35 47 56 0 26 34 50 29 26 30 27 47 33 58 22 40 46 53 24 28 
44 36 16 16 28 21 38 10 12 29 6 10 31 47 23 33 52 24 27 11 26 11 42 38 26 0 8 41 28 16 4 2 31 10 38 30 34 41 30 13 21 
51 43 8 10 30 28 43 18 20 34 3 2 39 52 19 41 57 31 33 15 21 9 46 37 34 8 0 43 34 21 4 7 31 11 36 37 38 44 26 19 26 
27 31 44 36 12 29 12 44 40 20 44 45 28 18 30 35 24 28 19 29 32 34 7 18 50 41 43 0 21 26 40 43 14 32 22 30 9 6 29 29 22 
16 12 39 33 16 8 12 27 21 1 33 36 8 19 32 14 23 7 2 18 35 27 18 32 29 28 34 21 0 12 30 30 23 24 35 9 12 17 36 14 8 
29 23 27 21 14 9 21 18 14 12 21 24 18 31 22 22 35 11 11 6 25 15 26 29 26 16 21 26 12 0 18 18 20 12 31 17 18 25 27 3 4 
46 39 12 12 27 24 39 15 16 31 3 6 34 49 20 37 53 27 29 12 22 8 43 36 30 4 4 40 30 18 0 4 29 8 35 33 35 41 26 15 22 
46 38 16 16 30 24 40 11 14 31 4 9 34 50 24 35 54 26 30 13 26 12 44 40 27 2 7 43 30 18 4 0 33 12 40 32 37 43 31 16 23 
36 36 30 23 7 27 21 37 34 22 33 32 31 30 16 38 36 28 21 20 17 21 20 9 47 31 31 14 23 20 29 33 0 20 12 32 16 18 15 23 19 
41 35 14 9 19 21 32 19 18 24 12 13 30 42 13 34 47 23 23 6 16 2 35 28 33 10 11 32 24 12 8 12 20 0 27 29 27 33 20 11 16 
47 48 32 26 19 39 32 46 44 34 38 36 43 40 16 50 46 40 33 29 16 27 29 3 58 38 36 22 35 31 35 40 12 27 0 44 27 27 11 33 30 
15 6 44 39 25 8 19 25 20 10 36 40 2 23 39 5 26 6 11 23 43 32 26 42 22 30 37 30 9 17 33 32 32 29 44 0 20 26 44 18 15 
20 22 41 34 10 20 5 36 31 10 38 40 19 15 30 25 21 18 10 23 32 30 7 23 40 34 38 9 12 18 35 37 16 27 27 20 0 6 31 22 14 
21 26 46 39 14 26 7 43 38 16 44 46 24 13 33 30 18 24 16 29 35 35 2 23 46 41 44 6 17 25 41 43 18 33 27 26 6 0 33 28 20 
50 48 21 15 21 37 36 39 38 35 29 26 43 46 6 49 52 38 33 24 5 18 36 14 53 30 26 29 36 27 26 31 15 20 11 44 31 33 0 29 29 
31 24 25 21 18 9 25 15 10 15 18 22 19 34 23 22 38 12 14 5 26 14 29 32 24 13 19 29 14 3 15 16 23 11 33 18 22 28 29 0 7 
25 20 30 25 12 8 17 22 17 8 25 28 15 26 24 20 31 9 7 10 27 19 22 28 28 21 26 22 8 4 22 23 19 16 30 15 14 20 29 7 0 
0 661
182 446
144 408
360 624
89 353
35 299
372 636
98 362
318 582
103 367
124 388
204 468
371 635
381 645
55 319
196 460
73 337
27 291
180 444
101 365
335 599
287 551
79 343
270 534
204 468
74 338
369 633
394 658
165 429
196 460
22 286
115 379
252 516
346 610
99 363
248 512
213 477
301 565
299 563
101 365
109 373
