41
0 20 14 25 10 33 29 29 21 36 29 20 26 29 24 19 9 12 18 27 17 13 9 30 12 23 14 13 24 18 25 11 7 8 19 16 31 8 5 31 20 
20 0 10 33 29 44 49 48 22 48 12 30 46 31 14 29 20 8 2 47 10 31 11 50 25 26 33 22 41 21 44 29 27 25 29 37 44 20 26 47 41 
14 10 0 35 25 46 41 39 27 49 23 31 40 21 23 18 19 9 8 38 2 22 10 41 24 30 29 11 39 25 40 21 22 16 30 30 44 11 19 45 34 
25 33 35 0 18 11 42 46 12 16 31 5 31 55 23 44 16 27 33 41 38 36 25 44 13 8 19 39 18 12 24 34 21 33 6 30 12 33 27 19 32 
10 29 25 18 0 24 25 28 20 26 34 13 18 39 28 27 9 20 26 24 28 17 17 26 7 20 4 23 13 17 15 15 3 16 12 12 22 18 9 20 15 
33 44 46 11 24 0 42 47 23 4 42 14 29 63 35 51 26 37 43 42 48 41 36 44 21 20 23 47 16 23 22 39 28 40 15 33 3 42 34 13 34 
29 49 41 42 25 42 0 7 45 41 57 37 13 42 52 29 34 41 46 2 43 18 38 2 32 46 22 31 26 42 20 20 24 24 37 12 38 30 23 30 9 
29 48 39 46 28 47 7 0 48 47 58 41 19 37 54 25 36 41 45 5 41 16 38 5 35 49 26 28 32 45 26 18 26 22 40 15 44 28 23 37 13 
21 22 27 12 20 23 45 48 0 28 19 11 37 48 11 39 12 17 22 44 29 34 17 47 12 3 23 33 26 3 31 32 21 30 10 33 24 28 25 30 36 
36 48 49 16 26 4 41 47 28 0 47 18 28 65 40 53 29 41 47 41 52 42 39 43 24 24 24 49 15 27 20 41 30 42 19 33 4 44 35 10 33 
29 12 23 31 34 42 57 58 19 47 0 30 52 44 7 41 24 17 15 56 23 42 20 59 28 22 38 34 44 20 48 40 33 36 29 45 43 31 34 48 49 
20 30 31 5 13 14 37 41 11 18 30 0 27 50 23 39 12 23 29 36 34 30 21 39 7 10 14 33 15 10 20 28 16 28 1 25 13 28 22 18 27 
26 46 40 31 18 29 13 19 37 28 52 27 0 48 46 34 28 38 44 14 43 22 35 15 25 36 14 34 13 34 7 22 19 25 27 11 26 30 21 17 8 
29 31 21 55 39 63 42 37 48 65 44 50 48 0 45 13 38 31 29 39 20 26 30 41 42 51 42 16 52 45 51 26 35 24 48 37 61 21 30 59 40 
24 14 23 23 28 35 52 54 11 40 7 23 46 45 0 39 18 14 16 51 24 38 16 54 21 15 32 33 37 12 42 36 28 33 22 40 36 29 30 41 43 
19 29 18 44 27 51 29 25 39 53 41 39 34 13 39 0 28 25 26 26 19 12 23 29 31 42 29 6 39 36 37 12 23 11 38 23 49 11 17 46 26 
9 20 19 16 9 26 34 36 12 29 24 12 28 38 18 28 0 12 18 33 22 22 10 35 4 14 14 22 21 9 24 20 9 18 10 21 25 17 13 26 25 
12 8 9 27 20 37 41 41 17 41 17 23 38 31 14 25 12 0 6 39 11 25 3 42 17 21 25 18 33 15 36 23 18 19 22 29 37 14 18 39 33 
18 2 8 33 26 43 46 45 22 47 15 29 44 29 16 26 18 6 0 44 8 28 9 47 23 26 31 19 40 21 42 27 24 22 28 34 43 17 23 45 38 
27 47 38 41 24 42 2 5 44 41 56 36 14 39 51 26 33 39 44 0 41 16 36 2 31 45 21 28 26 41 21 17 23 22 36 11 39 27 21 31 8 
17 10 2 38 28 48 43 41 29 52 23 34 43 20 24 19 22 11 8 41 0 25 12 43 27 33 32 13 42 27 43 23 25 19 33 33 47 13 22 48 37 
13 31 22 36 17 41 18 16 34 42 42 30 22 26 38 12 22 25 28 16 25 0 22 18 23 36 18 12 28 31 25 2 14 6 29 11 38 11 8 34 14 
9 11 10 25 17 36 38 38 17 39 20 21 35 30 16 23 10 3 9 36 12 22 0 39 14 21 21 16 30 15 32 19 15 16 20 26 35 12 15 36 30 
30 50 41 44 26 44 2 5 47 43 59 39 15 41 54 29 35 42 47 2 43 18 39 0 34 47 24 31 28 44 22 20 26 24 39 14 41 30 24 33 11 
12 25 24 13 7 21 32 35 12 24 28 7 25 42 21 31 4 17 23 31 27 23 14 34 0 13 10 26 16 9 20 21 9 20 6 20 20 20 14 22 23 
23 26 30 8 20 20 46 49 3 24 22 10 36 51 15 42 14 21 26 45 33 36 21 47 13 0 23 36 25 5 30 34 22 32 9 33 21 31 27 27 36 
14 33 29 19 4 23 22 26 23 24 38 14 14 42 32 29 14 25 31 21 32 18 21 24 10 23 0 26 10 20 10 16 7 18 14 10 20 21 12 17 13 
13 22 11 39 23 47 31 28 33 49 34 33 34 16 33 6 22 18 19 28 13 12 16 31 26 36 26 0 36 30 35 11 19 8 32 22 45 5 14 43 26 
24 41 39 18 13 16 26 32 26 15 44 15 13 52 37 39 21 33 40 26 42 28 30 28 16 25 10 36 0 24 6 26 17 28 16 18 12 32 22 6 18 
18 21 25 12 17 23 42 45 3 27 20 10 34 45 12 36 9 15 21 41 27 31 15 44 9 5 20 30 24 0 29 29 18 27 9 30 23 25 22 28 33 
25 44 40 24 15 22 20 26 31 20 48 20 7 51 42 37 24 36 42 21 43 25 32 22 20 30 10 35 6 29 0 24 18 27 21 14 18 31 21 10 13 
11 29 21 34 15 39 20 18 32 41 40 28 22 26 36 12 20 23 27 17 23 2 19 20 21 34 16 11 26 29 24 0 12 4 27 11 37 9 6 33 14 
7 27 22 21 3 28 24 26 21 30 33 16 19 35 28 23 9 18 24 23 25 14 15 26 9 22 7 19 17 18 18 12 0 12 15 11 25 14 5 24 15 
8 25 16 33 16 40 24 22 30 42 36 28 25 24 33 11 18 19 22 22 19 6 16 24 20 32 18 8 28 27 27 4 12 0 27 14 38 5 6 35 18 
19 29 30 6 12 15 37 40 10 19 29 1 27 48 22 38 10 22 28 36 33 29 20 39 6 9 14 32 16 9 21 27 15 27 0 25 15 27 21 19 27 
16 37 30 30 12 33 12 15 33 33 45 25 11 37 40 23 21 29 34 11 33 11 26 14 20 33 10 22 18 30 14 11 11 14 25 0 30 19 11 24 4 
31 44 44 12 22 3 38 44 24 4 43 13 26 61 36 49 25 37 43 39 47 38 35 41 20 21 20 45 12 23 18 37 25 38 15 30 0 40 31 9 30 
8 20 11 33 18 42 30 28 28 44 31 28 30 21 29 11 17 14 17 27 13 11 12 30 20 31 21 5 32 25 31 9 14 5 27 19 40 0 9 38 23 
5 26 19 27 9 34 23 23 25 35 34 22 21 30 30 17 13 18 23 21 22 8 15 24 14 27 12 14 22 22 21 6 5 6 21 11 31 9 0 29 15 
31 47 45 19 20 13 30 37 30 10 48 18 17 59 41 46 26 39 45 31 48 34 36 33 22 27 17 43 6 28 10 33 24 35 19 24 9 38 29 0 23 
20 41 34 32 15 34 9 13 36 33 49 27 8 40 43 26 25 33 38 8 37 14 30 11 23 36 13 26 18 33 13 14 15 18 27 4 30 23 15 23 0 
0 514
229 331
181 283
36 138
173 275
403 505
216 318
355 457
150 252
50 152
210 312
339 441
210 312
163 265
319 421
293 395
199 301
191 293
1 103
336 438
3 105
356 458
364 466
381 483
216 318
125 227
85 187
381 483
263 365
308 410
98 200
344 446
328 430
221 323
105 207
177 279
50 152
184 286
78 180
116 218
15 117
