41
0 28 7 39 6 36 22 39 30 17 42 24 32 35 27 17 36 38 41 5 41 27 23 17 44 13 42 21 31 13 16 40 15 10 45 21 32 24 17 23 44 
28 0 21 13 31 15 26 12 5 31 17 12 18 19 15 12 24 27 15 31 25 4 20 12 19 33 29 27 11 29 21 15 18 35 19 19 5 13 26 30 15 
7 21 0 31 10 29 18 31 22 16 34 16 27 30 19 10 32 34 35 12 36 19 20 9 36 17 38 21 23 15 11 34 11 17 37 15 25 17 14 20 36 
39 13 31 0 40 7 28 2 9 36 3 16 31 31 15 24 36 39 19 43 35 17 34 22 5 45 39 41 9 42 26 21 31 47 5 22 16 16 31 31 15 
6 31 10 40 0 36 18 40 32 11 42 24 38 41 26 21 42 44 45 12 46 30 29 19 44 19 48 28 31 20 14 44 21 15 45 19 36 24 13 19 47 
36 15 29 7 36 0 22 9 10 30 7 12 34 35 10 24 39 43 25 41 40 20 35 20 8 44 44 42 5 41 21 26 31 45 10 17 20 12 26 25 22 
22 26 18 28 18 22 0 29 23 8 29 13 41 43 12 23 46 49 41 28 49 28 36 17 30 35 52 39 19 33 7 41 28 33 32 6 32 13 5 3 40 
39 12 31 2 40 9 29 0 9 37 4 17 29 29 17 24 34 37 17 43 33 16 33 22 7 45 37 40 10 41 27 18 30 47 6 23 14 17 32 33 13 
30 5 22 9 32 10 23 9 0 29 12 9 23 24 11 15 29 32 17 34 29 9 25 13 15 36 34 32 6 32 19 18 21 38 15 17 10 10 25 27 16 
17 31 16 36 11 30 8 37 29 0 37 20 42 45 20 24 47 50 46 23 51 31 36 19 38 30 53 37 26 30 10 46 27 27 40 13 36 19 4 7 46 
42 17 34 3 42 7 29 4 12 37 0 18 34 34 17 27 39 42 21 46 38 21 37 25 2 49 42 44 11 45 28 23 34 50 3 24 19 18 33 33 17 
24 12 16 16 24 12 13 17 9 20 18 0 29 31 4 14 34 38 27 28 36 15 27 8 20 32 40 32 7 30 10 27 20 33 21 7 18 1 15 17 26 
32 18 27 31 38 34 41 29 23 42 34 29 0 3 33 18 5 8 17 31 8 14 10 23 36 28 11 17 30 24 34 14 16 33 35 35 14 30 39 44 22 
35 19 30 31 41 35 43 29 24 45 34 31 3 0 34 20 5 8 15 35 5 16 13 26 36 32 9 20 31 28 36 13 20 37 35 37 15 32 42 47 21 
27 15 19 15 26 10 12 17 11 20 17 4 33 34 0 18 38 41 29 32 40 18 31 12 18 36 44 36 6 34 11 29 24 37 20 7 21 3 15 16 27 
17 12 10 24 21 24 23 24 15 24 27 14 18 20 18 0 23 26 24 19 26 9 13 6 30 21 29 18 18 17 16 23 6 23 30 18 15 15 21 26 26 
36 24 32 36 42 39 46 34 29 47 39 34 5 5 38 23 0 3 20 34 5 20 13 29 41 30 6 18 36 26 39 18 21 36 40 40 20 36 44 50 26 
38 27 34 39 44 43 49 37 32 50 42 38 8 8 41 26 3 0 23 36 6 23 15 32 44 31 4 19 39 28 42 20 23 37 43 43 23 39 47 53 29 
41 15 35 19 45 25 41 17 17 46 21 27 17 15 29 24 20 23 0 43 17 15 25 26 23 42 22 33 24 38 36 2 27 46 22 34 9 28 42 45 5 
5 31 12 43 12 41 28 43 34 23 46 28 31 35 32 19 34 36 43 0 40 29 21 21 48 7 40 18 35 9 22 42 15 4 49 27 34 29 23 29 46 
41 25 36 35 46 40 49 33 29 51 38 36 8 5 40 26 5 6 17 40 0 21 18 32 40 36 4 23 36 32 42 15 25 41 39 43 20 37 48 53 23 
27 4 19 17 30 20 28 16 9 31 21 15 14 16 18 9 20 23 15 29 21 0 16 12 23 29 25 23 15 25 22 14 14 33 23 21 5 16 27 31 17 
23 20 20 34 29 35 36 33 25 36 37 27 10 13 31 13 13 15 25 21 18 16 0 19 40 18 18 7 30 14 29 23 8 23 39 31 19 28 33 39 30 
17 12 9 22 19 20 17 22 13 19 25 8 23 26 12 6 29 32 26 21 32 12 19 0 27 24 35 24 14 21 10 26 12 25 28 11 17 9 16 20 28 
44 19 36 5 44 8 30 7 15 38 2 20 36 36 18 30 41 44 23 48 40 23 40 27 0 51 45 47 13 47 29 25 36 52 2 25 21 19 34 33 19 
13 33 17 45 19 44 35 45 36 30 49 32 28 32 36 21 30 31 42 7 36 29 18 24 51 0 35 12 39 4 28 40 15 5 51 32 34 33 30 36 46 
42 29 38 39 48 44 52 37 34 53 42 40 11 9 44 29 6 4 22 40 4 25 18 35 45 35 0 23 40 32 45 20 27 41 43 46 24 41 50 55 28 
21 27 21 41 28 42 39 40 32 37 44 32 17 20 36 18 18 19 33 18 23 23 7 24 47 12 23 0 36 9 31 31 11 18 47 35 27 33 35 42 38 
31 11 23 9 31 5 19 10 6 26 11 7 30 31 6 18 36 39 24 35 36 15 30 14 13 39 40 36 0 35 17 25 25 40 14 13 17 6 21 22 22 
13 29 15 42 20 41 33 41 32 30 45 30 24 28 34 17 26 28 38 9 32 25 14 21 47 4 32 9 35 0 26 36 11 9 48 30 30 31 29 35 42 
16 21 11 26 14 21 7 27 19 10 28 10 34 36 11 16 39 42 36 22 42 22 29 10 29 28 45 31 17 26 0 36 20 27 31 5 26 10 5 10 36 
40 15 34 21 44 26 41 18 18 46 23 27 14 13 29 23 18 20 2 42 15 14 23 26 25 40 20 31 25 36 36 0 26 45 24 34 9 28 41 45 8 
15 18 11 31 21 31 28 30 21 27 34 20 16 20 24 6 21 23 27 15 25 14 8 12 36 15 27 11 25 11 20 26 0 18 37 23 19 21 25 31 31 
10 35 17 47 15 45 33 47 38 27 50 33 33 37 37 23 36 37 46 4 41 33 23 25 52 5 41 18 40 9 27 45 18 0 53 32 38 34 28 34 50 
45 19 37 5 45 10 32 6 15 40 3 21 35 35 20 30 40 43 22 49 39 23 39 28 2 51 43 47 14 48 31 24 37 53 0 27 20 21 36 36 16 
21 19 15 22 19 17 6 23 17 13 24 7 35 37 7 18 40 43 34 27 43 21 31 11 25 32 46 35 13 30 5 34 23 32 27 0 25 6 8 10 33 
32 5 25 16 36 20 32 14 10 36 19 18 14 15 21 15 20 23 9 34 20 5 19 17 21 34 24 27 17 30 26 9 19 38 20 25 0 19 32 36 11 
24 13 17 16 24 12 13 17 10 19 18 1 30 32 3 15 36 39 28 29 37 16 28 9 19 33 41 33 6 31 10 28 21 34 21 6 19 0 15 17 27 
17 26 14 31 13 26 5 32 25 4 33 15 39 42 15 21 44 47 42 23 48 27 33 16 34 30 50 35 21 29 5 41 25 28 36 8 32 15 0 6 41 
23 30 20 31 19 25 3 33 27 7 33 17 44 47 16 26 50 53 45 29 53 31 39 20 33 36 55 42 22 35 10 45 31 34 36 10 36 17 6 0 44 
44 15 36 15 47 22 40 13 16 46 17 26 22 21 27 26 26 29 5 46 23 17 30 28 19 46 28 38 22 42 36 8 31 50 16 33 11 27 41 44 0 
0 318
10 73
236 299
221 284
18 81
177 240
142 205
35 98
130 193
153 216
168 231
177 240
145 208
220 283
11 74
107 170
243 306
136 199
25 88
126 189
200 263
57 120
252 315
27 90
193 256
20 83
20 83
104 167
235 298
72 135
220 283
215 278
7 70
174 237
251 314
252 315
173 236
239 302
189 252
8 71
193 256
