41
0 27 30 26 37 24 21 35 4 13 35 7 35 22 37 37 25 10 37 26 30 24 9 13 11 28 18 34 30 31 12 15 31 45 34 15 24 40 10 15 31 
27 0 4 19 45 38 34 45 23 13 49 34 30 46 20 43 12 18 34 1 20 3 36 24 28 12 34 37 36 32 19 42 34 33 45 12 42 55 24 42 44 
30 4 0 17 44 38 35 44 26 16 49 37 27 48 16 41 16 21 31 4 17 8 39 28 32 10 35 36 34 30 23 44 33 29 44 14 42 54 28 44 44 
26 19 17 0 26 22 19 27 22 17 32 33 11 36 12 24 29 23 15 18 4 20 32 32 34 8 21 18 17 13 26 35 15 19 26 16 27 37 30 35 27 
37 45 44 26 0 12 15 3 35 37 10 41 20 28 34 3 52 41 16 44 27 45 36 49 48 34 19 8 9 14 45 34 11 31 4 37 17 12 46 35 8 
24 38 38 22 12 0 3 10 24 28 11 29 22 17 33 14 43 30 21 37 25 37 23 38 36 29 6 13 9 15 34 22 12 35 9 28 6 17 34 22 7 
21 34 35 19 15 3 0 13 20 24 15 26 21 18 31 15 40 26 20 33 22 34 21 34 33 26 4 13 10 14 30 21 12 33 12 25 8 20 31 21 10 
35 45 44 27 3 10 13 0 34 37 7 39 22 25 36 7 52 40 19 44 28 45 33 48 46 35 17 10 10 15 44 31 12 34 1 37 13 10 45 32 5 
4 23 26 22 35 24 20 34 0 9 35 12 32 25 33 35 22 7 34 22 26 20 13 13 13 24 17 31 28 29 10 19 29 42 33 11 24 41 10 19 31 
13 13 16 17 37 28 24 37 9 0 39 21 28 33 25 36 15 6 32 12 20 11 23 15 18 16 23 32 29 28 9 28 28 36 36 1 30 45 14 28 35 
35 49 49 32 10 11 15 7 35 39 0 38 29 20 42 14 55 41 26 48 34 49 31 48 46 40 17 17 16 22 45 28 19 41 6 40 11 5 45 28 4 
7 34 37 33 41 29 26 39 12 21 38 0 43 21 45 42 30 16 44 33 37 31 6 15 10 36 22 39 36 38 16 12 37 53 38 23 26 43 12 12 35 
35 30 27 11 20 22 21 22 32 28 29 43 0 40 13 17 40 34 4 28 9 32 40 44 45 17 25 12 13 7 38 41 10 12 23 27 29 32 42 42 25 
22 46 48 36 28 17 18 25 25 33 20 21 40 0 48 31 47 32 39 45 39 44 14 36 31 42 15 31 27 33 34 9 30 52 23 34 11 25 32 9 19 
37 20 16 12 34 33 31 36 33 25 42 45 13 48 0 31 32 32 18 19 8 23 44 41 44 9 33 25 26 20 35 47 23 12 36 24 39 46 40 48 37 
37 43 41 24 3 14 15 7 35 36 14 42 17 31 31 0 51 40 13 42 24 43 37 49 48 31 20 5 7 11 44 36 8 27 7 36 19 16 46 36 11 
25 12 16 29 52 43 40 52 22 15 55 30 40 47 32 51 0 15 44 13 31 9 34 16 21 24 38 46 43 41 13 40 43 45 51 15 46 60 18 40 50 
10 18 21 23 41 30 26 40 7 6 41 16 34 32 32 40 15 0 37 17 26 14 19 9 11 22 24 36 33 32 4 25 33 42 39 7 31 47 8 25 37 
37 34 31 15 16 21 20 19 34 32 26 44 4 39 18 13 44 37 0 33 14 36 41 46 47 21 25 9 11 6 41 42 8 14 20 31 28 29 44 42 22 
26 1 4 18 44 37 33 44 22 12 48 33 28 45 19 42 13 17 33 0 18 4 36 24 28 11 33 36 34 31 19 41 33 31 43 11 41 53 24 41 43 
30 20 17 4 27 25 22 28 26 20 34 37 9 39 8 24 31 26 14 18 0 22 36 35 38 7 24 19 18 13 30 39 16 16 28 19 31 39 34 39 29 
24 3 8 20 45 37 34 45 20 11 49 31 32 44 23 43 9 14 36 4 22 0 34 20 25 15 33 38 36 33 15 39 35 35 45 9 41 54 21 39 44 
9 36 39 32 36 23 21 33 13 23 31 6 40 14 44 37 34 19 41 36 36 34 0 21 17 36 17 35 31 35 21 6 33 51 32 24 20 37 17 6 29 
13 24 28 32 49 38 34 48 13 15 48 15 44 36 41 49 16 9 46 24 35 20 21 0 5 31 31 45 41 42 5 27 42 51 47 17 38 54 3 27 44 
11 28 32 34 48 36 33 46 13 18 46 10 45 31 44 48 21 11 47 28 38 25 17 5 0 34 29 45 41 42 9 23 42 54 45 19 35 52 3 23 42 
28 12 10 8 34 29 26 35 24 16 40 36 17 42 9 31 24 22 21 11 7 15 36 31 34 0 28 26 25 20 25 40 23 21 34 14 35 45 30 40 35 
18 34 35 21 19 6 4 17 17 23 17 22 25 15 33 20 38 24 25 33 24 33 17 31 29 28 0 18 14 18 28 17 16 37 15 23 7 23 28 17 13 
34 37 36 18 8 13 13 10 31 32 17 39 12 31 25 5 46 36 9 36 19 38 35 45 45 26 18 0 3 5 40 35 3 23 10 31 19 20 42 35 13 
30 36 34 17 9 9 10 10 28 29 16 36 13 27 26 7 43 33 11 34 18 36 31 41 41 25 14 3 0 6 37 31 3 25 9 28 16 20 39 31 11 
31 32 30 13 14 15 14 15 29 28 22 38 7 33 20 11 41 32 6 31 13 33 35 42 42 20 18 5 6 0 36 35 3 19 15 27 22 26 39 36 18 
12 19 23 26 45 34 30 44 10 9 45 16 38 34 35 44 13 4 41 19 30 15 21 5 9 25 28 40 37 36 0 27 37 46 43 11 35 51 5 27 41 
15 42 44 35 34 22 21 31 19 28 28 12 41 9 47 36 40 25 42 41 39 39 6 27 23 40 17 35 31 35 27 0 33 53 30 30 17 33 24 0 26 
31 34 33 15 11 12 12 12 29 28 19 37 10 30 23 8 43 33 8 33 16 35 33 42 42 23 16 3 3 3 37 33 0 22 12 28 19 22 39 34 14 
45 33 29 19 31 35 33 34 42 36 41 53 12 52 12 27 45 42 14 31 16 35 51 51 54 21 37 23 25 19 46 53 22 0 34 34 41 43 50 54 37 
34 45 44 26 4 9 12 1 33 36 6 38 23 23 36 7 51 39 20 43 28 45 32 47 45 34 15 10 9 15 43 30 12 34 0 36 12 10 43 30 4 
15 12 14 16 37 28 25 37 11 1 40 23 27 34 24 36 15 7 31 11 19 9 24 17 19 14 23 31 28 27 11 30 28 34 36 0 31 45 16 30 35 
24 42 42 27 17 6 8 13 24 30 11 26 29 11 39 19 46 31 28 41 31 41 20 38 35 35 7 19 16 22 35 17 19 41 12 31 0 16 34 18 8 
40 55 54 37 12 17 20 10 41 45 5 43 32 25 46 16 60 47 29 53 39 54 37 54 52 45 23 20 20 26 51 33 22 43 10 45 16 0 51 33 10 
10 24 28 30 46 34 31 45 10 14 45 12 42 32 40 46 18 8 44 24 34 21 17 3 3 30 28 42 39 39 5 24 39 50 43 16 34 51 0 24 41 
15 42 44 35 35 22 21 32 19 28 28 12 42 9 48 36 40 25 42 41 39 39 6 27 23 40 17 35 31 36 27 0 34 54 30 30 18 33 24 0 27 
31 44 44 27 8 7 10 5 31 35 4 35 25 19 37 11 50 37 22 43 29 44 29 44 42 35 13 13 11 18 41 26 14 37 4 35 8 10 41 27 0 
0 416
189 189
340 340
381 381
75 75
331 331
346 346
142 142
195 195
309 309
278 278
38 38
250 250
305 305
341 341
80 80
385 385
372 372
210 210
102 102
167 167
229 229
409 409
140 140
312 312
107 107
10 10
9 9
32 32
213 213
72 72
105 105
303 303
35 35
44 44
304 304
187 187
207 207
318 318
175 175
396 396
