51
0 19 28 25 10 5 14 18 16 26 25 15 3 17 26 27 8 15 12 25 21 14 18 17 26 23 35 25 15 33 24 16 27 8 20 21 27 10 21 21 14 11 7 17 24 17 35 12 20 28 6 
19 0 44 15 26 22 22 37 33 41 42 32 17 31 22 32 26 3 24 44 40 20 2 35 45 9 44 41 16 17 40 34 46 27 28 27 45 24 35 14 15 30 26 36 24 6 21 8 18 25 12 
28 44 0 41 17 29 23 13 29 6 3 12 31 35 36 24 27 40 20 10 14 40 42 23 14 44 19 4 30 51 4 12 22 23 21 23 6 19 10 37 31 24 21 15 50 39 52 39 47 35 34 
25 15 41 0 27 31 18 40 42 37 41 31 25 42 8 22 34 16 22 45 43 33 13 42 48 6 34 37 12 9 37 35 51 33 21 19 45 24 31 4 12 36 30 39 39 10 11 21 34 11 22 
10 26 17 27 0 13 10 12 20 16 15 5 13 23 25 20 14 23 5 18 15 24 25 16 20 28 25 15 15 36 13 8 23 9 13 15 18 3 10 23 15 13 6 11 34 22 38 22 30 25 16 
5 22 29 31 13 0 19 17 11 29 26 18 5 11 32 32 4 18 17 25 19 11 22 13 25 28 39 28 21 38 26 16 24 6 25 26 27 15 24 26 20 7 8 16 21 22 40 15 18 33 9 
14 22 23 18 10 19 0 22 29 19 22 12 17 31 15 12 22 19 4 27 25 28 20 26 29 21 22 19 7 28 18 17 33 18 5 6 26 6 13 14 7 22 14 21 37 16 29 21 33 15 16 
18 37 13 40 12 17 22 0 16 16 10 10 21 21 37 30 15 33 17 7 2 28 36 9 8 40 30 15 28 49 13 4 11 11 24 26 10 16 14 35 28 11 11 1 38 34 51 31 36 37 25 
16 33 29 42 20 11 29 16 0 32 26 22 17 6 43 40 7 30 25 21 16 17 33 6 20 40 44 30 31 49 28 17 15 10 33 35 26 23 28 38 31 7 14 14 25 33 52 25 24 44 21 
26 41 6 37 16 29 19 16 32 0 8 11 30 37 30 18 28 37 16 16 18 40 39 26 19 40 14 2 26 46 3 14 26 23 16 18 12 16 6 33 26 25 21 17 50 35 47 37 47 29 32 
25 42 3 41 15 26 22 10 26 8 0 10 28 32 36 25 24 38 18 8 11 37 40 20 11 43 22 6 29 50 5 9 18 20 21 23 4 18 9 36 29 21 18 11 47 38 52 37 44 35 31 
15 32 12 31 5 18 12 10 22 11 10 0 19 26 27 19 17 28 8 14 13 29 30 17 17 32 22 10 19 40 8 5 22 13 13 15 14 7 5 26 19 15 10 10 39 27 42 27 35 27 21 
3 17 31 25 13 5 17 21 17 30 28 19 0 16 27 29 9 13 15 28 23 11 16 18 29 22 38 29 16 32 27 19 29 10 22 23 30 13 24 21 15 13 10 20 21 16 35 9 16 29 4 
17 31 35 42 23 11 31 21 6 37 32 26 16 0 43 43 9 28 28 28 22 12 31 12 26 38 48 35 32 48 33 23 22 14 36 37 32 26 32 37 31 11 17 20 18 32 51 23 19 45 20 
26 22 36 8 25 32 15 37 43 30 36 27 27 43 0 14 35 21 19 42 40 37 19 41 44 14 26 31 11 17 31 32 48 32 15 12 40 21 26 8 12 36 29 36 44 15 17 26 39 2 25 
27 32 24 22 20 32 12 30 40 18 25 19 29 43 14 0 34 30 15 32 32 41 30 36 35 27 12 19 16 31 20 25 41 29 7 6 29 17 15 20 17 33 26 29 50 25 31 32 45 12 29 
8 26 27 34 14 4 22 15 7 28 24 17 9 9 35 34 0 22 18 22 16 13 26 9 21 32 39 27 24 41 25 14 20 4 26 28 25 16 23 30 23 4 8 13 23 26 44 19 21 36 13 
15 3 40 16 23 18 19 33 30 37 38 28 13 28 21 30 22 0 21 40 36 17 3 32 41 11 41 37 13 20 36 30 42 23 25 24 41 21 31 13 12 26 22 32 23 6 23 5 17 24 8 
12 24 20 22 5 17 4 17 25 16 18 8 15 28 19 15 18 21 0 22 20 26 22 22 25 24 22 16 11 32 15 13 29 14 8 9 22 2 10 18 11 18 10 17 36 19 34 21 32 20 16 
25 44 10 45 18 25 27 7 21 16 8 14 28 28 42 32 22 40 22 0 5 35 43 15 3 46 30 14 33 55 12 10 11 18 27 30 5 21 16 41 33 18 18 8 45 41 56 38 43 41 32 
21 40 14 43 15 19 25 2 16 18 11 13 23 22 40 32 16 36 20 5 0 30 39 9 5 43 32 16 31 52 14 7 9 13 26 28 9 19 17 38 30 12 14 3 39 37 54 33 37 40 27 
14 20 40 33 24 11 28 28 17 40 37 29 11 12 37 41 13 17 26 35 30 0 21 21 35 29 49 39 26 38 37 27 32 17 34 34 38 25 34 30 25 17 19 26 10 23 41 12 7 39 12 
18 2 42 13 25 22 20 36 33 39 40 30 16 31 19 30 26 3 22 43 39 21 0 35 44 7 41 39 13 16 38 32 45 26 25 24 43 22 33 11 12 29 24 35 26 4 20 8 20 22 12 
17 35 23 42 16 13 26 9 6 26 20 17 18 12 41 36 9 32 22 15 9 21 35 0 13 40 39 24 30 50 22 12 10 9 30 32 19 20 23 37 30 5 12 8 30 34 52 28 29 42 23 
26 45 14 48 20 25 29 8 20 19 11 17 29 26 44 35 21 41 25 3 5 35 44 13 0 48 34 17 36 57 16 12 7 19 30 32 8 23 20 43 35 17 19 9 44 42 59 39 43 44 33 
23 9 44 6 28 28 21 40 40 40 43 32 22 38 14 27 32 11 24 46 43 29 7 40 48 0 39 40 13 9 39 36 50 31 24 23 46 25 34 7 13 35 29 39 34 6 12 16 28 17 18 
35 44 19 34 25 39 22 30 44 14 22 22 38 48 26 12 39 41 22 30 32 49 41 39 34 39 0 16 27 44 17 27 41 34 16 16 26 24 16 32 28 37 31 31 59 37 43 43 54 24 38 
25 41 4 37 15 28 19 15 30 2 6 10 29 35 31 19 27 37 16 14 16 39 39 24 17 40 16 0 26 47 1 12 24 22 16 19 10 16 6 33 27 24 20 15 49 35 48 37 46 31 31 
15 16 30 12 15 21 7 28 31 26 29 19 16 32 11 16 24 13 11 33 31 26 13 30 36 13 27 26 0 21 25 23 39 21 11 10 33 12 20 7 1 25 18 27 34 9 23 16 29 13 14 
33 17 51 9 36 38 28 49 49 46 50 40 32 48 17 31 41 20 32 55 52 38 16 50 57 9 44 47 21 0 46 45 59 41 31 29 54 33 41 14 21 44 38 48 41 15 3 25 36 19 28 
24 40 4 37 13 26 18 13 28 3 5 8 27 33 31 20 25 36 15 12 14 37 38 22 16 39 17 1 25 46 0 10 23 20 16 18 9 15 5 33 26 22 18 14 47 34 47 35 44 30 30 
16 34 12 35 8 16 17 4 17 14 9 5 19 23 32 25 14 30 13 10 7 27 32 12 12 36 27 12 23 45 10 0 16 10 19 21 11 11 10 31 23 11 9 4 37 30 46 28 35 32 22 
27 46 22 51 23 24 33 11 15 26 18 22 29 22 48 41 20 42 29 11 9 32 45 10 7 50 41 24 39 59 23 16 0 19 35 38 16 27 26 46 38 16 21 12 40 44 61 39 40 49 33 
8 27 23 33 9 6 18 11 10 23 20 13 10 14 32 29 4 23 14 18 13 17 26 9 19 31 34 22 21 41 20 10 19 0 22 24 21 12 18 28 21 3 3 9 27 25 43 20 24 33 14 
20 28 21 21 13 25 5 24 33 16 21 13 22 36 15 7 26 25 8 27 26 34 25 30 30 24 16 16 11 31 16 19 35 22 0 2 25 10 11 17 12 26 19 23 43 21 31 27 39 14 22 
21 27 23 19 15 26 6 26 35 18 23 15 23 37 12 6 28 24 9 30 28 34 24 32 32 23 16 19 10 29 18 21 38 24 2 0 27 11 13 15 11 28 20 25 44 20 29 26 39 12 23 
27 45 6 45 18 27 26 10 26 12 4 14 30 32 40 29 25 41 22 5 9 38 43 19 8 46 26 10 33 54 9 11 16 21 25 27 0 21 14 40 33 21 20 11 48 41 56 40 46 39 34 
10 24 19 24 3 15 6 16 23 16 18 7 13 26 21 17 16 21 2 21 19 25 22 20 23 25 24 16 12 33 15 11 27 12 10 11 21 0 10 19 12 16 8 15 35 20 35 20 30 21 15 
21 35 10 31 10 24 13 14 28 6 9 5 24 32 26 15 23 31 10 16 17 34 33 23 20 34 16 6 20 41 5 10 26 18 11 13 14 10 0 27 21 21 16 15 45 30 42 31 41 25 26 
21 14 37 4 23 26 14 35 38 33 36 26 21 37 8 20 30 13 18 41 38 30 11 37 43 7 32 33 7 14 33 31 46 28 17 15 40 19 27 0 7 32 25 34 36 7 15 18 31 11 18 
14 15 31 12 15 20 7 28 31 26 29 19 15 31 12 17 23 12 11 33 30 25 12 30 35 13 28 27 1 21 26 23 38 21 12 11 33 12 21 7 0 24 18 26 33 9 23 15 28 14 13 
11 30 24 36 13 7 22 11 7 25 21 15 13 11 36 33 4 26 18 18 12 17 29 5 17 35 37 24 25 44 22 11 16 3 26 28 21 16 21 32 24 0 7 9 27 29 47 22 25 37 17 
7 26 21 30 6 8 14 11 14 21 18 10 10 17 29 26 8 22 10 18 14 19 24 12 19 29 31 20 18 38 18 9 21 3 19 20 20 8 16 25 18 7 0 10 29 23 41 19 26 30 13 
17 36 15 39 11 16 21 1 14 17 11 10 20 20 36 29 13 32 17 8 3 26 35 8 9 39 31 15 27 48 14 4 12 9 23 25 11 15 15 34 26 9 10 0 36 33 50 29 34 37 23 
24 24 50 39 34 21 37 38 25 50 47 39 21 18 44 50 23 23 36 45 39 10 26 30 44 34 59 49 34 41 47 37 40 27 43 44 48 35 45 36 33 27 29 36 0 29 45 18 5 47 20 
17 6 39 10 22 22 16 34 33 35 38 27 16 32 15 25 26 6 19 41 37 23 4 34 42 6 37 35 9 15 34 30 44 25 21 20 41 20 30 7 9 29 23 33 29 0 18 11 24 18 12 
35 21 52 11 38 40 29 51 52 47 52 42 35 51 17 31 44 23 34 56 54 41 20 52 59 12 43 48 23 3 47 46 61 43 31 29 56 35 42 15 23 47 41 50 45 18 0 28 40 19 31 
12 8 39 21 22 15 21 31 25 37 37 27 9 23 26 32 19 5 21 38 33 12 8 28 39 16 43 37 16 25 35 28 39 20 27 26 40 20 31 18 15 22 19 29 18 11 28 0 13 28 5 
20 18 47 34 30 18 33 36 24 47 44 35 16 19 39 45 21 17 32 43 37 7 20 29 43 28 54 46 29 36 44 35 40 24 39 39 46 30 41 31 28 25 26 34 5 24 40 13 0 41 16 
28 25 35 11 25 33 15 37 44 29 35 27 29 45 2 12 36 24 20 41 40 39 22 42 44 17 24 31 13 19 30 32 49 33 14 12 39 21 25 11 14 37 30 37 47 18 19 28 41 0 27 
6 12 34 22 16 9 16 25 21 32 31 21 4 20 25 29 13 8 16 32 27 12 12 23 33 18 38 31 14 28 30 22 33 14 22 23 34 15 26 18 13 17 13 23 20 12 31 5 16 27 0 
0 519
188 239
322 373
90 141
414 465
434 485
375 426
265 316
104 155
7 58
393 444
337 388
410 461
445 496
23 74
240 291
140 191
265 316
174 225
288 339
134 185
236 287
337 388
266 317
88 139
216 267
268 319
171 222
10 61
369 420
393 444
292 343
309 360
89 140
165 216
9 60
47 98
379 430
312 363
401 452
61 112
307 358
411 462
126 177
66 117
39 90
130 181
217 268
308 359
119 170
197 248
