51
0 18 15 47 26 22 18 12 11 20 21 21 16 2 21 41 27 35 21 8 28 33 15 35 28 4 13 38 31 28 39 18 40 28 32 23 25 27 29 25 34 22 21 20 22 17 36 36 9 10 15 
18 0 11 53 16 7 25 20 29 17 21 39 13 20 35 50 28 23 21 9 38 24 3 32 46 22 6 36 17 40 33 5 33 14 34 19 29 18 44 40 44 31 36 33 25 6 30 27 12 28 8 
15 11 0 59 27 18 30 24 26 26 29 35 21 16 36 55 36 35 29 11 42 35 8 42 42 17 7 46 28 43 43 16 44 25 42 28 36 29 44 41 48 35 36 35 32 16 40 38 17 24 2 
47 53 59 0 41 48 29 35 46 35 31 47 39 49 30 9 24 41 31 48 21 36 53 24 47 49 53 21 46 24 30 47 31 46 18 34 23 38 33 30 16 25 34 29 27 46 30 37 42 49 58 
26 16 27 41 0 8 20 19 35 9 12 44 10 29 33 40 18 8 12 19 32 8 18 18 50 31 20 22 6 36 17 10 17 4 22 8 20 2 43 38 37 26 37 30 16 10 14 11 16 36 24 
22 7 18 48 8 0 23 19 32 13 16 42 10 24 35 46 24 16 17 13 36 17 10 26 48 26 12 30 10 39 26 3 26 7 29 14 25 11 45 40 41 29 37 32 21 4 23 19 13 32 16 
18 25 30 29 20 23 0 6 21 11 8 26 13 21 13 24 9 27 8 19 12 23 24 18 31 21 24 21 27 15 25 21 26 25 13 13 7 19 23 18 18 6 17 10 6 20 22 25 13 23 29 
12 20 24 35 19 19 6 0 17 10 9 25 9 15 15 30 14 27 9 13 18 24 19 22 30 16 18 26 25 19 28 17 29 22 19 13 12 19 25 20 24 11 18 12 10 15 24 26 8 19 23 
11 29 26 46 35 32 21 17 0 27 27 9 25 10 16 38 30 44 27 20 25 41 26 39 16 8 24 42 40 23 45 29 46 38 34 30 28 35 20 18 30 21 13 16 26 28 42 44 19 3 26 
20 17 26 35 9 13 11 10 27 0 3 35 5 23 24 32 11 16 3 16 23 14 18 15 40 24 19 19 15 26 19 12 20 14 16 3 11 9 34 29 28 17 27 20 7 11 15 16 10 28 24 
21 21 29 31 12 16 8 9 27 3 0 34 7 24 22 29 7 18 0 18 20 14 21 13 39 25 22 17 18 23 18 15 19 16 13 4 8 10 31 26 25 14 25 18 4 14 14 17 12 29 27 
21 39 35 47 44 42 26 25 9 35 34 0 33 19 17 39 36 52 34 29 26 49 36 45 7 17 34 48 49 23 52 39 53 47 39 38 33 44 16 17 30 24 12 19 33 37 48 51 28 11 36 
16 13 21 39 10 10 13 9 25 5 7 33 0 19 25 36 15 19 8 11 26 17 13 20 39 21 14 25 16 28 23 8 24 13 21 7 16 11 34 30 31 19 27 22 12 7 20 19 6 25 19 
2 20 16 49 29 24 21 15 10 23 24 19 19 0 22 43 29 38 24 11 29 36 17 37 26 2 14 41 34 29 42 21 43 30 34 26 28 30 29 26 35 23 21 21 25 20 38 39 12 8 16 
21 35 36 30 33 35 13 15 16 24 22 17 25 22 0 23 21 40 22 27 9 36 33 30 19 21 32 32 40 7 37 32 39 37 22 26 18 33 9 5 14 8 4 3 19 31 34 38 22 19 36 
41 50 55 9 40 46 24 30 38 32 29 39 36 43 23 0 22 42 29 44 13 37 49 26 38 43 49 24 46 16 33 45 35 45 18 32 21 38 24 22 8 19 26 22 25 44 32 39 38 42 54 
27 28 36 24 18 24 9 14 30 11 7 36 15 29 21 22 0 21 7 25 16 16 29 9 39 30 29 12 23 20 16 23 18 23 5 10 2 16 29 24 19 12 25 17 4 22 13 18 19 33 34 
35 23 35 41 8 16 27 27 44 16 18 52 19 38 40 42 21 0 18 28 37 4 26 17 57 40 28 20 7 41 12 18 12 9 24 14 23 8 50 45 40 32 44 37 21 19 11 4 25 45 32 
21 21 29 31 12 17 8 9 27 3 0 34 8 24 22 29 7 18 0 18 20 14 21 13 39 25 22 17 18 23 18 16 19 17 12 4 8 11 31 26 24 14 25 18 4 15 14 17 13 29 27 
8 9 11 48 19 13 19 13 20 16 18 29 11 11 27 44 25 28 18 0 31 27 6 31 36 13 5 35 23 32 34 10 35 20 31 18 25 21 35 31 37 24 27 24 21 9 31 30 5 19 9 
28 38 42 21 32 36 12 18 25 23 20 26 26 29 9 13 16 37 20 31 0 32 37 23 27 29 36 24 38 4 32 34 33 37 15 24 13 31 15 10 5 6 14 8 16 33 29 34 26 28 41 
33 24 35 36 8 17 23 24 41 14 14 49 17 36 36 37 16 4 14 27 32 0 27 12 54 38 28 15 10 36 8 19 9 11 19 10 19 6 46 40 36 28 40 33 17 19 7 2 23 42 33 
15 3 8 53 18 10 24 19 26 18 21 36 13 17 33 49 29 26 21 6 37 27 0 33 43 19 2 38 20 38 34 7 35 17 34 20 29 20 42 38 43 30 34 31 25 7 32 29 11 25 6 
35 32 42 24 18 26 18 22 39 15 13 45 20 37 30 26 9 17 13 31 23 12 33 0 49 38 34 4 22 28 8 26 9 22 8 13 11 15 38 33 25 21 34 27 12 26 5 13 26 41 39 
28 46 42 47 50 48 31 30 16 40 39 7 39 26 19 38 39 57 39 36 27 54 43 49 0 24 41 51 55 23 56 45 57 53 42 43 37 49 14 17 30 27 14 22 37 44 53 56 35 18 43 
4 22 17 49 31 26 21 16 8 24 25 17 21 2 21 43 30 40 25 13 29 38 19 38 24 0 16 42 35 28 43 23 44 32 35 27 29 32 28 25 35 23 20 21 26 22 40 40 14 6 18 
13 6 7 53 20 12 24 18 24 19 22 34 14 14 32 49 29 28 22 5 36 28 2 34 41 16 0 39 22 38 36 9 37 19 35 21 29 22 41 37 42 29 33 30 25 9 33 31 10 23 5 
38 36 46 21 22 30 21 26 42 19 17 48 25 41 32 24 12 20 17 35 24 15 38 4 51 42 39 0 25 29 9 31 10 26 9 17 14 19 39 35 25 23 36 29 16 30 8 15 30 45 44 
31 17 28 46 6 10 27 25 40 15 18 49 16 34 40 46 23 7 18 23 38 10 20 22 55 35 22 25 0 42 18 13 18 3 27 14 25 7 50 45 43 32 43 36 22 13 17 11 21 41 26 
28 40 43 24 36 39 15 19 23 26 23 23 28 29 7 16 20 41 23 32 4 36 38 28 23 28 38 29 42 0 36 36 37 40 20 28 17 34 10 6 7 9 10 7 19 35 33 38 27 26 42 
39 33 43 30 17 26 25 28 45 19 18 52 23 42 37 33 16 12 18 34 32 8 34 8 56 43 36 9 18 36 0 27 1 20 16 15 19 14 46 41 34 29 42 34 19 27 3 7 30 47 41 
18 5 16 47 10 3 21 17 29 12 15 39 8 21 32 45 23 18 16 10 34 19 7 26 45 23 9 31 13 36 27 0 28 9 28 13 24 12 42 37 39 27 34 30 20 1 24 21 10 29 14 
40 33 44 31 17 26 26 29 46 20 19 53 24 43 39 35 18 12 19 35 33 9 35 9 57 44 37 10 18 37 1 28 0 20 17 17 20 15 47 42 35 30 43 36 20 27 4 7 31 48 42 
28 14 25 46 4 7 25 22 38 14 16 47 13 30 37 45 23 9 17 20 37 11 17 22 53 32 19 26 3 40 20 9 20 0 27 12 24 7 47 42 41 31 40 34 21 10 18 13 18 38 23 
32 34 42 18 22 29 13 19 34 16 13 39 21 34 22 18 5 24 12 31 15 19 34 8 42 35 35 9 27 20 16 28 17 27 0 15 6 20 30 25 17 14 27 20 9 27 14 20 25 37 40 
23 19 28 34 8 14 13 13 30 3 4 38 7 26 26 32 10 14 4 18 24 10 20 13 43 27 21 17 14 28 15 13 17 12 15 0 11 6 36 31 29 18 30 23 8 13 12 13 14 32 26 
25 29 36 23 20 25 7 12 28 11 8 33 16 28 18 21 2 23 8 25 13 19 29 11 37 29 29 14 25 17 19 24 20 24 6 11 0 17 27 22 17 9 22 15 4 23 16 21 19 31 34 
27 18 29 38 2 11 19 19 35 9 10 44 11 30 33 38 16 8 11 21 31 6 20 15 49 32 22 19 7 34 14 12 15 7 20 6 17 0 42 37 35 25 36 29 14 12 11 8 17 37 27 
29 44 44 33 43 45 23 25 20 34 31 16 34 29 9 24 29 50 31 35 15 46 42 38 14 28 41 39 50 10 46 42 47 47 30 36 27 42 0 5 16 17 8 13 28 41 43 48 32 23 44 
25 40 41 30 38 40 18 20 18 29 26 17 30 26 5 22 24 45 26 31 10 40 38 33 17 25 37 35 45 6 41 37 42 42 25 31 22 37 5 0 13 12 5 8 23 36 38 43 27 22 41 
34 44 48 16 37 41 18 24 30 28 25 30 31 35 14 8 19 40 24 37 5 36 43 25 30 35 42 25 43 7 34 39 35 41 17 29 17 35 16 13 0 12 18 14 20 38 31 37 32 34 47 
22 31 35 25 26 29 6 11 21 17 14 24 19 23 8 19 12 32 14 24 6 28 30 21 27 23 29 23 32 9 29 27 30 31 14 18 9 25 17 12 12 0 13 5 10 26 25 30 19 24 34 
21 36 36 34 37 37 17 18 13 27 25 12 27 21 4 26 25 44 25 27 14 40 34 34 14 20 33 36 43 10 42 34 43 40 27 30 22 36 8 5 18 13 0 7 23 33 38 42 24 16 36 
20 33 35 29 30 32 10 12 16 20 18 19 22 21 3 22 17 37 18 24 8 33 31 27 22 21 30 29 36 7 34 30 36 34 20 23 15 29 13 8 14 5 7 0 15 28 31 35 20 20 34 
22 25 32 27 16 21 6 10 26 7 4 33 12 25 19 25 4 21 4 21 16 17 25 12 37 26 25 16 22 19 19 20 20 21 9 8 4 14 28 23 20 10 23 15 0 19 15 19 15 29 30 
17 6 16 46 10 4 20 15 28 11 14 37 7 20 31 44 22 19 15 9 33 19 7 26 44 22 9 30 13 35 27 1 27 10 27 13 23 12 41 36 38 26 33 28 19 0 24 21 9 28 14 
36 30 40 30 14 23 22 24 42 15 14 48 20 38 34 32 13 11 14 31 29 7 32 5 53 40 33 8 17 33 3 24 4 18 14 12 16 11 43 38 31 25 38 31 15 24 0 7 26 44 38 
36 27 38 37 11 19 25 26 44 16 17 51 19 39 38 39 18 4 17 30 34 2 29 13 56 40 31 15 11 38 7 21 7 13 20 13 21 8 48 43 37 30 42 35 19 21 7 0 26 45 35 
9 12 17 42 16 13 13 8 19 10 12 28 6 12 22 38 19 25 13 5 26 23 11 26 35 14 10 30 21 27 30 10 31 18 25 14 19 17 32 27 32 19 24 20 15 9 26 26 0 19 15 
10 28 24 49 36 32 23 19 3 28 29 11 25 8 19 42 33 45 29 19 28 42 25 41 18 6 23 45 41 26 47 29 48 38 37 32 31 37 23 22 34 24 16 20 29 28 44 45 19 0 24 
15 8 2 58 24 16 29 23 26 24 27 36 19 16 36 54 34 32 27 9 41 33 6 39 43 18 5 44 26 42 41 14 42 23 40 26 34 27 44 41 47 34 36 34 30 14 38 35 15 24 0 
0 764
163 163
721 721
207 207
418 418
146 146
367 367
470 470
550 550
488 488
282 282
577 577
195 195
699 699
34 34
628 628
107 107
475 475
304 304
290 290
140 140
617 617
9 9
22 22
697 697
689 689
627 627
243 243
187 187
324 324
139 139
438 438
470 470
276 276
132 132
733 733
132 132
660 660
675 675
641 641
179 179
430 430
269 269
21 21
758 758
305 305
153 153
378 378
264 264
121 121
657 657
