51
0 25 17 19 18 29 17 14 30 25 32 19 10 19 6 32 15 25 15 18 16 30 1 5 28 9 2 27 43 34 17 14 3 34 27 6 28 26 15 13 36 32 17 28 26 18 23 17 8 31 30 
25 0 40 30 34 37 8 15 19 38 16 29 15 10 32 41 25 46 35 37 12 49 26 26 39 34 24 2 36 27 18 16 24 39 46 19 36 50 14 17 30 45 41 3 41 21 26 27 33 51 40 
17 40 0 34 30 44 32 25 48 37 49 34 26 31 11 45 31 31 6 7 33 36 18 21 41 9 19 42 60 52 25 32 17 49 35 22 42 27 32 30 53 43 0 44 37 36 39 33 12 36 43 
19 30 34 0 6 10 22 28 21 8 25 0 21 30 23 13 5 18 34 37 17 20 17 14 10 24 16 32 26 20 33 13 22 15 16 21 9 25 15 12 20 16 34 30 11 8 6 2 22 22 11 
18 34 30 6 0 13 25 30 27 7 31 6 23 32 20 14 8 12 31 34 21 15 16 12 10 21 16 36 32 26 34 17 21 18 11 22 11 18 19 16 26 14 30 35 8 14 13 7 18 17 13 
29 37 44 10 13 0 31 38 23 8 28 10 31 40 33 4 15 21 44 47 26 20 28 24 4 34 27 40 21 19 43 22 32 5 17 32 1 29 24 22 17 10 44 37 10 16 10 12 31 22 3 
17 8 32 22 25 31 0 10 18 31 18 22 6 9 23 35 17 37 28 30 4 41 17 17 32 25 15 11 35 26 15 9 15 34 37 10 30 41 7 9 28 38 33 11 34 15 20 19 25 43 33 
14 15 25 28 30 38 10 0 29 36 28 28 6 5 19 42 23 39 20 21 14 43 16 17 38 21 14 16 45 36 4 16 11 42 41 8 37 40 15 16 38 44 26 19 38 23 29 26 21 45 40 
30 19 48 21 27 23 18 29 0 28 5 21 24 27 37 28 19 40 45 47 15 41 30 27 27 39 28 21 17 8 34 15 31 23 37 27 23 46 15 17 11 33 48 17 31 13 14 19 37 43 26 
25 38 37 8 7 8 31 36 28 0 33 8 29 38 27 7 13 13 38 41 26 13 23 20 3 28 23 41 28 25 41 22 28 13 9 29 6 21 23 21 24 7 37 39 3 17 13 11 25 15 6 
32 16 49 25 31 28 18 28 5 33 0 25 24 25 39 33 23 44 46 48 16 46 32 29 32 41 30 18 21 13 33 18 32 28 42 28 29 50 17 19 15 38 50 13 36 17 19 23 39 48 32 
19 29 34 0 6 10 22 28 21 8 25 0 21 30 23 13 5 18 34 36 17 20 17 13 10 24 16 32 26 20 33 13 21 15 16 21 9 25 15 12 20 16 34 30 11 8 6 2 21 22 12 
10 15 26 21 23 31 6 6 24 29 24 21 0 9 17 35 16 34 21 23 8 37 11 12 31 19 9 17 39 30 11 10 8 35 34 4 30 36 9 9 32 37 26 18 32 16 22 19 18 39 33 
19 10 31 30 32 40 9 5 27 38 25 30 9 0 24 43 25 43 25 26 13 47 20 21 40 26 19 11 44 34 7 17 16 43 44 12 38 45 15 17 37 46 32 14 41 24 29 27 26 49 42 
6 32 11 23 20 33 23 19 37 27 39 23 17 24 0 35 20 24 11 14 23 29 7 10 31 2 9 34 48 40 21 21 8 38 27 13 31 23 22 20 42 34 11 35 28 24 28 22 2 30 33 
32 41 45 13 14 4 35 42 28 7 33 13 35 43 35 0 18 19 46 49 30 17 30 26 4 35 30 44 24 23 47 26 35 7 14 35 4 27 28 25 21 6 45 41 8 20 15 16 33 19 1 
15 25 31 5 8 15 17 23 19 13 23 5 16 25 20 18 0 21 30 33 13 24 13 10 15 21 12 28 28 21 28 8 17 20 20 16 14 26 10 7 22 21 31 26 16 5 8 2 19 26 17 
25 46 31 18 12 21 37 39 40 13 44 18 34 43 24 19 21 0 34 37 34 5 23 21 16 23 24 49 42 38 43 29 29 26 5 31 19 7 31 28 38 14 31 48 11 27 25 20 21 5 19 
15 35 6 34 31 44 28 20 45 38 46 34 21 25 11 46 30 34 0 2 29 39 16 20 42 11 17 36 58 50 19 29 13 49 38 17 42 32 29 28 51 45 7 39 39 34 38 32 13 40 44 
18 37 7 37 34 47 30 21 47 41 48 36 23 26 14 49 33 37 2 0 32 42 19 23 45 13 20 38 61 52 19 31 16 52 41 20 45 34 31 30 54 48 8 40 42 36 41 35 16 43 47 
16 12 33 17 21 26 4 14 15 26 16 17 8 13 23 30 13 34 29 32 0 37 16 14 27 25 14 15 31 22 19 4 16 29 33 11 25 38 2 5 24 33 33 13 29 10 15 15 23 39 28 
30 49 36 20 15 20 41 43 41 13 46 20 37 47 29 17 24 5 39 42 37 0 28 26 15 28 29 52 41 38 47 32 33 24 3 35 19 11 34 31 37 11 36 50 10 29 26 22 26 2 17 
1 26 18 17 16 28 17 16 30 23 32 17 11 20 7 30 13 23 16 19 16 28 0 3 26 9 2 28 42 34 19 14 5 33 25 8 26 25 15 12 35 30 18 29 25 17 21 16 7 29 28 
5 26 21 14 12 24 17 17 27 20 29 13 12 21 10 26 10 21 20 23 14 26 3 0 23 12 3 28 38 30 21 11 8 29 23 9 22 24 13 10 31 27 21 28 21 14 18 12 9 27 25 
28 39 41 10 10 4 32 38 27 3 32 10 31 40 31 4 15 16 42 45 27 15 26 23 0 31 26 42 25 23 43 23 31 9 12 31 3 24 25 22 22 6 41 39 5 17 13 12 29 17 2 
9 34 9 24 21 34 25 21 39 28 41 24 19 26 2 35 21 23 11 13 25 28 9 12 31 0 11 36 50 42 23 23 10 39 27 15 32 21 24 22 43 34 9 37 28 26 29 23 2 29 34 
2 24 19 16 16 27 15 14 28 23 30 16 9 19 9 30 12 24 17 20 14 29 2 3 26 11 0 26 40 32 18 12 5 32 26 6 25 26 13 11 33 30 20 27 25 16 20 15 9 30 28 
27 2 42 32 36 40 11 16 21 41 18 32 17 11 34 44 28 49 36 38 15 52 28 28 42 36 26 0 38 29 18 19 25 42 48 21 39 52 17 20 32 48 42 4 44 24 29 30 35 54 43 
43 36 60 26 32 21 35 45 17 28 21 26 39 44 48 24 28 42 58 61 31 41 42 38 25 50 40 38 0 9 50 29 44 17 38 41 22 50 30 30 7 30 60 34 31 24 20 26 47 43 24 
34 27 52 20 26 19 26 36 8 25 13 20 30 34 40 23 21 38 50 52 22 38 34 30 23 42 32 29 9 0 41 20 36 17 35 33 19 45 21 21 2 29 52 25 28 16 13 20 40 41 22 
17 18 25 33 34 43 15 4 34 41 33 33 11 7 21 47 28 43 19 19 19 47 19 21 43 23 18 18 50 41 0 21 14 47 45 12 42 43 20 21 43 48 26 22 43 28 34 30 23 49 45 
14 16 32 13 17 22 9 16 15 22 18 13 10 17 21 26 8 29 29 31 4 32 14 11 23 23 12 19 29 20 21 0 15 25 29 12 21 34 1 1 22 29 32 18 25 6 12 10 21 34 24 
3 24 17 22 21 32 15 11 31 28 32 21 8 16 8 35 17 29 13 16 16 33 5 8 31 10 5 25 44 36 14 15 0 37 31 4 31 29 15 14 37 35 17 27 30 20 25 20 10 34 33 
34 39 49 15 18 5 34 42 23 13 28 15 35 43 38 7 20 26 49 52 29 24 33 29 9 39 32 42 17 17 47 25 37 0 21 36 7 34 27 25 15 13 49 38 15 19 13 17 36 26 7 
27 46 35 16 11 17 37 41 37 9 42 16 34 44 27 14 20 5 38 41 33 3 25 23 12 27 26 48 38 35 45 29 31 21 0 33 15 12 31 28 34 9 35 47 6 25 22 19 24 5 14 
6 19 22 21 22 32 10 8 27 29 28 21 4 12 13 35 16 31 17 20 11 35 8 9 31 15 6 21 41 33 12 12 4 36 33 0 30 33 11 11 34 36 22 22 31 18 23 19 14 37 33 
28 36 42 9 11 1 30 37 23 6 29 9 30 38 31 4 14 19 42 45 25 19 26 22 3 32 25 39 22 19 42 21 31 7 15 30 0 27 23 21 18 9 42 36 9 15 10 11 29 21 3 
26 50 27 25 18 29 41 40 46 21 50 25 36 45 23 27 26 7 32 34 38 11 25 24 24 21 26 52 50 45 43 34 29 34 12 33 27 0 35 32 45 22 27 52 18 32 32 26 20 10 26 
15 14 32 15 19 24 7 15 15 23 17 15 9 15 22 28 10 31 29 31 2 34 15 13 25 24 13 17 30 21 20 1 15 27 31 11 23 35 0 3 23 31 33 16 26 8 13 12 22 36 26 
13 17 30 12 16 22 9 16 17 21 19 12 9 17 20 25 7 28 28 30 5 31 12 10 22 22 11 20 30 21 21 1 14 25 28 11 21 32 3 0 23 28 31 19 24 6 12 9 20 33 24 
36 30 53 20 26 17 28 38 11 24 15 20 32 37 42 21 22 38 51 54 24 37 35 31 22 43 33 32 7 2 43 22 37 15 34 34 18 45 23 23 0 28 53 28 27 17 14 20 41 40 21 
32 45 43 16 14 10 38 44 33 7 38 16 37 46 34 6 21 14 45 48 33 11 30 27 6 34 30 48 30 29 48 29 35 13 9 36 9 22 31 28 28 0 43 46 5 24 19 18 31 13 7 
17 41 0 34 30 44 33 26 48 37 50 34 26 32 11 45 31 31 7 8 33 36 18 21 41 9 20 42 60 52 26 32 17 49 35 22 42 27 33 31 53 43 0 44 37 36 39 33 12 36 43 
28 3 44 30 35 37 11 19 17 39 13 30 18 14 35 41 26 48 39 40 13 50 29 28 39 37 27 4 34 25 22 18 27 38 47 22 36 52 16 19 28 46 44 0 42 22 26 28 36 52 40 
26 41 37 11 8 10 34 38 31 3 36 11 32 41 28 8 16 11 39 42 29 10 25 21 5 28 25 44 31 28 43 25 30 15 6 31 9 18 26 24 27 5 37 42 0 20 16 14 26 12 7 
18 21 36 8 14 16 15 23 13 17 17 8 16 24 24 20 5 27 34 36 10 29 17 14 17 26 16 24 24 16 28 6 20 19 25 18 15 32 8 6 17 24 36 22 20 0 5 6 24 31 18 
23 26 39 6 13 10 20 29 14 13 19 6 22 29 28 15 8 25 38 41 15 26 21 18 13 29 20 29 20 13 34 12 25 13 22 23 10 32 13 12 14 19 39 26 16 5 0 6 27 28 13 
17 27 33 2 7 12 19 26 19 11 23 2 19 27 22 16 2 20 32 35 15 22 16 12 12 23 15 30 26 20 30 10 20 17 19 19 11 26 12 9 20 18 33 28 14 6 6 0 21 25 14 
8 33 12 22 18 31 25 21 37 25 39 21 18 26 2 33 19 21 13 16 23 26 7 9 29 2 9 35 47 40 23 21 10 36 24 14 29 20 22 20 41 31 12 36 26 24 27 21 0 27 31 
31 51 36 22 17 22 43 45 43 15 48 22 39 49 30 19 26 5 40 43 39 2 29 27 17 29 30 54 43 41 49 34 34 26 5 37 21 10 36 33 40 13 36 52 12 31 28 25 27 0 19 
30 40 43 11 13 3 33 40 26 6 32 12 33 42 33 1 17 19 44 47 28 17 28 25 2 34 28 43 24 22 45 24 33 7 14 33 3 26 26 24 21 7 43 40 7 18 13 14 31 19 0 
0 628
197 511
158 472
101 415
30 344
301 615
132 446
188 502
152 466
95 409
29 343
211 525
109 423
228 542
295 609
60 374
105 419
265 579
253 567
263 577
91 405
207 521
52 366
101 415
187 501
190 504
20 334
11 325
73 387
300 614
74 388
108 422
155 469
93 407
120 434
229 543
266 580
303 617
289 603
301 615
202 516
3 317
272 586
34 348
289 603
308 622
133 447
193 507
73 387
192 506
255 569
