51
0 30 37 18 13 28 51 39 12 31 43 41 10 21 19 47 47 24 8 30 24 17 42 15 27 42 36 25 32 40 11 21 9 32 23 3 45 17 7 25 20 11 15 4 10 33 10 9 17 13 8 
30 0 7 17 34 30 25 15 33 15 19 21 33 10 25 18 19 32 22 28 9 22 21 19 11 15 20 7 13 13 26 9 31 24 27 30 15 24 34 21 12 21 21 31 19 27 30 25 13 18 33 
37 7 0 25 42 37 24 17 41 14 21 25 41 18 28 16 17 35 28 28 17 30 25 24 13 8 17 15 11 5 34 15 37 23 29 37 10 32 40 29 17 27 26 37 26 27 38 33 21 24 40 
18 17 25 0 17 15 33 21 16 27 25 23 17 7 26 30 31 34 15 35 8 5 23 18 23 33 34 10 27 30 10 13 25 34 30 16 30 7 25 8 17 17 20 22 14 36 13 10 5 16 17 
13 34 42 17 0 19 50 39 1 40 42 38 3 24 32 48 48 37 20 43 26 13 39 26 36 50 47 28 42 47 8 28 23 44 37 10 48 11 20 20 29 23 27 18 21 46 4 9 21 24 5 
28 30 37 15 19 0 34 26 19 42 27 22 21 20 41 36 35 49 29 50 20 12 23 33 37 45 48 22 42 42 17 29 37 49 46 26 39 11 36 8 32 32 35 33 28 52 19 19 20 31 23 
51 25 24 33 50 34 0 11 49 38 7 12 50 29 50 8 7 58 45 52 26 36 11 44 36 29 41 26 36 27 43 33 55 48 52 49 16 38 57 29 37 45 46 53 42 51 46 43 33 42 50 
39 15 17 21 39 26 11 0 38 30 4 7 39 17 39 10 9 47 34 43 14 25 7 32 27 25 34 15 28 22 32 22 44 39 42 38 14 27 45 19 26 34 35 42 31 43 35 31 21 31 39 
12 33 41 16 1 19 49 38 0 39 41 37 2 23 31 47 47 36 18 42 25 12 38 25 35 48 46 26 40 46 6 27 22 43 36 9 47 11 19 19 28 22 26 17 19 44 3 8 19 23 4 
31 15 14 27 40 42 38 30 39 0 33 36 38 21 16 30 32 22 22 14 22 32 36 16 4 14 6 20 3 14 33 13 27 9 16 32 24 34 32 33 11 19 16 30 20 13 36 31 22 17 37 
43 19 21 25 42 27 7 4 41 33 0 6 42 21 44 9 8 51 38 47 18 28 5 37 31 27 37 19 31 25 35 26 48 43 46 42 15 30 49 22 30 38 39 46 35 46 39 35 25 36 43 
41 21 25 23 38 22 12 7 37 36 6 0 39 21 44 15 14 52 37 49 18 25 0 37 33 32 41 19 34 29 32 27 47 46 48 40 21 26 48 18 31 38 39 44 35 49 35 33 24 36 40 
10 33 41 17 3 21 50 39 2 38 42 39 0 23 29 48 48 34 16 40 25 13 40 23 34 48 44 27 39 45 7 26 19 41 33 7 47 12 16 21 27 20 24 14 18 42 3 8 19 21 1 
21 10 18 7 24 20 29 17 23 21 21 21 23 0 24 25 25 32 16 31 3 12 21 16 17 26 27 3 21 23 16 8 26 29 28 21 24 14 27 12 12 17 18 24 13 31 20 15 3 14 23 
19 25 28 26 32 41 50 39 31 16 44 44 29 24 0 43 44 7 13 10 26 29 45 8 15 30 20 25 19 30 26 17 12 14 4 22 38 31 17 34 13 9 5 17 13 13 28 24 22 10 27 
47 18 16 30 48 36 8 10 47 30 9 15 48 25 43 0 1 51 40 44 22 35 15 38 29 21 33 22 27 18 41 27 50 40 45 46 7 36 52 29 31 40 40 49 38 43 44 40 29 37 48 
47 19 17 31 48 35 7 9 47 32 8 14 48 25 44 1 0 52 41 46 23 35 14 39 30 22 34 22 29 20 41 28 51 41 46 47 9 36 53 29 32 40 41 50 38 45 44 40 29 38 48 
24 32 35 34 37 49 58 47 36 22 51 52 34 32 7 51 52 0 19 10 34 36 53 15 22 36 24 33 25 36 33 25 15 16 5 27 45 37 19 42 21 16 13 20 20 14 34 30 30 17 32 
8 22 28 15 20 29 45 34 18 22 38 37 16 16 13 40 41 19 0 23 19 17 37 6 18 34 28 19 24 32 13 13 10 24 17 10 37 18 12 23 12 3 7 9 2 25 15 11 12 5 15 
30 28 28 35 43 50 52 43 42 14 47 49 40 31 10 44 46 10 23 0 32 38 49 17 16 27 14 31 17 28 36 22 23 5 6 32 38 40 27 42 18 19 15 27 22 3 38 34 30 19 38 
24 9 17 8 26 20 26 14 25 22 18 18 25 3 26 22 23 34 19 32 0 13 18 19 18 25 28 2 21 22 18 10 29 30 30 23 22 15 30 12 14 19 21 27 16 33 22 17 6 17 25 
17 22 30 5 13 12 36 25 12 32 28 25 13 12 29 35 35 36 17 38 13 0 26 21 27 38 38 15 32 35 7 18 25 38 34 15 35 2 25 7 21 20 23 21 16 40 10 8 9 19 14 
42 21 25 23 39 23 11 7 38 36 5 0 40 21 45 15 14 53 37 49 18 26 0 37 33 32 41 19 34 29 33 28 47 46 48 40 21 27 48 18 32 38 40 45 35 49 36 33 24 36 40 
15 19 24 18 26 33 44 32 25 16 37 37 23 16 8 38 39 15 6 17 19 21 37 0 12 28 21 18 18 27 19 10 12 18 12 16 34 23 16 26 7 3 2 14 5 19 21 17 14 2 22 
27 11 13 23 36 37 36 27 35 4 31 33 34 17 15 29 30 22 18 16 18 27 33 12 0 16 11 16 5 14 28 9 25 13 16 28 23 29 29 29 7 16 13 27 16 16 31 26 17 13 33 
42 15 8 33 50 45 29 25 48 14 27 32 48 26 30 21 22 36 34 27 25 38 32 28 16 0 13 23 11 2 41 21 41 22 30 43 13 40 45 37 22 31 29 43 31 25 45 40 29 29 47 
36 20 17 34 47 48 41 34 46 6 37 41 44 27 20 33 34 24 28 14 28 38 41 21 11 13 0 26 6 14 39 20 32 8 18 38 26 40 37 40 17 25 21 35 26 11 42 37 28 23 43 
25 7 15 10 28 22 26 15 26 20 19 19 27 3 25 22 22 33 19 31 2 15 19 18 16 23 26 0 19 20 20 8 29 28 28 24 20 17 30 14 12 19 20 27 16 31 23 19 7 16 27 
32 13 11 27 42 42 36 28 40 3 31 34 39 21 19 27 29 25 24 17 21 32 34 18 5 11 6 19 0 11 34 13 30 12 19 34 21 34 34 33 12 21 18 32 22 15 37 32 22 19 38 
40 13 5 30 47 42 27 22 46 14 25 29 45 23 30 18 20 36 32 28 22 35 29 27 14 2 14 20 11 0 39 19 40 22 30 41 11 38 43 34 20 30 28 41 30 26 42 37 26 27 45 
11 26 34 10 8 17 43 32 6 33 35 32 7 16 26 41 41 33 13 36 18 7 33 19 28 41 39 20 34 39 0 20 20 37 31 8 41 6 18 15 21 17 21 15 14 39 3 2 13 17 7 
21 9 15 13 28 29 33 22 27 13 26 27 26 8 17 27 28 25 13 22 10 18 28 10 9 21 20 8 13 19 20 0 22 21 20 21 24 20 25 20 4 12 12 22 10 23 23 18 8 9 25 
9 31 37 25 23 37 55 44 22 27 48 47 19 26 12 50 51 15 10 23 29 25 47 12 25 41 32 29 30 40 20 22 0 27 16 12 46 26 4 33 20 10 11 5 12 26 20 18 22 13 18 
32 24 23 34 44 49 48 39 43 9 43 46 41 29 14 40 41 16 24 5 30 38 46 18 13 22 8 28 12 22 37 21 27 0 11 35 33 40 31 41 17 21 17 30 23 3 40 35 29 20 40 
23 27 29 30 37 46 52 42 36 16 46 48 33 28 4 45 46 5 17 6 30 34 48 12 16 30 18 28 19 30 31 20 16 11 0 26 40 35 21 38 16 14 10 21 17 10 33 29 26 14 32 
3 30 37 16 10 26 49 38 9 32 42 40 7 21 22 46 47 27 10 32 23 15 40 16 28 43 38 24 34 41 8 21 12 35 26 0 45 15 10 23 21 13 17 7 12 35 7 7 17 15 5 
45 15 10 30 48 39 16 14 47 24 15 21 47 24 38 7 9 45 37 38 22 35 21 34 23 13 26 20 21 11 41 24 46 33 40 45 0 37 49 31 26 36 35 46 35 36 44 39 28 33 47 
17 24 32 7 11 11 38 27 11 34 30 26 12 14 31 36 36 37 18 40 15 2 27 23 29 40 40 17 34 38 6 20 26 40 35 15 37 0 25 8 23 21 25 21 17 42 9 8 12 21 13 
7 34 40 25 20 36 57 45 19 32 49 48 16 27 17 52 53 19 12 27 30 25 48 16 29 45 37 30 34 43 18 25 4 31 21 10 49 25 0 32 23 13 15 3 14 31 18 17 24 16 15 
25 21 29 8 20 8 29 19 19 33 22 18 21 12 34 29 29 42 23 42 12 7 18 26 29 37 40 14 33 34 15 20 33 41 38 23 31 8 32 0 24 25 29 29 22 44 17 15 12 24 22 
20 12 17 17 29 32 37 26 28 11 30 31 27 12 13 31 32 21 12 18 14 21 32 7 7 22 17 12 12 20 21 4 20 17 16 21 26 23 23 24 0 9 9 20 9 19 24 19 11 7 26 
11 21 27 17 23 32 45 34 22 19 38 38 20 17 9 40 40 16 3 19 19 20 38 3 16 31 25 19 21 30 17 12 10 21 14 13 36 21 13 25 9 0 4 11 3 22 19 14 14 2 19 
15 21 26 20 27 35 46 35 26 16 39 39 24 18 5 40 41 13 7 15 21 23 40 2 13 29 21 20 18 28 21 12 11 17 10 17 35 25 15 29 9 4 0 14 7 18 23 19 16 4 23 
4 31 37 22 18 33 53 42 17 30 46 44 14 24 17 49 50 20 9 27 27 21 45 14 27 43 35 27 32 41 15 22 5 30 21 7 46 21 3 29 20 11 14 0 11 31 15 13 20 13 12 
10 19 26 14 21 28 42 31 19 20 35 35 18 13 13 38 38 20 2 22 16 16 35 5 16 31 26 16 22 30 14 10 12 23 17 12 35 17 14 22 9 3 7 11 0 25 16 11 10 3 17 
33 27 27 36 46 52 51 43 44 13 46 49 42 31 13 43 45 14 25 3 33 40 49 19 16 25 11 31 15 26 39 23 26 3 10 35 36 42 31 44 19 22 18 31 25 0 41 37 31 21 41 
10 30 38 13 4 19 46 35 3 36 39 35 3 20 28 44 44 34 15 38 22 10 36 21 31 45 42 23 37 42 3 23 20 40 33 7 44 9 18 17 24 19 23 15 16 41 0 5 16 20 4 
9 25 33 10 9 19 43 31 8 31 35 33 8 15 24 40 40 30 11 34 17 8 33 17 26 40 37 19 32 37 2 18 18 35 29 7 39 8 17 15 19 14 19 13 11 37 5 0 11 15 7 
17 13 21 5 21 20 33 21 19 22 25 24 19 3 22 29 29 30 12 30 6 9 24 14 17 29 28 7 22 26 13 8 22 29 26 17 28 12 24 12 11 14 16 20 10 31 16 11 0 12 19 
13 18 24 16 24 31 42 31 23 17 36 36 21 14 10 37 38 17 5 19 17 19 36 2 13 29 23 16 19 27 17 9 13 20 14 15 33 21 16 24 7 2 4 13 3 21 20 15 12 0 20 
8 33 40 17 5 23 50 39 4 37 43 40 1 23 27 48 48 32 15 38 25 14 40 22 33 47 43 27 38 45 7 25 18 40 32 5 47 13 15 22 26 19 23 12 17 41 4 7 19 20 0 
0 355
169 311
75 217
52 194
211 353
103 245
152 294
137 279
159 301
15 157
113 255
191 333
204 346
174 316
92 234
31 173
32 174
170 312
168 310
142 284
199 341
137 279
200 342
43 185
163 305
35 177
99 241
58 200
115 257
161 303
29 171
193 335
37 179
103 245
49 191
86 228
192 334
103 245
109 251
81 223
168 310
170 312
44 186
203 345
207 349
168 310
28 170
115 257
35 177
199 341
197 339
