51
0 46 40 31 9 27 28 48 17 44 38 32 6 37 43 43 27 30 9 13 53 40 44 32 42 30 10 34 6 44 5 14 10 20 31 10 29 48 55 36 28 4 48 41 39 26 30 37 51 30 16 
46 0 12 16 36 28 23 10 32 34 8 13 42 27 12 31 18 30 39 37 11 30 14 21 30 25 40 20 45 13 49 41 36 26 16 38 17 3 9 11 26 42 6 17 35 19 36 18 11 30 30 
40 12 0 18 31 17 13 22 30 42 7 10 38 14 22 40 16 34 32 35 24 17 4 25 17 14 32 8 41 4 44 40 29 20 19 34 18 12 18 7 29 37 9 27 41 17 39 25 24 35 27 
31 16 18 0 21 23 18 16 16 25 12 8 26 28 12 22 5 15 27 21 22 32 23 7 33 23 29 20 29 22 33 24 23 15 0 22 2 19 26 11 11 27 20 12 23 5 21 9 19 16 15 
9 36 31 21 0 21 20 38 8 37 29 23 6 30 33 35 17 22 8 8 43 34 36 22 36 24 10 26 9 35 13 12 5 11 21 5 19 38 45 26 19 6 38 32 32 17 24 28 41 23 7 
27 28 17 23 21 0 5 36 26 48 20 17 28 9 34 46 18 36 18 29 39 12 19 30 14 3 18 9 31 20 33 33 17 12 24 26 21 29 35 17 31 27 26 36 45 18 40 33 38 36 22 
28 23 13 18 20 5 0 31 23 43 15 11 27 10 28 41 13 31 19 26 34 15 16 25 16 4 19 6 30 17 33 31 17 9 19 25 16 24 30 12 26 26 22 30 41 14 36 28 33 32 19 
48 10 22 16 38 36 31 0 32 25 16 19 43 36 5 23 21 25 43 37 6 40 25 18 40 34 45 29 46 24 50 40 39 30 16 38 19 13 16 18 23 43 16 10 27 21 31 12 2 25 31 
17 32 30 16 8 26 23 32 0 28 26 20 11 34 27 27 14 14 16 5 38 38 35 15 39 27 19 28 13 35 17 9 13 13 15 6 14 35 42 24 11 12 36 24 23 13 15 20 35 14 3 
44 34 42 25 37 48 43 25 28 0 35 33 38 53 21 2 30 14 45 31 30 57 46 18 58 48 47 45 40 45 43 31 41 37 24 34 27 37 41 35 18 40 40 16 6 29 15 16 27 14 31 
38 8 7 12 29 20 15 16 26 35 0 6 35 20 15 32 12 28 32 32 18 24 11 19 24 18 33 12 38 10 42 35 28 18 12 31 12 9 16 2 23 35 9 19 34 13 33 18 17 28 24 
32 13 10 8 23 17 11 19 20 33 6 0 29 19 17 31 6 24 25 25 23 24 15 15 24 15 27 11 32 15 36 29 22 12 9 25 7 15 22 4 19 29 15 19 31 7 29 16 21 24 18 
6 42 38 26 6 28 27 43 11 38 35 29 0 37 38 37 23 24 11 7 49 40 42 26 42 30 13 33 3 42 6 9 10 18 26 4 24 44 51 33 22 1 44 36 33 22 24 32 46 24 11 
37 27 14 28 30 9 10 36 34 53 20 19 37 0 35 50 23 42 27 37 38 4 14 35 5 6 27 8 40 15 42 42 26 20 28 35 26 26 31 18 37 36 23 39 51 24 47 36 38 43 30 
43 12 22 12 33 34 28 5 27 21 15 17 38 35 0 19 17 20 39 32 11 39 25 12 40 32 41 27 41 25 45 35 35 27 12 33 15 15 20 17 18 39 18 5 23 18 26 7 8 20 27 
43 31 40 22 35 46 41 23 27 2 32 31 37 50 19 0 27 13 43 30 28 55 44 16 55 45 46 43 38 43 42 30 39 35 22 32 24 35 39 33 16 38 38 13 6 27 14 14 25 12 29 
27 18 16 5 17 18 13 21 14 30 12 6 23 23 17 27 0 18 21 19 26 28 21 11 29 18 23 16 26 21 30 23 18 9 6 19 3 21 28 10 13 23 21 18 27 0 23 14 24 19 11 
30 30 34 15 22 36 31 25 14 14 28 24 24 42 20 13 18 0 30 17 31 47 39 9 47 36 33 35 25 38 29 17 27 24 15 19 16 34 39 27 5 25 36 15 9 18 5 13 28 0 16 
9 39 32 27 8 18 19 43 16 45 32 25 11 27 39 43 21 30 0 16 48 31 36 29 32 21 2 25 13 36 15 19 4 13 27 13 24 41 48 29 27 10 40 38 40 21 32 35 46 31 14 
13 37 35 21 8 29 26 37 5 31 32 25 7 37 32 30 19 17 16 0 43 41 40 20 43 30 18 32 8 40 12 4 13 17 21 3 20 40 47 30 15 8 41 29 25 18 17 26 40 17 8 
53 11 24 22 43 39 34 6 38 30 18 23 49 38 11 28 26 31 48 43 0 41 25 24 41 36 50 31 51 24 55 46 44 35 22 44 24 12 12 21 29 49 16 16 33 27 37 18 3 31 37 
40 30 17 32 34 12 15 40 38 57 24 24 40 4 39 55 28 47 31 41 41 0 16 39 1 11 30 12 43 17 45 46 30 24 33 39 30 29 33 22 41 39 26 43 55 28 51 41 41 47 34 
44 14 4 23 36 19 16 25 35 46 11 15 42 14 25 44 21 39 36 40 25 16 0 30 16 16 36 10 45 0 49 44 33 24 23 39 22 12 16 11 34 42 9 30 46 22 44 29 25 39 32 
32 21 25 7 22 30 25 18 15 18 19 15 26 35 12 16 11 9 29 20 24 39 30 0 40 29 31 27 29 29 32 22 25 19 6 21 8 24 31 18 5 27 26 9 16 11 14 5 20 9 15 
42 30 17 33 36 14 16 40 39 58 24 24 42 5 40 55 29 47 32 43 41 1 16 40 0 12 31 12 45 17 47 47 32 26 33 41 31 29 32 22 42 41 25 43 56 29 52 41 41 48 35 
30 25 14 23 24 3 4 34 27 48 18 15 30 6 32 45 18 36 21 30 36 11 16 29 12 0 21 5 33 16 35 35 20 13 23 28 20 26 32 15 31 29 23 34 45 18 40 32 35 37 23 
10 40 32 29 10 18 19 45 19 47 33 27 13 27 41 46 23 33 2 18 50 30 36 31 31 21 0 25 15 36 16 22 6 14 28 15 26 42 49 30 29 12 41 40 43 23 35 37 47 34 16 
34 20 8 20 26 9 6 29 28 45 12 11 33 8 27 43 16 35 25 32 31 12 10 27 12 5 25 0 36 11 39 36 23 15 20 30 18 20 26 10 29 32 17 31 43 16 39 28 30 35 24 
6 45 41 29 9 31 30 46 13 40 38 32 3 40 41 38 26 25 13 8 51 43 45 29 45 33 15 36 0 45 3 9 13 21 29 7 27 48 55 36 24 3 48 38 34 25 25 34 49 26 14 
44 13 4 22 35 20 17 24 35 45 10 15 42 15 25 43 21 38 36 40 24 17 0 29 17 16 36 11 45 0 48 44 33 24 23 39 22 12 16 11 33 42 8 29 45 22 44 28 24 39 32 
5 49 44 33 13 33 33 50 17 43 42 36 6 42 45 42 30 29 15 12 55 45 49 32 47 35 16 39 3 48 0 12 15 24 33 11 31 51 58 39 28 6 51 42 37 29 28 38 53 30 18 
14 41 40 24 12 33 31 40 9 31 35 29 9 42 35 30 23 17 19 4 46 46 44 22 47 35 22 36 9 44 12 0 17 21 24 6 23 44 51 33 17 10 45 31 25 22 15 27 43 17 12 
10 36 29 23 5 17 17 39 13 41 28 22 10 26 35 39 18 27 4 13 44 30 33 25 32 20 6 23 13 33 15 17 0 9 23 10 20 38 45 25 23 9 37 34 36 17 29 30 42 27 10 
20 26 20 15 11 12 9 30 13 37 18 12 18 20 27 35 9 24 13 17 35 24 24 19 26 13 14 15 21 24 24 21 9 0 15 15 12 28 35 16 19 17 27 27 33 9 27 23 33 24 9 
31 16 19 0 21 24 19 16 15 24 12 9 26 28 12 22 6 15 27 21 22 33 23 6 33 23 28 20 29 23 33 24 23 15 0 22 2 20 26 12 10 27 21 12 22 5 20 8 19 15 14 
10 38 34 22 5 26 25 38 6 34 31 25 4 35 33 32 19 19 13 3 44 39 39 21 41 28 15 30 7 39 11 6 10 15 22 0 20 40 47 29 17 5 41 31 28 18 20 27 41 20 7 
29 17 18 2 19 21 16 19 14 27 12 7 24 26 15 24 3 16 24 20 24 30 22 8 31 20 26 18 27 22 31 23 20 12 2 20 0 20 27 11 11 24 21 15 24 2 21 11 22 17 12 
48 3 12 19 38 29 24 13 35 37 9 15 44 26 15 35 21 34 41 40 12 29 12 24 29 26 42 20 48 12 51 44 38 28 20 40 20 0 7 12 29 44 3 21 38 22 39 21 13 34 33 
55 9 18 26 45 35 30 16 42 41 16 22 51 31 20 39 28 39 48 47 12 33 16 31 32 32 49 26 55 16 58 51 45 35 26 47 27 7 0 19 36 51 8 25 43 29 45 27 14 40 40 
36 11 7 11 26 17 12 18 24 35 2 4 33 18 17 33 10 27 29 30 21 22 11 18 22 15 30 10 36 11 39 33 25 16 12 29 11 12 19 0 22 32 11 20 34 11 32 18 20 28 22 
28 26 29 11 19 31 26 23 11 18 23 19 22 37 18 16 13 5 27 15 29 41 34 5 42 31 29 29 24 33 28 17 23 19 10 17 11 29 36 22 0 23 31 14 14 12 10 10 26 5 12 
4 42 37 27 6 27 26 43 12 40 35 29 1 36 39 38 23 25 10 8 49 39 42 27 41 29 12 32 3 42 6 10 9 17 27 5 24 44 51 32 23 0 44 37 34 22 25 33 46 26 12 
48 6 9 20 38 26 22 16 36 40 9 15 44 23 18 38 21 36 40 41 16 26 9 26 25 23 41 17 48 8 51 45 37 27 21 41 21 3 8 11 31 44 0 24 41 22 41 24 16 36 33 
41 17 27 12 32 36 30 10 24 16 19 19 36 39 5 13 18 15 38 29 16 43 30 9 43 34 40 31 38 29 42 31 34 27 12 31 15 21 25 20 14 37 24 0 17 18 21 3 12 15 25 
39 35 41 23 32 45 41 27 23 6 34 31 33 51 23 6 27 9 40 25 33 55 46 16 56 45 43 43 34 45 37 25 36 33 22 28 24 38 43 34 14 34 41 17 0 27 9 16 30 9 26 
26 19 17 5 17 18 14 21 13 29 13 7 22 24 18 27 0 18 21 18 27 28 22 11 29 18 23 16 25 22 29 22 17 9 5 18 2 22 29 11 12 22 22 18 27 0 23 14 24 18 11 
30 36 39 21 24 40 36 31 15 15 33 29 24 47 26 14 23 5 32 17 37 51 44 14 52 40 35 39 25 44 28 15 29 27 20 20 21 39 45 32 10 25 41 21 9 23 0 18 33 5 19 
37 18 25 9 28 33 28 12 20 16 18 16 32 36 7 14 14 13 35 26 18 41 29 5 41 32 37 28 34 28 38 27 30 23 8 27 11 21 27 18 10 33 24 3 16 14 18 0 15 13 21 
51 11 24 19 41 38 33 2 35 27 17 21 46 38 8 25 24 28 46 40 3 41 25 20 41 35 47 30 49 24 53 43 42 33 19 41 22 13 14 20 26 46 16 12 30 24 33 15 0 28 34 
30 30 35 16 23 36 32 25 14 14 28 24 24 43 20 12 19 0 31 17 31 47 39 9 48 37 34 35 26 39 30 17 27 24 15 20 17 34 40 28 5 26 36 15 9 18 5 13 28 0 17 
16 30 27 15 7 22 19 31 3 31 24 18 11 30 27 29 11 16 14 8 37 34 32 15 35 23 16 24 14 32 18 12 10 9 14 7 12 33 40 22 12 12 33 25 26 11 19 21 34 17 0 
0 273
133 187
187 241
181 235
118 172
57 111
193 247
211 265
74 128
193 247
32 86
3 57
142 196
112 166
69 123
140 194
69 123
55 109
125 179
141 195
13 67
117 171
56 110
116 170
148 202
151 205
177 231
103 157
57 111
26 80
41 95
100 154
1 55
35 89
156 210
100 154
143 197
207 261
207 261
25 79
97 151
111 165
202 256
95 149
197 251
145 199
82 136
45 99
207 261
211 265
152 206
