51
0 25 12 30 23 43 32 23 16 32 36 21 21 20 44 26 26 23 31 21 28 44 34 24 26 36 6 10 5 21 9 11 18 19 16 15 11 38 9 19 14 34 40 10 35 38 36 29 44 42 41 
25 0 16 18 18 20 11 16 31 17 12 17 20 24 18 2 19 10 14 23 19 23 16 14 12 10 30 31 27 10 23 24 18 27 34 11 31 29 18 13 32 16 18 15 16 23 24 19 27 16 27 
12 16 0 18 23 36 26 22 25 20 28 21 11 11 33 16 14 19 27 11 27 32 22 12 14 26 18 14 12 18 16 8 7 13 26 5 14 38 11 17 24 22 29 4 23 35 34 17 40 32 39 
30 18 18 0 35 36 29 33 42 4 28 33 10 15 24 15 4 28 32 13 37 16 7 5 6 22 36 29 28 28 34 21 12 18 44 18 28 47 28 29 42 6 15 21 8 41 42 1 44 25 45 
23 18 23 35 0 25 15 2 17 35 21 1 33 35 34 21 34 8 12 34 5 41 34 30 29 25 23 32 28 7 14 30 29 36 21 19 33 15 13 6 20 34 36 19 35 16 13 35 21 30 18 
43 20 36 36 25 0 10 23 42 33 8 25 40 44 17 22 38 19 12 43 20 31 30 34 31 13 46 50 47 22 37 44 38 47 46 31 51 22 34 24 45 30 25 34 29 13 17 37 12 13 17 
32 11 26 29 15 10 0 13 32 27 6 14 32 35 19 14 30 8 4 34 12 30 25 26 24 11 35 40 36 11 27 34 29 38 36 20 40 19 23 13 35 26 24 23 25 12 14 30 15 15 16 
23 16 22 33 2 23 13 0 19 33 19 2 32 34 31 19 32 6 10 33 4 39 32 28 27 23 24 33 28 5 15 29 28 35 23 18 33 16 14 5 22 32 34 18 33 15 12 34 20 28 17 
16 31 25 42 17 42 32 19 0 44 38 17 36 35 49 33 39 23 29 36 22 53 44 37 37 40 11 26 22 21 8 27 32 35 4 25 27 29 14 18 4 44 49 21 45 33 29 42 38 46 33 
32 17 20 4 35 33 27 33 44 0 25 33 13 18 20 14 8 27 31 17 36 12 3 8 6 19 39 33 31 27 35 25 15 22 46 19 32 46 29 29 44 2 11 23 4 39 41 5 42 21 44 
36 12 28 28 21 8 6 19 38 25 0 21 32 36 13 13 30 14 10 35 18 25 22 25 23 6 40 43 39 16 32 37 30 39 42 23 43 24 28 19 40 23 19 27 22 16 19 29 17 9 20 
21 17 21 33 1 25 14 2 17 33 21 0 31 33 33 19 32 7 12 32 6 40 33 28 27 24 22 31 26 6 13 28 27 34 21 17 32 17 12 4 20 33 35 17 33 17 14 33 22 29 19 
21 20 11 10 33 40 32 32 36 13 32 31 0 5 32 18 5 27 34 3 36 26 16 7 9 28 28 19 19 26 28 12 4 8 37 13 18 47 23 26 35 16 25 15 18 43 43 8 47 32 47 
20 24 11 15 35 44 35 34 35 18 36 33 5 0 37 22 10 30 37 1 38 31 22 12 15 33 26 15 16 29 27 8 6 3 36 16 14 50 23 28 34 21 30 16 23 46 46 13 50 37 50 
44 18 33 24 34 17 19 31 49 20 13 33 32 37 0 17 28 26 23 35 32 14 17 25 22 9 48 48 45 27 42 40 32 40 53 29 48 38 37 30 51 17 9 33 16 29 33 26 29 4 33 
26 2 16 15 21 22 14 19 33 14 13 19 18 22 17 0 16 13 17 21 21 20 13 12 10 10 31 31 28 13 25 24 16 25 36 11 30 32 19 15 34 13 16 15 13 25 27 16 29 16 30 
26 19 14 4 34 38 30 32 39 8 30 32 5 10 28 16 0 27 33 8 36 20 11 4 6 25 33 25 24 27 31 17 8 13 41 15 24 47 26 27 39 11 20 18 13 42 42 3 46 28 46 
23 10 19 28 8 19 8 6 23 27 14 7 27 30 26 13 27 0 8 29 9 33 26 23 21 17 26 32 27 2 18 27 24 32 27 14 32 20 14 4 26 26 27 16 26 16 15 28 21 22 19 
31 14 27 32 12 12 4 10 29 31 10 12 34 37 23 17 33 8 0 36 8 34 29 29 27 15 33 40 36 10 25 35 31 39 34 22 40 15 22 12 32 29 28 24 29 8 10 33 13 19 13 
21 23 11 13 34 43 34 33 36 17 35 32 3 1 35 21 8 29 36 0 38 29 20 10 13 31 27 17 17 28 28 10 5 5 36 15 16 49 23 28 34 19 28 16 21 45 45 11 49 35 49 
28 19 27 37 5 20 12 4 22 36 18 6 36 38 32 21 36 9 8 38 0 41 35 32 31 23 28 37 33 9 20 34 32 40 27 22 38 11 18 9 26 35 35 23 35 10 8 37 16 28 12 
44 23 32 16 41 31 30 39 53 12 25 40 26 31 14 20 20 33 34 29 41 0 9 20 18 19 50 45 43 34 45 37 27 34 56 29 44 49 39 36 54 10 5 33 8 41 44 17 43 17 46 
34 16 22 7 34 30 25 32 44 3 22 33 16 22 17 13 11 26 29 20 35 9 0 10 8 16 40 35 34 27 36 27 18 25 47 20 34 44 30 28 45 0 8 24 1 37 39 9 40 18 42 
24 14 12 5 30 34 26 28 37 8 25 28 7 12 25 12 4 23 29 10 32 20 10 0 2 21 31 25 23 23 28 17 7 15 38 12 24 43 22 23 36 10 18 15 11 38 38 5 41 25 42 
26 12 14 6 29 31 24 27 37 6 23 27 9 15 22 10 6 21 27 13 31 18 8 2 0 18 32 27 25 22 29 19 10 18 39 12 26 41 23 23 37 8 15 16 9 36 36 6 39 22 40 
36 10 26 22 25 13 11 23 40 19 6 24 28 33 9 10 25 17 15 31 23 19 16 21 18 0 40 41 38 18 33 34 27 36 44 21 41 30 28 21 42 17 13 25 16 22 25 24 24 5 26 
6 30 18 36 23 46 35 24 11 39 40 22 28 26 48 31 33 26 33 27 28 50 40 31 32 40 0 14 11 23 8 18 25 25 9 20 16 37 12 21 7 40 46 16 41 39 36 35 44 46 41 
10 31 14 29 32 50 40 33 26 33 43 31 19 15 48 31 25 32 40 17 37 45 35 25 27 41 14 0 4 30 20 7 17 13 24 20 1 48 19 28 22 35 43 16 37 48 45 28 53 47 50 
5 27 12 28 28 47 36 28 22 31 39 26 19 16 45 28 24 27 36 17 33 43 34 23 25 38 11 4 0 26 15 7 16 14 20 16 5 44 14 24 19 33 41 12 35 43 41 27 48 44 46 
21 10 18 28 7 22 11 5 21 27 16 6 26 29 27 13 27 2 10 28 9 34 27 23 22 18 23 30 26 0 16 25 23 31 25 13 30 20 12 2 24 27 29 14 27 17 16 28 22 24 21 
9 23 16 34 14 37 27 15 8 35 32 13 28 27 42 25 31 18 25 28 20 45 36 28 29 33 8 20 15 16 0 20 24 27 10 16 21 29 5 13 8 36 41 13 37 31 27 33 36 39 32 
11 24 8 21 30 44 34 29 27 25 37 28 12 8 40 24 17 27 35 10 34 37 27 17 19 34 18 7 7 25 20 0 9 7 27 13 7 45 16 24 25 27 35 11 29 43 42 20 48 39 46 
18 18 7 12 29 38 29 28 32 15 30 27 4 6 32 16 8 24 31 5 32 27 18 7 10 27 25 17 16 23 24 9 0 9 33 10 16 44 19 23 31 17 25 11 19 40 39 11 44 31 43 
19 27 13 18 36 47 38 35 35 22 39 34 8 3 40 25 13 32 39 5 40 34 25 15 18 36 25 13 14 31 27 7 9 0 35 17 11 51 23 30 33 25 33 17 26 48 47 16 53 40 52 
16 34 26 44 21 46 36 23 4 46 42 21 37 36 53 36 41 27 34 36 27 56 47 38 39 44 9 24 20 25 10 27 33 35 0 27 26 34 16 23 2 47 52 23 48 37 33 43 42 50 38 
15 11 5 18 19 31 20 18 25 19 23 17 13 16 29 11 15 14 22 15 22 29 20 12 12 21 20 20 16 13 16 13 10 17 27 0 20 34 10 13 25 20 25 4 21 30 29 17 35 27 34 
11 31 14 28 33 51 40 33 27 32 43 32 18 14 48 30 24 32 40 16 38 44 34 24 26 41 16 1 5 30 21 7 16 11 26 20 0 49 19 29 24 34 42 16 36 48 46 27 53 46 51 
38 29 38 47 15 22 19 16 29 46 24 17 47 50 38 32 47 20 15 49 11 49 44 43 41 30 37 48 44 20 29 45 44 51 34 34 49 0 29 21 33 45 44 34 45 9 5 48 11 34 6 
9 18 11 28 13 34 23 14 14 29 28 12 23 23 37 19 26 14 22 23 18 39 30 22 23 28 12 19 14 12 5 16 19 23 16 10 19 29 0 9 14 30 35 7 31 29 26 28 34 34 31 
19 13 17 29 6 24 13 5 18 29 19 4 26 28 30 15 27 4 12 28 9 36 28 23 23 21 21 28 24 2 13 24 23 30 23 13 29 21 9 0 21 28 31 13 29 19 17 29 24 27 22 
14 32 24 42 20 45 35 22 4 44 40 20 35 34 51 34 39 26 32 34 26 54 45 36 37 42 7 22 19 24 8 25 31 33 2 25 24 33 14 21 0 45 50 21 46 37 33 41 42 48 37 
34 16 22 6 34 30 26 32 44 2 23 33 16 21 17 13 11 26 29 19 35 10 0 10 8 17 40 35 33 27 36 27 17 25 47 20 34 45 30 28 45 0 9 24 1 38 40 8 40 18 42 
40 18 29 15 36 25 24 34 49 11 19 35 25 30 9 16 20 27 28 28 35 5 8 18 15 13 46 43 41 29 41 35 25 33 52 25 42 44 35 31 50 9 0 30 7 35 38 17 37 12 40 
10 15 4 21 19 34 23 18 21 23 27 17 15 16 33 15 18 16 24 16 23 33 24 15 16 25 16 16 12 14 13 11 11 17 23 4 16 34 7 13 21 24 30 0 25 32 31 20 37 31 35 
35 16 23 8 35 29 25 33 45 4 22 33 18 23 16 13 13 26 29 21 35 8 1 11 9 16 41 37 35 27 37 29 19 26 48 21 36 45 31 29 46 1 7 25 0 37 39 10 40 17 42 
38 23 35 41 16 13 12 15 33 39 16 17 43 46 29 25 42 16 8 45 10 41 37 38 36 22 39 48 43 17 31 43 40 48 37 30 48 9 29 19 37 38 35 32 37 0 4 42 5 25 4 
36 24 34 42 13 17 14 12 29 41 19 14 43 46 33 27 42 15 10 45 8 44 39 38 36 25 36 45 41 16 27 42 39 47 33 29 46 5 26 17 33 40 38 31 39 4 0 43 9 29 4 
29 19 17 1 35 37 30 34 42 5 29 33 8 13 26 16 3 28 33 11 37 17 9 5 6 24 35 28 27 28 33 20 11 16 43 17 27 48 28 29 41 8 17 20 10 42 43 0 45 26 46 
44 27 40 44 21 12 15 20 38 42 17 22 47 50 29 29 46 21 13 49 16 43 40 41 39 24 44 53 48 22 36 48 44 53 42 35 53 11 34 24 42 40 37 37 40 5 9 45 0 26 5 
42 16 32 25 30 13 15 28 46 21 9 29 32 37 4 16 28 22 19 35 28 17 18 25 22 5 46 47 44 24 39 39 31 40 50 27 46 34 34 27 48 18 12 31 17 25 29 26 26 0 29 
41 27 39 45 18 17 16 17 33 44 20 19 47 50 33 30 46 19 13 49 12 46 42 42 40 26 41 50 46 21 32 46 43 52 38 34 51 6 31 22 37 42 40 35 42 4 4 46 5 29 0 
0 573
181 410
232 461
33 262
245 474
174 403
301 530
301 530
37 266
331 560
203 432
183 412
51 280
265 494
323 552
42 271
147 376
272 501
35 264
98 327
152 381
339 568
31 260
247 476
23 252
113 342
245 474
259 488
128 357
270 499
51 280
297 526
23 252
230 459
221 450
2 231
263 492
89 318
41 270
17 246
135 364
312 541
93 322
334 563
116 345
65 294
126 355
211 440
16 245
287 516
264 493
