51
0 14 40 22 8 34 17 17 27 21 29 25 29 45 14 30 22 20 13 35 16 36 46 25 30 15 32 27 36 36 34 39 13 6 9 35 31 28 17 12 20 32 24 45 44 8 37 28 31 11 27 
14 0 26 30 7 20 15 6 28 8 18 28 22 32 4 23 12 6 13 20 24 21 33 17 16 20 26 24 23 35 32 27 1 16 10 27 28 30 14 2 5 21 13 32 31 6 34 16 26 3 33 
40 26 0 47 31 13 29 22 37 18 30 40 36 10 29 38 20 23 31 8 44 9 6 21 10 38 26 29 4 38 34 6 27 43 32 23 32 38 28 28 21 13 26 9 5 33 35 24 27 28 46 
22 30 47 0 23 47 17 27 14 30 48 9 50 47 33 51 27 36 17 46 5 47 52 26 38 10 25 20 42 21 21 43 28 27 19 30 21 13 19 28 34 34 43 48 49 28 25 46 24 26 7 
8 7 31 23 0 26 11 8 23 12 25 22 27 36 9 29 13 14 7 26 17 28 38 17 21 13 25 21 27 31 28 30 5 13 3 27 25 25 11 4 12 23 19 36 35 6 31 23 24 3 27 
34 20 13 47 26 0 30 19 41 16 17 42 24 23 20 25 21 14 30 4 43 4 18 25 10 37 33 33 14 44 41 18 21 35 29 31 37 42 28 22 14 20 14 22 18 26 42 12 33 23 48 
17 15 29 17 11 30 0 11 12 13 34 12 37 31 20 39 9 21 4 28 14 30 35 9 21 8 14 10 25 20 17 26 14 23 8 17 14 14 1 14 18 18 28 32 32 17 20 31 13 13 18 
17 6 22 27 8 19 11 0 23 3 23 24 27 27 11 29 6 10 10 18 23 20 29 11 12 17 20 18 18 29 26 21 6 21 10 21 22 25 9 7 7 15 17 27 26 12 28 20 20 6 29 
27 28 37 14 23 41 12 23 0 25 47 4 50 35 32 52 20 34 16 38 15 40 42 16 31 12 12 8 32 8 7 32 27 33 20 17 7 1 14 27 31 24 41 36 39 30 11 44 11 26 9 
21 8 18 30 12 16 13 3 25 0 23 26 28 24 13 29 5 10 13 15 26 16 25 10 8 21 19 18 14 30 26 18 9 25 14 20 23 26 11 10 7 12 17 24 23 15 28 19 20 10 32 
29 18 30 48 25 17 34 23 47 23 0 47 7 39 15 8 28 12 32 21 43 21 35 33 23 38 43 41 29 53 49 34 20 27 29 42 46 48 32 20 16 33 6 39 35 20 52 5 43 22 52 
25 28 40 9 22 42 12 24 4 26 47 0 50 39 32 51 21 34 15 40 11 42 45 18 33 10 16 11 35 12 12 35 26 31 19 21 11 4 14 26 31 26 41 40 42 28 15 44 15 25 6 
29 22 36 50 27 24 37 27 50 28 7 50 0 46 17 1 33 17 34 28 44 28 42 38 30 40 48 46 36 57 54 41 23 26 31 48 50 52 36 23 20 39 11 45 42 21 56 12 48 24 54 
45 32 10 47 36 23 31 27 35 24 39 39 46 0 36 48 23 31 34 18 45 19 8 22 17 39 23 27 10 34 31 5 33 49 36 18 29 36 29 34 29 13 35 1 6 39 30 34 24 34 45 
14 4 29 33 9 20 20 11 32 13 15 32 17 36 0 19 17 6 17 22 27 23 35 22 19 23 31 28 26 39 36 30 5 15 13 32 33 34 18 5 7 25 10 36 34 5 39 14 31 7 36 
30 23 38 51 29 25 39 29 52 29 8 51 1 48 19 0 35 19 36 29 46 29 43 40 31 42 49 47 37 59 55 42 25 27 32 49 52 53 38 25 22 41 13 47 43 23 58 13 49 26 56 
22 12 20 27 13 21 9 6 20 5 28 21 33 23 17 35 0 15 11 18 24 20 26 5 11 17 14 13 15 24 21 17 12 26 13 15 17 21 7 13 12 10 22 23 23 18 23 24 14 12 27 
20 6 23 36 14 14 21 10 34 10 12 34 17 31 6 19 15 0 19 16 31 17 30 21 14 26 30 29 21 40 36 25 8 21 17 30 33 35 20 9 3 22 6 31 28 11 39 10 30 10 39 
13 13 31 17 7 30 4 10 16 13 32 15 34 34 17 36 11 19 0 29 12 30 38 13 22 7 18 14 27 23 21 29 11 19 4 22 18 17 4 11 17 21 26 35 35 14 24 29 18 10 19 
35 20 8 46 26 4 28 18 38 15 21 40 28 18 22 29 18 16 29 0 42 1 14 22 7 36 29 30 9 41 37 14 21 37 29 27 34 40 26 22 15 16 17 17 13 27 38 16 30 23 46 
16 24 44 5 17 43 14 23 15 26 43 11 44 45 27 46 24 31 12 42 0 43 50 23 35 6 25 20 39 24 23 41 23 21 14 30 22 16 16 22 29 32 37 46 47 22 27 41 24 21 12 
36 21 9 47 28 4 30 20 40 16 21 42 28 19 23 29 20 17 30 1 43 0 14 23 9 37 31 32 10 42 39 15 23 38 30 28 36 41 28 24 16 18 18 18 14 28 40 16 31 25 48 
46 33 6 52 38 18 35 29 42 25 35 45 42 8 35 43 26 30 38 14 50 14 0 26 16 44 30 33 10 41 38 9 34 50 39 26 36 43 34 35 28 18 32 7 3 40 38 30 31 35 51 
25 17 21 26 17 25 9 11 16 10 33 18 38 22 22 40 5 21 13 22 23 23 26 0 14 17 9 8 16 19 16 17 17 30 16 10 12 17 8 17 18 8 27 22 23 22 18 29 9 17 25 
30 16 10 38 21 10 21 12 31 8 23 33 30 17 19 31 11 14 22 7 35 9 16 14 0 29 22 23 7 34 30 11 17 33 22 20 27 32 19 18 11 10 18 17 14 23 31 18 23 18 39 
15 20 38 10 13 37 8 17 12 21 38 10 40 39 23 42 17 26 7 36 6 37 44 17 29 0 20 15 33 21 20 34 18 21 9 24 17 13 10 18 24 26 33 40 41 19 23 36 19 16 13 
32 26 26 25 25 33 14 20 12 19 43 16 48 23 31 49 14 30 18 29 25 31 30 9 22 20 0 5 22 11 8 20 25 37 23 4 5 13 14 26 27 13 37 24 27 31 9 39 1 25 22 
27 24 29 20 21 33 10 18 8 18 41 11 46 27 28 47 13 29 14 30 20 32 33 8 23 15 5 0 24 11 7 24 23 33 18 9 4 9 10 23 25 15 35 28 30 27 10 38 4 22 17 
36 23 4 42 27 14 25 18 32 14 29 35 36 10 26 37 15 21 27 9 39 10 10 16 7 33 22 24 0 34 30 4 23 39 28 18 27 34 23 24 18 9 25 10 8 30 30 24 23 25 41 
36 35 38 21 31 44 20 29 8 30 53 12 57 34 39 59 24 40 23 41 24 42 41 19 34 21 11 11 34 0 3 32 33 42 28 15 6 8 20 34 37 25 47 35 38 37 4 49 11 33 15 
34 32 34 21 28 41 17 26 7 26 49 12 54 31 36 55 21 36 21 37 23 39 38 16 30 20 8 7 30 3 0 28 30 40 25 12 3 7 17 31 33 21 43 32 35 35 3 46 7 30 16 
39 27 6 43 30 18 26 21 32 18 34 35 41 5 30 42 17 25 29 14 41 15 9 17 11 34 20 24 4 32 28 0 27 43 31 16 26 33 24 28 23 8 30 5 6 33 28 29 21 28 41 
13 1 27 28 5 21 14 6 27 9 20 26 23 33 5 25 12 8 11 21 23 23 34 17 17 18 25 23 23 33 30 27 0 16 8 27 27 28 13 1 7 21 14 33 31 6 33 18 25 2 31 
6 16 43 27 13 35 23 21 33 25 27 31 26 49 15 27 26 21 19 37 21 38 50 30 33 21 37 33 39 42 40 43 16 0 14 40 37 34 23 14 22 36 23 49 47 9 43 28 37 14 33 
9 10 32 19 3 29 8 10 20 14 29 19 31 36 13 32 13 17 4 29 14 30 39 16 22 9 23 18 28 28 25 31 8 14 0 25 22 21 8 8 15 23 23 37 36 9 29 27 22 6 23 
35 27 23 30 27 31 17 21 17 20 42 21 48 18 32 49 15 30 22 27 30 28 26 10 20 24 4 9 18 15 12 16 27 40 25 0 10 18 17 28 27 10 36 20 23 32 12 38 6 27 27 
31 28 32 21 25 37 14 22 7 23 46 11 50 29 33 52 17 33 18 34 22 36 36 12 27 17 5 4 27 6 3 26 27 37 22 10 0 8 14 28 30 18 40 30 33 31 6 42 4 26 16 
28 30 38 13 25 42 14 25 1 26 48 4 52 36 34 53 21 35 17 40 16 41 43 17 32 13 13 9 34 8 7 33 28 34 21 18 8 0 15 28 32 25 42 38 40 31 11 45 12 27 8 
17 14 28 19 11 28 1 9 14 11 32 14 36 29 18 38 7 20 4 26 16 28 34 8 19 10 14 10 23 20 17 24 13 23 8 17 14 15 0 13 17 16 26 30 31 17 20 29 13 12 20 
12 2 28 28 4 22 14 7 27 10 20 26 23 34 5 25 13 9 11 22 22 24 35 17 18 18 26 23 24 34 31 28 1 14 8 28 28 28 13 0 8 22 14 34 32 5 34 18 26 1 31 
20 5 21 34 12 14 18 7 31 7 16 31 20 29 7 22 12 3 17 15 29 16 28 18 11 24 27 25 18 37 33 23 7 22 15 27 30 32 17 8 0 19 9 28 26 12 35 12 27 9 37 
32 21 13 34 23 20 18 15 24 12 33 26 39 13 25 41 10 22 21 16 32 18 18 8 10 26 13 15 9 25 21 8 21 36 23 10 18 25 16 22 19 0 28 14 15 27 21 28 14 22 33 
24 13 26 43 19 14 28 17 41 17 6 41 11 35 10 13 22 6 26 17 37 18 32 27 18 33 37 35 25 47 43 30 14 23 23 36 40 42 26 14 9 28 0 34 31 15 45 4 37 16 46 
45 32 9 48 36 22 32 27 36 24 39 40 45 1 36 47 23 31 35 17 46 18 7 22 17 40 24 28 10 35 32 5 33 49 37 20 30 38 30 34 28 14 34 0 4 39 31 34 25 34 46 
44 31 5 49 35 18 32 26 39 23 35 42 42 6 34 43 23 28 35 13 47 14 3 23 14 41 27 30 8 38 35 6 31 47 36 23 33 40 31 32 26 15 31 4 0 38 34 30 28 33 48 
8 6 33 28 6 26 17 12 30 15 20 28 21 39 5 23 18 11 14 27 22 28 40 22 23 19 31 27 30 37 35 33 6 9 9 32 31 31 17 5 12 27 15 39 38 0 38 20 30 5 32 
37 34 35 25 31 42 20 28 11 28 52 15 56 30 39 58 23 39 24 38 27 40 38 18 31 23 9 10 30 4 3 28 33 43 29 12 6 11 20 34 35 21 45 31 34 38 0 48 8 33 19 
28 16 24 46 23 12 31 20 44 19 5 44 12 34 14 13 24 10 29 16 41 16 30 29 18 36 39 38 24 49 46 29 18 28 27 38 42 45 29 18 12 28 4 34 30 20 48 0 39 20 49 
31 26 27 24 24 33 13 20 11 20 43 15 48 24 31 49 14 30 18 30 24 31 31 9 23 19 1 4 23 11 7 21 25 37 22 6 4 12 13 26 27 14 37 25 28 30 8 39 0 25 20 
11 3 28 26 3 23 13 6 26 10 22 25 24 34 7 26 12 10 10 23 21 25 35 17 18 16 25 22 25 33 30 28 2 14 6 27 26 27 12 1 9 22 16 34 33 5 33 20 25 0 30 
27 33 46 7 27 48 18 29 9 32 52 6 54 45 36 56 27 39 19 46 12 48 51 25 39 13 22 17 41 15 16 41 31 33 23 27 16 8 20 31 37 33 46 46 48 32 19 49 20 30 0 
0 737
601 674
607 680
634 707
644 717
265 338
626 699
576 649
551 624
565 638
10 83
76 149
364 437
318 391
80 153
221 294
195 268
153 226
304 377
408 481
316 389
541 614
186 259
188 261
439 512
115 188
636 709
261 334
558 631
605 678
164 237
144 217
97 170
259 332
323 396
163 236
658 731
80 153
102 175
558 631
38 111
107 180
78 151
40 113
401 474
515 588
299 372
74 147
529 602
458 531
492 565
