51
0 24 34 30 40 11 23 30 49 16 42 46 55 48 18 43 47 27 39 8 43 31 16 34 13 48 16 46 22 12 46 41 33 33 18 35 27 16 15 46 39 39 50 27 30 39 44 20 24 26 14 
24 0 23 24 23 17 1 16 25 8 20 24 33 24 6 32 23 19 38 20 19 27 9 10 12 27 8 27 15 11 30 20 11 18 8 32 22 8 11 23 37 18 26 15 8 15 30 16 2 26 12 
34 23 0 6 45 35 22 39 30 27 17 21 27 29 21 9 26 7 17 36 32 9 19 26 21 18 23 16 37 27 13 16 31 6 29 12 8 27 30 25 16 14 27 38 28 29 10 13 21 12 31 
30 24 6 0 48 33 23 40 36 26 23 27 34 35 21 12 32 4 13 34 36 3 18 30 19 24 22 22 37 25 19 22 33 11 29 8 2 26 29 31 13 20 33 39 31 33 16 10 22 6 29 
40 23 45 48 0 29 25 9 30 26 35 36 43 29 28 54 31 43 61 32 20 51 32 19 34 43 28 44 18 29 49 37 14 39 22 56 46 25 25 33 61 35 35 12 16 20 50 39 25 49 26 
11 17 35 33 29 0 18 19 43 9 38 42 50 41 14 44 41 29 44 3 35 35 15 26 13 45 12 44 11 8 46 38 25 32 10 40 30 9 6 41 44 36 44 16 22 32 44 22 19 31 5 
23 1 22 23 25 18 0 17 25 8 20 24 32 24 5 31 23 18 37 20 19 26 9 10 11 27 7 26 15 11 29 20 12 17 8 31 21 8 11 23 36 18 26 16 9 16 29 15 1 24 12 
30 16 39 40 9 19 17 0 31 16 32 34 42 29 20 48 30 35 54 23 20 44 23 16 25 40 19 40 8 20 45 33 11 33 13 49 38 16 16 31 53 31 34 3 11 19 45 31 18 41 16 
49 25 30 36 30 43 25 31 0 34 13 10 12 1 30 35 3 33 47 46 10 39 33 16 36 16 33 18 36 37 25 14 19 24 33 43 36 33 36 5 46 15 5 33 21 12 27 35 25 41 37 
16 8 27 26 26 9 8 16 34 0 28 32 41 32 5 37 31 21 39 12 26 29 8 18 8 35 3 34 10 3 37 28 17 24 3 34 24 0 3 31 39 26 35 14 14 23 36 16 9 26 4 
42 20 17 23 35 38 20 32 13 28 0 4 13 12 23 22 9 21 34 40 17 26 25 16 28 7 26 8 34 30 14 1 21 11 29 30 23 28 32 7 33 2 9 33 21 15 15 24 19 29 32 
46 24 21 27 36 42 24 34 10 32 4 0 8 9 27 25 6 25 38 44 17 30 29 18 32 7 30 8 37 34 15 5 23 16 32 34 28 32 35 4 37 7 5 36 23 16 17 29 22 33 36 
55 33 27 34 43 50 32 42 12 41 13 8 0 13 36 28 11 33 43 53 23 36 38 26 41 9 39 11 46 43 18 13 30 23 41 39 35 41 44 10 42 15 7 44 31 23 21 37 31 40 45 
48 24 29 35 29 41 24 29 1 32 12 9 13 0 29 34 3 32 47 44 9 38 32 15 35 16 31 18 35 35 25 13 18 23 31 42 35 32 35 4 45 14 5 31 20 10 27 33 23 40 36 
18 6 21 21 28 14 5 20 30 5 23 27 36 29 0 31 28 16 34 17 25 24 3 16 6 30 2 29 16 6 31 23 17 18 8 29 18 6 9 28 34 21 31 18 13 21 30 11 5 21 9 
43 32 9 12 54 44 31 48 35 37 22 25 28 34 31 0 31 16 14 46 39 12 29 35 31 19 33 17 47 36 11 20 39 14 39 12 15 37 40 29 13 20 30 48 37 36 7 22 30 17 40 
47 23 26 32 31 41 23 30 3 31 9 6 11 3 28 31 0 29 44 44 11 35 30 15 33 13 30 15 35 34 22 10 19 20 31 39 32 31 34 1 42 11 3 32 20 11 24 31 22 37 35 
27 19 7 4 43 29 18 35 33 21 21 25 33 32 16 16 29 0 18 30 33 8 13 25 15 24 18 22 32 21 20 19 29 9 24 13 3 22 25 28 18 18 30 34 26 29 17 6 17 8 25 
39 38 17 13 61 44 37 54 47 39 34 38 43 47 34 14 44 18 0 45 50 10 31 43 31 33 35 31 50 37 25 33 47 24 42 5 15 39 42 42 1 32 44 53 45 46 22 23 36 13 42 
8 20 36 34 32 3 20 23 46 12 40 44 53 44 17 46 44 30 45 0 38 36 16 30 14 47 14 46 14 10 48 40 28 34 13 40 31 12 9 44 45 38 47 19 25 35 46 23 21 31 8 
43 19 32 36 20 35 19 20 10 26 17 17 23 9 25 39 11 33 50 38 0 40 28 9 31 24 27 25 27 30 31 19 10 26 25 45 36 26 29 13 49 19 15 23 13 3 33 32 19 41 30 
31 27 9 3 51 35 26 44 39 29 26 30 36 38 24 12 35 8 10 36 40 0 21 34 22 27 25 25 40 28 20 25 37 15 32 5 5 30 32 34 9 23 36 42 35 37 17 13 26 5 32 
16 9 19 18 32 15 9 23 33 8 25 29 38 32 3 29 30 13 31 16 28 21 0 19 3 31 4 30 18 7 31 24 21 17 11 26 16 8 11 30 31 22 33 22 17 25 29 8 9 18 11 
34 10 26 30 19 26 10 16 16 18 16 18 26 15 16 35 15 25 43 30 9 34 19 0 22 24 18 24 20 21 29 17 4 20 16 38 29 17 20 16 43 16 19 17 5 5 30 24 10 33 21 
13 12 21 19 34 13 11 25 36 8 28 32 41 35 6 31 33 15 31 14 31 22 3 22 0 34 5 33 19 6 33 27 23 20 12 26 16 9 10 33 31 25 36 23 20 28 31 8 12 18 10 
48 27 18 24 43 45 27 40 16 35 7 7 9 16 30 19 13 24 33 47 24 27 31 24 34 0 33 2 42 37 9 7 29 14 36 30 26 35 39 11 32 9 11 41 29 22 11 28 26 31 39 
16 8 23 22 28 12 7 19 33 3 26 30 39 31 2 33 30 18 35 14 27 25 4 18 5 33 0 32 14 4 34 26 18 20 6 30 20 4 7 30 35 24 34 17 15 23 32 12 8 22 7 
46 27 16 22 44 44 26 40 18 34 8 8 11 18 29 17 15 22 31 46 25 25 30 24 33 2 32 0 42 36 7 7 29 13 35 27 24 34 38 13 30 8 13 41 29 23 9 27 25 28 39 
22 15 37 37 18 11 15 8 36 10 34 37 46 35 16 47 35 32 50 14 27 40 18 20 19 42 14 42 0 13 45 35 16 33 7 45 34 10 8 35 50 33 39 5 14 24 45 27 16 37 9 
12 11 27 25 29 8 11 20 37 3 30 34 43 35 6 36 34 21 37 10 30 28 7 21 6 37 4 36 13 0 38 30 21 24 6 33 23 4 4 34 37 28 37 17 17 26 36 14 12 24 4 
46 30 13 19 49 46 29 45 25 37 14 15 18 25 31 11 22 20 25 48 31 20 31 29 33 9 34 7 45 38 0 12 34 13 38 22 21 37 40 20 24 13 20 45 33 29 3 26 28 25 41 
41 20 16 22 37 38 20 33 14 28 1 5 13 13 23 20 10 19 33 40 19 25 24 17 27 7 26 7 35 30 12 0 22 10 29 28 22 28 32 9 32 2 11 34 22 17 14 23 19 27 32 
33 11 31 33 14 25 12 11 19 17 21 23 30 18 17 39 19 29 47 28 10 37 21 4 23 29 18 29 16 21 34 22 0 25 15 42 32 17 19 20 46 21 23 13 3 7 35 27 12 36 20 
33 18 6 11 39 32 17 33 24 24 11 16 23 23 18 14 20 9 24 34 26 15 17 20 20 14 20 13 33 24 13 10 25 0 25 19 12 24 27 19 23 9 21 33 23 22 12 14 16 17 28 
18 8 29 29 22 10 8 13 33 3 29 32 41 31 8 39 31 24 42 13 25 32 11 16 12 36 6 35 7 6 38 29 15 25 0 37 27 2 3 31 42 27 34 11 12 21 37 19 10 29 4 
35 32 12 8 56 40 31 49 43 34 30 34 39 42 29 12 39 13 5 40 45 5 26 38 26 30 30 27 45 33 22 28 42 19 37 0 10 34 37 38 4 27 39 47 40 41 19 18 31 9 37 
27 22 8 2 46 30 21 38 36 24 23 28 35 35 18 15 32 3 15 31 36 5 16 29 16 26 20 24 34 23 21 22 32 12 27 10 0 24 27 31 15 21 33 37 29 32 18 8 20 5 27 
16 8 27 26 25 9 8 16 33 0 28 32 41 32 6 37 31 22 39 12 26 30 8 17 9 35 4 34 10 4 37 28 17 24 2 34 24 0 3 31 39 26 35 14 13 23 36 16 9 26 4 
15 11 30 29 25 6 11 16 36 3 32 35 44 35 9 40 34 25 42 9 29 32 11 20 10 39 7 38 8 4 40 32 19 27 3 37 27 3 0 35 42 30 38 13 16 25 39 19 12 29 0 
46 23 25 31 33 41 23 31 5 31 7 4 10 4 28 29 1 28 42 44 13 34 30 16 33 11 30 13 35 34 20 9 20 19 31 38 31 31 35 0 41 10 3 33 21 12 22 31 22 36 35 
39 37 16 13 61 44 36 53 46 39 33 37 42 45 34 13 42 18 1 45 49 9 31 43 31 32 35 30 50 37 24 32 46 23 42 4 15 39 42 41 0 31 42 52 44 45 21 22 35 13 42 
39 18 14 20 35 36 18 31 15 26 2 7 15 14 21 20 11 18 32 38 19 23 22 16 25 9 24 8 33 28 13 2 21 9 27 27 21 26 30 10 31 0 12 32 20 16 14 21 17 26 30 
50 26 27 33 35 44 26 34 5 35 9 5 7 5 31 30 3 30 44 47 15 36 33 19 36 11 34 13 39 37 20 11 23 21 34 39 33 35 38 3 42 12 0 36 24 15 23 33 25 38 39 
27 15 38 39 12 16 16 3 33 14 33 36 44 31 18 48 32 34 53 19 23 42 22 17 23 41 17 41 5 17 45 34 13 33 11 47 37 14 13 33 52 32 36 0 12 21 45 30 17 40 14 
30 8 28 31 16 22 9 11 21 14 21 23 31 20 13 37 20 26 45 25 13 35 17 5 20 29 15 29 14 17 33 22 3 23 12 40 29 13 16 21 44 20 24 12 0 10 34 24 9 33 16 
39 15 29 33 20 32 16 19 12 23 15 16 23 10 21 36 11 29 46 35 3 37 25 5 28 22 23 23 24 26 29 17 7 22 21 41 32 23 25 12 45 16 15 21 10 0 31 29 15 37 26 
44 30 10 16 50 44 29 45 27 36 15 17 21 27 30 7 24 17 22 46 33 17 29 30 31 11 32 9 45 36 3 14 35 12 37 19 18 36 39 22 21 14 23 45 34 31 0 24 28 22 40 
20 16 13 10 39 22 15 31 35 16 24 29 37 33 11 22 31 6 23 23 32 13 8 24 8 28 12 27 27 14 26 23 27 14 19 18 8 16 19 31 22 21 33 30 24 29 24 0 14 10 19 
24 2 21 22 25 19 1 18 25 9 19 22 31 23 5 30 22 17 36 21 19 26 9 10 12 26 8 25 16 12 28 19 12 16 10 31 20 9 12 22 35 17 25 17 9 15 28 14 0 24 13 
26 26 12 6 49 31 24 41 41 26 29 33 40 40 21 17 37 8 13 31 41 5 18 33 18 31 22 28 37 24 25 27 36 17 29 9 5 26 29 36 13 26 38 40 33 37 22 10 24 0 28 
14 12 31 29 26 5 12 16 37 4 32 36 45 36 9 40 35 25 42 8 30 32 11 21 10 39 7 39 9 4 41 32 20 28 4 37 27 4 0 35 42 30 39 14 16 26 40 19 13 28 0 
0 327
63 161
50 148
135 233
199 297
30 128
2 100
151 249
120 218
180 278
79 177
126 224
76 174
57 155
127 225
44 142
37 135
5 103
149 247
68 166
93 191
63 161
55 153
7 105
62 160
214 312
145 243
7 105
19 117
193 291
221 319
78 176
169 267
47 145
158 256
79 177
112 210
97 195
171 269
113 211
37 135
46 144
56 154
141 239
79 177
83 181
87 185
84 182
147 245
213 311
77 175
