51
0 3 10 29 24 13 7 17 26 46 38 18 34 36 18 19 15 33 13 25 37 32 35 37 17 4 18 14 43 24 20 29 14 17 14 30 9 16 28 20 15 3 32 35 30 38 7 29 10 22 22 
3 0 12 31 21 10 7 16 29 45 37 18 35 40 22 18 19 34 15 29 38 31 38 35 13 4 17 17 42 27 23 33 15 20 15 29 6 13 32 23 13 7 34 37 30 41 6 28 14 24 25 
10 12 0 18 26 22 17 15 18 40 32 11 24 27 12 16 7 23 3 17 28 28 25 33 22 9 16 5 36 15 25 21 21 19 7 22 15 20 20 12 15 8 22 24 22 28 17 22 11 12 15 
29 31 18 0 38 41 36 26 13 35 30 17 9 13 17 25 15 10 16 10 16 28 8 35 38 27 27 14 32 10 39 12 39 31 17 19 32 35 13 13 28 27 5 6 17 10 36 21 26 7 17 
24 21 26 38 0 22 27 11 43 32 24 21 37 51 38 13 34 35 25 42 35 19 46 19 9 20 11 30 29 40 44 46 37 41 21 24 15 8 45 38 11 27 43 41 26 48 26 21 34 35 42 
13 10 22 41 22 0 9 22 39 51 43 27 45 50 31 24 29 43 25 39 47 37 48 40 12 13 22 27 48 38 26 43 17 26 24 37 10 14 42 33 18 16 45 47 38 51 8 36 22 34 35 
7 7 17 36 27 9 0 23 32 53 44 25 41 43 24 25 22 40 20 32 45 39 42 43 18 11 24 21 49 31 17 36 9 17 22 37 13 19 34 26 20 9 39 42 37 45 1 36 14 29 27 
17 16 15 26 11 22 23 0 32 29 21 9 26 39 27 2 23 24 14 30 26 15 35 19 13 13 1 19 26 29 38 34 31 33 10 15 11 10 34 26 3 19 31 30 16 36 22 13 25 23 31 
26 29 18 13 43 39 32 32 0 47 42 23 22 11 8 31 10 23 17 2 29 39 12 45 40 26 32 13 44 3 29 3 31 21 21 30 33 38 2 6 32 23 11 18 29 16 32 32 18 9 6 
46 45 40 35 32 51 53 29 47 0 8 29 27 47 47 27 43 24 36 45 19 14 41 13 40 42 28 40 3 44 65 47 60 59 33 17 41 37 48 45 33 47 39 32 18 40 52 17 51 38 50 
38 37 32 30 24 43 44 21 42 8 0 21 24 44 41 19 37 21 29 40 17 5 38 6 32 33 20 33 5 39 57 42 52 51 25 11 32 29 43 39 24 39 35 29 13 38 43 10 43 32 44 
18 18 11 17 21 27 25 9 23 29 21 0 18 29 20 8 16 16 7 21 19 17 25 23 21 14 9 12 25 20 36 25 31 30 3 12 17 18 25 19 11 18 22 21 11 27 24 11 22 14 24 
34 35 24 9 37 45 41 26 22 27 24 18 0 20 25 24 23 2 21 20 7 23 14 30 39 31 27 21 25 19 47 21 46 39 20 14 35 36 22 22 29 33 12 5 12 13 41 17 33 15 26 
36 40 27 13 51 50 43 39 11 47 44 29 20 0 19 38 21 22 26 11 28 42 5 48 49 36 39 22 45 12 40 7 43 33 29 33 42 47 9 16 40 34 8 14 31 8 43 35 30 16 17 
18 22 12 17 38 31 24 27 8 47 41 20 25 19 0 27 4 26 13 8 32 37 19 43 34 19 28 8 44 7 22 11 23 14 17 30 26 32 10 3 27 15 17 23 28 23 24 31 10 10 3 
19 18 16 25 13 24 25 2 31 27 19 8 24 38 27 0 23 22 14 29 24 13 33 18 15 14 2 19 24 28 39 33 33 34 9 13 13 12 33 26 5 20 30 28 14 35 24 11 26 22 31 
15 19 7 15 34 29 22 23 10 43 37 16 23 21 4 23 0 23 8 10 29 33 20 39 30 16 24 3 40 8 24 14 23 16 13 26 22 28 13 4 22 13 17 22 25 23 22 26 10 8 8 
33 34 23 10 35 43 40 24 23 24 21 16 2 22 26 22 23 0 20 21 6 21 16 27 37 30 24 21 22 20 47 23 45 39 19 12 33 34 23 22 27 32 14 8 9 16 40 14 33 15 27 
13 15 3 16 25 25 20 14 17 36 29 7 21 26 13 14 8 20 0 16 24 25 23 31 23 11 15 5 33 15 28 20 25 22 4 19 16 20 20 12 14 12 20 21 18 26 20 19 14 10 16 
25 29 17 10 42 39 32 30 2 45 40 21 20 11 8 29 10 21 16 0 27 37 11 43 39 26 31 12 42 1 31 4 32 22 20 28 32 37 3 5 30 23 9 16 26 14 32 30 19 7 7 
37 38 28 16 35 47 45 26 29 19 17 19 7 28 32 24 29 6 24 27 0 18 22 24 39 34 26 26 17 27 53 29 50 45 23 11 36 36 30 29 29 37 20 13 9 21 44 13 38 21 33 
32 31 28 28 19 37 39 15 39 14 5 17 23 42 37 13 33 21 25 37 18 0 37 6 26 28 14 29 10 36 52 40 47 47 20 9 27 23 40 35 18 34 33 29 11 37 38 7 39 29 40 
35 38 25 8 46 48 42 35 12 41 38 25 14 5 19 33 20 16 23 11 22 37 0 43 46 34 35 20 39 12 42 9 43 34 26 27 40 43 11 16 36 33 3 8 25 3 42 29 30 13 18 
37 35 33 35 19 40 43 19 45 13 6 23 30 48 43 18 39 27 31 43 24 6 43 0 28 33 18 35 10 42 57 46 51 52 26 15 30 25 47 41 22 39 40 35 17 43 42 13 44 35 47 
17 13 22 38 9 12 18 13 40 40 32 21 39 49 34 15 30 37 23 39 39 26 46 28 0 14 13 27 37 38 36 43 28 34 20 29 7 3 43 34 10 20 42 42 30 48 17 27 28 33 37 
4 4 9 27 20 13 11 13 26 42 33 14 31 36 19 14 16 30 11 26 34 28 34 33 14 0 14 14 38 24 24 30 18 21 11 26 6 13 29 20 10 6 31 33 26 37 10 25 13 21 23 
18 17 16 27 11 22 24 1 32 28 20 9 27 39 28 2 24 24 15 31 26 14 35 18 13 14 0 20 25 30 39 35 32 34 11 15 12 10 35 27 4 20 32 30 16 37 23 13 26 23 32 
14 17 5 14 30 27 21 19 13 40 33 12 21 22 8 19 3 21 5 12 26 29 20 35 27 14 20 0 37 10 26 16 24 19 9 23 20 25 15 7 19 12 17 20 21 23 21 23 12 7 11 
43 42 36 32 29 48 49 26 44 3 5 25 25 45 44 24 40 22 33 42 17 10 39 10 37 38 25 37 0 41 62 45 57 55 29 14 37 34 45 42 29 43 36 30 15 38 48 14 48 35 47 
24 27 15 10 40 38 31 29 3 44 39 20 19 12 7 28 8 20 15 1 27 36 12 42 38 24 30 10 41 0 30 5 31 22 19 27 31 36 4 4 29 22 10 16 25 15 31 29 18 6 7 
20 23 25 39 44 26 17 38 29 65 57 36 47 40 22 39 24 47 28 31 53 52 42 57 36 24 39 26 62 30 0 33 8 8 32 48 29 36 31 26 35 18 40 46 47 46 18 47 14 32 23 
29 33 21 12 46 43 36 34 3 47 42 25 21 7 11 33 14 23 20 4 29 40 9 46 43 30 35 16 45 5 33 0 35 25 24 31 36 41 1 9 35 27 9 16 29 13 36 33 22 11 9 
14 15 21 39 37 17 9 31 31 60 52 31 46 43 23 33 23 45 25 32 50 47 43 51 28 18 32 24 57 31 8 35 0 11 28 43 22 28 33 26 29 13 41 45 43 46 10 43 13 31 25 
17 20 19 31 41 26 17 33 21 59 51 30 39 33 14 34 16 39 22 22 45 47 34 52 34 21 34 19 55 22 8 25 11 0 26 41 27 33 23 18 31 14 32 38 40 37 18 41 7 24 15 
14 15 7 17 21 24 22 10 21 33 25 3 20 29 17 9 13 19 4 20 23 20 26 26 20 11 11 9 29 19 32 24 28 26 0 15 14 17 24 16 10 14 22 22 15 28 21 15 18 13 21 
30 29 22 19 24 37 37 15 30 17 11 12 14 33 30 13 26 12 19 28 11 9 27 15 29 26 15 23 14 27 48 31 43 41 15 0 26 25 32 27 19 30 24 20 2 28 36 2 34 21 33 
9 6 15 32 15 10 13 11 33 41 32 17 35 42 26 13 22 33 16 32 36 27 40 30 7 6 12 20 37 31 29 36 22 27 14 26 0 6 35 27 8 13 36 37 27 42 11 25 20 26 30 
16 13 20 35 8 14 19 10 38 37 29 18 36 47 32 12 28 34 20 37 36 23 43 25 3 13 10 25 34 36 36 41 28 33 17 25 6 0 40 32 7 19 40 39 27 45 18 23 27 30 36 
28 32 20 13 45 42 34 34 2 48 43 25 22 9 10 33 13 23 20 3 30 40 11 47 43 29 35 15 45 4 31 1 33 23 24 32 35 40 0 8 34 25 11 18 30 14 34 33 21 11 8 
20 23 12 13 38 33 26 26 6 45 39 19 22 16 3 26 4 22 12 5 29 35 16 41 34 20 27 7 42 4 26 9 26 18 16 27 27 32 8 0 26 17 14 19 26 19 26 28 13 7 5 
15 13 15 28 11 18 20 3 32 33 24 11 29 40 27 5 22 27 14 30 29 18 36 22 10 10 4 19 29 29 35 35 29 31 10 19 8 7 34 26 0 17 33 32 20 38 19 17 24 24 30 
3 7 8 27 27 16 9 19 23 47 39 18 33 34 15 20 13 32 12 23 37 34 33 39 20 6 20 12 43 22 18 27 13 14 14 30 13 19 25 17 17 0 30 33 30 36 9 29 7 19 19 
32 34 22 5 43 45 39 31 11 39 35 22 12 8 17 30 17 14 20 9 20 33 3 40 42 31 32 17 36 10 40 9 41 32 22 24 36 40 11 14 33 30 0 7 22 6 39 26 27 10 17 
35 37 24 6 41 47 42 30 18 32 29 21 5 14 23 28 22 8 21 16 13 29 8 35 42 33 30 20 30 16 46 16 45 38 22 20 37 39 18 19 32 33 7 0 17 8 42 22 32 13 23 
30 30 22 17 26 38 37 16 29 18 13 11 12 31 28 14 25 9 18 26 9 11 25 17 30 26 16 21 15 25 47 29 43 40 15 2 27 27 30 26 20 30 22 17 0 25 36 4 33 19 31 
38 41 28 10 48 51 45 36 16 40 38 27 13 8 23 35 23 16 26 14 21 37 3 43 48 37 37 23 38 15 46 13 46 37 28 28 42 45 14 19 38 36 6 8 25 0 45 30 33 16 22 
7 6 17 36 26 8 1 22 32 52 43 24 41 43 24 24 22 40 20 32 44 38 42 42 17 10 23 21 48 31 18 36 10 18 21 36 11 18 34 26 19 9 39 42 36 45 0 35 14 29 27 
29 28 22 21 21 36 36 13 32 17 10 11 17 35 31 11 26 14 19 30 13 7 29 13 27 25 13 23 14 29 47 33 43 41 15 2 25 23 33 28 17 29 26 22 4 30 35 0 33 22 34 
10 14 11 26 34 22 14 25 18 51 43 22 33 30 10 26 10 33 14 19 38 39 30 44 28 13 26 12 48 18 14 22 13 7 18 34 20 27 21 13 24 7 27 32 33 33 14 33 0 18 13 
22 24 12 7 35 34 29 23 9 38 32 14 15 16 10 22 8 15 10 7 21 29 13 35 33 21 23 7 35 6 32 11 31 24 13 21 26 30 11 7 24 19 10 13 19 16 29 22 18 0 12 
22 25 15 17 42 35 27 31 6 50 44 24 26 17 3 31 8 27 16 7 33 40 18 47 37 23 32 11 47 7 23 9 25 15 21 33 30 36 8 5 30 19 17 23 31 22 27 34 13 12 0 
0 273
35 171
106 242
88 224
40 176
105 241
63 199
23 159
81 217
71 207
85 221
131 267
118 254
10 146
53 189
124 260
57 193
56 192
120 256
111 247
50 186
132 268
33 169
111 247
51 187
59 195
94 230
123 259
40 176
12 148
38 174
21 157
62 198
100 236
136 272
67 203
1 137
67 203
86 222
52 188
45 181
36 172
38 174
18 154
121 257
101 237
73 209
95 231
19 155
95 231
85 221
