51
0 28 22 24 14 5 16 21 34 13 24 22 34 12 18 18 32 22 38 29 9 30 34 30 15 25 19 7 29 9 31 21 14 25 41 15 21 26 30 9 17 9 32 21 25 13 26 25 34 3 23 
28 0 21 27 14 32 32 22 22 39 4 21 11 17 28 18 13 22 13 37 36 32 7 8 13 26 30 21 22 28 3 19 14 43 18 21 8 1 25 35 29 27 17 28 8 16 22 38 23 26 7 
22 21 0 38 18 28 36 1 12 27 18 0 18 22 36 28 14 0 35 47 31 45 29 16 18 4 37 21 39 15 24 2 15 46 40 29 21 20 41 24 10 29 36 37 13 20 4 45 11 23 22 
24 27 38 0 19 23 11 38 46 36 25 37 38 16 6 9 38 38 27 10 24 6 28 34 19 43 6 19 9 32 27 36 23 18 27 9 20 26 8 33 38 14 17 3 31 17 41 11 46 20 20 
14 14 18 19 0 18 20 18 26 26 10 18 21 4 18 10 20 18 24 29 22 26 20 18 0 23 20 7 20 17 16 16 3 31 27 11 6 12 23 22 21 14 20 19 12 2 21 28 26 12 8 
5 32 28 23 18 0 13 27 40 14 28 28 39 15 17 19 37 27 41 26 3 29 38 35 19 31 17 11 30 14 35 27 19 20 43 16 25 31 30 11 22 8 34 19 30 16 32 22 39 6 26 
16 32 36 11 20 13 0 36 46 27 29 36 41 15 5 14 41 36 36 13 14 16 35 38 20 40 4 15 20 26 33 34 22 10 37 10 24 31 19 24 33 7 27 7 33 17 40 9 46 14 25 
21 22 1 38 18 27 36 0 13 25 19 1 19 22 35 28 16 0 35 47 30 44 30 17 18 4 37 20 39 14 25 3 15 46 40 29 21 20 41 22 9 28 37 37 14 20 5 44 12 22 23 
34 22 12 46 26 40 46 13 0 39 21 12 12 31 45 36 9 13 34 56 43 52 28 13 26 12 46 31 44 28 24 13 23 57 39 37 26 21 47 36 22 39 39 45 15 29 8 54 2 34 26 
13 39 27 36 26 14 27 25 39 0 35 26 43 26 31 31 40 26 50 40 13 43 46 40 27 28 31 20 43 12 42 27 25 32 54 28 33 38 44 4 17 22 46 33 34 26 30 35 38 16 35 
24 4 18 25 10 28 29 19 21 35 0 17 12 14 26 16 12 18 16 36 32 31 11 9 9 23 28 17 22 24 7 15 10 40 21 19 5 2 26 31 25 24 18 26 5 12 19 36 22 22 5 
22 21 0 37 18 28 36 1 12 26 17 0 18 21 35 28 14 0 34 47 31 44 28 16 18 5 37 20 38 15 24 2 14 46 39 28 20 19 40 23 10 28 36 36 13 20 4 44 11 23 22 
34 11 18 38 21 39 41 19 12 43 12 18 0 26 38 28 3 19 21 48 43 43 15 3 21 21 40 28 34 30 12 16 20 52 27 31 18 11 37 39 28 35 28 38 8 24 16 48 14 32 17 
12 17 22 16 4 15 15 22 31 26 14 21 26 0 13 6 25 22 25 25 19 22 22 22 4 27 15 5 18 18 19 20 7 26 28 6 9 16 20 21 23 10 20 14 17 1 25 23 31 9 11 
18 28 36 6 18 17 5 35 45 31 26 35 38 13 0 10 38 35 31 11 18 11 31 35 18 40 1 15 15 27 29 33 21 14 32 7 20 28 14 27 34 9 21 2 30 15 39 9 45 15 21 
18 18 28 9 10 19 14 28 36 31 16 28 28 6 10 0 29 28 22 20 22 16 21 25 10 33 11 11 11 24 19 26 13 24 24 4 10 17 13 27 30 11 14 10 21 8 31 19 36 14 11 
32 13 14 38 20 37 41 16 9 40 12 14 3 25 38 29 0 15 24 49 41 44 18 4 20 17 40 27 35 27 15 13 18 52 30 31 18 12 38 36 25 34 30 39 7 23 12 48 11 31 18 
22 22 0 38 18 27 36 0 13 26 18 0 19 22 35 28 15 0 35 47 31 44 29 17 18 5 37 20 38 14 25 2 15 46 40 28 21 20 41 23 9 28 36 36 13 20 4 44 12 22 22 
38 13 35 27 24 41 36 35 34 50 16 34 21 25 31 22 24 35 0 37 44 30 5 20 23 39 33 30 19 40 10 32 25 46 5 26 17 15 22 46 42 34 11 30 21 25 35 39 35 35 15 
29 37 47 10 29 26 13 47 56 40 36 47 48 25 11 20 49 47 37 0 27 8 38 45 29 52 10 27 18 39 38 45 32 13 36 18 30 37 15 37 46 20 26 10 41 27 50 5 56 26 31 
9 36 31 24 22 3 14 30 43 13 32 31 43 19 18 22 41 31 44 27 0 30 41 39 23 34 18 15 32 17 39 30 23 18 47 18 28 35 32 12 25 11 37 21 34 20 35 22 43 10 30 
30 32 45 6 26 29 16 44 52 43 31 44 43 22 11 16 44 44 30 8 30 0 31 40 26 49 11 26 10 39 32 42 29 20 28 16 25 32 7 39 45 21 18 9 36 24 47 12 52 27 25 
34 7 29 28 20 38 35 30 28 46 11 28 15 22 31 21 18 29 5 38 41 31 0 14 19 33 32 27 21 35 4 26 21 45 11 25 13 9 24 42 36 31 13 29 15 21 29 39 30 32 11 
30 8 16 34 18 35 38 17 13 40 9 16 3 22 35 25 4 17 20 45 39 40 14 0 17 20 37 24 31 27 10 14 16 49 26 28 14 8 34 36 26 32 26 35 5 20 15 45 15 29 14 
15 13 18 19 0 19 20 18 26 27 9 18 21 4 18 10 20 18 23 29 23 26 19 17 0 23 20 8 20 17 15 16 3 31 26 11 6 11 22 23 21 14 20 19 12 3 21 28 26 13 8 
25 26 4 43 23 31 40 4 12 28 23 5 21 27 40 33 17 5 39 52 34 49 33 20 23 0 41 25 43 17 29 7 20 50 44 33 26 24 46 25 10 33 41 41 17 25 4 49 10 27 27 
19 30 37 6 20 17 4 37 46 31 28 37 40 15 1 11 40 37 33 10 18 11 32 37 20 41 0 16 16 28 31 35 22 13 33 8 22 29 14 28 36 10 23 3 32 17 40 8 46 16 23 
7 21 21 19 7 11 15 20 31 20 17 20 28 5 15 11 27 20 30 27 15 26 27 24 8 25 16 0 23 13 23 19 8 26 33 9 13 19 24 16 19 8 25 17 19 5 24 24 31 4 15 
29 22 39 9 20 30 20 39 44 43 22 38 34 18 15 11 35 38 19 18 32 10 21 31 20 43 16 23 0 36 22 36 24 28 18 14 18 23 3 39 41 21 8 12 28 19 40 20 45 26 17 
9 28 15 32 17 14 26 14 28 12 24 15 30 18 27 24 27 14 40 39 17 39 35 27 17 17 28 13 36 0 31 15 14 34 44 23 23 26 38 8 7 18 37 29 22 17 19 35 26 12 25 
31 3 24 27 16 35 33 25 24 42 7 24 12 19 29 19 15 25 10 38 39 32 4 10 15 29 31 23 22 31 0 22 17 44 15 23 10 5 25 38 32 29 15 29 11 18 24 38 26 28 8 
21 19 2 36 16 27 34 3 13 27 15 2 16 20 33 26 13 2 32 45 30 42 26 14 16 7 35 19 36 15 22 0 12 45 37 26 18 17 38 23 11 27 34 34 11 18 5 43 12 21 20 
14 14 15 23 3 19 22 15 23 25 10 14 20 7 21 13 18 15 25 32 23 29 21 16 3 20 22 8 24 14 17 12 0 33 29 14 8 12 26 21 18 16 23 22 11 5 18 30 24 12 10 
25 43 46 18 31 20 10 46 57 32 40 46 52 26 14 24 52 46 46 13 18 20 45 49 31 50 13 26 28 34 44 45 33 0 46 21 35 42 26 30 42 17 35 16 44 28 50 7 57 23 36 
41 18 40 27 27 43 37 40 39 54 21 39 27 28 32 24 30 40 5 36 47 28 11 26 26 44 33 33 18 44 15 37 29 46 0 28 21 20 20 50 47 36 10 30 26 28 40 39 41 38 19 
15 21 29 9 11 16 10 29 37 28 19 28 31 6 7 4 31 28 26 18 18 16 25 28 11 33 8 9 14 23 23 26 14 21 28 0 13 21 15 24 29 7 18 7 23 8 32 16 38 11 14 
21 8 21 20 6 25 24 21 26 33 5 20 18 9 20 10 18 21 17 30 28 25 13 14 6 26 22 13 18 23 10 18 8 35 21 13 0 7 20 29 26 19 15 20 10 8 23 30 27 18 1 
26 1 20 26 12 31 31 20 21 38 2 19 11 16 28 17 12 20 15 37 35 32 9 8 11 24 29 19 23 26 5 17 12 42 20 21 7 0 26 33 27 26 18 27 6 14 20 37 22 24 6 
30 25 41 8 23 30 19 41 47 44 26 40 37 20 14 13 38 41 22 15 32 7 24 34 22 46 14 24 3 38 25 38 26 26 20 15 20 26 0 40 43 22 11 11 31 21 43 18 48 27 20 
9 35 24 33 22 11 24 22 36 4 31 23 39 21 27 27 36 23 46 37 12 39 42 36 23 25 28 16 39 8 38 23 21 30 50 24 29 33 40 0 15 18 42 30 30 21 28 33 35 12 31 
17 29 10 38 21 22 33 9 22 17 25 10 28 23 34 30 25 9 42 46 25 45 36 26 21 10 36 19 41 7 32 11 18 42 47 29 26 27 43 15 0 26 41 36 21 22 13 42 21 19 28 
9 27 29 14 14 8 7 28 39 22 24 28 35 10 9 11 34 28 34 20 11 21 31 32 14 33 10 8 21 18 29 27 16 17 36 7 19 26 22 18 26 0 26 11 27 11 32 16 39 6 20 
32 17 36 17 20 34 27 37 39 46 18 36 28 20 21 14 30 36 11 26 37 18 13 26 20 41 23 25 8 37 15 34 23 35 10 18 15 18 11 42 41 26 0 20 24 20 38 28 41 29 14 
21 28 37 3 19 19 7 37 45 33 26 36 38 14 2 10 39 36 30 10 21 9 29 35 19 41 3 17 12 29 29 34 22 16 30 7 20 27 11 30 36 11 20 0 31 16 40 9 46 17 21 
25 8 13 31 12 30 33 14 15 34 5 13 8 17 30 21 7 13 21 41 34 36 15 5 12 17 32 19 28 22 11 11 11 44 26 23 10 6 31 30 21 27 24 31 0 15 13 40 16 23 11 
13 16 20 17 2 16 17 20 29 26 12 20 24 1 15 8 23 20 25 27 20 24 21 20 3 25 17 5 19 17 18 18 5 28 28 8 8 14 21 21 22 11 20 16 15 0 23 25 29 10 10 
26 22 4 41 21 32 40 5 8 30 19 4 16 25 39 31 12 4 35 50 35 47 29 15 21 4 40 24 40 19 24 5 18 50 40 32 23 20 43 28 13 32 38 40 13 23 0 48 7 27 24 
25 38 45 11 28 22 9 44 54 35 36 44 48 23 9 19 48 44 39 5 22 12 39 45 28 49 8 24 20 35 38 43 30 7 39 16 30 37 18 33 42 16 28 9 40 25 48 0 54 23 31 
34 23 11 46 26 39 46 12 2 38 22 11 14 31 45 36 11 12 35 56 43 52 30 15 26 10 46 31 45 26 26 12 24 57 41 38 27 22 48 35 21 39 41 46 16 29 7 54 0 34 27 
3 26 23 20 12 6 14 22 34 16 22 23 32 9 15 14 31 22 35 26 10 27 32 29 13 27 16 4 26 12 28 21 12 23 38 11 18 24 27 12 19 6 29 17 23 10 27 23 34 0 20 
23 7 22 20 8 26 25 23 26 35 5 22 17 11 21 11 18 22 15 31 30 25 11 14 8 27 23 15 17 25 8 20 10 36 19 14 1 6 20 31 28 20 14 21 11 10 24 31 27 20 0 
0 792
355 513
81 239
358 516
195 353
619 777
461 619
505 663
415 573
34 192
158 316
599 757
336 494
168 326
610 768
586 744
272 430
180 338
599 757
532 690
581 739
153 311
268 426
39 197
51 209
456 614
465 623
521 679
52 210
113 271
171 329
228 386
631 789
42 200
216 374
417 575
516 674
376 534
630 788
583 741
102 260
416 574
526 684
4 162
323 481
170 328
596 754
591 749
587 745
185 343
526 684
