51
0 22 15 18 27 38 22 35 25 4 23 41 22 18 12 23 17 20 24 27 17 11 21 20 44 17 7 3 12 28 8 25 34 11 12 20 27 18 29 18 32 15 7 6 17 19 3 24 20 18 9 
22 0 26 23 18 50 45 38 17 18 20 37 44 40 13 45 5 39 45 46 10 14 7 1 36 39 20 26 27 46 13 10 24 13 11 2 28 40 42 40 32 9 26 18 39 35 25 5 12 4 24 
15 26 0 6 19 24 27 20 18 15 13 28 25 22 13 26 20 15 22 21 27 23 30 24 32 20 22 15 4 20 17 23 26 22 15 24 14 26 15 24 19 25 22 10 25 9 16 31 17 23 6 
18 23 6 0 13 27 33 17 12 17 7 23 32 29 11 33 18 21 28 27 27 24 28 21 26 27 25 19 10 26 17 18 19 23 14 21 8 32 18 30 13 24 26 12 31 14 20 29 12 21 11 
27 18 19 13 0 38 46 21 1 24 6 18 45 41 15 46 15 35 42 40 26 27 25 17 18 39 30 29 23 39 21 8 7 26 17 17 12 44 31 42 14 24 34 20 42 28 30 23 7 19 23 
38 50 24 27 38 0 36 20 37 39 32 32 33 33 37 34 44 21 24 19 52 48 55 48 38 31 46 36 26 16 42 45 40 47 40 48 26 38 9 36 26 50 44 35 39 18 37 55 39 48 29 
22 45 27 33 46 36 0 45 45 26 40 55 2 4 33 1 40 15 11 17 39 33 43 43 59 6 27 18 23 20 31 47 53 33 34 42 41 5 29 4 45 37 20 27 7 22 19 47 41 40 23 
35 38 20 17 21 20 45 0 21 34 17 12 43 41 28 44 33 29 36 32 44 42 44 36 18 38 42 35 24 29 35 30 21 41 31 37 10 45 18 42 7 41 43 30 44 22 37 43 26 37 27 
25 17 18 12 1 37 45 21 0 22 5 19 43 40 14 44 14 34 40 39 25 26 25 16 19 38 29 28 22 38 20 8 8 25 15 17 11 42 30 41 14 23 33 19 41 27 28 23 6 18 21 
4 18 15 17 24 39 26 34 22 0 20 39 26 22 8 27 13 23 28 30 14 9 18 16 41 21 7 7 13 31 4 21 31 8 8 16 26 22 30 22 31 12 10 4 21 21 7 21 17 13 10 
23 20 13 7 6 32 40 17 5 20 0 19 39 36 12 40 15 28 35 34 26 25 27 18 21 33 27 25 17 33 19 13 12 24 15 19 7 38 24 36 11 24 30 16 37 22 25 26 8 19 17 
41 37 28 23 18 32 55 12 19 39 19 0 53 51 31 54 33 40 47 44 45 45 44 36 5 48 47 43 32 42 38 27 14 44 34 36 14 54 30 52 9 43 49 35 53 33 43 42 26 37 34 
22 44 25 32 45 33 2 43 43 26 39 53 0 3 32 1 39 13 9 14 39 33 43 43 57 5 27 18 21 17 30 46 51 32 33 42 39 6 27 4 43 37 21 26 8 20 19 47 40 40 22 
18 40 22 29 41 33 4 41 40 22 36 51 3 0 28 4 36 12 10 15 35 29 40 39 55 2 23 14 18 18 27 42 48 29 30 38 37 5 26 2 41 34 17 22 5 18 15 43 36 36 18 
12 13 13 11 15 37 33 28 14 8 12 31 32 28 0 33 7 26 31 32 15 13 17 11 33 27 15 15 13 33 6 13 23 12 3 11 19 30 28 29 24 13 19 6 28 21 15 18 8 10 11 
23 45 26 33 46 34 1 44 44 27 40 54 1 4 33 0 40 14 9 15 40 34 44 43 58 6 27 19 22 18 31 47 52 33 34 43 40 7 28 5 44 38 21 27 8 21 20 48 41 41 23 
17 5 20 18 15 44 40 33 14 13 15 33 39 36 7 40 0 34 39 40 11 12 11 4 34 34 17 21 21 40 9 8 22 12 5 3 23 36 36 35 27 9 23 13 34 29 21 10 7 4 19 
20 39 15 21 35 21 15 29 34 23 28 40 13 12 26 14 34 0 6 6 38 32 41 38 45 10 28 17 12 7 27 38 40 31 28 37 27 17 13 14 31 35 24 21 17 7 19 43 32 36 14 
24 45 22 28 42 24 11 36 40 28 35 47 9 10 31 9 39 6 0 5 42 36 46 43 52 8 31 20 18 8 32 44 47 35 33 43 34 15 19 12 38 40 26 26 15 14 22 48 38 41 20 
27 46 21 27 40 19 17 32 39 30 34 44 14 15 32 15 40 6 5 0 44 39 48 44 49 14 34 23 19 3 34 44 46 38 35 44 32 20 14 17 35 42 30 27 21 12 25 50 38 42 21 
17 10 27 27 26 52 39 44 25 14 26 45 39 35 15 40 11 38 42 44 0 6 4 10 45 35 12 21 27 45 10 19 33 6 12 9 34 34 43 35 38 2 19 17 32 35 20 9 19 7 24 
11 14 23 24 27 48 33 42 26 9 25 45 33 29 13 34 12 32 36 39 6 0 10 13 46 28 6 15 22 40 6 21 34 1 10 12 32 28 39 28 37 5 13 13 26 30 14 14 19 10 19 
21 7 30 28 25 55 43 44 25 18 27 44 43 40 17 44 11 41 46 48 4 10 0 8 44 39 17 25 30 49 13 17 32 10 14 8 34 39 46 39 38 6 23 20 37 38 24 4 19 7 27 
20 1 24 21 17 48 43 36 16 16 18 36 43 39 11 43 4 38 43 44 10 13 8 0 35 38 19 24 25 44 12 9 23 13 9 0 26 39 40 39 30 9 25 17 37 33 24 7 10 3 23 
44 36 32 26 18 38 59 18 19 41 21 5 57 55 33 58 34 45 52 49 45 46 44 35 0 52 48 45 36 47 40 26 12 45 35 36 18 58 35 56 14 43 52 37 57 38 46 41 26 37 37 
17 39 20 27 39 31 6 38 38 21 33 48 5 2 27 6 34 10 8 14 35 28 39 38 52 0 23 13 16 16 25 40 46 28 28 37 34 7 24 4 39 33 17 21 7 16 14 42 34 35 16 
7 20 22 25 30 46 27 42 29 7 27 47 27 23 15 27 17 28 31 34 12 6 17 19 48 23 0 10 20 35 8 26 38 6 13 18 33 22 36 22 38 11 6 12 20 27 9 21 23 16 16 
3 26 15 19 29 36 18 35 28 7 25 43 18 14 15 19 21 17 20 23 21 15 25 24 45 13 10 0 11 25 12 28 37 14 15 24 28 15 27 14 33 19 7 9 13 17 1 28 23 21 8 
12 27 4 10 23 26 23 24 22 13 17 32 21 18 13 22 21 12 18 19 27 22 30 25 36 16 20 11 0 19 16 26 29 21 16 25 18 22 16 19 23 24 19 9 20 8 12 31 19 24 3 
28 46 20 26 39 16 20 29 38 31 33 42 17 18 33 18 40 7 8 3 45 40 49 44 47 16 35 25 19 0 35 44 44 39 35 44 30 23 11 20 33 43 32 28 23 11 26 51 38 43 22 
8 13 17 17 21 42 31 35 20 4 19 38 30 27 6 31 9 27 32 34 10 6 13 12 40 25 8 12 16 35 0 17 29 5 4 11 25 27 33 26 30 8 13 6 25 24 11 16 14 9 13 
25 10 23 18 8 45 47 30 8 21 13 27 46 42 13 47 8 38 44 44 19 21 17 9 26 40 26 28 26 44 17 0 14 21 13 9 20 43 37 42 23 18 31 19 42 32 28 14 6 11 24 
34 24 26 19 7 40 53 21 8 31 12 14 51 48 23 52 22 40 47 46 33 34 32 23 12 46 38 37 29 44 29 14 0 33 24 24 14 51 34 49 14 31 42 28 49 33 37 29 15 25 29 
11 13 22 23 26 47 33 41 25 8 24 44 32 29 12 33 12 31 35 38 6 1 10 13 45 28 6 14 21 39 5 21 33 0 9 12 31 28 38 28 36 5 13 12 26 29 13 14 18 9 18 
12 11 15 14 17 40 34 31 15 8 15 34 33 30 3 34 5 28 33 35 12 10 14 9 35 28 13 15 16 35 4 13 24 9 0 9 22 30 31 30 26 9 18 7 29 24 15 15 9 7 13 
20 2 24 21 17 48 42 37 17 16 19 36 42 38 11 43 3 37 43 44 9 12 8 0 36 37 18 24 25 44 11 9 24 12 9 0 26 38 40 38 30 8 24 16 37 33 23 7 10 2 22 
27 28 14 8 12 26 41 10 11 26 7 14 39 37 19 40 23 27 34 32 34 32 34 26 18 34 33 28 18 30 25 20 14 31 22 26 0 40 20 38 5 31 35 21 39 20 29 33 15 27 20 
18 40 26 32 44 38 5 45 42 22 38 54 6 5 30 7 36 17 15 20 34 28 39 39 58 7 22 15 22 23 27 43 51 28 30 38 40 0 31 2 45 33 15 23 1 22 15 43 38 36 21 
29 42 15 18 31 9 29 18 30 30 24 30 27 26 28 28 36 13 19 14 43 39 46 40 35 24 36 27 16 11 33 37 34 38 31 40 20 31 0 28 22 41 35 26 31 9 28 47 31 39 20 
18 40 24 30 42 36 4 42 41 22 36 52 4 2 29 5 35 14 12 17 35 28 39 39 56 4 22 14 19 20 26 42 49 28 30 38 38 2 28 0 42 33 16 22 3 20 15 43 37 36 19 
32 32 19 13 14 26 45 7 14 31 11 9 43 41 24 44 27 31 38 35 38 37 38 30 14 39 38 33 23 33 30 23 14 36 26 30 5 45 22 42 0 36 40 26 44 24 34 37 19 31 24 
15 9 25 24 24 50 37 41 23 12 24 43 37 34 13 38 9 35 40 42 2 5 6 9 43 33 11 19 24 43 8 18 31 5 9 8 31 33 41 33 36 0 18 15 31 32 18 9 17 6 21 
7 26 22 26 34 44 20 43 33 10 30 49 21 17 19 21 23 24 26 30 19 13 23 25 52 17 6 7 19 32 13 31 42 13 18 24 35 15 35 16 40 18 0 14 13 25 6 27 27 22 16 
6 18 10 12 20 35 27 30 19 4 16 35 26 22 6 27 13 21 26 27 17 13 20 17 37 21 12 9 9 28 6 19 28 12 7 16 21 23 26 22 26 15 14 0 22 17 9 22 14 15 6 
17 39 25 31 42 39 7 44 41 21 37 53 8 5 28 8 34 17 15 21 32 26 37 37 57 7 20 13 20 23 25 42 49 26 29 37 39 1 31 3 44 31 13 22 0 22 13 41 36 34 20 
19 35 9 14 28 18 22 22 27 21 22 33 20 18 21 21 29 7 14 12 35 30 38 33 38 16 27 17 8 11 24 32 33 29 24 33 20 22 9 20 24 32 25 17 22 0 19 39 26 32 11 
3 25 16 20 30 37 19 37 28 7 25 43 19 15 15 20 21 19 22 25 20 14 24 24 46 14 9 1 12 26 11 28 37 13 15 23 29 15 28 15 34 18 6 9 13 19 0 28 23 21 10 
24 5 31 29 23 55 47 43 23 21 26 42 47 43 18 48 10 43 48 50 9 14 4 7 41 42 21 28 31 51 16 14 29 14 15 7 33 43 47 43 37 9 27 22 41 39 28 0 17 7 29 
20 12 17 12 7 39 41 26 6 17 8 26 40 36 8 41 7 32 38 38 19 19 19 10 26 34 23 23 19 38 14 6 15 18 9 10 15 38 31 37 19 17 27 14 36 26 23 17 0 11 18 
18 4 23 21 19 48 40 37 18 13 19 37 40 36 10 41 4 36 41 42 7 10 7 3 37 35 16 21 24 43 9 11 25 9 7 2 27 36 39 36 31 6 22 15 34 32 21 7 11 0 21 
9 24 6 11 23 29 23 27 21 10 17 34 22 18 11 23 19 14 20 21 24 19 27 23 37 16 16 8 3 22 13 24 29 18 13 22 20 21 20 19 24 21 16 6 20 11 10 29 18 21 0 
0 573
79 250
6 177
100 271
168 339
273 444
310 481
106 277
59 230
150 321
390 561
4 175
136 307
246 417
326 497
169 340
128 299
38 209
370 541
291 462
149 320
354 525
256 427
236 407
290 461
217 388
232 403
0 171
278 449
214 385
88 259
294 465
367 538
176 347
56 227
176 347
92 263
181 352
103 274
164 335
396 567
195 366
363 534
291 462
134 305
202 373
141 312
199 370
342 513
15 186
308 479
