51
0 22 19 10 30 16 32 29 5 27 34 19 28 3 23 30 32 32 29 21 23 11 34 13 37 21 8 43 18 10 6 28 33 6 31 25 27 24 9 9 21 25 19 32 24 25 26 38 23 11 15 
22 0 36 32 44 37 9 15 20 5 15 18 16 20 1 40 17 44 13 19 20 33 47 22 32 24 17 29 12 13 26 26 11 28 9 41 33 30 26 28 20 28 3 26 14 27 8 21 6 31 33 
19 36 0 19 10 10 46 48 25 41 42 38 33 23 37 14 50 14 47 22 24 13 14 33 33 18 27 45 37 29 22 24 48 18 42 5 16 15 27 25 21 19 33 30 30 19 36 43 35 24 4 
10 32 19 0 30 10 42 37 12 38 44 24 38 12 33 33 40 34 38 29 32 6 34 17 45 29 16 53 26 19 6 36 43 4 41 23 32 29 10 7 29 32 29 40 34 32 36 48 34 5 15 
30 44 10 30 0 19 53 57 36 48 46 49 37 33 44 8 59 6 56 27 28 24 4 44 32 22 38 46 46 39 32 26 56 29 49 6 15 16 38 35 26 20 40 31 35 21 43 47 41 35 15 
16 37 10 10 19 0 47 45 20 42 46 34 38 19 38 24 48 24 45 28 30 5 24 27 41 25 23 51 34 26 15 32 48 11 44 13 26 24 20 17 27 27 33 37 34 27 39 48 37 16 7 
32 9 46 42 53 47 0 15 30 5 14 25 20 29 9 48 15 52 11 27 27 43 55 30 35 32 26 28 18 22 36 32 3 38 6 51 41 38 35 37 28 36 13 31 20 34 11 19 11 41 42 
29 15 48 37 57 45 15 0 25 17 28 14 31 26 16 54 2 58 3 34 35 40 60 21 47 39 22 43 11 19 31 42 13 34 20 53 48 44 28 31 35 43 18 42 30 42 23 34 21 35 43 
5 20 25 12 36 20 30 25 0 26 34 13 30 3 22 36 27 38 25 24 27 15 40 8 41 26 3 45 13 7 6 32 30 9 30 30 32 29 5 7 24 30 18 35 26 29 26 39 23 11 20 
27 5 41 38 48 42 5 17 26 0 11 23 15 26 4 43 17 47 13 21 21 38 50 28 31 27 23 26 17 19 32 27 8 34 3 45 36 32 31 34 22 30 8 26 15 29 6 17 6 37 38 
34 15 42 44 46 46 14 28 34 11 0 34 9 33 14 40 29 44 25 19 18 43 48 38 22 24 31 14 28 28 39 22 17 40 8 46 32 30 40 42 20 27 16 19 12 25 7 5 10 45 40 
19 18 38 24 49 34 25 14 13 23 34 0 34 15 20 48 16 51 16 32 34 29 52 7 48 35 11 48 6 10 19 40 24 22 27 44 43 40 14 18 33 40 19 42 31 39 27 40 24 21 34 
28 16 33 38 37 38 20 31 30 15 9 34 0 28 15 30 33 35 29 10 9 36 38 35 15 15 28 15 27 25 34 13 23 34 14 37 23 20 36 37 11 17 14 11 4 16 9 10 10 40 31 
3 20 23 12 33 19 29 26 3 26 33 15 28 0 21 33 29 35 26 22 24 14 37 11 38 23 4 43 15 7 6 29 31 8 29 28 29 26 8 9 22 27 17 33 24 26 25 37 22 12 18 
23 1 37 33 44 38 9 16 22 4 14 20 15 21 0 40 18 44 13 19 19 34 47 24 31 24 19 28 13 15 28 25 11 29 8 42 33 30 27 29 20 28 4 25 13 27 6 19 4 33 33 
30 40 14 33 8 24 48 54 36 43 40 48 30 33 40 0 56 4 52 21 22 27 8 44 23 16 37 38 45 37 34 18 51 31 43 13 7 10 39 38 20 13 36 23 28 14 37 39 36 38 18 
32 17 50 40 59 48 15 2 27 17 29 16 33 29 18 56 0 60 4 36 37 43 62 24 48 41 24 43 14 22 34 43 12 37 20 55 50 47 31 34 37 45 20 43 31 44 24 34 22 37 46 
32 44 14 34 6 24 52 58 38 47 44 51 35 35 44 4 60 0 56 25 26 28 3 46 27 20 40 42 48 40 36 22 55 32 47 12 12 14 41 39 24 17 40 27 33 18 41 44 40 39 19 
29 13 47 38 56 45 11 3 25 13 25 16 29 26 13 52 4 56 0 32 33 41 59 23 44 37 22 40 12 19 32 39 9 35 16 52 46 43 29 32 33 41 16 39 27 40 20 31 18 36 43 
21 19 22 29 27 28 27 34 24 21 19 32 10 22 19 21 36 25 32 0 2 26 28 31 16 5 23 23 27 21 27 7 30 25 22 26 14 11 30 30 1 9 16 11 7 7 15 21 15 32 21 
23 20 24 32 28 30 27 35 27 21 18 34 9 24 19 22 37 26 33 2 0 29 29 33 14 6 26 21 29 24 29 6 30 28 21 28 14 11 32 32 2 9 17 8 6 7 15 19 15 35 23 
11 33 13 6 24 5 43 40 15 38 43 29 36 14 34 27 43 28 41 26 29 0 28 22 41 25 18 50 29 21 10 32 44 6 41 17 27 25 15 12 26 27 30 37 32 27 36 46 34 11 9 
34 47 14 34 4 24 55 60 40 50 48 52 38 37 47 8 62 3 59 28 29 28 0 47 31 23 41 46 50 42 36 26 58 33 51 11 15 17 42 40 27 21 43 31 36 22 44 48 44 39 19 
13 22 33 17 44 27 30 21 8 28 38 7 35 11 24 44 24 46 23 31 33 22 47 0 48 33 7 50 12 10 12 39 30 15 32 38 40 37 7 10 32 38 22 42 32 37 30 43 27 13 28 
37 32 33 45 32 41 35 47 41 31 22 48 15 38 31 23 48 27 44 16 14 41 31 48 0 16 40 15 42 37 43 9 39 41 29 35 17 17 46 46 16 14 29 5 17 13 24 19 26 48 33 
21 24 18 29 22 25 32 39 26 27 24 35 15 23 24 16 41 20 37 5 6 25 23 33 16 0 26 26 31 24 27 6 35 25 27 22 9 5 31 30 4 4 21 12 12 3 21 25 20 32 18 
8 17 27 16 38 23 26 22 3 23 31 11 28 4 19 37 24 40 22 23 26 18 41 7 40 26 0 43 10 3 10 31 27 12 27 32 33 29 8 11 24 30 15 34 24 29 24 36 21 14 23 
43 29 45 53 46 51 28 43 45 26 14 48 15 43 28 38 43 42 40 23 21 50 46 50 15 26 43 0 41 40 49 20 31 48 23 48 31 30 51 52 24 26 28 15 19 25 21 9 23 55 44 
18 12 37 26 46 34 18 11 13 17 28 6 27 15 13 45 14 48 12 27 29 29 50 12 42 31 10 41 0 8 20 35 18 23 21 42 39 36 17 20 28 35 13 36 24 34 20 33 18 24 32 
10 13 29 19 39 26 22 19 7 19 28 10 25 7 15 37 22 40 19 21 24 21 42 10 37 24 3 40 8 0 13 29 23 15 23 34 32 29 12 14 22 29 12 32 21 28 20 33 17 18 24 
6 26 22 6 32 15 36 31 6 32 39 19 34 6 28 34 34 36 32 27 29 10 36 12 43 27 10 49 20 13 0 34 37 3 36 26 32 29 5 3 27 31 24 38 30 30 32 44 29 5 17 
28 26 24 36 26 32 32 42 32 27 22 40 13 29 25 18 43 22 39 7 6 32 26 39 9 6 31 20 35 29 34 0 35 32 27 27 10 9 37 37 7 5 23 5 12 5 21 21 21 39 25 
33 11 48 43 56 48 3 13 30 8 17 24 23 31 11 51 12 55 9 30 30 44 58 30 39 35 27 31 18 23 37 35 0 39 9 53 44 41 35 38 31 39 15 34 23 37 14 22 14 42 45 
6 28 18 4 29 11 38 34 9 34 40 22 34 8 29 31 37 32 35 25 28 6 33 15 41 25 12 48 23 15 3 32 39 0 37 23 29 26 9 6 25 28 25 36 30 28 32 43 30 7 13 
31 9 42 41 49 44 6 20 30 3 8 27 14 29 8 43 20 47 16 22 21 41 51 32 29 27 27 23 21 23 36 27 9 37 0 47 36 33 35 37 23 30 11 25 14 29 6 14 7 41 40 
25 41 5 23 6 13 51 53 30 45 46 44 37 28 42 13 55 12 52 26 28 17 11 38 35 22 32 48 42 34 26 27 53 23 47 0 17 17 32 29 25 21 37 32 34 22 41 47 39 28 9 
27 33 16 32 15 26 41 48 32 36 32 43 23 29 33 7 50 12 46 14 14 27 15 40 17 9 33 31 39 32 32 10 44 29 36 17 0 3 37 36 13 5 30 15 21 6 30 32 29 36 18 
24 30 15 29 16 24 38 44 29 32 30 40 20 26 30 10 47 14 43 11 11 25 17 37 17 5 29 30 36 29 29 9 41 26 33 17 3 0 33 32 10 3 26 15 18 4 27 30 26 33 16 
9 26 27 10 38 20 35 28 5 31 40 14 36 8 27 39 31 41 29 30 32 15 42 7 46 31 8 51 17 12 5 37 35 9 35 32 37 33 0 3 30 35 24 41 32 34 32 44 29 6 22 
9 28 25 7 35 17 37 31 7 34 42 18 37 9 29 38 34 39 32 30 32 12 40 10 46 30 11 52 20 14 3 37 38 6 37 29 36 32 3 0 30 34 26 41 33 34 34 46 31 3 20 
21 20 21 29 26 27 28 35 24 22 20 33 11 22 20 20 37 24 33 1 2 26 27 32 16 4 24 24 28 22 27 7 31 25 23 25 13 10 30 30 0 8 17 11 8 7 16 21 16 32 20 
25 28 19 32 20 27 36 43 30 30 27 40 17 27 28 13 45 17 41 9 9 27 21 38 14 4 30 26 35 29 31 5 39 28 30 21 5 3 35 34 8 0 25 11 16 1 24 26 24 36 19 
19 3 33 29 40 33 13 18 18 8 16 19 14 17 4 36 20 40 16 16 17 30 43 22 29 21 15 28 13 12 24 23 15 25 11 37 30 26 24 26 17 25 0 24 12 24 8 21 5 29 29 
32 26 30 40 31 37 31 42 35 26 19 42 11 33 25 23 43 27 39 11 8 37 31 42 5 12 34 15 36 32 38 5 34 36 25 32 15 15 41 41 11 11 24 0 12 10 20 17 21 43 30 
24 14 30 34 35 34 20 30 26 15 12 31 4 24 13 28 31 33 27 7 6 32 36 32 17 12 24 19 24 21 30 12 23 30 14 34 21 18 32 33 8 16 12 12 0 14 8 14 9 35 28 
25 27 19 32 21 27 34 42 29 29 25 39 16 26 27 14 44 18 40 7 7 27 22 37 13 3 29 25 34 28 30 5 37 28 29 22 6 4 34 34 7 1 24 10 14 0 23 25 23 35 20 
26 8 36 36 43 39 11 23 26 6 7 27 9 25 6 37 24 41 20 15 15 36 44 30 24 21 24 21 20 20 32 21 14 32 6 41 30 27 32 34 16 24 8 20 8 23 0 13 2 37 34 
38 21 43 48 47 48 19 34 39 17 5 40 10 37 19 39 34 44 31 21 19 46 48 43 19 25 36 9 33 33 44 21 22 43 14 47 32 30 44 46 21 26 21 17 14 25 13 0 15 49 42 
23 6 35 34 41 37 11 21 23 6 10 24 10 22 4 36 22 40 18 15 15 34 44 27 26 20 21 23 18 17 29 21 14 30 7 39 29 26 29 31 16 24 5 21 9 23 2 15 0 34 32 
11 31 24 5 35 16 41 35 11 37 45 21 40 12 33 38 37 39 36 32 35 11 39 13 48 32 14 55 24 18 5 39 42 7 41 28 36 33 6 3 32 36 29 43 35 35 37 49 34 0 20 
15 33 4 15 15 7 42 43 20 38 40 34 31 18 33 18 46 19 43 21 23 9 19 28 33 18 23 44 32 24 17 25 45 13 40 9 18 16 22 20 20 19 29 30 28 20 34 42 32 20 0 
0 382
197 311
227 341
54 168
210 324
215 329
173 287
228 342
16 130
209 323
59 173
0 114
13 127
180 294
238 352
221 335
39 153
246 360
66 180
15 129
81 195
234 348
264 378
43 157
267 381
9 123
233 347
163 277
40 154
147 261
97 211
129 243
58 172
1 115
133 247
162 276
60 174
55 169
83 197
12 126
92 206
180 294
220 334
5 119
151 265
102 216
168 282
145 259
27 141
232 346
127 241
