51
0 15 5 46 43 4 15 45 36 15 37 42 30 36 5 17 25 36 13 15 48 30 41 38 27 37 34 20 45 8 38 24 28 5 21 49 18 17 14 47 18 15 40 31 7 11 29 32 16 28 25 
15 0 13 33 30 11 17 38 32 17 31 36 14 21 9 7 11 22 8 17 33 18 33 34 17 22 29 8 39 7 23 10 23 10 13 33 17 21 2 33 9 20 34 16 13 6 27 24 8 22 13 
5 13 0 42 38 8 9 39 30 9 31 36 27 33 6 12 22 36 14 10 45 24 35 33 28 35 28 20 39 9 36 23 22 4 23 45 12 12 11 42 19 10 34 27 1 12 23 26 17 31 20 
46 33 42 0 3 44 37 23 27 37 22 24 22 15 42 29 22 33 42 37 14 17 19 27 41 22 25 36 26 41 20 31 27 42 42 16 33 39 33 2 39 40 25 17 41 40 31 21 40 48 21 
43 30 38 3 0 41 34 22 24 33 20 22 20 14 39 26 20 32 39 33 15 13 17 25 39 21 23 34 24 38 19 29 24 38 40 17 30 36 30 5 37 36 23 15 38 37 28 18 37 46 18 
4 11 8 44 41 0 17 45 37 17 38 43 26 33 2 15 22 32 8 17 45 28 41 40 22 33 35 15 46 4 34 20 29 4 16 45 20 20 11 44 13 18 40 28 9 6 30 32 11 24 23 
15 17 9 37 34 17 0 30 21 0 23 28 28 32 14 12 22 39 22 0 43 21 27 24 34 36 20 26 31 17 36 27 14 13 30 44 4 4 14 38 26 2 25 26 8 19 14 19 24 38 18 
45 38 39 23 22 45 30 0 9 30 7 3 36 32 42 31 32 50 47 30 37 22 5 7 52 41 10 45 2 43 39 42 16 41 51 39 26 30 36 26 47 31 5 30 38 44 17 13 47 59 26 
36 32 30 27 24 37 21 9 0 21 5 6 33 32 34 24 28 47 40 21 39 19 9 2 48 39 2 40 9 36 38 38 8 33 45 41 17 20 29 30 41 22 4 27 29 37 7 8 40 54 22 
15 17 9 37 33 17 0 30 21 0 23 27 27 31 14 11 21 39 22 0 42 20 27 23 33 35 19 25 31 17 35 26 13 12 29 44 3 4 14 38 25 3 25 25 8 19 14 18 24 38 17 
37 31 31 22 20 38 23 7 5 23 0 5 30 28 35 23 26 44 39 22 34 16 4 5 46 36 4 38 8 36 34 36 9 34 44 36 19 23 29 25 40 24 3 24 30 37 11 6 40 52 19 
42 36 36 24 22 43 28 3 6 27 5 0 35 32 40 28 31 49 44 27 37 21 5 4 51 40 8 43 3 41 39 41 13 38 49 39 23 27 34 27 45 28 2 29 35 42 14 11 45 58 24 
30 14 27 22 20 26 28 36 33 27 30 35 0 7 24 15 5 14 21 27 19 14 30 35 18 8 30 14 38 22 8 8 27 25 20 19 26 31 15 21 17 31 34 6 26 20 31 24 18 26 11 
36 21 33 15 14 33 32 32 32 31 28 32 7 0 31 20 10 18 28 31 12 13 27 33 25 8 29 22 35 29 6 16 27 31 27 12 29 35 22 13 25 35 31 6 32 27 32 23 26 33 13 
5 9 6 42 39 2 14 42 34 14 35 40 24 31 0 12 20 31 8 15 43 25 38 37 22 32 32 15 43 3 33 19 26 1 17 43 17 18 9 42 13 16 38 25 6 6 28 29 11 25 21 
17 7 12 29 26 15 12 31 24 11 23 28 15 20 12 0 10 27 16 12 32 12 26 26 24 24 21 15 32 12 24 15 16 12 21 33 11 16 5 29 17 15 27 14 12 13 19 17 16 29 8 
25 11 22 22 20 22 22 32 28 21 26 31 5 10 20 10 0 19 19 22 22 10 26 30 20 14 25 14 34 18 14 10 21 20 20 23 20 26 11 22 17 25 29 5 21 17 26 19 17 27 6 
36 22 36 33 32 32 39 50 47 39 44 49 14 18 31 27 19 0 24 39 23 28 44 49 13 10 44 16 52 28 12 12 41 32 18 22 38 43 25 30 19 42 48 19 36 25 45 38 21 19 25 
13 8 14 42 39 8 22 47 40 22 39 44 21 28 8 16 19 24 0 22 40 27 42 42 13 27 37 8 48 5 29 13 31 10 8 40 24 26 10 41 5 24 43 24 15 2 34 33 3 16 22 
15 17 10 37 33 17 0 30 21 0 22 27 27 31 15 12 22 39 22 0 43 20 26 23 34 36 19 26 30 17 36 27 13 13 30 44 3 4 14 38 26 3 24 25 8 20 13 18 24 39 17 
48 33 45 14 15 45 43 37 39 42 34 37 19 12 43 32 22 23 40 43 0 23 32 40 34 14 37 33 39 41 11 26 36 43 37 2 40 46 34 11 36 46 38 17 44 39 41 31 37 41 25 
30 18 24 17 13 28 21 22 19 20 16 21 14 13 25 12 10 28 27 20 23 0 16 21 30 20 16 23 24 25 19 20 14 25 29 24 17 23 16 17 26 23 20 8 24 25 19 10 26 37 4 
41 33 35 19 17 41 27 5 9 27 4 5 30 27 38 26 26 44 42 26 32 16 0 8 47 35 8 40 8 38 33 36 13 37 46 34 23 27 31 21 42 28 6 24 34 39 15 9 41 54 20 
38 34 33 27 25 40 24 7 2 23 5 4 35 33 37 26 30 49 42 23 40 21 8 0 50 41 5 42 7 38 40 40 10 35 48 42 20 23 32 30 44 24 2 29 31 40 10 10 43 56 24 
27 17 28 41 39 22 34 52 48 33 46 51 18 25 22 24 20 13 13 34 34 30 47 50 0 20 45 8 54 18 22 10 40 23 5 34 34 38 19 39 8 36 49 24 28 15 43 39 10 7 26 
37 22 35 22 21 33 36 41 39 35 36 40 8 8 32 24 14 10 27 36 14 20 35 41 20 0 37 19 43 29 2 13 34 32 23 13 34 40 23 20 23 39 39 12 35 27 39 30 24 27 19 
34 29 28 25 23 35 20 10 2 19 4 8 30 29 32 21 25 44 37 19 37 16 8 5 45 37 0 37 11 33 35 35 5 31 43 39 15 19 26 28 38 20 5 25 27 34 6 6 38 51 19 
20 8 20 36 34 15 26 45 40 25 38 43 14 22 15 15 14 16 8 26 33 23 40 42 8 19 37 0 47 11 21 6 32 16 6 32 26 30 11 35 3 28 42 19 20 8 35 32 4 14 19 
45 39 39 26 24 46 31 2 9 31 8 3 38 35 43 32 34 52 48 30 39 24 8 7 54 43 11 47 0 44 41 44 17 42 53 41 27 30 37 28 49 31 5 32 38 45 17 15 48 61 28 
8 7 9 41 38 4 17 43 36 17 36 41 22 29 3 12 18 28 5 17 41 25 38 38 18 29 33 11 44 0 30 16 27 5 13 41 19 21 8 40 9 19 39 24 10 2 30 29 8 21 20 
38 23 36 20 19 34 36 39 38 35 34 39 8 6 33 24 14 12 29 36 11 19 33 40 22 2 35 21 41 30 0 15 33 33 25 11 34 40 24 18 24 39 38 11 35 28 38 29 26 30 18 
24 10 23 31 29 20 27 42 38 26 36 41 8 16 19 15 10 12 13 27 26 20 36 40 10 13 35 6 44 16 15 0 30 20 11 26 27 31 12 30 9 30 39 14 23 13 34 29 10 17 16 
28 23 22 27 24 29 14 16 8 13 9 13 27 27 26 16 21 41 31 13 36 14 13 10 40 34 5 32 17 27 33 30 0 25 37 38 9 14 21 29 33 15 11 22 21 29 4 5 32 46 15 
5 10 4 42 38 4 13 41 33 12 34 38 25 31 1 12 20 32 10 13 43 25 37 35 23 32 31 16 42 5 33 20 25 0 18 44 15 16 9 42 15 14 36 26 5 8 26 28 13 26 20 
21 13 23 42 40 16 30 51 45 29 44 49 20 27 17 21 20 18 8 30 37 29 46 48 5 23 43 6 53 13 25 11 37 18 0 37 31 34 16 41 4 32 48 24 23 10 40 37 5 8 25 
49 33 45 16 17 45 44 39 41 44 36 39 19 12 43 33 23 22 40 44 2 24 34 42 34 13 39 32 41 41 11 26 38 44 37 0 41 48 34 13 36 47 40 18 45 39 43 33 37 41 26 
18 17 12 33 30 20 4 26 17 3 19 23 26 29 17 11 20 38 24 3 40 17 23 20 34 34 15 26 27 19 34 27 9 15 31 41 0 6 15 35 27 6 21 23 11 21 10 14 25 39 15 
17 21 12 39 36 20 4 30 20 4 23 27 31 35 18 16 26 43 26 4 46 23 27 23 38 40 19 30 30 21 40 31 14 16 34 48 6 0 18 41 30 1 24 29 11 23 13 19 28 42 21 
14 2 11 33 30 11 14 36 29 14 29 34 15 22 9 5 11 25 10 14 34 16 31 32 19 23 26 11 37 8 24 12 21 9 16 34 15 18 0 33 12 17 32 16 11 8 24 22 11 25 12 
47 33 42 2 5 44 38 26 30 38 25 27 21 13 42 29 22 30 41 38 11 17 21 30 39 20 28 35 28 40 18 30 29 42 41 13 35 41 33 0 38 41 28 16 41 40 33 23 39 47 21 
18 9 19 39 37 13 26 47 41 25 40 45 17 25 13 17 17 19 5 26 36 26 42 44 8 23 38 3 49 9 24 9 33 15 4 36 27 30 12 38 0 28 44 22 19 7 36 34 2 12 21 
15 20 10 40 36 18 2 31 22 3 24 28 31 35 16 15 25 42 24 3 46 23 28 24 36 39 20 28 31 19 39 30 15 14 32 47 6 1 17 41 28 0 26 28 9 21 14 20 26 40 21 
40 34 34 25 23 40 25 5 4 25 3 2 34 31 38 27 29 48 43 24 38 20 6 2 49 39 5 42 5 39 38 39 11 36 48 40 21 24 32 28 44 26 0 28 33 40 11 10 43 56 23 
31 16 27 17 15 28 26 30 27 25 24 29 6 6 25 14 5 19 24 25 17 8 24 29 24 12 25 19 32 24 11 14 22 26 24 18 23 29 16 16 22 28 28 0 26 23 27 18 22 31 7 
7 13 1 41 38 9 8 38 29 8 30 35 26 32 6 12 21 36 15 8 44 24 34 31 28 35 27 20 38 10 35 23 21 5 23 45 11 11 11 41 19 9 33 26 0 12 22 25 18 31 20 
11 6 12 40 37 6 19 44 37 19 37 42 20 27 6 13 17 25 2 20 39 25 39 40 15 27 34 8 45 2 28 13 29 8 10 39 21 23 8 40 7 21 40 23 12 0 31 30 5 19 20 
29 27 23 31 28 30 14 17 7 14 11 14 31 32 28 19 26 45 34 13 41 19 15 10 43 39 6 35 17 30 38 34 4 26 40 43 10 13 24 33 36 14 11 27 22 31 0 10 35 49 19 
32 24 26 21 18 32 19 13 8 18 6 11 24 23 29 17 19 38 33 18 31 10 9 10 39 30 6 32 15 29 29 29 5 28 37 33 14 19 22 23 34 20 10 18 25 30 10 0 33 46 13 
16 8 17 40 37 11 24 47 40 24 40 45 18 26 11 16 17 21 3 24 37 26 41 43 10 24 38 4 48 8 26 10 32 13 5 37 25 28 11 39 2 26 43 22 18 5 35 33 0 14 21 
28 22 31 48 46 24 38 59 54 38 52 58 26 33 25 29 27 19 16 39 41 37 54 56 7 27 51 14 61 21 30 17 46 26 8 41 39 42 25 47 12 40 56 31 31 19 49 46 14 0 33 
25 13 20 21 18 23 18 26 22 17 19 24 11 13 21 8 6 25 22 17 25 4 20 24 26 19 19 19 28 20 18 16 15 20 25 26 15 21 12 21 21 21 23 7 20 20 19 13 21 33 0 
0 600
35 275
119 359
280 520
58 298
176 416
147 387
198 438
32 272
156 396
112 352
229 469
41 281
81 321
310 550
317 557
331 571
120 360
320 560
275 515
178 418
165 405
168 408
111 351
91 331
257 497
169 409
116 356
168 408
113 353
77 317
243 483
301 541
201 441
299 539
192 432
24 264
90 330
152 392
346 586
332 572
228 468
233 473
339 579
174 414
115 355
240 480
38 278
88 328
219 459
305 545
