51
0 35 20 14 19 40 9 39 19 24 26 19 11 34 10 10 9 42 26 25 30 29 30 5 14 23 17 27 32 17 18 16 25 22 14 16 19 13 27 25 17 26 4 24 26 26 17 23 17 19 11 
35 0 43 40 31 43 44 42 16 40 8 33 45 45 25 41 33 46 46 58 40 16 48 30 49 12 47 11 3 27 39 43 27 55 21 51 20 29 14 9 52 14 38 11 23 57 24 14 40 27 24 
20 43 0 5 12 24 23 23 30 8 35 39 25 16 22 29 13 25 6 18 14 29 10 24 27 33 35 32 42 36 38 4 19 17 23 17 35 14 30 35 19 30 23 36 23 15 35 28 37 38 23 
14 40 5 0 11 28 18 27 26 11 32 34 20 20 17 24 8 29 11 18 17 28 15 18 23 29 30 29 38 30 33 2 19 16 19 15 30 11 28 32 17 27 17 32 22 17 30 26 32 33 19 
19 31 12 11 0 21 26 19 20 8 24 35 29 17 15 29 10 23 14 29 12 17 17 20 32 23 37 20 30 30 36 13 7 28 14 26 27 6 17 24 28 17 23 26 10 28 28 17 36 32 16 
40 43 24 28 21 0 46 1 38 17 39 56 48 9 36 50 31 3 19 41 10 27 18 41 51 40 58 33 44 51 58 29 18 41 33 42 47 28 29 40 44 30 44 43 21 38 49 32 57 53 36 
9 44 23 18 26 46 0 45 28 29 35 22 2 39 20 7 16 47 29 21 36 38 33 14 5 32 12 36 41 22 18 18 33 18 23 11 27 21 37 34 10 36 6 33 35 23 24 33 17 25 20 
39 42 23 27 19 1 45 0 37 16 38 55 47 9 34 49 30 4 19 40 9 25 17 40 50 39 56 32 43 50 56 28 17 40 32 41 46 26 28 39 43 29 43 41 19 37 47 30 56 51 35 
19 16 30 26 20 38 28 37 0 29 7 21 29 37 9 25 18 41 34 42 32 15 37 14 33 3 32 10 13 15 26 28 19 40 6 35 9 15 13 6 36 11 22 6 18 42 12 8 26 16 8 
24 40 8 11 8 17 29 16 29 0 33 43 32 9 23 34 15 18 6 26 6 24 8 27 34 32 41 28 39 38 42 12 13 25 22 25 36 14 25 33 27 26 28 35 17 23 37 25 42 40 24 
26 8 35 32 24 39 35 38 7 33 0 27 37 39 16 32 24 42 38 49 34 13 41 21 40 4 39 6 6 21 32 34 21 47 13 42 14 21 10 2 43 8 29 5 18 48 17 7 33 21 15 
19 33 39 34 35 56 22 55 21 43 27 0 21 52 20 14 27 59 46 43 48 37 49 15 24 23 16 32 30 6 6 36 38 40 23 33 13 29 34 25 33 33 18 22 38 45 9 30 8 6 20 
11 45 25 20 29 48 2 47 29 32 37 21 0 41 21 7 18 50 32 22 38 40 35 15 3 33 10 38 42 22 17 21 35 19 25 12 27 23 38 35 11 37 7 34 37 24 24 34 15 25 22 
34 45 16 20 17 9 39 9 37 9 39 52 41 0 32 44 25 9 10 31 4 29 8 36 43 39 51 34 45 47 52 20 18 31 31 33 45 23 31 40 35 31 37 42 22 28 45 32 52 49 33 
10 25 22 17 15 36 20 34 9 23 16 20 21 32 0 18 9 38 27 33 27 19 30 7 25 12 26 16 22 15 22 20 18 31 4 26 13 8 17 15 27 16 14 15 18 33 13 13 22 17 1 
10 41 29 24 29 50 7 49 25 34 32 14 7 44 18 0 19 52 35 29 40 38 39 11 9 28 7 35 37 15 10 24 35 26 22 19 21 23 36 31 18 35 6 29 36 31 18 31 9 18 18 
9 33 13 8 10 31 16 30 18 15 24 27 18 25 9 19 0 33 18 25 21 23 22 11 21 22 26 23 31 23 27 10 17 22 11 18 22 5 22 24 19 21 13 24 18 24 22 19 26 25 10 
42 46 25 29 23 3 47 4 41 18 42 59 50 9 38 52 33 0 19 41 11 30 17 43 52 43 59 36 47 53 60 29 21 41 36 43 50 30 32 43 45 33 46 46 24 38 51 35 59 55 39 
26 46 6 11 14 19 29 19 34 6 38 46 32 10 27 35 18 19 0 21 10 31 3 30 33 37 42 34 45 42 45 11 20 21 27 23 40 19 32 39 25 32 29 40 23 18 41 31 44 44 28 
25 58 18 18 29 41 21 40 42 26 49 43 22 31 33 29 25 41 21 0 31 46 23 31 21 46 32 48 56 42 39 16 37 2 36 9 45 29 46 49 10 46 25 49 40 3 43 44 38 45 34 
30 40 14 17 12 10 36 9 32 6 34 48 38 4 27 40 21 11 10 31 0 24 9 32 40 34 48 29 40 43 48 18 13 31 26 32 40 19 26 35 34 26 34 37 17 28 41 27 48 45 28 
29 16 29 28 17 27 38 25 15 24 13 37 40 29 19 38 23 30 31 46 24 0 32 26 44 15 45 6 17 31 41 30 10 44 15 42 24 18 3 14 43 4 33 17 7 45 27 7 41 32 19 
30 48 10 15 17 18 33 17 37 8 41 49 35 8 30 39 22 17 3 23 9 32 0 33 37 40 45 36 47 45 48 14 21 23 30 26 44 22 34 41 28 34 33 43 25 20 44 33 47 47 31 
5 30 24 18 20 41 14 40 14 27 21 15 15 36 7 11 11 43 30 31 32 26 33 0 19 17 19 23 27 11 16 20 24 28 11 22 13 13 24 20 23 23 7 19 25 32 11 19 16 14 7 
14 49 27 23 32 51 5 50 33 34 40 24 3 43 25 9 21 52 33 21 40 44 37 19 0 36 11 42 46 25 19 22 39 19 29 12 31 26 42 39 10 41 11 38 40 24 28 38 17 28 25 
23 12 33 29 23 40 32 39 3 32 4 23 33 39 12 28 22 43 37 46 34 15 40 17 36 0 35 9 9 16 28 32 21 44 10 39 10 19 12 2 39 10 25 2 19 46 13 8 29 17 12 
17 47 35 30 37 58 12 56 32 41 39 16 10 51 26 7 26 59 42 32 48 45 45 19 11 35 0 42 43 20 9 31 43 30 30 23 26 31 43 37 21 42 13 35 43 35 23 39 8 21 26 
27 11 32 29 20 33 36 32 10 28 6 32 38 34 16 35 23 36 34 48 29 6 36 23 42 9 42 0 10 25 36 32 15 45 12 42 18 18 3 8 42 2 30 11 12 46 22 3 37 26 16 
32 3 42 38 30 44 41 43 13 39 6 30 42 45 22 37 31 47 45 56 40 17 47 27 46 9 43 10 0 24 36 41 26 53 19 48 17 27 14 6 49 13 35 8 23 55 20 13 37 23 21 
17 27 36 30 30 51 22 50 15 38 21 6 22 47 15 15 23 53 42 42 43 31 45 11 25 16 20 25 24 0 11 32 33 39 17 33 7 23 28 19 32 26 16 16 32 43 3 23 12 2 14 
18 39 38 33 36 58 18 56 26 42 32 6 17 52 22 10 27 60 45 39 48 41 48 16 19 28 9 36 36 11 0 34 41 36 26 29 19 29 38 30 28 37 15 28 41 41 15 34 1 12 22 
16 43 4 2 13 29 18 28 28 12 34 36 21 20 20 24 10 29 11 16 18 30 14 20 22 32 31 32 41 32 34 0 21 14 22 13 33 13 30 34 15 30 19 35 24 14 32 28 33 35 21 
25 27 19 19 7 18 33 17 19 13 21 38 35 18 18 35 17 21 20 37 13 10 21 24 39 21 43 15 26 33 41 21 0 36 15 34 28 12 12 22 35 13 29 24 3 35 30 13 41 34 18 
22 55 17 16 28 41 18 40 40 25 47 40 19 31 31 26 22 41 21 2 31 44 23 28 19 44 30 45 53 39 36 14 36 0 34 7 42 26 44 46 8 44 23 46 39 5 40 41 35 42 32 
14 21 23 19 14 33 23 32 6 22 13 23 25 31 4 22 11 36 27 36 26 15 30 11 29 10 30 12 19 17 26 22 15 34 0 29 13 8 13 12 30 12 18 13 14 35 15 9 26 19 4 
16 51 17 15 26 42 11 41 35 25 42 33 12 33 26 19 18 43 23 9 32 42 26 22 12 39 23 42 48 33 29 13 34 7 29 0 36 23 41 41 1 40 16 41 36 11 34 38 28 35 27 
19 20 35 30 27 47 27 46 9 36 14 13 27 45 13 21 22 50 40 45 40 24 44 13 31 10 26 18 17 7 19 33 28 42 13 36 0 21 22 12 36 20 20 9 27 45 3 17 19 7 12 
13 29 14 11 6 28 21 26 15 14 21 29 23 23 8 23 5 30 19 29 19 18 22 13 26 19 31 18 27 23 29 13 12 26 8 23 21 0 17 21 24 17 17 21 13 28 22 15 29 26 9 
27 14 30 28 17 29 37 28 13 25 10 34 38 31 17 36 22 32 32 46 26 3 34 24 42 12 43 3 14 28 38 30 12 44 13 41 22 17 0 11 42 1 31 14 8 45 25 4 39 29 17 
25 9 35 32 24 40 34 39 6 33 2 25 35 40 15 31 24 43 39 49 35 14 41 20 39 2 37 8 6 19 30 34 22 46 12 41 12 21 11 0 42 10 28 3 19 48 15 8 31 19 14 
17 52 19 17 28 44 10 43 36 27 43 33 11 35 27 18 19 45 25 10 34 43 28 23 10 39 21 42 49 32 28 15 35 8 30 1 36 24 42 42 0 41 16 41 38 13 34 39 27 35 27 
26 14 30 27 17 30 36 29 11 26 8 33 37 31 16 35 21 33 32 46 26 4 34 23 41 10 42 2 13 26 37 30 13 44 12 40 20 17 1 10 41 0 30 13 9 44 23 3 37 27 16 
4 38 23 17 23 44 6 43 22 28 29 18 7 37 14 6 13 46 29 25 34 33 33 7 11 25 13 30 35 16 15 19 29 23 18 16 20 17 31 28 16 30 0 27 30 27 18 27 14 19 14 
24 11 36 32 26 43 33 41 6 35 5 22 34 42 15 29 24 46 40 49 37 17 43 19 38 2 35 11 8 16 28 35 24 46 13 41 9 21 14 3 41 13 27 0 21 48 13 11 29 16 14 
26 23 23 22 10 21 35 19 18 17 18 38 37 22 18 36 18 24 23 40 17 7 25 25 40 19 43 12 23 32 41 24 3 39 14 36 27 13 8 19 38 9 30 21 0 38 29 10 41 33 18 
26 57 15 17 28 38 23 37 42 23 48 45 24 28 33 31 24 38 18 3 28 45 20 32 24 46 35 46 55 43 41 14 35 5 35 11 45 28 45 48 13 44 27 48 38 0 44 43 40 46 34 
17 24 35 30 28 49 24 47 12 37 17 9 24 45 13 18 22 51 41 43 41 27 44 11 28 13 23 22 20 3 15 32 30 40 15 34 3 22 25 15 34 23 18 13 29 44 0 20 16 4 12 
23 14 28 26 17 32 33 30 8 25 7 30 34 32 13 31 19 35 31 44 27 7 33 19 38 8 39 3 13 23 34 28 13 41 9 38 17 15 4 8 39 3 27 11 10 43 20 0 34 24 12 
17 40 37 32 36 57 17 56 26 42 33 8 15 52 22 9 26 59 44 38 48 41 47 16 17 29 8 37 37 12 1 33 41 35 26 28 19 29 39 31 27 37 14 29 41 40 16 34 0 13 22 
19 27 38 33 32 53 25 51 16 40 21 6 25 49 17 18 25 55 44 45 45 32 47 14 28 17 21 26 23 2 12 35 34 42 19 35 7 26 29 19 35 27 19 16 33 46 4 24 13 0 16 
11 24 23 19 16 36 20 35 8 24 15 20 22 33 1 18 10 39 28 34 28 19 31 7 25 12 26 16 21 14 22 21 18 32 4 27 12 9 17 14 27 16 14 14 18 34 12 12 22 16 0 
0 600
42 162
103 223
122 242
160 280
318 438
360 480
241 361
463 583
365 485
284 404
160 280
411 531
446 566
101 221
161 281
126 246
307 427
35 155
267 387
459 579
232 352
29 149
164 284
79 199
353 473
196 316
311 431
10 130
457 577
78 198
131 251
188 308
169 289
77 197
54 174
465 585
194 314
341 461
43 163
62 182
10 130
375 495
188 308
401 521
132 252
455 575
181 301
320 440
139 259
375 495
