51
0 11 24 23 25 21 18 17 23 25 9 9 9 16 26 13 32 32 15 35 19 16 16 3 9 4 26 28 18 27 4 22 28 26 30 27 6 23 25 27 20 12 17 23 19 16 29 34 10 26 18 
11 0 22 20 26 19 28 7 34 14 13 19 14 19 24 21 26 26 4 27 18 5 27 14 9 12 26 39 13 28 14 33 38 16 36 35 17 16 33 20 28 18 28 34 26 26 38 38 11 37 22 
24 22 0 43 6 3 28 28 43 23 32 33 16 11 2 38 13 11 24 19 5 26 37 25 15 29 4 48 10 7 23 32 35 21 24 25 26 38 24 11 25 36 29 43 20 39 32 20 14 48 42 
23 20 43 0 46 39 40 16 37 28 15 23 32 38 45 20 45 46 19 45 38 17 32 26 29 19 46 41 33 48 28 44 50 31 53 51 28 8 49 39 43 16 39 37 43 28 52 57 30 37 13 
25 26 6 46 0 8 25 32 41 29 34 33 16 9 6 38 18 16 29 24 7 30 36 25 17 30 3 45 15 2 23 28 30 27 18 20 26 42 19 17 21 37 26 41 15 38 27 14 16 46 44 
21 19 3 39 8 0 28 24 41 20 29 31 14 10 5 35 13 12 21 18 3 23 35 23 12 26 7 46 7 10 20 31 35 18 25 26 24 35 25 10 25 33 28 42 20 36 33 23 11 46 39 
18 28 28 40 25 28 0 35 16 41 25 18 15 17 30 22 41 40 33 46 24 34 13 15 21 21 28 20 29 26 14 4 9 41 17 13 12 41 11 37 4 25 1 17 10 18 11 25 20 22 31 
17 7 28 16 32 24 35 0 39 12 15 23 22 26 30 24 28 29 3 28 24 1 32 20 17 16 32 44 18 34 21 39 45 15 44 42 23 10 40 23 36 20 34 39 34 30 45 45 18 41 22 
23 34 43 37 41 41 16 39 0 48 24 15 27 32 45 16 54 53 38 58 38 38 6 20 31 22 43 5 41 42 21 16 20 50 33 29 17 41 28 49 21 21 15 0 26 9 25 42 30 5 24 
25 14 23 28 29 20 41 12 48 0 26 33 25 27 24 35 19 20 11 17 22 11 42 28 19 26 27 54 14 31 27 45 50 3 45 44 31 20 42 14 40 31 40 49 36 40 49 44 21 51 35 
9 13 32 15 34 29 25 15 24 26 0 8 18 25 34 8 38 38 15 40 27 15 18 10 17 4 35 29 25 36 12 29 34 29 38 36 12 17 33 33 27 4 24 24 28 15 37 43 18 25 10 
9 19 33 23 33 31 18 23 15 33 8 0 17 24 35 5 42 42 23 45 28 23 9 8 18 7 35 20 28 35 10 21 26 35 33 30 7 26 28 37 21 7 16 15 23 7 30 39 19 17 13 
9 14 16 32 16 14 15 22 27 25 18 17 0 7 18 22 27 26 19 31 11 20 21 9 5 14 18 32 14 18 6 19 24 25 21 20 10 30 18 22 14 21 15 27 12 22 24 25 4 31 28 
16 19 11 38 9 10 17 26 32 27 25 24 7 0 13 29 23 22 23 28 6 25 26 16 9 21 11 37 13 11 13 21 24 26 17 17 16 36 15 20 15 28 18 32 10 28 23 18 8 37 35 
26 24 2 45 6 5 30 30 45 24 34 35 18 13 0 40 12 10 26 18 7 28 39 27 17 31 3 50 11 7 25 34 36 21 25 26 29 40 25 11 27 38 31 45 21 41 33 20 16 50 44 
13 21 38 20 38 35 22 24 16 35 8 5 22 29 40 0 45 45 24 48 32 24 11 12 23 9 40 21 32 40 15 25 31 37 38 35 12 25 33 40 26 4 21 16 29 7 34 45 23 17 8 
32 26 13 45 18 13 41 28 54 19 38 42 27 23 12 45 0 2 26 6 16 27 47 34 23 36 15 59 13 19 32 44 48 15 37 38 36 38 37 5 38 43 41 54 32 48 45 32 23 58 48 
32 26 11 46 16 12 40 29 53 20 38 42 26 22 10 45 2 0 26 8 15 28 47 34 23 36 14 58 13 17 32 43 46 17 35 37 36 40 36 6 37 43 40 54 31 48 44 30 22 57 48 
15 4 24 19 29 21 33 3 38 11 15 23 19 23 26 24 26 26 0 26 21 1 31 18 14 16 28 43 14 31 19 37 42 13 41 40 22 13 37 20 33 20 32 38 31 30 43 42 15 40 23 
35 27 19 45 24 18 46 28 58 17 40 45 31 28 18 48 6 8 26 0 22 27 52 38 27 39 22 63 17 25 36 50 53 13 43 44 40 38 43 8 43 45 46 58 38 52 51 38 27 62 50 
19 18 5 38 7 3 24 24 38 22 27 28 11 6 7 32 16 15 21 22 0 22 32 20 10 23 8 43 8 9 17 28 31 20 23 23 21 34 21 13 21 31 25 38 16 33 29 21 9 42 37 
16 5 26 17 30 23 34 1 38 11 15 23 20 25 28 24 27 28 1 27 22 0 32 19 15 16 30 43 16 32 19 38 43 14 42 41 22 12 38 22 34 20 33 38 32 30 44 43 16 40 23 
16 27 37 32 36 35 13 32 6 42 18 9 21 26 39 11 47 47 31 52 32 32 0 13 24 16 38 11 34 37 15 15 20 43 31 27 11 35 25 43 18 15 12 6 22 4 24 38 24 10 20 
3 14 25 26 25 23 15 20 20 28 10 8 9 16 27 12 34 34 18 38 20 19 13 0 11 6 27 25 21 27 2 19 25 29 28 25 3 26 23 29 17 12 14 20 17 14 26 33 11 24 19 
9 9 15 29 17 12 21 17 31 19 17 18 5 9 17 23 23 23 14 27 10 15 24 11 0 13 18 36 9 19 9 25 30 20 26 26 13 26 23 18 20 21 21 31 17 25 30 28 1 35 27 
4 12 29 19 30 26 21 16 22 26 4 7 14 21 31 9 36 36 16 39 23 16 16 6 13 0 31 27 22 32 8 25 30 28 34 31 8 20 29 31 23 7 20 22 24 14 32 39 14 24 13 
26 26 4 46 3 7 28 32 43 27 35 35 18 11 3 40 15 14 28 22 8 30 38 27 18 31 0 48 14 3 24 31 33 25 21 23 28 42 22 15 24 39 29 44 18 40 30 17 16 48 45 
28 39 48 41 45 46 20 44 5 54 29 20 32 37 50 21 59 58 43 63 43 43 11 25 36 27 48 0 46 46 26 19 21 55 36 32 22 46 31 54 25 25 19 4 30 14 27 45 36 5 28 
18 13 10 33 15 7 29 18 41 14 25 28 14 13 11 32 13 13 14 17 8 16 34 21 9 22 14 46 0 17 19 34 38 12 31 31 23 28 29 8 28 29 30 41 23 35 36 30 10 45 35 
27 28 7 48 2 10 26 34 42 31 36 35 18 11 7 40 19 17 31 25 9 32 37 27 19 32 3 46 17 0 24 29 31 28 18 20 28 44 19 18 22 39 27 43 16 39 27 13 18 47 46 
4 14 23 28 23 20 14 21 21 27 12 10 6 13 25 15 32 32 19 36 17 19 15 2 9 8 24 26 19 24 0 18 23 28 25 23 4 28 21 28 15 15 13 22 15 15 25 30 9 25 21 
22 33 32 44 28 31 4 39 16 45 29 21 19 21 34 25 44 43 37 50 28 38 15 19 25 25 31 19 34 29 18 0 5 45 17 12 16 46 11 41 6 28 5 17 12 20 8 25 24 22 34 
28 38 35 50 30 35 9 45 20 50 34 26 24 24 36 31 48 46 42 53 31 43 20 25 30 30 33 21 38 31 23 5 0 50 16 12 22 51 11 45 9 34 10 20 15 25 5 25 29 25 39 
26 16 21 31 27 18 41 15 50 3 29 35 25 26 21 37 15 17 13 13 20 14 43 29 20 28 25 55 12 28 28 45 50 0 43 43 32 24 42 11 40 34 41 50 36 42 49 41 21 53 37 
30 36 24 53 18 25 17 44 33 45 38 33 21 17 25 38 37 35 41 43 23 42 31 28 26 34 21 36 31 18 25 17 16 43 0 4 26 52 5 35 12 40 18 34 10 35 11 9 25 39 46 
27 35 25 51 20 26 13 42 29 44 36 30 20 17 26 35 38 37 40 44 23 41 27 25 26 31 23 32 31 20 23 12 12 43 4 0 23 51 2 36 9 37 15 30 8 31 7 13 24 35 43 
6 17 26 28 26 24 12 23 17 31 12 7 10 16 29 12 36 36 22 40 21 22 11 3 13 8 28 22 23 28 4 16 22 32 26 23 0 29 21 32 14 13 11 18 16 12 24 32 13 21 20 
23 16 38 8 42 35 41 10 41 20 17 26 30 36 40 25 38 40 13 38 34 12 35 26 26 20 42 46 28 44 28 46 51 24 52 51 29 0 48 33 43 20 40 41 42 32 53 55 28 42 19 
25 33 24 49 19 25 11 40 28 42 33 28 18 15 25 33 37 36 37 43 21 38 25 23 23 29 22 31 29 19 21 11 11 42 5 2 21 48 0 35 6 35 13 28 6 29 8 14 22 33 41 
27 20 11 39 17 10 37 23 49 14 33 37 22 20 11 40 5 6 20 8 13 22 43 29 18 31 15 54 8 18 28 41 45 11 35 36 32 33 35 0 35 38 37 50 30 43 43 32 18 53 43 
20 28 25 43 21 25 4 36 21 40 27 21 14 15 27 26 38 37 33 43 21 34 18 17 20 23 24 25 28 22 15 6 9 40 12 9 14 43 6 35 0 28 6 22 5 22 9 20 19 27 34 
12 18 36 16 37 33 25 20 21 31 4 7 21 28 38 4 43 43 20 45 31 20 15 12 21 7 39 25 29 39 15 28 34 34 40 37 13 20 35 38 28 0 23 21 30 11 37 45 22 21 6 
17 28 29 39 26 28 1 34 15 40 24 16 15 18 31 21 41 40 32 46 25 33 12 14 21 20 29 19 30 27 13 5 10 41 18 15 11 40 13 37 6 23 0 16 11 16 13 26 20 20 29 
23 34 43 37 41 42 17 39 0 49 24 15 27 32 45 16 54 54 38 58 38 38 6 20 31 22 44 4 41 43 22 17 20 50 34 30 18 41 28 50 22 21 16 0 27 9 26 42 31 4 24 
19 26 20 43 15 20 10 34 26 36 28 23 12 10 21 29 32 31 31 38 16 32 22 17 17 24 18 30 23 16 15 12 15 36 10 8 16 42 6 30 5 30 11 27 0 26 13 16 16 32 36 
16 26 39 28 38 36 18 30 9 40 15 7 22 28 41 7 48 48 30 52 33 30 4 14 25 14 40 14 35 39 15 20 25 42 35 31 12 32 29 43 22 11 16 9 26 0 29 42 25 10 15 
29 38 32 52 27 33 11 45 25 49 37 30 24 23 33 34 45 44 43 51 29 44 24 26 30 32 30 27 36 27 25 8 5 49 11 7 24 53 8 43 9 37 13 26 13 29 0 20 28 30 43 
34 38 20 57 14 23 25 45 42 44 43 39 25 18 20 45 32 30 42 38 21 43 38 33 28 39 17 45 30 13 30 25 25 41 9 13 32 55 14 32 20 45 26 42 16 42 20 0 27 47 52 
10 11 14 30 16 11 20 18 30 21 18 19 4 8 16 23 23 22 15 27 9 16 24 11 1 14 16 36 10 18 9 24 29 21 25 24 13 28 22 18 19 22 20 31 16 25 28 27 0 35 28 
26 37 48 37 46 46 22 41 5 51 25 17 31 37 50 17 58 57 40 62 42 40 10 24 35 24 48 5 45 47 25 22 25 53 39 35 21 42 33 53 27 21 20 4 32 10 30 47 35 0 23 
18 22 42 13 44 39 31 22 24 35 10 13 28 35 44 8 48 48 23 50 37 23 20 19 27 13 45 28 35 46 21 34 39 37 46 43 20 19 41 43 34 6 29 24 36 15 43 52 28 23 0 
0 764
277 659
74 456
301 683
110 492
177 559
350 732
26 408
83 465
323 705
267 649
0 382
302 684
126 508
58 440
271 653
67 449
63 445
216 598
76 458
183 565
219 601
278 660
10 392
230 612
235 617
238 620
172 554
39 421
246 628
169 551
19 401
342 724
193 575
355 737
61 443
280 662
202 584
228 610
226 608
248 630
1 383
288 670
358 740
129 511
329 711
131 513
314 696
189 571
201 583
137 519
