51
0 47 15 35 22 4 24 11 32 17 18 48 38 3 44 48 5 45 18 37 46 17 30 4 44 38 37 37 6 11 18 19 40 28 13 9 5 29 27 11 26 14 39 19 18 6 10 41 24 36 16 
47 0 37 15 42 47 24 44 15 49 28 1 11 49 11 11 44 39 29 35 15 48 38 44 42 16 16 17 44 37 32 49 16 39 35 55 41 22 42 51 22 34 45 45 53 51 55 44 28 29 41 
15 37 0 31 9 12 21 6 22 11 14 39 32 18 32 36 18 30 11 22 32 10 14 11 29 34 24 34 9 5 5 12 27 35 17 20 10 26 13 14 15 6 24 9 15 16 20 26 24 20 26 
35 15 31 0 38 37 11 36 12 42 17 17 4 37 22 24 32 45 20 38 26 42 37 34 47 3 20 3 34 28 25 43 23 23 22 45 31 7 40 42 19 25 47 40 46 41 45 47 13 32 26 
22 42 9 38 0 18 29 11 27 9 22 42 38 25 34 37 26 24 19 17 33 8 8 18 22 41 26 41 16 14 12 8 28 44 26 24 19 34 4 16 20 15 16 4 13 21 23 18 33 17 35 
4 47 12 37 18 0 26 7 32 12 19 48 39 7 43 47 9 42 18 34 45 13 26 2 41 40 36 39 3 10 17 14 39 32 16 8 6 31 23 6 25 13 35 15 14 4 8 37 26 33 21 
24 24 21 11 29 26 0 25 11 32 6 25 14 26 25 28 21 41 9 33 28 31 30 23 42 14 20 13 23 17 16 33 23 20 11 33 19 5 32 31 13 14 40 30 35 30 34 41 6 28 18 
11 44 6 36 11 7 25 0 28 7 18 45 37 14 38 42 15 34 16 27 39 7 19 7 33 39 31 39 4 8 12 9 33 36 18 14 8 30 16 7 21 10 27 8 10 10 13 30 27 26 25 
32 15 22 12 27 32 11 28 0 34 13 16 10 34 14 17 30 32 13 26 17 33 26 29 35 15 9 15 29 21 16 34 12 31 21 40 26 13 29 36 7 18 35 30 38 36 40 35 17 20 29 
17 49 11 42 9 12 32 7 34 0 25 50 43 19 42 46 21 33 22 26 42 1 18 13 31 46 35 45 11 14 17 2 37 43 26 15 15 37 13 7 26 17 24 5 4 13 14 27 34 27 32 
18 28 14 17 22 19 6 18 13 25 0 30 20 21 27 31 16 37 3 29 30 24 25 16 38 21 21 20 17 10 10 26 24 23 8 27 13 12 26 24 11 8 36 23 28 23 27 37 10 25 17 
48 1 39 17 42 48 25 45 16 50 30 0 13 51 11 10 46 39 30 35 14 49 38 46 42 18 16 19 46 38 33 50 16 41 37 57 43 24 43 52 23 35 45 46 54 53 57 44 30 29 43 
38 11 32 4 38 39 14 37 10 43 20 13 0 40 18 20 35 42 21 36 22 43 36 36 45 6 17 6 37 29 26 44 20 28 25 47 33 10 40 44 18 27 46 40 47 43 48 46 17 30 30 
3 49 18 37 25 7 26 14 34 19 21 51 40 0 47 51 5 48 21 41 49 20 33 7 47 40 40 39 9 14 21 21 43 28 15 8 8 30 30 12 29 17 42 22 20 7 10 44 25 39 16 
44 11 32 22 34 43 25 38 14 42 27 11 18 47 0 3 43 28 26 24 4 41 28 41 31 24 7 24 40 33 26 42 5 44 35 52 38 25 33 46 17 30 34 38 46 47 51 33 31 19 43 
48 11 36 24 37 47 28 42 17 46 31 10 20 51 3 0 47 29 30 26 5 45 32 45 33 26 11 26 44 37 30 46 9 47 39 56 42 29 37 50 21 34 37 41 50 51 55 36 34 22 47 
5 44 18 32 26 9 21 15 30 21 16 46 35 5 43 47 0 48 17 40 45 22 33 8 47 34 36 34 10 13 19 24 40 23 9 14 7 25 31 16 26 14 42 24 23 12 15 44 19 37 11 
45 39 30 45 24 42 41 34 32 33 37 39 42 48 28 29 48 0 34 8 24 32 15 41 4 48 24 48 39 35 29 31 23 60 45 48 40 45 19 40 28 33 11 28 35 45 47 8 47 12 54 
18 29 11 20 19 18 9 16 13 22 3 30 21 21 26 30 17 34 0 26 28 22 22 15 35 23 19 23 15 8 6 23 22 26 10 26 12 15 23 22 9 5 32 20 26 22 26 33 14 22 19 
37 35 22 38 17 34 33 27 26 26 29 35 36 41 24 26 40 8 26 0 21 25 8 33 9 41 19 41 31 27 21 25 18 53 37 41 33 37 13 33 20 25 10 21 30 37 40 9 39 5 46 
46 15 32 26 33 45 28 39 17 42 30 14 22 49 4 5 45 24 28 21 0 41 27 42 28 28 8 29 41 34 27 42 5 48 38 53 40 29 32 47 19 31 32 37 46 49 52 31 35 17 46 
17 48 10 42 8 13 31 7 33 1 24 49 43 20 41 45 22 32 22 25 41 0 17 13 30 45 34 45 11 14 16 1 36 43 26 16 16 37 12 8 25 16 23 4 4 14 15 26 34 26 32 
30 38 14 37 8 26 30 19 26 18 25 38 36 33 28 32 33 15 22 8 27 17 0 25 14 41 22 41 23 20 15 16 23 48 31 33 25 35 5 24 18 19 10 12 21 29 31 12 36 10 40 
4 44 11 34 18 2 23 7 29 13 16 46 36 7 41 45 8 41 15 33 42 13 25 0 40 37 34 37 2 8 14 15 36 30 13 11 3 28 23 9 23 11 34 15 15 7 11 37 24 31 19 
44 42 29 47 22 41 42 33 35 31 38 42 45 47 31 33 47 4 35 9 28 30 14 40 0 50 27 50 38 34 29 29 26 61 45 46 40 46 17 38 29 33 7 26 33 43 45 4 48 14 54 
38 16 34 3 41 40 14 39 15 46 21 18 6 40 24 26 34 48 23 41 28 45 41 37 50 0 23 0 38 31 29 47 26 23 25 47 34 9 44 45 22 28 51 43 50 44 48 51 15 36 28 
37 16 24 20 26 36 20 31 9 35 21 16 17 40 7 11 36 24 19 19 8 34 22 34 27 23 0 24 33 25 19 34 3 40 29 44 31 22 26 38 10 22 29 30 39 40 44 29 27 13 37 
37 17 34 3 41 39 13 39 15 45 20 19 6 39 24 26 34 48 23 41 29 45 41 37 50 0 24 0 37 31 29 46 26 23 24 47 33 8 44 45 22 28 51 43 49 43 48 51 14 36 27 
6 44 9 34 16 3 23 4 29 11 17 46 37 9 40 44 10 39 15 31 41 11 23 2 38 38 33 37 0 7 13 13 36 32 15 11 4 28 21 7 22 10 32 13 13 7 11 35 25 30 21 
11 37 5 28 14 10 17 8 21 14 10 38 29 14 33 37 13 35 8 27 34 14 20 8 34 31 25 31 7 0 6 16 28 30 12 19 6 22 19 14 15 3 30 14 18 14 18 32 20 24 20 
18 32 5 25 12 17 16 12 16 17 10 33 26 21 26 30 19 29 6 21 27 16 15 14 29 29 19 29 13 6 0 17 22 33 16 25 13 21 16 19 9 4 26 14 21 21 25 27 21 17 25 
19 49 12 43 8 14 33 9 34 2 26 50 44 21 42 46 24 31 23 25 42 1 16 15 29 47 34 46 13 16 17 0 36 45 27 18 17 38 11 9 26 18 22 4 4 15 16 25 36 26 34 
40 16 27 23 28 39 23 33 12 37 24 16 20 43 5 9 40 23 22 18 5 36 23 36 26 26 3 26 36 28 22 36 0 43 33 47 34 25 28 41 13 25 29 32 41 43 47 28 30 13 41 
28 39 35 23 44 32 20 36 31 43 23 41 28 28 44 47 23 60 26 53 48 43 48 30 61 23 40 23 32 30 33 45 43 0 17 37 27 18 48 39 33 29 59 44 46 35 38 60 13 48 11 
13 35 17 22 26 16 11 18 21 26 8 37 25 15 35 39 9 45 10 37 38 26 31 13 45 25 29 24 15 12 16 27 33 17 0 23 10 15 31 23 19 11 42 26 29 20 24 43 10 33 9 
9 55 20 45 24 8 33 14 40 15 27 57 47 8 52 56 14 48 26 41 53 16 33 11 46 47 44 47 11 19 25 18 47 37 23 0 14 38 29 8 34 22 40 20 15 4 1 43 33 40 25 
5 41 10 31 19 6 19 8 26 15 13 43 33 8 38 42 7 40 12 33 40 16 25 3 40 34 31 33 4 6 13 17 34 27 10 14 0 24 23 12 20 8 35 17 18 10 14 37 20 30 16 
29 22 26 7 34 31 5 30 13 37 12 24 10 30 25 29 25 45 15 37 29 37 35 28 46 9 22 8 28 22 21 38 25 18 15 38 24 0 37 36 17 20 45 35 41 35 39 46 6 32 19 
27 42 13 40 4 23 32 16 29 13 26 43 40 30 33 37 31 19 23 13 32 12 5 23 17 44 26 44 21 19 16 11 28 48 31 29 23 37 0 20 21 19 11 8 16 25 27 14 37 15 39 
11 51 14 42 16 6 31 7 36 7 24 52 44 12 46 50 16 40 22 33 47 8 24 9 38 45 38 45 7 14 19 9 41 39 23 8 12 36 20 0 29 17 32 12 7 5 7 34 33 33 28 
26 22 15 19 20 25 13 21 7 26 11 23 18 29 17 21 26 28 9 20 19 25 18 23 29 22 10 22 22 15 9 26 13 33 19 34 20 17 21 29 0 12 28 22 30 30 34 29 19 15 28 
14 34 6 25 15 13 14 10 18 17 8 35 27 17 30 34 14 33 5 25 31 16 19 11 33 28 22 28 10 3 4 18 25 29 11 22 8 20 19 17 12 0 30 15 21 17 21 31 18 22 20 
39 45 24 47 16 35 40 27 35 24 36 45 46 42 34 37 42 11 32 10 32 23 10 34 7 51 29 51 32 30 26 22 29 59 42 40 35 45 11 32 28 30 0 20 26 37 39 2 46 15 50 
19 45 9 40 4 15 30 8 30 5 23 46 40 22 38 41 24 28 20 21 37 4 12 15 26 43 30 43 13 14 14 4 32 44 26 20 17 35 8 12 22 15 20 0 8 17 19 22 34 22 33 
18 53 15 46 13 14 35 10 38 4 28 54 47 20 46 50 23 35 26 30 46 4 21 15 33 50 39 49 13 18 21 4 41 46 29 15 18 41 16 7 30 21 26 8 0 13 13 29 38 30 35 
6 51 16 41 21 4 30 10 36 13 23 53 43 7 47 51 12 45 22 37 49 14 29 7 43 44 40 43 7 14 21 15 43 35 20 4 10 35 25 5 30 17 37 17 13 0 4 39 30 36 23 
10 55 20 45 23 8 34 13 40 14 27 57 48 10 51 55 15 47 26 40 52 15 31 11 45 48 44 48 11 18 25 16 47 38 24 1 14 39 27 7 34 21 39 19 13 4 0 41 34 39 26 
41 44 26 47 18 37 41 30 35 27 37 44 46 44 33 36 44 8 33 9 31 26 12 37 4 51 29 51 35 32 27 25 28 60 43 43 37 46 14 34 29 31 2 22 29 39 41 0 47 15 52 
24 28 24 13 33 26 6 27 17 34 10 30 17 25 31 34 19 47 14 39 35 34 36 24 48 15 27 14 25 20 21 36 30 13 10 33 20 6 37 33 19 18 46 34 38 30 34 47 0 34 13 
36 29 20 32 17 33 28 26 20 27 25 29 30 39 19 22 37 12 22 5 17 26 10 31 14 36 13 36 30 24 17 26 13 48 33 40 30 32 15 33 15 22 15 22 30 36 39 15 34 0 42 
16 41 26 26 35 21 18 25 29 32 17 43 30 16 43 47 11 54 19 46 46 32 40 19 54 28 37 27 21 20 25 34 41 11 9 25 16 19 39 28 28 20 50 33 35 23 26 52 13 42 0 
0 819
157 566
387 796
95 504
141 550
202 611
33 442
142 551
399 808
230 639
107 516
178 587
2 411
5 414
358 767
48 457
328 737
3 412
207 616
176 585
332 741
227 636
283 692
326 735
149 558
204 613
332 741
226 635
162 571
14 423
73 482
125 534
328 737
266 675
264 673
328 737
211 620
345 754
34 443
240 649
140 549
355 764
125 534
280 689
140 549
120 529
117 526
380 789
295 704
182 591
362 771
