51
0 29 22 19 30 15 20 32 33 20 21 30 25 35 35 33 5 7 34 29 25 49 20 3 36 23 14 27 36 10 43 15 36 33 31 36 14 30 33 33 45 23 27 26 37 23 14 22 35 7 44 
29 0 14 11 25 14 9 25 48 37 9 43 28 43 43 6 24 29 41 44 6 35 10 33 45 9 16 47 24 32 29 15 29 22 31 51 15 12 45 19 25 34 43 41 21 13 24 32 27 28 33 
22 14 0 14 12 12 12 12 33 23 7 29 13 28 29 21 16 26 26 29 17 28 14 25 30 5 9 32 15 29 22 16 17 12 17 36 15 7 30 11 22 19 29 26 15 1 25 17 15 17 24 
19 11 14 0 27 4 2 27 44 32 7 40 26 41 42 14 14 18 40 40 6 42 0 23 43 11 9 41 29 21 35 4 32 26 31 47 4 18 42 24 33 30 38 36 27 13 13 28 30 20 39 
30 25 12 27 0 24 25 1 27 21 19 23 8 19 20 31 25 36 17 24 28 19 26 32 22 16 20 29 7 39 13 28 5 4 7 29 27 12 22 8 18 16 25 21 10 13 36 14 4 23 14 
15 14 12 4 24 0 5 25 39 27 7 35 23 37 38 18 10 15 36 35 10 41 5 18 39 10 5 36 28 18 34 4 30 24 28 42 3 18 37 23 34 26 34 32 27 12 12 24 28 15 37 
20 9 12 2 25 5 0 25 43 31 5 39 25 40 40 13 15 19 38 39 5 39 1 23 42 8 8 40 27 22 33 6 30 24 29 46 6 16 40 22 31 29 38 35 25 11 15 27 28 20 36 
32 25 12 27 1 25 25 0 28 23 19 24 9 20 21 31 27 37 18 25 29 17 27 33 23 16 21 31 5 41 11 29 4 3 8 30 28 12 24 7 16 17 26 23 8 13 37 15 3 25 12 
33 48 33 44 27 39 43 28 0 12 39 4 20 9 9 54 32 41 11 4 48 40 44 31 8 38 34 8 33 43 37 43 27 31 20 3 42 38 5 35 44 13 6 7 37 35 46 15 28 26 34 
20 37 23 32 21 27 31 23 12 0 28 9 13 15 16 44 20 28 15 8 37 40 32 19 16 27 22 9 29 31 34 30 25 26 17 16 29 30 13 29 40 6 6 5 32 25 33 7 25 13 33 
21 9 7 7 19 7 5 19 39 28 0 35 20 35 36 15 15 22 33 35 9 34 7 24 37 3 7 37 21 26 27 10 24 18 24 42 10 10 36 16 26 25 34 32 20 6 20 23 22 19 31 
30 43 29 40 23 35 39 24 4 9 35 0 16 7 7 50 29 38 8 1 44 37 40 29 6 34 30 9 29 41 33 39 24 27 16 7 38 34 3 31 40 9 4 3 33 31 43 11 25 23 31 
25 28 13 26 8 23 25 9 20 13 20 16 0 15 15 35 21 31 13 16 30 26 26 26 17 18 18 22 15 35 21 27 11 12 5 23 26 17 16 15 26 8 17 14 18 15 34 6 11 17 20 
35 43 28 41 19 37 40 20 9 15 35 7 15 0 0 50 33 43 2 9 45 31 41 35 2 33 32 16 25 46 28 41 18 24 12 10 40 32 4 28 35 12 12 10 29 30 47 13 20 28 24 
35 43 29 42 20 38 40 21 9 16 36 7 15 0 0 50 33 43 2 9 45 31 42 35 1 34 33 16 25 46 28 42 19 24 13 10 41 32 4 28 35 12 12 10 29 30 47 14 20 28 25 
33 6 21 14 31 18 13 31 54 44 15 50 35 50 50 0 29 32 48 50 8 40 13 37 52 16 22 53 31 34 35 18 36 29 38 57 19 19 51 25 30 41 50 47 27 19 25 38 34 33 40 
5 24 16 14 25 10 15 27 32 20 15 29 21 33 33 29 0 10 31 28 20 44 15 9 34 17 8 28 31 14 38 11 31 27 26 36 10 24 32 28 39 20 26 25 31 17 14 19 30 6 39 
7 29 26 18 36 15 19 37 41 28 22 38 31 43 43 32 10 0 41 37 23 54 18 10 43 25 16 35 41 3 48 13 41 37 37 44 13 32 41 37 48 30 35 34 41 26 7 29 40 15 50 
34 41 26 40 17 36 38 18 11 15 33 8 13 2 2 48 31 41 0 9 43 29 39 33 4 31 30 17 23 44 26 40 17 22 10 12 38 30 5 26 33 11 12 10 27 28 45 12 18 26 23 
29 44 29 40 24 35 39 25 4 8 35 1 16 9 9 50 28 37 9 0 44 39 40 28 8 34 30 7 31 39 35 39 25 28 17 7 37 34 5 32 41 9 2 3 34 31 42 12 26 22 32 
25 6 17 6 28 10 5 29 48 37 9 44 30 45 45 8 20 23 43 44 0 41 5 29 47 12 14 46 29 26 35 9 33 27 34 51 10 17 46 24 32 35 43 41 27 15 18 33 31 26 39 
49 35 28 42 19 41 39 17 40 40 34 37 26 31 31 40 44 54 29 39 41 0 41 51 33 31 37 46 13 58 6 45 14 16 22 41 44 23 35 17 10 33 41 38 14 28 54 32 15 43 6 
20 10 14 0 26 5 1 27 44 32 7 40 26 41 42 13 15 18 39 40 5 41 0 23 43 10 9 41 28 22 34 5 31 25 31 47 5 17 42 23 33 30 38 36 27 13 14 28 29 20 38 
3 33 25 23 32 18 23 33 31 19 24 29 26 35 35 37 9 10 33 28 29 51 23 0 35 26 17 25 38 11 45 19 37 35 31 34 18 32 32 36 47 22 25 25 39 26 17 22 36 8 46 
36 45 30 43 22 39 42 23 8 16 37 6 17 2 1 52 34 43 4 8 47 33 43 35 0 35 34 15 27 46 30 43 21 26 14 8 42 34 3 30 37 13 11 10 31 32 48 15 22 28 27 
23 9 5 11 16 10 8 16 38 27 3 34 18 33 34 16 17 25 31 34 12 31 10 26 35 0 9 37 18 29 24 14 21 15 22 41 13 7 35 13 23 24 33 31 16 3 23 22 19 20 27 
14 16 9 9 20 5 8 21 34 22 7 30 18 32 33 22 8 16 30 30 14 37 9 17 34 9 0 32 24 20 31 9 25 21 23 37 8 16 32 20 31 21 29 27 24 9 16 19 24 11 33 
27 47 32 41 29 36 40 31 8 9 37 9 22 16 16 53 28 35 17 7 46 46 41 25 15 37 32 0 37 37 41 39 31 34 24 10 38 39 12 38 47 14 5 8 40 34 41 16 32 21 39 
36 24 15 29 7 28 27 5 33 29 21 29 15 25 25 31 31 41 23 31 29 13 28 38 27 18 24 37 0 45 6 32 6 3 13 35 31 12 29 5 10 23 32 29 4 16 41 21 5 30 9 
10 32 29 21 39 18 22 41 43 31 26 41 35 46 46 34 14 3 44 39 26 58 22 11 46 29 20 37 45 0 51 17 45 41 40 46 16 36 44 41 52 33 37 37 45 30 9 32 44 18 53 
43 29 22 35 13 34 33 11 37 34 27 33 21 28 28 35 38 48 26 35 35 6 34 45 30 24 31 41 6 51 0 38 10 10 17 39 37 17 32 11 7 28 36 33 7 22 47 27 9 37 5 
15 15 16 4 28 4 6 29 43 30 10 39 27 41 42 18 11 13 40 39 9 45 5 19 43 14 9 39 32 17 38 0 34 28 32 46 1 21 41 27 37 30 37 35 30 16 9 28 32 18 41 
36 29 17 32 5 30 30 4 27 25 24 24 11 18 19 36 31 41 17 25 33 14 31 37 21 21 25 31 6 45 10 34 0 7 7 29 33 16 22 11 16 18 26 23 10 18 42 17 2 28 8 
33 22 12 26 4 24 24 3 31 26 18 27 12 24 24 29 27 37 22 28 27 16 25 35 26 15 21 34 3 41 10 28 7 0 11 34 28 9 27 4 13 20 29 26 5 12 37 18 4 26 12 
31 31 17 31 7 28 29 8 20 17 24 16 5 12 13 38 26 37 10 17 34 22 31 31 14 22 23 24 13 40 17 32 7 11 0 22 31 19 15 15 24 11 19 15 17 18 39 10 8 23 16 
36 51 36 47 29 42 46 30 3 16 42 7 23 10 10 57 36 44 12 7 51 41 47 34 8 41 37 10 35 46 39 46 29 34 22 0 45 40 6 38 45 16 9 10 39 38 50 18 30 29 35 
14 15 15 4 27 3 6 28 42 29 10 38 26 40 41 19 10 13 38 37 10 44 5 18 42 13 8 38 31 16 37 1 33 28 31 45 0 21 40 26 37 28 36 34 30 15 9 27 31 16 40 
30 12 7 18 12 18 16 12 38 30 10 34 17 32 32 19 24 32 30 34 17 23 17 32 34 7 16 39 12 36 17 21 16 9 19 40 21 0 34 6 15 25 35 32 9 6 30 23 14 25 21 
33 45 30 42 22 37 40 24 5 13 36 3 16 4 4 51 32 41 5 5 46 35 42 32 3 35 32 12 29 44 32 41 22 27 15 6 40 34 0 31 39 11 8 7 32 32 46 13 24 26 29 
33 19 11 24 8 23 22 7 35 29 16 31 15 28 28 25 28 37 26 32 24 17 23 36 30 13 20 38 5 41 11 27 11 4 15 38 26 6 31 0 11 24 33 30 3 11 36 21 8 28 14 
45 25 22 33 18 34 31 16 44 40 26 40 26 35 35 30 39 48 33 41 32 10 33 47 37 23 31 47 10 52 7 37 16 13 24 45 37 15 39 11 0 34 42 39 8 22 46 32 15 39 13 
23 34 19 30 16 26 29 17 13 6 25 9 8 12 12 41 20 30 11 9 35 33 30 22 13 24 21 14 23 33 28 30 18 20 11 16 28 25 11 24 34 0 9 6 26 21 34 2 19 15 27 
27 43 29 38 25 34 38 26 6 6 34 4 17 12 12 50 26 35 12 2 43 41 38 25 11 33 29 5 32 37 36 37 26 29 19 9 36 35 8 33 42 9 0 3 35 31 40 11 27 20 34 
26 41 26 36 21 32 35 23 7 5 32 3 14 10 10 47 25 34 10 3 41 38 36 25 10 31 27 8 29 37 33 35 23 26 15 10 34 32 7 30 39 6 3 0 32 28 39 9 24 19 31 
37 21 15 27 10 27 25 8 37 32 20 33 18 29 29 27 31 41 27 34 27 14 27 39 31 16 24 40 4 45 7 30 10 5 17 39 30 9 32 3 8 26 35 32 0 14 40 24 8 31 12 
23 13 1 13 13 12 11 13 35 25 6 31 15 30 30 19 17 26 28 31 15 28 13 26 32 3 9 34 16 30 22 16 18 12 18 38 15 6 32 11 22 21 31 28 14 0 25 19 16 19 25 
14 24 25 13 36 12 15 37 46 33 20 43 34 47 47 25 14 7 45 42 18 54 14 17 48 23 16 41 41 9 47 9 42 37 39 50 9 30 46 36 46 34 40 39 40 25 0 33 41 20 50 
22 32 17 28 14 24 27 15 15 7 23 11 6 13 14 38 19 29 12 12 33 32 28 22 15 22 19 16 21 32 27 28 17 18 10 18 27 23 13 21 32 2 11 9 24 19 33 0 17 14 26 
35 27 15 30 4 28 28 3 28 25 22 25 11 20 20 34 30 40 18 26 31 15 29 36 22 19 24 32 5 44 9 32 2 4 8 30 31 14 24 8 15 19 27 24 8 16 41 17 0 28 9 
7 28 17 20 23 15 20 25 26 13 19 23 17 28 28 33 6 15 26 22 26 43 20 8 28 20 11 21 30 18 37 18 28 26 23 29 16 25 26 28 39 15 20 19 31 19 20 14 28 0 37 
44 33 24 39 14 37 36 12 34 33 31 31 20 24 25 40 39 50 23 32 39 6 38 46 27 27 33 39 9 53 5 41 8 12 16 35 40 21 29 14 13 27 34 31 12 25 50 26 9 37 0 
0 600
581 581
418 418
42 42
427 427
415 415
114 114
187 187
221 221
265 265
23 23
340 340
156 156
513 513
157 157
216 216
74 74
552 552
333 333
37 37
53 53
269 269
63 63
446 446
369 369
142 142
53 53
469 469
271 271
176 176
202 202
360 360
16 16
243 243
113 113
511 511
5 5
313 313
287 287
356 356
396 396
175 175
7 7
280 280
591 591
485 485
288 288
138 138
171 171
156 156
255 255
