51
0 40 31 25 7 32 7 9 41 20 42 29 18 9 20 18 17 19 10 47 15 41 18 20 12 8 32 24 14 31 28 16 12 33 31 24 2 38 30 29 22 16 11 29 14 23 38 31 0 26 40 
40 0 32 26 47 17 39 32 2 21 51 25 23 39 22 24 33 48 39 12 45 20 29 36 44 41 44 30 54 42 15 36 34 7 38 42 38 20 18 20 27 44 28 11 52 43 30 16 39 45 40 
31 32 0 8 38 14 37 22 35 19 67 7 29 38 32 18 40 49 39 44 45 48 13 44 42 25 57 7 42 55 18 41 36 26 53 50 31 46 39 40 39 45 27 30 45 50 52 37 30 53 59 
25 26 8 0 33 10 30 16 28 11 59 3 21 31 24 10 32 42 32 38 38 40 6 36 36 21 49 3 38 47 11 33 28 20 44 42 24 38 31 32 31 38 20 23 39 42 44 29 25 46 51 
7 47 38 33 0 39 8 16 48 27 42 36 24 10 26 25 20 15 11 53 11 45 26 21 9 13 32 31 8 31 35 18 15 40 32 23 9 42 36 34 26 14 18 36 6 22 41 36 8 25 41 
32 17 14 10 39 0 35 23 20 12 58 7 21 35 23 14 34 47 36 29 43 34 15 37 40 30 49 13 45 47 5 36 31 12 44 44 30 33 27 28 31 42 23 17 46 44 41 24 31 47 49 
7 39 37 30 8 35 0 14 40 22 35 33 16 1 18 21 11 12 3 44 8 37 23 13 5 16 25 29 16 24 30 9 6 34 24 16 6 34 27 25 17 9 11 28 12 15 33 28 7 19 33 
9 32 22 16 16 23 14 0 34 11 46 19 13 15 17 9 19 26 16 41 22 37 9 23 20 8 36 15 22 34 19 19 14 26 33 28 8 35 27 26 22 22 7 23 23 28 38 26 8 31 41 
41 2 35 28 48 20 40 34 0 23 49 27 23 39 22 25 33 48 39 9 46 18 31 36 44 43 43 32 55 41 17 36 34 9 36 41 39 18 17 19 27 44 29 11 53 43 28 15 40 44 39 
20 21 19 11 27 12 22 11 23 0 48 12 10 22 13 2 22 34 23 31 30 30 9 26 28 20 38 13 34 36 8 23 19 14 33 32 18 28 20 21 20 29 10 13 33 32 34 19 19 35 40 
42 51 67 59 42 58 35 46 49 48 0 61 38 33 35 48 27 27 32 46 30 33 54 23 32 51 10 60 48 12 52 27 32 49 14 18 41 31 32 30 27 27 40 42 39 20 22 35 43 16 11 
29 25 7 3 36 7 33 19 27 12 61 0 22 34 25 12 35 46 35 36 41 40 10 38 39 25 51 6 41 49 10 36 31 18 46 45 28 38 32 32 33 41 22 23 43 45 45 29 28 48 53 
18 23 29 21 24 21 16 13 23 10 38 22 0 16 3 11 12 26 16 28 23 24 17 16 21 22 28 23 32 26 15 14 11 17 23 23 15 21 13 13 10 22 6 11 29 23 25 13 17 26 30 
9 39 38 31 10 35 1 15 39 22 33 34 16 0 17 21 9 11 1 43 7 35 24 11 5 18 23 31 18 22 30 7 5 33 22 14 7 32 26 24 16 7 12 27 13 13 31 27 9 17 31 
20 22 32 24 26 23 18 17 22 13 35 25 3 17 0 14 11 26 17 26 23 21 21 14 22 25 25 26 34 23 17 13 11 17 20 21 18 18 10 9 7 21 9 10 30 21 21 10 20 24 27 
18 24 18 10 25 14 21 9 25 2 48 12 11 21 14 0 22 33 22 33 29 33 7 26 27 17 38 11 32 36 10 23 18 17 34 32 16 30 22 23 21 29 10 16 32 32 35 21 17 35 41 
17 33 40 32 20 34 11 19 33 22 27 35 12 9 11 22 0 15 8 35 13 26 27 3 13 25 16 33 28 14 28 3 5 29 14 10 15 23 17 15 7 11 13 21 22 10 21 19 17 13 22 
19 48 49 42 15 47 12 26 48 34 27 46 26 11 26 33 15 0 10 51 4 40 36 13 7 27 18 42 20 18 41 12 15 43 21 10 18 37 32 30 22 4 23 37 12 8 33 34 19 11 28 
10 39 39 32 11 36 3 16 39 23 32 35 16 1 17 22 8 10 0 43 7 34 26 10 5 19 21 32 19 20 31 6 5 33 21 13 9 31 25 23 15 6 12 27 13 12 30 26 10 16 29 
47 12 44 38 53 29 44 41 9 31 46 36 28 43 26 33 35 51 43 0 49 13 40 37 48 50 41 41 61 40 26 38 38 18 35 42 44 15 18 20 28 46 35 17 57 44 24 16 46 45 35 
15 45 45 38 11 43 8 22 46 30 30 41 23 7 23 29 13 4 7 49 0 39 32 12 2 23 20 38 18 19 38 10 12 40 22 11 14 36 30 28 20 2 19 34 10 10 33 32 15 13 30 
41 20 48 40 45 34 37 37 18 30 33 40 24 35 21 33 26 40 34 13 39 0 40 27 39 46 28 43 54 27 30 29 30 22 22 31 38 3 10 11 19 37 30 17 48 32 11 11 40 33 22 
18 29 13 6 26 15 23 9 31 9 54 10 17 24 21 7 27 36 26 40 32 40 0 31 29 14 44 6 31 42 14 28 23 22 41 37 18 37 30 30 28 32 14 23 33 37 42 28 18 40 48 
20 36 44 36 21 37 13 23 36 26 23 38 16 11 14 26 3 13 10 37 12 27 31 0 12 28 13 37 29 11 32 3 8 32 11 6 18 24 19 17 9 9 16 24 22 7 20 21 20 9 19 
12 44 42 36 9 40 5 20 44 28 32 39 21 5 22 27 13 7 5 48 2 39 29 12 0 20 22 35 16 21 35 10 10 39 23 13 11 36 30 28 20 4 17 32 9 12 33 31 12 15 31 
8 41 25 21 13 30 16 8 43 20 51 25 22 18 25 17 25 27 19 50 23 46 14 28 20 0 41 19 16 39 27 24 19 34 39 32 10 43 35 35 29 24 15 32 20 31 45 35 8 35 48 
32 44 57 49 32 49 25 36 43 38 10 51 28 23 25 38 16 18 21 41 20 28 44 13 22 41 0 50 38 1 43 16 22 41 6 8 30 26 25 23 18 18 29 33 30 10 18 28 32 7 10 
24 30 7 3 31 13 29 15 32 13 60 6 23 31 26 11 33 42 32 41 38 43 6 37 35 19 50 0 36 48 14 34 29 23 46 43 24 41 34 34 33 38 20 26 38 43 47 32 24 46 53 
14 54 42 38 8 45 16 22 55 34 48 41 32 18 34 32 28 20 19 61 18 54 31 29 16 16 38 36 0 38 42 26 23 48 40 30 16 51 44 42 34 20 25 44 8 28 49 44 15 31 48 
31 42 55 47 31 47 24 34 41 36 12 49 26 22 23 36 14 18 20 40 19 27 42 11 21 39 1 48 38 0 41 15 20 39 4 7 29 24 23 21 16 17 27 31 30 9 17 26 31 7 10 
28 15 18 11 35 5 30 19 17 8 52 10 15 30 17 10 28 41 31 26 38 30 14 32 35 27 43 14 42 41 0 30 26 8 38 38 26 28 22 23 25 37 18 12 41 39 35 19 27 42 44 
16 36 41 33 18 36 9 19 36 23 27 36 14 7 13 23 3 12 6 38 10 29 28 3 10 24 16 34 26 15 30 0 5 31 15 9 14 26 20 18 10 8 13 24 19 8 23 22 16 12 23 
12 34 36 28 15 31 6 14 34 19 32 31 11 5 11 18 5 15 5 38 12 30 23 8 10 19 22 29 23 20 26 5 0 28 20 14 9 27 20 18 11 10 8 22 19 14 26 21 11 17 28 
33 7 26 20 40 12 34 26 9 14 49 18 17 33 17 17 29 43 33 18 40 22 22 32 39 34 41 23 48 39 8 31 28 0 35 38 31 22 17 19 23 39 22 7 46 39 30 14 33 41 40 
31 38 53 44 32 44 24 33 36 33 14 46 23 22 20 34 14 21 21 35 22 22 41 11 23 39 6 46 40 4 38 15 20 35 0 10 29 20 19 17 13 19 26 28 32 12 12 22 31 11 8 
24 42 50 42 23 44 16 28 41 32 18 45 23 14 21 32 10 10 13 42 11 31 37 6 13 32 8 43 30 7 38 9 14 38 10 0 22 28 24 22 14 9 22 31 22 1 22 26 24 3 18 
2 38 31 24 9 30 6 8 39 18 41 28 15 7 18 16 15 18 9 44 14 38 18 18 11 10 30 24 16 29 26 14 9 31 29 22 0 35 28 26 20 15 9 27 15 21 36 28 2 25 37 
38 20 46 38 42 33 34 35 18 28 31 38 21 32 18 30 23 37 31 15 36 3 37 24 36 43 26 41 51 24 28 26 27 22 20 28 35 0 7 8 16 33 27 15 45 29 9 9 38 30 20 
30 18 39 31 36 27 27 27 17 20 32 32 13 26 10 22 17 32 25 18 30 10 30 19 30 35 25 34 44 23 22 20 20 17 19 24 28 7 0 2 10 28 20 9 39 26 13 2 30 27 23 
29 20 40 32 34 28 25 26 19 21 30 32 13 24 9 23 15 30 23 20 28 11 30 17 28 35 23 34 42 21 23 18 18 19 17 22 26 8 2 0 8 26 19 11 37 23 12 4 29 25 21 
22 27 39 31 26 31 17 22 27 20 27 33 10 16 7 21 7 22 15 28 20 19 28 9 20 29 18 33 34 16 25 10 11 23 13 14 20 16 10 8 0 18 14 16 29 16 16 12 22 18 20 
16 44 45 38 14 42 9 22 44 29 27 41 22 7 21 29 11 4 6 46 2 37 32 9 4 24 18 38 20 17 37 8 10 39 19 9 15 33 28 26 18 0 19 32 13 7 30 30 16 11 27 
11 28 27 20 18 23 11 7 29 10 40 22 6 12 9 10 13 23 12 35 19 30 14 16 17 15 29 20 25 27 18 13 8 22 26 22 9 27 20 19 14 19 0 18 23 22 30 19 11 26 34 
29 11 30 23 36 17 28 23 11 13 42 23 11 27 10 16 21 37 27 17 34 17 23 24 32 32 33 26 44 31 12 24 22 7 28 31 27 15 9 11 16 32 18 0 41 32 23 7 29 34 32 
14 52 45 39 6 46 12 23 53 33 39 43 29 13 30 32 22 12 13 57 10 48 33 22 9 20 30 38 8 30 41 19 19 46 32 22 15 45 39 37 29 13 23 41 0 20 43 40 14 23 40 
23 43 50 42 22 44 15 28 43 32 20 45 23 13 21 32 10 8 12 44 10 32 37 7 12 31 10 43 28 9 39 8 14 39 12 1 21 29 26 23 16 7 22 32 20 0 24 28 23 3 20 
38 30 52 44 41 41 33 38 28 34 22 45 25 31 21 35 21 33 30 24 33 11 42 20 33 45 18 47 49 17 35 23 26 30 12 22 36 9 13 12 16 30 30 23 43 24 0 16 38 24 11 
31 16 37 29 36 24 28 26 15 19 35 29 13 27 10 21 19 34 26 16 32 11 28 21 31 35 28 32 44 26 19 22 21 14 22 26 28 9 2 4 12 30 19 7 40 28 16 0 30 29 25 
0 39 30 25 8 31 7 8 40 19 43 28 17 9 20 17 17 19 10 46 15 40 18 20 12 8 32 24 15 31 27 16 11 33 31 24 2 38 30 29 22 16 11 29 14 23 38 30 0 27 40 
26 45 53 46 25 47 19 31 44 35 16 48 26 17 24 35 13 11 16 45 13 33 40 9 15 35 7 46 31 7 42 12 17 41 11 3 25 30 27 25 18 11 26 34 23 3 24 29 27 0 18 
40 40 59 51 41 49 33 41 39 40 11 53 30 31 27 41 22 28 29 35 30 22 48 19 31 48 10 53 48 10 44 23 28 40 8 18 37 20 23 21 20 27 34 32 40 20 11 25 40 18 0 
0 710
244 528
348 632
279 563
351 635
71 355
297 581
281 565
36 320
188 472
419 703
405 689
108 392
201 485
188 472
395 679
344 628
401 685
144 428
98 382
293 577
131 415
87 371
240 524
197 481
392 676
209 493
392 676
311 595
406 690
36 320
235 519
98 382
194 478
289 573
314 598
300 584
223 507
24 308
401 685
132 416
380 664
201 485
131 415
104 388
243 527
111 395
57 341
158 442
285 569
84 368
