51
0 32 34 15 29 10 27 18 32 41 39 20 40 38 24 37 36 36 3 16 40 12 19 23 28 22 11 35 24 40 35 27 39 31 29 41 25 12 9 21 40 22 20 32 21 22 29 29 9 15 41 
32 0 5 27 35 41 13 37 19 13 15 39 15 7 29 7 10 27 36 31 16 29 40 9 4 35 29 3 47 19 6 18 17 6 7 22 18 31 34 36 11 44 11 30 20 44 26 31 26 17 11 
34 5 0 27 33 44 18 36 15 16 20 43 9 3 28 11 15 23 38 31 21 29 40 12 8 34 33 4 47 14 1 15 12 11 5 17 23 35 35 36 14 44 15 27 25 49 23 28 29 19 6 
15 27 27 0 14 25 29 9 19 40 40 34 30 31 8 34 36 21 18 3 41 3 12 20 24 9 23 30 19 28 28 14 27 29 21 28 31 25 9 9 38 16 19 17 28 37 14 13 19 11 32 
29 35 33 14 0 39 41 14 18 48 50 49 30 36 6 42 45 14 31 13 50 16 16 30 33 8 38 36 20 26 32 17 26 39 27 24 43 40 21 10 46 18 31 7 41 52 9 4 34 24 35 
10 41 44 25 39 0 33 26 42 48 45 15 50 47 34 44 43 46 7 26 45 23 26 32 37 31 13 44 29 51 45 37 50 38 39 51 30 12 18 30 48 28 29 43 25 14 40 39 15 25 50 
27 13 18 29 41 33 0 38 29 14 11 27 28 20 35 12 10 37 30 33 12 30 41 11 11 38 20 15 48 31 20 26 30 7 18 34 5 21 33 39 15 45 10 38 8 33 34 38 18 18 24 
18 37 36 9 14 26 38 0 26 49 49 38 38 40 11 43 45 25 19 5 50 8 3 29 34 5 29 39 10 35 37 22 35 39 31 34 39 30 8 3 48 7 29 20 35 40 19 15 25 20 41 
32 19 15 19 18 42 29 26 0 31 35 47 12 18 15 26 29 8 35 21 35 22 30 18 18 22 35 19 36 9 14 4 8 24 11 9 33 37 28 24 30 33 21 12 33 51 8 14 31 18 16 
41 13 16 40 48 48 14 49 31 0 6 41 24 15 42 5 4 40 45 43 6 41 52 19 15 47 35 12 59 29 17 31 28 10 20 33 19 36 45 49 1 56 21 43 23 48 39 44 33 28 18 
39 15 20 40 50 45 11 49 35 6 0 37 29 19 44 9 5 43 42 43 0 40 52 20 16 48 31 16 59 34 21 33 32 10 23 37 15 32 44 49 7 56 20 46 19 43 42 46 30 28 24 
20 39 43 34 49 15 27 38 47 41 37 0 51 46 43 39 37 53 20 36 37 32 39 31 35 42 11 41 44 53 44 42 52 34 40 55 22 9 30 41 42 42 28 51 18 6 47 48 15 29 49 
40 15 9 30 30 50 28 38 12 24 29 51 0 9 27 20 24 18 44 32 30 32 41 20 17 34 41 13 48 5 8 15 4 21 11 9 33 42 39 36 22 45 23 23 34 57 21 26 37 24 6 
38 7 3 31 36 47 20 40 18 15 19 46 9 0 31 10 14 25 42 34 20 33 44 15 10 37 36 4 51 14 3 18 13 12 9 18 25 37 39 39 13 48 18 30 27 51 26 31 32 22 4 
24 29 28 8 6 34 35 11 15 42 44 43 27 31 0 37 39 14 26 8 45 11 15 24 27 6 32 31 21 24 28 12 24 33 22 23 37 34 17 9 41 18 25 8 35 46 7 5 28 17 31 
37 7 11 34 42 44 12 43 26 5 9 39 20 10 37 0 4 34 40 38 9 35 47 14 9 42 31 6 54 25 12 25 23 5 15 28 17 33 40 43 4 51 16 38 21 45 34 38 29 23 14 
36 10 15 36 45 43 10 45 29 4 5 37 24 14 39 4 0 38 40 39 5 37 48 15 11 44 30 10 55 29 16 28 27 6 18 32 14 31 41 45 4 52 16 41 18 43 37 41 28 24 19 
36 27 23 21 14 46 37 25 8 40 43 53 18 25 14 34 38 0 39 22 44 24 28 26 27 20 41 28 34 13 22 11 14 33 20 10 41 43 30 22 38 32 28 6 40 57 6 10 37 24 23 
3 36 38 18 31 7 30 19 35 45 42 20 44 42 26 40 40 39 0 18 43 15 19 27 32 23 13 39 23 44 39 30 43 35 33 44 28 13 10 22 44 21 24 35 24 21 33 31 12 19 44 
16 31 31 3 13 26 33 5 21 43 43 36 32 34 8 38 39 22 18 0 44 3 9 23 28 6 25 33 16 30 31 17 30 33 25 30 34 27 8 6 42 13 23 17 31 38 15 13 22 15 35 
40 16 21 41 50 45 12 50 35 6 0 37 30 20 45 9 5 44 43 44 0 41 53 21 17 49 32 16 60 34 22 34 33 11 24 38 15 33 45 50 7 57 21 47 20 43 42 47 31 29 24 
12 29 29 3 16 23 30 8 22 41 40 32 32 33 11 35 37 24 15 3 41 0 11 21 25 10 21 32 18 31 30 17 30 30 23 31 30 23 6 10 40 15 20 20 27 35 17 16 18 12 34 
19 40 40 12 16 26 41 3 30 52 52 39 41 44 15 47 48 28 19 9 53 11 0 32 37 8 30 43 6 39 40 26 39 42 34 38 42 31 10 6 51 3 32 23 38 40 22 18 27 24 44 
23 9 12 20 30 32 11 29 18 19 20 31 20 15 24 14 15 26 27 23 21 21 32 0 5 28 21 12 39 22 13 14 21 9 8 24 15 23 25 29 18 36 3 27 15 37 23 26 17 8 18 
28 4 8 24 33 37 11 34 18 15 16 35 17 10 27 9 11 27 32 28 17 25 37 5 0 32 25 7 44 20 9 16 19 5 7 23 16 27 30 33 14 41 7 29 17 40 25 29 22 13 14 
22 35 34 9 8 31 38 5 22 47 48 42 34 37 6 42 44 20 23 6 49 10 8 28 32 0 32 37 14 31 34 19 31 38 28 29 40 33 13 2 46 11 28 14 37 44 14 10 28 20 37 
11 29 33 23 38 13 20 29 35 35 31 11 41 36 32 31 30 41 13 25 32 21 30 21 25 32 0 32 35 42 34 31 41 26 29 44 16 1 20 31 35 33 17 39 12 16 36 37 4 17 39 
35 3 4 30 36 44 15 39 19 12 16 41 13 4 31 6 10 28 39 33 16 32 43 12 7 37 32 0 50 18 5 19 16 7 9 21 21 34 37 39 10 47 14 31 23 47 27 32 29 20 9 
24 47 47 19 20 29 48 10 36 59 59 44 48 51 21 54 55 34 23 16 60 18 6 39 44 14 35 50 0 45 47 33 45 49 41 44 48 36 15 11 58 2 39 28 44 44 28 23 33 31 51 
40 19 14 28 26 51 31 35 9 29 34 53 5 14 24 25 29 13 44 30 34 31 39 22 20 31 42 18 45 0 12 13 1 25 14 3 36 44 37 33 28 42 25 19 37 58 17 22 38 25 11 
35 6 1 28 32 45 20 37 14 17 21 44 8 3 28 12 16 22 39 31 22 30 40 13 9 34 34 5 47 12 0 15 11 12 6 16 25 36 35 36 15 44 16 26 26 50 23 28 30 19 5 
27 18 15 14 17 37 26 22 4 31 33 42 15 18 12 25 28 11 30 17 34 17 26 14 16 19 31 19 33 13 15 0 13 22 10 13 30 32 24 21 29 30 17 12 29 46 8 13 26 13 18 
39 17 12 27 26 50 30 35 8 28 32 52 4 13 24 23 27 14 43 30 33 30 39 21 19 31 41 16 45 1 11 13 0 23 12 4 35 43 37 33 26 42 24 19 36 57 17 22 37 24 10 
31 6 11 29 39 38 7 39 24 10 10 34 21 12 33 5 6 33 35 33 11 30 42 9 5 38 26 7 49 25 12 22 23 0 12 28 13 27 35 39 9 46 10 35 15 40 31 35 23 18 16 
29 7 5 21 27 39 18 31 11 20 23 40 11 9 22 15 18 20 33 25 24 23 34 8 7 28 29 9 41 14 6 10 12 12 0 16 22 31 29 30 19 38 11 23 23 45 19 23 25 13 11 
41 22 17 28 24 51 34 34 9 33 37 55 9 18 23 28 32 10 44 30 38 31 38 24 23 29 44 21 44 3 16 13 4 28 16 0 39 46 37 32 31 41 28 17 39 60 15 20 40 26 15 
25 18 23 31 43 30 5 39 33 19 15 22 33 25 37 17 14 41 28 34 15 30 42 15 16 40 16 21 48 36 25 30 35 13 22 39 0 17 32 40 19 45 12 42 4 28 38 41 16 19 29 
12 31 35 25 40 12 21 30 37 36 32 9 42 37 34 33 31 43 13 27 33 23 31 23 27 33 1 34 36 44 36 32 43 27 31 46 17 0 21 32 36 34 19 41 13 14 38 38 6 19 41 
9 34 35 9 21 18 33 8 28 45 44 30 39 39 17 40 41 30 10 8 45 6 10 25 30 13 20 37 15 37 35 24 37 35 29 37 32 21 0 12 44 13 24 25 28 31 24 22 17 16 40 
21 36 36 9 10 30 39 3 24 49 49 41 36 39 9 43 45 22 22 6 50 10 6 29 33 2 31 39 11 33 36 21 33 39 30 32 40 32 12 0 48 9 29 17 37 43 16 12 28 21 40 
40 11 14 38 46 48 15 48 30 1 7 42 22 13 41 4 4 38 44 42 7 40 51 18 14 46 35 10 58 28 15 29 26 9 19 31 19 36 44 48 0 55 20 42 23 48 38 42 33 27 17 
22 44 44 16 18 28 45 7 33 56 56 42 45 48 18 51 52 32 21 13 57 15 3 36 41 11 33 47 2 42 44 30 42 46 38 41 45 34 13 9 55 0 36 25 41 42 26 21 31 28 48 
20 11 15 19 31 29 10 29 21 21 20 28 23 18 25 16 16 28 24 23 21 20 32 3 7 28 17 14 39 25 16 17 24 10 11 28 12 19 24 29 20 36 0 29 11 33 25 28 14 8 21 
32 30 27 17 7 43 38 20 12 43 46 51 23 30 8 38 41 6 35 17 47 20 23 27 29 14 39 31 28 19 26 12 19 35 23 17 42 41 25 17 42 25 29 0 40 54 4 4 35 23 28 
21 20 25 28 41 25 8 35 33 23 19 18 34 27 35 21 18 40 24 31 20 27 38 15 17 37 12 23 44 37 26 29 36 15 23 39 4 13 28 37 23 41 11 40 0 24 36 39 11 17 31 
22 44 49 37 52 14 33 40 51 48 43 6 57 51 46 45 43 57 21 38 43 35 40 37 40 44 16 47 44 58 50 46 57 40 45 60 28 14 31 43 48 42 33 54 24 0 51 51 20 33 55 
29 26 23 14 9 40 34 19 8 39 42 47 21 26 7 34 37 6 33 15 42 17 22 23 25 14 36 27 28 17 23 8 17 31 19 15 38 38 24 16 38 26 25 4 36 51 0 5 32 19 25 
29 31 28 13 4 39 38 15 14 44 46 48 26 31 5 38 41 10 31 13 47 16 18 26 29 10 37 32 23 22 28 13 22 35 23 20 41 38 22 12 42 21 28 4 39 51 5 0 33 21 31 
9 26 29 19 34 15 18 25 31 33 30 15 37 32 28 29 28 37 12 22 31 18 27 17 22 28 4 29 33 38 30 26 37 23 25 40 16 6 17 28 33 31 14 35 11 20 32 33 0 13 36 
15 17 19 11 24 25 18 20 18 28 28 29 24 22 17 23 24 24 19 15 29 12 24 8 13 20 17 20 31 25 19 13 24 18 13 26 19 19 16 21 27 28 8 23 17 33 19 21 13 0 25 
41 11 6 32 35 50 24 41 16 18 24 49 6 4 31 14 19 23 44 35 24 34 44 18 14 37 39 9 51 11 5 18 10 16 11 15 29 41 40 40 17 48 21 28 31 55 25 31 36 25 0 
0 628
81 269
75 263
337 525
215 403
292 480
18 206
138 326
384 572
381 569
140 328
251 439
400 588
46 234
71 259
64 252
92 280
204 392
22 210
398 586
2 190
119 307
173 361
233 421
103 291
318 506
106 294
303 491
160 348
249 437
131 319
387 575
116 304
205 393
79 267
437 625
265 453
273 461
31 219
43 231
45 233
189 377
411 599
248 436
100 288
337 525
184 372
389 577
290 478
170 358
95 283
