51
0 41 2 31 16 27 21 30 22 17 40 31 10 26 0 6 7 16 22 1 41 31 11 14 17 5 34 32 42 21 2 28 33 19 37 8 12 23 25 24 29 32 35 7 26 9 6 21 30 37 16 
41 0 38 18 35 17 22 27 19 38 1 15 37 45 41 40 34 50 37 40 33 10 51 41 28 45 7 8 43 21 39 14 8 29 29 47 40 37 36 44 28 13 9 44 31 43 47 20 43 44 26 
2 38 0 28 14 24 19 28 20 16 37 28 10 25 3 6 5 16 20 1 38 29 13 13 15 7 31 29 40 19 1 26 30 17 35 10 13 21 23 23 28 30 32 7 25 10 9 19 29 35 15 
31 18 28 0 19 5 21 9 10 22 17 22 32 28 31 32 26 35 19 29 17 16 39 25 26 34 13 11 25 20 29 6 10 13 13 39 36 19 18 27 33 21 8 31 34 37 38 18 25 26 23 
16 35 14 19 0 18 24 15 17 3 34 31 24 12 16 21 16 16 5 14 24 29 21 5 24 17 29 26 25 23 16 20 26 6 22 24 27 6 9 11 36 32 27 13 34 25 22 22 14 21 22 
27 17 24 5 18 0 16 12 5 21 16 18 27 28 27 27 21 33 19 25 22 13 36 23 21 30 11 9 29 15 25 2 8 11 17 34 30 19 19 27 28 17 9 28 29 32 33 13 26 29 18 
21 22 19 21 24 16 0 27 11 27 21 9 15 37 22 18 14 35 29 21 38 11 32 28 6 27 15 15 44 1 19 16 16 21 34 26 18 29 30 36 12 10 19 27 12 22 26 3 38 42 4 
30 27 28 9 15 12 27 0 16 16 26 31 34 20 30 33 27 30 12 28 11 25 36 20 30 32 22 20 17 26 29 14 19 10 7 38 38 12 10 19 40 29 18 29 40 38 37 24 16 17 27 
22 19 20 10 17 5 11 16 0 20 18 15 22 28 23 22 16 31 20 21 26 11 32 22 15 26 12 10 33 10 20 6 10 11 22 29 25 20 20 27 24 15 12 25 24 27 29 8 28 32 12 
17 38 16 22 3 21 27 16 20 0 37 35 26 9 17 22 19 13 4 15 25 32 20 4 27 17 32 30 24 27 18 23 29 9 23 25 29 5 8 8 39 35 30 13 37 27 23 25 12 19 25 
40 1 37 17 34 16 21 26 18 37 0 15 37 44 41 39 33 49 35 39 32 9 51 40 28 45 6 8 41 21 38 13 7 28 28 46 39 36 35 43 28 13 8 43 31 43 46 19 42 43 25 
31 15 28 22 31 18 9 31 15 35 15 0 24 44 31 28 23 44 35 30 40 7 42 36 15 36 11 12 48 9 28 16 13 27 36 35 26 36 36 43 12 2 17 36 15 30 35 10 44 47 14 
10 37 10 32 24 27 15 34 22 26 37 24 0 35 11 5 7 27 30 11 46 27 20 24 9 15 31 29 49 16 9 28 30 24 42 11 3 30 33 34 19 26 33 18 15 6 12 17 39 45 11 
26 45 25 28 12 28 37 20 28 9 44 44 35 0 25 31 28 15 9 24 24 40 25 11 36 24 39 37 19 36 26 31 37 17 24 33 38 8 10 1 49 44 36 20 47 35 30 34 6 13 34 
0 41 3 31 16 27 22 30 23 17 41 31 11 25 0 6 7 15 21 1 40 32 10 14 17 4 34 32 41 22 3 29 33 19 37 8 13 22 25 23 30 33 35 6 26 10 6 22 29 36 17 
6 40 6 32 21 27 18 33 22 22 39 28 5 31 6 0 6 22 27 7 44 30 15 20 13 10 33 31 46 19 4 29 32 23 41 7 6 27 30 30 24 29 35 13 20 4 7 19 35 42 13 
7 34 5 26 16 21 14 27 16 19 33 23 7 28 7 6 0 21 22 6 38 25 18 17 10 12 27 26 41 14 4 23 26 17 35 13 10 23 25 26 23 25 29 13 20 10 12 14 31 37 9 
16 50 16 35 16 33 35 30 31 13 49 44 27 15 15 22 21 0 18 15 38 42 10 10 32 11 43 41 35 34 18 36 41 22 36 20 28 18 21 14 44 44 42 9 41 24 18 34 22 29 31 
22 37 20 19 5 19 29 12 20 4 35 35 30 9 21 27 22 18 0 20 20 31 25 9 29 22 30 28 19 28 22 22 28 8 18 30 33 0 3 7 41 35 27 18 40 31 28 26 9 15 27 
1 40 1 29 14 25 21 28 21 15 39 30 11 24 1 7 6 15 20 0 39 31 11 13 17 5 33 31 40 21 2 27 31 17 36 10 14 21 23 22 29 31 33 6 26 11 8 20 28 35 16 
41 33 38 17 24 22 38 11 26 25 32 40 46 24 40 44 38 38 20 39 0 34 46 29 41 42 30 29 10 37 40 23 27 21 4 49 49 19 16 24 50 39 24 38 51 49 47 35 18 14 38 
31 10 29 16 29 13 11 25 11 32 9 7 27 40 32 30 25 42 31 31 34 0 42 34 18 36 4 5 42 11 29 10 6 23 29 37 30 32 31 39 19 5 10 36 21 33 37 10 39 42 16 
11 51 13 39 21 36 32 36 32 20 51 42 20 25 10 15 18 10 25 11 46 42 0 16 28 5 44 42 44 32 13 38 43 26 43 11 21 26 29 24 40 43 45 7 36 16 9 32 31 38 28 
14 41 13 25 5 23 28 20 22 4 40 36 24 11 14 20 17 10 9 13 29 34 16 0 26 13 34 32 28 27 15 26 32 12 27 22 27 9 12 9 39 36 32 9 37 24 20 26 15 23 24 
17 28 15 26 24 21 6 30 15 27 28 15 9 36 17 13 10 32 29 17 41 18 28 26 0 22 22 21 46 7 14 21 22 22 37 20 11 30 31 35 12 17 25 23 10 15 20 8 38 44 3 
5 45 7 34 17 30 27 32 26 17 45 36 15 24 4 10 12 11 22 5 42 36 5 13 22 0 38 37 41 26 7 32 37 22 39 9 17 22 26 22 34 37 39 3 31 12 6 26 29 36 22 
34 7 31 13 29 11 15 22 12 32 6 11 31 39 34 33 27 43 30 33 30 4 44 34 22 38 0 2 39 15 32 8 2 22 26 40 33 31 30 38 24 9 6 37 26 37 40 13 38 40 19 
32 8 29 11 26 9 15 20 10 30 8 12 29 37 32 31 26 41 28 31 29 5 42 32 21 37 2 0 37 14 30 6 1 20 24 39 32 29 28 36 24 10 5 35 26 35 38 12 36 38 18 
42 43 40 25 25 29 44 17 33 24 41 48 49 19 41 46 41 35 19 40 10 42 44 28 46 41 39 37 0 43 42 31 36 24 13 50 52 19 16 20 57 47 34 37 56 50 48 41 13 6 43 
21 21 19 20 23 15 1 26 10 27 21 9 16 36 22 19 14 34 28 21 37 11 32 27 7 26 15 14 43 0 19 14 15 20 33 26 18 28 29 35 13 10 18 26 13 22 26 2 37 41 5 
2 39 1 29 16 25 19 29 20 18 38 28 9 26 3 4 4 18 22 2 40 29 13 15 14 7 32 30 42 19 0 26 31 19 37 9 11 23 25 25 27 30 33 9 23 8 8 19 30 37 14 
28 14 26 6 20 2 16 14 6 23 13 16 28 31 29 29 23 36 22 27 23 10 38 26 21 32 8 6 31 14 26 0 6 14 19 36 31 22 21 30 27 15 6 30 28 33 35 12 29 31 18 
33 8 30 10 26 8 16 19 10 29 7 13 30 37 33 32 26 41 28 31 27 6 43 32 22 37 2 1 36 15 31 6 0 20 23 39 33 28 27 36 26 11 3 36 27 36 39 13 35 37 19 
19 29 17 13 6 11 21 10 11 9 28 27 24 17 19 23 17 22 8 17 21 23 26 12 22 22 22 20 24 20 19 14 20 0 18 28 28 9 9 16 33 26 20 19 32 27 26 18 17 22 19 
37 29 35 13 22 17 34 7 22 23 28 36 42 24 37 41 35 36 18 36 4 29 43 27 37 39 26 24 13 33 37 19 23 18 0 46 45 18 15 24 46 34 20 36 46 45 44 30 18 16 34 
8 47 10 39 24 34 26 38 29 25 46 35 11 33 8 7 13 20 30 10 49 37 11 22 20 9 40 39 50 26 9 36 39 28 46 0 10 31 34 31 30 37 42 12 26 5 2 27 38 45 21 
12 40 13 36 27 30 18 38 25 29 39 26 3 38 13 6 10 28 33 14 49 30 21 27 11 17 33 32 52 18 11 31 33 28 45 10 0 33 36 36 19 28 36 19 15 5 12 20 42 48 13 
23 37 21 19 6 19 29 12 20 5 36 36 30 8 22 27 23 18 0 21 19 32 26 9 30 22 31 29 19 28 23 22 28 9 18 31 33 0 3 7 42 35 28 19 40 32 29 27 8 14 27 
25 36 23 18 9 19 30 10 20 8 35 36 33 10 25 30 25 21 3 23 16 31 29 12 31 26 30 28 16 29 25 21 27 9 15 34 36 3 0 9 43 35 26 22 42 34 32 27 7 12 29 
24 44 23 27 11 27 36 19 27 8 43 43 34 1 23 30 26 14 7 22 24 39 24 9 35 22 38 36 20 35 25 30 36 16 24 31 36 7 9 0 47 43 35 18 46 34 29 33 7 14 33 
29 28 28 33 36 28 12 40 24 39 28 12 19 49 30 24 23 44 41 29 50 19 40 39 12 34 24 24 57 13 27 27 26 33 46 30 19 42 43 47 0 15 29 36 4 25 31 16 50 55 14 
32 13 30 21 32 17 10 29 15 35 13 2 26 44 33 29 25 44 35 31 39 5 43 36 17 37 9 10 47 10 30 15 11 26 34 37 28 35 35 43 15 0 15 37 18 32 37 10 43 46 15 
35 9 32 8 27 9 19 18 12 30 8 17 33 36 35 35 29 42 27 33 24 10 45 32 25 39 6 5 34 18 33 6 3 20 20 42 36 28 26 35 29 15 0 37 31 39 41 17 34 35 23 
7 44 7 31 13 28 27 29 25 13 43 36 18 20 6 13 13 9 18 6 38 36 7 9 23 3 37 35 37 26 9 30 36 19 36 12 19 19 22 18 36 37 37 0 32 15 10 26 25 32 22 
26 31 25 34 34 29 12 40 24 37 31 15 15 47 26 20 20 41 40 26 51 21 36 37 10 31 26 26 56 13 23 28 27 32 46 26 15 40 42 46 4 18 31 32 0 21 27 16 49 54 13 
9 43 10 37 25 32 22 38 27 27 43 30 6 35 10 4 10 24 31 11 49 33 16 24 15 12 37 35 50 22 8 33 36 27 45 5 5 32 34 34 25 32 39 15 21 0 7 23 39 46 17 
6 47 9 38 22 33 26 37 29 23 46 35 12 30 6 7 12 18 28 8 47 37 9 20 20 6 40 38 48 26 8 35 39 26 44 2 12 29 32 29 31 37 41 10 27 7 0 27 35 43 21 
21 20 19 18 22 13 3 24 8 25 19 10 17 34 22 19 14 34 26 20 35 10 32 26 8 26 13 12 41 2 19 12 13 18 30 27 20 27 27 33 16 10 17 26 16 23 27 0 35 39 6 
30 43 29 25 14 26 38 16 28 12 42 44 39 6 29 35 31 22 9 28 18 39 31 15 38 29 38 36 13 37 30 29 35 17 18 38 42 8 7 7 50 43 34 25 49 39 35 35 0 7 36 
37 44 35 26 21 29 42 17 32 19 43 47 45 13 36 42 37 29 15 35 14 42 38 23 44 36 40 38 6 41 37 31 37 22 16 45 48 14 12 14 55 46 35 32 54 46 43 39 7 0 41 
16 26 15 23 22 18 4 27 12 25 25 14 11 34 17 13 9 31 27 16 38 16 28 24 3 22 19 18 43 5 14 18 19 19 34 21 13 27 29 33 14 15 23 22 13 17 21 6 36 41 0 
0 655
204 466
156 418
103 365
48 310
367 629
45 307
292 554
157 419
373 635
179 441
184 446
367 629
130 392
254 516
341 603
209 471
314 576
234 496
67 329
84 346
14 276
133 395
379 641
110 372
146 408
43 305
252 514
250 512
300 562
296 558
357 619
44 306
317 579
280 542
26 288
328 590
122 384
310 572
15 277
45 307
351 613
158 420
17 279
318 580
368 630
247 509
156 418
352 614
367 629
180 442
