51
0 45 17 24 32 27 13 51 53 36 6 1 48 26 47 42 18 14 48 56 32 50 47 36 38 16 61 55 38 44 19 58 23 5 40 46 36 41 52 52 36 28 50 39 37 53 41 25 23 49 29 
45 0 37 21 22 18 32 33 18 11 42 46 31 19 33 4 29 31 17 26 14 18 5 32 7 39 20 21 7 43 26 23 29 40 10 38 39 14 31 10 9 24 18 12 14 8 13 22 38 27 28 
17 37 0 20 18 24 16 34 39 26 11 17 31 22 30 33 9 14 34 40 29 37 37 19 30 1 48 41 31 26 20 44 8 14 37 28 18 40 36 41 29 31 37 28 35 44 29 16 6 33 13 
24 21 20 0 16 3 10 37 32 13 22 25 34 2 35 19 11 10 28 37 8 30 23 27 14 21 38 35 14 38 5 37 15 19 17 36 31 19 37 29 11 12 30 18 14 29 20 8 24 33 18 
32 22 18 16 0 18 22 21 21 11 27 32 17 17 18 17 13 20 16 23 19 18 20 11 15 20 30 23 16 23 21 25 10 27 26 20 17 29 21 23 16 28 18 10 26 26 11 8 17 17 6 
27 18 24 3 18 0 13 38 31 12 25 28 35 1 36 17 15 13 27 37 5 30 22 29 13 24 37 34 12 40 7 37 18 22 14 38 34 16 37 27 9 10 29 17 11 27 20 10 27 33 21 
13 32 16 10 22 13 0 43 41 23 12 14 40 12 40 29 10 2 37 45 19 39 34 30 25 15 48 44 25 40 6 46 15 8 27 40 32 29 43 39 22 17 39 27 24 40 30 14 21 40 21 
51 33 34 37 21 38 43 0 18 28 45 52 3 38 4 29 33 41 16 11 39 16 28 15 30 36 26 17 31 16 42 17 29 47 42 10 19 46 3 27 33 48 16 23 43 33 20 30 30 6 22 
53 18 39 32 21 31 41 18 0 19 48 53 17 31 20 15 34 39 4 8 29 2 12 25 19 41 9 3 20 32 37 5 31 48 28 27 32 32 14 9 23 39 2 13 31 15 11 27 37 12 26 
36 11 26 13 11 12 23 28 19 0 32 36 25 12 27 7 19 21 15 25 10 17 11 22 3 28 25 22 4 34 18 24 18 30 14 30 29 18 26 16 5 21 17 5 15 17 8 11 27 22 17 
6 42 11 22 27 25 12 45 48 32 0 6 42 24 41 39 14 12 43 50 31 46 44 30 35 9 56 51 35 37 18 53 17 5 39 39 29 41 47 48 33 29 46 35 36 50 37 21 17 44 23 
1 46 17 25 32 28 14 52 53 36 6 0 48 26 48 43 19 15 48 56 33 51 48 36 39 16 61 56 39 43 20 58 23 5 41 45 36 43 53 53 36 30 51 40 38 54 42 26 23 50 29 
48 31 31 34 17 35 40 3 17 25 42 48 0 34 2 26 30 37 15 12 35 15 26 12 27 33 26 17 29 15 38 18 25 43 39 9 17 43 5 26 31 45 15 20 41 31 18 26 26 5 18 
26 19 22 2 17 1 12 38 31 12 24 26 34 0 35 17 13 12 27 37 6 29 22 27 13 23 37 34 13 39 7 36 17 21 15 37 32 17 37 27 10 11 29 17 12 27 20 9 25 33 20 
47 33 30 35 18 36 40 4 20 27 41 48 2 35 0 29 30 37 18 15 37 18 29 11 29 32 29 19 31 12 39 21 25 43 41 6 15 45 7 28 32 47 18 22 42 34 20 27 25 8 19 
42 4 33 19 17 17 29 29 15 7 39 43 26 17 29 0 26 28 13 23 13 15 4 27 4 35 19 19 4 38 24 21 25 37 13 34 34 17 26 10 7 24 15 7 16 10 8 18 33 22 23 
18 29 9 11 13 15 10 33 34 19 14 19 30 13 30 26 0 7 29 37 20 32 30 19 22 9 42 37 22 29 12 39 5 13 28 29 21 31 34 34 21 23 32 21 26 36 23 7 12 31 11 
14 31 14 10 20 13 2 41 39 21 12 15 37 12 37 28 7 0 34 43 18 37 33 27 24 13 47 42 24 37 6 44 13 9 27 37 29 29 41 38 21 18 37 25 24 38 27 11 19 37 18 
48 17 34 28 16 27 37 16 4 15 43 48 15 27 18 13 29 34 0 10 25 2 12 20 15 36 14 7 17 29 33 9 26 43 26 24 27 30 13 10 20 36 2 9 29 16 7 22 32 10 21 
56 26 40 37 23 37 45 11 8 25 50 56 12 37 15 23 37 43 10 0 35 8 21 23 26 42 14 5 27 28 42 6 33 51 36 22 29 40 8 17 30 46 8 19 39 23 17 31 37 7 27 
32 14 29 8 19 5 19 39 29 10 31 33 35 6 37 13 20 18 25 35 0 28 18 31 10 29 33 32 9 43 12 34 22 27 8 40 36 11 37 23 6 10 27 16 6 22 19 14 31 33 24 
50 18 37 30 18 30 39 16 2 17 46 51 15 29 18 15 32 37 2 8 28 0 13 22 18 38 12 5 19 30 35 7 28 45 28 24 29 32 12 10 22 38 0 12 31 16 9 25 34 9 23 
47 5 37 23 20 22 34 28 12 11 44 48 26 22 29 4 30 33 12 21 18 13 0 29 8 39 15 16 9 39 29 18 29 42 16 34 36 19 25 5 12 28 12 9 19 6 10 22 37 22 26 
36 32 19 27 11 29 30 15 25 22 30 36 12 27 11 27 19 27 20 23 31 22 29 0 26 21 34 26 27 11 30 27 14 32 37 10 7 41 17 30 28 39 22 20 37 35 19 18 14 15 8 
38 7 30 14 15 13 25 30 19 3 35 39 27 13 29 4 22 24 15 26 10 18 8 26 0 31 24 22 1 37 20 24 22 33 11 33 32 15 28 14 4 20 17 7 13 14 9 14 31 24 21 
16 39 1 21 20 24 15 36 41 28 9 16 33 23 32 35 9 13 36 42 29 38 39 21 31 0 50 43 32 27 20 45 9 13 38 30 20 40 38 42 30 31 38 29 36 45 31 16 7 35 15 
61 20 48 38 30 37 48 26 9 25 56 61 26 37 29 19 42 47 14 14 33 12 15 34 24 50 0 9 24 41 44 8 40 56 30 36 41 34 22 9 27 44 12 21 34 13 19 35 46 21 35 
55 21 41 35 23 34 44 17 3 22 51 56 17 34 19 19 37 42 7 5 32 5 16 26 22 43 9 0 23 32 41 2 33 50 32 26 32 36 13 12 26 43 5 17 35 18 14 30 39 11 28 
38 7 31 14 16 12 25 31 20 4 35 39 29 13 31 4 22 24 17 27 9 19 9 27 1 32 24 23 0 38 20 25 23 33 10 35 33 14 29 14 3 19 19 8 12 14 10 15 31 25 22 
44 43 26 38 23 40 40 16 32 34 37 43 15 39 12 38 29 37 29 28 43 30 39 11 37 27 41 32 38 0 41 33 24 40 49 6 7 52 20 39 39 50 30 31 49 45 29 30 20 20 19 
19 26 20 5 21 7 6 42 37 18 18 20 38 7 39 24 12 6 33 42 12 35 29 30 20 20 44 41 20 41 0 43 17 15 21 40 33 22 42 34 17 11 35 23 17 34 26 12 24 38 21 
58 23 44 37 25 37 46 17 5 24 53 58 18 36 21 21 39 44 9 6 34 7 18 27 24 45 8 2 25 33 43 0 36 53 34 27 34 37 14 13 28 45 7 19 37 19 17 32 41 12 30 
23 29 8 15 10 18 15 29 31 18 17 23 25 17 25 25 5 13 26 33 22 28 29 14 22 9 40 33 23 24 17 36 0 18 30 24 16 33 29 33 22 27 29 20 29 35 21 8 9 26 6 
5 40 14 19 27 22 8 47 48 30 5 5 43 21 43 37 13 9 43 51 27 45 42 32 33 13 56 50 33 40 15 53 18 0 36 42 32 37 48 47 31 25 45 34 32 48 36 20 20 45 24 
40 10 37 17 26 14 27 42 28 14 39 41 39 15 41 13 28 27 26 36 8 28 16 37 11 38 30 32 10 49 21 34 30 36 0 45 43 3 40 21 9 15 28 19 4 17 21 22 39 35 31 
46 38 28 36 20 38 40 10 27 30 39 45 9 37 6 34 29 37 24 22 40 24 34 10 33 30 36 26 35 6 40 27 24 42 45 0 10 49 14 34 36 49 24 27 46 40 25 28 22 15 18 
36 39 18 31 17 34 32 19 32 29 29 36 17 32 15 34 21 29 27 29 36 29 36 7 32 20 41 32 33 7 33 34 16 32 43 10 0 47 22 37 34 43 29 27 43 42 26 23 12 21 12 
41 14 40 19 29 16 29 46 32 18 41 43 43 17 45 17 31 29 30 40 11 32 19 41 15 40 34 36 14 52 22 37 33 37 3 49 47 0 43 24 13 14 32 23 4 20 25 25 42 39 34 
52 31 36 37 21 37 43 3 14 26 47 53 5 37 7 26 34 41 13 8 37 12 25 17 28 38 22 13 29 20 42 14 29 48 40 14 22 43 0 23 32 47 13 21 42 29 18 29 31 4 23 
52 10 41 29 23 27 39 27 9 16 48 53 26 27 28 10 34 38 10 17 23 10 5 30 14 42 9 12 14 39 34 13 33 47 21 34 37 24 23 0 18 34 10 12 24 6 12 27 40 20 29 
36 9 29 11 16 9 22 33 23 5 33 36 31 10 32 7 21 21 20 30 6 22 12 28 4 30 27 26 3 39 17 28 22 31 9 36 34 13 32 18 0 16 22 10 10 17 13 13 31 27 22 
28 24 31 12 28 10 17 48 39 21 29 30 45 11 47 24 23 18 36 46 10 38 28 39 20 31 44 43 19 50 11 45 27 25 15 49 43 14 47 34 16 0 38 27 10 32 29 20 36 43 31 
50 18 37 30 18 29 39 16 2 17 46 51 15 29 18 15 32 37 2 8 27 0 12 22 17 38 12 5 19 30 35 7 29 45 28 24 29 32 13 10 22 38 0 12 31 16 9 25 34 10 24 
39 12 28 18 10 17 27 23 13 5 35 40 20 17 22 7 21 25 9 19 16 12 9 20 7 29 21 17 8 31 23 19 20 34 19 27 27 23 21 12 10 27 12 0 20 16 2 14 27 17 17 
37 14 35 14 26 11 24 43 31 15 36 38 41 12 42 16 26 24 29 39 6 31 19 37 13 36 34 35 12 49 17 37 29 32 4 46 43 4 42 24 10 10 31 20 0 21 23 20 38 37 30 
53 8 44 29 26 27 40 33 15 17 50 54 31 27 34 10 36 38 16 23 22 16 6 35 14 45 13 18 14 45 34 19 35 48 17 40 42 20 29 6 17 32 16 16 21 0 16 28 43 26 33 
41 13 29 20 11 20 30 20 11 8 37 42 18 20 20 8 23 27 7 17 19 9 10 19 9 31 19 14 10 29 26 17 21 36 21 25 26 25 18 12 13 29 9 2 23 16 0 16 28 14 17 
25 22 16 8 8 10 14 30 27 11 21 26 26 9 27 18 7 11 22 31 14 25 22 18 14 16 35 30 15 30 12 32 8 20 22 28 23 25 29 27 13 20 25 14 20 28 16 0 17 26 10 
23 38 6 24 17 27 21 30 37 27 17 23 26 25 25 33 12 19 32 37 31 34 37 14 31 7 46 39 31 20 24 41 9 20 39 22 12 42 31 40 31 36 34 27 38 43 28 17 0 29 10 
49 27 33 33 17 33 40 6 12 22 44 50 5 33 8 22 31 37 10 7 33 9 22 15 24 35 21 11 25 20 38 12 26 45 35 15 21 39 4 20 27 43 10 17 37 26 14 26 29 0 20 
29 28 13 18 6 21 21 22 26 17 23 29 18 20 19 23 11 18 21 27 24 23 26 8 21 15 35 28 22 19 21 30 6 24 31 18 12 34 23 29 22 31 24 17 30 33 17 10 10 20 0 
0 710
349 562
27 240
495 708
232 445
210 423
23 236
146 359
413 626
29 242
323 536
189 402
23 236
86 299
16 229
99 312
164 377
52 265
215 428
363 576
143 356
215 428
206 419
300 513
118 331
178 391
464 677
114 327
235 448
294 507
75 288
232 445
114 327
332 545
102 315
427 640
214 427
488 701
297 510
454 667
266 479
123 336
43 256
83 296
45 258
382 595
348 561
141 354
215 428
53 266
92 305
