51
0 38 17 32 18 41 1 25 34 53 38 52 38 60 49 24 27 35 16 22 16 15 22 28 18 43 19 7 43 4 31 34 31 53 29 30 33 34 17 45 27 45 13 40 33 42 3 21 33 26 40 
38 0 35 6 40 46 38 13 4 48 2 32 1 44 23 30 38 25 35 25 34 43 32 31 20 19 43 44 55 42 49 27 50 45 8 51 52 7 42 60 10 25 25 35 44 22 41 18 11 50 14 
17 35 0 28 5 23 18 26 33 36 34 37 35 45 37 8 9 21 0 10 0 8 5 12 16 32 7 17 27 19 17 19 17 36 26 17 19 29 7 31 25 32 13 24 16 30 20 17 25 15 30 
32 6 28 0 33 40 32 9 6 44 6 30 6 42 22 24 31 20 28 18 27 36 25 25 14 17 36 38 49 36 43 21 44 40 2 44 45 2 35 54 5 22 19 30 37 19 35 11 6 43 12 
18 40 5 33 0 23 19 30 38 37 39 41 40 47 41 12 10 25 4 15 5 4 10 15 21 36 2 16 25 18 13 23 14 38 31 13 15 34 2 28 31 36 17 26 16 34 20 22 31 10 35 
41 46 23 40 23 0 42 43 47 15 44 28 46 29 35 19 13 22 24 24 24 27 20 16 36 32 22 39 10 42 14 19 15 18 40 17 15 39 25 15 41 28 34 13 7 29 43 34 35 20 35 
1 38 18 32 19 42 0 25 34 55 38 53 39 62 50 25 28 36 17 23 17 17 23 30 18 44 21 8 44 4 33 35 33 54 30 32 35 34 19 47 27 46 14 42 35 43 2 21 34 28 40 
25 13 26 9 30 43 25 0 9 49 14 38 14 49 31 24 32 25 26 19 25 32 24 27 9 25 33 32 50 29 42 26 43 47 7 43 44 12 32 55 4 30 13 35 38 27 28 9 14 41 21 
34 4 33 6 38 47 34 9 0 50 6 35 6 47 26 29 37 26 33 24 32 40 30 31 17 22 41 41 55 38 48 27 49 46 7 49 51 8 40 60 7 27 22 36 43 24 37 15 12 48 17 
53 48 36 44 37 15 55 49 50 0 46 20 47 15 30 29 27 24 37 33 37 42 31 25 44 30 37 53 23 55 30 23 31 5 44 33 31 42 39 27 46 24 44 14 22 27 57 42 37 36 34 
38 2 34 6 39 44 38 14 6 46 0 29 1 41 20 29 36 22 34 24 33 42 30 29 20 16 42 44 53 42 48 24 49 42 8 49 50 5 41 58 11 22 25 33 42 19 41 17 9 48 11 
52 32 37 30 41 28 53 38 35 20 29 0 31 11 10 29 31 16 38 29 38 45 31 25 37 13 42 54 38 55 40 18 41 15 31 43 42 27 43 44 34 8 39 16 31 11 55 33 24 45 18 
38 1 35 6 40 46 39 14 6 47 1 31 0 43 21 30 38 24 35 25 34 43 31 31 21 17 43 45 54 43 49 26 50 43 9 50 51 6 42 60 11 23 26 34 43 20 42 18 10 49 13 
60 44 45 42 47 29 62 49 47 15 41 11 43 0 21 36 37 25 46 38 45 52 39 32 47 25 48 62 38 63 43 26 44 11 43 46 44 39 49 43 46 19 49 21 35 22 64 44 35 49 30 
49 23 37 22 41 35 50 31 26 30 20 10 21 21 0 29 34 16 38 27 37 46 31 26 32 5 43 53 45 52 44 18 45 25 24 47 46 19 44 50 27 6 35 21 36 7 52 28 17 48 10 
24 30 8 24 12 19 25 24 29 29 29 29 30 36 29 0 7 13 9 5 9 17 2 4 16 24 14 25 26 26 19 11 20 28 22 20 21 23 15 30 23 23 15 16 14 22 27 15 19 19 23 
27 38 9 31 10 13 28 32 37 27 36 31 38 37 34 7 0 18 10 13 10 15 7 7 23 29 10 26 18 28 11 15 12 27 30 13 13 31 12 23 30 28 21 16 7 27 30 23 27 13 30 
35 25 21 20 25 22 36 25 26 24 22 16 24 25 16 13 18 0 22 13 22 30 16 10 21 11 27 38 31 38 29 2 30 21 20 31 31 18 28 36 22 10 23 10 21 9 39 18 13 31 13 
16 35 0 28 4 24 17 26 33 37 34 38 35 46 38 9 10 22 0 11 0 8 6 13 16 32 7 16 28 18 17 20 18 37 26 17 19 29 6 31 26 33 12 25 17 31 19 17 26 15 31 
22 25 10 18 15 24 23 19 24 33 24 29 25 38 27 5 13 13 11 0 10 19 6 8 11 21 17 25 31 25 24 11 25 32 17 25 26 19 17 36 17 22 11 19 19 20 26 10 15 24 20 
16 34 0 27 5 24 17 25 32 37 33 38 34 45 37 9 10 22 0 10 0 8 6 12 15 32 8 17 28 18 18 20 18 37 25 18 20 28 7 32 25 32 12 24 17 30 19 16 25 16 30 
15 43 8 36 4 27 17 32 40 42 42 45 43 52 46 17 15 30 8 19 8 0 14 20 23 40 4 11 28 15 16 28 16 43 34 14 17 37 2 30 33 40 18 31 20 39 17 24 34 11 39 
22 32 5 25 10 20 23 24 30 31 30 31 31 39 31 2 7 16 6 6 6 14 0 6 16 26 12 23 25 24 17 13 18 31 23 19 20 25 12 30 23 26 14 18 14 24 25 15 21 17 25 
28 31 12 25 15 16 30 27 31 25 29 25 31 32 26 4 7 10 13 8 12 20 6 0 19 22 17 29 24 31 18 8 20 24 24 21 21 24 17 29 25 20 19 12 12 19 31 18 20 21 22 
18 20 16 14 21 36 18 9 17 44 20 37 21 47 32 16 23 21 16 11 15 23 16 19 0 26 24 24 42 22 33 21 34 42 11 34 35 16 23 46 10 29 5 30 30 26 21 3 15 31 22 
43 19 32 17 36 32 44 25 22 30 16 13 17 25 5 24 29 11 32 21 32 40 26 22 26 0 38 47 42 46 40 14 41 26 18 43 42 14 38 48 21 5 29 19 32 3 46 22 11 43 4 
19 43 7 36 2 22 21 33 41 37 42 42 43 48 43 14 10 27 7 17 8 4 12 17 24 38 0 16 23 20 11 25 12 38 34 10 13 36 2 26 33 37 20 27 15 36 22 25 33 7 37 
7 44 17 38 16 39 8 32 41 53 44 54 45 62 53 25 26 38 16 25 17 11 23 29 24 47 16 0 40 4 28 36 28 54 36 26 29 40 14 41 34 48 19 41 32 46 7 27 38 22 45 
43 55 27 49 25 10 44 50 55 23 53 38 54 38 45 26 18 31 28 31 28 28 25 24 42 42 23 40 0 43 11 29 12 26 48 14 10 48 25 5 49 38 40 23 11 39 45 41 43 18 44 
4 42 19 36 18 42 4 29 38 55 42 55 43 63 52 26 28 38 18 25 18 15 24 31 22 46 20 4 43 0 31 37 31 55 34 30 33 38 17 45 31 48 17 43 34 46 2 25 37 26 44 
31 49 17 43 13 14 33 42 48 30 48 40 49 43 44 19 11 29 17 24 18 16 17 18 33 40 11 28 11 31 0 26 1 32 41 3 2 43 14 14 41 38 30 24 9 38 33 33 38 6 41 
34 27 19 21 23 19 35 26 27 23 24 18 26 26 18 11 15 2 20 11 20 28 13 8 21 14 25 36 29 37 26 0 27 21 21 28 28 20 25 34 23 12 22 9 18 11 37 18 15 29 15 
31 50 17 44 14 15 33 43 49 31 49 41 50 44 45 20 12 30 18 25 18 16 18 20 34 41 12 28 12 31 1 27 0 33 42 2 1 44 14 14 42 39 31 25 10 39 33 34 39 6 42 
53 45 36 40 38 18 54 47 46 5 42 15 43 11 25 28 27 21 37 32 37 43 31 24 42 26 38 54 26 55 32 21 33 0 41 35 33 38 40 31 43 20 43 12 24 22 56 39 34 38 30 
29 8 26 2 31 40 30 7 7 44 8 31 9 43 24 22 30 20 26 17 25 34 23 24 11 18 34 36 48 34 41 21 42 41 0 42 43 4 33 53 3 23 16 30 36 20 33 9 7 41 13 
30 51 17 44 13 17 32 43 49 33 49 43 50 46 47 20 13 31 17 25 18 14 19 21 34 43 10 26 14 30 3 28 2 35 42 0 3 44 13 15 42 40 30 27 12 40 32 34 40 4 43 
33 52 19 45 15 15 35 44 51 31 50 42 51 44 46 21 13 31 19 26 20 17 20 21 35 42 13 29 10 33 2 28 1 33 43 3 0 45 15 12 44 40 32 26 10 39 35 35 41 7 43 
34 7 29 2 34 39 34 12 8 42 5 27 6 39 19 23 31 18 29 19 28 37 25 24 16 14 36 40 48 38 43 20 44 38 4 44 45 0 36 53 7 19 21 28 36 16 37 13 4 43 9 
17 42 7 35 2 25 19 32 40 39 41 43 42 49 44 15 12 28 6 17 7 2 12 17 23 38 2 14 25 17 14 25 14 40 33 13 15 36 0 28 32 38 18 28 17 37 19 24 33 9 37 
45 60 31 54 28 15 47 55 60 27 58 44 60 43 50 30 23 36 31 36 32 30 30 29 46 48 26 41 5 45 14 34 14 31 53 15 12 53 28 0 53 44 44 28 16 44 47 46 49 19 50 
27 10 25 5 31 41 27 4 7 46 11 34 11 46 27 23 30 22 26 17 25 33 23 25 10 21 33 34 49 31 41 23 42 43 3 42 44 7 32 53 0 26 15 32 37 23 30 8 10 41 17 
45 25 32 22 36 28 46 30 27 24 22 8 23 19 6 23 28 10 33 22 32 40 26 20 29 5 37 48 38 48 38 12 39 20 23 40 40 19 38 44 26 0 32 15 29 3 48 25 16 41 10 
13 25 13 19 17 34 14 13 22 44 25 39 26 49 35 15 21 23 12 11 12 18 14 19 5 29 20 19 40 17 30 22 31 43 16 30 32 21 18 44 15 32 0 30 28 29 17 7 19 28 26 
40 35 24 30 26 13 42 35 36 14 33 16 34 21 21 16 16 10 25 19 24 31 18 12 30 19 27 41 23 43 24 9 25 12 30 27 26 28 28 28 32 15 30 0 15 16 44 27 23 29 22 
33 44 16 37 16 7 35 38 43 22 42 31 43 35 36 14 7 21 17 19 17 20 14 12 30 32 15 32 11 34 9 18 10 24 36 12 10 36 17 16 37 29 28 15 0 29 36 29 32 14 34 
42 22 30 19 34 29 43 27 24 27 19 11 20 22 7 22 27 9 31 20 30 39 24 19 26 3 36 46 39 46 38 11 39 22 20 40 39 16 37 44 23 3 29 16 29 0 46 23 12 40 7 
3 41 20 35 20 43 2 28 37 57 41 55 42 64 52 27 30 39 19 26 19 17 25 31 21 46 22 7 45 2 33 37 33 56 33 32 35 37 19 47 30 48 17 44 36 46 0 24 36 28 43 
21 18 17 11 22 34 21 9 15 42 17 33 18 44 28 15 23 18 17 10 16 24 15 18 3 22 25 27 41 25 33 18 34 39 9 34 35 13 24 46 8 25 7 27 29 23 24 0 12 32 19 
33 11 25 6 31 35 34 14 12 37 9 24 10 35 17 19 27 13 26 15 25 34 21 20 15 11 33 38 43 37 38 15 39 34 7 40 41 4 33 49 10 16 19 23 32 12 36 12 0 39 7 
26 50 15 43 10 20 28 41 48 36 48 45 49 49 48 19 13 31 15 24 16 11 17 21 31 43 7 22 18 26 6 29 6 38 41 4 7 43 9 19 41 41 28 29 14 40 28 32 39 0 43 
40 14 30 12 35 35 40 21 17 34 11 18 13 30 10 23 30 13 31 20 30 39 25 22 22 4 37 45 44 44 41 15 42 30 13 43 43 9 37 50 17 10 26 22 34 7 43 19 7 43 0 
0 409
62 62
78 78
249 249
37 37
252 252
338 338
350 350
124 124
303 303
122 122
396 396
337 337
292 292
388 388
290 290
376 376
116 116
105 105
162 162
239 239
298 298
225 225
58 58
238 238
138 138
40 40
269 269
209 209
178 178
304 304
165 165
103 103
158 158
54 54
44 44
61 61
372 372
285 285
345 345
86 86
99 99
348 348
127 127
154 154
371 371
374 374
40 40
76 76
67 67
162 162
