51
0 40 37 38 16 19 0 15 39 37 14 28 41 37 34 18 15 44 22 2 37 42 29 39 25 29 10 28 21 40 27 6 21 23 21 47 31 45 32 16 16 6 47 20 9 23 47 25 26 2 28 
40 0 54 42 23 25 40 42 16 4 44 17 10 51 36 29 45 25 29 42 57 18 12 7 14 11 31 28 39 4 19 40 45 17 23 45 39 42 12 23 47 42 42 37 36 52 30 19 48 39 13 
37 54 0 14 42 31 38 22 41 49 23 37 48 3 19 28 23 37 26 36 5 41 49 48 46 44 44 26 18 51 35 31 16 47 34 21 15 22 41 42 22 31 24 20 30 17 35 35 11 39 41 
38 42 14 0 36 25 38 25 27 38 26 27 35 11 6 23 27 23 19 38 20 27 40 35 38 34 41 15 17 39 25 32 21 39 26 9 7 8 30 37 27 33 11 18 29 26 20 26 18 39 31 
16 23 42 36 0 11 16 22 26 21 24 14 26 40 30 13 25 33 17 18 43 29 12 24 9 13 8 21 24 24 14 17 27 7 10 43 29 41 17 0 27 19 42 21 14 33 37 13 32 15 14 
19 25 31 25 11 0 19 16 20 21 18 9 23 29 18 3 20 25 5 20 33 23 18 22 14 14 17 10 14 24 8 16 19 15 2 32 18 29 14 12 21 18 31 12 11 26 28 6 23 19 12 
0 40 38 38 16 19 0 15 39 37 15 28 41 38 34 18 15 44 22 2 37 42 29 39 25 29 10 28 21 40 27 7 21 23 21 47 31 46 32 16 16 6 47 20 9 23 47 25 26 2 28 
15 42 22 25 22 16 15 0 35 38 1 26 40 22 22 13 3 37 14 14 22 37 33 38 30 30 22 20 7 40 24 8 5 29 19 34 18 33 31 23 5 9 35 7 8 10 38 23 11 17 28 
39 16 41 27 26 20 39 35 0 12 37 11 7 37 21 22 38 9 20 41 45 3 21 8 20 14 34 16 30 12 12 36 36 23 18 29 25 26 9 26 40 38 25 28 31 43 14 13 38 39 12 
37 4 49 38 21 21 37 38 12 0 39 12 7 46 31 24 41 21 24 39 52 15 10 4 12 7 29 23 35 2 14 36 40 15 18 41 34 38 7 21 43 38 38 32 32 47 27 15 44 36 9 
14 44 23 26 24 18 15 1 37 39 0 27 42 23 24 15 1 39 16 13 22 39 35 40 31 32 23 21 9 42 26 8 6 30 21 35 19 34 32 24 3 8 36 9 9 9 40 25 11 17 30 
28 17 37 27 14 9 28 26 11 12 27 0 14 35 20 12 29 18 12 29 40 15 13 12 11 7 23 11 22 14 1 25 28 14 7 32 22 29 5 15 31 27 29 20 21 35 22 2 31 27 4 
41 10 48 35 26 23 41 40 7 7 42 14 0 45 28 26 43 15 25 43 52 9 18 2 18 13 35 22 36 6 15 40 41 22 21 36 32 33 9 26 45 42 33 33 35 49 21 17 44 41 12 
37 51 3 11 40 29 38 22 37 46 23 35 45 0 16 27 24 34 24 37 8 38 47 45 44 42 43 23 17 48 33 31 17 45 32 17 12 18 39 41 23 31 21 19 29 19 31 33 12 39 38 
34 36 19 6 30 18 34 22 21 31 24 20 28 16 0 17 26 18 13 34 24 22 34 29 31 27 36 9 15 32 18 28 20 33 20 13 5 11 23 31 26 30 13 15 25 26 16 19 19 35 24 
18 29 28 23 13 3 18 13 22 24 15 12 26 27 17 0 17 26 4 19 30 25 21 25 17 17 18 10 11 27 10 14 16 18 6 31 16 29 17 14 18 16 30 9 9 23 28 9 20 18 15 
15 45 23 27 25 20 15 3 38 41 1 29 43 24 26 17 0 40 18 13 22 41 36 42 32 34 24 23 10 44 28 8 7 32 22 36 21 36 34 25 1 8 38 11 10 8 41 26 12 17 32 
44 25 37 23 33 25 44 37 9 21 39 18 15 34 18 26 40 0 22 45 42 6 29 17 28 23 41 17 31 21 18 40 36 31 23 22 23 19 17 33 41 42 18 29 36 43 5 19 37 44 20 
22 29 26 19 17 5 22 14 20 24 16 12 25 24 13 4 18 22 0 23 28 23 23 24 20 18 22 5 10 27 10 17 16 21 7 26 12 24 17 18 19 19 26 8 13 23 24 9 19 23 15 
2 42 36 38 18 20 2 14 41 39 13 29 43 37 34 19 13 45 23 0 35 44 31 41 28 31 13 29 20 42 28 6 20 26 22 47 31 45 34 19 15 5 47 20 9 21 48 27 25 4 30 
37 57 5 20 43 33 37 22 45 52 22 40 52 8 24 30 22 42 28 35 0 46 52 51 48 47 45 29 19 54 38 30 16 49 36 26 19 27 45 44 20 30 30 21 30 14 40 38 10 39 44 
42 18 41 27 29 23 42 37 3 15 39 15 9 38 22 25 41 6 23 44 46 0 24 11 24 18 38 18 32 14 15 39 38 27 21 28 26 25 12 30 42 41 24 30 35 45 12 17 39 42 16 
29 12 49 40 12 18 29 33 21 10 35 13 18 47 34 21 36 29 23 31 52 24 0 15 3 6 19 25 33 13 15 30 37 5 15 46 35 43 12 12 38 32 43 30 26 44 35 14 42 27 10 
39 7 48 35 24 22 39 38 8 4 40 12 2 45 29 25 42 17 24 41 51 11 15 0 16 10 32 22 35 3 14 38 40 19 19 37 32 35 7 24 44 40 34 32 33 48 23 15 43 38 10 
25 14 46 38 9 14 25 30 20 12 31 11 18 44 31 17 32 28 20 28 48 24 3 16 0 5 17 22 29 15 12 26 34 3 12 43 32 41 11 9 34 28 41 26 22 40 33 11 38 24 8 
29 11 44 34 13 14 29 30 14 7 32 7 13 42 27 17 34 23 18 31 47 18 6 10 5 0 21 19 28 10 9 28 34 8 11 39 29 36 5 13 35 30 37 26 24 40 28 9 37 28 3 
10 31 44 41 8 17 10 22 34 29 23 23 35 43 36 18 24 41 22 13 45 38 19 32 17 21 0 28 26 32 23 15 28 14 17 49 34 47 26 8 25 16 48 24 14 32 45 21 34 9 22 
28 28 26 15 21 10 28 20 16 23 21 11 22 23 9 10 23 17 5 29 29 18 25 22 22 19 28 0 14 25 9 23 19 23 10 22 10 19 15 22 24 25 20 12 19 27 18 10 21 28 15 
21 39 18 17 24 14 21 7 30 35 9 22 36 17 15 11 10 31 10 20 19 32 33 35 29 28 26 14 0 37 21 14 5 29 17 26 11 25 27 24 11 15 27 2 12 13 31 20 9 22 26 
40 4 51 39 24 24 40 40 12 2 42 14 6 48 32 27 44 21 27 42 54 14 13 3 15 10 32 25 37 0 16 39 43 18 21 41 36 38 9 24 45 41 38 35 34 50 26 17 46 39 11 
27 19 35 25 14 8 27 24 12 14 26 1 15 33 18 10 28 18 10 28 38 15 15 14 12 9 23 9 21 16 0 24 26 15 6 30 20 28 6 15 29 26 28 18 19 33 22 1 29 27 5 
6 40 31 32 17 16 7 8 36 36 8 25 40 31 28 14 8 40 17 6 30 39 30 38 26 28 15 23 14 39 24 0 14 25 18 41 25 39 30 18 10 1 41 13 4 17 42 23 19 8 27 
21 45 16 21 27 19 21 5 36 40 6 28 41 17 20 16 7 36 16 20 16 38 37 40 34 34 28 19 5 43 26 14 0 34 22 30 15 29 33 28 6 14 31 8 14 7 36 25 5 23 31 
23 17 47 39 7 15 23 29 23 15 30 14 22 45 33 18 32 31 21 26 49 27 5 19 3 8 14 23 29 18 15 25 34 0 13 45 33 43 14 6 34 26 43 27 21 40 36 14 38 22 11 
21 23 34 26 10 2 21 19 18 18 21 7 21 32 20 6 22 23 7 22 36 21 15 19 12 11 17 10 17 21 6 18 22 13 0 33 20 30 11 11 24 20 31 14 14 29 27 4 26 21 9 
47 45 21 9 43 32 47 34 29 41 35 32 36 17 13 31 36 22 26 47 26 28 46 37 43 39 49 22 26 41 30 41 30 45 33 0 16 2 34 44 36 42 4 27 38 34 17 31 27 48 35 
31 39 15 7 29 18 31 18 25 34 19 22 32 12 5 16 21 23 12 31 19 26 35 32 32 29 34 10 11 36 20 25 15 33 20 16 0 14 26 30 21 26 16 11 22 21 22 20 14 32 26 
45 42 22 8 41 29 46 33 26 38 34 29 33 18 11 29 36 19 24 45 27 25 43 35 41 36 47 19 25 38 28 39 29 43 30 2 14 0 31 42 36 41 2 25 36 34 15 29 27 46 33 
32 12 41 30 17 14 32 31 9 7 32 5 9 39 23 17 34 17 17 34 45 12 12 7 11 5 26 15 27 9 6 30 33 14 11 34 26 31 0 17 36 32 31 25 25 40 22 7 36 31 3 
16 23 42 37 0 12 16 23 26 21 24 15 26 41 31 14 25 33 18 19 44 30 12 24 9 13 8 22 24 24 15 18 28 6 11 44 30 42 17 0 27 20 43 22 15 34 37 14 33 15 14 
16 47 22 27 27 21 16 5 40 43 3 31 45 23 26 18 1 41 19 15 20 42 38 44 34 35 25 24 11 45 29 10 6 34 24 36 21 36 36 27 0 10 38 12 12 7 42 28 11 18 33 
6 42 31 33 19 18 6 9 38 38 8 27 42 31 30 16 8 42 19 5 30 41 32 40 28 30 16 25 15 41 26 1 14 26 20 42 26 41 32 20 10 0 43 15 6 17 44 25 20 8 29 
47 42 24 11 42 31 47 35 25 38 36 29 33 21 13 30 38 18 26 47 30 24 43 34 41 37 48 20 27 38 28 41 31 43 31 4 16 2 31 43 38 43 0 27 38 37 13 29 29 48 33 
20 37 20 18 21 12 20 7 28 32 9 20 33 19 15 9 11 29 8 20 21 30 30 32 26 26 24 12 2 35 18 13 8 27 14 27 11 25 25 22 12 15 27 0 11 15 30 17 11 21 23 
9 36 30 29 14 11 9 8 31 32 9 21 35 29 25 9 10 36 13 9 30 35 26 33 22 24 14 19 12 34 19 4 14 21 14 38 22 36 25 15 12 6 38 11 0 19 38 18 19 10 23 
23 52 17 26 33 26 23 10 43 47 9 35 49 19 26 23 8 43 23 21 14 45 44 48 40 40 32 27 13 50 33 17 7 40 29 34 21 34 40 34 7 17 37 15 19 0 43 32 7 25 38 
47 30 35 20 37 28 47 38 14 27 40 22 21 31 16 28 41 5 24 48 40 12 35 23 33 28 45 18 31 26 22 42 36 36 27 17 22 15 22 37 42 44 13 30 38 43 0 23 36 47 25 
25 19 35 26 13 6 25 23 13 15 25 2 17 33 19 9 26 19 9 27 38 17 14 15 11 9 21 10 20 17 1 23 25 14 4 31 20 29 7 14 28 25 29 17 18 32 23 0 29 25 6 
26 48 11 18 32 23 26 11 38 44 11 31 44 12 19 20 12 37 19 25 10 39 42 43 38 37 34 21 9 46 29 19 5 38 26 27 14 27 36 33 11 20 29 11 19 7 36 29 0 28 35 
2 39 39 39 15 19 2 17 39 36 17 27 41 39 35 18 17 44 23 4 39 42 27 38 24 28 9 28 22 39 27 8 23 22 21 48 32 46 31 15 18 8 48 21 10 25 47 25 28 0 28 
28 13 41 31 14 12 28 28 12 9 30 4 12 38 24 15 32 20 15 30 44 16 10 10 8 3 22 15 26 11 5 27 31 11 9 35 26 33 3 14 33 29 33 23 23 38 25 6 35 28 0 
0 273
129 238
31 140
19 128
53 162
149 258
110 219
30 139
103 212
83 192
48 157
157 266
102 211
115 224
57 166
131 240
56 165
57 166
44 153
51 160
73 182
155 264
78 187
90 199
155 264
156 265
79 188
75 184
21 130
144 253
45 154
45 154
113 222
44 153
95 204
130 239
64 173
106 215
75 184
29 138
15 124
59 168
11 120
46 155
22 131
143 252
27 136
109 218
154 263
72 181
107 216
