51
0 50 21 31 26 58 11 46 32 8 33 4 13 48 55 16 6 31 20 20 44 26 20 31 12 35 25 42 47 35 18 21 25 36 16 8 27 18 9 50 12 47 41 48 42 22 40 44 43 57 21 
50 0 40 53 49 24 38 16 23 46 21 46 44 7 32 37 50 26 31 31 17 32 44 47 40 20 29 31 10 37 35 35 31 49 33 42 25 33 41 8 39 11 8 26 11 38 13 9 24 26 29 
21 40 0 15 10 40 16 44 33 13 19 16 8 41 34 26 26 14 24 23 43 8 4 12 24 33 28 22 33 14 7 5 8 16 15 19 14 10 14 37 12 33 33 29 37 1 36 38 24 38 20 
31 53 15 0 5 46 30 59 48 24 31 27 19 55 37 40 37 26 39 39 58 21 12 6 38 49 44 26 44 17 22 20 22 7 30 32 29 26 27 48 26 43 46 34 51 16 50 52 32 44 36 
26 49 10 5 0 45 25 55 43 18 28 22 14 51 38 35 32 23 34 33 53 18 7 6 32 44 39 26 41 16 17 15 18 10 25 27 25 21 22 45 20 41 43 34 47 11 46 48 31 44 31 
58 24 40 46 45 0 47 40 42 51 24 53 48 31 11 51 61 27 46 45 41 32 44 40 52 40 45 19 15 29 39 37 33 40 42 52 30 39 49 16 46 14 26 11 34 38 35 31 15 3 41 
11 38 16 30 25 47 0 36 22 9 23 8 11 37 45 10 13 21 10 10 34 17 17 28 7 24 16 33 35 28 10 13 16 32 5 4 17 8 3 38 4 36 30 38 31 16 29 33 33 47 10 
46 16 44 59 55 40 36 0 14 45 29 44 45 9 47 30 45 33 26 26 2 37 48 54 34 11 21 43 25 46 37 39 36 57 32 38 30 34 40 23 38 26 15 40 7 43 8 8 36 42 26 
32 23 33 48 43 42 22 14 0 31 23 30 32 18 46 16 30 26 11 12 12 28 36 44 19 3 7 38 27 39 26 28 26 48 19 24 21 22 26 28 25 28 16 39 12 32 10 14 33 44 13 
8 46 13 24 18 51 9 45 31 0 27 3 4 45 47 18 13 24 20 19 43 19 12 23 15 33 25 35 41 27 11 14 18 28 13 9 21 12 5 45 6 41 38 41 39 14 38 41 36 50 18 
33 21 19 31 28 24 23 29 23 27 0 29 25 24 24 27 36 4 22 21 29 10 23 25 28 22 23 15 14 17 16 14 10 28 18 27 6 15 24 17 21 14 15 16 21 17 21 21 11 24 17 
4 46 16 27 22 53 8 44 30 3 29 0 8 45 50 16 10 26 18 18 43 21 15 27 12 33 24 37 43 30 14 16 20 31 13 6 23 14 5 46 7 43 38 43 39 17 37 41 38 53 18 
13 44 8 19 14 48 11 45 32 4 25 8 0 44 43 21 18 21 22 21 44 15 7 18 18 34 27 30 39 23 9 10 14 23 13 13 19 11 8 42 7 39 36 37 39 10 37 41 32 47 19 
48 7 41 55 51 31 37 9 18 45 24 45 44 0 38 33 47 29 28 28 10 33 45 50 37 14 25 36 16 41 36 36 33 52 32 40 26 33 40 15 38 17 8 32 6 40 8 3 29 33 27 
55 32 34 37 38 11 45 47 46 47 24 50 43 38 0 51 58 24 46 45 47 28 37 32 51 44 47 12 22 21 36 33 29 30 41 50 29 37 46 24 43 21 32 7 40 33 40 38 13 8 41 
16 37 26 40 35 51 10 30 16 18 27 16 21 33 51 0 14 27 5 6 28 25 27 38 3 19 9 40 37 37 19 22 24 42 11 9 22 16 13 39 14 38 29 44 27 26 25 30 38 51 9 
6 50 26 37 32 61 13 45 30 13 36 10 18 47 58 14 0 34 18 19 42 30 26 37 10 33 23 46 48 40 22 25 29 42 18 9 30 21 12 51 15 49 42 52 41 27 39 43 46 60 21 
31 26 14 26 23 27 21 33 26 24 4 26 21 29 24 27 34 0 23 22 33 6 18 20 27 25 25 13 18 13 12 10 6 23 16 25 5 12 22 22 19 18 20 17 25 12 25 26 12 26 17 
20 31 24 39 34 46 10 26 11 20 22 18 22 28 46 5 18 23 0 1 24 22 27 36 8 14 5 36 31 34 17 20 21 40 9 12 18 13 14 34 14 32 23 39 22 24 20 24 33 46 5 
20 31 23 39 33 45 10 26 12 19 21 18 21 28 45 6 19 22 1 0 24 21 26 35 8 14 5 35 31 33 16 19 19 39 8 12 16 12 14 33 13 31 23 38 22 23 20 24 32 45 4 
44 17 43 58 53 41 34 2 12 43 29 43 44 10 47 28 42 33 24 24 0 36 46 53 32 9 19 43 26 46 36 38 35 56 30 36 29 33 38 25 37 27 15 41 7 42 8 9 36 43 24 
26 32 8 21 18 32 17 37 28 19 10 21 15 33 28 25 30 6 22 21 36 0 12 16 24 28 25 16 24 12 7 5 1 19 14 21 7 9 18 28 14 24 25 22 30 6 29 30 17 31 17 
20 44 4 12 7 44 17 48 36 12 23 15 7 45 37 27 26 18 27 26 46 12 0 11 25 37 31 25 37 16 10 9 12 15 17 20 19 13 15 41 13 37 37 32 41 5 39 42 28 42 23 
31 47 12 6 6 40 28 54 44 23 25 27 18 50 32 38 37 20 36 35 53 16 11 0 36 44 40 20 38 10 19 16 17 4 27 31 23 22 26 42 24 37 41 28 46 12 45 47 26 38 32 
12 40 24 38 32 52 7 34 19 15 28 12 18 37 51 3 10 27 8 8 32 24 25 36 0 23 12 40 39 36 17 21 23 40 10 5 22 15 10 41 12 39 32 44 30 24 28 33 39 52 11 
35 20 33 49 44 40 24 11 3 33 22 33 34 14 44 19 33 25 14 14 9 28 37 44 23 0 10 37 24 39 27 28 27 48 21 26 21 23 28 25 27 25 13 37 8 33 6 11 32 41 14 
25 29 28 44 39 45 16 21 7 25 23 24 27 25 47 9 23 25 5 5 19 25 31 40 12 10 0 38 30 37 21 24 24 44 14 17 20 18 19 32 19 31 21 40 18 28 16 21 34 46 8 
42 31 22 26 26 19 33 43 38 35 15 37 30 36 12 40 46 13 36 35 43 16 25 20 40 37 38 0 20 9 24 21 17 20 29 38 18 25 34 24 31 20 28 7 35 20 35 34 7 17 31 
47 10 33 44 41 15 35 25 27 41 14 43 39 16 22 37 48 18 31 31 26 24 37 38 39 24 30 20 0 28 30 28 24 39 30 39 19 28 38 3 35 0 11 16 18 31 19 16 13 17 27 
35 37 14 17 16 29 28 46 39 27 17 30 23 41 21 37 40 13 34 33 46 12 16 10 36 39 37 9 28 0 18 15 13 11 26 32 17 21 28 32 25 27 32 17 39 13 38 39 15 27 29 
18 35 7 22 17 39 10 37 26 11 16 14 9 36 36 19 22 12 17 16 36 7 10 19 17 27 21 24 30 18 0 3 6 23 8 14 10 3 10 33 6 30 27 29 31 7 29 32 24 39 13 
21 35 5 20 15 37 13 39 28 14 14 16 10 36 33 22 25 10 20 19 38 5 9 16 21 28 24 21 28 15 3 0 4 20 11 17 9 6 13 32 10 29 28 27 32 4 30 33 22 36 15 
25 31 8 22 18 33 16 36 26 18 10 20 14 33 29 24 29 6 21 19 35 1 12 17 23 27 24 17 24 13 6 4 0 21 12 20 6 8 16 28 13 24 24 23 29 7 28 30 17 32 16 
36 49 16 7 10 40 32 57 48 28 28 31 23 52 30 42 42 23 40 39 56 19 15 4 40 48 44 20 39 11 23 20 21 0 31 35 27 26 30 43 28 39 43 28 49 16 48 49 27 37 36 
16 33 15 30 25 42 5 32 19 13 18 13 13 32 41 11 18 16 9 8 30 14 17 27 10 21 14 29 30 26 8 11 12 31 0 9 12 4 8 33 6 30 25 34 26 15 24 28 28 42 6 
8 42 19 32 27 52 4 38 24 9 27 6 13 40 50 9 9 25 12 12 36 21 20 31 5 26 17 38 39 32 14 17 20 35 9 0 21 12 4 42 7 40 33 43 33 20 32 36 37 51 13 
27 25 14 29 25 30 17 30 21 21 6 23 19 26 29 22 30 5 18 16 29 7 19 23 22 21 20 18 19 17 10 9 6 27 12 21 0 9 18 23 15 19 18 22 22 13 21 23 16 30 12 
18 33 10 26 21 39 8 34 22 12 15 14 11 33 37 16 21 12 13 12 33 9 13 22 15 23 18 25 28 21 3 6 8 26 4 12 9 0 9 32 6 29 25 30 28 10 26 29 25 39 9 
9 41 14 27 22 49 3 40 26 5 24 5 8 40 46 13 12 22 14 14 38 18 15 26 10 28 19 34 38 28 10 13 16 30 8 4 18 9 0 41 3 38 33 39 34 15 32 36 34 48 13 
50 8 37 48 45 16 38 23 28 45 17 46 42 15 24 39 51 22 34 33 25 28 41 42 41 25 32 24 3 32 33 32 28 43 33 42 23 32 41 0 38 4 11 19 18 35 19 15 17 18 30 
12 39 12 26 20 46 4 38 25 6 21 7 7 38 43 14 15 19 14 13 37 14 13 24 12 27 19 31 35 25 6 10 13 28 6 7 15 6 3 38 0 35 31 36 32 12 31 34 31 45 12 
47 11 33 43 41 14 36 26 28 41 14 43 39 17 21 38 49 18 32 31 27 24 37 37 39 25 31 20 0 27 30 29 24 39 30 40 19 29 38 4 35 0 12 15 19 31 20 17 12 16 28 
41 8 33 46 43 26 30 15 16 38 15 38 36 8 32 29 42 20 23 23 15 25 37 41 32 13 21 28 11 32 27 28 24 43 25 33 18 25 33 11 31 12 0 25 7 31 8 6 21 28 20 
48 26 29 34 34 11 38 40 39 41 16 43 37 32 7 44 52 17 39 38 41 22 32 28 44 37 40 7 16 17 29 27 23 28 34 43 22 30 39 19 36 15 25 0 33 27 33 32 5 9 34 
42 11 37 51 47 34 31 7 12 39 21 39 39 6 40 27 41 25 22 22 7 30 41 46 30 8 18 35 18 39 31 32 29 49 26 33 22 28 34 18 32 19 7 33 0 35 1 2 29 35 20 
22 38 1 16 11 38 16 43 32 14 17 17 10 40 33 26 27 12 24 23 42 6 5 12 24 33 28 20 31 13 7 4 7 16 15 20 13 10 15 35 12 31 31 27 35 0 34 36 22 37 20 
40 13 36 50 46 35 29 8 10 38 21 37 37 8 40 25 39 25 20 20 8 29 39 45 28 6 16 35 19 38 29 30 28 48 24 32 21 26 32 19 31 20 8 33 1 34 0 4 29 36 19 
44 9 38 52 48 31 33 8 14 41 21 41 41 3 38 30 43 26 24 24 9 30 42 47 33 11 21 34 16 39 32 33 30 49 28 36 23 29 36 15 34 17 6 32 2 36 4 0 28 33 23 
43 24 24 32 31 15 33 36 33 36 11 38 32 29 13 38 46 12 33 32 36 17 28 26 39 32 34 7 13 15 24 22 17 27 28 37 16 25 34 17 31 12 21 5 29 22 29 28 0 14 28 
57 26 38 44 44 3 47 42 44 50 24 53 47 33 8 51 60 26 46 45 43 31 42 38 52 41 46 17 17 27 39 36 32 37 42 51 30 39 48 18 45 16 28 9 35 37 36 33 14 0 41 
21 29 20 36 31 41 10 26 13 18 17 18 19 27 41 9 21 17 5 4 24 17 23 32 11 14 8 31 27 29 13 15 16 36 6 13 12 9 13 30 12 28 20 34 20 20 19 23 28 41 0 
0 409
198 402
166 370
187 391
195 399
130 334
118 322
56 260
18 222
167 371
41 245
26 230
127 331
10 214
77 281
50 254
200 404
9 213
105 309
75 279
11 215
51 255
165 369
26 230
107 311
12 216
119 323
183 387
202 406
106 310
43 247
20 224
169 373
160 364
17 221
25 229
191 395
127 331
145 349
43 247
105 309
1 205
99 303
50 254
173 377
69 273
55 259
150 354
147 351
27 231
201 405
