51
0 39 38 29 42 27 36 26 45 36 27 40 19 15 25 37 18 42 23 44 26 39 22 36 23 22 51 47 31 52 29 13 43 16 10 41 18 28 19 43 12 23 24 38 26 34 29 37 39 12 28 
39 0 28 31 25 12 28 33 9 34 13 1 24 24 22 40 29 43 17 44 24 30 40 22 28 21 14 7 32 14 19 50 7 37 48 7 28 13 31 14 27 18 27 36 14 6 10 7 4 39 16 
38 28 0 10 6 26 2 14 24 7 31 27 20 25 14 12 41 14 21 15 42 2 22 6 15 19 28 33 52 30 39 40 24 24 41 35 19 20 18 17 28 33 14 7 29 23 25 34 24 46 36 
29 31 10 0 16 24 7 4 30 6 29 30 14 19 10 10 36 14 18 16 39 10 12 12 7 14 35 38 48 37 37 30 29 14 31 37 12 19 9 24 21 30 7 9 27 25 24 35 27 38 34 
42 25 6 16 0 25 8 20 19 14 30 23 24 28 17 19 43 20 22 20 42 7 29 6 20 21 22 29 52 24 39 46 20 30 46 32 24 19 24 12 31 33 18 14 29 21 24 32 20 49 36 
27 12 26 24 25 0 25 25 19 29 4 12 13 12 14 34 18 38 6 40 17 28 30 20 19 10 25 20 26 25 13 38 16 26 36 15 17 6 21 19 14 8 18 31 3 8 2 12 12 27 10 
36 28 2 7 8 25 0 11 24 6 29 27 18 23 12 11 39 14 19 15 41 3 20 6 12 17 29 34 50 31 38 38 25 22 39 35 17 18 16 18 26 31 11 7 28 23 23 34 24 44 35 
26 33 14 4 20 25 11 0 32 10 29 32 13 17 11 11 34 16 18 18 38 14 8 16 5 14 38 40 47 40 37 26 32 10 27 39 10 20 6 27 19 29 6 12 27 27 25 36 30 36 34 
45 9 24 30 19 19 24 32 0 31 21 8 27 29 23 36 37 39 21 39 33 25 41 17 28 23 6 10 42 7 28 53 2 39 52 16 30 17 32 7 32 26 27 32 21 10 16 17 7 46 26 
36 34 7 6 14 29 6 10 31 0 34 33 21 26 16 5 42 9 24 10 45 6 17 13 13 20 35 40 54 37 43 36 31 20 37 41 18 23 16 24 28 36 13 2 32 29 29 39 30 45 39 
27 13 31 29 30 4 29 29 21 34 0 14 16 15 18 39 15 43 11 44 12 33 34 25 23 14 27 20 22 27 8 39 19 29 37 13 21 11 24 23 16 4 22 36 2 11 6 9 14 25 5 
40 1 27 30 23 12 27 32 8 33 14 0 23 24 21 38 30 41 17 42 25 29 39 20 27 20 13 8 34 13 20 49 5 36 48 9 27 13 30 12 27 19 26 34 14 5 10 9 2 39 18 
19 24 20 14 24 13 18 13 27 21 16 23 0 4 6 24 21 29 6 31 24 22 17 17 8 3 33 31 33 35 23 26 25 13 25 28 4 10 8 24 7 16 7 23 14 18 14 25 22 25 20 
15 24 25 19 28 12 23 17 29 26 15 24 4 0 11 29 17 34 8 35 20 27 20 22 12 6 35 32 29 37 20 25 27 14 23 27 7 12 11 27 3 13 12 28 13 19 14 24 23 20 18 
25 22 14 10 17 14 12 11 23 16 18 21 6 11 0 20 27 25 7 26 28 16 18 11 6 4 29 29 38 30 27 31 22 16 30 27 7 9 9 19 14 19 4 18 16 16 14 25 19 31 23 
37 40 12 10 19 34 11 11 36 5 39 38 24 29 20 0 46 4 28 6 49 11 16 18 16 25 40 45 58 43 47 35 36 21 37 46 21 28 18 29 31 40 17 4 37 34 34 45 35 47 44 
18 29 41 36 43 18 39 34 37 42 15 30 21 17 27 46 0 51 20 52 8 43 35 37 29 22 43 35 13 43 12 32 35 29 29 27 24 23 28 38 15 11 29 45 15 26 21 23 30 11 13 
42 43 14 14 20 38 14 16 39 9 43 41 29 34 25 4 51 0 32 1 53 13 20 21 21 29 42 48 63 45 52 40 39 25 41 50 26 32 23 32 36 44 21 7 41 38 38 48 39 52 48 
23 17 21 18 22 6 19 18 21 24 11 17 6 8 7 28 20 32 0 34 21 23 24 16 12 3 27 25 30 29 19 32 19 20 31 21 10 4 14 19 10 12 11 26 9 11 7 18 15 27 15 
44 44 15 16 20 40 15 18 39 10 44 42 31 35 26 6 52 1 34 0 55 13 22 22 23 30 43 49 64 45 53 41 40 27 43 51 28 34 25 32 37 46 23 8 43 39 39 49 39 54 50 
26 24 42 39 42 17 41 38 33 45 12 25 24 20 28 49 8 53 21 55 0 44 40 37 32 24 38 30 9 38 5 39 31 35 36 21 28 22 32 35 20 9 32 47 13 23 19 17 26 19 7 
39 30 2 10 7 28 3 14 25 6 33 29 22 27 16 11 43 13 23 13 44 0 23 8 16 21 29 35 54 31 42 41 26 25 42 37 21 22 20 19 30 35 15 6 31 25 27 36 26 47 38 
22 40 22 12 29 30 20 8 41 17 34 39 17 20 18 16 35 20 24 22 40 23 0 25 12 20 46 48 48 48 41 19 40 6 20 45 13 27 9 36 20 33 13 19 32 34 31 42 37 34 38 
36 22 6 12 6 20 6 16 17 13 25 20 17 22 11 18 37 21 16 22 37 8 25 0 14 15 22 27 46 24 33 41 18 25 41 29 18 14 18 11 25 27 13 14 23 17 18 28 17 42 30 
23 28 15 7 20 19 12 5 28 13 23 27 8 12 6 16 29 21 12 23 32 16 12 14 0 8 34 35 41 36 31 26 28 10 26 33 5 14 4 24 14 23 1 16 21 22 19 31 25 31 28 
22 21 19 14 21 10 17 14 23 20 14 20 3 6 4 25 22 29 3 30 24 21 20 15 8 0 30 28 33 31 22 30 22 16 29 25 7 7 10 20 10 15 8 23 12 15 11 22 18 27 19 
51 14 28 35 22 25 29 38 6 35 27 13 33 35 29 40 43 42 27 43 38 29 46 22 34 30 0 11 47 2 33 60 8 45 59 19 36 23 38 11 38 32 33 36 27 16 22 21 12 52 31 
47 7 33 38 29 20 34 40 10 40 20 8 31 32 29 45 35 48 25 49 30 35 48 27 35 28 11 0 37 10 24 57 9 45 56 8 35 21 38 17 35 25 34 41 21 13 18 12 10 46 22 
31 32 52 48 52 26 50 47 42 54 22 34 33 29 38 58 13 63 30 64 9 54 48 46 41 33 47 37 0 46 13 44 39 42 41 28 37 32 40 45 28 19 41 56 23 32 28 25 35 20 16 
52 14 30 37 24 25 31 40 7 37 27 13 35 37 30 43 43 45 29 45 38 31 48 24 36 31 2 10 46 0 33 61 9 47 60 18 37 24 40 13 39 32 35 38 28 17 23 21 13 53 31 
29 19 39 37 39 13 38 37 28 43 8 20 23 20 27 47 12 52 19 53 5 42 41 33 31 22 33 24 13 33 0 42 25 35 39 15 27 19 31 31 21 7 30 45 10 19 15 12 21 23 3 
13 50 40 30 46 38 38 26 53 36 39 49 26 25 31 35 32 40 32 41 39 41 19 41 26 30 60 57 44 61 42 0 52 16 3 52 23 37 22 50 23 36 28 38 37 44 39 49 48 24 40 
43 7 24 29 20 16 25 32 2 31 19 5 25 27 22 36 35 39 19 40 31 26 40 18 28 22 8 9 39 9 25 52 0 38 51 13 28 15 31 8 30 23 26 32 19 8 14 15 4 44 23 
16 37 24 14 30 26 22 10 39 20 29 36 13 14 16 21 29 25 20 27 35 25 6 25 10 16 45 45 42 47 35 16 38 0 16 41 9 23 6 34 14 28 12 22 27 31 27 38 34 28 33 
10 48 41 31 46 36 39 27 52 37 37 48 25 23 30 37 29 41 31 43 36 42 20 41 26 29 59 56 41 60 39 3 51 16 0 50 23 35 22 49 21 33 28 39 35 43 38 47 47 21 38 
41 7 35 37 32 15 35 39 16 41 13 9 28 27 27 46 27 50 21 51 21 37 45 29 33 25 19 8 28 18 15 52 13 41 50 0 32 18 35 21 29 17 32 42 15 12 14 4 11 38 14 
18 28 19 12 24 17 17 10 30 18 21 27 4 7 7 21 24 26 10 28 28 21 13 18 5 7 36 35 37 37 27 23 28 9 23 32 0 14 3 26 9 20 5 21 18 22 18 29 25 26 24 
28 13 20 19 19 6 18 20 17 23 11 13 10 12 9 28 23 32 4 34 22 22 27 14 14 7 23 21 32 24 19 37 15 23 35 18 14 0 17 15 15 13 13 25 9 7 5 16 11 31 16 
19 31 18 9 24 21 16 6 32 16 24 30 8 11 9 18 28 23 14 25 32 20 9 18 4 10 38 38 40 40 31 22 31 6 22 35 3 17 0 28 12 24 5 18 22 25 21 33 28 29 28 
43 14 17 24 12 19 18 27 7 24 23 12 24 27 19 29 38 32 19 32 35 19 36 11 24 20 11 17 45 13 31 50 8 34 49 21 26 15 28 0 30 27 22 25 22 12 17 22 10 46 28 
12 27 28 21 31 14 26 19 32 28 16 27 7 3 14 31 15 36 10 37 20 30 20 25 14 10 38 35 28 39 21 23 30 14 21 29 9 15 12 30 0 13 14 30 14 22 17 26 26 17 18 
23 18 33 30 33 8 31 29 26 36 4 19 16 13 19 40 11 44 12 46 9 35 33 27 23 15 32 25 19 32 7 36 23 28 33 17 20 13 24 27 13 0 23 38 4 15 10 13 19 21 4 
24 27 14 7 18 18 11 6 27 13 22 26 7 12 4 17 29 21 11 23 32 15 13 13 1 8 33 34 41 35 30 28 26 12 28 32 5 13 5 22 14 23 0 15 20 21 18 30 23 32 27 
38 36 7 9 14 31 7 12 32 2 36 34 23 28 18 4 45 7 26 8 47 6 19 14 16 23 36 41 56 38 45 38 32 22 39 42 21 25 18 25 30 38 15 0 34 30 31 41 31 47 41 
26 14 29 27 29 3 28 27 21 32 2 14 14 13 16 37 15 41 9 43 13 31 32 23 21 12 27 21 23 28 10 37 19 27 35 15 18 9 22 22 14 4 20 34 0 10 5 11 14 25 6 
34 6 23 25 21 8 23 27 10 29 11 5 18 19 16 34 26 38 11 39 23 25 34 17 22 15 16 13 32 17 19 44 8 31 43 12 22 7 25 12 22 15 21 30 10 0 5 11 4 35 15 
29 10 25 24 24 2 23 25 16 29 6 10 14 14 14 34 21 38 7 39 19 27 31 18 19 11 22 18 28 23 15 39 14 27 38 14 18 5 21 17 17 10 18 31 5 5 0 11 9 30 11 
37 7 34 35 32 12 34 36 17 39 9 9 25 24 25 45 23 48 18 49 17 36 42 28 31 22 21 12 25 21 12 49 15 38 47 4 29 16 33 22 26 13 30 41 11 11 11 0 11 34 10 
39 4 24 27 20 12 24 30 7 30 14 2 22 23 19 35 30 39 15 39 26 26 37 17 25 18 12 10 35 13 21 48 4 34 47 11 25 11 28 10 26 19 23 31 14 4 9 11 0 39 19 
12 39 46 38 49 27 44 36 46 45 25 39 25 20 31 47 11 52 27 54 19 47 34 42 31 27 52 46 20 53 23 24 44 28 21 38 26 31 29 46 17 21 32 47 25 35 30 34 39 0 23 
28 16 36 34 36 10 35 34 26 39 5 18 20 18 23 44 13 48 15 50 7 38 38 30 28 19 31 22 16 31 3 40 23 33 38 14 24 16 28 28 18 4 27 41 6 15 11 10 19 23 0 
0 327
94 257
42 205
151 314
79 242
105 268
67 230
38 201
94 257
136 299
135 298
102 265
129 292
80 243
77 240
76 239
135 298
6 169
59 222
76 239
141 304
148 311
45 208
79 242
60 223
79 242
21 184
7 170
4 167
101 264
143 306
101 264
87 250
146 309
29 192
12 175
45 208
158 321
88 251
8 171
95 258
159 322
127 290
123 286
38 201
146 309
54 217
40 203
162 325
146 309
141 304
