51
0 44 12 37 13 26 18 20 30 21 11 11 31 12 32 21 7 13 13 7 3 18 28 10 18 18 28 38 11 9 24 17 21 13 23 8 14 31 4 13 10 26 37 19 36 24 12 28 42 19 21 
44 0 38 10 39 18 25 44 21 26 47 33 42 35 13 42 36 38 56 51 40 36 26 38 25 27 45 5 51 40 47 30 54 47 42 44 31 34 43 52 51 23 31 38 15 47 56 35 1 26 62 
12 38 0 30 1 21 15 10 32 24 23 8 19 18 25 9 11 1 18 15 8 6 31 1 14 11 37 33 12 2 34 8 16 8 12 20 7 19 8 13 13 17 25 7 28 34 22 34 37 12 23 
37 10 30 0 30 11 18 34 23 24 42 25 31 31 5 32 30 29 48 44 33 27 27 30 18 19 45 6 43 32 46 21 45 38 32 39 23 23 35 43 43 13 21 28 4 45 50 35 10 18 54 
13 39 1 30 0 21 16 9 32 25 24 9 18 19 26 8 12 1 18 16 9 5 32 3 15 12 38 33 12 3 35 9 15 8 11 21 7 18 8 13 13 17 24 6 28 35 23 35 38 12 23 
26 18 21 11 21 0 7 28 16 14 31 15 29 19 6 25 19 20 37 33 22 20 19 20 7 9 35 12 33 22 35 12 37 29 27 28 14 22 25 34 33 9 23 21 12 35 38 26 16 9 44 
18 25 15 18 16 7 0 24 17 11 24 8 28 13 13 22 12 15 31 26 15 16 18 14 1 5 30 19 26 16 29 8 32 23 24 21 8 23 18 27 26 12 26 18 19 29 31 23 23 6 37 
20 44 10 34 9 28 24 0 41 34 32 18 12 28 31 2 22 9 21 21 18 8 41 12 23 19 48 39 15 12 44 15 11 9 3 29 15 15 16 13 16 21 22 6 31 44 28 45 44 19 23 
30 21 32 23 32 16 17 41 0 8 29 24 45 19 20 39 23 32 43 38 28 33 4 30 18 22 23 18 41 31 26 26 48 39 41 27 25 38 31 42 40 26 40 35 27 25 41 13 20 23 51 
21 26 24 24 25 14 11 34 8 0 21 16 39 10 19 32 15 24 35 29 20 26 7 22 12 16 21 22 32 23 21 19 39 31 34 19 18 34 23 34 31 22 37 29 26 21 32 12 24 17 43 
11 47 23 42 24 31 24 32 29 21 0 20 43 11 37 32 13 24 20 15 14 29 25 21 24 25 18 42 21 20 13 26 31 24 35 3 23 41 15 24 20 34 47 31 43 13 14 22 45 27 28 
11 33 8 25 9 15 8 18 24 16 20 0 25 11 20 16 6 8 22 18 8 11 23 6 7 6 31 27 18 8 29 6 24 15 19 16 3 21 10 19 18 14 27 13 24 29 24 27 31 7 29 
31 42 19 31 18 29 28 12 45 39 43 25 0 37 29 10 30 18 33 33 28 14 46 21 27 23 56 37 27 22 54 19 22 21 8 39 21 8 27 25 28 19 13 12 27 54 40 51 42 22 34 
12 35 18 31 19 19 13 28 19 10 11 11 37 0 26 27 6 19 25 19 11 23 16 16 13 16 19 30 23 17 17 18 32 23 30 8 15 33 14 25 22 24 38 25 32 17 22 16 34 17 33 
32 13 25 5 26 6 13 31 20 19 37 20 29 26 0 28 25 24 43 38 28 23 23 25 13 14 40 8 38 27 41 16 41 34 29 34 18 22 30 38 38 10 21 24 7 41 44 31 12 13 49 
21 42 9 32 8 25 22 2 39 32 32 16 10 27 28 0 21 8 22 22 18 5 40 11 21 17 47 36 16 11 44 13 13 10 2 29 14 13 16 15 17 18 20 4 28 44 29 43 41 17 25 
7 36 11 30 12 19 12 22 23 15 13 6 30 6 25 21 0 12 20 14 5 16 22 9 11 12 26 31 17 10 23 13 25 17 23 10 10 28 8 19 16 21 33 18 30 23 19 23 35 14 27 
13 38 1 29 1 20 15 9 32 24 24 8 18 19 24 8 12 0 19 17 10 4 32 3 14 11 38 32 14 4 35 7 16 9 11 21 6 17 9 14 14 16 24 6 27 35 24 35 37 11 24 
13 56 18 48 18 37 31 21 43 35 20 22 33 25 43 22 20 19 0 6 15 23 42 17 30 29 38 50 6 16 34 26 14 12 25 19 24 35 12 7 5 35 42 24 46 34 8 41 54 29 8 
7 51 15 44 16 33 26 21 38 29 15 18 33 19 38 22 14 17 6 0 10 21 36 14 25 24 33 45 7 12 28 23 17 12 24 13 20 34 8 9 6 32 41 22 42 28 7 35 49 25 14 
3 40 8 33 9 22 15 18 28 20 14 8 28 11 28 18 5 10 15 10 0 14 27 6 15 14 29 35 12 6 26 13 20 12 21 11 10 27 2 14 11 22 33 16 32 26 16 28 39 15 22 
18 36 6 27 5 20 16 8 33 26 29 11 14 23 23 5 16 4 23 21 14 0 34 7 15 11 42 31 17 8 39 7 17 11 8 25 8 12 14 17 17 13 19 2 24 39 28 38 36 11 27 
28 26 31 27 32 19 18 41 4 7 25 23 46 16 23 40 22 32 42 36 27 34 0 30 19 23 19 23 40 31 21 27 47 39 42 24 26 40 30 41 39 28 43 36 30 21 38 8 24 24 50 
10 38 1 30 3 20 14 12 30 22 21 6 21 16 25 11 9 3 17 14 6 7 30 0 13 11 35 33 12 1 32 9 17 9 14 18 6 20 6 13 12 17 27 9 28 32 21 32 37 12 23 
18 25 14 18 15 7 1 23 18 12 24 7 27 13 13 21 11 14 30 25 15 15 19 13 0 3 31 20 26 15 30 7 30 22 23 21 7 21 17 26 25 11 25 17 18 30 31 24 24 4 37 
18 27 11 19 12 9 5 19 22 16 25 6 23 16 14 17 12 11 29 24 14 11 23 11 3 0 34 21 24 13 33 3 28 20 19 22 4 18 16 24 23 8 22 13 18 33 30 28 26 1 35 
28 45 37 45 38 35 30 48 23 21 18 31 56 19 40 47 26 38 38 33 29 42 19 35 31 34 0 42 39 35 5 37 49 41 50 19 35 52 32 42 38 42 56 44 47 5 32 11 43 36 46 
38 5 33 6 33 12 19 39 18 22 42 27 37 30 8 36 31 32 50 45 35 31 23 33 20 21 42 0 45 34 43 24 49 41 37 39 26 29 37 46 45 18 27 32 11 43 51 31 4 21 56 
11 51 12 43 12 33 26 15 41 32 21 18 27 23 38 16 17 14 6 7 12 17 40 12 26 24 39 45 0 11 35 21 9 6 18 20 19 29 9 2 1 30 36 18 41 35 13 40 50 24 11 
9 40 2 32 3 22 16 12 31 23 20 8 22 17 27 11 10 4 16 12 6 8 31 1 15 13 35 34 11 0 32 10 16 7 14 17 8 21 5 11 10 19 28 10 30 32 19 33 39 13 22 
24 47 34 46 35 35 29 44 26 21 13 29 54 17 41 44 23 35 34 28 26 39 21 32 30 33 5 43 35 32 0 35 45 37 47 15 32 51 28 37 34 41 55 42 48 0 26 14 45 34 41 
17 30 8 21 9 12 8 15 26 19 26 6 19 18 16 13 13 7 26 23 13 7 27 9 7 3 37 24 21 10 35 0 24 17 15 23 2 15 14 22 21 8 20 9 19 35 29 31 29 3 32 
21 54 16 45 15 37 32 11 48 39 31 24 22 32 41 13 25 16 14 17 20 17 47 17 30 28 49 49 9 16 45 24 0 8 14 29 23 26 17 7 11 31 34 17 42 45 22 48 53 28 12 
13 47 8 38 8 29 23 9 39 31 24 15 21 23 34 10 17 9 12 12 12 11 39 9 22 20 41 41 6 7 37 17 8 0 12 22 15 23 9 5 6 25 30 12 36 37 19 40 46 20 15 
23 42 12 32 11 27 24 3 41 34 35 19 8 30 29 2 23 11 25 24 21 8 42 14 23 19 50 37 18 14 47 15 14 12 0 32 16 12 19 17 19 19 19 5 29 47 31 46 42 18 26 
8 44 20 39 21 28 21 29 27 19 3 16 39 8 34 29 10 21 19 13 11 25 24 18 21 22 19 39 20 17 15 23 29 22 32 0 20 38 13 22 18 31 43 27 40 15 14 21 43 24 27 
14 31 7 23 7 14 8 15 25 18 23 3 21 15 18 14 10 6 24 20 10 8 26 6 7 4 35 26 19 8 32 2 23 15 16 20 0 18 12 20 19 11 23 10 22 32 27 30 30 5 30 
31 34 19 23 18 22 23 15 38 34 41 21 8 33 22 13 28 17 35 34 27 12 40 20 21 18 52 29 29 21 51 15 26 23 12 38 18 0 27 28 30 12 7 11 19 50 41 46 34 17 38 
4 43 8 35 8 25 18 16 31 23 15 10 27 14 30 16 8 9 12 8 2 14 30 6 17 16 32 37 9 5 28 14 17 9 19 13 12 27 0 11 8 23 33 15 34 28 15 31 41 17 20 
13 52 13 43 13 34 27 13 42 34 24 19 25 25 38 15 19 14 7 9 14 17 41 13 26 24 42 46 2 11 37 22 7 5 17 22 20 28 11 0 3 30 35 17 41 37 15 42 51 25 10 
10 51 13 43 13 33 26 16 40 31 20 18 28 22 38 17 16 14 5 6 11 17 39 12 25 23 38 45 1 10 34 21 11 6 19 18 19 30 8 3 0 30 37 18 41 34 12 39 50 24 11 
26 23 17 13 17 9 12 21 26 22 34 14 19 24 10 18 21 16 35 32 22 13 28 17 11 8 42 18 30 19 41 8 31 25 19 31 11 12 23 30 30 0 14 14 10 41 38 35 23 7 40 
37 31 25 21 24 23 26 22 40 37 47 27 13 38 21 20 33 24 42 41 33 19 43 27 25 22 56 27 36 28 55 20 34 30 19 43 23 7 33 35 37 14 0 18 16 55 48 49 31 20 45 
19 38 7 28 6 21 18 6 35 29 31 13 12 25 24 4 18 6 24 22 16 2 36 9 17 13 44 32 18 10 42 9 17 12 5 27 10 11 15 17 18 14 18 0 25 41 29 40 37 13 27 
36 15 28 4 28 12 19 31 27 26 43 24 27 32 7 28 30 27 46 42 32 24 30 28 18 18 47 11 41 30 48 19 42 36 29 40 22 19 34 41 41 10 16 25 0 47 49 38 15 17 51 
24 47 34 45 35 35 29 44 25 21 13 29 54 17 41 44 23 35 34 28 26 39 21 32 30 33 5 43 35 32 0 35 45 37 47 15 32 50 28 37 34 41 55 41 47 0 27 14 45 34 41 
12 56 22 50 23 38 31 28 41 32 14 24 40 22 44 29 19 24 8 7 16 28 38 21 31 30 32 51 13 19 26 29 22 19 31 14 27 41 15 15 12 38 48 29 49 27 0 36 55 32 15 
28 35 34 35 35 26 23 45 13 12 22 27 51 16 31 43 23 35 41 35 28 38 8 32 24 28 11 31 40 33 14 31 48 40 46 21 30 46 31 42 39 35 49 40 38 14 36 0 33 29 49 
42 1 37 10 38 16 23 44 20 24 45 31 42 34 12 41 35 37 54 49 39 36 24 37 24 26 43 4 50 39 45 29 53 46 42 43 30 34 41 51 50 23 31 37 15 45 55 33 0 25 61 
19 26 12 18 12 9 6 19 23 17 27 7 22 17 13 17 14 11 29 25 15 11 24 12 4 1 36 21 24 13 34 3 28 20 18 24 5 17 17 25 24 7 20 13 17 34 32 29 25 0 35 
21 62 23 54 23 44 37 23 51 43 28 29 34 33 49 25 27 24 8 14 22 27 50 23 37 35 46 56 11 22 41 32 12 15 26 27 30 38 20 10 11 40 45 27 51 41 15 49 61 35 0 
0 327
113 178
1 66
169 234
61 126
56 121
156 221
29 94
7 72
17 82
121 186
126 191
94 159
27 92
249 314
67 132
202 267
4 69
242 307
93 158
245 310
166 231
61 126
38 103
125 190
9 74
86 151
201 266
77 142
141 206
61 126
197 262
136 201
139 204
43 108
51 116
208 273
100 165
54 119
78 143
208 273
170 235
16 81
147 212
91 156
252 317
173 238
259 324
130 195
89 154
235 300
