51
0 27 8 12 38 19 17 42 32 37 12 36 9 6 38 39 37 32 21 34 16 36 14 22 11 36 12 24 19 22 25 27 44 37 14 37 44 11 19 31 38 36 33 28 22 20 44 9 29 32 21 
27 0 31 34 18 20 34 14 13 12 16 9 23 27 11 15 14 30 23 23 22 29 19 14 34 30 31 2 38 24 28 29 18 11 25 10 17 17 28 34 27 11 32 17 29 31 32 18 14 16 11 
8 31 0 20 45 16 8 46 32 39 14 39 18 4 40 45 43 41 17 42 24 44 23 21 18 44 4 28 27 17 34 36 46 39 23 41 46 14 28 40 47 38 42 36 15 13 52 15 28 31 28 
12 34 20 0 39 31 29 47 42 45 22 43 10 19 45 42 39 26 34 32 13 31 15 33 2 30 24 32 6 34 19 20 52 45 10 43 52 22 13 23 35 44 26 28 35 32 40 18 39 43 24 
38 18 45 39 0 38 49 16 30 25 31 20 30 41 22 6 4 21 40 10 25 17 24 32 40 19 46 19 40 42 24 24 25 24 29 17 25 31 28 27 13 24 23 11 47 48 15 29 32 34 17 
19 20 16 31 38 0 14 33 17 24 10 26 23 14 26 36 35 42 2 39 28 44 24 7 30 45 14 18 38 4 37 39 32 25 28 28 31 10 34 44 44 23 45 32 8 10 49 15 12 15 23 
17 34 8 29 49 14 0 47 31 39 18 40 26 11 40 49 47 48 14 48 32 52 30 21 27 52 4 31 36 13 42 44 46 39 31 42 46 18 37 48 53 38 50 42 9 6 58 21 27 29 33 
42 14 46 47 16 33 47 0 19 12 31 8 37 42 9 10 12 36 35 26 34 33 32 26 48 35 45 17 50 37 37 38 9 10 37 5 9 31 39 41 29 12 39 23 42 44 31 32 23 23 23 
32 13 32 42 30 17 31 19 0 8 20 11 32 29 10 26 26 43 17 36 33 42 30 10 42 44 31 13 47 18 40 42 15 9 35 15 14 21 39 46 41 7 46 30 24 26 45 24 4 4 23 
37 12 39 45 25 24 39 12 8 0 25 4 35 35 2 20 21 41 25 33 35 39 31 17 45 41 37 13 50 26 40 41 7 1 37 8 7 26 40 46 37 1 44 28 32 34 40 28 12 12 23 
12 16 14 22 31 10 18 31 20 25 0 25 13 10 26 31 29 32 13 30 17 34 14 10 22 35 15 14 28 14 26 29 32 25 18 26 32 0 23 33 35 24 34 23 17 17 40 4 17 20 14 
36 9 39 43 20 26 40 8 11 4 25 0 33 35 2 15 16 37 27 28 32 35 29 19 44 37 38 11 47 29 36 37 8 3 34 3 8 25 37 42 32 4 40 24 34 36 35 27 15 15 20 
9 23 18 10 30 23 26 37 32 35 13 33 0 15 35 32 30 23 26 25 6 26 5 23 11 26 21 21 15 27 16 18 41 34 5 33 41 13 10 22 29 34 24 19 29 27 34 8 29 33 14 
6 27 4 19 41 14 11 42 29 35 10 35 15 0 36 41 39 37 16 38 21 41 19 18 17 41 6 24 26 16 31 33 43 36 20 37 42 10 25 37 43 34 39 32 15 13 48 11 25 28 23 
38 11 40 45 22 26 40 9 10 2 26 2 35 36 0 17 18 40 27 31 34 38 31 19 46 39 39 13 49 28 39 40 6 1 37 5 6 26 39 44 35 2 42 26 34 36 38 28 14 14 22 
39 15 45 42 6 36 49 10 26 20 31 15 32 41 17 0 2 27 38 16 29 23 27 29 43 25 46 18 44 40 29 29 20 19 32 12 20 31 32 32 19 19 29 15 45 46 21 30 28 30 18 
37 14 43 39 4 35 47 12 26 21 29 16 30 39 18 2 0 24 37 14 26 21 24 28 41 23 44 16 41 39 26 26 21 19 29 13 21 29 29 30 17 20 27 13 44 45 20 28 28 30 16 
32 30 41 26 21 42 48 36 43 41 32 37 23 37 40 27 24 0 45 10 16 5 18 39 28 4 44 29 24 47 7 5 45 40 18 35 44 32 13 6 10 40 2 13 50 49 14 28 43 46 20 
21 23 17 34 40 2 14 35 17 25 13 27 26 16 27 38 37 45 0 42 31 47 27 9 32 48 14 21 40 1 40 42 33 26 31 30 32 13 36 47 47 25 48 35 6 9 52 18 13 15 26 
34 23 42 32 10 39 48 26 36 33 30 28 25 38 31 16 14 10 42 0 19 6 19 35 34 9 44 23 32 44 14 14 35 32 22 26 35 31 19 16 5 32 13 6 48 48 9 27 37 39 16 
16 22 24 13 25 28 32 34 33 35 17 32 6 21 34 29 26 16 31 19 0 20 3 26 15 20 27 21 15 32 9 11 40 34 3 31 40 17 5 16 23 34 17 14 34 33 28 12 32 35 11 
36 29 44 31 17 44 52 33 42 39 34 35 26 41 38 23 21 5 47 6 20 0 21 40 33 2 47 29 29 48 12 11 42 38 22 33 42 34 18 11 5 39 7 12 52 52 8 31 43 45 20 
14 19 23 15 24 24 30 32 30 31 14 29 5 19 31 27 24 18 27 19 3 21 0 23 16 21 25 17 18 29 12 14 37 31 5 28 37 14 9 19 24 30 20 13 31 31 29 9 28 31 9 
22 14 21 33 32 7 21 26 10 17 10 19 23 18 19 29 28 39 9 35 26 40 23 0 32 41 20 12 38 10 35 37 25 18 27 21 24 11 32 41 40 16 41 28 15 17 44 15 6 10 19 
11 34 18 2 40 30 27 48 42 45 22 44 11 17 46 43 41 28 32 34 15 33 16 32 0 32 22 32 8 33 21 23 52 45 11 44 52 21 15 25 37 44 29 29 33 31 42 17 39 42 25 
36 30 44 30 19 45 52 35 44 41 35 37 26 41 39 25 23 4 48 9 20 2 21 41 32 0 47 31 28 49 11 9 44 40 22 35 44 35 17 9 7 40 5 13 53 52 10 31 44 47 21 
12 31 4 24 46 14 4 45 31 37 15 38 21 6 39 46 44 44 14 44 27 47 25 20 22 47 0 28 31 14 37 39 45 38 26 40 45 14 32 43 49 37 45 37 11 9 54 16 26 29 29 
24 2 28 32 19 18 31 17 13 13 14 11 21 24 13 18 16 29 21 23 21 29 17 12 32 31 28 0 36 22 27 28 20 13 23 12 20 14 26 33 28 12 32 17 27 28 32 15 13 16 10 
19 38 27 6 40 38 36 50 47 50 28 47 15 26 49 44 41 24 40 32 15 29 18 38 8 28 31 36 0 41 17 18 56 49 12 47 55 28 12 19 34 49 23 28 41 39 38 23 45 48 27 
22 24 17 34 42 4 13 37 18 26 14 29 27 16 28 40 39 47 1 44 32 48 29 10 33 49 14 22 41 0 41 44 34 27 32 31 33 14 38 48 49 26 49 37 5 8 54 19 14 15 28 
25 28 34 19 24 37 42 37 40 40 26 36 16 31 39 29 26 7 40 14 9 12 12 35 21 11 37 27 17 41 0 2 44 39 11 35 44 26 6 6 16 39 8 13 44 43 21 22 39 42 16 
27 29 36 20 24 39 44 38 42 41 29 37 18 33 40 29 26 5 42 14 11 11 14 37 23 9 39 28 18 44 2 0 45 41 13 36 45 29 8 4 15 40 6 14 46 45 20 24 41 44 18 
44 18 46 52 25 32 46 9 15 7 32 8 41 43 6 20 21 45 33 35 40 42 37 25 52 44 45 20 56 34 44 45 0 7 43 9 0 33 45 49 39 8 47 31 39 42 41 35 19 18 29 
37 11 39 45 24 25 39 10 9 1 25 3 34 36 1 19 19 40 26 32 34 38 31 18 45 40 38 13 49 27 39 41 7 0 37 6 6 26 40 45 36 1 43 27 33 35 39 28 13 13 23 
14 25 23 10 29 28 31 37 35 37 18 34 5 20 37 32 29 18 31 22 3 22 5 27 11 22 26 23 12 32 11 13 43 37 0 34 43 17 5 16 26 36 19 17 34 33 31 13 33 36 14 
37 10 41 43 17 28 42 5 15 8 26 3 33 37 5 12 13 35 30 26 31 33 28 21 44 35 40 12 47 31 35 36 9 6 34 0 9 27 36 40 30 7 38 22 37 39 33 28 18 19 19 
44 17 46 52 25 31 46 9 14 7 32 8 41 42 6 20 21 44 32 35 40 42 37 24 52 44 45 20 55 33 44 45 0 6 43 9 0 33 45 49 39 8 47 31 39 41 41 35 19 18 28 
11 17 14 22 31 10 18 31 21 26 0 25 13 10 26 31 29 32 13 31 17 34 14 11 21 35 14 14 28 14 26 29 33 26 17 27 33 0 23 33 35 25 34 24 17 17 41 4 17 20 15 
19 28 28 13 28 34 37 39 39 40 23 37 10 25 39 32 29 13 36 19 5 18 9 32 15 17 32 26 12 38 6 8 45 40 5 36 45 23 0 11 22 39 14 16 40 38 27 18 38 41 16 
31 34 40 23 27 44 48 41 46 46 33 42 22 37 44 32 30 6 47 16 16 11 19 41 25 9 43 33 19 48 6 4 49 45 16 40 49 33 11 0 16 45 4 18 50 49 20 28 46 49 23 
38 27 47 35 13 44 53 29 41 37 35 32 29 43 35 19 17 10 47 5 23 5 24 40 37 7 49 28 34 49 16 15 39 36 26 30 39 35 22 16 0 36 12 11 53 53 5 32 42 44 20 
36 11 38 44 24 23 38 12 7 1 24 4 34 34 2 19 20 40 25 32 34 39 30 16 44 40 37 12 49 26 39 40 8 1 36 7 8 25 39 45 36 0 43 27 31 34 40 27 12 11 22 
33 32 42 26 23 45 50 39 46 44 34 40 24 39 42 29 27 2 48 13 17 7 20 41 29 5 45 32 23 49 8 6 47 43 19 38 47 34 14 4 12 43 0 15 52 51 15 30 45 48 22 
28 17 36 28 11 32 42 23 30 28 23 24 19 32 26 15 13 13 35 6 14 12 13 28 29 13 37 17 28 37 13 14 31 27 17 22 31 24 16 18 11 27 15 0 41 41 16 21 30 33 9 
22 29 15 35 47 8 9 42 24 32 17 34 29 15 34 45 44 50 6 48 34 52 31 15 33 53 11 27 41 5 44 46 39 33 34 37 39 17 40 50 53 31 52 41 0 3 58 21 19 21 32 
20 31 13 32 48 10 6 44 26 34 17 36 27 13 36 46 45 49 9 48 33 52 31 17 31 52 9 28 39 8 43 45 42 35 33 39 41 17 38 49 53 34 51 41 3 0 58 21 22 23 32 
44 32 52 40 15 49 58 31 45 40 40 35 34 48 38 21 20 14 52 9 28 8 29 44 42 10 54 32 38 54 21 20 41 39 31 33 41 41 27 20 5 40 15 16 58 58 0 37 46 48 25 
9 18 15 18 29 15 21 32 24 28 4 27 8 11 28 30 28 28 18 27 12 31 9 15 17 31 16 15 23 19 22 24 35 28 13 28 35 4 18 28 32 27 30 21 21 21 37 0 21 24 12 
29 14 28 39 32 12 27 23 4 12 17 15 29 25 14 28 28 43 13 37 32 43 28 6 39 44 26 13 45 14 39 41 19 13 33 18 19 17 38 46 42 12 45 30 19 22 46 21 0 3 23 
32 16 31 43 34 15 29 23 4 12 20 15 33 28 14 30 30 46 15 39 35 45 31 10 42 47 29 16 48 15 42 44 18 13 36 19 18 20 41 49 44 11 48 33 21 23 48 24 3 0 26 
21 11 28 24 17 23 33 23 23 23 14 20 14 23 22 18 16 20 26 16 11 20 9 19 25 21 29 10 27 28 16 18 29 23 14 19 28 15 16 23 20 22 22 9 32 32 25 12 23 26 0 
0 355
182 217
214 249
200 235
206 241
269 304
18 53
128 163
211 246
200 235
276 311
127 162
268 303
276 311
58 93
187 222
51 86
226 261
22 57
122 157
192 227
41 76
3 38
233 268
43 78
40 75
28 63
146 181
175 210
128 163
229 264
135 170
260 295
209 244
208 243
136 171
45 80
144 179
226 261
287 322
85 120
45 80
127 162
169 204
10 45
305 340
127 162
289 324
112 147
123 158
230 265
