51
0 41 35 3 45 41 42 21 5 16 32 9 43 31 38 3 21 24 26 6 51 29 24 38 38 35 19 39 34 0 14 37 13 29 28 14 44 30 27 45 26 20 19 31 10 25 20 34 32 5 38 
41 0 26 44 24 43 29 28 38 53 23 47 2 33 26 37 21 35 32 44 13 34 20 32 22 9 29 38 29 41 30 23 32 13 14 47 47 13 28 7 20 33 37 30 34 15 30 26 30 43 27 
35 26 0 38 11 16 7 14 36 40 41 35 28 8 3 33 28 14 44 34 26 10 14 6 5 30 15 12 3 35 34 4 21 17 17 32 21 15 42 23 32 16 20 6 24 25 14 1 5 34 2 
3 44 38 0 48 44 45 24 6 15 34 9 46 34 42 6 24 26 27 7 54 32 27 41 41 38 22 42 37 3 16 40 16 32 31 14 46 33 29 48 28 23 21 34 13 28 23 37 35 5 41 
45 24 11 48 0 23 7 24 45 51 44 46 26 19 7 42 34 25 50 44 19 21 22 13 6 31 26 18 13 45 42 8 31 21 21 43 27 19 47 18 37 27 31 17 34 30 25 12 15 44 8 
41 43 16 44 23 0 15 23 44 39 56 37 45 11 17 41 42 17 57 37 41 13 29 10 21 46 24 4 14 41 46 20 29 33 33 33 4 31 56 39 47 21 22 13 31 40 23 16 13 38 16 
42 29 7 45 7 15 0 21 43 46 47 41 31 12 4 40 35 20 51 40 26 15 21 6 7 35 22 11 8 42 41 7 28 23 23 38 19 21 48 25 39 22 26 11 31 32 21 8 10 41 4 
21 28 14 24 24 23 21 0 22 27 33 21 30 12 17 19 19 8 34 20 34 10 8 18 17 27 1 20 13 20 22 16 7 15 14 20 27 14 32 29 24 4 9 11 10 19 1 13 12 20 17 
5 38 36 6 45 44 43 22 0 21 27 14 40 33 39 3 17 26 21 11 49 31 23 40 38 32 20 41 35 5 9 37 15 27 26 19 47 28 22 43 21 22 22 33 12 22 22 35 34 10 39 
16 53 40 15 51 39 46 27 21 0 48 7 55 33 43 19 36 25 42 10 61 30 34 40 44 49 25 39 38 15 30 43 21 40 39 7 40 40 44 56 41 24 19 34 19 40 26 39 35 11 42 
32 23 41 34 44 56 47 33 27 48 0 41 23 44 43 29 14 41 10 38 36 43 27 47 39 14 34 52 42 32 17 39 31 24 23 44 60 25 6 31 8 37 40 42 32 15 35 40 42 36 43 
9 47 35 9 46 37 41 21 14 7 41 0 49 29 38 12 29 21 36 3 55 26 28 37 39 42 20 36 33 9 23 38 15 34 33 5 39 34 37 50 34 19 15 30 12 32 20 34 31 4 38 
43 2 28 46 26 45 31 30 40 55 23 49 0 35 28 39 22 37 32 46 13 36 22 35 24 9 32 40 31 43 31 25 34 15 16 49 50 16 28 8 20 35 39 33 36 17 32 28 32 45 29 
31 33 8 34 19 11 12 12 33 33 44 29 35 0 11 30 30 8 46 29 34 2 17 7 14 35 12 8 5 31 34 12 18 22 21 26 15 20 44 31 35 11 13 2 21 29 11 7 3 29 10 
38 26 3 42 7 17 4 17 39 43 43 38 28 11 0 36 31 18 47 37 24 13 17 6 4 31 19 12 5 38 37 3 25 19 19 36 21 17 44 22 35 19 23 9 28 28 18 4 8 37 0 
3 37 33 6 42 41 40 19 3 19 29 12 39 30 36 0 17 23 23 9 47 28 21 37 36 32 17 38 32 3 11 35 11 26 25 16 44 26 24 42 22 19 18 30 9 22 19 32 31 7 36 
21 21 28 24 34 42 35 19 17 36 14 29 22 30 31 17 0 27 15 25 33 29 13 34 28 14 19 38 29 21 9 28 17 13 12 31 46 14 13 27 5 23 25 29 18 5 20 27 29 24 31 
24 35 14 26 25 17 20 8 26 25 41 21 37 8 18 23 27 0 41 21 39 5 16 15 20 35 7 15 12 23 29 18 12 22 21 18 20 21 40 35 33 4 5 9 13 27 6 13 10 21 17 
26 32 44 27 50 57 51 34 21 42 10 36 32 46 47 23 15 41 0 33 45 44 29 50 44 23 34 54 45 27 13 43 30 28 28 40 61 30 3 39 12 37 39 44 29 19 35 43 45 31 47 
6 44 34 7 44 37 40 20 11 10 38 3 46 29 37 9 25 21 33 0 53 26 25 36 38 39 18 36 32 6 20 36 13 31 30 7 40 31 34 47 31 18 15 29 10 29 19 33 30 1 36 
51 13 26 54 19 41 26 34 49 61 36 55 13 34 24 47 33 39 45 53 0 36 27 31 20 22 36 37 29 51 42 22 39 21 22 54 45 21 41 6 33 38 43 32 42 27 35 27 31 52 25 
29 34 10 32 21 13 15 10 31 30 43 26 36 2 13 28 29 5 44 26 36 0 17 10 16 35 10 10 7 28 32 14 16 22 22 23 17 21 43 33 35 8 11 4 18 28 9 9 5 26 12 
24 20 14 27 22 29 21 8 23 34 27 28 22 17 17 21 13 16 29 25 27 17 0 21 15 19 10 24 16 24 20 14 12 6 5 27 33 6 27 22 18 13 17 15 15 11 10 14 15 25 17 
38 32 6 41 13 10 6 18 40 40 47 37 35 7 6 37 34 15 50 36 31 10 21 0 11 37 19 5 5 38 40 10 25 24 24 33 14 22 48 29 39 18 21 6 27 32 18 7 6 36 6 
38 22 5 41 6 21 7 17 38 44 39 39 24 14 4 36 28 20 44 38 20 16 15 11 0 27 19 16 8 38 35 1 25 15 16 37 25 14 41 18 32 20 24 11 28 24 18 6 10 38 5 
35 9 30 38 31 46 35 27 32 49 14 42 9 35 31 32 14 35 23 39 22 35 19 37 27 0 28 41 32 36 23 27 29 13 13 44 51 14 19 16 11 32 36 33 30 9 29 30 33 38 31 
19 29 15 22 26 24 22 1 20 25 34 20 32 12 19 17 19 7 34 18 36 10 10 19 19 28 0 21 14 19 21 18 5 16 15 18 27 16 32 31 25 3 7 12 8 20 1 14 13 18 18 
39 38 12 42 18 4 11 20 41 39 52 36 40 8 12 38 38 15 54 36 37 10 24 5 16 41 21 0 9 39 42 15 26 28 28 32 9 27 52 35 43 19 20 9 29 36 19 11 9 36 11 
34 29 3 37 13 14 8 13 35 38 42 33 31 5 5 32 29 12 45 32 29 7 16 5 8 32 14 9 0 34 35 7 20 19 19 30 18 17 43 26 34 14 18 3 23 27 13 2 2 32 4 
0 41 35 3 45 41 42 20 5 15 32 9 43 31 38 3 21 23 27 6 51 28 24 38 38 36 19 39 34 0 15 37 13 29 28 13 44 30 28 45 26 20 18 31 10 26 20 34 32 4 38 
14 30 34 16 42 46 41 22 9 30 17 23 31 34 37 11 9 29 13 20 42 32 20 40 35 23 21 42 35 15 0 34 17 21 20 27 49 23 13 36 12 24 26 33 16 14 23 33 34 19 37 
37 23 4 40 8 20 7 16 37 43 39 38 25 12 3 35 28 18 43 36 22 14 14 10 1 27 18 15 7 37 34 0 23 15 16 35 24 14 41 19 31 19 23 10 26 24 17 4 9 36 3 
13 32 21 16 31 29 28 7 15 21 31 15 34 18 25 11 17 12 30 13 39 16 12 25 25 29 5 26 20 13 17 23 0 18 17 15 32 18 29 34 23 7 8 18 2 19 7 20 19 13 24 
29 13 17 32 21 33 23 15 27 40 24 34 15 22 19 26 13 22 28 31 21 22 6 24 15 13 16 28 19 29 21 15 18 0 1 34 37 1 25 15 16 20 24 20 21 9 17 17 19 30 19 
28 14 17 31 21 33 23 14 26 39 23 33 16 21 19 25 12 21 28 30 22 22 5 24 16 13 15 28 19 28 20 16 17 1 0 33 37 2 25 17 15 19 23 19 20 8 16 17 19 29 19 
14 47 32 14 43 33 38 20 19 7 44 5 49 26 36 16 31 18 40 7 54 23 27 33 37 44 18 32 30 13 27 35 15 34 33 0 34 34 40 49 36 16 12 27 13 34 18 31 28 9 35 
44 47 21 46 27 4 19 27 47 40 60 39 50 15 21 44 46 20 61 40 45 17 33 14 25 51 27 9 18 44 49 24 32 37 37 34 0 36 60 44 51 25 25 17 34 45 26 21 17 41 20 
30 13 15 33 19 31 21 14 28 40 25 34 16 20 17 26 14 21 30 31 21 21 6 22 14 14 16 27 17 30 23 14 18 1 2 34 36 0 27 15 17 19 23 18 21 10 16 15 18 31 17 
27 28 42 29 47 56 48 32 22 44 6 37 28 44 44 24 13 40 3 34 41 43 27 48 41 19 32 52 43 28 13 41 29 25 25 40 60 27 0 35 9 36 38 42 29 16 34 41 43 32 44 
45 7 23 48 18 39 25 29 43 56 31 50 8 31 22 42 27 35 39 47 6 33 22 29 18 16 31 35 26 45 36 19 34 15 17 49 44 15 35 0 27 33 38 29 37 21 31 24 28 46 23 
26 20 32 28 37 47 39 24 21 41 8 34 20 35 35 22 5 33 12 31 33 35 18 39 32 11 25 43 34 26 12 31 23 16 15 36 51 17 9 27 0 29 31 34 24 7 26 32 34 29 35 
20 33 16 23 27 21 22 4 22 24 37 19 35 11 19 19 23 4 37 18 38 8 13 18 20 32 3 19 14 20 24 19 7 20 19 16 25 19 36 33 29 0 4 11 10 23 3 15 12 18 18 
19 37 20 21 31 22 26 9 22 19 40 15 39 13 23 18 25 5 39 15 43 11 17 21 24 36 7 20 18 18 26 23 8 24 23 12 25 23 38 38 31 4 0 14 9 27 7 19 15 15 22 
31 30 6 34 17 13 11 11 33 34 42 30 33 2 9 30 29 9 44 29 32 4 15 6 11 33 12 9 3 31 33 10 18 20 19 27 17 18 42 29 34 11 14 0 21 27 11 5 1 30 8 
10 34 24 13 34 31 31 10 12 19 32 12 36 21 28 9 18 13 29 10 42 18 15 27 28 30 8 29 23 10 16 26 2 21 20 13 34 21 29 37 24 10 9 21 0 20 9 23 21 10 27 
25 15 25 28 30 40 32 19 22 40 15 32 17 29 28 22 5 27 19 29 27 28 11 32 24 9 20 36 27 26 14 24 19 9 8 34 45 10 16 21 7 23 27 27 20 0 20 25 27 28 28 
20 30 14 23 25 23 21 1 22 26 35 20 32 11 18 19 20 6 35 19 35 9 10 18 18 29 1 19 13 20 23 17 7 17 16 18 26 16 34 31 26 3 7 11 9 20 0 13 12 19 17 
34 26 1 37 12 16 8 13 35 39 40 34 28 7 4 32 27 13 43 33 27 9 14 7 6 30 14 11 2 34 33 4 20 17 17 31 21 15 41 24 32 15 19 5 23 25 13 0 4 33 3 
32 30 5 35 15 13 10 12 34 35 42 31 32 3 8 31 29 10 45 30 31 5 15 6 10 33 13 9 2 32 34 9 19 19 19 28 17 18 43 28 34 12 15 1 21 27 12 4 0 30 7 
5 43 34 5 44 38 41 20 10 11 36 4 45 29 37 7 24 21 31 1 52 26 25 36 38 38 18 36 32 4 19 36 13 30 29 9 41 31 32 46 29 18 15 30 10 28 19 33 30 0 37 
38 27 2 41 8 16 4 17 39 42 43 38 29 10 0 36 31 17 47 36 25 12 17 6 5 31 18 11 4 38 37 3 24 19 19 35 20 17 44 23 35 18 22 8 27 28 17 3 7 37 0 
0 437
252 295
260 303
342 385
7 50
182 225
49 92
346 389
109 152
55 98
71 114
29 72
252 295
40 83
314 357
202 245
188 231
334 377
97 140
249 292
194 237
385 428
95 138
45 88
282 325
206 249
306 349
215 258
112 155
177 220
154 197
268 311
31 74
347 390
346 389
117 160
273 316
197 240
231 274
78 121
144 187
127 170
25 68
33 76
388 431
315 358
177 220
53 96
67 110
10 53
330 373
