51
0 16 16 34 52 21 43 25 38 28 47 27 27 35 28 49 18 26 37 6 37 31 40 40 46 5 29 40 53 48 33 24 46 5 42 48 22 38 50 50 37 53 39 55 17 59 5 25 54 51 10 
16 0 6 29 36 12 31 11 26 13 32 14 18 21 19 34 5 13 21 19 26 16 34 26 31 11 17 27 37 32 17 18 33 16 29 35 15 27 35 34 21 37 25 40 12 43 12 9 38 35 5 
16 6 0 35 40 19 26 17 21 12 37 20 25 18 13 33 12 9 24 17 21 14 41 31 30 11 23 23 40 36 18 25 39 14 25 31 22 33 33 37 24 38 22 43 6 46 12 12 41 36 8 
34 29 35 0 34 16 55 21 52 35 28 18 10 44 48 51 23 39 29 41 53 39 6 22 46 34 15 49 40 31 34 10 21 39 53 59 13 13 55 36 30 44 48 35 41 41 35 29 38 43 29 
52 36 40 34 0 33 41 26 41 29 5 25 30 33 44 28 34 35 15 56 43 31 34 13 23 48 23 34 7 4 23 34 13 53 38 41 34 20 33 5 15 13 34 3 46 7 49 28 5 14 41 
21 12 19 16 33 0 41 8 38 21 28 8 6 30 32 40 7 24 21 27 38 25 22 20 36 19 9 36 36 29 22 5 25 24 39 45 2 17 43 32 22 38 35 36 25 41 20 14 36 37 13 
43 31 26 55 41 41 0 34 5 19 41 37 44 11 16 15 34 17 29 42 7 15 60 40 18 38 39 6 36 37 21 46 47 39 2 5 44 46 11 35 29 30 6 43 26 43 38 26 38 28 34 
25 11 17 21 26 8 34 0 31 14 22 3 10 23 27 32 7 18 13 30 32 18 26 15 27 21 6 28 29 22 13 13 22 26 32 38 11 16 35 25 13 30 27 29 23 34 22 7 29 28 15 
38 26 21 52 41 38 5 31 0 17 41 34 42 9 10 19 31 13 28 36 2 13 57 39 20 33 37 8 37 38 20 43 47 34 5 10 40 45 16 36 28 33 7 45 21 45 33 23 39 30 30 
28 13 12 35 29 21 19 14 17 0 27 17 24 8 15 21 15 5 14 30 18 4 40 23 18 23 20 14 28 25 6 27 31 27 18 24 24 28 22 26 14 26 13 33 17 35 24 6 29 24 18 
47 32 37 28 5 28 41 22 41 27 0 20 24 32 43 29 29 33 13 52 43 29 29 7 24 44 18 34 11 4 21 28 8 49 38 42 28 14 35 8 13 17 34 8 43 13 44 25 10 17 37 
27 14 20 18 25 8 37 3 34 17 20 0 8 26 31 34 9 22 13 32 35 21 22 13 29 24 3 31 28 21 16 11 19 29 35 41 9 12 37 24 14 30 30 28 27 33 25 11 28 29 18 
27 18 25 10 30 6 44 10 42 24 24 8 0 33 37 42 12 28 21 33 42 29 16 17 37 25 6 39 34 26 24 4 20 30 42 48 4 12 45 30 21 37 38 32 31 38 26 18 34 36 19 
35 21 18 44 33 30 11 23 9 8 32 26 33 0 13 15 24 8 19 35 10 4 49 30 14 29 28 5 29 29 11 36 37 32 9 15 33 35 15 28 19 25 4 36 20 37 30 15 31 23 25 
28 19 13 48 44 32 16 27 10 15 43 31 37 13 0 28 25 9 29 26 9 13 53 39 27 23 34 16 42 41 21 38 47 23 15 21 35 43 26 40 29 38 15 48 10 49 23 20 44 36 21 
49 34 33 51 28 40 15 32 19 21 29 34 42 15 28 0 36 23 21 50 21 18 54 31 5 44 35 11 21 26 18 45 37 47 14 14 43 39 5 22 21 15 12 30 35 28 45 26 24 13 39 
18 5 12 23 34 7 34 7 31 15 29 9 12 24 25 36 0 17 20 22 31 19 29 22 32 14 12 30 36 30 17 13 29 19 33 39 10 21 38 32 20 36 29 37 18 41 15 9 36 35 8 
26 13 9 39 35 24 17 18 13 5 33 22 28 8 9 23 17 0 20 27 13 5 45 29 21 21 25 14 33 31 11 30 37 24 16 22 27 33 23 31 20 31 12 39 12 41 21 11 35 29 17 
37 21 24 29 15 21 29 13 28 14 13 13 21 19 29 21 20 20 0 41 30 16 33 11 16 33 14 22 16 11 8 25 18 37 26 31 23 18 25 12 0 16 22 19 30 22 34 13 16 15 26 
6 19 17 41 56 27 42 30 36 30 52 32 33 35 26 50 22 27 41 0 35 32 47 45 48 8 35 41 57 52 35 30 52 3 41 47 28 44 50 53 41 56 39 59 15 63 7 28 58 54 14 
37 26 21 53 43 38 7 32 2 18 43 35 42 10 9 21 31 13 30 35 0 14 58 40 23 32 38 10 39 40 21 44 48 33 7 12 41 46 18 38 30 35 9 47 20 47 32 24 42 33 29 
31 16 14 39 31 25 15 18 13 4 29 21 29 4 13 18 19 5 16 32 14 0 44 26 16 25 24 10 29 27 7 31 34 28 13 20 28 31 19 27 16 26 9 34 17 36 26 10 30 24 21 
40 34 41 6 34 22 60 26 57 40 29 22 16 49 53 54 29 45 33 47 58 44 0 23 49 40 20 53 41 32 38 16 21 45 57 63 19 15 58 37 33 45 53 35 47 41 41 34 39 45 35 
40 26 31 22 13 20 40 15 39 23 7 13 17 30 39 31 22 29 11 45 40 26 23 0 26 37 11 33 18 10 19 21 7 42 38 42 21 8 36 14 11 22 33 15 37 20 38 19 17 21 30 
46 31 30 46 23 36 18 27 20 18 24 29 37 14 27 5 32 21 16 48 23 16 49 26 0 41 30 12 17 21 14 40 32 45 16 18 38 34 10 18 16 12 13 26 33 25 42 22 20 10 36 
5 11 11 34 48 19 38 21 33 23 44 24 25 29 23 44 14 21 33 8 32 25 40 37 41 0 27 35 49 44 28 23 43 5 37 43 20 36 45 45 33 48 34 51 12 55 0 20 50 47 6 
29 17 23 15 23 9 39 6 37 20 18 3 6 28 34 35 12 25 14 35 38 24 20 11 30 27 0 33 27 20 18 10 16 32 37 43 10 9 39 23 14 30 33 26 30 31 28 14 27 29 21 
40 27 23 49 34 36 6 28 8 14 34 31 39 5 16 11 30 14 22 41 10 10 53 33 12 35 33 0 29 31 15 41 40 38 4 9 39 39 9 29 22 24 1 37 25 37 35 21 31 22 31 
53 37 40 40 7 36 36 29 37 28 11 28 34 29 42 21 36 33 16 57 39 29 41 18 17 49 27 29 0 8 22 38 20 53 34 36 38 26 27 4 15 6 30 8 45 7 50 28 2 8 43 
48 32 36 31 4 29 37 22 38 25 4 21 26 29 41 26 30 31 11 52 40 27 32 10 21 44 20 31 8 0 19 31 12 48 35 39 30 18 31 4 11 13 31 7 42 11 44 24 7 13 37 
33 17 18 34 23 22 21 13 20 6 21 16 24 11 21 18 17 11 8 35 21 7 38 19 14 28 18 15 22 19 0 26 26 32 19 25 24 24 21 19 8 20 15 27 23 29 28 8 23 18 22 
24 18 25 10 34 5 46 13 43 27 28 11 4 36 38 45 13 30 25 30 44 31 16 21 40 23 10 41 38 31 26 0 24 28 45 51 3 15 48 34 25 41 40 36 30 42 24 20 38 40 18 
46 33 39 21 13 25 47 22 47 31 8 19 20 37 47 37 29 37 18 52 48 34 21 7 32 43 16 40 20 12 26 24 0 49 45 49 25 9 42 16 18 25 40 14 45 20 44 27 18 26 37 
5 16 14 39 53 24 39 26 34 27 49 29 30 32 23 47 19 24 37 3 33 28 45 42 45 5 32 38 53 48 32 28 49 0 38 44 25 41 47 50 38 53 36 56 13 60 4 24 54 51 11 
42 29 25 53 38 39 2 32 5 18 38 35 42 9 15 14 33 16 26 41 7 13 57 38 16 37 37 4 34 35 19 45 45 38 0 6 42 44 11 33 26 28 4 41 25 41 37 24 36 26 33 
48 35 31 59 41 45 5 38 10 24 42 41 48 15 21 14 39 22 31 47 12 20 63 42 18 43 43 9 36 39 25 51 49 44 6 0 48 49 9 36 31 30 10 44 31 43 43 30 38 28 40 
22 15 22 13 34 2 44 11 40 24 28 9 4 33 35 43 10 27 23 28 41 28 19 21 38 20 10 39 38 30 24 3 25 25 42 48 0 16 46 34 24 40 38 36 27 42 21 17 37 39 16 
38 27 33 13 20 17 46 16 45 28 14 12 12 35 43 39 21 33 18 44 46 31 15 8 34 36 9 39 26 18 24 15 9 41 44 49 16 0 44 22 18 30 39 22 39 28 37 22 24 30 30 
50 35 33 55 33 43 11 35 16 22 35 37 45 15 26 5 38 23 25 50 18 19 58 36 10 45 39 9 27 31 21 48 42 47 11 9 46 44 0 28 25 21 11 36 35 34 45 28 29 19 40 
50 34 37 36 5 32 35 25 36 26 8 24 30 28 40 22 32 31 12 53 38 27 37 14 18 45 23 29 4 4 19 34 16 50 33 36 34 22 28 0 12 8 29 8 42 9 46 25 4 9 39 
37 21 24 30 15 22 29 13 28 14 13 14 21 19 29 21 20 20 0 41 30 16 33 11 16 33 14 22 15 11 8 25 18 38 26 31 24 18 25 12 0 16 22 19 30 22 34 13 16 15 27 
53 37 38 44 13 38 30 30 33 26 17 30 37 25 38 15 36 31 16 56 35 26 45 22 12 48 30 24 6 13 20 41 25 53 28 30 40 30 21 8 16 0 25 15 43 12 49 28 8 2 42 
39 25 22 48 34 35 6 27 7 13 34 30 38 4 15 12 29 12 22 39 9 9 53 33 13 34 33 1 30 31 15 40 40 36 4 10 38 39 11 29 22 25 0 37 24 37 34 20 32 23 30 
55 40 43 35 3 36 43 29 45 33 8 28 32 36 48 30 37 39 19 59 47 34 35 15 26 51 26 37 8 7 27 36 14 56 41 44 36 22 36 8 19 15 37 0 49 6 52 32 6 16 45 
17 12 6 41 46 25 26 23 21 17 43 27 31 20 10 35 18 12 30 15 20 17 47 37 33 12 30 25 45 42 23 30 45 13 25 31 27 39 35 42 30 43 24 49 0 52 12 18 46 41 12 
59 43 46 41 7 41 43 34 45 35 13 33 38 37 49 28 41 41 22 63 47 36 41 20 25 55 31 37 7 11 29 42 20 60 41 43 42 28 34 9 22 12 37 6 52 0 56 35 5 14 48 
5 12 12 35 49 20 38 22 33 24 44 25 26 30 23 45 15 21 34 7 32 26 41 38 42 0 28 35 50 44 28 24 44 4 37 43 21 37 45 46 34 49 34 52 12 56 0 21 50 47 7 
25 9 12 29 28 14 26 7 23 6 25 11 18 15 20 26 9 11 13 28 24 10 34 19 22 20 14 21 28 24 8 20 27 24 24 30 17 22 28 25 13 28 20 32 18 35 21 0 29 26 14 
54 38 41 38 5 36 38 29 39 29 10 28 34 31 44 24 36 35 16 58 42 30 39 17 20 50 27 31 2 7 23 38 18 54 36 38 37 24 29 4 16 8 32 6 46 5 50 29 0 10 43 
51 35 36 43 14 37 28 28 30 24 17 29 36 23 36 13 35 29 15 54 33 24 45 21 10 47 29 22 8 13 18 40 26 51 26 28 39 30 19 9 15 2 23 16 41 14 47 26 10 0 41 
10 5 8 29 41 13 34 15 30 18 37 18 19 25 21 39 8 17 26 14 29 21 35 30 36 6 21 31 43 37 22 18 37 11 33 40 16 30 40 39 27 42 30 45 12 48 7 14 43 41 0 
0 710
656 656
683 683
680 680
652 652
406 406
201 201
551 551
569 569
30 30
260 260
334 334
341 341
268 268
606 606
167 167
109 109
158 158
25 25
657 657
499 499
513 513
147 147
595 595
612 612
269 269
337 337
611 611
638 638
677 677
510 510
32 32
580 580
243 243
690 690
673 673
79 79
338 338
1 1
405 405
392 392
646 646
9 9
308 308
145 145
419 419
57 57
143 143
535 535
323 323
285 285
