51
0 16 14 5 29 16 15 21 20 14 19 27 30 17 27 37 34 21 11 37 6 27 42 20 15 18 7 12 23 30 27 32 23 16 23 27 9 18 36 11 16 35 16 23 19 19 35 17 41 2 22 
16 0 25 13 27 32 17 20 8 30 3 35 22 16 20 23 30 32 16 37 13 11 43 21 2 25 17 25 35 13 11 30 13 30 28 27 8 30 38 5 17 21 20 34 20 6 29 20 42 19 22 
14 25 0 13 21 14 29 36 25 13 29 13 27 14 24 40 26 6 9 26 12 34 31 13 26 5 8 24 9 37 37 24 36 6 10 42 17 5 24 20 13 39 31 9 13 25 29 32 30 14 15 
5 13 13 0 23 19 18 24 15 17 17 24 24 12 21 32 28 20 6 32 1 23 38 15 13 14 4 18 22 26 25 27 23 17 19 30 4 18 32 8 11 31 20 22 14 15 29 21 37 8 17 
29 27 21 23 0 35 41 46 20 34 29 18 10 11 9 26 5 22 17 10 22 28 15 9 29 15 21 41 24 30 33 3 40 28 12 53 23 24 12 23 12 27 43 24 9 21 8 44 14 30 6 
16 32 14 19 35 0 28 34 35 2 36 24 40 27 37 51 40 16 21 39 19 43 44 26 32 19 17 17 16 45 44 38 38 8 24 38 24 13 37 27 25 50 28 17 26 34 43 29 43 13 29 
15 17 29 18 41 28 0 6 25 26 19 42 39 29 36 40 45 36 25 50 19 28 56 33 15 32 22 12 38 29 24 44 13 30 37 12 17 33 50 18 28 38 2 38 32 24 45 3 55 15 35 
21 20 36 24 46 34 6 0 29 32 21 49 43 34 40 42 50 43 31 56 25 29 61 38 18 39 28 18 45 30 24 50 11 37 43 7 23 40 56 22 34 39 6 45 38 27 50 5 60 22 40 
20 8 25 15 20 35 25 29 0 33 9 31 14 12 12 16 22 31 15 30 15 9 36 16 10 23 18 32 33 11 13 23 21 31 25 36 11 30 32 9 13 15 28 33 16 1 21 29 35 23 16 
14 30 13 17 34 2 26 32 33 0 33 24 39 25 36 49 39 16 19 39 17 41 44 25 29 19 15 16 16 43 41 38 36 8 23 36 22 13 37 25 24 48 26 17 25 32 42 27 43 11 28 
19 3 29 17 29 36 19 21 9 33 0 38 23 19 21 21 32 35 20 39 17 9 45 24 4 28 20 28 38 10 8 32 12 34 31 28 12 34 41 9 20 19 21 38 23 7 30 22 44 22 24 
27 35 13 24 18 24 42 49 31 24 38 0 28 19 25 43 22 8 18 17 23 41 20 15 36 10 20 37 8 43 45 20 47 16 6 54 27 11 13 29 18 43 44 7 15 32 26 45 20 27 16 
30 22 27 24 10 40 39 43 14 39 23 28 0 13 3 15 10 30 20 19 24 19 24 14 25 23 24 43 33 21 25 11 35 34 21 50 22 31 23 21 15 16 41 32 14 15 7 42 23 32 12 
17 16 14 12 11 27 29 34 12 25 19 19 13 0 10 25 16 19 6 21 11 21 26 4 18 11 11 30 22 24 25 15 30 21 12 41 11 19 22 12 1 25 31 21 4 13 17 32 25 19 5 
27 20 24 21 9 37 36 40 12 36 21 25 3 10 0 17 10 27 16 19 20 19 24 11 22 19 21 39 30 21 25 11 33 31 19 48 19 28 22 18 11 18 38 29 11 13 9 39 23 29 9 
37 23 40 32 26 51 40 42 16 49 21 43 15 25 17 0 25 44 31 35 32 13 39 28 25 36 34 48 47 12 18 26 31 46 36 49 28 44 38 25 27 2 43 47 28 17 21 43 38 40 26 
34 30 26 28 5 40 45 50 22 39 32 22 10 16 10 25 0 27 22 9 27 29 13 14 32 21 26 46 29 31 35 2 44 33 17 57 27 29 13 27 17 26 47 28 14 24 4 48 12 35 11 
21 32 6 20 22 16 36 43 31 16 35 8 30 19 27 44 27 0 15 24 19 40 28 16 33 8 15 30 2 42 43 25 43 8 9 48 24 3 21 26 18 44 37 2 16 31 30 38 28 20 18 
11 16 9 6 17 21 25 31 15 19 20 18 20 6 16 31 22 15 0 25 5 24 31 8 17 8 4 24 18 27 27 21 28 15 12 37 8 14 25 11 5 30 27 18 7 15 23 28 30 13 10 
37 37 26 32 10 39 50 56 30 39 39 17 19 21 19 35 9 24 25 0 31 38 5 17 39 20 29 49 25 40 44 8 50 31 15 62 32 27 4 33 21 36 52 25 17 31 13 53 4 38 15 
6 13 12 1 22 19 19 25 15 17 17 23 24 11 20 32 27 19 5 31 0 23 37 14 14 13 3 19 21 26 25 26 24 16 18 31 5 17 31 8 10 31 21 21 13 15 28 22 36 8 16 
27 11 34 23 28 43 28 29 9 41 9 41 19 21 19 13 29 40 24 38 23 0 43 26 13 32 26 36 43 2 6 30 18 40 34 36 18 39 41 15 22 10 30 42 25 9 27 31 42 30 25 
42 43 31 38 15 44 56 61 36 44 45 20 24 26 24 39 13 28 31 5 37 43 0 23 45 25 35 55 29 45 49 13 56 36 20 68 38 31 7 39 27 40 58 28 23 37 17 59 1 43 21 
20 21 13 15 9 26 33 38 16 25 24 15 14 4 11 28 14 16 8 17 14 26 23 0 23 8 12 32 18 28 30 12 34 19 8 45 15 16 17 16 4 28 35 18 0 17 16 36 22 21 2 
15 2 26 13 29 32 15 18 10 29 4 36 25 18 22 25 32 33 17 39 14 13 45 23 0 26 17 23 35 15 12 32 11 30 30 25 9 31 40 6 18 23 17 35 22 9 32 18 44 18 24 
18 25 5 14 15 19 32 39 23 19 28 10 23 11 19 36 21 8 8 20 13 32 25 8 26 0 10 29 10 35 36 19 37 12 5 45 17 8 18 20 10 36 34 10 8 23 24 35 25 18 10 
7 17 8 4 21 17 22 28 18 15 20 20 24 11 21 34 26 15 4 29 3 26 35 12 17 10 0 20 18 29 28 25 27 13 15 34 8 13 28 11 9 33 23 18 12 17 28 25 34 8 15 
12 25 24 18 41 17 12 18 32 16 28 37 43 30 39 48 46 30 24 49 19 36 55 32 23 29 20 0 31 39 35 45 25 23 34 20 21 27 48 22 29 46 11 32 32 30 48 12 54 11 35 
23 35 9 22 24 16 38 45 33 16 38 8 33 22 30 47 29 2 18 25 21 43 29 18 35 10 18 31 0 45 46 27 45 8 12 50 26 4 22 29 20 47 39 0 19 34 33 40 29 22 21 
30 13 37 26 30 45 29 30 11 43 10 43 21 24 21 12 31 42 27 40 26 2 45 28 15 35 29 39 45 0 6 32 19 42 36 37 21 42 43 18 25 9 31 45 27 11 28 32 44 32 27 
27 11 37 25 33 44 24 24 13 41 8 45 25 25 25 18 35 43 27 44 25 6 49 30 12 36 28 35 46 6 0 36 13 42 38 31 20 42 46 17 26 15 26 46 29 12 33 27 48 30 30 
32 30 24 27 3 38 44 50 23 38 32 20 11 15 11 26 2 25 21 8 26 30 13 12 32 19 25 45 27 32 36 0 43 31 15 56 27 27 11 27 16 28 47 26 13 24 6 48 12 34 10 
23 13 36 23 40 38 13 11 21 36 12 47 35 30 33 31 44 43 28 50 24 18 56 34 11 37 27 25 45 19 13 43 0 39 41 17 19 41 52 17 30 29 15 45 34 19 42 15 55 25 35 
16 30 6 17 28 8 30 37 31 8 34 16 34 21 31 46 33 8 15 31 16 40 36 19 30 12 13 23 8 42 42 31 39 0 16 42 22 5 29 24 19 46 31 9 20 31 36 32 35 14 22 
23 28 10 19 12 24 37 43 25 23 31 6 21 12 19 36 17 9 12 15 18 34 20 8 30 5 15 34 12 36 38 15 41 16 0 50 21 11 13 23 11 36 39 11 8 25 21 40 20 23 9 
27 27 42 30 53 38 12 7 36 36 28 54 50 41 48 49 57 48 37 62 31 36 68 45 25 45 34 20 50 37 31 56 17 42 50 0 30 45 63 29 41 46 10 50 45 34 57 9 67 27 47 
9 8 17 4 23 24 17 23 11 22 12 27 22 11 19 28 27 24 8 32 5 18 38 15 9 17 8 21 26 21 20 27 19 22 21 30 0 22 33 3 11 26 20 26 15 10 28 21 37 12 17 
18 30 5 18 24 13 33 40 30 13 34 11 31 19 28 44 29 3 14 27 17 39 31 16 31 8 13 27 4 42 42 27 41 5 11 45 22 0 24 25 17 44 35 5 17 30 32 36 30 18 19 
36 38 24 32 12 37 50 56 32 37 41 13 23 22 22 38 13 21 25 4 31 41 7 17 40 18 28 48 22 43 46 11 52 29 13 63 33 24 0 34 22 40 52 21 18 34 17 53 6 37 16 
11 5 20 8 23 27 18 22 9 25 9 29 21 12 18 25 27 26 11 33 8 15 39 16 6 20 11 22 29 18 17 27 17 24 23 29 3 25 34 0 12 24 20 29 16 8 27 21 38 14 18 
16 17 13 11 12 25 28 34 13 24 20 18 15 1 11 27 17 18 5 21 10 22 27 4 18 10 9 29 20 25 26 16 30 19 11 41 11 17 22 12 0 26 30 20 3 13 18 32 26 18 6 
35 21 39 31 27 50 38 39 15 48 19 43 16 25 18 2 26 44 30 36 31 10 40 28 23 36 33 46 47 9 15 28 29 46 36 46 26 44 40 24 26 0 40 46 28 16 23 41 39 38 27 
16 20 31 20 43 28 2 6 28 26 21 44 41 31 38 43 47 37 27 52 21 30 58 35 17 34 23 11 39 31 26 47 15 31 39 10 20 35 52 20 30 40 0 40 34 26 47 1 57 17 37 
23 34 9 22 24 17 38 45 33 17 38 7 32 21 29 47 28 2 18 25 21 42 28 18 35 10 18 32 0 45 46 26 45 9 11 50 26 5 21 29 20 46 40 0 18 33 32 41 28 23 20 
19 20 13 14 9 26 32 38 16 25 23 15 14 4 11 28 14 16 7 17 13 25 23 0 22 8 12 32 19 27 29 13 34 20 8 45 15 17 18 16 3 28 34 18 0 17 16 35 22 21 3 
19 6 25 15 21 34 24 27 1 32 7 32 15 13 13 17 24 31 15 31 15 9 37 17 9 23 17 30 34 11 12 24 19 31 25 34 10 30 34 8 13 16 26 33 17 0 23 27 36 22 17 
35 29 29 29 8 43 45 50 21 42 30 26 7 17 9 21 4 30 23 13 28 27 17 16 32 24 28 48 33 28 33 6 42 36 21 57 28 32 17 27 18 23 47 32 16 23 0 49 16 37 13 
17 20 32 21 44 29 3 5 29 27 22 45 42 32 39 43 48 38 28 53 22 31 59 36 18 35 25 12 40 32 27 48 15 32 40 9 21 36 53 21 32 41 1 41 35 27 49 0 58 18 38 
41 42 30 37 14 43 55 60 35 43 44 20 23 25 23 38 12 28 30 4 36 42 1 22 44 25 34 54 29 44 48 12 55 35 20 67 37 30 6 38 26 39 57 28 22 36 16 58 0 43 20 
2 19 14 8 30 13 15 22 23 11 22 27 32 19 29 40 35 20 13 38 8 30 43 21 18 18 8 11 22 32 30 34 25 14 23 27 12 18 37 14 18 38 17 23 21 22 37 18 43 0 24 
22 22 15 17 6 29 35 40 16 28 24 16 12 5 9 26 11 18 10 15 16 25 21 2 24 10 15 35 21 27 30 10 35 22 9 47 17 19 16 18 6 27 37 20 3 17 13 38 20 24 0 
0 464
438 438
210 210
108 108
241 241
360 360
285 285
365 365
377 377
355 355
329 329
51 51
172 172
199 199
365 365
394 394
231 231
238 238
367 367
224 224
159 159
77 77
397 397
292 292
166 166
423 423
240 240
280 280
85 85
258 258
174 174
118 118
274 274
118 118
157 157
369 369
69 69
340 340
63 63
149 149
201 201
423 423
99 99
3 3
278 278
64 64
266 266
457 457
367 367
124 124
189 189
