51
0 23 19 30 11 36 29 6 32 30 4 6 19 23 23 34 25 27 15 9 25 10 15 4 28 14 19 18 20 25 31 19 22 23 41 19 16 29 8 15 22 24 30 20 34 31 17 24 27 39 31 
23 0 33 12 30 32 5 21 9 42 25 16 34 11 12 38 14 21 29 15 28 22 11 20 22 36 42 11 10 45 9 21 19 7 36 3 30 8 31 37 33 41 33 36 10 38 29 46 24 32 9 
19 33 0 33 9 24 38 26 39 10 23 22 38 27 25 18 26 22 34 20 13 29 21 23 22 29 20 22 36 15 37 14 18 29 29 30 3 42 22 27 4 8 15 3 43 13 4 19 20 29 38 
30 12 33 0 33 22 11 30 9 38 34 24 45 6 7 31 6 13 39 21 23 33 14 28 14 44 47 12 22 47 6 19 14 7 25 13 30 19 39 45 31 42 27 36 13 33 28 50 16 22 7 
11 30 9 33 0 31 36 18 38 19 15 16 29 26 25 26 27 25 25 15 19 21 19 15 26 20 14 21 30 15 36 16 21 27 36 27 7 37 13 18 13 12 22 8 41 22 9 16 24 35 36 
36 32 24 22 31 0 33 40 32 23 40 34 55 21 19 11 18 11 50 29 11 43 24 37 9 49 44 23 40 39 29 16 14 25 5 31 23 40 42 49 20 32 10 28 36 15 22 44 9 4 29 
29 5 38 11 36 33 0 26 3 46 31 22 39 13 14 41 15 23 34 20 32 28 16 26 24 41 48 15 14 51 5 25 22 9 37 9 34 7 37 43 37 46 36 41 5 42 33 52 26 33 5 
6 21 26 30 18 40 26 0 30 37 5 6 15 24 25 40 27 30 10 10 30 3 16 2 31 14 24 19 15 31 29 24 26 22 45 17 23 25 11 16 28 31 35 26 31 37 23 30 31 42 29 
32 9 39 9 38 32 3 30 0 46 34 25 43 13 14 40 14 22 38 23 32 32 18 29 23 45 50 17 18 53 2 26 22 10 35 12 36 11 40 46 38 48 36 43 3 42 34 54 25 31 2 
30 42 10 38 19 23 46 37 46 0 34 33 49 33 31 12 32 25 45 30 15 40 30 34 25 39 28 30 46 19 44 20 23 36 26 39 14 50 33 37 9 11 13 11 50 7 14 24 22 27 44 
4 25 23 34 15 40 31 5 34 34 0 9 14 28 27 39 30 32 10 13 30 7 19 5 32 10 19 22 20 27 34 24 27 26 46 22 21 30 6 11 27 27 34 23 36 36 22 25 32 44 34 
6 16 22 24 16 34 22 6 25 33 9 0 21 18 18 35 21 24 16 4 24 9 10 4 25 19 25 13 14 31 24 18 19 17 39 13 19 22 14 21 24 28 29 24 27 33 19 31 25 36 24 
19 34 38 45 29 55 39 15 43 49 14 21 0 40 40 54 42 46 5 26 45 12 32 18 46 11 27 34 25 38 43 39 41 37 60 31 36 35 16 14 41 40 49 37 43 51 37 34 46 58 43 
23 11 27 6 26 21 13 24 13 33 28 18 40 0 1 27 3 10 34 14 18 27 8 22 11 38 40 5 20 41 10 13 9 4 25 10 23 19 32 39 25 35 22 30 17 28 22 43 13 21 11 
23 12 25 7 25 19 14 25 14 31 27 18 40 1 0 26 2 8 35 14 17 28 8 22 9 38 39 5 21 40 12 11 8 5 24 11 22 21 32 38 23 34 21 29 18 27 20 42 11 20 12 
34 38 18 31 26 11 41 40 40 12 39 35 54 27 26 0 25 18 50 31 10 44 28 37 17 46 38 27 45 31 37 17 18 31 13 36 19 47 39 45 13 23 5 21 44 5 17 36 14 15 38 
25 14 26 6 27 18 15 27 14 32 30 21 42 3 2 25 0 7 37 16 17 30 10 25 8 40 41 8 23 41 12 12 8 6 22 13 23 22 34 41 24 35 21 30 18 27 21 44 10 18 12 
27 21 22 13 25 11 23 30 22 25 32 24 46 10 8 18 7 0 40 19 10 34 14 28 1 41 39 12 29 37 19 8 4 14 15 20 19 29 35 41 19 30 13 26 26 20 18 41 3 12 20 
15 29 34 39 25 50 34 10 38 45 10 16 5 34 35 50 37 40 0 21 40 6 27 13 41 12 26 29 20 36 38 34 36 32 55 26 32 30 14 15 37 38 45 34 38 47 33 34 41 53 38 
9 15 20 21 15 29 20 10 23 30 13 4 26 14 14 31 16 19 21 0 20 14 6 8 20 23 27 8 15 31 21 13 15 13 34 11 16 22 18 24 21 27 25 22 25 29 16 31 20 32 22 
25 28 13 23 19 11 32 30 32 15 30 24 45 18 17 10 17 10 40 20 0 34 17 27 10 38 32 17 34 28 29 7 9 22 16 26 11 37 31 37 9 21 5 17 35 10 10 32 7 16 29 
10 22 29 33 21 43 28 3 32 40 7 9 12 27 28 44 30 34 6 14 34 0 20 6 35 14 25 22 15 34 31 28 29 25 49 20 26 25 12 16 32 34 39 30 32 41 27 32 34 46 31 
15 11 21 14 19 24 16 16 18 30 19 10 32 8 8 28 10 14 27 6 17 20 0 14 15 30 32 2 16 34 16 10 10 8 29 9 18 20 24 30 21 30 22 24 21 27 17 36 15 26 17 
4 20 23 28 15 37 26 2 29 34 5 4 18 22 22 37 25 28 13 8 27 6 14 0 28 15 23 17 16 29 28 21 23 21 42 17 20 25 11 17 25 28 32 24 31 35 20 29 28 40 28 
28 22 22 14 26 9 24 31 23 25 32 25 46 11 9 17 8 1 41 20 10 35 15 28 0 42 40 13 30 37 20 9 5 15 14 21 20 30 35 42 18 30 13 26 27 19 18 41 2 11 21 
14 36 29 44 20 49 41 14 45 39 10 19 11 38 38 46 40 41 12 23 38 14 30 15 42 0 15 32 29 26 44 33 37 37 54 32 27 39 7 3 33 29 42 27 46 42 29 23 41 53 44 
19 42 20 47 14 44 48 24 50 28 19 25 27 40 39 38 41 39 26 27 32 25 32 23 40 15 0 34 39 11 49 31 35 40 49 38 20 48 13 12 25 16 35 17 53 33 22 7 38 49 49 
18 11 22 12 21 23 15 19 17 30 22 13 34 5 5 27 8 12 29 8 17 22 2 17 13 32 34 0 17 36 15 10 9 6 27 9 19 20 26 33 21 31 22 25 20 27 17 37 14 24 15 
20 10 36 22 30 40 14 15 18 46 20 14 25 20 21 45 23 29 20 15 34 15 16 16 30 29 39 17 0 45 18 27 26 16 45 9 32 9 27 32 36 43 39 38 18 44 32 45 31 41 18 
25 45 15 47 15 39 51 31 53 19 27 31 38 41 40 31 41 37 36 31 28 34 34 29 37 26 11 36 45 0 51 29 34 42 44 42 18 53 22 23 19 8 29 11 56 26 19 5 35 44 51 
31 9 37 6 36 29 5 29 2 44 34 24 43 10 12 37 12 19 38 21 29 31 16 28 20 44 49 15 18 51 0 23 20 8 32 11 34 13 39 45 35 46 33 40 6 39 32 53 22 28 0 
19 21 14 19 16 16 25 24 26 20 24 18 39 13 11 17 12 8 34 13 7 28 10 21 9 33 31 10 27 29 23 0 4 15 21 19 11 30 26 33 11 23 12 18 30 16 9 32 7 19 24 
22 19 18 14 21 14 22 26 22 23 27 19 41 9 8 18 8 4 36 15 9 29 10 23 5 37 35 9 26 34 20 4 0 13 19 18 16 28 30 37 16 27 13 22 26 19 14 36 5 16 20 
23 7 29 7 27 25 9 22 10 36 26 17 37 4 5 31 6 14 32 13 22 25 8 21 15 37 40 6 16 42 8 15 13 0 29 6 25 15 31 38 27 37 26 32 14 32 24 44 16 25 9 
41 36 29 25 36 5 37 45 35 26 46 39 60 25 24 13 22 15 55 34 16 49 29 42 14 54 49 27 45 44 32 21 19 29 0 35 28 44 47 54 24 36 14 33 39 18 26 48 14 3 33 
19 3 30 13 27 31 9 17 12 39 22 13 31 10 11 36 13 20 26 11 26 20 9 17 21 32 38 9 9 42 11 19 18 6 35 0 27 11 28 34 30 38 31 33 14 36 26 43 22 32 11 
16 30 3 30 7 23 34 23 36 14 21 19 36 23 22 19 23 19 32 16 11 26 18 20 20 27 20 19 32 18 34 11 16 25 28 27 0 38 20 26 5 12 15 6 39 15 1 21 17 28 34 
29 8 42 19 37 40 7 25 11 50 30 22 35 19 21 47 22 29 30 22 37 25 20 25 30 39 48 20 9 53 13 30 28 15 44 11 38 0 36 41 41 49 42 44 9 47 37 53 32 40 12 
8 31 22 39 13 42 37 11 40 33 6 14 16 32 32 39 34 35 14 18 31 12 24 11 35 7 13 26 27 22 39 26 30 31 47 28 20 36 0 6 26 24 35 21 42 36 22 20 34 46 39 
15 37 27 45 18 49 43 16 46 37 11 21 14 39 38 45 41 41 15 24 37 16 30 17 42 3 12 33 32 23 45 33 37 38 54 34 26 41 6 0 31 27 41 25 48 41 28 20 41 53 45 
22 33 4 31 13 20 37 28 38 9 27 24 41 25 23 13 24 19 37 21 9 32 21 25 18 33 25 21 36 19 35 11 16 27 24 30 5 41 26 31 0 12 10 8 42 9 5 23 16 24 36 
24 41 8 42 12 32 46 31 48 11 27 28 40 35 34 23 35 30 38 27 21 34 30 28 30 29 16 31 43 8 46 23 27 37 36 38 12 49 24 27 12 0 21 5 51 18 13 12 28 36 46 
30 33 15 27 22 10 36 35 36 13 34 29 49 22 21 5 21 13 45 25 5 39 22 32 13 42 35 22 39 29 33 12 13 26 14 31 15 42 35 41 10 21 0 18 39 6 13 34 10 14 33 
20 36 3 36 8 28 41 26 43 11 23 24 37 30 29 21 30 26 34 22 17 30 24 24 26 27 17 25 38 11 40 18 22 32 33 33 6 44 21 25 8 5 18 0 46 16 8 15 24 33 41 
34 10 43 13 41 36 5 31 3 50 36 27 43 17 18 44 18 26 38 25 35 32 21 31 27 46 53 20 18 56 6 30 26 14 39 14 39 9 42 48 42 51 39 46 0 46 38 57 29 35 6 
31 38 13 33 22 15 42 37 42 7 36 33 51 28 27 5 27 20 47 29 10 41 27 35 19 42 33 27 44 26 39 16 19 32 18 36 15 47 36 41 9 18 6 16 46 0 14 31 16 20 39 
17 29 4 28 9 22 33 23 34 14 22 19 37 22 20 17 21 18 33 16 10 27 17 20 18 29 22 17 32 19 32 9 14 24 26 26 1 37 22 28 5 13 13 8 38 14 0 23 16 26 33 
24 46 19 50 16 44 52 30 54 24 25 31 34 43 42 36 44 41 34 31 32 32 36 29 41 23 7 37 45 5 53 32 36 44 48 43 21 53 20 20 23 12 34 15 57 31 23 0 39 48 53 
27 24 20 16 24 9 26 31 25 22 32 25 46 13 11 14 10 3 41 20 7 34 15 28 2 41 38 14 31 35 22 7 5 16 14 22 17 32 34 41 16 28 10 24 29 16 16 39 0 11 23 
39 32 29 22 35 4 33 42 31 27 44 36 58 21 20 15 18 12 53 32 16 46 26 40 11 53 49 24 41 44 28 19 16 25 3 32 28 40 46 53 24 36 14 33 35 20 26 48 11 0 29 
31 9 38 7 36 29 5 29 2 44 34 24 43 11 12 38 12 20 38 22 29 31 17 28 21 44 49 15 18 51 0 24 20 9 33 11 34 12 39 45 36 46 33 41 6 39 33 53 23 29 0 
0 573
213 499
53 339
59 345
126 412
120 406
31 317
127 413
131 417
149 435
274 560
128 414
138 424
187 473
256 542
209 495
0 286
100 386
178 464
269 555
6 292
245 531
84 370
49 335
116 402
286 572
223 509
205 491
22 308
167 453
41 327
223 509
267 553
31 317
161 447
4 290
208 494
35 321
250 536
277 563
161 447
8 294
157 443
36 322
226 512
218 504
233 519
46 332
200 486
130 416
279 565
