51
0 34 38 29 43 12 29 27 35 33 42 1 40 30 23 26 17 7 27 31 14 26 24 36 23 12 29 45 35 13 13 8 33 32 19 35 36 31 29 24 14 12 35 22 27 17 12 45 3 5 18 
34 0 64 12 36 44 49 25 0 3 43 34 33 46 33 49 41 28 43 47 22 22 39 14 22 40 31 46 3 46 25 34 48 56 50 56 64 43 54 41 24 42 18 37 11 18 22 48 34 36 36 
38 64 0 53 45 42 16 41 64 61 37 36 45 20 31 14 23 45 22 19 51 43 25 56 42 25 37 38 62 40 51 32 19 7 20 11 5 25 9 22 39 25 52 27 52 47 43 35 35 42 27 
29 12 53 0 25 41 37 12 12 9 31 28 21 34 22 38 31 26 31 35 22 10 27 6 11 32 18 33 10 42 25 26 36 45 42 44 54 30 43 30 16 34 7 25 2 12 17 35 28 33 26 
43 36 45 25 0 55 30 17 36 33 9 41 3 25 21 33 32 43 24 26 43 18 24 22 21 37 14 10 33 55 46 35 25 38 45 34 49 20 37 26 29 40 18 24 27 32 33 13 39 48 28 
12 44 42 41 55 0 38 39 45 44 54 14 52 40 35 34 27 16 38 41 22 39 34 48 35 21 41 57 46 2 19 20 42 38 21 43 39 42 35 34 27 19 47 33 39 28 24 56 15 8 29 
29 49 16 37 30 38 0 25 49 46 23 28 29 4 15 5 12 35 6 4 40 27 9 40 26 17 21 25 47 36 40 21 5 8 19 6 19 9 7 7 26 19 36 11 37 33 30 22 26 35 13 
27 25 41 12 17 39 25 0 25 22 20 25 13 22 10 26 21 26 19 23 26 2 16 15 4 24 5 23 22 40 29 20 24 33 34 32 43 18 32 18 12 27 11 14 13 15 16 24 24 32 16 
35 0 64 12 36 45 49 25 0 3 43 34 33 47 34 49 41 29 43 47 23 22 39 14 22 41 31 46 3 46 26 34 49 56 51 56 65 43 54 42 25 43 18 37 11 18 23 48 34 37 37 
33 3 61 9 33 44 46 22 3 0 40 33 30 44 31 46 39 28 40 44 22 19 36 11 19 39 28 42 1 45 25 32 46 53 49 53 62 40 51 39 22 41 15 34 8 16 21 44 33 36 34 
42 43 37 31 9 54 23 20 43 40 0 40 11 18 19 27 28 44 18 18 46 22 20 30 24 34 14 3 40 53 48 33 18 30 41 26 41 13 30 21 30 37 25 20 32 35 35 4 38 48 25 
1 34 36 28 41 14 28 25 34 33 40 0 38 29 21 24 16 8 26 29 15 25 22 35 21 11 27 43 34 14 14 7 31 31 18 33 35 29 28 22 13 11 34 20 27 16 11 43 2 7 16 
40 33 45 21 3 52 29 13 33 30 11 38 0 24 19 32 30 40 23 25 40 15 22 19 18 35 11 12 30 52 42 32 25 37 43 34 48 19 37 24 26 38 15 22 23 29 30 15 37 45 25 
30 46 20 34 25 40 4 22 47 44 18 29 24 0 13 9 13 36 3 0 39 24 7 37 24 19 17 20 45 39 40 22 2 12 23 9 23 5 12 6 25 21 33 10 35 32 29 18 27 36 13 
23 33 31 22 21 35 15 10 34 31 19 21 19 13 0 16 11 26 9 13 28 12 5 25 11 16 7 22 32 34 30 14 15 23 25 22 33 10 21 8 13 19 22 3 22 19 17 22 19 28 6 
26 49 14 38 33 34 5 26 49 46 27 24 32 9 16 0 9 32 9 8 37 28 10 42 27 13 23 29 47 32 38 18 10 7 14 9 16 13 5 8 25 14 38 12 38 32 28 27 22 31 12 
17 41 23 31 32 27 12 21 41 39 28 16 30 13 11 9 0 23 10 13 28 22 8 35 20 5 19 31 40 26 29 9 15 16 13 18 23 15 13 7 16 8 32 8 30 23 19 30 14 23 4 
7 28 45 26 43 16 35 26 29 28 44 8 40 36 26 32 23 0 32 36 6 25 28 32 22 19 30 48 29 17 5 13 38 39 26 41 43 35 36 29 14 19 32 26 23 13 10 47 10 7 22 
27 43 22 31 24 38 6 19 43 40 18 26 23 3 9 9 10 32 0 4 36 21 4 34 20 16 14 21 41 37 37 19 5 14 22 12 25 4 13 3 21 19 30 6 31 28 25 19 24 33 9 
31 47 19 35 26 41 4 23 47 44 18 29 25 0 13 8 13 36 4 0 40 25 8 38 24 19 18 21 45 39 41 22 1 12 23 9 23 6 11 7 25 21 34 10 36 32 30 18 27 36 13 
14 22 51 22 43 22 40 26 23 22 46 15 40 39 28 37 28 6 36 40 0 25 32 29 21 25 31 49 24 24 3 19 42 44 33 46 50 38 42 33 15 26 30 29 20 10 10 49 16 14 26 
26 22 43 10 18 39 27 2 22 19 22 25 15 24 12 28 22 25 21 25 25 0 18 13 3 25 8 25 20 39 27 20 26 35 35 34 45 20 33 20 12 28 10 16 11 14 15 26 23 31 17 
24 39 25 27 24 34 9 16 39 36 20 22 22 7 5 10 8 28 4 8 32 18 0 31 16 14 12 23 37 33 33 15 10 17 21 16 27 7 15 2 17 17 27 2 28 24 21 21 20 29 5 
36 14 56 6 22 48 40 15 14 11 30 35 19 37 25 42 35 32 34 38 29 13 31 0 15 37 20 32 11 49 32 32 39 48 48 47 58 32 47 33 22 40 4 29 9 19 23 34 34 40 30 
23 22 42 11 21 35 26 4 22 19 24 21 18 24 11 27 20 22 20 24 21 3 16 15 0 22 9 27 20 35 24 17 26 34 32 33 43 20 32 19 8 25 13 14 11 11 11 28 20 27 15 
12 40 25 32 37 21 17 24 41 39 34 11 35 19 16 13 5 19 16 19 25 25 14 37 22 0 23 37 40 20 25 6 21 19 10 22 24 21 16 13 16 3 35 13 31 22 18 35 9 17 9 
29 31 37 18 14 41 21 5 31 28 14 27 11 17 7 23 19 30 14 18 31 8 12 20 9 23 0 17 28 41 33 21 18 29 32 27 39 12 28 15 16 26 16 11 19 20 20 18 25 34 14 
45 46 38 33 10 57 25 23 46 42 3 43 12 20 22 29 31 48 21 21 49 25 23 32 27 37 17 0 43 56 51 37 20 32 43 27 43 16 32 24 34 40 27 23 35 38 38 3 42 51 28 
35 3 62 10 33 46 47 22 3 1 40 34 30 45 32 47 40 29 41 45 24 20 37 11 20 40 28 43 0 47 27 33 46 54 50 54 63 41 52 40 24 42 15 35 9 18 23 45 34 37 35 
13 46 40 42 55 2 36 40 46 45 53 14 52 39 34 32 26 17 37 39 24 39 33 49 35 20 41 56 47 0 21 20 41 36 19 41 36 41 34 33 27 17 48 33 40 29 25 55 15 9 28 
13 25 51 25 46 19 40 29 26 25 48 14 42 40 30 38 29 5 37 41 3 27 33 32 24 25 33 51 27 21 0 19 43 44 32 47 49 40 42 34 17 25 33 31 23 13 12 51 15 12 27 
8 34 32 26 35 20 21 20 34 32 33 7 32 22 14 18 9 13 19 22 19 20 15 32 17 6 21 37 33 20 19 0 24 25 16 27 31 22 22 15 10 8 30 13 24 15 11 36 5 14 9 
33 48 19 36 25 42 5 24 49 46 18 31 25 2 15 10 15 38 5 1 42 26 10 39 26 21 18 20 46 41 43 24 0 12 25 8 23 6 12 9 27 23 34 12 37 34 31 17 29 38 15 
32 56 7 45 38 38 8 33 56 53 30 31 37 12 23 7 16 39 14 12 44 35 17 48 34 19 29 32 54 36 44 25 12 0 17 5 11 18 3 14 32 20 45 19 45 39 35 29 29 37 19 
19 50 20 42 45 21 19 34 51 49 41 18 43 23 25 14 13 26 22 23 33 35 21 48 32 10 32 43 50 19 32 16 25 17 0 22 17 27 15 19 26 7 45 21 41 32 27 41 17 22 18 
35 56 11 44 34 43 6 32 56 53 26 33 34 9 22 9 18 41 12 9 46 34 16 47 33 22 27 27 54 41 47 27 8 5 22 0 15 14 7 14 33 24 43 18 44 40 37 24 32 40 20 
36 64 5 54 49 39 19 43 65 62 41 35 48 23 33 16 23 43 25 23 50 45 27 58 43 24 39 43 63 36 49 31 23 11 17 15 0 29 11 24 40 23 55 29 54 47 42 40 33 39 28 
31 43 25 30 20 42 9 18 43 40 13 29 19 5 10 13 15 35 4 6 38 20 7 32 20 21 12 16 41 41 40 22 6 18 27 14 29 0 17 8 23 24 28 9 31 30 27 14 27 37 13 
29 54 9 43 37 35 7 32 54 51 30 28 37 12 21 5 13 36 13 11 42 33 15 47 32 16 28 32 52 34 42 22 12 3 15 7 11 17 0 13 30 17 43 17 43 37 33 30 26 34 17 
24 41 22 30 26 34 7 18 42 39 21 22 24 6 8 8 7 29 3 7 33 20 2 33 19 13 15 24 40 33 34 15 9 14 19 14 24 8 13 0 19 16 30 4 30 26 23 22 20 29 6 
14 24 39 16 29 27 26 12 25 22 30 13 26 25 13 25 16 14 21 25 15 12 17 22 8 16 16 34 24 27 17 10 27 32 26 33 40 23 30 19 0 18 20 15 14 7 4 34 12 19 13 
12 42 25 34 40 19 19 27 43 41 37 11 38 21 19 14 8 19 19 21 26 28 17 40 25 3 26 40 42 17 25 8 23 20 7 24 23 24 17 16 18 0 38 16 33 24 20 38 10 16 12 
35 18 52 7 18 47 36 11 18 15 25 34 15 33 22 38 32 32 30 34 30 10 27 4 13 35 16 27 15 48 33 30 34 45 45 43 55 28 43 30 20 38 0 26 10 19 22 30 33 39 27 
22 37 27 25 24 33 11 14 37 34 20 20 22 10 3 12 8 26 6 10 29 16 2 29 14 13 11 23 35 33 31 13 12 19 21 18 29 9 17 4 15 16 26 0 25 22 19 22 18 28 4 
27 11 52 2 27 39 37 13 11 8 32 27 23 35 22 38 30 23 31 36 20 11 28 9 11 31 19 35 9 40 23 24 37 45 41 44 54 31 43 30 14 33 10 25 0 10 15 37 26 31 26 
17 18 47 12 32 28 33 15 18 16 35 16 29 32 19 32 23 13 28 32 10 14 24 19 11 22 20 38 18 29 13 15 34 39 32 40 47 30 37 26 7 24 19 22 10 0 4 39 16 20 20 
12 22 43 17 33 24 30 16 23 21 35 11 30 29 17 28 19 10 25 30 10 15 21 23 11 18 20 38 23 25 12 11 31 35 27 37 42 27 33 23 4 20 22 19 15 4 0 38 11 16 16 
45 48 35 35 13 56 22 24 48 44 4 43 15 18 22 27 30 47 19 18 49 26 21 34 28 35 18 3 45 55 51 36 17 29 41 24 40 14 30 22 34 38 30 22 37 39 38 0 41 50 27 
3 34 35 28 39 15 26 24 34 33 38 2 37 27 19 22 14 10 24 27 16 23 20 34 20 9 25 42 34 15 15 5 29 29 17 32 33 27 26 20 12 10 33 18 26 16 11 41 0 9 14 
5 36 42 33 48 8 35 32 37 36 48 7 45 36 28 31 23 7 33 36 14 31 29 40 27 17 34 51 37 9 12 14 38 37 22 40 39 37 34 29 19 16 39 28 31 20 16 50 9 0 24 
18 36 27 26 28 29 13 16 37 34 25 16 25 13 6 12 4 22 9 13 26 17 5 30 15 9 14 28 35 28 27 9 15 19 18 20 28 13 17 6 13 12 27 4 26 20 16 27 14 24 0 
0 437
95 95
23 23
67 67
340 340
110 110
121 121
303 303
152 152
95 95
113 113
88 88
369 369
249 249
219 219
73 73
422 422
100 100
211 211
181 181
48 48
281 281
388 388
35 35
261 261
122 122
125 125
111 111
253 253
359 359
178 178
45 45
189 189
204 204
343 343
104 104
226 226
153 153
379 379
166 166
170 170
292 292
235 235
144 144
125 125
432 432
400 400
69 69
300 300
147 147
64 64
