51
0 22 25 42 53 49 6 39 28 25 31 49 44 42 47 38 13 4 16 26 43 37 8 19 38 14 37 10 25 16 26 39 44 25 41 40 9 48 41 27 42 24 39 20 17 31 18 38 33 39 20 
22 0 35 49 56 49 17 25 16 44 28 51 47 34 51 46 27 26 10 36 31 47 15 24 37 13 39 12 16 13 40 42 26 23 33 48 17 52 25 15 46 42 45 33 16 44 7 39 47 30 39 
25 35 0 17 28 26 29 33 26 16 17 25 19 27 22 12 11 22 36 1 34 13 23 11 18 36 15 29 23 21 7 16 42 15 27 15 20 23 36 25 17 14 14 5 18 9 27 16 13 27 16 
42 49 17 0 12 14 47 38 36 28 23 10 7 28 6 5 29 40 53 16 36 8 40 26 16 53 12 46 34 36 18 10 48 26 28 3 37 6 42 36 4 27 4 22 33 14 42 13 16 30 30 
53 56 28 12 0 8 57 40 41 41 28 4 9 28 6 17 40 51 61 28 36 21 50 35 19 62 17 55 40 44 31 14 49 33 28 16 46 5 43 41 11 39 14 34 41 27 49 16 29 30 42 
49 49 26 14 8 0 52 31 33 40 21 4 7 19 8 18 36 47 55 25 27 22 44 30 11 56 11 50 32 37 30 9 40 26 19 17 41 9 35 34 10 39 13 31 35 27 43 10 30 22 41 
6 17 29 47 57 52 0 37 27 32 32 53 47 42 51 42 18 11 9 31 42 42 7 22 40 7 40 4 24 15 32 43 41 26 41 45 10 52 38 25 46 30 43 25 17 37 14 41 39 39 27 
39 25 33 38 40 31 37 0 10 49 15 35 33 12 36 38 34 40 35 34 6 41 31 25 22 37 26 33 13 22 40 28 9 18 12 39 30 38 3 12 34 46 34 35 22 41 22 25 45 9 46 
28 16 26 36 41 33 27 10 0 40 12 36 32 17 36 34 24 30 25 27 15 37 20 16 21 27 24 23 3 12 33 27 17 10 16 36 19 37 12 1 32 38 32 27 12 35 12 24 39 13 37 
25 44 16 28 41 40 32 49 40 0 34 38 33 44 34 23 17 21 41 16 50 19 29 24 35 40 31 34 37 31 10 32 57 31 44 24 26 35 52 39 30 2 27 14 30 13 37 33 12 44 4 
31 28 17 23 28 21 32 15 12 34 0 23 19 10 23 22 21 31 34 18 16 25 25 12 9 35 11 30 11 17 25 14 25 6 10 24 23 25 19 13 19 32 19 20 15 25 21 11 29 9 32 
49 51 25 10 4 4 53 35 36 38 23 0 5 23 4 15 36 47 57 25 31 19 46 31 14 57 12 51 35 39 28 9 44 28 23 14 42 4 39 36 8 37 11 30 37 24 45 12 27 26 40 
44 47 19 7 9 7 47 33 32 33 19 5 0 22 3 11 30 42 52 19 30 15 40 25 11 52 8 46 31 34 23 5 42 23 22 10 37 5 36 33 3 32 6 25 32 19 40 8 23 24 34 
42 34 27 28 28 19 42 12 17 44 10 23 22 0 25 29 32 42 42 28 8 33 35 23 11 44 16 39 18 26 35 18 20 16 0 30 33 26 15 18 23 42 25 31 24 34 29 15 38 3 43 
47 51 22 6 6 8 51 36 36 34 23 4 3 25 0 11 33 44 55 21 33 15 44 29 15 56 11 49 35 38 25 8 46 27 25 10 40 1 40 36 5 33 8 27 35 21 44 12 23 27 36 
38 46 12 5 17 18 42 38 34 23 22 15 11 29 11 0 24 35 49 11 37 4 36 22 17 49 13 42 32 32 13 11 48 24 29 2 33 12 42 34 8 21 4 17 30 9 39 14 12 30 24 
13 27 11 29 40 36 18 34 24 17 21 36 30 32 33 24 0 11 26 12 37 23 13 9 26 25 25 19 21 14 14 26 41 16 32 26 10 34 36 23 28 14 25 6 13 18 20 26 20 31 13 
4 26 22 40 51 47 11 40 30 21 31 47 42 42 44 35 11 0 20 23 44 34 10 18 37 19 36 14 27 18 23 38 46 25 41 37 10 45 42 28 39 20 36 17 18 28 20 37 29 39 16 
16 10 36 53 61 55 9 35 25 41 34 57 52 42 55 49 26 20 0 37 41 49 12 26 43 2 44 7 24 17 40 47 37 29 42 51 16 57 35 24 51 39 48 33 20 44 13 45 47 39 36 
26 36 1 16 28 25 31 34 27 16 18 25 19 28 21 11 12 23 37 0 35 11 25 12 19 37 15 31 25 22 6 16 43 16 28 14 21 22 37 27 16 14 13 5 20 7 29 16 11 28 15 
43 31 34 36 36 27 42 6 15 50 16 31 30 8 33 37 37 44 41 35 0 40 36 27 19 43 24 39 18 27 41 26 13 20 8 38 34 35 8 17 31 48 33 37 26 41 28 23 45 7 48 
37 47 13 8 21 22 42 41 37 19 25 19 15 33 15 4 23 34 49 11 40 0 36 23 21 49 17 42 34 33 11 15 51 26 32 5 33 15 45 36 12 18 8 17 31 6 40 18 8 33 22 
8 15 23 40 50 44 7 31 20 29 25 46 40 35 44 36 13 10 12 25 36 36 0 14 33 12 33 5 18 8 27 36 36 19 34 39 3 45 32 19 39 27 36 20 10 31 10 34 34 32 24 
19 24 11 26 35 30 22 25 16 24 12 31 25 23 29 22 9 18 26 12 27 23 14 0 19 27 18 20 13 10 17 21 33 7 23 25 11 30 28 15 24 22 22 10 7 20 16 19 23 21 21 
38 37 18 16 19 11 40 22 21 35 9 14 11 11 15 17 26 37 43 19 19 21 33 19 0 44 4 38 20 26 25 6 31 14 11 18 30 16 25 22 12 33 13 23 23 23 31 3 27 13 34 
14 13 36 53 62 56 7 37 27 40 35 57 52 44 56 49 25 19 2 37 43 49 12 27 44 0 45 6 26 18 39 48 39 29 43 51 15 57 37 26 51 38 49 32 20 44 14 45 46 40 35 
37 39 15 12 17 11 40 26 24 31 11 12 8 16 11 13 25 36 44 15 24 17 33 18 4 45 0 39 23 27 21 3 35 15 15 14 30 13 29 24 8 29 8 20 24 19 32 1 23 17 31 
10 12 29 46 55 50 4 33 23 34 30 51 46 39 49 42 19 14 7 31 39 42 5 20 38 6 39 0 21 12 33 41 37 23 38 45 9 51 34 21 44 32 42 26 14 37 10 39 40 35 29 
25 16 23 34 40 32 24 13 3 37 11 35 31 18 35 32 21 27 24 25 18 34 18 13 20 26 23 21 0 9 30 26 20 8 17 34 17 36 15 2 31 35 30 24 9 32 11 23 36 14 34 
16 13 21 36 44 37 15 22 12 31 17 39 34 26 38 32 14 18 17 22 27 33 8 10 26 18 27 12 9 0 26 29 28 11 25 35 7 39 24 10 33 29 31 19 2 30 6 27 33 23 27 
26 40 7 18 31 30 32 40 33 10 25 28 23 35 25 13 14 23 40 6 41 11 27 17 25 39 21 33 30 26 0 21 49 22 34 15 24 25 44 32 20 8 16 7 24 4 33 22 6 34 11 
39 42 16 10 14 9 43 28 27 32 14 9 5 18 8 11 26 38 47 16 26 15 36 21 6 48 3 41 26 29 21 0 38 18 18 12 32 10 32 27 5 30 6 21 27 18 35 3 22 20 32 
44 26 42 48 49 40 41 9 17 57 25 44 42 20 46 48 41 46 37 43 13 51 36 33 31 39 35 37 20 28 49 38 0 26 20 49 36 47 5 18 43 55 44 43 28 50 26 35 54 18 54 
25 23 15 26 33 26 26 18 10 31 6 28 23 16 27 24 16 25 29 16 20 26 19 7 14 29 15 23 8 11 22 18 26 0 16 26 16 29 21 10 23 28 22 17 9 24 16 16 28 14 28 
41 33 27 28 28 19 41 12 16 44 10 23 22 0 25 29 32 41 42 28 8 32 34 23 11 43 15 38 17 25 34 18 20 16 0 30 32 26 15 17 23 42 24 30 24 33 28 15 38 3 42 
40 48 15 3 16 17 45 39 36 24 24 14 10 30 10 2 26 37 51 14 38 5 39 25 18 51 14 45 34 35 15 12 49 26 30 0 35 10 43 36 7 23 5 20 32 11 41 15 13 31 26 
9 17 20 37 46 41 10 30 19 26 23 42 37 33 40 33 10 10 16 21 34 33 3 11 30 15 30 9 17 7 24 32 36 16 32 35 0 42 32 18 35 24 33 16 8 28 11 31 31 30 22 
48 52 23 6 5 9 52 38 37 35 25 4 5 26 1 12 34 45 57 22 35 15 45 30 16 57 13 51 36 39 25 10 47 29 26 10 42 0 42 38 6 33 9 28 37 21 45 13 23 29 36 
41 25 36 42 43 35 38 3 12 52 19 39 36 15 40 42 36 42 35 37 8 45 32 28 25 37 29 34 15 24 44 32 5 21 15 43 32 42 0 13 37 49 38 38 24 44 23 29 49 12 49 
27 15 25 36 41 34 25 12 1 39 13 36 33 18 36 34 23 28 24 27 17 36 19 15 22 26 24 21 2 10 32 27 18 10 17 36 18 38 13 0 32 37 32 26 10 34 11 24 38 14 36 
42 46 17 4 11 10 46 34 32 30 19 8 3 23 5 8 28 39 51 16 31 12 39 24 12 51 8 44 31 33 20 5 43 23 23 7 35 6 37 32 0 29 3 22 31 16 39 8 20 25 31 
24 42 14 27 39 39 30 46 38 2 32 37 32 42 33 21 14 20 39 14 48 18 27 22 33 38 29 32 35 29 8 30 55 28 42 23 24 33 49 37 29 0 25 11 27 12 35 30 11 41 4 
39 45 14 4 14 13 43 34 32 27 19 11 6 25 8 4 25 36 48 13 33 8 36 22 13 49 8 42 30 31 16 6 44 22 24 5 33 9 38 32 3 25 0 19 29 13 37 9 16 26 28 
20 33 5 22 34 31 25 35 27 14 20 30 25 31 27 17 6 17 33 5 37 17 20 10 23 32 20 26 24 19 7 21 43 17 30 20 16 28 38 26 22 11 19 0 17 11 25 21 14 30 11 
17 16 18 33 41 35 17 22 12 30 15 37 32 24 35 30 13 18 20 20 26 31 10 7 23 20 24 14 9 2 24 27 28 9 24 32 8 37 24 10 31 27 29 17 0 27 8 24 31 22 26 
31 44 9 14 27 27 37 41 35 13 25 24 19 34 21 9 18 28 44 7 41 6 31 20 23 44 19 37 32 30 4 18 50 24 33 11 28 21 44 34 16 12 13 11 27 0 36 20 4 34 15 
18 7 27 42 49 43 14 22 12 37 21 45 40 29 44 39 20 20 13 29 28 40 10 16 31 14 32 10 11 6 33 35 26 16 28 41 11 45 23 11 39 35 37 25 8 36 0 32 39 26 33 
38 39 16 13 16 10 41 25 24 33 11 12 8 15 12 14 26 37 45 16 23 18 34 19 3 45 1 39 23 27 22 3 35 16 15 15 31 13 29 24 8 30 9 21 24 20 32 0 24 16 32 
33 47 13 16 29 30 39 45 39 12 29 27 23 38 23 12 20 29 47 11 45 8 34 23 27 46 23 40 36 33 6 22 54 28 38 13 31 23 49 38 20 11 16 14 31 4 39 24 0 38 15 
39 30 27 30 30 22 39 9 13 44 9 26 24 3 27 30 31 39 39 28 7 33 32 21 13 40 17 35 14 23 34 20 18 14 3 31 30 29 12 14 25 41 26 30 22 34 26 16 38 0 42 
20 39 16 30 42 41 27 46 37 4 32 40 34 43 36 24 13 16 36 15 48 22 24 21 34 35 31 29 34 27 11 32 54 28 42 26 22 36 49 36 31 4 28 11 26 15 33 32 15 42 0 
0 355
266 266
253 253
2 2
300 300
315 315
267 267
36 36
100 100
230 230
63 63
171 171
302 302
68 68
23 23
77 77
146 146
67 67
304 304
301 301
56 56
164 164
179 179
0 0
307 307
188 188
184 184
277 277
269 269
249 249
145 145
108 108
214 214
147 147
91 91
259 259
54 54
252 252
338 338
40 40
299 299
58 58
122 122
140 140
7 7
172 172
135 135
215 215
168 168
116 116
15 15
