51
0 60 38 7 34 2 59 43 50 29 38 11 37 34 34 47 13 31 11 33 40 36 53 31 12 25 11 35 29 47 27 6 4 43 6 56 11 44 43 46 47 30 47 28 27 15 25 42 27 45 35 
60 0 47 56 40 57 2 19 10 39 38 49 44 43 48 18 48 43 56 26 24 30 13 38 54 39 55 36 34 28 37 60 63 17 54 3 52 16 41 14 12 31 14 32 32 49 43 17 41 33 33 
38 47 0 31 8 35 45 41 40 13 54 33 57 5 4 47 26 52 44 29 23 19 35 48 44 18 44 50 39 55 41 43 42 32 32 43 26 32 7 34 39 23 44 25 33 23 46 33 45 15 48 
7 56 31 0 27 4 55 40 46 22 39 9 39 27 27 45 7 33 16 29 35 30 49 32 17 19 16 36 28 47 26 13 11 39 4 52 5 40 36 42 44 25 45 24 25 8 27 38 28 39 35 
34 40 8 27 0 31 38 33 32 6 46 27 49 2 7 39 21 44 38 20 16 11 29 40 38 10 38 42 31 47 33 38 38 24 28 37 22 25 9 26 31 15 36 17 25 18 38 25 38 12 39 
2 57 35 4 31 0 57 41 47 26 37 9 37 31 31 45 10 31 12 31 37 33 51 30 13 22 12 35 27 46 25 8 6 40 3 54 9 42 40 43 45 27 46 26 25 12 24 40 26 42 34 
59 2 45 55 38 57 0 19 9 37 39 48 45 41 45 19 47 44 55 25 22 28 10 39 54 38 55 37 34 30 37 60 62 16 53 3 51 15 39 13 12 30 15 30 32 47 43 16 41 30 34 
43 19 41 40 33 41 19 0 10 29 21 32 26 36 40 5 33 25 37 13 19 22 20 19 36 27 37 18 15 14 18 42 46 11 37 16 37 11 38 12 7 19 4 18 15 34 24 10 22 32 15 
50 10 40 46 32 47 9 10 0 30 31 39 37 35 40 12 38 35 46 17 16 21 11 30 45 30 46 28 24 23 27 50 53 8 44 6 42 7 35 6 3 21 8 22 22 39 34 8 32 27 25 
29 39 13 22 6 26 37 29 30 0 40 21 43 8 11 35 16 38 33 16 14 9 29 34 32 4 32 36 26 42 27 33 33 22 23 35 17 23 15 24 29 10 33 11 19 13 32 22 32 16 34 
38 38 54 39 46 37 39 21 31 40 0 29 5 49 52 20 35 7 28 27 36 37 41 7 27 36 27 3 14 12 14 34 39 31 35 36 38 32 54 33 28 31 24 29 20 38 12 30 11 49 6 
11 49 33 9 27 9 48 32 39 21 29 0 30 28 29 36 6 23 11 22 30 26 43 22 10 17 11 26 18 37 17 12 14 32 6 45 9 33 36 35 36 19 36 18 16 10 17 31 18 37 25 
37 44 57 39 49 37 45 26 37 43 5 30 0 52 54 26 36 6 26 31 41 41 47 9 25 39 26 8 17 17 16 33 38 36 35 42 39 37 57 38 34 34 29 32 24 39 12 35 12 53 11 
34 43 5 27 2 31 41 36 35 8 49 28 52 0 4 42 22 46 40 23 19 14 31 42 39 12 40 45 34 50 35 39 38 27 29 39 22 28 8 29 34 18 39 19 28 19 40 28 40 13 42 
34 48 4 27 7 31 45 40 40 11 52 29 54 4 0 46 23 49 40 27 23 18 36 45 40 15 40 48 37 53 38 39 38 32 29 44 22 32 10 34 39 22 43 23 31 19 43 32 42 17 45 
47 18 47 45 39 45 19 5 12 35 20 36 26 42 46 0 38 26 40 19 24 28 23 21 39 33 40 18 18 11 21 46 50 16 42 16 42 16 44 16 10 24 4 24 20 40 26 15 24 37 16 
13 48 26 7 21 10 47 33 38 16 35 6 36 22 23 38 0 29 17 21 27 22 41 27 17 12 17 31 22 41 21 17 17 31 6 44 4 32 30 34 36 17 38 16 18 3 23 31 23 32 30 
31 43 52 33 44 31 44 25 35 38 7 23 6 46 49 26 29 0 20 27 37 37 44 5 19 34 20 7 13 19 11 27 32 33 29 41 33 34 52 35 32 29 29 28 19 33 6 32 6 49 10 
11 56 44 16 38 12 55 37 46 33 28 11 26 40 40 40 17 20 0 31 40 37 52 21 1 28 0 26 22 38 19 6 11 40 12 52 19 41 48 43 43 29 42 28 23 21 15 40 17 48 26 
33 26 29 29 20 31 25 13 17 16 27 22 31 23 27 19 21 27 31 0 10 10 20 22 30 14 30 23 13 26 16 34 37 9 27 23 25 10 27 12 14 5 17 5 8 22 23 9 21 22 20 
40 24 23 35 16 37 22 19 16 14 36 30 41 19 23 24 27 37 40 10 0 5 14 32 39 16 39 33 24 34 26 42 44 8 33 20 30 9 19 10 15 10 21 11 18 26 33 9 32 12 30 
36 30 19 30 11 33 28 22 21 9 37 26 41 14 18 28 22 37 37 10 5 0 19 32 36 11 36 33 24 36 25 39 39 13 29 26 25 14 16 15 20 7 25 9 17 21 32 13 31 12 30 
53 13 35 49 29 51 10 20 11 29 41 43 47 31 36 23 41 44 52 20 14 19 0 39 51 30 51 38 32 34 35 55 57 11 47 10 44 10 28 9 13 23 19 24 28 40 42 12 40 20 35 
31 38 48 32 40 30 39 19 30 34 7 22 9 42 45 21 27 5 21 22 32 32 39 0 20 30 21 4 8 16 7 28 33 28 28 36 31 29 48 30 27 25 24 23 15 31 6 27 4 44 5 
12 54 44 17 38 13 54 36 45 32 27 10 25 39 40 39 17 19 1 30 39 36 51 20 0 27 0 25 21 37 18 7 12 39 13 51 19 40 47 42 42 29 41 27 22 21 14 38 16 47 25 
25 39 18 19 10 22 38 27 30 4 36 17 39 12 15 33 12 34 28 14 16 11 30 30 27 0 28 32 22 39 23 29 29 21 19 35 14 23 19 24 28 8 31 8 16 10 27 22 27 20 30 
11 55 44 16 38 12 55 37 46 32 27 11 26 40 40 40 17 20 0 30 39 36 51 21 0 28 0 25 21 38 19 6 11 40 12 52 19 41 47 43 42 29 42 27 23 21 15 39 17 48 26 
35 36 50 36 42 35 37 18 28 36 3 26 8 45 48 18 31 7 26 23 33 33 38 4 25 32 25 0 10 12 10 32 37 27 32 34 35 28 50 29 26 27 21 25 17 34 10 26 8 45 3 
29 34 39 28 31 27 34 15 24 26 14 18 17 34 37 18 22 13 22 13 24 24 32 8 21 22 21 10 0 19 2 27 31 21 24 31 26 22 39 23 21 16 20 15 6 24 9 20 8 36 8 
47 28 55 47 47 46 30 14 23 42 12 37 17 50 53 11 41 19 38 26 34 36 34 16 37 39 38 12 19 0 20 44 49 26 43 27 45 26 53 27 21 31 15 30 23 43 22 25 20 47 11 
27 37 41 26 33 25 37 18 27 27 14 17 16 35 38 21 21 11 19 16 26 25 35 7 18 23 19 10 2 20 0 25 29 23 23 33 25 24 41 26 24 18 22 16 8 24 6 22 5 38 8 
6 60 43 13 38 8 60 42 50 33 34 12 33 39 39 46 17 27 6 34 42 39 55 28 7 29 6 32 27 44 25 0 5 44 10 57 17 45 48 47 47 32 47 31 27 20 22 44 23 49 33 
4 63 42 11 38 6 62 46 53 33 39 14 38 38 38 50 17 32 11 37 44 39 57 33 12 29 11 37 31 49 29 5 0 46 10 59 15 47 47 49 50 33 50 32 30 19 26 46 28 49 37 
43 17 32 39 24 40 16 11 8 22 31 32 36 27 32 16 31 33 40 9 8 13 11 28 39 21 40 27 21 26 23 44 46 0 37 13 34 1 28 3 7 13 12 14 17 31 30 1 29 20 24 
6 54 32 4 28 3 53 37 44 23 35 6 35 29 29 42 6 29 12 27 33 29 47 28 13 19 12 32 24 43 23 10 10 37 0 50 6 38 37 40 41 23 42 22 22 9 22 36 24 39 32 
56 3 43 52 37 54 3 16 6 35 36 45 42 39 44 16 44 41 52 23 20 26 10 36 51 35 52 34 31 27 33 57 59 13 50 0 48 12 38 10 9 27 12 28 29 45 40 13 38 29 31 
11 52 26 5 22 9 51 37 42 17 38 9 39 22 22 42 4 33 19 25 30 25 44 31 19 14 19 35 26 45 25 17 15 34 6 48 0 35 31 37 39 20 41 20 22 3 26 34 27 34 34 
44 16 32 40 25 42 15 11 7 23 32 33 37 28 32 16 32 34 41 10 9 14 10 29 40 23 41 28 22 26 24 45 47 1 38 12 35 0 28 1 6 15 12 15 18 32 31 2 30 21 25 
43 41 7 36 9 40 39 38 35 15 54 36 57 8 10 44 30 52 48 27 19 16 28 48 47 19 47 50 39 53 41 48 47 28 37 38 31 28 0 29 35 23 40 24 33 27 47 29 46 8 47 
46 14 34 42 26 43 13 12 6 24 33 35 38 29 34 16 34 35 43 12 10 15 9 30 42 24 43 29 23 27 26 47 49 3 40 10 37 1 29 0 5 16 12 17 20 34 33 3 31 21 26 
47 12 39 44 31 45 12 7 3 29 28 36 34 34 39 10 36 32 43 14 15 20 13 27 42 28 42 26 21 21 24 47 50 7 41 9 39 6 35 5 0 19 6 20 20 37 31 6 29 27 22 
30 31 23 25 15 27 30 19 21 10 31 19 34 18 22 24 17 29 29 5 10 7 23 25 29 8 29 27 16 31 18 32 33 13 23 27 20 15 23 16 19 0 23 1 10 17 24 13 23 19 24 
47 14 44 45 36 46 15 4 8 33 24 36 29 39 43 4 38 29 42 17 21 25 19 24 41 31 42 21 20 15 22 47 50 12 42 12 41 12 40 12 6 23 0 22 20 39 28 11 26 33 18 
28 32 25 24 17 26 30 18 22 11 29 18 32 19 23 24 16 28 28 5 11 9 24 23 27 8 27 25 15 30 16 31 32 14 22 28 20 15 24 17 20 1 22 0 8 17 22 14 22 21 22 
27 32 33 25 25 25 32 15 22 19 20 16 24 28 31 20 18 19 23 8 18 17 28 15 22 16 23 17 6 23 8 27 30 17 22 29 22 18 33 20 20 10 20 8 0 20 14 16 13 30 14 
15 49 23 8 18 12 47 34 39 13 38 10 39 19 19 40 3 33 21 22 26 21 40 31 21 10 21 34 24 43 24 20 19 31 9 45 3 32 27 34 37 17 39 17 20 0 26 31 27 30 33 
25 43 46 27 38 24 43 24 34 32 12 17 12 40 43 26 23 6 15 23 33 32 42 6 14 27 15 10 9 22 6 22 26 30 22 40 26 31 47 33 31 24 28 22 14 26 0 29 2 44 11 
42 17 33 38 25 40 16 10 8 22 30 31 35 28 32 15 31 32 40 9 9 13 12 27 38 22 39 26 20 25 22 44 46 1 36 13 34 2 29 3 6 13 11 14 16 31 29 0 28 21 23 
27 41 45 28 38 26 41 22 32 32 11 18 12 40 42 24 23 6 17 21 32 31 40 4 16 27 17 8 8 20 5 23 28 29 24 38 27 30 46 31 29 23 26 22 13 27 2 28 0 43 9 
45 33 15 39 12 42 30 32 27 16 49 37 53 13 17 37 32 49 48 22 12 12 20 44 47 20 48 45 36 47 38 49 49 20 39 29 34 21 8 21 27 19 33 21 30 30 44 21 43 0 42 
35 33 48 35 39 34 34 15 25 34 6 25 11 42 45 16 30 10 26 20 30 30 35 5 25 30 26 3 8 11 8 33 37 24 32 31 34 25 47 26 22 24 18 22 14 33 11 23 9 42 0 
0 409
143 306
156 319
188 351
35 198
44 207
72 235
1 164
234 397
165 328
176 339
223 386
81 244
69 232
145 308
87 250
154 317
109 272
219 382
215 378
26 189
82 245
133 296
201 364
35 198
187 350
75 238
85 248
76 239
194 357
191 354
81 244
4 167
151 314
93 256
23 186
240 403
82 245
11 174
13 176
121 284
63 226
179 342
113 276
99 262
43 206
120 283
23 186
197 360
122 285
196 359
