51
0 47 13 25 43 14 13 49 50 42 5 44 18 46 38 26 37 26 29 19 47 36 49 27 31 9 10 29 41 35 23 36 4 40 34 30 24 28 41 38 45 45 34 1 43 28 38 33 14 13 25 
47 0 37 30 15 39 34 16 11 29 43 8 29 23 23 23 10 35 42 30 10 27 19 19 32 37 37 26 24 28 34 23 49 20 12 25 28 22 26 10 16 22 21 46 11 24 23 33 44 35 32 
13 37 0 12 31 19 4 43 43 40 12 36 13 42 25 21 27 14 33 17 36 23 44 17 31 8 10 27 28 33 10 23 17 36 25 17 22 16 39 27 39 40 30 13 31 15 35 33 21 12 26 
25 30 12 0 20 28 13 40 38 42 24 32 19 42 13 24 21 5 41 23 26 11 42 13 36 19 21 30 16 37 4 11 29 36 20 5 26 8 40 19 37 40 32 25 21 6 36 38 32 21 32 
43 15 31 20 0 41 30 31 27 41 40 22 29 37 8 28 13 23 49 32 6 13 34 17 40 35 35 33 8 38 24 10 47 32 15 14 33 15 39 8 30 35 31 43 4 15 35 42 45 34 38 
14 39 19 28 41 0 16 37 40 27 10 34 11 33 38 15 30 32 15 8 43 38 36 23 16 10 8 16 41 21 29 36 14 27 27 31 11 26 27 33 33 31 22 13 39 28 25 18 4 7 11 
13 34 4 13 30 16 0 39 39 36 11 32 9 38 24 17 24 16 30 13 34 24 40 14 27 6 8 23 28 29 13 23 17 32 22 17 18 14 35 25 35 36 27 13 29 15 31 29 19 8 22 
49 16 43 40 31 37 39 0 5 17 44 9 31 8 37 23 20 46 34 30 26 41 4 27 24 40 39 21 39 19 44 37 51 10 20 37 26 31 14 23 4 8 15 48 26 34 13 25 41 36 27 
50 11 43 38 27 40 39 5 0 22 46 6 32 14 33 24 17 44 38 32 21 38 9 25 28 41 40 24 35 23 43 34 52 14 18 35 28 30 19 20 8 13 18 49 22 32 18 29 44 37 30 
42 29 40 42 41 27 36 17 22 0 37 21 26 8 44 18 27 48 19 23 39 48 13 29 10 34 32 13 47 6 46 44 42 9 26 41 18 35 2 32 13 8 10 40 37 38 6 10 30 30 16 
5 43 12 24 40 10 11 44 46 37 0 39 14 41 36 21 33 26 25 14 44 35 44 24 26 5 5 24 39 30 23 34 6 35 30 28 19 25 36 35 40 40 30 3 39 26 33 28 10 8 20 
44 8 36 32 22 34 32 9 6 21 39 0 25 15 28 18 11 37 35 26 18 32 12 19 24 34 34 19 29 20 36 28 46 12 11 28 23 23 18 14 8 13 14 43 17 25 15 26 39 31 26 
18 29 13 19 29 11 9 31 32 26 14 25 0 28 27 8 19 23 22 4 32 28 31 11 18 9 8 13 30 20 21 25 20 22 17 20 8 15 25 22 26 27 17 17 27 17 21 20 16 5 13 
46 23 42 42 37 33 38 8 14 8 41 15 28 0 41 20 24 47 27 27 33 45 5 28 17 37 36 16 43 12 46 41 47 6 23 40 22 34 6 28 6 1 11 45 32 36 7 17 36 33 21 
38 23 25 13 8 38 24 37 33 44 36 28 27 41 0 28 17 15 48 31 15 4 40 16 41 30 31 34 3 40 16 1 42 36 18 7 32 11 42 13 35 40 34 38 11 10 38 43 42 31 38 
26 23 21 24 28 15 17 23 24 18 21 18 8 20 28 0 16 29 20 7 29 31 23 12 12 17 16 6 32 12 27 28 28 14 13 24 4 17 17 20 18 19 9 25 25 20 13 14 20 13 9 
37 10 27 21 13 30 24 20 17 27 33 11 19 24 17 16 0 26 36 21 13 21 22 9 26 27 27 20 19 24 25 17 39 19 2 17 20 12 25 4 18 22 17 36 10 14 21 28 35 25 25 
26 35 14 5 23 32 16 46 44 48 26 37 23 47 15 29 26 0 46 27 30 12 48 19 41 22 24 35 17 42 3 13 30 41 25 9 31 14 46 24 43 46 37 26 25 11 42 43 35 24 36 
29 42 33 41 49 15 30 34 38 19 25 35 22 27 48 20 36 46 0 18 49 50 32 32 10 25 23 15 52 15 43 47 28 24 33 43 15 37 20 40 30 26 20 28 46 39 20 9 15 21 10 
19 30 17 23 32 8 13 30 32 23 14 26 4 27 31 7 21 27 18 0 34 32 30 15 14 10 8 10 34 17 24 29 20 21 19 24 5 19 23 25 26 25 15 17 30 21 19 16 13 6 9 
47 10 36 26 6 43 34 26 21 39 44 18 32 33 15 29 13 30 49 34 0 20 30 20 39 38 39 33 15 36 30 16 51 30 15 20 34 20 36 9 27 32 30 47 4 20 33 41 48 37 38 
36 27 23 11 13 38 24 41 38 48 35 32 28 45 4 31 21 12 50 32 20 0 44 18 43 30 31 37 5 43 14 4 40 39 22 7 34 13 45 17 39 43 37 36 16 10 41 46 42 31 40 
49 19 44 42 34 36 40 4 9 13 44 12 31 5 40 23 22 48 32 30 30 44 0 28 22 40 39 20 42 17 46 40 50 9 22 40 25 34 11 26 4 5 14 48 30 37 11 22 41 36 26 
27 19 17 13 17 23 14 27 25 29 24 19 11 28 16 12 9 19 32 15 20 18 28 0 24 18 18 18 19 24 17 15 30 22 7 12 16 5 27 11 24 26 18 27 15 8 23 27 27 17 21 
31 32 31 36 40 16 27 24 28 10 26 24 18 17 41 12 26 41 10 14 39 43 22 24 0 24 22 6 44 5 38 40 31 13 24 36 9 30 11 31 20 16 10 30 36 33 10 2 19 20 5 
9 37 8 19 35 10 6 40 41 34 5 34 9 37 30 17 27 22 25 10 38 30 40 18 24 0 2 21 34 27 19 29 12 31 25 23 15 19 33 29 36 36 25 8 34 20 30 26 12 4 18 
10 37 10 21 35 8 8 39 40 32 5 34 8 36 31 16 27 24 23 8 39 31 39 18 22 2 0 19 35 25 21 30 12 30 25 24 14 20 31 30 34 34 24 9 34 21 28 24 11 2 16 
29 26 27 30 33 16 23 21 24 13 24 19 13 16 34 6 20 35 15 10 33 37 20 18 6 21 19 0 37 6 33 34 30 11 17 30 5 23 12 25 17 15 5 28 30 26 9 8 20 17 6 
41 24 28 16 8 41 28 39 35 47 39 29 30 43 3 32 19 17 52 34 15 5 42 19 44 34 35 37 0 43 19 4 45 38 21 11 36 15 44 15 37 42 36 41 12 13 40 46 46 34 41 
35 28 33 37 38 21 29 19 23 6 30 20 20 12 40 12 24 42 15 17 36 43 17 24 5 27 25 6 43 0 40 39 35 9 22 36 11 30 6 29 15 11 6 34 34 33 5 6 24 23 9 
23 34 10 4 24 29 13 44 43 46 23 36 21 46 16 27 25 3 43 24 30 14 46 17 38 19 21 33 19 40 0 15 27 39 24 9 29 13 44 24 41 44 35 23 26 10 40 41 32 21 34 
36 23 23 11 10 36 23 37 34 44 34 28 25 41 1 28 17 13 47 29 16 4 40 15 40 29 30 34 4 39 15 0 40 36 18 6 32 10 41 13 35 39 33 36 12 8 37 42 41 29 37 
4 49 17 29 47 14 17 51 52 42 6 46 20 47 42 28 39 30 28 20 51 40 50 30 31 12 12 30 45 35 27 40 0 41 37 34 25 31 42 42 46 46 36 4 46 32 39 32 12 14 26 
40 20 36 36 32 27 32 10 14 9 35 12 22 6 36 14 19 41 24 21 30 39 9 22 13 31 30 11 38 9 39 36 41 0 17 34 16 27 6 23 6 4 5 39 28 30 3 15 31 27 17 
34 12 25 20 15 27 22 20 18 26 30 11 17 23 18 13 2 25 33 19 15 22 22 7 24 25 25 17 21 22 24 18 37 17 0 17 18 11 23 7 17 21 15 34 12 14 19 26 32 22 23 
30 25 17 5 14 31 17 37 35 41 28 28 20 40 7 24 17 9 43 24 20 7 40 12 36 23 24 30 11 36 9 6 34 34 17 0 27 6 39 15 35 38 31 30 16 3 35 39 35 24 33 
24 28 22 26 33 11 18 26 28 18 19 23 8 22 32 4 20 31 15 5 34 34 25 16 9 15 14 5 36 11 29 32 25 16 18 27 0 21 17 25 21 20 10 22 30 24 14 11 16 11 5 
28 22 16 8 15 26 14 31 30 35 25 23 15 34 11 17 12 14 37 19 20 13 34 5 30 19 20 23 15 30 13 10 31 27 11 6 21 0 33 12 29 32 24 27 15 3 29 32 30 19 26 
41 26 39 40 39 27 35 14 19 2 36 18 25 6 42 17 25 46 20 23 36 45 11 27 11 33 31 12 44 6 44 41 42 6 23 39 17 33 0 30 11 6 8 40 34 36 4 11 31 29 16 
38 10 27 19 8 33 25 23 20 32 35 14 22 28 13 20 4 24 40 25 9 17 26 11 31 29 30 25 15 29 24 13 42 23 7 15 25 12 30 0 22 27 22 38 5 13 26 33 38 28 30 
45 16 39 37 30 33 35 4 8 13 40 8 26 6 35 18 18 43 30 26 27 39 4 24 20 36 34 17 37 15 41 35 46 6 17 35 21 29 11 22 0 5 11 44 26 32 9 21 37 32 23 
45 22 40 40 35 31 36 8 13 8 40 13 27 1 40 19 22 46 26 25 32 43 5 26 16 36 34 15 42 11 44 39 46 4 21 38 20 32 6 27 5 0 10 43 31 35 6 17 35 32 20 
34 21 30 32 31 22 27 15 18 10 30 14 17 11 34 9 17 37 20 15 30 37 14 18 10 25 24 5 36 6 35 33 36 5 15 31 10 24 8 22 11 10 0 33 27 27 4 11 26 22 12 
1 46 13 25 43 13 13 48 49 40 3 43 17 45 38 25 36 26 28 17 47 36 48 27 30 8 9 28 41 34 23 36 4 39 34 30 22 27 40 38 44 43 33 0 42 28 37 31 12 11 24 
43 11 31 21 4 39 29 26 22 37 39 17 27 32 11 25 10 25 46 30 4 16 30 15 36 34 34 30 12 34 26 12 46 28 12 16 30 15 34 5 26 31 27 42 0 15 31 39 43 33 35 
28 24 15 6 15 28 15 34 32 38 26 25 17 36 10 20 14 11 39 21 20 10 37 8 33 20 21 26 13 33 10 8 32 30 14 3 24 3 36 13 32 35 27 28 15 0 32 35 32 21 29 
38 23 35 36 35 25 31 13 18 6 33 15 21 7 38 13 21 42 20 19 33 41 11 23 10 30 28 9 40 5 40 37 39 3 19 35 14 29 4 26 9 6 4 37 31 32 0 11 29 26 14 
33 33 33 38 42 18 29 25 29 10 28 26 20 17 43 14 28 43 9 16 41 46 22 27 2 26 24 8 46 6 41 42 32 15 26 39 11 32 11 33 21 17 11 31 39 35 11 0 20 22 7 
14 44 21 32 45 4 19 41 44 30 10 39 16 36 42 20 35 35 15 13 48 42 41 27 19 12 11 20 46 24 32 41 12 31 32 35 16 30 31 38 37 35 26 12 43 32 29 20 0 11 14 
13 35 12 21 34 7 8 36 37 30 8 31 5 33 31 13 25 24 21 6 37 31 36 17 20 4 2 17 34 23 21 29 14 27 22 24 11 19 29 28 32 32 22 11 33 21 26 22 11 0 14 
25 32 26 32 38 11 22 27 30 16 20 26 13 21 38 9 25 36 10 9 38 40 26 21 5 18 16 6 41 9 34 37 26 17 23 33 5 26 16 30 23 20 12 24 35 29 14 7 14 14 0 
0 355
163 340
92 269
131 308
3 180
149 326
112 289
9 186
8 185
167 344
38 215
16 193
25 202
9 186
94 271
167 344
116 293
35 212
112 289
173 350
144 321
29 206
165 342
136 313
125 302
74 251
141 318
64 241
135 312
29 206
34 211
118 295
85 262
154 331
100 277
150 327
19 196
72 249
123 300
68 245
73 250
21 198
86 263
134 311
76 253
154 331
106 283
130 307
169 346
18 195
124 301
