51
0 24 19 25 6 1 31 35 2 10 40 12 30 49 30 11 15 12 36 36 37 43 21 26 25 28 47 49 45 12 32 19 35 45 27 31 33 49 38 43 37 34 41 46 42 15 36 55 23 27 13 
24 0 5 2 18 23 13 42 23 14 32 37 26 33 30 13 14 30 25 24 16 33 3 11 2 22 35 33 41 32 33 9 37 41 11 17 19 53 23 21 29 27 19 41 48 13 14 39 8 13 12 
19 5 0 6 13 18 13 37 18 9 30 32 23 33 26 9 8 24 23 22 18 31 2 9 6 18 34 33 38 27 28 10 33 38 10 15 18 49 23 24 26 24 22 38 43 7 17 39 11 11 6 
25 2 6 0 19 24 10 40 24 15 30 38 24 30 28 14 13 30 23 21 13 30 4 8 0 19 32 30 38 32 31 12 35 38 8 14 16 51 20 18 26 25 17 39 46 12 11 36 11 11 12 
6 18 13 19 0 5 26 35 5 4 36 18 27 44 27 6 10 14 32 31 31 39 15 21 19 24 43 44 42 16 30 14 33 42 21 25 28 48 33 37 33 31 35 43 42 10 30 50 18 22 8 
1 23 18 24 5 0 30 36 3 9 40 14 30 48 30 10 15 12 36 35 36 42 20 26 24 27 47 48 45 13 32 18 35 45 26 30 33 49 37 42 36 34 40 46 43 15 35 55 22 26 12 
31 13 13 10 26 30 0 35 29 21 21 43 18 20 22 22 16 32 13 11 6 20 13 4 10 13 22 20 30 35 25 22 29 29 4 5 6 45 10 11 17 16 10 29 41 15 7 26 22 5 18 
35 42 37 40 35 36 35 0 32 34 21 36 17 36 12 38 29 24 25 27 41 25 39 32 40 21 31 37 17 26 10 46 6 18 33 29 30 13 31 44 21 21 42 20 7 30 42 41 48 30 32 
2 23 18 24 5 3 29 32 0 9 37 13 27 46 27 11 13 9 34 33 36 40 20 25 25 25 45 46 42 10 29 20 32 42 25 28 31 46 36 41 34 32 39 43 39 13 35 53 24 25 12 
10 14 9 15 4 9 21 34 9 0 33 22 24 39 25 4 6 15 28 27 27 35 11 16 15 20 39 40 39 18 28 12 31 39 17 21 24 47 29 32 29 27 31 40 41 6 26 46 16 17 3 
40 32 30 30 36 40 21 21 37 33 0 47 9 15 12 36 26 33 7 9 24 4 31 21 30 12 10 15 9 36 11 40 14 8 21 15 14 26 12 25 3 5 25 8 24 26 26 21 41 19 30 
12 37 32 38 18 14 43 36 13 22 47 0 37 58 35 24 26 13 45 45 49 51 34 38 38 36 56 58 50 10 37 32 38 50 39 41 44 49 48 54 44 42 53 52 42 27 48 65 36 38 25 
30 26 23 24 27 30 18 17 27 24 9 37 0 22 5 28 17 24 9 10 23 13 25 16 24 4 18 22 15 27 7 33 11 15 16 12 12 27 14 26 7 5 25 16 23 18 25 28 34 13 21 
49 33 33 30 44 48 20 36 46 39 15 58 22 0 26 42 33 45 12 13 18 10 33 23 30 21 5 0 21 48 26 43 29 20 23 18 15 40 10 16 15 16 17 19 38 33 21 6 42 22 36 
30 30 26 28 27 30 22 12 27 25 12 35 5 26 0 29 19 22 14 15 28 16 28 20 28 9 22 26 15 25 2 35 7 15 21 17 17 23 19 31 10 9 30 16 18 20 29 32 37 18 23 
11 13 9 14 6 10 22 38 11 4 36 24 28 42 29 0 10 20 31 30 27 38 10 18 14 24 42 42 43 22 32 8 36 43 18 24 26 51 31 33 33 31 31 44 46 10 26 48 12 19 6 
15 14 8 13 10 15 16 29 13 6 26 26 17 33 19 10 0 16 21 20 22 28 11 11 13 13 32 33 33 19 22 16 26 33 12 15 18 41 22 28 22 20 26 34 36 0 22 40 19 11 3 
12 30 24 30 14 12 32 24 9 15 33 13 24 45 22 20 16 0 32 32 38 37 26 27 30 23 43 45 36 3 23 28 25 37 28 29 31 37 36 43 31 29 42 38 31 17 38 52 32 26 17 
36 25 23 23 32 36 13 25 34 28 7 45 9 12 14 31 21 32 0 1 16 7 25 14 23 9 11 13 16 35 15 34 19 16 14 8 6 33 5 18 4 4 17 16 30 21 18 19 34 12 24 
36 24 22 21 31 35 11 27 33 27 9 45 10 13 15 30 20 32 1 0 15 8 23 13 21 8 12 13 18 35 16 32 20 17 13 6 5 34 4 17 6 6 16 18 31 20 17 20 33 11 24 
37 16 18 13 31 36 6 41 36 27 24 49 23 18 28 27 22 38 16 15 0 22 17 11 13 19 22 18 33 42 30 26 35 32 10 11 10 49 11 5 21 20 3 32 46 22 2 23 24 12 24 
43 33 31 30 39 42 20 25 40 35 4 51 13 10 16 38 28 37 7 8 22 0 32 21 30 15 5 11 12 40 16 41 19 11 21 15 13 30 10 22 6 8 22 10 28 28 24 16 41 19 32 
21 3 2 4 15 20 13 39 20 11 31 34 25 33 28 10 11 26 25 23 17 32 0 10 4 20 35 33 40 29 31 9 35 39 10 16 19 51 23 23 28 26 21 40 46 10 16 40 9 12 9 
26 11 9 8 21 26 4 32 25 16 21 38 16 23 20 18 11 27 14 13 11 21 10 0 8 11 24 23 30 30 23 19 27 29 0 6 8 43 13 16 18 16 14 30 39 11 11 30 19 2 13 
25 2 6 0 19 24 10 40 25 15 30 38 24 30 28 14 13 30 23 21 13 30 4 8 0 20 32 30 39 33 31 12 35 38 8 14 16 52 20 18 26 25 17 39 47 13 11 36 11 11 13 
28 22 18 19 24 27 13 21 25 20 12 36 4 21 9 24 13 23 9 8 19 15 20 11 20 0 19 22 19 26 11 28 16 19 12 8 9 32 12 23 9 6 22 20 27 14 20 28 30 9 17 
47 35 34 32 43 47 22 31 45 39 10 56 18 5 22 42 32 43 11 12 22 5 35 24 32 19 0 6 16 46 22 44 25 14 24 18 15 34 11 21 11 13 21 14 33 32 25 10 44 22 36 
49 33 33 30 44 48 20 37 46 40 15 58 22 0 26 42 33 45 13 13 18 11 33 23 30 22 6 0 22 49 27 43 30 21 23 18 15 41 10 16 16 17 16 20 39 33 21 6 42 22 36 
45 41 38 38 42 45 30 17 42 39 9 50 15 21 15 43 33 36 16 18 33 12 40 30 39 19 16 22 0 39 12 48 12 1 30 24 23 18 21 34 12 13 34 2 18 33 35 26 49 27 36 
12 32 27 32 16 13 35 26 10 18 36 10 27 48 25 22 19 3 35 35 42 40 29 30 33 26 46 49 39 0 26 30 27 40 31 32 35 39 39 47 34 32 45 41 32 20 41 55 34 30 20 
32 33 28 31 30 32 25 10 29 28 11 37 7 26 2 32 22 23 15 16 30 16 31 23 31 11 22 27 12 26 0 38 4 13 23 19 19 20 21 33 11 10 32 14 16 22 32 32 40 20 25 
19 9 10 12 14 18 22 46 20 12 40 32 33 43 35 8 16 28 34 32 26 41 9 19 12 28 44 43 48 30 38 0 42 48 20 26 28 58 32 31 37 35 29 49 53 15 24 49 4 21 13 
35 37 33 35 33 35 29 6 32 31 14 38 11 29 7 36 26 25 19 20 35 19 35 27 35 16 25 30 12 27 4 42 0 13 28 23 24 16 25 37 15 14 36 15 11 26 36 35 44 25 29 
45 41 38 38 42 45 29 18 42 39 8 50 15 20 15 43 33 37 16 17 32 11 39 29 38 19 14 21 1 40 13 48 13 0 29 23 22 19 21 33 11 13 33 1 19 33 35 24 49 27 36 
27 11 10 8 21 26 4 33 25 17 21 39 16 23 21 18 12 28 14 13 10 21 10 0 8 12 24 23 30 31 23 20 28 29 0 6 8 44 12 15 18 16 14 30 39 11 10 29 20 2 13 
31 17 15 14 25 30 5 29 28 21 15 41 12 18 17 24 15 29 8 6 11 15 16 6 14 8 18 18 24 32 19 26 23 23 6 0 2 39 7 15 12 10 13 24 35 15 12 24 26 4 18 
33 19 18 16 28 33 6 30 31 24 14 44 12 15 17 26 18 31 6 5 10 13 19 8 16 9 15 15 23 35 19 28 24 22 8 2 0 39 4 13 11 10 12 23 35 18 12 22 28 7 20 
49 53 49 51 48 49 45 13 46 47 26 49 27 40 23 51 41 37 33 34 49 30 51 43 52 32 34 41 18 39 20 58 16 19 44 39 39 0 38 51 28 28 51 20 6 42 51 44 60 41 45 
38 23 23 20 33 37 10 31 36 29 12 48 14 10 19 31 22 36 5 4 11 10 23 13 20 12 11 10 21 39 21 32 25 21 12 7 4 38 0 12 10 10 12 21 36 22 14 17 32 11 25 
43 21 24 18 37 42 11 44 41 32 25 54 26 16 31 33 28 43 18 17 5 22 23 16 18 23 21 16 34 47 33 31 37 33 15 15 13 51 12 0 23 23 1 33 48 27 7 20 29 17 29 
37 29 26 26 33 36 17 21 34 29 3 44 7 15 10 33 22 31 4 6 21 6 28 18 26 9 11 16 12 34 11 37 15 11 18 12 11 28 10 23 0 2 22 12 25 23 23 21 37 15 26 
34 27 24 25 31 34 16 21 32 27 5 42 5 16 9 31 20 29 4 6 20 8 26 16 25 6 13 17 13 32 10 35 14 13 16 10 10 28 10 23 2 0 22 14 25 21 22 23 35 13 24 
41 19 22 17 35 40 10 42 39 31 25 53 25 17 30 31 26 42 17 16 3 22 21 14 17 22 21 16 34 45 32 29 36 33 14 13 12 51 12 1 22 22 0 33 47 25 5 21 27 15 27 
46 41 38 39 43 46 29 20 43 40 8 52 16 19 16 44 34 38 16 18 32 10 40 30 39 20 14 20 2 41 14 49 15 1 30 24 23 20 21 33 12 14 33 0 20 34 35 23 50 27 37 
42 48 43 46 42 43 41 7 39 41 24 42 23 38 18 46 36 31 30 31 46 28 46 39 47 27 33 39 18 32 16 53 11 19 39 35 35 6 36 48 25 25 47 20 0 37 48 43 55 36 39 
15 13 7 12 10 15 15 30 13 6 26 27 18 33 20 10 0 17 21 20 22 28 10 11 13 14 32 33 33 20 22 15 26 33 11 15 18 42 22 27 23 21 25 34 37 0 21 40 18 11 3 
36 14 17 11 30 35 7 42 35 26 26 48 25 21 29 26 22 38 18 17 2 24 16 11 11 20 25 21 35 41 32 24 36 35 10 12 12 51 14 7 23 22 5 35 48 21 0 26 22 12 23 
55 39 39 36 50 55 26 41 53 46 21 65 28 6 32 48 40 52 19 20 23 16 40 30 36 28 10 6 26 55 32 49 35 24 29 24 22 44 17 20 21 23 21 23 43 40 26 0 48 29 43 
23 8 11 11 18 22 22 48 24 16 41 36 34 42 37 12 19 32 34 33 24 41 9 19 11 30 44 42 49 34 40 4 44 49 20 26 28 60 32 29 37 35 27 50 55 18 22 48 0 22 16 
27 13 11 11 22 26 5 30 25 17 19 38 13 22 18 19 11 26 12 11 12 19 12 2 11 9 22 22 27 30 20 21 25 27 2 4 7 41 11 17 15 13 15 27 36 11 12 29 22 0 14 
13 12 6 12 8 12 18 32 12 3 30 25 21 36 23 6 3 17 24 24 24 32 9 13 13 17 36 36 36 20 25 13 29 36 13 18 20 45 25 29 26 24 27 37 39 3 23 43 16 14 0 
0 655
374 374
340 340
470 470
213 213
384 384
558 558
459 459
271 271
367 367
297 297
326 326
351 351
626 626
529 529
17 17
598 598
552 552
352 352
178 178
605 605
609 609
439 439
616 616
587 587
269 269
425 425
366 366
17 17
6 6
205 205
493 493
25 25
135 135
286 286
628 628
120 120
553 553
428 428
260 260
598 598
170 170
235 235
584 584
512 512
298 298
25 25
148 148
108 108
456 456
528 528
