51
0 11 14 29 36 13 22 21 12 37 14 37 13 11 24 15 32 19 14 12 3 2 32 26 33 32 33 28 14 24 17 9 27 25 19 15 3 19 18 21 24 16 24 24 38 41 30 12 37 29 30 
11 0 15 40 45 19 22 32 24 48 25 48 24 21 34 18 40 29 16 24 11 10 39 29 45 43 41 35 17 36 25 8 28 27 28 18 14 26 9 32 31 24 34 31 50 48 42 20 45 40 42 
14 15 0 34 50 27 35 33 20 41 17 44 17 14 21 29 45 32 1 19 10 11 46 40 43 34 47 42 27 33 12 7 13 12 16 3 16 33 25 22 38 30 24 38 45 54 39 9 50 30 38 
29 40 34 0 33 31 43 17 16 7 16 10 17 20 18 36 31 22 33 16 29 30 34 39 14 6 33 31 35 9 23 36 39 38 20 32 26 30 46 13 29 27 11 32 11 36 10 25 33 9 7 
36 45 50 33 0 26 30 18 31 35 36 29 36 38 47 27 4 17 50 33 40 39 7 20 20 39 4 9 28 24 46 46 61 60 45 50 34 18 43 40 13 20 40 14 31 4 22 44 0 41 25 
13 19 27 31 26 0 12 17 17 38 22 36 21 21 34 4 21 12 27 19 17 15 20 13 29 36 21 16 3 23 29 21 40 39 30 29 12 7 18 29 12 6 31 12 38 29 28 25 26 35 29 
22 22 35 43 30 12 0 28 29 50 34 47 33 32 46 7 25 22 35 31 26 24 23 10 40 48 25 21 9 35 40 28 49 47 41 37 22 14 15 41 18 16 43 16 49 33 39 35 31 47 41 
21 32 33 17 18 17 28 0 13 22 18 19 18 20 28 21 15 5 32 14 24 23 18 22 12 23 17 14 20 7 27 31 43 42 26 33 18 13 34 22 12 11 22 15 21 23 11 26 19 24 12 
12 24 20 16 31 17 29 13 0 24 5 25 5 6 17 21 27 14 19 1 13 13 29 28 22 20 29 25 20 13 15 20 30 29 14 20 9 19 29 12 22 15 13 23 26 35 19 13 32 18 18 
37 48 41 7 35 38 50 22 24 0 24 7 25 28 24 43 35 28 41 24 37 38 38 45 15 8 37 35 42 15 30 44 45 45 27 40 34 36 54 20 35 34 17 37 6 38 13 32 35 13 10 
14 25 17 16 36 22 34 18 5 24 0 26 0 3 12 26 33 20 17 3 13 14 34 34 26 18 35 30 24 16 9 19 25 24 8 16 12 25 32 7 27 21 9 29 27 40 22 9 37 14 20 
37 48 44 10 29 36 47 19 25 7 26 0 27 30 29 40 29 24 43 25 38 38 32 41 8 14 31 30 39 12 34 45 50 49 31 43 33 33 52 24 30 30 22 33 2 31 7 35 28 19 6 
13 24 17 17 36 21 33 18 5 25 0 27 0 2 13 25 33 19 16 3 12 13 34 33 26 19 34 30 24 16 9 18 25 24 9 16 11 24 31 8 27 20 10 28 28 40 22 8 37 15 21 
11 21 14 20 38 21 32 20 6 28 3 30 2 0 13 25 34 21 13 5 10 11 35 34 29 21 36 31 23 19 8 16 23 22 8 13 10 25 29 10 28 21 12 29 31 42 25 6 39 18 24 
24 34 21 18 47 34 46 28 17 24 12 29 13 13 0 38 44 31 20 15 22 24 46 46 32 15 46 42 37 23 9 26 21 21 5 18 23 37 42 6 39 33 7 41 29 51 28 13 47 10 25 
15 18 29 36 27 4 7 21 21 43 26 40 25 25 38 0 22 15 29 23 19 17 20 11 33 40 23 18 1 27 32 22 42 41 34 31 15 9 15 33 14 9 35 13 42 31 32 28 28 39 33 
32 40 45 31 4 21 25 15 27 35 33 29 33 34 44 22 0 13 45 29 35 34 4 16 20 37 2 4 23 21 42 41 57 56 41 46 29 13 38 37 8 15 38 9 31 8 22 40 5 39 24 
19 29 32 22 17 12 22 5 14 28 20 24 19 21 31 15 13 0 32 16 22 21 14 17 17 28 15 10 15 13 29 29 43 42 28 33 16 8 30 25 7 6 26 10 27 21 16 27 18 28 18 
14 16 1 33 50 27 35 32 19 41 17 43 16 13 20 29 45 32 0 19 10 12 45 40 42 33 47 42 28 32 11 8 13 11 15 2 16 33 26 21 38 30 23 38 44 54 38 8 50 29 37 
12 24 19 16 33 19 31 14 1 24 3 25 3 5 15 23 29 16 19 0 13 13 31 30 23 19 31 26 21 13 13 20 28 27 12 19 10 21 30 10 23 17 12 25 26 37 20 11 33 16 19 
3 11 10 29 40 17 26 24 13 37 13 38 12 10 22 19 35 22 10 13 0 1 35 30 35 31 37 31 17 26 14 6 23 22 17 12 6 23 19 20 28 20 23 28 40 44 32 10 41 28 32 
2 10 11 30 39 15 24 23 13 38 14 38 13 11 24 17 34 21 12 13 1 0 34 28 35 32 35 30 16 26 16 7 25 23 19 13 5 21 18 21 26 19 24 27 40 43 32 11 39 29 32 
32 39 46 34 7 20 23 18 29 38 34 32 34 35 46 20 4 14 45 31 35 34 0 12 24 40 2 4 21 24 44 41 58 56 43 47 29 12 36 39 7 15 40 7 35 10 25 41 8 42 28 
26 29 40 39 20 13 10 22 28 45 34 41 33 34 46 11 16 17 40 30 30 28 12 0 33 45 15 12 12 30 42 34 53 52 42 42 25 9 24 41 10 13 42 8 43 23 33 38 21 45 35 
33 45 43 14 20 29 40 12 22 15 26 8 26 29 32 33 20 17 42 23 35 35 24 33 0 20 22 21 33 9 35 42 51 50 32 42 30 25 47 26 22 23 25 25 11 22 4 35 20 24 6 
32 43 34 6 39 36 48 23 20 8 18 14 19 21 15 40 37 28 33 19 31 32 40 45 20 0 39 37 39 15 22 37 37 37 19 32 29 36 49 12 36 32 9 38 14 42 16 25 39 5 13 
33 41 47 33 4 21 25 17 29 37 35 31 34 36 46 23 2 15 47 31 37 35 2 15 22 39 0 5 24 24 44 42 59 57 43 48 30 14 38 39 9 16 40 9 33 8 24 42 5 41 27 
28 35 42 31 9 16 21 14 25 35 30 30 30 31 42 18 4 10 42 26 31 30 4 12 21 37 5 0 18 21 40 37 54 52 39 43 25 9 33 35 3 11 36 5 32 13 22 37 10 38 25 
14 17 27 35 28 3 9 20 20 42 24 39 24 23 37 1 23 15 28 21 17 16 21 12 33 39 24 18 0 27 31 21 41 39 32 29 13 9 15 32 15 9 34 14 42 32 32 26 29 38 33 
24 36 33 9 24 23 35 7 13 15 16 12 16 19 23 27 21 13 32 13 26 26 24 30 9 15 24 21 27 0 25 33 41 40 23 32 21 21 39 17 20 18 17 22 15 27 6 25 24 17 6 
17 25 12 23 46 29 40 27 15 30 9 34 9 8 9 32 42 29 11 13 14 16 44 42 35 22 44 40 31 25 0 18 15 15 3 9 17 33 34 10 36 30 12 38 35 50 31 4 47 18 29 
9 8 7 36 46 21 28 31 20 44 19 45 18 16 26 22 41 29 8 20 6 7 41 34 42 37 42 37 21 33 18 0 21 19 21 10 12 28 17 26 33 26 28 33 46 50 39 13 47 33 39 
27 28 13 39 61 40 49 43 30 45 25 50 25 23 21 42 57 43 13 28 23 25 58 53 51 37 59 54 41 41 15 21 0 1 18 11 28 46 38 26 50 42 27 51 50 65 47 16 62 32 45 
25 27 12 38 60 39 47 42 29 45 24 49 24 22 21 41 56 42 11 27 22 23 56 52 50 37 57 52 39 40 15 19 1 0 18 10 27 44 37 25 49 41 27 50 50 64 46 15 61 32 44 
19 28 16 20 45 30 41 26 14 27 8 31 9 8 5 34 41 28 15 12 17 19 43 42 32 19 43 39 32 23 3 21 18 18 0 13 18 33 37 7 36 30 9 38 31 49 28 8 45 14 26 
15 18 3 32 50 29 37 33 20 40 16 43 16 13 18 31 46 33 2 19 12 13 47 42 42 32 48 43 29 32 9 10 11 10 13 0 17 34 28 20 39 31 22 40 44 55 38 7 51 27 37 
3 14 16 26 34 12 22 18 9 34 12 33 11 10 23 15 29 16 16 10 6 5 29 25 30 29 30 25 13 21 17 12 28 27 18 17 0 17 20 19 21 14 22 22 35 38 27 13 34 26 27 
19 26 33 30 18 7 14 13 19 36 25 33 24 25 37 9 13 8 33 21 23 21 12 9 25 36 14 9 9 21 33 28 46 44 33 34 17 0 24 31 5 3 32 5 35 22 25 30 19 35 26 
18 9 25 46 43 18 15 34 29 54 32 52 31 29 42 15 38 30 26 30 19 18 36 24 47 49 38 33 15 39 34 17 38 37 37 28 20 24 0 39 30 24 42 28 54 46 45 29 44 47 46 
21 32 22 13 40 29 41 22 12 20 7 24 8 10 6 33 37 25 21 10 20 21 39 41 26 12 39 35 32 17 10 26 26 25 7 20 19 31 39 0 33 28 2 35 24 44 22 13 41 7 19 
24 31 38 29 13 12 18 12 22 35 27 30 27 28 39 14 8 7 38 23 28 26 7 10 22 36 9 3 15 20 36 33 50 49 36 39 21 5 30 33 0 7 34 2 32 17 22 33 14 36 25 
16 24 30 27 20 6 16 11 15 34 21 30 20 21 33 9 15 6 30 17 20 19 15 13 23 32 16 11 9 18 30 26 42 41 30 31 14 3 24 28 7 0 29 8 33 24 22 26 21 32 24 
24 34 24 11 40 31 43 22 13 17 9 22 10 12 7 35 38 26 23 12 23 24 40 42 25 9 40 36 34 17 12 28 27 27 9 22 22 32 42 2 34 29 0 36 22 44 21 15 41 5 18 
24 31 38 32 14 12 16 15 23 37 29 33 28 29 41 13 9 10 38 25 28 27 7 8 25 38 9 5 14 22 38 33 51 50 38 40 22 5 28 35 2 8 36 0 35 17 25 34 15 38 27 
38 50 45 11 31 38 49 21 26 6 27 2 28 31 29 42 31 27 44 26 40 40 35 43 11 14 33 32 42 15 35 46 50 50 31 44 35 35 54 24 32 33 22 35 0 33 10 36 31 19 8 
41 48 54 36 4 29 33 23 35 38 40 31 40 42 51 31 8 21 54 37 44 43 10 23 22 42 8 13 32 27 50 50 65 64 49 55 38 22 46 44 17 24 44 17 33 0 26 48 3 45 29 
30 42 39 10 22 28 39 11 19 13 22 7 22 25 28 32 22 16 38 20 32 32 25 33 4 16 24 22 32 6 31 39 47 46 28 38 27 25 45 22 22 22 21 25 10 26 0 31 22 20 3 
12 20 9 25 44 25 35 26 13 32 9 35 8 6 13 28 40 27 8 11 10 11 41 38 35 25 42 37 26 25 4 13 16 15 8 7 13 30 29 13 33 26 15 34 36 48 31 0 45 21 29 
37 45 50 33 0 26 31 19 32 35 37 28 37 39 47 28 5 18 50 33 41 39 8 21 20 39 5 10 29 24 47 47 62 61 45 51 34 19 44 41 14 21 41 15 31 3 22 45 0 41 25 
29 40 30 9 41 35 47 24 18 13 14 19 15 18 10 39 39 28 29 16 28 29 42 45 24 5 41 38 38 17 18 33 32 32 14 27 26 35 47 7 36 32 5 38 19 45 20 21 41 0 17 
30 42 38 7 25 29 41 12 18 10 20 6 21 24 25 33 24 18 37 19 32 32 28 35 6 13 27 25 33 6 29 39 45 44 26 37 27 26 46 19 25 24 18 27 8 29 3 29 25 17 0 
0 382
31 222
41 232
78 269
57 248
147 338
157 348
82 273
114 305
164 355
18 209
14 205
109 300
48 239
34 225
82 273
129 320
92 283
101 292
60 251
81 272
140 331
45 236
183 374
78 269
178 369
56 247
77 268
62 253
62 253
64 255
93 284
17 208
190 381
187 378
111 302
28 219
98 289
78 269
139 330
178 369
33 224
123 314
65 256
106 297
185 376
158 349
98 289
127 318
144 335
23 214
