51
0 14 27 10 7 21 30 20 21 34 31 33 33 9 21 4 39 18 21 22 28 11 8 30 25 25 23 20 11 20 11 11 15 36 33 18 22 33 19 42 32 3 36 37 21 16 11 18 31 14 29 
14 0 39 15 17 11 22 25 36 39 39 37 36 24 8 10 50 33 35 25 20 3 7 16 28 15 33 34 26 35 26 26 25 45 27 32 20 42 17 42 32 11 41 36 16 2 9 33 43 28 14 
27 39 0 23 32 38 42 18 11 18 11 21 23 19 41 31 13 16 14 21 39 36 31 49 22 39 7 16 18 19 20 22 13 11 39 27 29 11 29 34 29 29 21 33 33 41 30 24 4 17 53 
10 15 23 0 17 16 23 10 23 25 24 24 23 13 18 10 34 22 23 12 20 13 8 26 15 18 17 23 15 24 16 18 10 30 24 26 13 27 10 32 22 9 27 27 13 18 6 25 28 18 29 
7 17 32 17 0 26 36 27 25 41 38 41 40 13 24 7 45 20 23 29 34 14 13 33 33 30 30 22 15 21 13 12 22 43 40 16 29 40 26 49 39 8 43 44 28 17 17 17 37 16 29 
21 11 38 16 26 0 10 21 39 34 35 31 28 29 5 19 48 38 39 20 9 13 13 10 21 3 31 39 31 40 32 32 26 42 16 40 12 39 10 33 23 18 35 26 7 13 11 40 43 33 17 
30 22 42 23 36 10 0 23 45 32 35 28 25 36 14 28 48 45 46 20 2 23 23 13 20 6 34 46 38 47 39 40 30 43 7 48 12 39 13 26 18 28 32 20 9 23 19 48 45 41 24 
20 25 18 10 27 21 23 0 23 14 14 13 12 19 24 21 26 25 25 2 20 23 19 31 6 21 11 26 20 28 22 24 9 21 20 32 10 18 10 22 13 20 16 18 14 27 15 30 22 22 37 
21 36 11 23 25 39 45 23 0 28 22 31 32 12 40 26 24 5 2 26 42 33 28 49 29 41 15 4 10 7 11 13 14 23 44 15 33 22 31 43 36 25 31 41 35 38 28 12 14 8 50 
34 39 18 25 41 34 32 14 28 0 6 4 7 30 38 36 17 32 31 14 31 38 34 43 12 33 13 32 30 35 32 35 19 11 27 42 21 8 23 16 15 35 3 17 27 42 30 39 19 31 51 
31 39 11 24 38 35 35 14 22 6 0 10 13 25 39 34 12 27 24 15 33 37 32 45 15 35 8 26 25 29 27 30 15 7 31 36 23 3 24 22 19 32 9 22 28 41 29 34 12 26 51 
33 37 21 24 41 31 28 13 31 4 10 0 3 31 35 35 21 35 33 12 27 36 32 40 9 29 15 35 32 37 34 36 20 16 22 43 18 13 20 12 10 34 4 12 23 40 28 41 23 33 48 
33 36 23 23 40 28 25 12 32 7 13 3 0 31 33 34 24 36 34 11 24 35 31 37 7 27 17 36 32 38 34 36 20 19 19 44 15 16 18 10 7 33 6 9 21 38 26 42 25 33 45 
9 24 19 13 13 29 36 19 12 30 25 31 31 0 29 14 32 9 11 22 34 21 17 38 25 32 17 10 2 11 3 5 11 29 37 12 26 27 23 42 33 13 33 38 27 26 18 11 23 4 38 
21 8 41 18 24 5 14 24 40 38 39 35 33 29 0 17 51 39 40 24 13 10 13 8 26 8 34 40 31 41 32 32 28 46 21 39 17 42 15 38 28 17 39 31 12 8 11 40 46 34 12 
4 10 31 10 7 19 28 21 26 36 34 35 34 14 17 0 43 23 25 23 26 7 5 26 26 22 26 24 16 24 15 15 18 40 32 22 22 36 19 43 32 1 38 37 20 12 9 22 35 18 24 
39 50 13 34 45 48 48 26 24 17 12 21 24 32 51 43 0 29 26 28 46 48 43 58 28 48 17 28 31 31 33 36 24 5 43 39 36 9 37 32 32 42 19 34 41 52 40 36 9 30 63 
18 33 16 22 20 38 45 25 5 32 27 35 36 9 39 23 29 0 3 28 43 30 26 47 31 41 19 1 7 2 7 8 16 28 45 10 34 27 32 46 39 22 35 44 35 35 27 7 19 4 48 
21 35 14 23 23 39 46 25 2 31 24 33 34 11 40 25 26 3 0 28 43 32 28 49 31 42 17 2 9 4 10 11 16 26 45 13 34 25 32 45 38 24 34 43 36 37 29 10 16 7 50 
22 25 21 12 29 20 20 2 26 14 15 12 11 22 24 23 28 28 28 0 18 24 20 30 3 19 13 28 23 31 25 27 12 22 18 35 8 19 9 20 10 22 16 15 13 28 16 33 24 25 36 
28 20 39 20 34 9 2 20 42 31 33 27 24 34 13 26 46 43 43 18 0 22 21 14 18 5 32 43 36 45 37 38 28 41 7 46 10 37 11 26 17 26 31 19 7 22 17 46 43 38 24 
11 3 36 13 14 13 23 23 33 38 37 36 35 21 10 7 48 30 32 24 22 0 4 19 27 17 31 31 23 32 23 22 23 44 29 29 20 40 17 42 32 8 40 36 17 5 8 30 41 25 17 
8 7 31 8 13 13 23 19 28 34 32 32 31 17 13 5 43 26 28 20 21 4 0 21 23 17 26 27 19 28 19 19 18 39 27 26 18 35 14 39 28 5 36 33 15 9 4 26 36 21 21 
30 16 49 26 33 10 13 31 49 43 45 40 37 38 8 26 58 47 49 30 14 19 21 0 31 10 41 48 40 50 40 41 36 52 21 48 22 49 20 40 31 26 44 33 16 16 20 48 53 43 11 
25 28 22 15 33 21 20 6 29 12 15 9 7 25 26 26 28 31 31 3 18 27 23 31 0 20 15 31 26 34 28 30 15 22 16 38 8 18 11 16 7 25 13 12 14 30 19 36 26 28 38 
25 15 39 18 30 3 6 21 41 33 35 29 27 32 8 22 48 41 42 19 5 17 17 10 20 0 32 41 34 43 34 35 27 42 13 43 11 38 10 30 21 22 34 24 6 16 14 43 44 36 19 
23 33 7 17 30 31 34 11 15 13 8 15 17 17 34 26 17 19 17 13 32 31 26 41 15 32 0 19 17 22 19 22 7 13 31 28 21 10 21 27 21 25 16 26 25 35 23 26 11 18 46 
20 34 16 23 22 39 46 26 4 32 26 35 36 10 40 24 28 1 2 28 43 31 27 48 31 41 19 0 8 2 8 9 16 28 46 11 34 27 33 46 39 23 35 44 36 36 28 8 19 5 49 
11 26 18 15 15 31 38 20 10 30 25 32 32 2 31 16 31 7 9 23 36 23 19 40 26 34 17 8 0 9 2 4 11 29 39 11 27 27 25 43 34 15 33 39 28 28 20 10 22 2 40 
20 35 19 24 21 40 47 28 7 35 29 37 38 11 41 24 31 2 4 31 45 32 28 50 34 43 22 2 9 0 9 9 19 30 48 8 36 29 34 49 41 24 38 46 38 37 29 5 21 6 49 
11 26 20 16 13 32 39 22 11 32 27 34 34 3 32 15 33 7 10 25 37 23 19 40 28 34 19 8 2 9 0 2 13 31 40 9 29 29 27 44 36 14 35 41 30 28 21 8 24 3 40 
11 26 22 18 12 32 40 24 13 35 30 36 36 5 32 15 36 8 11 27 38 22 19 41 30 35 22 9 4 9 2 0 16 34 42 7 30 32 28 47 38 14 38 43 31 27 21 7 26 5 40 
15 25 13 10 22 26 30 9 14 19 15 20 20 11 28 18 24 16 16 12 28 23 18 36 15 27 7 16 11 19 13 16 0 21 29 23 18 18 17 31 22 17 22 27 21 28 16 21 17 13 39 
36 45 11 30 43 42 43 21 23 11 7 16 19 29 46 40 5 28 26 22 41 44 39 52 22 42 13 28 29 30 31 34 21 0 38 39 31 3 32 27 26 38 13 29 36 48 36 36 10 29 58 
33 27 39 24 40 16 7 20 44 27 31 22 19 37 21 32 43 45 45 18 7 29 27 21 16 13 31 46 39 48 40 42 29 38 0 50 11 34 13 19 12 31 26 12 12 29 22 49 42 41 31 
18 32 27 26 16 40 48 32 15 42 36 43 44 12 39 22 39 10 13 35 46 29 26 48 38 43 28 11 11 8 9 7 23 39 50 0 38 37 36 54 46 21 45 51 39 33 29 3 30 10 46 
22 20 29 13 29 12 12 10 33 21 23 18 15 26 17 22 36 34 34 8 10 20 18 22 8 11 21 34 27 36 29 30 18 31 11 38 0 27 3 21 11 21 22 15 5 23 13 37 33 30 30 
33 42 11 27 40 39 39 18 22 8 3 13 16 27 42 36 9 27 25 19 37 40 35 49 18 38 10 27 27 29 29 32 18 3 34 37 27 0 28 25 23 35 11 25 32 45 32 34 10 27 55 
19 17 29 10 26 10 13 10 31 23 24 20 18 23 15 19 37 32 32 9 11 17 14 20 11 10 21 33 25 34 27 28 17 32 13 36 3 28 0 25 14 18 24 19 3 20 9 35 33 28 27 
42 42 34 32 49 33 26 22 43 16 22 12 10 42 38 43 32 46 45 20 26 42 39 40 16 30 27 46 43 49 44 47 31 27 19 54 21 25 25 0 10 42 13 6 26 44 34 52 35 44 50 
32 32 29 22 39 23 18 13 36 15 19 10 7 33 28 32 32 39 38 10 17 32 28 31 7 21 21 39 34 41 36 38 22 26 12 46 11 23 14 10 0 31 14 5 16 34 24 44 32 36 40 
3 11 29 9 8 18 28 20 25 35 32 34 33 13 17 1 42 22 24 22 26 8 5 26 25 22 25 23 15 24 14 14 17 38 31 21 21 35 18 42 31 0 37 36 19 13 8 22 34 17 25 
36 41 21 27 43 35 32 16 31 3 9 4 6 33 39 38 19 35 34 16 31 40 36 44 13 34 16 35 33 38 35 38 22 13 26 45 22 11 24 13 14 37 0 15 27 44 32 42 22 34 52 
37 36 33 27 44 26 20 18 41 17 22 12 9 38 31 37 34 44 43 15 19 36 33 33 12 24 26 44 39 46 41 43 27 29 12 51 15 25 19 6 5 36 15 0 19 38 28 49 35 41 43 
21 16 33 13 28 7 9 14 35 27 28 23 21 27 12 20 41 35 36 13 7 17 15 16 14 6 25 36 28 38 30 31 21 36 12 39 5 32 3 26 16 19 27 19 0 18 10 38 37 31 24 
16 2 41 18 17 13 23 27 38 42 41 40 38 26 8 12 52 35 37 28 22 5 9 16 30 16 35 36 28 37 28 27 28 48 29 33 23 45 20 44 34 13 44 38 18 0 12 34 46 30 12 
11 9 30 6 17 11 19 15 28 30 29 28 26 18 11 9 40 27 29 16 17 8 4 20 19 14 23 28 20 29 21 21 16 36 22 29 13 32 9 34 24 8 32 28 10 12 0 29 34 23 22 
18 33 24 25 17 40 48 30 12 39 34 41 42 11 40 22 36 7 10 33 46 30 26 48 36 43 26 8 10 5 8 7 21 36 49 3 37 34 35 52 44 22 42 49 38 34 29 0 27 8 47 
31 43 4 28 37 43 45 22 14 19 12 23 25 23 46 35 9 19 16 24 43 41 36 53 26 44 11 19 22 21 24 26 17 10 42 30 33 10 33 35 32 34 22 35 37 46 34 27 0 21 57 
14 28 17 18 16 33 41 22 8 31 26 33 33 4 34 18 30 4 7 25 38 25 21 43 28 36 18 5 2 6 3 5 13 29 41 10 30 27 28 44 36 17 34 41 31 30 23 8 21 0 43 
29 14 53 29 29 17 24 37 50 51 51 48 45 38 12 24 63 48 50 36 24 17 21 11 38 19 46 49 40 49 40 40 39 58 31 46 30 55 27 50 40 25 52 43 24 12 22 47 57 43 0 
0 300
219 279
168 228
185 245
132 192
168 228
196 256
151 211
207 267
5 65
20 80
219 279
196 256
152 212
154 214
115 175
45 105
167 227
163 223
142 202
151 211
10 70
67 127
36 96
203 263
182 242
162 222
36 96
105 165
101 161
156 216
59 119
132 192
108 168
167 227
29 89
236 296
70 130
43 103
231 291
236 296
3 63
200 260
85 145
101 161
27 87
40 100
231 291
11 71
143 203
1 61
