51
0 24 35 50 39 8 9 33 24 44 23 15 59 52 29 3 43 36 33 12 44 48 35 38 52 30 34 31 22 22 46 15 30 26 36 39 40 49 56 42 15 33 46 25 19 22 48 22 36 46 9 
24 0 11 27 19 16 14 15 21 21 28 9 39 32 22 20 33 12 9 13 26 24 11 15 33 9 11 36 13 4 27 8 6 16 13 17 23 25 36 22 27 27 24 29 8 7 30 11 17 22 15 
35 11 0 16 17 27 26 11 26 14 35 20 30 22 24 32 30 2 2 24 20 13 5 5 25 8 8 41 22 13 19 20 6 19 1 12 18 13 26 14 36 29 18 34 17 17 23 20 17 13 26 
50 27 16 0 28 43 41 19 36 18 45 36 18 11 32 47 31 14 18 39 18 11 19 11 17 20 22 50 38 28 15 36 22 29 14 23 19 3 14 13 48 36 24 44 31 33 18 36 29 16 42 
39 19 17 28 0 30 30 28 40 10 48 24 45 37 40 36 48 20 18 31 38 18 11 22 42 24 9 55 17 23 37 24 15 34 18 5 36 24 41 32 46 45 7 48 27 17 40 17 3 12 30 
8 16 27 43 30 0 3 28 23 36 26 7 53 47 27 5 41 29 25 8 39 40 26 31 47 24 25 34 13 15 40 7 22 23 29 30 36 41 50 36 19 32 37 27 14 13 43 13 27 37 3 
9 14 26 41 30 3 0 25 20 35 22 6 50 44 24 6 37 27 23 4 36 39 25 29 44 21 25 31 15 13 37 6 20 19 27 30 32 39 48 34 16 28 37 23 11 13 40 14 28 36 0 
33 15 11 19 28 28 25 0 17 25 26 22 25 18 14 30 19 9 10 21 11 22 17 9 18 5 19 31 28 13 12 21 13 10 11 24 8 19 22 8 29 18 30 25 14 22 15 26 27 24 26 
24 21 26 36 40 23 20 17 0 40 8 21 38 34 5 22 19 25 24 15 23 39 30 26 31 18 32 15 32 17 25 21 25 7 27 37 19 36 36 24 13 8 44 8 14 27 26 30 39 40 20 
44 21 14 18 10 36 35 25 40 0 49 29 37 29 38 41 44 15 16 35 32 8 10 16 34 22 10 55 25 25 30 29 16 33 14 6 31 15 33 26 48 44 5 48 29 23 34 24 12 2 36 
23 28 35 45 48 26 22 26 8 49 0 26 45 42 13 23 24 34 33 18 30 48 38 35 38 27 39 8 37 24 34 26 33 16 35 45 28 45 44 32 9 12 52 1 20 33 34 36 46 48 23 
15 9 20 36 24 7 6 22 21 29 26 0 47 40 24 12 37 21 18 7 33 33 19 24 40 17 18 34 10 9 34 0 15 19 22 24 30 34 44 30 21 29 31 26 8 7 37 9 22 30 6 
59 39 30 18 45 53 50 25 38 37 45 47 0 7 32 56 23 27 31 47 15 29 35 25 7 29 38 47 52 38 12 47 35 32 28 40 18 22 4 17 51 33 43 44 39 46 11 50 46 35 51 
52 32 22 11 37 47 44 18 34 29 42 40 7 0 28 49 23 20 23 40 11 22 27 17 6 22 30 45 44 31 8 40 28 27 20 32 14 15 4 10 47 30 35 40 33 39 9 43 38 27 44 
29 22 24 32 40 27 24 14 5 38 13 24 32 28 0 27 13 23 22 19 17 36 29 23 25 16 31 17 34 18 20 24 24 5 24 36 14 33 31 19 19 5 43 12 15 28 21 32 38 38 24 
3 20 32 47 36 5 6 30 22 41 23 12 56 49 27 0 41 33 29 9 41 45 31 35 49 27 30 31 19 19 43 12 26 24 33 36 37 45 53 39 15 31 43 24 16 19 45 19 33 42 5 
43 33 30 31 48 41 37 19 19 44 24 37 23 23 13 41 0 28 29 33 13 39 36 27 17 24 39 23 45 29 16 37 33 18 30 43 12 33 24 18 32 11 49 22 28 40 14 44 47 42 38 
36 12 2 14 20 29 27 9 25 15 34 21 27 20 23 33 28 0 3 24 18 14 8 2 22 7 11 40 24 14 17 21 8 18 1 15 16 12 24 12 35 28 21 33 17 19 20 23 20 15 27 
33 9 2 18 18 25 23 10 24 16 33 18 31 23 22 29 29 3 0 21 20 16 6 6 25 6 9 39 20 11 20 18 4 17 3 14 18 16 27 15 33 28 20 32 14 15 23 19 17 15 24 
12 13 24 39 31 8 4 21 15 35 18 7 47 40 19 9 33 24 21 0 32 37 25 27 40 18 24 27 18 10 34 7 19 15 25 30 28 37 44 30 14 23 38 19 7 15 36 17 29 36 5 
44 26 20 18 38 39 36 11 23 32 30 33 15 11 17 41 13 18 20 32 0 26 26 16 8 16 29 33 39 24 3 33 24 17 19 33 3 20 13 6 36 19 38 29 25 34 4 38 38 30 36 
48 24 13 11 18 40 39 22 39 8 48 33 29 22 36 45 39 14 16 37 26 0 13 13 27 21 15 54 31 26 24 32 18 32 12 13 26 7 25 20 49 41 13 47 30 27 28 30 20 5 39 
35 11 5 19 11 26 25 17 30 10 38 19 35 27 29 31 36 8 6 25 26 13 0 11 31 13 3 45 18 14 25 19 5 23 7 7 24 16 31 20 38 34 14 38 18 14 29 17 11 11 26 
38 15 5 11 22 31 29 9 26 16 35 24 25 17 23 35 27 2 6 27 16 13 11 0 20 8 14 41 27 16 14 24 10 19 3 17 14 10 21 10 37 28 22 34 19 22 18 25 22 15 30 
52 33 25 17 42 47 44 18 31 34 38 40 7 6 25 49 17 22 25 40 8 27 31 20 0 23 34 40 46 31 6 40 30 25 24 36 11 20 6 10 44 26 40 37 32 40 4 44 42 32 44 
30 9 8 20 24 24 21 5 18 22 27 17 29 22 16 27 24 7 6 18 16 21 13 8 23 0 15 33 23 8 17 17 8 11 8 20 13 19 26 12 28 21 27 26 10 17 20 21 23 21 22 
34 11 8 22 9 25 25 19 32 10 39 18 38 30 31 30 39 11 9 24 29 15 3 14 34 15 0 47 16 15 28 18 6 25 10 6 27 19 34 23 38 36 13 39 19 12 32 14 8 12 25 
31 36 41 50 55 34 31 31 15 55 8 34 47 45 17 31 23 40 39 27 33 54 45 41 40 33 47 0 45 32 36 34 40 22 42 53 31 50 46 36 16 14 60 7 28 41 36 44 53 55 31 
22 13 22 38 17 13 15 28 32 25 37 10 52 44 34 19 45 24 20 18 39 31 18 27 46 23 16 45 0 16 40 10 16 28 23 19 37 35 48 35 32 39 25 37 18 5 43 1 14 27 15 
22 4 13 28 23 15 13 13 17 25 24 9 38 31 18 19 29 14 11 10 24 26 14 16 31 8 15 32 16 0 25 8 9 12 14 21 21 26 35 21 23 23 28 24 3 11 28 15 21 25 13 
46 27 19 15 37 40 37 12 25 30 34 34 12 8 20 43 16 17 20 34 3 24 25 14 6 17 28 36 40 25 0 34 24 20 18 32 5 18 10 4 39 22 36 32 26 34 3 38 37 28 38 
15 8 20 36 24 7 6 21 21 29 26 0 47 40 24 12 37 21 18 7 33 32 19 24 40 17 18 34 10 8 34 0 14 19 21 24 29 34 44 30 22 29 31 26 8 7 37 9 21 30 6 
30 6 6 22 15 22 20 13 25 16 33 15 35 28 24 26 33 8 4 19 24 18 5 10 30 8 6 40 16 9 24 14 0 18 7 12 22 19 32 19 32 30 19 33 13 11 28 14 14 16 21 
26 16 19 29 34 23 19 10 7 33 16 19 32 27 5 24 18 18 17 15 17 32 23 19 25 11 25 22 28 12 20 19 18 0 20 31 14 29 30 17 19 11 38 15 10 23 21 27 33 33 20 
36 13 1 14 18 29 27 11 27 14 35 22 28 20 24 33 30 1 3 25 19 12 7 3 24 8 10 42 23 14 18 21 7 20 0 13 17 12 24 13 37 29 19 35 18 18 22 22 18 13 27 
39 17 12 23 5 30 30 24 37 6 45 24 40 32 36 36 43 15 14 30 33 13 7 17 36 20 6 53 19 21 32 24 12 31 13 0 31 19 36 27 44 42 7 45 25 17 35 18 6 8 30 
40 23 18 19 36 36 32 8 19 31 28 30 18 14 14 37 12 16 18 28 3 26 24 14 11 13 27 31 37 21 5 29 22 14 17 31 0 21 16 6 33 17 36 26 21 31 7 35 35 29 33 
49 25 13 3 24 41 39 19 36 15 45 34 22 15 33 45 33 12 16 37 20 7 16 10 20 19 19 50 35 26 18 34 19 29 12 19 21 0 18 15 48 37 20 44 29 30 21 33 25 12 40 
56 36 26 14 41 50 48 22 36 33 44 44 4 4 31 53 24 24 27 44 13 25 31 21 6 26 34 46 48 35 10 44 32 30 24 36 16 18 0 14 50 32 38 43 36 43 10 47 42 30 48 
42 22 14 13 32 36 34 8 24 26 32 30 17 10 19 39 18 12 15 30 6 20 20 10 10 12 23 36 35 21 4 30 19 17 13 27 6 15 14 0 37 22 31 31 22 30 8 33 32 24 34 
15 27 36 48 46 19 16 29 13 48 9 21 51 47 19 15 32 35 33 14 36 49 38 37 44 28 38 16 32 23 39 22 32 19 37 44 33 48 50 37 0 20 51 10 19 29 40 31 43 49 17 
33 27 29 36 45 32 28 18 8 44 12 29 33 30 5 31 11 28 28 23 19 41 34 28 26 21 36 14 39 23 22 29 30 11 29 42 17 37 32 22 20 0 48 11 21 34 22 38 44 43 29 
46 24 18 24 7 37 37 30 44 5 52 31 43 35 43 43 49 21 20 38 38 13 14 22 40 27 13 60 25 28 36 31 19 38 19 7 36 20 38 31 51 48 0 52 32 24 40 24 10 8 37 
25 29 34 44 48 27 23 25 8 48 1 26 44 40 12 24 22 33 32 19 29 47 38 34 37 26 39 7 37 24 32 26 33 15 35 45 26 44 43 31 10 11 52 0 20 33 33 36 46 48 24 
19 8 17 31 27 14 11 14 14 29 20 8 39 33 15 16 28 17 14 7 25 30 18 19 32 10 19 28 18 3 26 8 13 10 18 25 21 29 36 22 19 21 32 20 0 13 29 17 25 29 11 
22 7 17 33 17 13 13 22 27 23 33 7 46 39 28 19 40 19 15 15 34 27 14 22 40 17 12 41 5 11 34 7 11 23 18 17 31 30 43 30 29 34 24 33 13 0 38 4 14 24 13 
48 30 23 18 40 43 40 15 26 34 34 37 11 9 21 45 14 20 23 36 4 28 29 18 4 20 32 36 43 28 3 37 28 21 22 35 7 21 10 8 40 22 40 33 29 38 0 42 40 32 41 
22 11 20 36 17 13 14 26 30 24 36 9 50 43 32 19 44 23 19 17 38 30 17 25 44 21 14 44 1 15 38 9 14 27 22 18 35 33 47 33 31 38 24 36 17 4 42 0 14 26 14 
36 17 17 29 3 27 28 27 39 12 46 22 46 38 38 33 47 20 17 29 38 20 11 22 42 23 8 53 14 21 37 21 14 33 18 6 35 25 42 32 43 44 10 46 25 14 40 14 0 14 28 
46 22 13 16 12 37 36 24 40 2 48 30 35 27 38 42 42 15 15 36 30 5 11 15 32 21 12 55 27 25 28 30 16 33 13 8 29 12 30 24 49 43 8 48 29 24 32 26 14 0 37 
9 15 26 42 30 3 0 26 20 36 23 6 51 44 24 5 38 27 24 5 36 39 26 30 44 22 25 31 15 13 38 6 21 20 27 30 33 40 48 34 17 29 37 24 11 13 41 14 28 37 0 
0 437
0 218
29 247
85 303
147 365
117 335
76 294
13 231
39 257
97 315
186 404
6 224
138 356
103 321
152 370
51 269
130 348
211 429
108 326
29 247
197 415
182 400
153 371
7 225
16 234
88 306
153 371
28 246
197 415
30 248
81 299
160 378
45 263
211 429
35 253
66 284
145 363
126 344
197 415
94 312
138 356
75 293
15 233
49 267
111 329
212 430
9 227
182 400
57 275
133 351
98 316
