51
0 19 25 18 10 12 15 32 6 7 25 24 14 16 15 36 10 26 27 6 13 12 8 14 29 23 33 31 23 27 7 12 21 11 21 34 10 29 8 36 32 34 20 37 12 12 18 9 15 8 21 
19 0 44 36 9 21 34 43 15 24 43 41 31 35 9 55 9 45 31 21 13 26 24 22 48 42 50 47 40 46 19 28 39 10 2 45 27 47 23 55 41 51 30 56 19 24 29 26 31 12 40 
25 44 0 11 35 31 11 36 29 21 14 18 19 8 39 14 35 1 43 26 37 25 24 32 6 5 19 24 18 7 26 23 14 35 46 38 20 12 23 15 39 19 30 16 32 28 30 19 20 32 5 
18 36 11 0 27 28 3 40 20 12 21 25 20 8 29 26 26 12 43 22 32 24 22 30 18 6 29 32 24 17 17 22 20 26 38 42 18 22 13 27 42 29 31 27 29 26 30 9 22 24 11 
10 9 35 27 0 17 25 39 6 15 35 34 24 27 6 47 0 36 30 14 12 20 17 18 40 33 43 41 33 38 10 21 31 2 11 41 20 39 13 47 38 44 26 48 15 19 24 17 24 3 31 
12 21 31 28 17 0 24 22 17 19 24 21 12 23 23 37 17 31 15 6 8 6 6 1 32 31 30 26 19 30 19 8 20 19 22 24 10 29 20 37 21 31 9 38 2 3 7 20 11 17 26 
15 34 11 3 25 24 0 37 18 10 19 22 16 5 28 25 24 12 39 18 29 20 18 26 17 7 27 29 21 16 15 18 17 24 36 39 14 20 12 26 39 27 28 26 26 22 26 8 18 22 9 
32 43 36 40 39 22 37 0 38 37 22 17 20 32 45 33 39 36 16 25 29 20 23 21 33 40 22 14 17 31 39 20 21 41 43 2 24 26 39 32 4 23 13 33 24 20 14 37 19 38 32 
6 15 29 20 6 17 18 38 0 8 31 31 20 21 10 41 5 30 32 12 15 18 15 18 34 26 39 37 29 32 4 19 27 6 18 40 16 34 7 42 38 40 25 43 16 18 24 10 21 3 26 
7 24 21 12 15 19 10 37 8 0 25 26 17 13 18 34 14 22 34 13 21 17 14 21 26 18 33 33 25 25 5 17 21 14 26 39 13 28 2 34 38 34 25 35 19 18 24 2 18 11 18 
25 43 14 21 35 24 19 22 31 25 0 5 12 13 41 13 35 14 32 22 32 18 19 25 10 18 8 10 5 8 29 16 4 36 44 24 15 4 27 13 26 8 20 14 26 21 20 23 12 33 10 
24 41 18 25 34 21 22 17 31 26 5 0 10 17 40 17 34 19 27 20 30 15 17 21 16 23 9 7 1 13 30 13 5 36 42 19 14 9 28 17 20 10 15 18 23 18 16 25 10 32 15 
14 31 19 20 24 12 16 20 20 17 12 10 0 12 30 25 24 19 24 10 20 6 7 13 19 20 19 16 8 17 20 4 7 25 32 23 4 16 19 25 22 20 11 25 15 9 11 16 1 22 14 
16 35 8 8 27 23 5 32 21 13 13 17 12 0 31 21 26 9 36 17 28 17 16 24 13 8 21 23 16 11 18 15 11 27 37 34 12 15 15 21 34 22 24 22 24 20 23 11 14 24 5 
15 9 39 29 6 23 28 45 10 18 41 40 30 31 0 52 5 40 36 20 17 26 23 24 44 36 49 46 39 42 12 27 37 4 12 47 25 44 16 52 44 49 32 53 21 25 30 20 30 7 36 
36 55 14 26 47 37 25 33 41 34 13 17 25 21 52 0 47 13 45 34 45 31 32 38 8 20 11 18 18 9 39 29 17 47 57 34 28 8 36 1 37 10 33 1 40 34 34 32 25 44 16 
10 9 35 26 0 17 24 39 5 14 35 34 24 26 5 47 0 36 30 14 12 20 17 18 39 32 43 41 33 37 9 21 31 2 12 41 20 39 13 47 39 44 26 48 16 19 25 16 24 2 31 
26 45 1 12 36 31 12 36 30 22 14 19 19 9 40 13 36 0 43 27 38 25 25 33 5 6 19 24 19 6 27 23 14 36 47 38 21 12 24 14 39 19 31 15 33 28 30 20 21 33 5 
27 31 43 43 30 15 39 16 32 34 32 27 24 36 36 45 30 43 0 21 18 18 21 13 42 44 35 29 26 40 34 20 29 33 29 18 24 37 35 45 13 36 12 46 15 16 12 35 22 31 38 
6 21 26 22 14 6 18 25 12 13 22 20 10 17 20 34 14 27 21 0 11 6 2 7 28 25 29 26 19 26 14 7 18 16 22 28 6 26 14 34 25 30 13 35 7 5 11 14 10 13 21 
13 13 37 32 12 8 29 29 15 21 32 30 20 28 17 45 12 38 18 11 0 14 13 8 40 36 39 35 28 37 18 16 28 14 13 31 17 37 21 45 28 40 17 46 6 12 15 22 20 13 32 
12 26 25 24 20 6 20 20 18 17 18 15 6 17 26 31 20 25 18 6 14 0 3 7 26 26 24 20 13 23 19 2 14 22 27 22 5 22 19 31 20 25 8 32 8 3 6 17 5 19 20 
8 24 24 22 17 6 18 23 15 14 19 17 7 16 23 32 17 25 21 2 13 3 0 8 26 24 26 23 16 24 16 4 15 19 25 25 4 24 15 32 24 27 11 33 8 4 9 14 7 15 19 
14 22 32 30 18 1 26 21 18 21 25 21 13 24 24 38 18 33 13 7 8 7 8 0 33 32 31 26 20 31 21 9 21 20 22 23 12 29 22 38 20 32 8 39 2 4 7 22 12 18 27 
29 48 6 18 40 32 17 33 34 26 10 16 19 13 44 8 39 5 42 28 40 26 26 33 0 12 14 19 16 2 31 24 13 40 50 34 22 7 28 8 36 13 30 9 34 29 30 24 21 37 8 
23 42 5 6 33 31 7 40 26 18 18 23 20 8 36 20 32 6 44 25 36 26 24 32 12 0 25 29 22 12 23 24 18 32 44 41 20 18 19 21 42 25 32 21 32 28 32 15 22 29 8 
33 50 19 29 43 30 27 22 39 33 8 9 19 21 49 11 43 19 35 29 39 24 26 31 14 25 0 7 10 12 38 22 11 44 51 23 23 6 35 10 26 1 24 11 33 27 25 31 19 41 18 
31 47 24 32 41 26 29 14 37 33 10 7 16 23 46 18 41 24 29 26 35 20 23 26 19 29 7 0 8 18 37 19 12 42 48 15 21 12 35 18 18 8 18 18 28 23 19 32 16 39 21 
23 40 18 24 33 19 21 17 29 25 5 1 8 16 39 18 33 19 26 19 28 13 16 20 16 22 10 8 0 14 29 12 4 34 41 19 13 10 27 18 20 11 14 19 22 16 15 24 8 31 14 
27 46 7 17 38 30 16 31 32 25 8 13 17 11 42 9 37 6 40 26 37 23 24 31 2 12 12 18 14 0 30 21 10 38 48 32 19 5 27 9 34 12 27 10 32 26 27 23 18 35 6 
7 19 26 17 10 19 15 39 4 5 29 30 20 18 12 39 9 27 34 14 18 19 16 21 31 23 38 37 29 30 0 19 26 9 22 41 16 33 3 40 40 38 27 40 19 19 25 7 21 7 23 
12 28 23 22 21 8 18 20 19 17 16 13 4 15 27 29 21 23 20 7 16 2 4 9 24 24 22 19 12 21 19 0 12 23 29 22 4 20 18 29 21 23 9 30 10 5 7 17 3 20 18 
21 39 14 20 31 20 17 21 27 21 4 5 7 11 37 17 31 14 29 18 28 14 15 21 13 18 11 12 4 10 26 12 0 32 40 23 11 8 23 17 24 12 17 18 22 17 17 20 8 29 10 
11 10 35 26 2 19 24 41 6 14 36 36 25 27 4 47 2 36 33 16 14 22 19 20 40 32 44 42 34 38 9 23 32 0 13 44 21 40 13 48 41 45 28 48 18 21 27 16 26 3 32 
21 2 46 38 11 22 36 43 18 26 44 42 32 37 12 57 12 47 29 22 13 27 25 22 50 44 51 48 41 48 22 29 40 13 0 45 29 49 25 57 41 52 30 58 19 25 29 28 32 14 42 
34 45 38 42 41 24 39 2 40 39 24 19 23 34 47 34 41 38 18 28 31 22 25 23 34 41 23 15 19 32 41 22 23 44 45 0 26 27 41 33 4 24 15 34 26 22 16 39 21 41 33 
10 27 20 18 20 10 14 24 16 13 15 14 4 12 25 28 20 21 24 6 17 5 4 12 22 20 23 21 13 19 16 4 11 21 29 26 0 19 15 28 25 24 13 29 12 8 11 13 5 18 15 
29 47 12 22 39 29 20 26 34 28 4 9 16 15 44 8 39 12 37 26 37 22 24 29 7 18 6 12 10 5 33 20 8 40 49 27 19 0 30 8 29 7 25 9 31 25 25 26 17 37 11 
8 23 23 13 13 20 12 39 7 2 27 28 19 15 16 36 13 24 35 14 21 19 15 22 28 19 35 35 27 27 3 18 23 13 25 41 15 30 0 37 39 36 27 37 20 19 25 4 20 10 20 
36 55 15 27 47 37 26 32 42 34 13 17 25 21 52 1 47 14 45 34 45 31 32 38 8 21 10 18 18 9 40 29 17 48 57 33 28 8 37 0 36 9 33 0 40 34 33 32 25 44 16 
32 41 39 42 38 21 39 4 38 38 26 20 22 34 44 37 39 39 13 25 28 20 24 20 36 42 26 18 20 34 40 21 24 41 41 4 25 29 39 36 0 27 12 37 23 20 14 38 20 38 34 
34 51 19 29 44 31 27 23 40 34 8 10 20 22 49 10 44 19 36 30 40 25 27 32 13 25 1 8 11 12 38 23 12 45 52 24 24 7 36 9 27 0 25 10 34 28 26 32 20 42 18 
20 30 30 31 26 9 28 13 25 25 20 15 11 24 32 33 26 31 12 13 17 8 11 8 30 32 24 18 14 27 27 9 17 28 30 15 13 25 27 33 12 25 0 34 11 7 1 26 10 25 25 
37 56 16 27 48 38 26 33 43 35 14 18 25 22 53 1 48 15 46 35 46 32 33 39 9 21 11 18 19 10 40 30 18 48 58 34 29 9 37 0 37 10 34 0 40 35 34 33 26 45 17 
12 19 32 29 15 2 26 24 16 19 26 23 15 24 21 40 16 33 15 7 6 8 8 2 34 32 33 28 22 32 19 10 22 18 19 26 12 31 20 40 23 34 11 40 0 5 9 21 14 15 27 
12 24 28 26 19 3 22 20 18 18 21 18 9 20 25 34 19 28 16 5 12 3 4 4 29 28 27 23 16 26 19 5 17 21 25 22 8 25 19 34 20 28 7 35 5 0 5 19 8 18 23 
18 29 30 30 24 7 26 14 24 24 20 16 11 23 30 34 25 30 12 11 15 6 9 7 30 32 25 19 15 27 25 7 17 27 29 16 11 25 25 33 14 26 1 34 9 5 0 24 9 24 25 
9 26 19 9 17 20 8 37 10 2 23 25 16 11 20 32 16 20 35 14 22 17 14 22 24 15 31 32 24 23 7 17 20 16 28 39 13 26 4 32 38 32 26 33 21 19 24 0 18 14 16 
15 31 20 22 24 11 18 19 21 18 12 10 1 14 30 25 24 21 22 10 20 5 7 12 21 22 19 16 8 18 21 3 8 26 32 21 5 17 20 25 20 20 10 26 14 8 9 18 0 23 15 
8 12 32 24 3 17 22 38 3 11 33 32 22 24 7 44 2 33 31 13 13 19 15 18 37 29 41 39 31 35 7 20 29 3 14 41 18 37 10 44 38 42 25 45 15 18 24 14 23 0 28 
21 40 5 11 31 26 9 32 26 18 10 15 14 5 36 16 31 5 38 21 32 20 19 27 8 8 18 21 14 6 23 18 10 32 42 33 15 11 20 16 34 18 25 17 27 23 25 16 15 28 0 
0 327
37 69
284 316
243 275
140 172
157 189
91 123
81 113
136 168
128 160
253 285
29 61
230 262
262 294
280 312
27 59
114 146
35 67
269 301
222 254
223 255
125 157
70 102
28 60
73 105
97 129
87 119
235 267
3 35
214 246
61 93
292 324
277 309
71 103
254 286
95 127
76 108
7 39
276 308
227 259
269 301
27 59
227 259
61 93
138 170
266 298
86 118
212 244
269 301
271 303
62 94
