51
0 19 25 28 18 15 18 28 21 5 31 23 32 24 16 21 29 18 18 11 36 7 12 11 30 15 26 23 25 22 24 28 13 12 23 22 32 24 17 23 22 22 27 18 19 19 15 18 26 5 20 
19 0 6 43 28 9 37 24 8 24 47 24 17 41 27 35 18 14 27 29 27 26 31 30 27 24 20 34 21 20 15 21 19 16 8 40 48 43 23 27 40 33 16 20 5 4 4 35 42 23 24 
25 6 0 48 33 14 43 26 10 30 53 28 13 47 32 40 17 17 31 36 27 33 37 37 29 28 21 39 24 22 17 23 23 21 9 46 54 49 27 31 46 38 16 24 8 8 10 40 48 29 28 
28 43 48 0 15 42 13 56 48 28 44 50 48 36 16 8 41 32 18 28 64 22 26 21 58 20 36 46 53 30 52 56 25 27 50 10 43 29 23 50 33 44 41 26 46 45 40 9 41 23 23 
18 28 33 15 0 30 17 46 35 21 45 41 32 37 2 8 25 16 2 24 52 17 23 18 47 4 20 41 43 14 40 45 9 12 36 18 44 32 7 42 34 39 25 10 32 31 26 11 41 15 8 
15 9 14 42 30 0 34 17 6 18 38 15 26 33 28 35 26 19 28 23 22 22 25 26 19 25 27 25 14 25 10 15 21 18 8 37 40 36 25 18 33 24 25 24 6 5 5 33 33 20 28 
18 37 43 13 17 34 0 46 40 16 31 39 47 23 15 11 41 30 19 15 54 11 13 9 46 19 36 33 43 30 43 46 22 24 42 3 30 17 23 38 20 31 40 26 38 38 33 6 28 14 25 
28 24 26 56 46 17 46 0 16 29 37 7 40 35 44 50 42 36 45 31 9 34 33 37 2 42 44 21 3 43 9 3 38 36 17 49 39 41 43 9 36 21 41 41 19 19 22 47 33 33 45 
21 8 10 48 35 6 40 16 0 25 44 17 24 39 33 40 26 22 33 30 19 29 31 32 18 30 28 29 13 28 7 13 25 23 2 44 45 42 30 20 39 28 25 28 3 3 8 39 39 26 32 
5 24 30 28 21 18 16 29 25 0 25 22 38 18 18 22 34 23 22 5 38 5 6 7 30 19 32 19 26 27 27 29 18 18 27 20 26 18 22 22 17 18 33 23 24 24 20 18 21 6 25 
31 47 53 44 45 38 31 37 44 25 0 30 63 7 43 42 60 49 46 21 46 28 21 26 36 44 58 16 36 53 41 39 44 44 46 33 2 15 47 27 10 15 59 49 44 44 42 37 5 31 50 
23 24 28 50 41 15 39 7 17 22 30 0 41 28 39 44 42 34 41 24 17 28 26 30 7 38 42 13 6 40 12 9 34 32 19 43 32 34 39 2 29 14 40 38 20 20 21 40 25 27 41 
32 17 13 48 32 26 47 40 24 38 63 41 0 57 32 40 7 16 30 44 41 38 44 42 43 28 13 51 38 18 31 37 24 23 23 49 64 56 25 44 55 50 7 22 21 21 21 42 58 35 25 
24 41 47 36 37 33 23 35 39 18 7 28 57 0 35 34 53 42 38 13 45 21 13 18 35 37 51 15 34 46 38 37 36 37 41 26 7 8 40 26 3 14 52 42 39 39 36 29 4 24 43 
16 27 32 16 2 28 15 44 33 18 43 39 32 35 0 8 25 16 3 22 50 14 21 16 45 3 21 38 40 15 38 42 8 10 34 17 42 30 7 39 32 37 25 10 30 30 24 10 38 12 9 
21 35 40 8 8 35 11 50 40 22 42 44 40 34 8 0 33 24 10 23 57 16 22 16 51 12 28 41 47 22 45 49 17 19 42 11 41 28 15 44 31 39 33 18 38 37 32 5 38 16 16 
29 18 17 41 25 26 41 42 26 34 60 42 7 53 25 33 0 11 23 40 44 34 40 37 45 21 5 49 40 11 33 39 18 17 26 43 61 52 18 44 51 48 1 15 23 22 20 36 55 30 17 
18 14 17 32 16 19 30 36 22 23 49 34 16 42 16 24 11 0 14 29 41 23 29 26 39 12 8 40 33 6 29 34 8 6 22 32 50 41 9 36 40 38 10 7 18 18 14 25 44 19 10 
18 27 31 18 2 28 19 45 33 22 46 41 30 38 3 10 23 14 0 25 51 17 24 20 47 3 18 41 42 12 39 44 8 10 34 20 46 34 4 42 36 40 22 8 30 30 25 13 42 15 5 
11 29 36 28 24 23 15 31 30 5 21 24 44 13 22 23 40 29 25 0 40 7 2 6 32 23 37 18 29 32 31 32 23 23 32 18 21 13 26 23 11 16 39 28 29 29 25 18 16 10 29 
36 27 27 64 52 22 54 9 19 38 46 17 41 45 50 57 44 41 51 40 0 43 42 45 10 48 47 30 11 47 12 8 43 41 18 58 48 51 48 19 46 31 43 47 22 22 27 55 42 41 50 
7 26 33 22 17 22 11 34 29 5 28 28 38 21 14 16 34 23 17 7 43 0 7 3 35 16 30 24 31 25 31 34 16 16 31 15 28 18 19 28 18 23 33 21 27 27 22 12 24 3 22 
12 31 37 26 23 25 13 33 31 6 21 26 44 13 21 22 40 29 24 2 42 7 0 5 34 23 37 20 31 32 32 34 23 23 33 16 21 11 26 25 11 18 39 28 30 30 26 17 17 10 29 
11 30 37 21 18 26 9 37 32 7 26 30 42 18 16 16 37 26 20 6 45 3 5 0 37 18 34 25 34 28 35 37 19 20 34 12 26 14 22 29 16 23 36 24 31 30 26 11 22 7 24 
30 27 29 58 47 19 46 2 18 30 36 7 43 35 45 51 45 39 47 32 10 35 34 37 0 44 46 20 5 45 11 6 39 38 19 50 38 41 44 9 36 21 43 43 22 22 25 48 32 34 47 
15 24 28 20 4 25 19 42 30 19 44 38 28 37 3 12 21 12 3 23 48 16 23 18 44 0 17 39 39 11 36 40 5 7 31 21 44 33 3 39 34 37 21 6 27 27 22 14 40 13 6 
26 20 21 36 20 27 36 44 28 32 58 42 13 51 21 28 5 8 18 37 47 30 37 34 46 17 0 48 41 5 35 41 14 14 28 38 58 49 13 44 49 47 5 10 25 24 21 31 53 27 12 
23 34 39 46 41 25 33 21 29 19 16 13 51 15 38 41 49 40 41 18 30 24 20 25 20 39 48 0 20 45 25 23 36 36 31 36 18 22 41 11 17 1 48 42 30 30 29 37 12 26 44 
25 21 24 53 43 14 43 3 13 26 36 6 38 34 40 47 40 33 42 29 11 31 31 34 5 39 41 20 0 40 7 3 35 33 15 46 38 39 39 8 34 20 38 38 17 17 19 44 32 30 42 
22 20 22 30 14 25 30 43 28 27 53 40 18 46 15 22 11 6 12 32 47 25 32 28 45 11 5 45 40 0 35 40 9 9 28 32 53 43 7 42 44 43 10 4 24 24 20 25 48 22 6 
24 15 17 52 40 10 43 9 7 27 41 12 31 38 38 45 33 29 39 31 12 31 32 35 11 36 35 25 7 35 0 5 31 29 8 47 43 42 36 15 38 25 32 34 10 11 14 43 37 29 38 
28 21 23 56 45 15 46 3 13 29 39 9 37 37 42 49 39 34 44 32 8 34 34 37 6 40 41 23 3 40 5 0 36 34 13 49 41 43 41 12 38 24 38 39 16 16 20 46 35 33 43 
13 19 23 25 9 21 22 38 25 18 44 34 24 36 8 17 18 8 8 23 43 16 23 19 39 5 14 36 35 9 31 36 0 2 26 24 44 34 4 35 34 35 18 5 22 22 17 17 39 12 7 
12 16 21 27 12 18 24 36 23 18 44 32 23 37 10 19 17 6 10 23 41 16 23 20 38 7 14 36 33 9 29 34 2 0 24 26 44 35 6 34 34 34 16 6 20 19 14 19 39 13 9 
23 8 9 50 36 8 42 17 2 27 46 19 23 41 34 42 26 22 34 32 18 31 33 34 19 31 28 31 15 28 8 13 26 24 0 45 47 44 31 22 41 30 24 29 4 4 9 41 41 28 32 
22 40 46 10 18 37 3 49 44 20 33 43 49 26 17 11 43 32 20 18 58 15 16 12 50 21 38 36 46 32 47 49 24 26 45 0 32 19 24 42 23 34 42 27 42 41 36 7 31 17 26 
32 48 54 43 44 40 30 39 45 26 2 32 64 7 42 41 61 50 46 21 48 28 21 26 38 44 58 18 38 53 43 41 44 44 47 32 0 13 47 29 10 17 59 49 46 45 43 36 6 31 50 
24 43 49 29 32 36 17 41 42 18 15 34 56 8 30 28 52 41 34 13 51 18 11 14 41 33 49 22 39 43 42 43 34 35 44 19 13 0 36 32 5 21 51 39 42 41 38 23 13 21 39 
17 23 27 23 7 25 23 43 30 22 47 39 25 40 7 15 18 9 4 26 48 19 26 22 44 3 13 41 39 7 36 41 4 6 31 24 47 36 0 40 37 39 18 3 26 26 21 17 43 16 3 
23 27 31 50 42 18 38 9 20 22 27 2 44 26 39 44 44 36 42 23 19 28 25 29 9 39 44 11 8 42 15 12 35 34 22 42 29 32 40 0 27 11 43 40 22 22 23 40 23 28 43 
22 40 46 33 34 33 20 36 39 17 10 29 55 3 32 31 51 40 36 11 46 18 11 16 36 34 49 17 34 44 38 38 34 34 41 23 10 5 37 27 0 15 50 39 39 39 35 26 7 22 40 
22 33 38 44 39 24 31 21 28 18 15 14 50 14 37 39 48 38 40 16 31 23 18 23 21 37 47 1 20 43 25 24 35 34 30 34 17 21 39 11 15 0 47 40 30 29 28 35 11 24 42 
27 16 16 41 25 25 40 41 25 33 59 40 7 52 25 33 1 10 22 39 43 33 39 36 43 21 5 48 38 10 32 38 18 16 24 42 59 51 18 43 50 47 0 14 21 21 19 35 54 29 17 
18 20 24 26 10 24 26 41 28 23 49 38 22 42 10 18 15 7 8 28 47 21 28 24 43 6 10 42 38 4 34 39 5 6 29 27 49 39 3 40 39 40 14 0 24 24 19 20 44 17 3 
19 5 8 46 32 6 38 19 3 24 44 20 21 39 30 38 23 18 30 29 22 27 30 31 22 27 25 30 17 24 10 16 22 20 4 42 46 42 26 22 39 30 21 24 0 0 5 37 39 24 28 
19 4 8 45 31 5 38 19 3 24 44 20 21 39 30 37 22 18 30 29 22 27 30 30 22 27 24 30 17 24 11 16 22 19 4 41 45 41 26 22 39 29 21 24 0 0 5 36 39 24 28 
15 4 10 40 26 5 33 22 8 20 42 21 21 36 24 32 20 14 25 25 27 22 26 26 25 22 21 29 19 20 14 20 17 14 9 36 43 38 21 23 35 28 19 19 5 5 0 31 37 19 23 
18 35 40 9 11 33 6 47 39 18 37 40 42 29 10 5 36 25 13 18 55 12 17 11 48 14 31 37 44 25 43 46 17 19 41 7 36 23 17 40 26 35 35 20 37 36 31 0 33 13 19 
26 42 48 41 41 33 28 33 39 21 5 25 58 4 38 38 55 44 42 16 42 24 17 22 32 40 53 12 32 48 37 35 39 39 41 31 6 13 43 23 7 11 54 44 39 39 37 33 0 27 46 
5 23 29 23 15 20 14 33 26 6 31 27 35 24 12 16 30 19 15 10 41 3 10 7 34 13 27 26 30 22 29 33 12 13 28 17 31 21 16 28 22 24 29 17 24 24 19 13 27 0 19 
20 24 28 23 8 28 25 45 32 25 50 41 25 43 9 16 17 10 5 29 50 22 29 24 47 6 12 44 42 6 38 43 7 9 32 26 50 39 3 43 40 42 17 3 28 28 23 19 46 19 0 
0 819
442 769
237 564
64 391
479 806
153 480
469 796
61 388
137 464
101 428
235 562
367 694
108 435
251 578
112 439
197 524
22 349
201 528
37 364
113 440
257 584
335 662
14 341
468 795
11 338
142 469
62 389
27 354
44 371
425 752
446 773
242 569
338 665
333 660
196 523
86 413
45 372
368 695
262 589
241 568
262 589
306 633
194 521
354 681
329 656
161 488
258 585
281 608
194 521
452 779
288 615
