51
0 37 36 32 46 25 46 34 2 30 26 41 26 23 33 39 18 31 7 25 20 51 24 44 48 30 35 30 29 30 39 17 11 18 12 29 32 27 3 34 17 46 12 4 47 44 31 19 41 18 38 
37 0 5 22 38 12 42 37 34 25 16 5 53 14 33 35 42 56 44 32 35 45 23 31 45 6 52 13 12 8 4 20 29 18 25 52 5 34 33 12 19 39 45 36 42 35 16 18 45 38 12 
36 5 0 16 32 13 37 32 33 20 12 5 49 13 28 30 38 52 43 27 31 39 19 26 39 6 47 9 7 5 3 19 30 18 25 48 8 29 32 6 18 33 43 34 36 29 11 19 39 35 7 
32 22 16 0 18 22 21 15 30 3 8 21 35 16 11 14 26 38 37 12 18 25 7 13 23 18 31 8 11 14 20 17 32 21 25 33 22 13 28 10 20 18 34 28 21 15 5 23 23 22 12 
46 38 32 18 0 40 5 12 44 17 27 35 38 34 12 6 33 39 49 20 27 6 23 7 7 36 28 25 29 32 34 34 48 39 42 34 39 18 42 26 38 0 43 41 4 3 23 41 12 30 26 
25 12 13 22 40 0 44 35 22 24 13 17 45 6 32 36 34 49 33 28 29 47 19 35 46 7 47 15 12 9 16 11 17 7 13 45 7 30 22 16 8 41 35 25 43 38 17 6 44 31 19 
46 42 37 21 5 44 0 11 45 19 30 40 35 38 13 7 31 35 48 20 26 5 25 12 2 40 24 29 32 36 39 36 50 41 44 31 43 18 43 30 40 5 42 42 2 8 26 44 7 29 31 
34 37 32 15 12 35 11 0 33 11 22 36 26 29 3 6 20 27 37 9 14 17 15 15 13 33 18 23 25 29 35 26 39 31 34 22 36 6 32 25 31 12 30 30 12 13 20 34 8 18 27 
2 34 33 30 44 22 45 33 0 28 24 38 28 20 32 38 19 32 10 24 19 50 22 42 47 28 35 28 26 27 37 14 9 15 9 30 29 26 1 32 15 45 14 4 45 43 28 16 41 18 35 
30 25 20 3 17 24 19 11 28 0 10 25 32 18 8 11 23 34 35 9 15 23 6 14 21 21 27 11 14 17 23 17 32 21 25 29 25 10 26 13 21 17 31 26 19 14 8 24 20 19 16 
26 16 12 8 27 13 30 22 24 10 0 17 37 7 18 22 26 40 33 16 19 34 7 22 32 11 35 4 4 7 16 9 24 12 18 36 14 18 22 8 12 27 31 23 30 24 5 14 30 22 11 
41 5 5 21 35 17 40 36 38 25 17 0 55 18 33 34 44 58 48 33 37 42 24 29 42 10 52 14 13 11 1 24 34 23 29 53 10 34 37 11 23 36 48 39 39 32 16 23 44 40 9 
26 53 49 35 38 45 35 26 28 32 37 55 0 39 28 32 10 4 22 23 17 41 30 41 36 47 13 40 41 44 53 33 38 38 35 4 50 22 27 44 37 38 14 23 37 39 38 40 28 14 47 
23 14 13 16 34 6 38 29 20 18 7 18 39 0 25 30 28 43 30 21 22 41 13 30 40 7 40 10 7 7 16 6 17 5 12 39 10 24 19 13 5 35 31 21 37 32 12 7 37 25 16 
33 33 28 11 12 32 13 3 32 8 18 33 28 25 0 6 21 29 36 7 14 18 12 13 15 29 20 19 22 25 31 23 37 28 31 24 33 6 30 21 28 13 30 29 13 12 16 31 11 18 23 
39 35 30 14 6 36 7 6 38 11 22 34 32 30 6 0 26 33 42 14 20 12 17 9 9 32 23 22 25 28 33 28 43 33 37 28 36 12 36 23 33 6 36 35 7 6 19 36 10 24 24 
18 42 38 26 33 34 31 20 19 23 26 44 10 28 21 26 0 14 17 14 7 37 20 34 33 36 16 30 31 33 42 22 28 27 25 11 39 15 18 34 26 33 10 14 33 33 28 29 25 3 37 
31 56 52 38 39 49 35 27 32 34 40 58 4 43 29 33 14 0 27 25 21 40 33 43 36 50 11 43 44 47 56 37 42 42 39 4 53 24 32 47 41 39 19 28 37 40 41 44 27 18 50 
7 44 43 37 49 33 48 37 10 35 33 48 22 30 36 42 17 27 0 28 22 54 29 48 50 38 33 37 36 37 47 24 19 26 20 26 40 30 11 41 25 49 8 9 49 48 37 26 43 19 45 
25 32 27 12 20 28 20 9 24 9 16 33 23 21 7 14 14 25 28 0 6 26 8 20 22 27 19 18 20 23 31 18 30 23 24 20 30 2 22 22 22 20 23 21 21 19 16 25 17 10 24 
20 35 31 18 27 29 26 14 19 15 19 37 17 22 14 20 7 21 22 6 0 31 12 27 28 29 18 23 23 26 35 17 27 22 22 16 32 8 18 26 21 27 16 15 27 26 21 25 21 4 29 
51 45 39 25 6 47 5 17 50 23 34 42 41 41 18 12 37 40 54 26 31 0 29 13 4 43 29 32 36 39 41 41 55 45 49 36 46 23 48 33 45 6 47 47 4 10 30 48 13 35 32 
24 23 19 7 23 19 25 15 22 6 7 24 30 13 12 17 20 33 29 8 12 29 0 20 27 18 28 10 11 14 23 11 25 16 19 28 21 11 20 13 15 23 26 20 25 21 8 18 24 16 17 
44 31 26 13 7 35 12 15 42 14 22 29 41 30 13 9 34 43 48 20 27 13 20 0 14 30 33 20 23 26 28 31 45 34 39 38 33 19 41 20 34 7 44 40 11 3 17 37 18 31 19 
48 45 39 23 7 46 2 13 47 21 32 42 36 40 15 9 33 36 50 22 28 4 27 14 0 42 24 32 35 38 41 38 52 43 46 31 45 20 45 32 43 6 43 43 3 10 29 46 8 31 33 
30 6 6 18 36 7 40 33 28 21 11 10 47 7 29 32 36 50 38 27 29 43 18 30 42 0 46 10 7 4 9 14 23 12 19 46 3 29 26 10 12 36 39 29 39 33 13 12 41 32 12 
35 52 47 31 28 47 24 18 35 27 35 52 13 40 20 23 16 11 33 19 18 29 28 33 24 46 0 38 40 43 51 35 44 41 40 8 50 17 34 41 40 28 25 31 26 30 35 43 16 17 43 
30 13 9 8 25 15 29 23 28 11 4 14 40 10 19 22 30 43 37 18 23 32 10 20 32 10 38 0 3 6 12 13 27 15 21 39 13 20 26 3 15 26 35 28 29 23 3 17 31 26 7 
29 12 7 11 29 12 32 25 26 14 4 13 41 7 22 25 31 44 36 20 23 36 11 23 35 7 40 3 0 3 11 12 25 13 19 40 11 22 25 5 13 29 35 27 32 26 6 14 34 27 9 
30 8 5 14 32 9 36 29 27 17 7 11 44 7 25 28 33 47 37 23 26 39 14 26 38 4 43 6 3 0 9 13 25 12 19 43 7 25 26 6 13 32 37 28 35 29 9 14 37 29 9 
39 4 3 20 34 16 39 35 37 23 16 1 53 16 31 33 42 56 47 31 35 41 23 28 41 9 51 12 11 9 0 22 33 21 28 51 9 33 35 9 22 35 47 38 38 31 15 22 42 39 8 
17 20 19 17 34 11 36 26 14 17 9 24 33 6 23 28 22 37 24 18 17 41 11 31 38 14 35 13 12 13 22 0 14 5 8 33 16 20 13 17 4 35 24 15 36 32 14 7 35 19 21 
11 29 30 32 48 17 50 39 9 32 24 34 38 17 37 43 28 42 19 30 27 55 25 45 52 23 44 27 25 25 33 14 0 12 6 39 24 33 10 30 12 49 24 14 50 46 29 11 47 27 34 
18 18 18 21 39 7 41 31 15 21 12 23 38 5 28 33 27 42 26 23 22 45 16 34 43 12 41 15 13 12 21 5 12 0 6 38 13 26 14 18 0 39 28 17 41 36 17 2 40 24 22 
12 25 25 25 42 13 44 34 9 25 18 29 35 12 31 37 25 39 20 24 22 49 19 39 46 19 40 21 19 19 28 8 6 6 0 36 20 27 9 25 6 43 23 12 44 40 23 6 42 23 28 
29 52 48 33 34 45 31 22 30 29 36 53 4 39 24 28 11 4 26 20 16 36 28 38 31 46 8 39 40 43 51 33 39 38 36 0 49 19 29 42 37 34 18 25 32 35 37 40 23 14 45 
32 5 8 22 39 7 43 36 29 25 14 10 50 10 33 36 39 53 40 30 32 46 21 33 45 3 50 13 11 7 9 16 24 13 20 49 0 33 28 13 14 40 41 31 43 36 16 13 45 35 15 
27 34 29 13 18 30 18 6 26 10 18 34 22 24 6 12 15 24 30 2 8 23 11 19 20 29 17 20 22 25 33 20 33 26 27 19 33 0 25 23 25 19 24 23 19 18 18 28 14 11 26 
3 33 32 28 42 22 43 32 1 26 22 37 27 19 30 36 18 32 11 22 18 48 20 41 45 26 34 26 25 26 35 13 10 14 9 29 28 25 0 30 14 43 14 3 44 41 27 15 39 17 34 
34 12 6 10 26 16 30 25 32 13 8 11 44 13 21 23 34 47 41 22 26 33 13 20 32 10 41 3 5 6 9 17 30 18 25 42 13 23 30 0 18 26 39 32 29 23 5 20 33 30 3 
17 19 18 20 38 8 40 31 15 21 12 23 37 5 28 33 26 41 25 22 21 45 15 34 43 12 40 15 13 13 22 4 12 0 6 37 14 25 14 18 0 39 27 16 40 36 17 3 39 23 22 
46 39 33 18 0 41 5 12 45 17 27 36 38 35 13 6 33 39 49 20 27 6 23 7 6 36 28 26 29 32 35 35 49 39 43 34 40 19 43 26 39 0 43 42 3 3 23 41 12 30 26 
12 45 43 34 43 35 42 30 14 31 31 48 14 31 30 36 10 19 8 23 16 47 26 44 43 39 25 35 35 37 47 24 24 28 23 18 41 24 14 39 27 43 0 10 43 43 35 29 35 12 43 
4 36 34 28 41 25 42 30 4 26 23 39 23 21 29 35 14 28 9 21 15 47 20 40 43 29 31 28 27 28 38 15 14 17 12 25 31 23 3 32 16 42 10 0 42 40 28 18 37 14 35 
47 42 36 21 4 43 2 12 45 19 30 39 37 37 13 7 33 37 49 21 27 4 25 11 3 39 26 29 32 35 38 36 50 41 44 32 43 19 44 29 40 3 43 42 0 7 26 44 10 30 30 
44 35 29 15 3 38 8 13 43 14 24 32 39 32 12 6 33 40 48 19 26 10 21 3 10 33 30 23 26 29 31 32 46 36 40 35 36 18 41 23 36 3 43 40 7 0 20 38 15 30 22 
31 16 11 5 23 17 26 20 28 8 5 16 38 12 16 19 28 41 37 16 21 30 8 17 29 13 35 3 6 9 15 14 29 17 23 37 16 18 27 5 17 23 35 28 26 20 0 19 28 24 8 
19 18 19 23 41 6 44 34 16 24 14 23 40 7 31 36 29 44 26 25 25 48 18 37 46 12 43 17 14 14 22 7 11 2 6 40 13 28 15 20 3 41 29 18 44 38 19 0 42 26 23 
41 45 39 23 12 44 7 8 41 20 30 44 28 37 11 10 25 27 43 17 21 13 24 18 8 41 16 31 34 37 42 35 47 40 42 23 45 14 39 33 39 12 35 37 10 15 28 42 0 23 34 
18 38 35 22 30 31 29 18 18 19 22 40 14 25 18 24 3 18 19 10 4 35 16 31 31 32 17 26 27 29 39 19 27 24 23 14 35 11 17 30 23 30 12 14 30 30 24 26 23 0 33 
38 12 7 12 26 19 31 27 35 16 11 9 47 16 23 24 37 50 45 24 29 32 17 19 33 12 43 7 9 9 8 21 34 22 28 45 15 26 34 3 22 26 43 35 30 22 8 23 34 33 0 
0 819
618 699
440 521
717 798
488 569
45 126
317 398
356 437
73 154
461 542
732 813
588 669
248 329
660 741
287 368
116 197
690 771
659 740
136 217
621 702
315 396
733 814
222 303
473 554
148 229
662 743
44 125
103 184
531 612
419 500
529 610
63 144
312 393
280 361
306 387
580 661
225 306
31 112
444 525
580 661
199 280
692 773
104 185
174 255
609 690
407 488
722 803
565 646
369 450
319 400
17 98
