51
0 12 11 25 10 27 18 29 26 5 10 27 31 18 23 20 30 7 19 17 21 10 17 21 29 31 15 29 30 2 8 15 4 23 19 28 11 27 25 30 30 31 16 10 22 32 8 23 20 5 25 
12 0 5 20 22 40 5 19 24 12 22 39 22 25 32 7 42 11 9 26 8 3 22 20 34 41 27 19 20 11 15 27 13 33 32 40 22 39 38 33 20 44 18 15 33 41 21 13 8 11 33 
11 5 0 16 18 38 11 18 19 13 19 36 20 27 27 10 41 6 7 27 12 2 17 15 28 36 26 18 19 11 16 22 13 33 30 40 22 36 36 27 18 42 22 17 29 36 19 12 9 7 27 
25 20 16 0 28 49 23 11 7 29 29 44 11 43 29 18 53 18 11 43 21 19 18 8 22 39 39 12 13 26 32 30 29 48 42 53 37 43 48 19 9 54 38 34 34 37 32 9 16 20 27 
10 22 18 28 0 20 28 35 27 15 0 17 37 24 14 29 24 12 26 21 31 19 13 21 24 21 11 36 37 12 17 5 13 23 13 25 14 17 19 26 35 25 25 19 11 22 6 29 28 10 17 
27 40 38 49 20 0 45 56 47 28 20 10 58 26 27 48 3 32 46 22 49 37 33 42 40 25 12 56 57 28 28 20 27 16 8 8 19 11 3 43 56 4 33 29 19 29 18 50 47 30 31 
18 5 11 23 28 45 0 19 28 17 28 45 21 27 38 5 47 17 11 29 4 9 28 25 39 47 32 18 19 16 18 33 17 37 37 45 26 45 42 38 20 49 19 18 39 47 27 14 7 17 38 
29 19 18 11 35 56 19 0 18 32 36 53 2 45 39 13 59 23 10 45 16 20 27 19 33 49 44 1 1 29 34 38 31 52 48 58 41 52 54 30 2 61 38 35 44 47 38 6 12 25 38 
26 24 19 7 27 47 28 18 0 31 28 41 18 45 24 24 51 19 17 44 27 22 14 5 15 33 38 19 19 28 35 27 30 49 40 52 38 40 46 12 16 52 41 36 30 31 31 16 22 21 21 
5 12 13 29 15 28 17 32 31 0 14 30 34 13 28 20 30 12 21 13 21 11 23 26 35 36 15 31 32 3 3 20 1 20 20 27 9 30 25 36 32 32 10 4 26 37 11 25 21 10 31 
10 22 19 29 0 20 28 36 28 14 0 17 38 23 14 29 23 13 26 21 31 19 14 22 24 21 10 36 37 12 16 5 13 22 12 24 13 17 19 26 36 24 25 19 11 22 5 30 29 11 17 
27 39 36 44 17 10 45 53 41 30 17 0 54 33 18 46 13 30 43 29 48 37 27 36 31 15 16 53 54 28 30 14 28 24 12 19 24 1 12 35 52 13 37 32 10 18 19 47 46 28 22 
31 22 20 11 37 58 21 2 18 34 38 54 0 47 40 15 61 25 13 48 18 22 28 19 34 50 46 3 2 31 37 39 34 54 50 60 43 54 56 30 2 62 40 37 45 48 39 8 14 27 38 
18 25 27 43 24 26 27 45 45 13 23 33 47 0 38 32 27 26 34 4 31 25 36 40 47 43 17 44 45 17 10 29 14 12 21 22 10 33 23 48 45 29 8 9 34 45 18 38 33 24 41 
23 32 27 29 14 27 38 39 24 28 14 18 40 38 0 37 31 21 32 35 40 29 11 20 13 10 23 40 40 25 31 9 27 35 23 34 28 17 28 16 37 31 39 33 8 9 20 34 36 20 3 
20 7 10 18 29 48 5 13 24 20 29 46 15 32 37 0 50 17 6 33 3 10 26 21 36 46 35 12 13 19 22 33 21 41 39 48 30 46 45 34 14 52 25 22 39 46 29 8 1 18 37 
30 42 41 53 24 3 47 59 51 30 23 13 61 27 31 50 0 35 49 23 51 40 37 46 44 29 15 59 60 31 29 24 29 15 11 6 21 15 4 47 59 2 34 31 23 32 21 53 50 33 34 
7 11 6 18 12 32 17 23 19 12 13 30 25 26 21 17 35 0 13 25 19 7 12 14 24 30 21 23 25 8 15 16 11 30 24 35 19 29 31 24 23 37 22 17 22 30 14 17 16 2 22 
19 9 7 11 26 46 11 10 17 21 26 43 13 34 32 6 49 13 0 35 10 9 21 15 30 42 34 10 11 19 24 29 21 41 38 47 30 43 44 28 11 50 28 24 35 41 27 4 5 15 31 
17 26 27 43 21 22 29 45 44 13 21 29 48 4 35 33 23 25 35 0 33 25 34 39 45 40 13 45 46 16 11 26 14 8 17 18 7 29 19 46 46 25 11 10 30 42 15 39 34 23 38 
21 8 12 21 31 49 4 16 27 21 31 48 18 31 40 3 51 19 10 33 0 11 29 25 39 49 36 14 15 20 22 35 21 41 40 49 30 48 46 38 17 53 23 22 42 49 30 12 5 20 40 
10 3 2 19 19 37 9 20 22 11 19 37 22 25 29 10 40 7 9 25 11 0 19 18 31 38 25 19 21 9 14 23 11 32 29 38 21 36 35 30 20 42 19 15 30 38 19 13 9 8 29 
17 22 17 18 13 33 28 27 14 23 14 27 28 36 11 26 37 12 21 34 29 19 0 9 12 21 25 28 29 19 26 12 21 36 26 38 27 26 33 12 26 37 34 28 16 20 19 23 25 13 10 
21 20 15 8 21 42 25 19 5 26 22 36 19 40 20 21 46 14 15 39 25 18 9 0 15 30 33 20 20 23 29 22 25 43 35 46 32 35 41 13 17 46 36 31 26 28 26 15 20 15 18 
29 34 28 22 24 40 39 33 15 35 24 31 34 47 13 36 44 24 30 45 39 31 12 15 0 20 35 35 35 31 38 20 33 47 35 47 38 30 41 3 31 44 46 40 21 17 30 30 35 25 9 
31 41 36 39 21 25 47 49 33 36 21 15 50 43 10 46 29 30 42 40 49 38 21 30 20 0 26 50 50 33 38 15 34 37 24 33 33 13 27 24 48 28 46 40 9 3 25 44 46 29 11 
15 27 26 39 11 12 32 44 38 15 10 16 46 17 23 35 15 21 34 13 36 25 25 33 35 26 0 44 45 15 15 14 14 11 4 14 7 16 10 37 44 16 21 17 17 29 6 38 35 19 27 
29 19 18 12 36 56 18 1 19 31 36 53 3 44 40 12 59 23 10 45 14 19 28 20 35 50 44 0 1 29 34 39 31 52 48 58 40 53 54 32 4 61 37 34 44 48 38 6 11 25 39 
30 20 19 13 37 57 19 1 19 32 37 54 2 45 40 13 60 25 11 46 15 21 29 20 35 50 45 1 0 30 35 39 32 53 49 59 42 53 55 32 3 62 38 35 45 49 39 7 12 26 39 
2 11 11 26 12 28 16 29 28 3 12 28 31 17 25 19 31 8 19 16 20 9 19 23 31 33 15 29 30 0 6 18 2 22 20 29 11 28 26 32 30 32 14 8 24 34 10 23 19 7 27 
8 15 16 32 17 28 18 34 35 3 16 30 37 10 31 22 29 15 24 11 22 14 26 29 38 38 15 34 35 6 0 22 4 18 20 26 8 31 25 39 35 31 8 2 28 39 12 28 23 14 33 
15 27 22 30 5 20 33 38 27 20 5 14 39 29 9 33 24 16 29 26 35 23 12 22 20 15 14 39 39 18 22 0 18 26 14 26 19 14 20 23 37 24 30 24 6 16 11 32 32 15 12 
4 13 13 29 13 27 17 31 30 1 13 28 34 14 27 21 29 11 21 14 21 11 21 25 33 34 14 31 32 2 4 18 0 20 19 27 9 28 25 34 32 31 12 6 25 35 9 25 21 9 29 
23 33 33 48 23 16 37 52 49 20 22 24 54 12 35 41 15 30 41 8 41 32 36 43 47 37 11 52 53 22 18 26 20 0 13 10 11 25 12 49 52 17 20 18 29 40 17 46 41 28 39 
19 32 30 42 13 8 37 48 40 20 12 12 50 21 23 39 11 24 38 17 40 29 26 35 35 24 4 48 49 20 20 14 19 13 0 11 12 12 6 38 48 12 26 22 16 27 10 42 39 22 26 
28 40 40 53 25 8 45 58 52 27 24 19 60 22 34 48 6 35 47 18 49 38 38 46 47 33 14 58 59 29 26 26 27 10 11 0 18 20 6 49 58 8 29 27 26 37 20 52 48 33 38 
11 22 22 37 14 19 26 41 38 9 13 24 43 10 28 30 21 19 30 7 30 21 27 32 38 33 7 40 42 11 8 19 9 11 12 18 0 24 16 39 41 23 13 9 24 35 8 34 30 17 31 
27 39 36 43 17 11 45 52 40 30 17 1 54 33 17 46 15 29 43 29 48 36 26 35 30 13 16 53 53 28 31 14 28 25 12 20 24 0 13 34 51 14 38 33 9 17 19 46 46 28 21 
25 38 36 48 19 3 42 54 46 25 19 12 56 23 28 45 4 31 44 19 46 35 33 41 41 27 10 54 55 26 25 20 25 12 6 6 16 13 0 43 54 6 30 26 20 30 16 48 45 29 31 
30 33 27 19 26 43 38 30 12 36 26 35 30 48 16 34 47 24 28 46 38 30 12 13 3 24 37 32 32 32 39 23 34 49 38 49 39 34 43 0 28 47 46 41 24 21 32 28 33 25 13 
30 20 18 9 35 56 20 2 16 32 36 52 2 45 37 14 59 23 11 46 17 20 26 17 31 48 44 4 3 30 35 37 32 52 48 58 41 51 54 28 0 60 39 35 43 46 37 7 13 25 36 
31 44 42 54 25 4 49 61 52 32 24 13 62 29 31 52 2 37 50 25 53 42 37 46 44 28 16 61 62 32 31 24 31 17 12 8 23 14 6 47 60 0 36 33 23 32 23 54 52 35 35 
16 18 22 38 25 33 19 38 41 10 25 37 40 8 39 25 34 22 28 11 23 19 34 36 46 46 21 37 38 14 8 30 12 20 26 29 13 38 30 46 39 36 0 6 36 47 20 32 26 21 41 
10 15 17 34 19 29 18 35 36 4 19 32 37 9 33 22 31 17 24 10 22 15 28 31 40 40 17 34 35 8 2 24 6 18 22 27 9 33 26 41 35 33 6 0 30 41 14 28 23 15 35 
22 33 29 34 11 19 39 44 30 26 11 10 45 34 8 39 23 22 35 30 42 30 16 26 21 9 17 44 45 24 28 6 25 29 16 26 24 9 20 24 43 23 36 30 0 11 16 38 39 21 11 
32 41 36 37 22 29 47 47 31 37 22 18 48 45 9 46 32 30 41 42 49 38 20 28 17 3 29 48 49 34 39 16 35 40 27 37 35 17 30 21 46 32 47 41 11 0 27 43 45 30 9 
8 21 19 32 6 18 27 38 31 11 5 19 39 18 20 29 21 14 27 15 30 19 19 26 30 25 6 38 39 10 12 11 9 17 10 20 8 19 16 32 37 23 20 14 16 27 0 31 29 12 23 
23 13 12 9 29 50 14 6 16 25 30 47 8 38 34 8 53 17 4 39 12 13 23 15 30 44 38 6 7 23 28 32 25 46 42 52 34 46 48 28 7 54 32 28 38 43 31 0 7 19 33 
20 8 9 16 28 47 7 12 22 21 29 46 14 33 36 1 50 16 5 34 5 9 25 20 35 46 35 11 12 19 23 32 21 41 39 48 30 46 45 33 13 52 26 23 39 45 29 7 0 17 36 
5 11 7 20 10 30 17 25 21 10 11 28 27 24 20 18 33 2 15 23 20 8 13 15 25 29 19 25 26 7 14 15 9 28 22 33 17 28 29 25 25 35 21 15 21 30 12 19 17 0 22 
25 33 27 27 17 31 38 38 21 31 17 22 38 41 3 37 34 22 31 38 40 29 10 18 9 11 27 39 39 27 33 12 29 39 26 38 31 21 31 13 36 35 41 35 11 9 23 33 36 22 0 
0 600
427 487
261 321
249 309
220 280
198 258
299 359
39 99
328 388
6 66
468 528
230 290
212 272
42 102
223 283
174 234
353 413
192 252
283 343
412 472
82 142
77 137
478 538
356 416
421 481
292 352
38 98
124 184
473 533
52 112
283 343
450 510
301 361
215 275
181 241
344 404
442 502
163 223
507 567
468 528
378 438
93 153
460 520
367 427
466 526
227 287
534 594
391 451
210 270
343 403
286 346
