51
0 19 6 37 6 9 14 9 19 20 10 21 35 10 3 18 11 35 17 16 21 37 22 21 11 29 19 39 35 23 5 32 21 25 16 7 9 17 13 6 10 14 27 2 21 20 28 14 19 12 14 
19 0 21 27 14 28 5 10 34 20 12 14 20 21 22 6 9 36 10 30 16 36 14 26 18 21 7 43 20 8 24 23 15 29 14 26 21 17 9 13 9 20 35 17 6 25 10 33 1 14 30 
6 21 0 33 12 13 16 11 14 26 9 26 33 3 4 22 11 29 22 10 27 31 28 14 18 24 18 32 33 27 9 28 18 19 21 7 16 12 17 8 12 8 20 8 24 13 27 12 21 18 9 
37 27 33 0 36 46 28 30 39 47 26 41 11 30 37 34 27 20 37 35 43 17 41 23 43 8 20 29 11 34 42 4 15 22 41 40 44 20 35 33 29 25 29 36 33 24 19 44 29 40 38 
6 14 12 36 0 13 10 6 25 15 10 14 33 14 9 12 9 38 11 22 15 40 16 24 7 28 16 43 32 17 10 32 21 29 9 14 7 19 6 4 7 17 32 3 15 23 24 21 14 6 20 
9 28 13 46 13 0 23 18 21 22 20 25 45 17 9 25 20 42 23 19 25 45 27 28 13 38 28 44 44 30 4 42 30 32 20 8 9 26 20 15 19 22 32 11 28 27 37 12 27 17 16 
14 5 16 28 10 23 0 5 30 18 8 14 23 16 17 7 5 35 9 25 15 35 15 23 15 21 7 41 23 11 19 24 14 27 12 21 17 15 6 8 3 16 32 12 8 22 14 28 5 11 25 
9 10 11 30 6 18 5 0 25 19 5 16 27 12 11 11 2 33 12 20 17 34 17 20 13 22 10 38 26 16 14 25 15 24 13 16 13 13 7 3 1 13 28 7 13 19 19 22 10 10 20 
19 34 14 39 25 21 30 25 0 40 22 40 43 13 16 36 25 26 36 4 41 30 42 15 31 31 30 25 42 41 19 35 27 17 35 13 28 21 31 23 26 16 14 22 38 15 39 9 35 32 5 
20 20 26 47 15 22 18 19 40 0 24 7 40 29 23 13 21 52 9 37 5 53 8 39 9 40 26 57 40 15 21 42 33 43 6 27 12 32 12 19 19 32 47 18 15 38 30 34 18 8 34 
10 12 9 26 10 20 8 5 22 24 0 21 24 8 12 15 3 28 17 17 22 29 22 15 18 18 9 33 24 19 16 21 10 19 18 16 18 8 12 6 5 8 24 9 17 14 18 21 13 15 18 
21 14 26 41 14 25 14 16 40 7 21 0 33 28 24 7 18 49 4 36 1 49 2 37 12 35 21 55 33 8 23 37 28 41 5 28 16 29 9 17 16 29 45 18 8 36 24 35 12 8 35 
35 20 33 11 33 45 23 27 43 40 24 33 0 31 36 26 24 30 30 38 35 28 33 28 38 13 16 39 0 25 40 10 16 29 34 40 40 22 29 29 25 27 36 34 25 28 9 45 21 34 40 
10 21 3 30 14 17 16 12 13 29 8 28 31 0 8 23 11 25 24 9 29 27 29 11 21 21 17 28 30 27 13 25 15 15 24 10 19 9 19 10 12 5 17 11 25 10 26 14 21 20 9 
3 22 4 37 9 9 17 11 16 23 12 24 36 8 0 22 13 34 21 13 25 36 26 19 14 29 21 36 36 26 5 33 22 23 19 4 12 17 16 8 13 13 25 6 24 18 30 11 22 16 10 
18 6 22 34 12 25 7 11 36 13 15 7 26 23 22 0 12 42 4 32 9 42 7 31 14 27 13 48 26 4 23 29 21 34 8 26 17 22 5 13 10 24 39 16 2 30 16 33 4 9 31 
11 9 11 27 9 20 5 2 25 21 3 18 24 11 13 12 0 31 13 20 19 32 19 18 16 19 8 36 24 16 16 22 12 22 15 17 16 11 9 5 2 11 27 9 13 17 17 23 10 13 20 
35 36 29 20 38 42 35 33 26 52 28 49 30 25 34 42 31 0 44 24 50 4 50 14 46 18 29 8 29 45 39 19 21 10 46 34 45 20 40 34 33 21 13 36 43 15 33 34 38 44 28 
17 10 22 37 11 23 9 12 36 9 17 4 30 24 21 4 13 44 0 32 5 45 5 32 10 31 17 50 30 7 21 33 24 36 4 25 14 24 4 13 11 25 41 14 5 31 21 32 8 6 31 
16 30 10 35 22 19 25 20 4 37 17 36 38 9 13 32 20 24 32 0 37 27 38 11 28 27 25 24 37 36 17 31 22 14 32 11 25 16 27 19 21 11 12 18 34 11 34 10 30 28 4 
21 16 27 43 15 25 15 17 41 5 22 1 35 29 25 9 19 50 5 37 0 51 3 38 11 36 22 56 35 10 24 39 30 42 5 28 15 30 10 18 17 30 46 18 10 37 25 36 14 8 35 
37 36 31 17 40 45 35 34 30 53 29 49 28 27 36 42 32 4 45 27 51 0 50 16 47 16 29 12 27 45 41 17 21 13 47 37 46 21 41 35 34 23 17 38 43 17 32 37 38 45 31 
22 14 28 41 16 27 15 17 42 8 22 2 33 29 26 7 19 50 5 38 3 50 0 38 14 35 21 56 33 7 26 37 29 42 7 30 18 30 10 19 17 30 46 20 7 37 23 37 12 10 36 
21 26 14 23 24 28 23 20 15 39 15 37 28 11 19 31 18 14 32 11 38 16 38 0 32 16 19 18 28 34 24 20 13 4 33 20 30 8 27 20 20 7 9 22 32 1 27 21 27 30 15 
11 18 18 43 7 13 15 13 31 9 18 12 38 21 14 14 16 46 10 28 11 47 14 32 0 35 22 50 38 18 12 38 28 36 6 18 4 26 9 11 14 24 39 9 16 31 29 24 17 4 25 
29 21 24 8 28 38 21 22 31 40 18 35 13 21 29 27 19 18 31 27 36 16 35 16 35 0 13 26 12 29 34 3 7 16 34 32 36 12 27 24 21 16 23 28 27 16 15 35 23 32 30 
19 7 18 20 16 28 7 10 30 26 9 21 16 17 21 13 8 29 17 25 22 29 21 19 22 13 0 36 16 15 24 16 7 22 20 25 24 11 14 13 9 14 29 17 14 19 9 30 9 19 26 
39 43 32 29 43 44 41 38 25 57 33 55 39 28 36 48 36 8 50 24 56 12 56 18 50 26 36 0 38 52 41 28 28 14 52 36 48 26 46 38 39 25 11 40 49 19 41 34 45 49 29 
35 20 33 11 32 44 23 26 42 40 24 33 0 30 36 26 24 29 30 37 35 27 33 28 38 12 16 38 0 25 40 10 15 28 34 40 40 21 29 29 25 26 36 33 25 27 9 45 21 34 40 
23 8 27 34 17 30 11 16 41 15 19 8 25 27 26 4 16 45 7 36 10 45 7 34 18 29 15 52 25 0 27 30 23 38 11 31 21 25 10 18 15 27 43 20 2 33 16 38 6 13 36 
5 24 9 42 10 4 19 14 19 21 16 23 40 13 5 23 16 39 21 17 24 41 26 24 12 34 24 41 40 27 0 37 26 28 18 5 9 22 17 11 15 18 29 7 25 23 33 12 24 15 13 
32 23 28 4 32 42 24 25 35 42 21 37 10 25 33 29 22 19 33 31 39 17 37 20 38 3 16 28 10 30 37 0 11 19 36 36 39 15 30 28 24 20 26 31 29 20 15 39 24 35 34 
21 15 18 15 21 30 14 15 27 33 10 28 16 15 22 21 12 21 24 22 30 21 29 13 28 7 7 28 15 23 26 11 0 15 27 25 28 6 20 17 14 11 22 20 21 13 13 29 16 25 24 
25 29 19 22 29 32 27 24 17 43 19 41 29 15 23 34 22 10 36 14 42 13 42 4 36 16 22 14 28 38 28 19 15 0 37 24 34 12 31 24 24 11 7 26 35 5 29 24 31 35 18 
16 14 21 41 9 20 12 13 35 6 18 5 34 24 19 8 15 46 4 32 5 47 7 33 6 34 20 52 34 11 18 36 27 37 0 23 10 26 6 13 13 26 41 13 10 32 25 30 12 3 30 
7 26 7 40 14 8 21 16 13 27 16 28 40 10 4 26 17 34 25 11 28 37 30 20 18 32 25 36 40 31 5 36 25 24 23 0 14 20 20 13 17 15 24 10 28 19 34 7 26 20 8 
9 21 16 44 7 9 17 13 28 12 18 16 40 19 12 17 16 45 14 25 15 46 18 30 4 36 24 48 40 21 9 39 28 34 10 14 0 25 12 11 15 23 37 8 19 29 31 21 20 8 22 
17 17 12 20 19 26 15 13 21 32 8 29 22 9 17 22 11 20 24 16 30 21 30 8 26 12 11 26 21 25 22 15 6 12 26 20 25 0 20 14 13 5 18 17 23 8 19 23 19 24 18 
13 9 17 35 6 20 6 7 31 12 12 9 29 19 16 5 9 40 4 27 10 41 10 27 9 27 14 46 29 10 17 30 20 31 6 20 12 20 0 8 7 20 36 10 8 26 20 27 8 4 26 
6 13 8 33 4 15 8 3 23 19 6 17 29 10 8 13 5 34 13 19 18 35 19 20 11 24 13 38 29 18 11 28 17 24 13 13 11 14 8 0 4 13 28 4 15 19 22 20 13 10 18 
10 9 12 29 7 19 3 1 26 19 5 16 25 12 13 10 2 33 11 21 17 34 17 20 14 21 9 39 25 15 15 24 14 24 13 17 15 13 7 4 0 13 29 8 12 19 17 24 9 11 21 
14 20 8 25 17 22 16 13 16 32 8 29 27 5 13 24 11 21 25 11 30 23 30 7 24 16 14 25 26 27 18 20 11 11 26 15 23 5 20 13 13 0 15 15 25 6 23 19 21 23 13 
27 35 20 29 32 32 32 28 14 47 24 45 36 17 25 39 27 13 41 12 46 17 46 9 39 23 29 11 36 43 29 26 22 7 41 24 37 18 36 28 29 15 0 29 41 9 36 22 36 38 17 
2 17 8 36 3 11 12 7 22 18 9 18 34 11 6 16 9 36 14 18 18 38 20 22 9 28 17 40 33 20 7 31 20 26 13 10 8 17 10 4 8 15 29 0 18 21 26 17 16 10 16 
21 6 24 33 15 28 8 13 38 15 17 8 25 25 24 2 13 43 5 34 10 43 7 32 16 27 14 49 25 2 25 29 21 35 10 28 19 23 8 15 12 25 41 18 0 31 15 35 4 11 33 
20 25 13 24 23 27 22 19 15 38 14 36 28 10 18 30 17 15 31 11 37 17 37 1 31 16 19 19 27 33 23 20 13 5 32 19 29 8 26 19 19 6 9 21 31 0 27 20 26 29 14 
28 10 27 19 24 37 14 19 39 30 18 24 9 26 30 16 17 33 21 34 25 32 23 27 29 15 9 41 9 16 33 15 13 29 25 34 31 19 20 22 17 23 36 26 15 27 0 40 12 25 36 
14 33 12 44 21 12 28 22 9 34 21 35 45 14 11 33 23 34 32 10 36 37 37 21 24 35 30 34 45 38 12 39 29 24 30 7 21 23 27 20 24 19 22 17 35 20 40 0 33 27 6 
19 1 21 29 14 27 5 10 35 18 13 12 21 21 22 4 10 38 8 30 14 38 12 27 17 23 9 45 21 6 24 24 16 31 12 26 20 19 8 13 9 21 36 16 4 26 12 33 0 12 30 
12 14 18 40 6 17 11 10 32 8 15 8 34 20 16 9 13 44 6 28 8 45 10 30 4 32 19 49 34 13 15 35 25 35 3 20 8 24 4 10 11 23 38 10 11 29 25 27 12 0 26 
14 30 9 38 20 16 25 20 5 34 18 35 40 9 10 31 20 28 31 4 35 31 36 15 25 30 26 29 40 36 13 34 24 18 30 8 22 18 26 18 21 13 17 16 33 14 36 6 30 26 0 
0 573
546 546
502 502
137 137
319 319
212 212
415 415
298 298
48 48
461 461
542 542
479 479
77 77
572 572
460 460
437 437
183 183
387 387
527 527
392 392
198 198
255 255
408 408
237 237
269 269
349 349
507 507
349 349
286 286
248 248
487 487
247 247
106 106
9 9
562 562
15 15
510 510
308 308
121 121
4 4
371 371
155 155
92 92
93 93
465 465
26 26
377 377
14 14
111 111
513 513
243 243
