51
0 17 28 41 19 11 47 48 38 28 22 15 43 38 36 48 9 47 31 47 46 34 22 40 1 46 15 31 12 28 15 30 44 11 48 28 26 43 23 44 38 22 2 40 22 34 23 14 25 19 24 
17 0 21 48 28 15 43 53 43 12 37 7 47 30 25 43 26 43 38 49 38 29 5 44 15 50 30 28 5 33 19 19 48 14 40 11 9 37 8 52 40 26 18 33 5 39 9 31 16 13 26 
28 21 0 35 23 17 22 37 28 18 35 15 31 10 8 21 32 21 26 30 18 8 22 28 27 32 32 9 21 21 16 6 30 17 20 20 19 15 15 38 22 16 27 12 19 24 13 37 5 9 14 
41 48 35 0 21 34 28 9 8 52 24 41 9 38 42 32 35 31 10 15 39 32 53 9 41 11 29 26 45 15 29 41 11 35 41 54 52 35 47 3 16 22 39 36 50 11 45 36 39 37 23 
19 28 23 21 0 13 32 28 19 35 12 22 24 31 32 35 15 33 12 28 36 25 33 21 20 27 11 19 24 9 9 28 25 14 39 36 34 33 30 25 20 7 17 31 31 15 28 18 24 19 10 
11 15 17 34 13 0 35 39 29 23 22 9 34 27 25 36 15 35 23 37 35 23 20 30 10 37 17 19 11 19 4 20 34 1 37 24 21 32 17 37 27 11 10 29 18 25 16 20 15 9 13 
47 43 22 28 32 35 0 24 20 40 43 37 19 17 23 4 47 2 25 14 13 14 45 19 46 18 44 16 43 23 31 27 18 36 13 42 41 10 37 29 13 26 45 13 42 20 35 50 28 31 23 
48 53 37 9 28 39 24 0 10 55 33 46 6 37 42 28 43 26 16 9 36 31 57 9 48 5 38 27 50 20 34 43 6 40 37 57 55 32 51 7 15 27 46 35 54 14 48 44 41 41 27 
38 43 28 8 19 29 20 10 0 46 26 36 4 30 34 24 34 23 7 10 31 23 47 2 38 8 29 18 40 10 24 34 6 30 32 47 46 26 41 10 7 17 36 28 44 4 39 36 32 31 17 
28 12 18 52 35 23 40 55 46 0 46 14 49 24 18 38 36 39 43 49 32 26 8 46 27 51 40 28 16 37 25 13 49 22 33 1 2 31 5 55 40 30 29 27 6 41 7 42 13 16 29 
22 37 35 24 12 22 43 33 26 46 0 32 30 43 44 46 14 44 18 36 48 37 42 28 23 33 7 31 32 19 20 40 32 23 51 46 44 45 40 27 30 19 20 44 40 23 38 12 36 30 22 
15 7 15 41 22 9 37 46 36 14 32 0 40 25 21 37 22 36 31 42 33 23 11 37 14 42 26 21 5 26 12 15 40 8 35 14 12 31 8 45 32 18 15 27 9 31 7 28 11 6 19 
43 47 31 9 24 34 19 6 4 49 30 40 0 31 36 23 39 22 12 6 31 25 51 3 43 3 34 21 44 15 29 37 1 35 32 51 49 27 44 9 9 22 41 29 48 9 42 41 35 35 21 
38 30 10 38 31 27 17 37 30 24 43 25 31 0 6 14 42 15 31 29 8 6 30 29 37 32 41 13 30 26 25 11 31 27 10 26 25 7 22 40 22 23 37 3 27 27 21 46 14 19 21 
36 25 8 42 32 25 23 42 34 18 44 21 36 6 0 21 41 21 34 34 13 10 24 34 35 37 41 16 26 29 24 6 36 25 15 20 19 14 17 45 27 25 35 10 21 31 16 45 10 17 23 
48 43 21 32 35 36 4 28 24 38 46 37 23 14 21 0 48 1 29 18 8 14 44 23 47 23 46 17 42 26 32 25 22 37 9 40 40 6 36 33 17 28 46 11 41 24 34 52 27 31 25 
9 26 32 35 15 15 47 43 34 36 14 22 39 42 41 48 0 47 27 44 48 37 31 36 10 42 6 32 20 25 16 35 40 15 51 36 34 45 31 38 36 20 7 43 30 31 30 5 30 24 23 
47 43 21 31 33 35 2 26 23 39 44 36 22 15 21 1 47 0 27 17 10 13 44 21 46 21 45 16 42 25 31 25 20 36 11 41 40 7 36 31 15 27 45 11 41 22 34 51 26 30 24 
31 38 26 10 12 23 25 16 7 43 18 31 12 31 34 29 27 27 0 17 33 24 42 9 32 15 22 18 34 5 19 32 13 25 35 44 42 29 37 13 11 12 29 30 40 5 35 29 29 27 13 
47 49 30 15 28 37 14 9 10 49 36 42 6 29 34 18 44 17 17 0 27 24 52 8 47 4 39 21 46 19 32 36 4 38 28 51 49 23 45 15 9 25 45 26 49 13 43 46 35 36 23 
46 38 18 39 36 35 13 36 31 32 48 33 31 8 13 8 48 10 33 27 0 11 38 29 45 31 47 17 39 30 32 19 30 35 2 34 33 4 30 40 23 29 45 5 35 29 29 53 22 27 26 
34 29 8 32 25 23 14 31 23 26 37 23 25 6 10 14 37 13 24 24 11 0 30 23 34 26 36 6 28 20 20 12 25 23 14 27 27 8 23 34 16 17 33 6 27 20 21 41 13 17 15 
22 5 22 53 33 20 45 57 47 8 42 11 51 30 24 44 31 44 42 52 38 30 0 47 21 53 36 31 10 37 24 19 51 19 40 7 5 37 7 56 42 30 23 33 3 42 9 36 17 16 30 
40 44 28 9 21 30 19 9 2 46 28 37 3 29 34 23 36 21 9 8 29 23 47 0 40 6 31 18 41 11 26 34 4 31 31 47 46 25 41 10 6 18 38 27 44 5 39 38 32 31 18 
1 15 27 41 20 10 46 48 38 27 23 14 43 37 35 47 10 46 32 47 45 34 21 40 0 46 16 30 10 28 15 29 44 10 48 27 25 42 22 45 38 21 3 39 20 34 21 15 24 18 23 
46 50 32 11 27 37 18 5 8 51 33 42 3 32 37 23 42 21 15 4 31 26 53 6 46 0 37 22 47 18 32 38 2 38 32 52 51 27 46 11 10 25 44 29 50 12 44 44 37 37 24 
15 30 32 29 11 17 44 38 29 40 7 26 34 41 41 46 6 45 22 39 47 36 36 31 16 37 0 30 25 21 16 36 35 17 50 40 38 44 34 33 32 18 13 42 34 26 33 6 32 25 21 
31 28 9 26 19 19 16 27 18 28 31 21 21 13 16 17 32 16 18 21 17 6 31 18 30 22 30 0 27 13 15 15 21 20 20 30 28 13 24 28 12 11 29 12 28 15 22 36 14 15 9 
12 5 21 45 24 11 43 50 40 16 32 5 44 30 26 42 20 42 34 46 39 28 10 41 10 47 25 27 0 30 15 20 45 10 41 16 14 37 11 48 37 22 13 33 10 35 11 25 16 11 23 
28 33 21 15 9 19 23 20 10 37 19 26 15 26 29 26 25 25 5 19 30 20 37 11 28 18 21 13 30 0 14 27 15 20 32 39 37 26 32 18 11 7 26 26 35 6 30 27 24 21 7 
15 19 16 29 9 4 31 34 24 25 20 12 29 25 24 32 16 31 19 32 32 20 24 26 15 32 16 15 15 14 0 20 30 5 34 26 24 28 20 32 23 7 13 26 21 20 18 21 15 9 8 
30 19 6 41 28 20 27 43 34 13 40 15 37 11 6 25 35 25 32 36 19 12 19 34 29 38 36 15 20 27 20 0 36 20 21 15 14 18 11 44 28 21 29 14 16 30 10 40 4 11 20 
44 48 30 11 25 34 18 6 6 49 32 40 1 31 36 22 40 20 13 4 30 25 51 4 44 2 35 21 45 15 30 36 0 35 31 50 49 26 44 11 8 23 42 28 48 9 42 42 35 35 21 
11 14 17 35 14 1 36 40 30 22 23 8 35 27 25 37 15 36 25 38 35 23 19 31 10 38 17 20 10 20 5 20 35 0 37 23 21 32 17 38 28 12 10 29 17 26 15 20 15 8 14 
48 40 20 41 39 37 13 37 32 33 51 35 32 10 15 9 51 11 35 28 2 14 40 31 48 32 50 20 41 32 34 21 31 37 0 35 35 6 33 42 25 31 47 8 37 31 31 55 24 30 29 
28 11 20 54 36 24 42 57 47 1 46 14 51 26 20 40 36 41 44 51 34 27 7 47 27 52 40 30 16 39 26 15 50 23 35 0 2 33 6 57 42 31 29 29 6 43 8 42 15 17 31 
26 9 19 52 34 21 41 55 46 2 44 12 49 25 19 40 34 40 42 49 33 27 5 46 25 51 38 28 14 37 24 14 49 21 35 2 0 33 4 55 41 29 27 29 4 41 7 39 14 15 29 
43 37 15 35 33 32 10 32 26 31 45 31 27 7 14 6 45 7 29 23 4 8 37 25 42 27 44 13 37 26 28 18 26 32 6 33 33 0 29 36 19 25 42 4 34 25 28 49 20 25 22 
23 8 15 47 30 17 37 51 41 5 40 8 44 22 17 36 31 36 37 45 30 23 7 41 22 46 34 24 11 32 20 11 44 17 33 6 4 29 0 50 36 25 24 26 4 36 2 36 9 10 24 
44 52 38 3 25 37 29 7 10 55 27 45 9 40 45 33 38 31 13 15 40 34 56 10 45 11 33 28 48 18 32 44 11 38 42 57 55 36 50 0 17 26 42 38 53 14 48 39 42 40 26 
38 40 22 16 20 27 13 15 7 40 30 32 9 22 27 17 36 15 11 9 23 16 42 6 38 10 32 12 37 11 23 28 8 28 25 42 41 19 36 17 0 16 36 20 39 6 34 38 26 27 14 
22 26 16 22 7 11 26 27 17 30 19 18 22 23 25 28 20 27 12 25 29 17 30 18 21 25 18 11 22 7 7 21 23 12 31 31 29 25 25 26 16 0 19 24 27 13 23 24 18 14 2 
2 18 27 39 17 10 45 46 36 29 20 15 41 37 35 46 7 45 29 45 45 33 23 38 3 44 13 29 13 26 13 29 42 10 47 29 27 42 24 42 36 19 0 39 23 32 23 12 25 18 22 
40 33 12 36 31 29 13 35 28 27 44 27 29 3 10 11 43 11 30 26 5 6 33 27 39 29 42 12 33 26 26 14 28 29 8 29 29 4 26 38 20 24 39 0 30 25 24 47 17 22 21 
22 5 19 50 31 18 42 54 44 6 40 9 48 27 21 41 30 41 40 49 35 27 3 44 20 50 34 28 10 35 21 16 48 17 37 6 4 34 4 53 39 27 23 30 0 39 6 35 14 13 27 
34 39 24 11 15 25 20 14 4 41 23 31 9 27 31 24 31 22 5 13 29 20 42 5 34 12 26 15 35 6 20 30 9 26 31 43 41 25 36 14 6 13 32 25 39 0 34 33 28 26 12 
23 9 13 45 28 16 35 48 39 7 38 7 42 21 16 34 30 34 35 43 29 21 9 39 21 44 33 22 11 30 18 10 42 15 31 8 7 28 2 48 34 23 23 24 6 34 0 35 7 8 22 
14 31 37 36 18 20 50 44 36 42 12 28 41 46 45 52 5 51 29 46 53 41 36 38 15 44 6 36 25 27 21 40 42 20 55 42 39 49 36 39 38 24 12 47 35 33 35 0 35 29 27 
25 16 5 39 24 15 28 41 32 13 36 11 35 14 10 27 30 26 29 35 22 13 17 32 24 37 32 14 16 24 15 4 35 15 24 15 14 20 9 42 26 18 25 17 14 28 7 35 0 6 16 
19 13 9 37 19 9 31 41 31 16 30 6 35 19 17 31 24 30 27 36 27 17 16 31 18 37 25 15 11 21 9 11 35 8 30 17 15 25 10 40 27 14 18 22 13 26 8 29 6 0 14 
24 26 14 23 10 13 23 27 17 29 22 19 21 21 23 25 23 24 13 23 26 15 30 18 23 24 21 9 23 7 8 20 21 14 29 31 29 22 24 26 14 2 22 21 27 12 22 27 16 14 0 
0 792
285 364
629 708
683 762
270 349
507 586
548 627
161 240
566 645
404 483
127 206
50 129
203 282
358 437
90 169
483 562
150 229
102 181
397 476
369 448
640 719
522 601
357 436
14 93
344 423
26 105
209 288
687 766
637 716
98 177
351 430
573 652
673 752
154 233
105 184
245 324
128 207
660 739
337 416
288 367
187 266
259 338
628 707
503 582
115 194
483 562
127 206
195 274
584 663
231 310
223 302
