51
0 31 26 4 39 36 20 9 31 2 24 12 40 40 16 16 35 31 22 24 32 7 32 11 21 36 11 44 20 33 35 36 25 29 55 45 27 52 28 14 22 13 22 19 11 45 27 42 17 13 36 
31 0 9 30 19 11 24 31 23 32 15 24 33 8 15 19 14 27 13 18 31 36 16 33 17 5 21 13 27 13 25 11 36 24 24 22 15 22 17 36 16 31 31 17 24 27 9 18 21 20 7 
26 9 0 25 15 19 15 24 28 27 18 22 25 17 10 18 22 18 4 9 23 29 23 25 18 14 14 19 18 8 18 19 27 16 29 20 6 26 22 28 7 23 22 8 17 23 1 16 21 18 9 
4 30 25 0 39 33 22 13 26 6 21 8 42 37 15 13 31 33 22 25 35 11 29 15 18 34 11 43 23 33 37 33 29 31 53 45 27 51 24 18 22 17 25 20 13 46 27 42 13 10 35 
39 19 15 39 0 30 21 34 42 39 33 38 16 24 24 34 34 15 17 15 19 40 36 34 34 21 28 18 23 7 10 30 28 13 23 6 12 19 36 35 17 31 26 19 28 8 13 5 36 33 13 
36 11 19 33 30 0 34 38 15 37 12 25 45 9 22 20 4 38 23 29 42 42 8 40 15 9 27 18 37 24 37 0 46 35 27 32 26 27 11 44 26 39 41 26 32 38 20 28 20 22 17 
20 24 15 22 21 34 0 13 38 19 28 25 19 33 14 24 36 10 11 7 12 19 35 12 27 29 12 33 3 17 15 34 11 9 42 28 11 38 33 14 8 10 7 7 9 25 15 26 27 22 24 
9 31 24 13 34 38 13 0 37 7 28 19 32 40 16 21 38 23 19 18 24 6 37 2 26 37 11 43 12 29 28 38 16 22 53 40 22 49 33 6 17 4 13 15 7 38 24 38 23 18 34 
31 23 28 26 42 15 38 37 0 33 10 18 54 24 24 15 11 46 30 35 50 38 7 39 11 24 27 34 41 35 46 16 49 43 43 46 34 43 6 43 32 39 45 31 32 51 29 41 13 18 31 
2 32 27 6 39 37 19 7 33 0 26 14 39 41 17 18 36 30 23 24 31 5 34 10 23 38 12 45 19 33 35 37 24 29 55 45 27 53 30 12 22 12 21 19 11 44 28 42 19 15 36 
24 15 18 21 33 12 28 28 10 26 0 13 43 19 14 7 10 35 19 25 39 31 8 31 2 17 18 27 31 26 36 13 39 33 38 37 24 36 5 34 22 30 35 21 23 41 19 32 8 10 22 
12 24 22 8 38 25 25 19 18 14 13 0 43 31 13 5 24 35 21 25 37 19 21 22 10 29 12 38 26 30 37 26 33 32 49 43 26 47 16 25 22 22 29 20 16 45 24 39 5 4 30 
40 33 25 42 16 45 19 32 54 39 43 43 0 40 30 41 47 8 24 18 7 38 49 30 43 36 31 35 19 20 7 44 19 11 39 21 19 35 48 30 21 28 19 23 28 13 24 22 44 40 28 
40 8 17 37 24 9 33 40 24 41 19 31 40 0 24 25 13 34 22 26 39 45 17 42 22 3 29 9 36 19 32 8 44 32 19 24 23 18 19 45 25 40 40 26 33 31 18 20 27 27 11 
16 15 10 15 24 22 14 16 24 17 14 13 30 24 0 10 23 22 7 12 25 21 22 18 13 21 5 28 16 17 24 22 25 19 38 30 13 36 19 21 9 17 20 7 9 31 11 26 13 9 19 
16 19 18 13 34 20 24 21 15 18 7 5 41 25 10 0 18 33 18 23 36 23 15 24 4 23 12 32 26 26 35 20 34 30 43 39 23 41 11 27 20 24 30 18 17 41 20 35 2 3 25 
35 14 22 31 34 4 36 38 11 36 10 24 47 13 23 18 0 41 25 31 45 41 4 40 13 13 27 22 39 28 40 4 47 38 32 36 29 31 8 44 28 40 43 28 32 42 23 32 18 21 21 
31 27 18 33 15 38 10 23 46 30 35 35 8 34 22 33 41 0 16 10 4 30 41 22 35 31 22 31 11 15 6 38 13 2 38 21 11 34 40 23 13 20 12 15 19 16 17 20 36 31 23 
22 13 4 22 17 23 11 19 30 23 19 21 24 22 7 18 25 16 0 5 20 25 25 20 19 18 11 23 14 10 17 23 22 13 33 23 5 30 24 23 3 19 18 4 12 24 5 19 20 17 14 
24 18 9 25 15 29 7 18 35 24 25 25 18 26 12 23 31 10 5 0 14 25 31 18 25 23 13 26 10 10 12 28 17 7 35 21 3 31 30 21 3 17 13 5 12 20 8 19 25 21 17 
32 31 23 35 19 42 12 24 50 31 39 37 7 39 25 36 45 4 20 14 0 30 45 22 39 35 25 36 12 19 9 42 11 7 42 24 16 38 44 23 17 20 11 18 21 18 22 24 39 34 28 
7 36 29 11 40 42 19 6 38 5 31 19 38 45 21 23 41 30 25 25 30 0 39 7 28 42 15 48 18 35 35 42 21 29 59 47 28 55 35 8 24 9 19 21 13 45 30 44 24 20 39 
32 16 23 29 36 8 35 37 7 34 8 21 49 17 22 15 4 41 25 31 45 39 0 39 10 16 26 26 38 29 41 8 47 39 36 39 30 35 4 42 28 39 42 28 31 44 24 34 15 19 24 
11 33 25 15 34 40 12 2 39 10 31 22 30 42 18 24 40 22 20 18 22 7 39 0 29 38 13 44 11 29 28 40 14 21 53 40 22 50 36 3 18 2 11 16 8 38 25 38 26 21 34 
21 17 18 18 34 15 27 26 11 23 2 10 43 22 13 4 13 35 19 25 39 28 10 29 0 20 16 29 30 26 36 16 38 32 40 38 24 39 7 32 22 29 34 20 21 42 20 34 5 8 24 
36 5 14 34 21 9 29 37 24 38 17 29 36 3 21 23 13 31 18 23 35 42 16 38 20 0 26 9 33 16 29 8 41 28 20 22 20 19 18 41 21 37 37 22 30 29 14 18 25 24 8 
11 21 14 11 28 27 12 11 27 12 18 12 31 29 5 12 27 22 11 13 25 15 26 13 16 26 0 33 14 21 25 27 22 20 43 34 15 41 23 16 11 12 17 8 5 34 15 30 14 9 24 
44 13 19 43 18 18 33 43 34 45 27 38 35 9 28 32 22 31 23 26 36 48 26 44 29 9 33 0 36 16 27 17 43 29 10 16 22 9 28 47 26 42 40 27 36 25 18 13 34 33 9 
20 27 18 23 23 37 3 12 41 19 31 26 19 36 16 26 39 11 14 10 12 18 38 11 30 33 14 36 0 20 16 37 8 10 45 30 14 41 36 12 11 9 4 10 10 27 18 28 29 24 27 
33 13 8 33 7 24 17 29 35 33 26 30 20 19 17 26 28 15 10 10 19 35 29 29 26 16 21 16 20 0 12 24 27 13 24 12 6 21 29 31 11 27 23 13 22 15 6 9 29 26 8 
35 25 18 37 10 37 15 28 46 35 36 37 7 32 24 35 40 6 17 12 9 35 41 28 36 29 25 27 16 12 0 36 19 6 33 15 11 29 40 29 15 25 18 17 24 10 16 15 38 33 20 
36 11 19 33 30 0 34 38 16 37 13 26 44 8 22 20 4 38 23 28 42 42 8 40 16 8 27 17 37 24 36 0 46 35 27 31 26 27 12 44 26 40 41 26 32 38 20 27 21 23 17 
25 36 27 29 28 46 11 16 49 24 39 33 19 44 25 34 47 13 22 17 11 21 47 14 38 41 22 43 8 27 19 46 0 14 51 35 21 47 44 12 19 12 4 19 17 29 26 34 36 31 35 
29 24 16 31 13 35 9 22 43 29 33 32 11 32 19 30 38 2 13 7 7 29 39 21 32 28 20 29 10 13 6 35 14 0 36 20 9 32 37 23 10 19 12 12 18 16 14 19 33 29 21 
55 24 29 53 23 27 42 53 43 55 38 49 39 19 38 43 32 38 33 35 42 59 36 53 40 20 43 10 45 24 33 27 51 36 0 18 31 4 38 56 35 52 48 37 46 27 28 17 45 44 19 
45 22 20 45 6 32 28 40 46 45 37 43 21 24 30 39 36 21 23 21 24 47 39 40 38 22 34 16 30 12 15 31 35 20 18 0 18 14 40 42 23 38 32 26 34 8 19 4 41 39 15 
27 15 6 27 12 26 11 22 34 27 24 26 19 23 13 23 29 11 5 3 16 28 30 22 24 20 15 22 14 6 11 26 21 9 31 18 0 27 29 25 4 20 17 7 15 18 5 15 26 22 13 
52 22 26 51 19 27 38 49 43 53 36 47 35 18 36 41 31 34 30 31 38 55 35 50 39 19 41 9 41 21 29 27 47 32 4 14 27 0 38 53 32 48 44 34 42 23 25 13 43 42 16 
28 17 22 24 36 11 33 33 6 30 5 16 48 19 19 11 8 40 24 30 44 35 4 36 7 18 23 28 36 29 40 12 44 37 38 40 29 38 0 39 27 35 40 26 28 45 24 35 11 15 25 
14 36 28 18 35 44 14 6 43 12 34 25 30 45 21 27 44 23 23 21 23 8 42 3 32 41 16 47 12 31 29 44 12 23 56 42 25 53 39 0 20 4 11 19 11 39 28 40 29 24 37 
22 16 7 22 17 26 8 17 32 22 22 22 21 25 9 20 28 13 3 3 17 24 28 18 22 21 11 26 11 11 15 26 19 10 35 23 4 32 27 20 0 16 15 2 11 23 7 20 22 18 16 
13 31 23 17 31 39 10 4 39 12 30 22 28 40 17 24 40 20 19 17 20 9 39 2 29 37 12 42 9 27 25 40 12 19 52 38 20 48 35 4 16 0 9 14 7 35 24 36 26 21 33 
22 31 22 25 26 41 7 13 45 21 35 29 19 40 20 30 43 12 18 13 11 19 42 11 34 37 17 40 4 23 18 41 4 12 48 32 17 44 40 11 15 9 0 14 13 28 22 31 32 27 31 
19 17 8 20 19 26 7 15 31 19 21 20 23 26 7 18 28 15 4 5 18 21 28 16 20 22 8 27 10 13 17 26 19 12 37 26 7 34 26 19 2 14 14 0 8 25 9 23 20 16 18 
11 24 17 13 28 32 9 7 32 11 23 16 28 33 9 17 32 19 12 12 21 13 31 8 21 30 5 36 10 22 24 32 17 18 46 34 15 42 28 11 11 7 13 8 0 33 17 31 19 14 26 
45 27 23 46 8 38 25 38 51 44 41 45 13 31 31 41 42 16 24 20 18 45 44 38 42 29 34 25 27 15 10 38 29 16 27 8 18 23 45 39 23 35 28 25 33 0 21 11 44 41 21 
27 9 1 27 13 20 15 24 29 28 19 24 24 18 11 20 23 17 5 8 22 30 24 25 20 14 15 18 18 6 16 20 26 14 28 19 5 25 24 28 7 24 22 9 17 21 0 15 23 20 9 
42 18 16 42 5 28 26 38 41 42 32 39 22 20 26 35 32 20 19 19 24 44 34 38 34 18 30 13 28 9 15 27 34 19 17 4 15 13 35 40 20 36 31 23 31 11 15 0 37 35 10 
17 21 21 13 36 20 27 23 13 19 8 5 44 27 13 2 18 36 20 25 39 24 15 26 5 25 14 34 29 29 38 21 36 33 45 41 26 43 11 29 22 26 32 20 19 44 23 37 0 5 28 
13 20 18 10 33 22 22 18 18 15 10 4 40 27 9 3 21 31 17 21 34 20 19 21 8 24 9 33 24 26 33 23 31 29 44 39 22 42 15 24 18 21 27 16 14 41 20 35 5 0 26 
36 7 9 35 13 17 24 34 31 36 22 30 28 11 19 25 21 23 14 17 28 39 24 34 24 8 24 9 27 8 20 17 35 21 19 15 13 16 25 37 16 33 31 18 26 21 9 10 28 26 0 
0 737
160 454
223 517
429 723
296 590
398 692
134 428
29 323
428 722
323 617
412 706
313 607
15 309
49 343
21 315
440 734
187 481
78 372
436 730
378 672
316 610
388 682
42 336
136 430
432 726
395 689
421 715
426 720
356 650
85 379
384 678
83 377
238 532
8 302
65 359
0 294
141 435
319 613
217 511
221 515
42 336
244 538
4 298
373 667
328 622
375 669
114 408
24 318
256 550
174 468
360 654
