51
0 14 23 24 22 33 25 29 24 17 24 36 28 42 19 36 26 6 13 26 40 8 33 37 8 40 38 14 31 6 17 29 42 34 30 48 11 24 18 14 31 23 20 27 33 32 9 44 5 39 47 
14 0 13 24 26 33 33 15 15 5 10 26 14 28 30 32 18 17 18 31 28 17 20 23 11 26 24 25 27 8 4 16 33 19 39 42 21 14 14 17 19 17 29 20 41 40 7 39 17 36 43 
23 13 0 18 23 25 32 11 3 7 7 13 17 23 33 21 6 29 19 27 17 29 12 18 15 21 16 28 16 17 15 6 20 17 39 30 25 1 9 30 8 8 31 8 40 38 20 26 28 26 32 
24 24 18 0 7 8 16 29 15 20 25 20 34 40 21 12 12 31 11 9 30 33 30 35 16 38 32 19 9 22 28 23 23 35 23 24 17 17 10 38 23 9 18 11 23 21 28 21 30 14 23 
22 26 23 7 0 11 9 34 21 23 29 27 38 46 14 18 19 28 9 5 37 30 36 41 16 44 38 12 16 21 30 29 30 40 16 31 12 22 14 36 29 15 10 18 16 15 28 27 27 20 28 
33 33 25 8 11 0 18 36 22 28 32 22 42 46 25 9 18 39 19 10 33 41 36 41 25 44 37 24 10 31 37 29 23 42 23 20 24 24 18 46 29 16 22 17 21 19 37 17 38 8 16 
25 33 32 16 9 18 0 43 30 31 38 36 46 55 8 26 28 31 15 8 46 33 45 50 22 54 48 11 25 27 38 38 39 49 6 38 13 32 23 40 39 24 6 28 7 7 33 35 30 27 34 
29 15 11 29 34 36 43 0 14 13 5 19 7 12 43 31 17 33 29 38 15 32 4 8 24 11 10 38 27 23 14 7 25 5 50 37 34 12 20 31 9 20 41 19 51 49 23 35 33 36 40 
24 15 3 15 21 22 30 14 0 10 10 11 20 25 32 18 3 30 18 24 17 31 14 20 16 23 17 28 13 18 18 8 18 19 37 27 24 2 7 32 8 6 29 5 38 36 22 23 30 23 29 
17 5 7 20 23 28 31 13 10 0 7 21 15 26 30 27 13 21 16 28 24 21 17 21 10 24 21 25 22 10 8 12 27 18 38 37 21 8 10 22 15 12 28 14 39 38 12 33 21 31 38 
24 10 7 25 29 32 38 5 10 7 0 19 9 18 37 29 14 28 23 34 18 27 9 13 18 16 14 32 24 17 10 7 25 10 45 36 29 8 15 27 10 16 35 16 46 44 18 33 28 33 39 
36 26 13 20 27 22 36 19 11 21 19 0 27 25 40 14 10 42 27 29 11 42 16 21 27 23 15 37 12 30 28 12 6 23 43 18 34 12 17 44 9 13 37 9 43 40 34 15 41 18 21 
28 14 17 34 38 42 46 7 20 15 9 27 0 15 45 38 23 30 31 43 23 29 12 12 25 14 17 39 33 22 11 14 33 7 53 45 36 18 24 26 17 25 43 25 54 53 20 42 30 43 48 
42 28 23 40 46 46 55 12 25 26 18 25 15 0 55 39 27 45 41 50 15 44 10 4 36 1 9 51 35 35 26 16 29 8 62 41 47 23 32 41 17 31 53 28 63 61 35 40 45 43 46 
19 30 33 21 14 25 8 43 32 30 37 40 45 55 0 32 31 24 14 15 49 26 46 51 19 54 49 5 30 23 34 39 44 48 10 45 9 33 24 34 41 27 3 31 14 14 28 41 23 33 42 
36 32 21 12 18 9 26 31 18 27 29 14 38 39 32 0 14 42 23 18 25 44 30 35 27 37 30 31 5 32 35 24 14 36 32 12 29 20 18 48 22 14 29 13 31 28 38 9 42 4 11 
26 18 6 12 19 18 28 17 3 13 14 10 23 27 31 14 0 32 17 22 18 32 17 23 17 26 19 27 9 20 21 11 16 23 35 24 24 5 7 35 10 4 28 1 35 33 25 20 31 19 25 
6 17 29 31 28 39 31 33 30 21 28 42 30 45 24 42 32 0 20 33 45 2 37 41 15 44 42 19 38 11 19 34 48 36 34 54 17 30 25 10 36 29 24 33 37 37 10 51 0 46 54 
13 18 19 11 9 19 15 29 18 16 23 27 31 41 14 23 17 20 0 13 35 21 31 36 7 40 35 9 19 12 22 25 32 34 21 36 6 19 10 27 27 13 12 17 23 22 19 32 19 26 35 
26 31 27 9 5 10 8 38 24 28 34 29 43 50 15 18 22 33 13 0 39 35 39 45 21 48 41 15 17 26 35 33 31 44 14 30 16 26 18 41 33 18 12 21 13 11 33 27 32 18 26 
40 28 17 30 37 33 46 15 17 24 18 11 23 15 49 25 18 45 35 39 0 45 10 13 33 14 6 45 23 34 29 11 13 17 53 26 42 16 25 45 9 22 46 18 53 51 36 25 45 29 31 
8 17 29 33 30 41 33 32 31 21 27 42 29 44 26 44 32 2 21 35 45 0 37 40 16 43 42 21 39 12 18 33 48 36 37 55 19 30 26 7 36 30 27 34 40 40 9 52 3 47 55 
33 20 12 30 36 36 45 4 14 17 9 16 12 10 46 30 17 37 31 39 10 37 0 5 27 8 5 41 26 27 19 6 22 7 52 34 37 13 22 36 7 21 43 19 53 51 27 32 37 35 38 
37 23 18 35 41 41 50 8 20 21 13 21 12 4 51 35 23 41 36 45 13 40 5 0 32 3 6 46 31 31 22 12 26 5 57 38 42 18 27 38 12 26 49 24 58 56 31 36 41 39 43 
8 11 15 16 16 25 22 24 16 10 18 27 25 36 19 27 17 15 7 21 33 16 27 32 0 35 31 14 22 5 15 21 33 29 28 39 10 16 9 21 24 14 18 18 30 29 11 35 14 31 39 
40 26 21 38 44 44 54 11 23 24 16 23 14 1 54 37 26 44 40 48 14 43 8 3 35 0 7 49 34 34 24 15 27 7 60 40 45 21 30 40 15 29 52 27 61 59 33 38 44 42 44 
38 24 16 32 38 37 48 10 17 21 14 15 17 9 49 30 19 42 35 41 6 42 5 6 31 7 0 44 26 31 24 9 19 10 54 32 41 15 25 41 8 23 46 20 55 53 32 30 42 34 37 
14 25 28 19 12 24 11 38 28 25 32 37 39 51 5 31 27 19 9 15 45 21 41 46 14 49 44 0 27 18 29 35 41 43 15 43 3 28 20 29 36 23 5 27 18 18 23 40 18 33 41 
31 27 16 9 16 10 25 27 13 22 24 12 33 35 30 5 9 38 19 17 23 39 26 31 22 34 26 27 0 27 30 20 14 32 31 16 25 15 13 43 18 9 27 8 30 28 32 13 37 9 16 
6 8 17 22 21 31 27 23 18 10 17 30 22 35 23 32 20 11 12 26 34 12 27 31 5 34 31 18 27 0 11 22 36 27 33 43 14 18 14 15 25 18 22 21 35 34 6 40 11 36 44 
17 4 15 28 30 37 38 14 18 8 10 28 11 26 34 35 21 19 22 35 29 18 19 22 15 24 24 29 30 11 0 17 35 17 44 45 25 16 18 16 20 21 33 23 45 44 9 42 19 40 47 
29 16 6 23 29 29 38 7 8 12 7 12 14 16 39 24 11 34 25 33 11 33 6 12 21 15 9 35 20 22 17 0 19 12 45 30 31 6 15 33 3 14 37 12 46 44 24 28 33 29 33 
42 33 20 23 30 23 39 25 18 27 25 6 33 29 44 14 16 48 32 31 13 48 22 26 33 27 19 41 14 36 35 19 0 29 46 12 39 19 23 50 15 19 41 15 45 42 40 11 47 17 17 
34 19 17 35 40 42 49 5 19 18 10 23 7 8 48 36 23 36 34 44 17 36 7 5 29 7 10 43 32 27 17 12 29 0 56 41 39 17 26 33 14 26 46 24 57 55 26 39 36 41 45 
30 39 39 23 16 23 6 50 37 38 45 43 53 62 10 32 35 34 21 14 53 37 52 57 28 60 54 15 31 33 44 45 46 56 0 43 18 39 30 44 46 31 10 35 3 5 38 40 33 32 39 
48 42 30 24 31 20 38 37 27 37 36 18 45 41 45 12 24 54 36 30 26 55 34 38 39 40 32 43 16 43 45 30 12 41 43 0 42 28 29 59 27 25 41 22 41 39 49 3 54 11 5 
11 21 25 17 12 24 13 34 24 21 29 34 36 47 9 29 24 17 6 16 42 19 37 42 10 45 41 3 25 14 25 31 39 39 18 42 0 25 16 26 33 20 8 24 21 20 20 38 16 31 40 
24 14 1 17 22 24 32 12 2 8 8 12 18 23 33 20 5 30 19 26 16 30 13 18 16 21 15 28 15 18 16 6 19 17 39 28 25 0 9 31 7 8 30 7 39 37 21 25 29 25 30 
18 14 9 10 14 18 23 20 7 10 15 17 24 32 24 18 7 25 10 18 25 26 22 27 9 30 25 20 13 14 18 15 23 26 30 29 16 9 0 29 16 4 21 8 30 29 19 26 24 22 30 
14 17 30 38 36 46 40 31 32 22 27 44 26 41 34 48 35 10 27 41 45 7 36 38 21 40 41 29 43 15 16 33 50 33 44 59 26 31 29 0 37 33 34 36 47 47 10 55 10 52 59 
31 19 8 23 29 29 39 9 8 15 10 9 17 17 41 22 10 36 27 33 9 36 7 12 24 15 8 36 18 25 20 3 15 14 46 27 33 7 16 37 0 14 38 11 46 44 27 25 36 27 31 
23 17 8 9 15 16 24 20 6 12 16 13 25 31 27 14 4 29 13 18 22 30 21 26 14 29 23 23 9 18 21 14 19 26 31 25 20 8 4 33 14 0 24 4 31 30 23 22 28 19 26 
20 29 31 18 10 22 6 41 29 28 35 37 43 53 3 29 28 24 12 12 46 27 43 49 18 52 46 5 27 22 33 37 41 46 10 41 8 30 21 34 38 24 0 28 13 13 28 38 24 30 39 
27 20 8 11 18 17 28 19 5 14 16 9 25 28 31 13 1 33 17 21 18 34 19 24 18 27 20 27 8 21 23 12 15 24 35 22 24 7 8 36 11 4 28 0 35 32 26 19 32 17 23 
33 41 40 23 16 21 7 51 38 39 46 43 54 63 14 31 35 37 23 13 53 40 53 58 30 61 55 18 30 35 45 46 45 57 3 41 21 39 30 47 46 31 13 35 0 2 41 38 37 30 37 
32 40 38 21 15 19 7 49 36 38 44 40 53 61 14 28 33 37 22 11 51 40 51 56 29 59 53 18 28 34 44 44 42 55 5 39 20 37 29 47 44 30 13 32 2 0 40 36 37 27 34 
9 7 20 28 28 37 33 23 22 12 18 34 20 35 28 38 25 10 19 33 36 9 27 31 11 33 32 23 32 6 9 24 40 26 38 49 20 21 19 10 27 23 28 26 41 40 0 45 10 42 49 
44 39 26 21 27 17 35 35 23 33 33 15 42 40 41 9 20 51 32 27 25 52 32 36 35 38 30 40 13 40 42 28 11 39 40 3 38 25 26 55 25 22 38 19 38 36 45 0 50 8 6 
5 17 28 30 27 38 30 33 30 21 28 41 30 45 23 42 31 0 19 32 45 3 37 41 14 44 42 18 37 11 19 33 47 36 33 54 16 29 24 10 36 28 24 32 37 37 10 50 0 45 53 
39 36 26 14 20 8 27 36 23 31 33 18 43 43 33 4 19 46 26 18 29 47 35 39 31 42 34 33 9 36 40 29 17 41 32 11 31 25 22 52 27 19 30 17 30 27 42 8 45 0 8 
47 43 32 23 28 16 34 40 29 38 39 21 48 46 42 11 25 54 35 26 31 55 38 43 39 44 37 41 16 44 47 33 17 45 39 5 40 30 30 59 31 26 39 23 37 34 49 6 53 8 0 
0 792
279 675
106 502
284 680
110 506
305 701
176 572
166 562
225 621
342 738
330 726
303 699
242 638
44 440
49 445
337 733
101 497
224 620
342 738
223 619
279 675
332 728
111 507
112 508
374 770
226 622
81 477
223 619
210 606
348 744
228 624
318 714
78 474
247 643
373 769
286 682
182 578
84 480
248 644
59 455
278 674
53 449
65 461
245 641
179 575
379 775
76 472
210 606
111 507
238 634
112 508
