51
0 12 9 29 4 7 15 29 29 24 14 23 20 23 27 43 11 38 22 11 46 38 24 46 17 37 25 25 21 35 33 38 16 13 7 39 12 26 13 12 5 24 31 45 31 12 8 19 33 12 40 
12 0 17 20 12 5 10 17 18 24 14 21 12 11 14 32 2 26 11 15 34 25 18 33 13 25 24 15 20 23 21 32 16 14 15 28 11 15 20 25 13 20 19 33 21 12 17 6 23 6 33 
9 17 0 36 5 11 13 33 36 33 23 17 18 28 32 49 15 40 23 4 50 40 20 49 26 42 34 32 31 36 35 46 9 22 2 45 21 32 22 17 4 19 33 50 38 21 1 23 30 19 49 
29 20 36 0 31 24 30 17 5 19 17 40 29 12 11 15 21 27 23 35 27 25 35 28 13 11 18 4 14 27 24 13 36 18 34 12 17 6 26 37 31 39 23 19 4 18 36 17 35 16 13 
4 12 5 31 0 7 12 29 31 27 18 19 17 24 27 44 11 37 21 7 46 37 21 46 20 38 29 27 25 34 32 41 12 17 3 40 15 27 17 15 1 21 30 46 33 15 5 19 30 14 43 
7 5 11 24 7 0 9 22 24 25 15 19 13 17 20 37 4 31 15 10 39 30 18 39 16 31 26 20 21 27 26 36 12 14 9 34 12 21 18 20 7 19 23 39 27 12 11 12 25 8 38 
15 10 13 30 12 9 0 21 27 34 24 10 4 19 22 40 9 27 11 9 37 27 9 36 24 33 35 25 30 22 22 42 6 23 12 36 21 24 27 27 12 10 20 40 31 21 14 13 17 17 43 
29 17 33 17 29 22 21 0 12 33 26 29 18 8 6 21 18 10 10 30 17 8 23 16 23 13 33 14 28 9 6 31 28 27 31 17 24 11 35 42 29 26 6 19 15 25 33 10 19 20 29 
29 18 36 5 31 24 27 12 0 24 20 37 26 8 6 13 20 21 19 34 22 19 32 22 16 7 23 5 19 22 18 18 34 21 34 9 20 3 29 39 31 35 18 16 3 20 36 14 31 17 17 
24 24 33 19 27 25 34 33 24 0 10 44 36 25 27 33 25 44 34 34 46 42 43 47 11 30 2 19 5 43 40 18 38 11 31 31 13 23 12 25 29 45 39 38 24 13 32 27 47 17 23 
14 14 23 17 18 15 24 26 20 10 0 34 26 18 21 32 15 37 25 24 41 35 33 42 4 28 11 15 7 35 32 23 28 1 21 29 3 18 8 20 19 34 31 36 21 2 23 18 38 8 27 
23 21 17 40 19 19 10 29 37 44 34 0 11 28 31 49 19 32 18 13 43 32 6 42 34 42 45 35 41 27 27 53 7 33 18 45 31 34 36 33 18 3 25 48 40 31 18 23 17 27 53 
20 12 18 29 17 13 4 18 26 36 26 11 0 17 20 38 11 23 7 14 33 23 6 33 26 31 37 25 32 18 18 43 10 26 17 34 23 23 31 32 16 9 15 37 29 24 18 12 13 19 43 
23 11 28 12 24 17 19 8 8 25 18 28 17 0 3 21 13 18 11 26 23 17 23 23 15 14 25 8 20 17 14 26 25 19 26 17 17 5 27 35 24 27 13 22 11 17 28 5 23 12 25 
27 14 32 11 27 20 22 6 6 27 21 31 20 3 0 18 16 16 13 30 20 15 26 20 17 11 26 8 22 16 13 25 28 22 30 14 19 4 29 38 28 29 12 18 9 20 32 8 24 15 23 
43 32 49 15 44 37 40 21 13 33 32 49 38 21 18 0 34 25 31 48 19 23 43 20 28 7 31 17 29 28 25 19 47 33 47 3 32 16 41 52 45 47 26 6 11 33 49 26 40 30 14 
11 2 15 21 11 4 9 18 20 25 15 19 11 13 16 34 0 27 11 13 35 26 17 35 15 27 26 17 21 24 22 34 14 15 13 30 12 17 20 24 11 19 20 35 23 12 15 8 23 7 35 
38 26 40 27 37 31 27 10 21 44 37 32 23 18 16 25 27 0 16 37 11 2 25 10 33 19 43 25 39 4 5 39 33 38 39 22 35 21 45 51 37 28 7 21 24 35 40 19 17 30 37 
22 11 23 23 21 15 11 10 19 34 25 18 7 11 13 31 11 16 0 20 26 16 12 25 23 24 34 19 29 12 11 37 17 25 22 27 22 17 31 35 21 16 9 30 23 23 24 7 13 17 37 
11 15 4 35 7 10 9 30 34 34 24 13 14 26 30 48 13 37 20 0 47 36 16 46 26 41 35 31 32 32 31 47 5 23 4 44 22 31 25 20 6 15 29 48 37 22 5 21 26 19 48 
46 34 50 27 46 39 37 17 22 46 41 43 33 23 20 19 35 11 26 47 0 10 36 1 37 16 45 26 41 16 15 37 44 42 48 17 40 23 50 58 46 40 17 12 23 41 50 27 28 36 32 
38 25 40 25 37 30 27 8 19 42 35 32 23 17 15 23 26 2 16 36 10 0 25 9 32 17 41 22 37 5 5 37 33 36 38 20 33 19 44 50 37 29 7 19 21 34 40 18 18 29 34 
24 18 20 35 21 18 9 23 32 43 33 6 6 23 26 43 17 25 12 16 36 25 0 35 32 36 43 31 38 20 21 49 10 32 20 39 29 29 37 36 20 3 19 42 35 30 21 18 10 25 49 
46 33 49 28 46 39 36 16 22 47 42 42 33 23 20 20 35 10 25 46 1 9 35 0 38 17 46 27 41 15 14 38 43 43 48 19 40 23 50 58 46 39 17 14 23 41 49 26 27 36 34 
17 13 26 13 20 16 24 23 16 11 4 34 26 15 17 28 15 33 23 26 37 32 32 38 0 23 11 11 6 32 29 20 28 5 23 25 5 14 13 24 21 34 28 32 17 5 25 16 36 7 23 
37 25 42 11 38 31 33 13 7 30 28 42 31 14 11 7 27 19 24 41 16 17 36 17 23 0 29 12 26 22 19 20 40 29 40 3 27 10 37 47 38 40 19 8 6 28 42 19 33 25 17 
25 24 34 18 29 26 35 33 23 2 11 45 37 25 26 31 26 43 34 35 45 41 43 46 11 29 0 18 4 42 39 16 39 12 32 29 14 22 14 27 30 45 38 37 22 13 34 27 47 18 21 
25 15 32 4 27 20 25 14 5 19 15 35 25 8 8 17 17 25 19 31 26 22 31 27 11 12 18 0 14 24 21 17 31 16 30 14 15 3 24 35 28 34 20 21 6 15 32 12 32 13 18 
21 20 31 14 25 21 30 28 19 5 7 41 32 20 22 29 21 39 29 32 41 37 38 41 6 26 4 14 0 37 34 17 34 8 28 26 10 18 13 26 26 40 33 34 19 9 30 22 42 13 21 
35 23 36 27 34 27 22 9 22 43 35 27 18 17 16 28 24 4 12 32 16 5 20 15 32 22 42 24 37 0 3 41 28 35 35 25 33 21 43 48 33 24 4 24 25 33 36 17 12 28 38 
33 21 35 24 32 26 22 6 18 40 32 27 18 14 13 25 22 5 11 31 15 5 21 14 29 19 39 21 34 3 0 37 28 33 34 22 30 17 40 46 32 24 2 22 21 31 35 14 14 25 35 
38 32 46 13 41 36 42 31 18 18 23 53 43 26 25 19 34 39 37 47 37 37 49 38 20 20 16 17 17 41 37 0 48 25 44 19 25 20 30 43 42 52 37 25 15 25 46 30 49 27 5 
16 16 9 36 12 12 6 28 34 38 28 7 10 25 28 47 14 33 17 5 44 33 10 43 28 40 39 31 34 28 28 48 0 27 10 43 24 30 29 26 11 9 26 47 37 25 10 20 21 21 49 
13 14 22 18 17 14 23 27 21 11 1 33 26 19 22 33 15 38 25 23 42 36 32 43 5 29 12 16 8 35 33 25 27 0 20 30 2 19 7 19 18 34 31 37 22 2 22 18 38 8 28 
7 15 2 34 3 9 12 31 34 31 21 18 17 26 30 47 13 39 22 4 48 38 20 48 23 40 32 30 28 35 34 44 10 20 0 43 18 30 20 15 2 20 31 49 36 19 2 21 30 17 46 
39 28 45 12 40 34 36 17 9 31 29 45 34 17 14 3 30 22 27 44 17 20 39 19 25 3 29 14 26 25 22 19 43 30 43 0 29 12 38 49 41 43 22 7 8 30 45 22 36 27 15 
12 11 21 17 15 12 21 24 20 13 3 31 23 17 19 32 12 35 22 22 40 33 29 40 5 27 14 15 10 33 30 25 24 2 18 29 0 17 10 19 16 31 28 36 21 0 20 16 35 5 28 
26 15 32 6 27 21 24 11 3 23 18 34 23 5 4 16 17 21 17 31 23 19 29 23 14 10 22 3 18 21 17 20 30 19 30 12 17 0 27 37 28 32 17 18 6 18 32 11 29 14 19 
13 20 22 26 17 18 27 35 29 12 8 36 31 27 29 41 20 45 31 25 50 44 37 50 13 37 14 24 13 43 40 30 29 7 20 38 10 27 0 13 18 37 38 45 30 9 21 25 43 14 34 
12 25 17 37 15 20 27 42 39 25 20 33 32 35 38 52 24 51 35 20 58 50 36 58 24 47 27 35 26 48 46 43 26 19 15 49 19 37 13 0 15 36 44 55 41 19 15 32 45 22 47 
5 13 4 31 1 7 12 29 31 29 19 18 16 24 28 45 11 37 21 6 46 37 20 46 21 38 30 28 26 33 32 42 11 18 2 41 16 28 18 15 0 20 30 46 34 16 4 19 29 15 44 
24 20 19 39 21 19 10 26 35 45 34 3 9 27 29 47 19 28 16 15 40 29 3 39 34 40 45 34 40 24 24 52 9 34 20 43 31 32 37 36 20 0 22 46 39 32 20 21 13 27 52 
31 19 33 23 30 23 20 6 18 39 31 25 15 13 12 26 20 7 9 29 17 7 19 17 28 19 38 20 33 4 2 37 26 31 31 22 28 17 38 44 30 22 0 23 21 29 33 12 13 23 35 
45 33 50 19 46 39 40 19 16 38 36 48 37 22 18 6 35 21 30 48 12 19 42 14 32 8 37 21 34 24 22 25 47 37 49 7 36 18 45 55 46 46 23 0 15 36 50 27 37 33 21 
31 21 38 4 33 27 31 15 3 24 21 40 29 11 9 11 23 24 23 37 23 21 35 23 17 6 22 6 19 25 21 15 37 22 36 8 21 6 30 41 34 39 21 15 0 22 38 17 34 19 14 
12 12 21 18 15 12 21 25 20 13 2 31 24 17 20 33 12 35 23 22 41 34 30 41 5 28 13 15 9 33 31 25 25 2 19 30 0 18 9 19 16 32 29 36 22 0 20 16 35 5 29 
8 17 1 36 5 11 14 33 36 32 23 18 18 28 32 49 15 40 24 5 50 40 21 49 25 42 34 32 30 36 35 46 10 22 2 45 20 32 21 15 4 20 33 50 38 20 0 23 31 19 48 
19 6 23 17 19 12 13 10 14 27 18 23 12 5 8 26 8 19 7 21 27 18 18 26 16 19 27 12 22 17 14 30 20 18 21 22 16 11 25 32 19 21 12 27 17 16 23 0 20 11 30 
33 23 30 35 30 25 17 19 31 47 38 17 13 23 24 40 23 17 13 26 28 18 10 27 36 33 47 32 42 12 14 49 21 38 30 36 35 29 43 45 29 13 13 37 34 35 31 20 0 30 48 
12 6 19 16 14 8 17 20 17 17 8 27 19 12 15 30 7 30 17 19 36 29 25 36 7 25 18 13 13 28 25 27 21 8 17 27 5 14 14 22 15 27 23 33 19 5 19 11 30 0 29 
40 33 49 13 43 38 43 29 17 23 27 53 43 25 23 14 35 37 37 48 32 34 49 34 23 17 21 18 21 38 35 5 49 28 46 15 28 19 34 47 44 52 35 21 14 29 48 30 48 29 0 
0 382
310 310
290 290
101 101
3 3
246 246
313 313
317 317
374 374
291 291
174 174
315 315
142 142
138 138
245 245
43 43
228 228
214 214
256 256
124 124
377 377
315 315
202 202
128 128
190 190
339 339
103 103
34 34
347 347
96 96
181 181
192 192
326 326
176 176
96 96
132 132
362 362
203 203
16 16
295 295
86 86
184 184
363 363
213 213
222 222
270 270
323 323
82 82
281 281
149 149
68 68
