51
0 19 28 7 21 23 8 34 18 12 15 16 16 14 9 11 20 32 13 27 12 18 34 8 19 27 29 3 29 22 25 7 3 27 19 32 21 10 20 20 10 13 7 18 17 16 21 21 7 32 22 
19 0 12 18 34 10 20 23 8 32 34 26 35 33 27 15 24 12 8 8 32 5 22 22 30 7 10 17 22 37 7 26 17 14 24 12 33 16 26 4 27 7 27 10 18 19 38 30 20 15 14 
28 12 0 29 35 6 25 11 21 41 40 28 43 42 34 27 23 12 15 4 41 17 10 28 42 9 15 26 13 41 16 35 25 25 23 8 35 21 39 9 38 19 36 23 30 32 49 30 31 21 26 
7 18 29 0 29 25 15 37 13 17 21 23 21 19 16 4 26 29 15 26 16 15 37 15 13 25 26 9 33 30 21 12 8 21 25 30 29 15 12 20 9 10 12 12 9 8 20 29 2 28 15 
21 34 35 29 0 29 14 34 37 21 15 7 19 20 14 33 12 44 25 37 24 35 34 14 39 39 44 20 27 6 41 20 21 46 12 43 0 17 41 31 29 30 20 37 38 38 36 5 29 49 42 
23 10 6 25 29 0 19 12 19 35 34 22 37 36 28 23 17 16 10 7 35 15 12 21 38 11 18 20 11 34 17 29 20 25 17 13 29 15 35 6 33 15 30 20 28 28 44 25 27 23 25 
8 20 25 15 14 19 0 28 22 17 15 8 18 17 9 18 11 31 11 25 18 21 28 2 27 26 30 6 22 17 27 12 7 31 10 30 14 4 28 18 19 15 12 22 24 24 29 13 16 34 27 
34 23 11 37 34 12 28 0 31 45 43 28 46 46 37 36 21 23 22 16 46 28 1 31 51 20 27 31 7 40 28 40 31 36 22 19 34 25 48 18 45 28 40 33 40 41 56 28 39 32 37 
18 8 21 13 37 19 22 31 0 30 34 30 34 32 28 9 30 17 13 16 29 3 31 24 23 13 12 18 30 40 7 25 17 9 29 18 37 20 18 12 23 6 26 2 10 11 33 35 16 14 6 
12 32 41 17 21 35 17 45 30 0 7 20 4 1 8 22 27 45 26 40 2 31 45 14 20 40 42 15 39 18 37 5 15 39 25 45 21 20 24 33 10 25 5 29 26 25 14 24 15 45 33 
15 34 40 21 15 34 15 43 34 7 0 16 3 5 6 26 23 46 26 40 9 33 43 12 27 41 44 16 36 11 40 9 17 42 21 46 14 19 31 34 17 28 8 33 31 30 21 19 20 47 37 
16 26 28 23 7 22 8 28 30 20 16 0 19 20 12 26 7 37 17 29 22 28 29 8 35 31 37 14 21 12 33 17 15 39 5 35 7 10 36 24 25 23 17 30 32 32 34 5 24 41 35 
16 35 43 21 19 37 18 46 34 4 3 19 0 2 8 26 26 48 28 42 7 34 46 15 25 42 46 18 40 14 41 9 18 43 25 48 18 22 29 36 15 29 8 34 30 29 17 23 19 48 37 
14 33 42 19 20 36 17 46 32 1 5 20 2 0 8 24 26 46 26 41 4 32 46 14 22 41 44 16 39 16 39 7 16 40 25 46 19 21 26 34 12 27 6 31 27 26 15 23 17 46 35 
9 27 34 16 14 28 9 37 28 8 6 12 8 8 0 21 18 40 20 34 10 27 38 6 24 34 38 10 31 13 33 5 10 37 17 39 14 13 27 27 14 21 5 27 26 25 22 16 15 41 31 
11 15 27 4 33 23 18 36 9 22 26 26 26 24 21 0 28 26 14 24 20 11 36 19 14 22 22 12 33 34 17 17 11 16 27 27 32 17 12 18 13 8 17 7 5 5 24 32 7 23 11 
20 24 23 26 12 17 11 21 30 27 23 7 26 26 18 28 0 33 16 25 28 27 22 13 39 28 34 17 14 18 32 23 18 38 1 31 12 11 39 21 30 23 23 31 34 34 40 7 27 39 36 
32 12 12 29 44 16 31 23 17 45 46 37 48 46 40 26 33 0 20 8 44 14 22 34 40 5 5 30 26 49 9 39 29 16 33 3 44 28 35 13 39 19 40 19 27 28 50 40 32 10 20 
13 8 15 15 25 10 11 22 13 26 26 17 28 26 20 14 16 20 0 14 26 10 22 14 28 14 19 10 19 29 15 20 10 22 16 19 25 7 26 7 23 7 20 14 19 20 34 22 17 23 19 
27 8 4 26 37 7 25 16 16 40 40 29 42 41 34 24 25 8 14 0 40 13 15 27 38 4 10 24 18 42 11 34 24 20 25 5 37 21 35 6 35 16 34 18 26 28 46 32 29 16 22 
12 32 41 16 24 35 18 46 29 2 9 22 7 4 10 20 28 44 26 40 0 30 46 15 18 39 41 15 40 20 37 6 15 37 27 45 23 21 22 33 8 25 5 28 24 23 12 26 13 44 31 
18 5 17 15 35 15 21 28 3 31 33 28 34 32 27 11 27 14 10 13 30 0 27 22 25 10 11 17 27 38 6 25 16 11 26 16 35 18 21 9 24 5 26 5 13 14 35 33 17 14 9 
34 22 10 37 34 12 28 1 31 45 43 29 46 46 38 36 22 22 22 15 46 27 0 31 50 19 26 31 8 41 27 40 31 35 23 18 35 25 48 18 45 28 41 32 40 41 56 29 39 31 37 
8 22 28 15 14 21 2 31 24 14 12 8 15 14 6 19 13 34 14 27 15 22 31 0 26 28 33 6 25 15 29 9 7 33 12 33 13 6 28 21 17 17 10 24 24 24 26 13 15 36 28 
19 30 42 13 39 38 27 51 23 20 27 35 25 22 24 14 39 40 28 38 18 25 50 26 0 36 35 22 47 37 31 19 21 27 38 42 39 28 6 33 10 23 19 21 13 11 12 40 11 35 21 
27 7 9 25 39 11 26 20 13 40 41 31 42 41 34 22 28 5 14 4 39 10 19 28 36 0 6 24 22 43 7 34 24 16 28 5 39 22 32 7 34 14 34 15 24 25 45 35 27 12 18 
29 10 15 26 44 18 30 27 12 42 44 37 46 44 38 22 34 5 19 10 41 11 26 33 35 6 0 28 29 48 4 36 27 10 34 8 44 27 30 13 35 16 37 14 22 24 46 41 28 5 15 
3 17 26 9 20 20 6 31 18 15 16 14 18 16 10 12 17 30 10 24 15 17 31 6 22 24 28 0 26 21 23 9 1 27 16 30 19 7 22 18 14 11 10 18 18 18 24 19 10 31 22 
29 22 13 33 27 11 22 7 30 39 36 21 40 39 31 33 14 26 19 18 40 27 8 25 47 22 29 26 0 33 28 34 26 36 15 22 27 19 45 17 40 25 35 32 38 39 51 21 35 34 36 
22 37 41 30 6 34 17 40 40 18 11 12 14 16 13 34 18 49 29 42 20 38 41 15 37 43 48 21 33 0 44 18 22 49 18 47 6 21 40 36 27 33 18 39 39 38 32 12 29 52 44 
25 7 16 21 41 17 27 28 7 37 40 33 41 39 33 17 32 9 15 11 37 6 27 29 31 7 4 23 28 44 0 32 23 8 31 11 41 23 26 11 30 12 32 9 17 19 41 38 23 7 11 
7 26 35 12 20 29 12 40 25 5 9 17 9 7 5 17 23 39 20 34 6 25 40 9 19 34 36 9 34 18 32 0 9 33 21 39 19 15 22 27 8 20 0 24 21 20 17 22 10 39 28 
3 17 25 8 21 20 7 31 17 15 17 15 18 16 10 11 18 29 10 24 15 16 31 7 21 24 27 1 26 22 23 9 0 26 17 29 21 7 21 17 13 11 10 17 17 17 24 20 9 30 21 
27 14 25 21 46 25 31 36 9 39 42 39 43 40 37 16 38 16 22 20 37 11 35 33 27 16 10 27 36 49 8 33 26 0 38 19 46 29 22 19 30 15 34 9 14 16 39 44 23 8 6 
19 24 23 25 12 17 10 22 29 25 21 5 25 25 17 27 1 33 16 25 27 26 23 12 38 28 34 16 15 18 31 21 17 38 0 31 12 10 38 21 29 22 22 30 33 33 38 7 26 39 35 
32 12 8 30 43 13 30 19 18 45 46 35 48 46 39 27 31 3 19 5 45 16 18 33 42 5 8 30 22 47 11 39 29 19 31 0 43 26 37 12 40 20 39 20 29 30 51 38 33 13 23 
21 33 35 29 0 29 14 34 37 21 14 7 18 19 14 32 12 44 25 37 23 35 35 13 39 39 44 19 27 6 41 19 21 46 12 43 0 17 41 31 28 30 19 37 38 38 35 6 28 49 42 
10 16 21 15 17 15 4 25 20 20 19 10 22 21 13 17 11 28 7 21 21 18 25 6 28 22 27 7 19 21 23 15 7 29 10 26 17 0 28 15 21 13 15 20 23 23 31 15 16 31 25 
20 26 39 12 41 35 28 48 18 24 31 36 29 26 27 12 39 35 26 35 22 21 48 28 6 32 30 22 45 40 26 22 21 22 38 37 41 28 0 30 14 20 22 16 8 7 18 41 12 30 15 
20 4 9 20 31 6 18 18 12 33 34 24 36 34 27 18 21 13 7 6 33 9 18 21 33 7 13 18 17 36 11 27 17 19 21 12 31 15 30 0 29 10 28 14 22 23 40 28 22 18 19 
10 27 38 9 29 33 19 45 23 10 17 25 15 12 14 13 30 39 23 35 8 24 45 17 10 34 35 14 40 27 30 8 13 30 29 40 28 21 14 29 0 20 8 21 16 14 11 30 7 37 24 
13 7 19 10 30 15 15 28 6 25 28 23 29 27 21 8 23 19 7 16 25 5 28 17 23 14 16 11 25 33 12 20 11 15 22 20 30 13 20 10 20 0 20 7 12 13 30 28 13 19 12 
7 27 36 12 20 30 12 40 26 5 8 17 8 6 5 17 23 40 20 34 5 26 41 10 19 34 37 10 35 18 32 0 10 34 22 39 19 15 22 28 8 20 0 25 22 21 16 22 11 40 28 
18 10 23 12 37 20 22 33 2 29 33 30 34 31 27 7 31 19 14 18 28 5 32 24 21 15 14 18 32 39 9 24 17 9 30 20 37 20 16 14 21 7 25 0 8 9 31 35 15 15 5 
17 18 30 9 38 28 24 40 10 26 31 32 30 27 26 5 34 27 19 26 24 13 40 24 13 24 22 18 38 39 17 21 17 14 33 29 38 23 8 22 16 12 22 8 0 1 24 37 10 22 8 
16 19 32 8 38 28 24 41 11 25 30 32 29 26 25 5 34 28 20 28 23 14 41 24 11 25 24 18 39 38 19 20 17 16 33 30 38 23 7 23 14 13 21 9 1 0 23 37 9 23 9 
21 38 49 20 36 44 29 56 33 14 21 34 17 15 22 24 40 50 34 46 12 35 56 26 12 45 46 24 51 32 41 17 24 39 38 51 35 31 18 40 11 30 16 31 24 23 0 38 17 46 32 
21 30 30 29 5 25 13 28 35 24 19 5 23 23 16 32 7 40 22 32 26 33 29 13 40 35 41 19 21 12 38 22 20 44 7 38 6 15 41 28 30 28 22 35 37 37 38 0 29 45 41 
7 20 31 2 29 27 16 39 16 15 20 24 19 17 15 7 27 32 17 29 13 17 39 15 11 27 28 10 35 29 23 10 9 23 26 33 28 16 12 22 7 13 11 15 10 9 17 29 0 30 17 
32 15 21 28 49 23 34 32 14 45 47 41 48 46 41 23 39 10 23 16 44 14 31 36 35 12 5 31 34 52 7 39 30 8 39 13 49 31 30 18 37 19 40 15 22 23 46 45 30 0 14 
22 14 26 15 42 25 27 37 6 33 37 35 37 35 31 11 36 20 19 22 31 9 37 28 21 18 15 22 36 44 11 28 21 6 35 23 42 25 15 19 24 12 28 5 8 9 32 41 17 14 0 
0 491
35 182
285 432
266 413
235 382
216 363
263 410
133 280
12 159
41 188
77 224
237 384
8 155
11 158
188 335
228 375
227 374
8 155
83 230
131 278
229 376
336 483
197 344
322 469
115 262
147 294
99 246
247 394
112 259
199 346
98 245
23 170
149 296
247 394
333 480
133 280
72 219
343 490
211 358
319 466
297 444
311 458
201 348
8 155
271 418
73 220
46 193
78 225
295 442
221 368
71 218
