51
0 33 20 50 10 43 18 41 47 12 17 12 41 7 16 22 5 39 29 23 29 39 50 18 9 30 20 28 21 4 40 9 36 13 32 19 45 42 32 20 27 52 29 39 27 23 38 24 7 7 31 
33 0 13 17 29 10 23 9 13 30 45 26 14 29 36 12 34 13 26 29 32 5 19 15 35 15 31 35 35 36 9 30 18 33 6 14 12 8 4 31 26 20 6 19 10 11 22 21 26 30 24 
20 13 0 30 17 23 14 21 27 19 33 14 22 16 26 7 21 20 21 22 27 18 30 2 23 14 21 29 27 23 21 17 20 20 13 1 25 21 12 21 22 32 11 24 8 6 25 14 12 18 23 
50 17 30 0 44 14 41 17 6 48 63 43 11 45 54 30 50 13 34 47 48 12 2 32 53 23 43 52 53 53 17 45 20 47 17 30 5 9 17 42 42 3 23 31 23 29 35 31 42 48 39 
10 29 17 44 0 40 23 38 42 21 28 18 34 3 26 22 7 32 19 30 36 34 44 15 20 22 10 36 30 15 38 1 27 4 26 15 40 37 27 9 32 46 28 40 20 22 40 15 8 15 36 
43 10 23 14 40 0 29 2 8 38 53 33 18 39 43 20 44 19 36 34 35 8 16 25 43 24 42 38 40 45 3 40 25 43 16 24 9 7 14 41 29 17 13 16 20 19 21 31 35 39 25 
18 23 14 41 23 29 0 27 36 8 23 5 35 19 13 10 22 34 34 8 14 28 42 14 14 28 31 15 12 18 26 22 35 26 26 15 35 31 24 30 9 43 17 21 22 11 19 27 14 11 13 
41 9 21 17 38 2 27 0 11 35 50 31 19 38 40 18 43 20 36 31 32 9 19 24 41 24 41 35 38 43 0 39 26 42 16 23 12 9 13 41 26 20 11 14 20 17 18 31 34 37 22 
47 13 27 6 42 8 36 11 0 44 59 39 13 42 49 26 48 15 34 41 43 8 8 29 49 23 42 46 48 50 11 43 22 45 15 27 2 5 15 42 37 9 19 25 21 25 29 31 39 44 33 
12 30 19 48 21 38 8 35 44 0 14 5 42 17 6 18 17 40 37 10 17 36 49 19 6 33 30 15 9 11 35 20 40 24 32 20 43 39 31 30 15 51 25 30 28 19 27 30 13 5 20 
17 45 33 63 28 53 23 50 59 14 0 19 56 25 10 32 21 54 47 21 26 51 64 32 9 46 38 23 15 13 50 27 52 30 46 33 58 54 45 37 27 65 40 43 41 33 40 41 23 15 33 
12 26 14 43 18 33 5 31 39 5 19 0 37 14 11 13 16 35 32 11 18 31 44 14 9 28 27 18 13 12 31 17 35 21 27 15 38 34 26 26 15 46 20 27 23 14 25 25 9 5 19 
41 14 22 11 34 18 35 19 13 42 56 37 0 35 48 25 41 2 22 43 46 10 10 23 46 12 32 48 48 45 19 35 9 36 9 22 10 11 11 31 40 12 20 32 14 24 36 20 34 40 38 
7 29 16 45 3 39 19 38 42 17 25 14 35 0 22 21 5 33 22 26 33 34 45 14 16 23 13 32 27 11 37 2 29 7 27 15 40 37 27 13 29 47 26 38 21 21 38 17 5 12 33 
16 36 26 54 26 43 13 40 49 6 10 11 48 22 0 23 21 46 43 11 16 42 55 25 7 39 36 13 6 13 40 25 46 29 38 26 49 45 37 35 17 57 30 33 34 24 30 36 18 10 22 
22 12 7 30 22 20 10 18 26 18 32 13 25 21 23 0 25 24 28 17 21 18 31 8 23 20 28 23 22 25 17 22 26 26 16 8 25 21 14 28 15 33 7 17 13 1 18 21 16 18 15 
5 34 21 50 7 44 22 43 48 17 21 16 41 5 21 25 0 39 26 27 34 40 51 19 14 29 16 33 26 8 42 6 35 8 33 20 46 43 33 16 31 52 32 42 27 25 41 22 9 11 36 
39 13 20 13 32 19 34 20 15 40 54 35 2 33 46 24 39 0 20 41 45 10 13 21 44 10 29 47 46 43 20 32 7 34 7 20 12 12 10 29 38 14 19 32 12 22 36 18 31 38 37 
29 26 21 34 19 36 34 36 34 37 47 32 22 22 43 28 26 20 0 43 49 28 33 20 38 11 11 50 46 34 36 20 13 19 20 20 32 31 22 11 43 34 29 44 17 27 46 7 24 32 44 
23 29 22 47 30 34 8 31 41 10 21 11 43 26 11 17 27 41 43 0 6 35 48 22 16 36 39 6 6 22 31 29 43 33 33 23 41 37 31 38 5 50 23 22 30 18 19 36 21 16 11 
29 32 27 48 36 35 14 32 43 17 26 18 46 33 16 21 34 45 49 6 0 37 50 28 22 41 45 4 10 28 31 36 47 40 37 28 43 39 35 45 6 51 25 20 35 22 16 41 28 22 9 
39 5 18 12 34 8 28 9 8 36 51 31 10 34 42 18 40 10 28 35 37 0 13 20 41 16 35 40 41 42 9 35 17 37 8 19 6 3 6 34 31 14 11 22 13 17 26 23 31 36 28 
50 19 30 2 44 16 42 19 8 49 64 44 10 45 55 31 51 13 33 48 50 13 0 32 54 23 42 53 54 54 19 45 19 47 17 31 7 11 18 42 44 1 25 33 23 30 37 31 43 49 41 
18 15 2 32 15 25 14 24 29 19 32 14 23 14 25 8 19 21 20 22 28 20 32 0 22 14 19 29 26 21 23 15 21 18 14 1 27 23 14 19 22 34 13 26 9 8 27 13 10 17 24 
9 35 23 53 20 43 14 41 49 6 9 9 46 16 7 23 14 44 38 16 22 41 54 22 0 36 30 20 13 6 40 19 42 22 36 23 48 44 35 29 21 56 30 36 31 24 34 32 13 5 27 
30 15 14 23 22 24 28 24 23 33 46 28 12 23 39 20 29 10 11 36 41 16 23 14 36 0 19 43 41 34 24 22 6 24 8 13 21 19 10 19 35 24 18 33 6 18 36 8 23 30 35 
20 31 21 43 10 42 31 41 42 30 38 27 32 13 36 28 16 29 11 39 45 35 42 19 30 19 0 45 40 25 40 11 23 8 26 20 40 38 28 0 40 44 32 46 21 28 47 11 17 25 43 
28 35 29 52 36 38 15 35 46 15 23 18 48 32 13 23 33 47 50 6 4 40 53 29 20 43 45 0 7 26 35 35 49 39 39 30 46 42 37 45 9 55 28 24 37 25 20 42 27 21 13 
21 35 27 53 30 40 12 38 48 9 15 13 48 27 6 22 26 46 46 6 10 41 54 26 13 41 40 7 0 19 37 30 47 34 39 27 47 43 37 40 12 56 29 28 35 24 25 39 22 15 18 
4 36 23 53 15 45 18 43 50 11 13 12 45 11 13 25 8 43 34 22 28 42 54 21 6 34 25 26 19 0 42 14 40 16 36 22 48 45 35 24 26 56 32 40 30 25 38 28 11 6 31 
40 9 21 17 38 3 26 0 11 35 50 31 19 37 40 17 42 20 36 31 31 9 19 23 40 24 40 35 37 42 0 38 26 41 15 22 12 9 13 40 26 20 10 14 19 17 18 30 33 36 22 
9 30 17 45 1 40 22 39 43 20 27 17 35 2 25 22 6 32 20 29 36 35 45 15 19 22 11 35 30 14 38 0 28 4 27 16 41 38 28 10 32 46 28 40 21 22 40 16 8 15 35 
36 18 20 20 27 25 35 26 22 40 52 35 9 29 46 26 35 7 13 43 47 17 19 21 42 6 23 49 47 40 26 28 0 29 11 20 19 19 14 23 41 21 23 37 12 24 40 13 29 37 41 
13 33 20 47 4 43 26 42 45 24 30 21 36 7 29 26 8 34 19 33 40 37 47 18 22 24 8 39 34 16 41 4 29 0 29 19 43 40 30 8 36 48 31 44 23 26 44 16 12 18 40 
32 6 13 17 26 16 26 16 15 32 46 27 9 27 38 16 33 7 20 33 37 8 17 14 36 8 26 39 39 36 15 27 11 29 0 13 13 11 2 26 31 19 12 26 6 14 29 15 25 31 30 
19 14 1 30 15 24 15 23 27 20 33 15 22 15 26 8 20 20 20 23 28 19 31 1 23 13 20 30 27 22 22 16 20 19 13 0 26 22 12 19 23 33 12 26 8 8 27 13 12 18 24 
45 12 25 5 40 9 35 12 2 43 58 38 10 40 49 25 46 12 32 41 43 6 7 27 48 21 40 46 47 48 12 41 19 43 13 26 0 3 13 40 37 8 18 26 19 24 30 29 38 43 34 
42 8 21 9 37 7 31 9 5 39 54 34 11 37 45 21 43 12 31 37 39 3 11 23 44 19 38 42 43 45 9 38 19 40 11 22 3 0 10 37 33 12 14 23 16 20 27 26 34 39 30 
32 4 12 17 27 14 24 13 15 31 45 26 11 27 37 14 33 10 22 31 35 6 18 14 35 10 28 37 37 35 13 28 14 30 2 12 13 10 0 27 28 20 9 23 6 13 26 17 25 30 27 
20 31 21 42 9 41 30 41 42 30 37 26 31 13 35 28 16 29 11 38 45 34 42 19 29 19 0 45 40 24 40 10 23 8 26 19 40 37 27 0 40 43 31 45 21 27 46 11 17 25 43 
27 26 22 42 32 29 9 26 37 15 27 15 40 29 17 15 31 38 43 5 6 31 44 22 21 35 40 9 12 26 26 32 41 36 31 23 37 33 28 40 0 45 19 16 29 16 13 36 24 20 5 
52 20 32 3 46 17 43 20 9 51 65 46 12 47 57 33 52 14 34 50 51 14 1 34 56 24 44 55 56 56 20 46 21 48 19 33 8 12 20 43 45 0 26 34 25 32 39 32 44 50 42 
29 6 11 23 28 13 17 11 19 25 40 20 20 26 30 7 32 19 29 23 25 11 25 13 30 18 32 28 29 32 10 28 23 31 12 12 18 14 9 31 19 26 0 15 12 6 17 22 22 26 18 
39 19 24 31 40 16 21 14 25 30 43 27 32 38 33 17 42 32 44 22 20 22 33 26 36 33 46 24 28 40 14 40 37 44 26 26 26 23 23 45 16 34 15 0 27 18 4 38 33 33 11 
27 10 8 23 20 20 22 20 21 28 41 23 14 21 34 13 27 12 17 30 35 13 23 9 31 6 21 37 35 30 19 21 12 23 6 8 19 16 6 21 29 25 12 27 0 12 30 10 19 26 29 
23 11 6 29 22 19 11 17 25 19 33 14 24 21 24 1 25 22 27 18 22 17 30 8 24 18 28 25 24 25 17 22 24 26 14 8 24 20 13 27 16 32 6 18 12 0 19 20 16 19 17 
38 22 25 35 40 21 19 18 29 27 40 25 36 38 30 18 41 36 46 19 16 26 37 27 34 36 47 20 25 38 18 40 40 44 29 27 30 27 26 46 13 39 17 4 30 19 0 39 33 31 7 
24 21 14 31 15 31 27 31 31 30 41 25 20 17 36 21 22 18 7 36 41 23 31 13 32 8 11 42 39 28 30 16 13 16 15 13 29 26 17 11 36 32 22 38 10 20 39 0 18 26 37 
7 26 12 42 8 35 14 34 39 13 23 9 34 5 18 16 9 31 24 21 28 31 43 10 13 23 17 27 22 11 33 8 29 12 25 12 38 34 25 17 24 44 22 33 19 16 33 18 0 8 27 
7 30 18 48 15 39 11 37 44 5 15 5 40 12 10 18 11 38 32 16 22 36 49 17 5 30 25 21 15 6 36 15 37 18 31 18 43 39 30 25 20 50 26 33 26 19 31 26 8 0 25 
31 24 23 39 36 25 13 22 33 20 33 19 38 33 22 15 36 37 44 11 9 28 41 24 27 35 43 13 18 31 22 35 41 40 30 24 34 30 27 43 5 42 18 11 29 17 7 37 27 25 0 
0 600
238 538
195 495
176 476
132 432
100 400
117 417
209 509
258 558
74 374
126 426
57 357
242 542
23 323
177 477
257 557
129 429
210 510
146 446
216 516
114 414
179 479
128 428
117 417
288 588
220 520
125 425
42 342
122 422
207 507
180 480
157 457
88 388
134 434
177 477
45 345
246 546
297 597
281 581
194 494
198 498
162 462
218 518
230 530
3 303
119 419
129 429
221 521
4 304
204 504
261 561
