51
0 16 27 21 15 25 33 32 34 22 28 28 8 35 24 26 35 21 19 9 12 21 28 25 17 10 7 34 5 10 27 0 7 11 20 26 15 37 44 18 32 23 18 39 8 26 12 19 13 18 29 
16 0 38 32 7 10 39 46 48 35 37 43 8 27 8 33 47 34 23 24 28 36 40 8 30 16 22 32 13 19 41 17 22 26 32 28 29 43 41 29 28 37 13 35 13 30 18 8 24 34 12 
27 38 0 6 41 40 10 10 13 8 4 16 32 35 43 6 9 6 17 18 20 14 3 44 11 38 21 24 26 38 9 27 20 18 8 17 13 12 31 9 27 8 27 30 25 13 40 33 39 29 48 
21 32 6 0 35 34 13 14 17 6 7 17 26 32 38 6 14 3 12 12 15 12 8 38 7 32 15 23 20 32 11 21 14 13 3 14 8 16 31 3 24 8 22 28 19 11 34 28 33 25 42 
15 7 41 35 0 17 44 48 50 37 41 44 8 34 13 37 49 36 27 24 28 37 42 13 31 10 22 39 14 14 42 16 23 27 34 33 30 48 48 31 35 38 19 42 16 35 12 15 18 32 17 
25 10 40 34 17 0 38 49 52 39 38 48 17 19 5 34 49 37 22 29 35 41 42 6 34 26 29 27 20 29 44 25 29 32 35 26 33 42 35 31 22 41 12 29 18 29 29 6 34 43 8 
33 39 10 13 44 38 0 20 22 18 6 26 35 28 43 7 17 16 16 25 28 24 14 44 20 43 27 16 30 44 20 32 27 26 16 12 21 4 21 15 20 19 26 21 28 9 45 33 45 38 46 
32 46 10 14 48 49 20 0 2 10 14 9 39 46 52 17 4 12 27 23 21 12 7 53 16 42 25 35 33 41 5 32 25 21 13 28 17 20 41 17 38 9 37 40 33 24 44 42 41 27 56 
34 48 13 17 50 52 22 2 0 12 17 9 41 48 55 20 6 14 30 25 23 13 9 55 18 44 27 38 35 43 7 34 27 23 16 30 19 23 44 20 40 11 39 43 35 27 45 45 42 27 59 
22 35 8 6 37 39 18 10 12 0 11 10 28 38 42 12 12 2 18 12 12 6 6 42 5 32 15 30 22 31 5 21 14 11 3 21 7 20 37 8 31 1 27 35 22 17 34 32 32 21 46 
28 37 4 7 41 38 6 14 17 11 0 20 32 31 42 3 12 9 15 19 22 17 8 43 14 39 22 20 26 39 13 27 21 20 10 13 15 9 27 9 23 12 25 26 24 9 41 32 40 32 46 
28 43 16 17 44 48 26 9 9 10 20 0 35 49 51 22 13 13 29 19 16 7 12 51 14 37 21 40 30 35 6 27 21 17 14 31 15 28 47 18 42 8 37 45 31 28 38 42 34 19 55 
8 8 32 26 8 17 35 39 41 28 32 35 0 31 17 29 40 27 20 16 20 28 34 17 23 10 14 33 6 12 33 8 14 18 25 26 21 40 42 23 30 30 14 37 7 27 12 12 16 26 21 
35 27 35 32 34 19 28 46 48 38 31 49 31 0 25 28 44 35 19 34 40 43 39 25 36 41 35 12 29 43 43 35 35 37 35 17 36 31 17 30 8 40 17 11 26 21 43 19 47 50 26 
24 8 43 38 13 5 43 52 55 42 42 51 17 25 0 38 53 40 27 31 36 43 46 0 37 24 30 33 21 27 47 25 30 34 38 31 36 47 41 35 28 43 16 35 19 34 26 10 31 43 4 
26 33 6 6 37 34 7 17 20 12 3 22 29 28 38 0 16 9 11 17 21 18 10 39 13 36 20 18 23 36 15 25 19 18 9 10 14 11 25 7 20 13 22 23 21 6 38 28 38 31 42 
35 47 9 14 49 49 17 4 6 12 12 13 40 44 53 16 0 13 27 25 24 16 6 53 18 45 27 33 34 44 9 34 27 24 15 26 19 17 38 18 36 11 37 38 34 22 46 43 44 31 57 
21 34 6 3 36 37 16 12 14 2 9 13 27 35 40 9 13 0 16 12 13 8 6 41 5 32 14 27 21 31 7 21 14 11 1 18 6 19 35 5 28 4 25 32 20 15 33 30 32 22 44 
19 23 17 12 27 22 16 27 30 18 15 29 20 19 27 11 27 16 0 15 21 23 20 27 16 29 17 15 15 30 24 19 16 18 15 6 16 20 24 10 14 20 10 19 12 7 31 16 33 31 30 
9 24 18 12 24 29 25 23 25 12 19 19 16 34 31 17 25 12 15 0 6 12 18 32 7 20 2 30 10 19 17 9 2 3 10 21 5 28 39 9 29 13 19 35 11 19 21 23 20 16 35 
12 28 20 15 28 35 28 21 23 12 22 16 20 40 36 21 24 13 21 6 0 9 19 37 8 21 6 35 15 19 16 11 6 3 12 26 6 32 45 13 35 13 25 41 17 24 22 28 19 10 41 
21 36 14 12 37 41 24 12 13 6 17 7 28 43 43 18 16 8 23 12 9 0 11 44 7 30 14 35 22 29 7 20 14 9 8 26 7 26 43 12 36 5 30 41 23 23 31 35 28 15 48 
28 40 3 8 42 42 14 7 9 6 8 12 34 39 46 10 6 6 20 18 19 11 0 47 11 39 21 28 28 38 6 27 21 18 8 21 13 15 35 11 31 6 30 34 27 17 40 36 38 27 50 
25 8 44 38 13 6 44 53 55 42 43 51 17 25 0 39 53 41 27 32 37 44 47 0 38 24 31 34 21 27 48 25 30 35 39 32 36 48 41 35 29 44 17 35 20 34 26 11 32 43 4 
17 30 11 7 31 34 20 16 18 5 14 14 23 36 37 13 18 5 16 7 8 7 11 38 0 27 9 29 17 26 10 16 9 6 3 20 1 23 37 6 29 6 23 34 17 17 28 28 27 18 41 
10 16 38 32 10 26 43 42 44 32 39 37 10 41 24 36 45 32 29 20 21 30 39 24 27 0 17 43 13 3 37 11 18 21 30 35 25 47 52 29 40 33 24 47 16 36 2 22 7 22 27 
7 22 21 15 22 29 27 25 27 15 22 21 14 35 30 20 27 14 17 2 6 14 21 31 9 17 0 32 9 16 19 6 0 4 13 23 8 31 41 12 31 16 19 37 11 22 19 22 18 15 34 
34 32 24 23 39 27 16 35 38 30 20 40 33 12 33 18 33 27 15 30 35 35 28 34 29 43 32 0 29 44 34 34 31 32 27 9 29 18 9 23 5 31 19 5 26 12 45 24 47 46 36 
5 13 26 20 14 20 30 33 35 22 26 30 6 29 21 23 34 21 15 10 15 22 28 21 17 13 9 29 0 14 27 5 9 13 19 22 15 34 39 17 27 23 12 34 3 22 16 14 18 22 25 
10 19 38 32 14 29 44 41 43 31 39 35 12 43 27 36 44 31 30 19 19 29 38 27 26 3 16 44 14 0 35 11 17 20 29 36 24 48 54 29 41 32 26 48 18 36 2 25 4 19 31 
27 41 9 11 42 44 20 5 7 5 13 6 33 43 47 15 9 7 24 17 16 7 6 48 10 37 19 34 27 35 0 26 19 15 9 25 12 21 41 13 35 3 32 39 28 21 38 38 35 22 52 
0 17 27 21 16 25 32 32 34 21 27 27 8 35 25 25 34 21 19 9 11 20 27 25 16 11 6 34 5 11 26 0 7 10 19 25 14 36 43 18 32 22 18 38 8 25 13 19 13 17 29 
7 22 20 14 23 29 27 25 27 14 21 21 14 35 30 19 27 14 16 2 6 14 21 30 9 18 0 31 9 17 19 7 0 4 12 22 7 31 41 12 30 15 19 36 10 21 19 22 18 15 34 
11 26 18 13 27 32 26 21 23 11 20 17 18 37 34 18 24 11 18 3 3 9 18 35 6 21 4 32 13 20 15 10 4 0 10 23 4 29 41 11 32 12 22 37 14 21 22 26 20 13 38 
20 32 8 3 34 35 16 13 16 3 10 14 25 35 38 9 15 1 15 10 12 8 8 39 3 30 13 27 19 29 9 19 12 10 0 18 5 20 35 4 28 5 23 32 19 14 32 29 30 21 43 
26 28 17 14 33 26 12 28 30 21 13 31 26 17 31 10 26 18 6 21 26 26 21 32 20 35 23 9 22 36 25 25 22 23 18 0 20 16 18 13 10 22 14 14 18 3 38 21 39 37 34 
15 29 13 8 30 33 21 17 19 7 15 15 21 36 36 14 19 6 16 5 6 7 13 36 1 25 8 29 15 24 12 14 7 4 5 20 0 25 38 7 29 8 22 35 16 18 27 27 25 17 40 
37 43 12 16 48 42 4 20 23 20 9 28 40 31 47 11 17 19 20 28 32 26 15 48 23 47 31 18 34 48 21 36 31 29 20 16 25 0 22 18 23 21 30 22 32 13 50 37 49 41 50 
44 41 31 31 48 35 21 41 44 37 27 47 42 17 41 25 38 35 24 39 45 43 35 41 37 52 41 9 39 54 41 43 41 41 35 18 38 22 0 31 12 39 28 6 35 20 55 33 57 55 42 
18 29 9 3 31 31 15 17 20 8 9 18 23 30 35 7 18 5 10 9 13 12 11 35 6 29 12 23 17 29 13 18 12 11 4 13 7 18 31 0 23 10 19 28 16 11 31 25 30 24 39 
32 28 27 24 35 22 20 38 40 31 23 42 30 8 28 20 36 28 14 29 35 36 31 29 29 40 31 5 27 41 35 32 30 32 28 10 29 23 12 23 0 33 15 7 23 13 42 20 45 45 31 
23 37 8 8 38 41 19 9 11 1 12 8 30 40 43 13 11 4 20 13 13 5 6 44 6 33 16 31 23 32 3 22 15 12 5 22 8 21 39 10 33 0 29 37 24 19 35 34 32 20 48 
18 13 27 22 19 12 26 37 39 27 25 37 14 17 16 22 37 25 10 19 25 30 30 17 23 24 19 19 12 26 32 18 19 22 23 14 22 30 28 19 15 29 0 22 9 17 27 6 30 34 20 
39 35 30 28 42 29 21 40 43 35 26 45 37 11 35 23 38 32 19 35 41 41 34 35 34 47 37 5 34 48 39 38 36 37 32 14 35 22 6 28 7 37 22 0 30 17 49 27 52 51 36 
8 13 25 19 16 18 28 33 35 22 24 31 7 26 19 21 34 20 12 11 17 23 27 20 17 16 11 26 3 18 28 8 10 14 19 18 16 32 35 16 23 24 9 30 0 19 19 11 21 25 24 
26 30 13 11 35 29 9 24 27 17 9 28 27 21 34 6 22 15 7 19 24 23 17 34 17 36 22 12 22 36 21 25 21 21 14 3 18 13 20 11 13 19 17 17 19 0 38 23 39 35 37 
12 18 40 34 12 29 45 44 45 34 41 38 12 43 26 38 46 33 31 21 22 31 40 26 28 2 19 45 16 2 38 13 19 22 32 38 27 50 55 31 42 35 27 49 19 38 0 25 6 22 29 
19 8 33 28 15 6 33 42 45 32 32 42 12 19 10 28 43 30 16 23 28 35 36 11 28 22 22 24 14 25 38 19 22 26 29 21 27 37 33 25 20 34 6 27 11 23 25 0 29 36 14 
13 24 39 33 18 34 45 41 42 32 40 34 16 47 31 38 44 32 33 20 19 28 38 32 27 7 18 47 18 4 35 13 18 20 30 39 25 49 57 30 45 32 30 52 21 39 6 29 0 17 35 
18 34 29 25 32 43 38 27 27 21 32 19 26 50 43 31 31 22 31 16 10 15 27 43 18 22 15 46 22 19 22 17 15 13 21 37 17 41 55 24 45 20 34 51 25 35 22 36 17 0 47 
29 12 48 42 17 8 46 56 59 46 46 55 21 26 4 42 57 44 30 35 41 48 50 4 41 27 34 36 25 31 52 29 34 38 43 34 40 50 42 39 31 48 20 36 24 37 29 14 35 47 0 
0 546
260 478
136 354
223 441
97 315
211 429
255 473
72 290
264 482
255 473
284 502
307 525
308 526
60 278
94 312
122 340
229 447
53 271
269 487
203 421
243 461
166 384
158 376
209 427
20 238
53 271
310 528
74 292
12 230
10 228
103 321
248 466
121 339
272 490
206 424
104 322
85 303
199 417
140 358
267 485
260 478
135 353
67 285
270 488
262 480
250 468
230 448
283 501
267 485
98 316
295 513
