51
0 35 32 5 24 18 23 18 16 37 23 34 25 29 16 2 31 17 16 31 29 7 22 19 24 26 22 15 11 37 14 30 9 34 38 24 13 15 38 23 15 25 19 24 18 24 15 29 18 14 12 
35 0 31 33 13 40 56 41 39 39 58 37 36 6 32 36 44 35 28 7 14 28 57 45 37 27 14 40 35 8 37 39 40 36 3 14 42 44 5 54 33 60 27 40 40 29 36 6 28 22 23 
32 31 0 35 21 20 40 22 21 8 46 6 51 29 16 31 16 46 15 34 16 31 47 51 51 6 21 47 22 25 44 10 28 4 31 34 46 48 29 37 43 47 13 16 21 8 44 27 42 21 29 
5 33 35 0 24 24 28 23 22 41 26 38 19 27 21 7 36 12 20 28 30 5 25 15 18 29 22 11 17 36 9 34 14 38 37 21 10 12 37 28 10 29 22 29 23 27 9 28 13 16 10 
24 13 21 24 0 27 44 28 26 29 46 26 33 8 19 24 32 29 15 13 7 18 46 38 33 15 2 32 22 12 30 27 27 25 15 13 33 36 14 41 27 48 14 27 27 17 30 7 24 10 13 
18 40 20 24 27 0 20 1 2 22 25 19 43 35 7 16 12 36 12 39 28 23 27 37 43 17 26 34 7 38 33 13 10 20 42 35 32 33 41 16 34 26 13 6 0 14 34 34 35 18 24 
23 56 40 28 44 20 0 18 20 40 8 38 46 51 26 22 29 38 30 54 46 31 11 33 45 37 42 34 21 56 34 32 16 40 59 48 30 29 58 3 38 7 32 25 19 34 35 50 41 33 35 
18 41 22 23 28 1 18 0 2 23 24 21 43 36 8 16 13 35 13 40 29 23 25 36 42 18 27 33 7 39 32 15 9 22 44 36 31 32 42 15 33 24 14 7 1 15 33 35 35 19 24 
16 39 21 22 26 2 20 2 0 23 25 20 41 34 6 14 14 34 11 38 27 21 26 35 41 16 24 32 5 36 31 14 9 21 41 34 30 31 39 17 32 26 12 7 1 13 32 33 33 17 22 
37 39 8 41 29 22 40 23 23 0 47 3 58 37 20 35 12 52 21 42 24 38 49 56 58 14 30 52 26 32 50 8 31 3 39 42 51 53 37 37 49 48 19 16 22 14 51 35 49 28 36 
23 58 46 26 46 25 8 24 25 47 0 45 42 52 31 22 36 35 34 54 49 31 3 28 41 41 44 30 25 58 30 39 19 46 61 48 25 24 60 11 34 2 36 31 25 39 31 52 39 35 35 
34 37 6 38 26 19 38 21 20 3 45 0 55 35 17 32 11 49 18 40 22 34 46 53 55 11 27 49 23 31 47 6 28 1 38 39 48 49 35 35 46 45 16 13 20 10 47 33 46 24 33 
25 36 51 19 33 43 46 43 41 58 42 55 0 31 39 27 55 7 37 29 40 20 39 15 1 45 32 11 36 43 11 53 34 55 40 23 16 18 41 46 9 44 39 48 43 44 10 33 9 30 22 
29 6 29 27 8 35 51 36 34 37 52 35 31 0 28 30 41 29 23 5 13 22 51 39 32 24 9 34 30 11 31 36 34 34 9 8 35 38 10 49 27 54 23 36 36 26 30 2 23 17 17 
16 32 16 21 19 7 26 8 6 20 31 17 39 28 0 15 15 32 4 32 20 18 31 35 39 10 18 32 6 30 30 13 12 17 35 28 30 32 33 23 30 32 5 9 8 8 31 27 30 11 18 
2 36 31 7 24 16 22 16 14 35 22 32 27 30 15 0 29 19 15 32 29 9 21 20 26 24 22 17 10 37 16 28 7 33 39 26 15 17 38 21 17 24 18 22 16 23 17 30 20 14 13 
31 44 16 36 32 12 29 13 14 12 36 11 55 41 15 29 0 48 19 45 30 34 38 49 54 17 31 46 19 39 45 5 23 13 45 43 44 45 43 25 45 36 18 6 13 14 45 39 46 26 34 
17 35 46 12 29 36 38 35 34 52 35 49 7 29 32 19 48 0 31 28 37 14 33 10 6 39 28 5 29 40 4 46 27 49 39 21 9 12 40 39 2 37 33 41 35 38 3 31 6 25 17 
16 28 15 20 15 12 30 13 11 21 34 18 37 23 4 15 19 31 0 27 16 16 34 35 37 9 13 31 8 26 29 15 14 18 30 24 30 32 28 27 28 35 2 13 12 7 29 22 28 7 15 
31 7 34 28 13 39 54 40 38 42 54 40 29 5 32 32 45 28 27 0 18 23 53 39 29 29 14 33 33 15 30 41 37 39 11 7 35 38 13 52 26 56 27 40 39 31 30 7 21 21 18 
29 14 16 30 7 28 46 29 27 24 49 22 40 13 20 29 30 37 16 18 0 24 50 44 41 12 8 39 24 10 37 24 30 21 15 19 40 42 13 44 34 51 14 26 28 15 36 11 31 14 20 
7 28 31 5 18 23 31 23 21 38 31 34 20 22 18 9 34 14 16 23 24 0 30 20 20 25 16 15 15 31 13 32 15 34 32 17 15 17 31 30 11 33 18 27 22 24 13 22 12 11 5 
22 57 47 25 46 27 11 25 26 49 3 46 39 51 31 21 38 33 34 53 50 30 0 25 38 42 44 27 26 58 28 41 19 48 61 47 23 21 60 14 32 5 36 33 26 40 29 52 37 35 34 
19 45 51 15 38 37 33 36 35 56 28 53 15 39 35 20 49 10 35 39 44 20 25 0 14 44 36 5 30 50 8 49 26 53 49 31 5 4 50 35 12 30 37 42 36 43 8 40 17 31 24 
24 37 51 18 33 43 45 42 41 58 41 55 1 32 39 26 54 6 37 29 41 20 38 14 0 44 32 11 35 43 10 52 33 55 41 23 15 17 42 45 8 43 39 47 42 44 9 34 9 30 22 
26 27 6 29 15 17 37 18 16 14 41 11 45 24 10 24 17 39 9 29 12 25 42 44 44 0 16 40 16 22 38 11 23 10 28 28 39 41 26 34 36 43 6 14 17 3 38 22 35 14 22 
22 14 21 22 2 26 42 27 24 30 44 27 32 9 18 22 31 28 13 14 8 16 44 36 32 16 0 30 21 14 28 27 25 26 17 12 31 34 16 40 25 46 13 26 26 17 28 8 22 8 11 
15 40 47 11 32 34 34 33 32 52 30 49 11 34 32 17 46 5 31 33 39 15 27 5 11 40 30 0 27 44 2 46 24 49 43 26 4 6 44 35 7 32 33 40 34 39 3 35 12 26 19 
11 35 22 17 22 7 21 7 5 26 25 23 36 30 6 10 19 29 8 33 24 15 26 30 35 16 21 27 0 34 26 18 6 23 38 29 25 27 36 19 26 26 10 12 7 14 26 29 28 12 17 
37 8 25 36 12 38 56 39 36 32 58 31 43 11 30 37 39 40 26 15 10 31 58 50 43 22 14 44 34 0 42 34 39 29 7 20 45 48 4 53 38 60 24 36 38 25 41 9 34 22 25 
14 37 44 9 30 33 34 32 31 50 30 47 11 31 30 16 45 4 29 30 37 13 28 8 10 38 28 2 26 42 0 44 23 47 41 23 5 8 41 35 4 33 31 38 33 37 0 32 9 24 17 
30 39 10 34 27 13 32 15 14 8 39 6 53 36 13 28 5 46 15 41 24 32 41 49 52 11 27 46 18 34 44 0 23 7 40 39 44 45 38 29 43 39 14 7 14 10 44 34 44 23 31 
9 40 28 14 27 10 16 9 9 31 19 28 34 34 12 7 23 27 14 37 30 15 19 26 33 23 25 24 6 39 23 23 0 29 43 31 21 22 41 15 25 20 17 16 10 20 24 33 27 17 19 
34 36 4 38 25 20 40 22 21 3 46 1 55 34 17 33 13 49 18 39 21 34 48 53 55 10 26 49 23 29 47 7 29 0 36 38 48 50 33 36 46 47 16 14 21 10 47 32 45 24 32 
38 3 31 37 15 42 59 44 41 39 61 38 40 9 35 39 45 39 30 11 15 32 61 49 41 28 17 43 38 7 41 40 43 36 0 17 45 48 3 57 37 63 29 42 43 31 40 9 32 25 26 
24 14 34 21 13 35 48 36 34 42 48 39 23 8 28 26 43 21 24 7 19 17 47 31 23 28 12 26 29 20 23 39 31 38 17 0 28 31 18 46 19 50 25 37 35 29 23 10 14 17 12 
13 42 46 10 33 32 30 31 30 51 25 48 16 35 30 15 44 9 30 35 40 15 23 5 15 39 31 4 25 45 5 44 21 48 45 28 0 2 46 31 10 28 32 37 31 37 6 36 15 26 20 
15 44 48 12 36 33 29 32 31 53 24 49 18 38 32 17 45 12 32 38 42 17 21 4 17 41 34 6 27 48 8 45 22 50 48 31 2 0 48 30 13 26 34 39 32 39 9 39 18 28 22 
38 5 29 37 14 41 58 42 39 37 60 35 41 10 33 38 43 40 28 13 13 31 60 50 42 26 16 44 36 4 41 38 41 33 3 18 46 48 0 56 37 62 27 40 41 28 41 9 33 24 26 
23 54 37 28 41 16 3 15 17 37 11 35 46 49 23 21 25 39 27 52 44 30 14 35 45 34 40 35 19 53 35 29 15 36 57 46 31 30 56 0 38 11 29 21 16 31 36 48 41 31 34 
15 33 43 10 27 34 38 33 32 49 34 46 9 27 30 17 45 2 28 26 34 11 32 12 8 36 25 7 26 38 4 43 25 46 37 19 10 13 37 38 0 37 30 39 33 35 3 28 5 22 14 
25 60 47 29 48 26 7 24 26 48 2 45 44 54 32 24 36 37 35 56 51 33 5 30 43 43 46 32 26 60 33 39 20 47 63 50 28 26 62 11 37 0 37 32 25 40 34 54 41 37 37 
19 27 13 22 14 13 32 14 12 19 36 16 39 23 5 18 18 33 2 27 14 18 36 37 39 6 13 33 10 24 31 14 17 16 29 25 32 34 27 29 30 37 0 12 13 5 31 22 30 9 17 
24 40 16 29 27 6 25 7 7 16 31 13 48 36 9 22 6 41 13 40 26 27 33 42 47 14 26 40 12 36 38 7 16 14 42 37 37 39 40 21 39 32 12 0 6 11 39 35 39 20 27 
18 40 21 23 27 0 19 1 1 22 25 20 43 36 8 16 13 35 12 39 28 22 26 36 42 17 26 34 7 38 33 14 10 21 43 35 31 32 41 16 33 25 13 6 0 14 33 35 35 18 24 
24 29 8 27 17 14 34 15 13 14 39 10 44 26 8 23 14 38 7 31 15 24 40 43 44 3 17 39 14 25 37 10 20 10 31 29 37 39 28 31 35 40 5 11 14 0 37 24 35 14 22 
15 36 44 9 30 34 35 33 32 51 31 47 10 30 31 17 45 3 29 30 36 13 29 8 9 38 28 3 26 41 0 44 24 47 40 23 6 9 41 36 3 34 31 39 33 37 0 32 8 24 16 
29 6 27 28 7 34 50 35 33 35 52 33 33 2 27 30 39 31 22 7 11 22 52 40 34 22 8 35 29 9 32 34 33 32 9 10 36 39 9 48 28 54 22 35 35 24 32 0 24 16 17 
18 28 42 13 24 35 41 35 33 49 39 46 9 23 30 20 46 6 28 21 31 12 37 17 9 35 22 12 28 34 9 44 27 45 32 14 15 18 33 41 5 41 30 39 35 35 8 24 0 21 13 
14 22 21 16 10 18 33 19 17 28 35 24 30 17 11 14 26 25 7 21 14 11 35 31 30 14 8 26 12 22 24 23 17 24 25 17 26 28 24 31 22 37 9 20 18 14 24 16 21 0 8 
12 23 29 10 13 24 35 24 22 36 35 33 22 17 18 13 34 17 15 18 20 5 34 24 22 22 11 19 17 25 17 31 19 32 26 12 20 22 26 34 14 37 17 27 24 22 16 17 13 8 0 
0 300
55 145
121 211
97 187
209 299
138 228
12 102
27 117
114 204
180 270
74 164
11 101
6 96
85 175
150 240
158 248
197 287
1 91
27 117
133 223
18 108
5 95
11 101
160 250
33 123
152 242
90 180
108 198
167 257
189 279
135 225
172 262
19 109
55 145
205 295
60 150
105 195
31 121
159 249
62 152
120 210
39 129
196 286
71 161
108 198
60 150
74 164
206 296
111 201
60 150
127 217
