51
0 53 21 25 49 16 11 12 33 39 30 52 12 12 11 41 38 43 18 28 27 36 5 18 35 38 44 46 43 40 20 45 39 48 16 44 33 46 32 24 41 3 3 30 3 20 6 46 39 28 32 
53 0 44 30 5 49 42 48 20 42 24 3 50 45 43 25 18 45 50 34 34 19 58 39 45 45 9 24 10 20 34 24 18 14 53 18 37 39 23 31 28 55 51 39 56 41 50 9 26 33 33 
21 44 0 14 39 5 17 8 29 18 28 44 9 9 13 43 26 22 6 35 10 33 22 27 14 17 36 29 36 25 24 27 26 34 9 30 13 25 30 28 44 24 18 9 23 31 24 35 22 33 13 
25 30 14 0 25 18 15 17 14 22 14 30 19 15 13 30 13 27 20 24 7 19 29 20 22 23 22 21 21 14 15 19 14 23 22 19 14 25 16 17 31 27 22 13 28 24 25 21 15 22 11 
49 5 39 25 0 44 38 43 16 37 21 7 44 40 38 25 12 40 45 32 29 16 53 35 40 39 6 19 7 15 30 19 13 10 48 13 31 34 20 28 28 50 46 34 52 38 46 3 21 30 28 
16 49 5 18 44 0 16 4 32 23 30 49 4 6 11 45 31 27 2 35 15 36 16 26 19 21 40 35 40 31 24 33 31 40 4 35 18 31 32 29 46 19 14 15 18 30 21 40 28 34 19 
11 42 17 15 38 16 0 11 22 34 19 41 13 9 4 31 27 38 18 20 19 25 15 10 31 33 33 37 32 30 10 35 29 38 18 34 26 39 21 14 31 12 8 24 14 14 9 35 30 19 24 
12 48 8 17 43 4 11 0 30 27 28 47 1 3 8 42 31 31 6 31 16 34 13 22 23 25 39 36 38 31 21 34 31 40 6 36 21 34 30 25 42 15 9 18 15 26 16 39 29 30 21 
33 20 29 14 16 32 22 30 0 35 5 18 31 27 23 16 10 39 34 17 21 5 38 19 35 36 10 24 9 16 14 24 13 20 36 18 26 35 4 12 18 35 31 27 36 22 30 14 21 15 23 
39 42 18 22 37 23 34 27 35 0 37 44 27 27 30 51 27 4 23 47 15 40 40 42 5 3 37 20 37 22 37 18 25 29 26 24 8 8 38 40 53 42 36 10 42 46 42 34 16 45 11 
30 24 28 14 21 30 19 28 5 37 0 22 29 25 20 15 15 41 32 12 22 6 35 14 36 38 15 29 14 21 10 28 18 25 34 23 28 38 2 7 16 31 27 28 32 17 26 19 24 10 25 
52 3 44 30 7 49 41 47 18 44 22 0 49 45 41 22 18 47 50 31 35 16 57 36 46 46 8 26 8 22 32 27 19 17 53 20 38 41 21 29 24 53 49 40 55 38 48 10 28 30 34 
12 50 9 19 44 4 13 1 31 27 29 49 0 4 9 43 32 31 5 33 18 36 12 23 23 26 41 38 40 33 22 36 33 41 5 37 22 35 31 27 44 15 9 18 14 27 17 41 31 31 22 
12 45 9 15 40 6 9 3 27 27 25 45 4 0 5 39 28 31 8 28 15 31 14 19 23 26 36 35 36 29 18 33 29 38 9 34 20 34 27 22 39 15 9 17 15 23 15 37 28 27 20 
11 43 13 13 38 11 4 8 23 30 20 41 9 5 0 34 26 34 14 23 16 27 15 14 27 29 33 35 32 28 13 33 28 36 14 33 22 36 23 17 34 14 8 20 14 18 12 34 28 22 21 
41 25 43 30 25 45 31 42 16 51 15 22 43 39 34 0 26 56 47 13 37 12 46 22 52 53 19 40 19 33 21 40 29 33 49 34 43 52 13 16 2 41 39 43 43 22 35 25 38 13 40 
38 18 26 13 12 31 27 31 10 27 15 18 32 28 26 26 0 30 32 27 16 14 42 27 28 29 11 14 10 6 22 13 3 11 35 8 19 25 15 21 28 39 35 21 41 31 36 8 11 25 16 
43 45 22 27 40 27 38 31 39 4 41 47 31 31 34 56 30 0 26 52 20 44 44 46 8 5 41 22 41 25 42 21 28 31 30 27 13 7 43 44 58 46 41 14 46 51 47 37 19 50 16 
18 50 6 20 45 2 18 6 34 23 32 50 5 8 14 47 32 26 0 37 16 38 17 28 18 21 42 36 41 32 26 34 33 41 3 36 19 30 34 31 48 21 15 15 20 32 23 41 29 36 20 
28 34 35 24 32 35 20 31 17 47 12 31 33 28 23 13 27 52 37 0 31 15 33 9 46 48 25 41 24 33 11 40 30 37 38 35 38 50 12 7 12 28 27 38 30 9 22 30 36 1 35 
27 34 10 7 29 15 19 16 21 15 22 35 18 15 16 37 16 20 16 31 0 26 30 26 14 16 27 19 26 15 21 18 16 24 20 20 7 19 24 24 39 30 24 6 30 30 28 25 12 30 5 
36 19 33 19 16 36 25 34 5 40 6 16 36 31 27 12 14 44 38 15 26 0 41 20 40 41 10 28 9 20 16 28 17 22 40 22 31 40 4 13 14 37 34 32 39 22 32 15 25 14 28 
5 58 22 29 53 16 15 13 38 40 35 57 12 14 15 46 42 44 17 33 30 41 0 24 36 38 49 49 48 44 25 47 43 52 15 48 34 47 37 30 46 6 7 31 4 25 11 50 42 33 34 
18 39 27 20 35 26 10 22 19 42 14 36 23 19 14 22 27 46 28 9 26 20 24 0 40 42 29 40 28 32 5 38 30 38 29 36 33 46 15 7 22 18 17 32 20 4 13 33 34 9 31 
35 45 14 22 40 19 31 23 35 5 36 46 23 23 27 52 28 8 18 46 14 40 36 40 0 2 39 24 39 24 35 22 27 32 21 28 8 13 38 39 53 38 32 8 38 44 39 36 19 44 12 
38 45 17 23 39 21 33 25 36 3 38 46 26 26 29 53 29 5 21 48 16 41 38 42 2 0 40 23 39 24 37 21 27 31 24 27 9 11 39 40 54 41 35 9 40 46 41 36 18 46 13 
44 9 36 22 6 40 33 39 10 37 15 8 41 36 33 19 11 41 42 25 27 10 49 29 39 40 0 21 0 16 25 22 12 14 45 15 30 35 14 22 22 45 41 32 47 32 41 5 21 24 27 
46 24 29 21 19 35 37 36 24 20 29 26 38 35 35 40 14 22 36 41 19 28 49 40 24 23 21 0 22 7 34 1 10 9 39 6 17 15 29 35 42 49 43 21 49 44 46 16 6 39 15 
43 10 36 21 7 40 32 38 9 37 14 8 40 36 32 19 10 41 41 24 26 9 48 28 39 39 0 22 0 15 24 22 12 14 44 15 30 35 13 21 21 44 40 32 46 31 40 6 21 23 27 
40 20 25 14 15 31 30 31 16 22 21 22 33 29 28 33 6 25 32 33 15 20 44 32 24 24 16 7 15 0 27 7 3 8 35 4 16 19 21 27 35 42 37 19 43 36 39 11 5 31 13 
20 34 24 15 30 24 10 21 14 37 10 32 22 18 13 21 22 42 26 11 21 16 25 5 35 37 25 34 24 27 0 33 25 33 27 30 28 40 11 4 21 21 18 27 22 9 16 28 29 9 26 
45 24 27 19 19 33 35 34 24 18 28 27 36 33 33 40 13 21 34 40 18 28 47 38 22 21 22 1 22 7 33 0 10 10 37 6 15 14 28 34 42 47 41 19 48 42 45 16 5 38 13 
39 18 26 14 13 31 29 31 13 25 18 19 33 29 28 29 3 28 33 30 16 17 43 30 27 27 12 10 12 3 25 10 0 8 36 5 18 23 18 24 32 41 36 21 42 34 38 9 8 28 15 
48 14 34 23 10 40 38 40 20 29 25 17 41 38 36 33 11 31 41 37 24 22 52 38 32 31 14 9 14 8 33 10 8 0 44 4 24 24 25 32 36 50 45 27 51 42 47 8 13 35 21 
16 53 9 22 48 4 18 6 36 26 34 53 5 9 14 49 35 30 3 38 20 40 15 29 21 24 45 39 44 35 27 37 36 44 0 40 22 34 36 32 49 19 14 18 18 32 22 44 32 37 23 
44 18 30 19 13 35 34 36 18 24 23 20 37 34 33 34 8 27 36 35 20 22 48 36 28 27 15 6 15 4 30 6 5 4 40 0 20 21 23 30 36 47 41 23 47 39 43 9 8 34 17 
33 37 13 14 31 18 26 21 26 8 28 38 22 20 22 43 19 13 19 38 7 31 34 33 8 9 30 17 30 16 28 15 18 24 22 20 0 13 30 31 45 35 30 3 36 37 35 27 11 37 3 
46 39 25 25 34 31 39 34 35 8 38 41 35 34 36 52 25 7 30 50 19 40 47 46 13 11 35 15 35 19 40 14 23 24 34 21 13 0 39 42 54 49 43 16 49 50 48 31 14 48 14 
32 23 30 16 20 32 21 30 4 38 2 21 31 27 23 13 15 43 34 12 24 4 37 15 38 39 14 29 13 21 11 28 18 25 36 23 30 39 0 8 15 32 29 30 34 18 27 18 25 10 26 
24 31 28 17 28 29 14 25 12 40 7 29 27 22 17 16 21 44 31 7 24 13 30 7 39 40 22 35 21 27 4 34 24 32 32 30 31 42 8 0 17 25 23 30 27 9 19 26 30 5 28 
41 28 44 31 28 46 31 42 18 53 16 24 44 39 34 2 28 58 48 12 39 14 46 22 53 54 22 42 21 35 21 42 32 36 49 36 45 54 15 17 0 40 39 45 42 21 35 28 40 13 41 
3 55 24 27 50 19 12 15 35 42 31 53 15 15 14 41 39 46 21 28 30 37 6 18 38 41 45 49 44 42 21 47 41 50 19 47 35 49 32 25 40 0 5 32 2 19 5 47 42 27 35 
3 51 18 22 46 14 8 9 31 36 27 49 9 9 8 39 35 41 15 27 24 34 7 17 32 35 41 43 40 37 18 41 36 45 14 41 30 43 29 23 39 5 0 27 6 19 7 43 36 26 29 
30 39 9 13 34 15 24 18 27 10 28 40 18 17 20 43 21 14 15 38 6 32 31 32 8 9 32 21 32 19 27 19 21 27 18 23 3 16 30 30 45 32 27 0 32 36 32 30 14 36 5 
3 56 23 28 52 18 14 15 36 42 32 55 14 15 14 43 41 46 20 30 30 39 4 20 38 40 47 49 46 43 22 48 42 51 18 47 36 49 34 27 42 2 6 32 0 21 7 49 42 29 35 
20 41 31 24 38 30 14 26 22 46 17 38 27 23 18 22 31 51 32 9 30 22 25 4 44 46 32 44 31 36 9 42 34 42 32 39 37 50 18 9 21 19 19 36 21 0 14 36 38 9 35 
6 50 24 25 46 21 9 16 30 42 26 48 17 15 12 35 36 47 23 22 28 32 11 13 39 41 41 46 40 39 16 45 38 47 22 43 35 48 27 19 35 5 7 32 7 14 0 43 40 22 33 
46 9 35 21 3 40 35 39 14 34 19 10 41 37 34 25 8 37 41 30 25 15 50 33 36 36 5 16 6 11 28 16 9 8 44 9 27 31 18 26 28 47 43 30 49 36 43 0 17 29 24 
39 26 22 15 21 28 30 29 21 16 24 28 31 28 28 38 11 19 29 36 12 25 42 34 19 18 21 6 21 5 29 5 8 13 32 8 11 14 25 30 40 42 36 14 42 38 40 17 0 35 9 
28 33 33 22 30 34 19 30 15 45 10 30 31 27 22 13 25 50 36 1 30 14 33 9 44 46 24 39 23 31 9 38 28 35 37 34 37 48 10 5 13 27 26 36 29 9 22 29 35 0 34 
32 33 13 11 28 19 24 21 23 11 25 34 22 20 21 40 16 16 20 35 5 28 34 31 12 13 27 15 27 13 26 13 15 21 23 17 3 14 26 28 41 35 29 5 35 35 33 24 9 34 0 
0 519
223 326
45 148
384 487
396 499
70 173
282 385
157 260
129 232
347 450
142 245
42 145
40 143
42 145
31 134
244 347
295 398
47 150
13 116
131 234
327 430
95 198
39 142
202 305
230 333
20 123
146 249
130 233
8 111
65 168
250 353
375 478
266 369
213 316
23 126
8 111
192 295
53 156
294 397
49 152
211 314
279 382
362 465
110 213
334 437
352 455
233 336
344 447
33 136
266 369
225 328
