51
0 45 38 39 27 16 28 31 24 28 28 29 42 28 19 38 35 37 15 23 25 8 27 36 37 8 34 28 35 15 22 36 25 25 6 22 27 26 34 20 17 15 29 29 31 18 23 16 37 4 3 
45 0 9 14 39 34 42 13 21 47 17 28 11 23 29 14 23 16 33 47 34 41 23 11 11 52 10 27 30 56 41 9 40 26 50 48 29 39 16 24 47 36 42 39 40 53 48 44 8 47 45 
38 9 0 18 38 31 41 9 14 38 14 18 17 14 21 5 14 7 25 37 33 36 22 13 2 46 5 17 32 51 32 10 30 24 44 45 19 29 17 19 39 33 33 29 40 49 39 35 10 41 37 
39 14 18 0 26 25 29 13 22 51 12 33 3 28 29 23 31 25 32 49 22 33 13 6 20 45 15 32 16 48 43 8 43 15 44 36 34 42 4 20 47 27 46 44 27 43 50 44 8 41 40 
27 39 38 26 0 12 3 29 31 52 24 43 30 38 33 41 45 42 33 48 5 19 16 27 39 28 33 41 12 27 44 30 47 14 28 11 42 47 23 23 43 12 50 49 3 19 48 41 30 26 30 
16 34 31 25 12 0 14 22 20 39 16 31 28 27 21 33 35 33 20 35 8 9 12 23 31 20 25 30 18 22 32 24 34 9 20 14 30 34 20 12 31 2 38 37 16 18 36 29 26 16 19 
28 42 41 29 3 14 0 32 34 54 27 45 33 41 35 44 48 46 35 50 8 20 19 30 42 28 36 44 14 26 47 33 49 17 29 10 45 49 26 25 45 14 53 52 3 18 50 43 33 26 32 
31 13 9 13 29 22 32 0 10 38 5 20 13 15 17 12 19 14 21 36 24 28 13 6 10 39 3 19 24 43 31 5 31 15 37 36 21 29 10 11 36 24 34 31 31 40 38 32 6 34 32 
24 21 14 22 31 20 34 10 0 28 10 12 23 7 7 13 14 13 11 26 25 23 17 16 13 32 11 10 30 38 21 15 21 18 30 35 12 20 18 8 26 22 24 21 34 37 27 22 16 28 23 
28 47 38 51 52 39 54 38 28 0 38 19 52 23 21 34 25 32 19 5 48 35 43 45 36 35 38 20 55 43 7 43 7 43 32 50 18 8 47 32 12 39 5 9 56 47 6 11 44 32 25 
28 17 14 12 24 16 27 5 10 38 0 22 14 17 17 17 22 18 20 36 18 23 8 8 15 34 9 20 20 38 31 8 31 10 33 31 22 30 8 7 34 19 34 32 26 35 37 31 9 30 28 
29 28 18 33 43 31 45 20 12 19 22 0 34 5 10 15 7 13 13 19 37 31 29 27 16 37 19 1 42 44 14 25 12 30 35 45 1 10 30 20 22 32 14 11 46 45 21 19 26 33 27 
42 11 17 3 30 28 33 13 23 52 14 34 0 28 31 22 31 24 34 50 25 37 16 7 19 48 14 32 20 51 45 8 44 19 47 40 34 43 7 22 49 30 47 44 30 46 51 46 7 44 43 
28 23 14 28 38 27 41 15 7 23 17 5 28 0 9 11 7 10 12 23 33 29 24 22 12 36 14 3 37 43 17 20 16 25 34 42 5 15 25 15 25 28 19 15 41 43 24 21 21 32 26 
19 29 21 29 33 21 35 17 7 21 17 10 31 9 0 19 16 19 4 19 28 20 22 24 20 27 18 9 34 34 14 23 14 22 25 34 9 14 25 11 18 21 18 16 36 34 20 14 24 23 17 
38 14 5 23 41 33 44 12 13 34 17 15 22 11 19 0 9 2 23 34 36 37 25 17 3 46 9 13 37 52 29 15 27 27 44 47 16 25 22 20 36 34 29 25 44 50 36 33 15 41 37 
35 23 14 31 45 35 48 19 14 25 22 7 31 7 16 9 0 7 20 27 40 37 30 25 12 44 16 7 43 51 22 23 19 32 41 49 9 17 29 22 30 36 20 17 48 50 28 26 23 39 33 
37 16 7 25 42 33 46 14 13 32 18 13 24 10 19 2 7 0 22 33 37 37 27 19 5 46 10 12 38 52 27 17 25 28 44 48 14 24 24 21 35 35 27 23 45 50 34 31 17 41 36 
15 33 25 32 33 20 35 21 11 19 20 13 34 12 4 23 20 22 0 16 28 18 23 27 24 24 22 12 36 31 12 26 13 23 21 33 12 13 28 13 14 21 17 16 36 32 17 11 28 20 13 
23 47 37 49 48 35 50 36 26 5 36 19 50 23 19 34 27 33 16 0 44 30 40 43 36 30 36 20 52 37 5 42 7 39 27 45 18 9 44 30 6 35 8 11 51 42 1 6 43 27 19 
25 34 33 22 5 8 8 24 25 48 18 37 25 33 28 36 40 37 28 44 0 17 10 22 33 27 27 36 10 27 40 24 42 8 27 14 37 42 18 17 40 9 46 44 8 21 45 37 25 24 28 
8 41 36 33 19 9 20 28 23 35 23 31 37 29 20 37 37 37 18 30 17 0 20 31 36 11 31 30 27 15 28 32 31 18 10 14 30 32 29 17 25 7 35 35 22 13 31 24 33 7 11 
27 23 22 13 16 12 19 13 17 43 8 29 16 24 22 25 30 27 23 40 10 20 0 12 23 32 17 28 12 34 35 14 36 2 31 24 29 36 8 10 37 14 40 38 18 30 41 34 14 28 28 
36 11 13 6 27 23 30 6 16 45 8 27 7 22 24 17 25 19 27 43 22 31 12 0 14 42 8 25 20 46 38 2 37 14 41 36 27 36 4 15 42 25 40 38 29 42 44 39 3 38 36 
37 11 2 20 39 31 42 10 13 36 15 16 19 12 20 3 12 5 24 36 33 36 23 14 0 45 6 15 34 51 30 12 29 25 43 46 18 27 19 19 37 33 31 27 41 49 37 34 12 41 37 
8 52 46 45 28 20 28 39 32 35 34 37 48 36 27 46 44 46 24 30 27 11 32 42 45 0 42 37 38 7 29 43 33 29 2 19 36 34 40 27 23 18 36 37 31 13 30 24 44 4 11 
34 10 5 15 33 25 36 3 11 38 9 19 14 14 18 9 16 10 22 36 27 31 17 8 6 42 0 17 27 47 31 6 30 19 40 40 20 29 13 14 37 27 33 30 35 44 38 33 7 37 34 
28 27 17 32 41 30 44 19 10 20 20 1 32 3 9 13 7 12 12 20 36 30 28 25 15 37 17 0 40 44 15 24 13 28 34 44 2 12 28 18 23 31 15 12 44 44 22 19 24 32 26 
35 30 32 16 12 18 14 24 30 55 20 42 20 37 34 37 43 38 36 52 10 27 12 20 34 38 27 40 0 38 48 22 49 12 38 23 42 48 15 23 48 20 52 51 11 31 53 46 23 35 38 
15 56 51 48 27 22 26 43 38 43 38 44 51 43 34 52 51 52 31 37 27 15 34 46 51 7 47 44 38 0 37 47 41 32 10 16 43 42 43 32 31 20 44 45 29 8 37 31 48 11 18 
22 41 32 43 44 32 47 31 21 7 31 14 45 17 14 29 22 27 12 5 40 28 35 38 30 29 31 15 48 37 0 36 4 35 27 43 13 5 39 25 8 32 6 8 48 40 7 6 37 26 18 
36 9 10 8 30 24 33 5 15 43 8 25 8 20 23 15 23 17 26 42 24 32 14 2 12 43 6 24 22 47 36 0 36 16 41 38 26 35 7 16 41 27 39 36 31 43 43 38 1 38 36 
25 40 30 43 47 34 49 31 21 7 31 12 44 16 14 27 19 25 13 7 42 31 36 37 29 33 30 13 49 41 4 36 0 36 31 46 11 1 39 26 12 34 3 4 50 44 9 10 37 30 22 
25 26 24 15 14 9 17 15 18 43 10 30 19 25 22 27 32 28 23 39 8 18 2 14 25 29 19 28 12 32 35 16 36 0 29 22 30 36 11 10 36 11 40 38 16 27 41 34 17 26 27 
6 50 44 44 28 20 29 37 30 32 33 35 47 34 25 44 41 44 21 27 27 10 31 41 43 2 40 34 38 10 27 41 31 29 0 21 34 32 39 26 20 18 34 35 32 15 27 21 43 3 8 
22 48 45 36 11 14 10 36 35 50 31 45 40 42 34 47 49 48 33 45 14 14 24 36 46 19 40 44 23 16 43 38 46 22 21 0 44 46 32 27 39 13 50 49 13 8 45 39 39 19 26 
27 29 19 34 42 30 45 21 12 18 22 1 34 5 9 16 9 14 12 18 37 30 29 27 18 36 20 2 42 43 13 26 11 30 34 44 0 9 30 19 21 31 13 10 45 44 20 17 27 32 25 
26 39 29 42 47 34 49 29 20 8 30 10 43 15 14 25 17 24 13 9 42 32 36 36 27 34 29 12 48 42 5 35 1 36 32 46 9 0 39 25 14 34 4 3 50 44 11 11 36 31 23 
34 16 17 4 23 20 26 10 18 47 8 30 7 25 25 22 29 24 28 44 18 29 8 4 19 40 13 28 15 43 39 7 39 11 39 32 30 39 0 15 43 22 43 40 24 38 46 40 7 36 36 
20 24 19 20 23 12 25 11 8 32 7 20 22 15 11 20 22 21 13 30 17 17 10 15 19 27 14 18 23 32 25 16 26 10 26 27 19 25 15 0 27 14 29 28 26 30 31 24 17 23 21 
17 47 39 47 43 31 45 36 26 12 34 22 49 25 18 36 30 35 14 6 40 25 37 42 37 23 37 23 48 31 8 41 12 36 20 39 21 14 43 27 0 30 14 16 47 35 6 3 42 21 13 
15 36 33 27 12 2 14 24 22 39 19 32 30 28 21 34 36 35 21 35 9 7 14 25 33 18 27 31 20 20 32 27 34 11 18 13 31 34 22 14 30 0 38 37 16 16 36 29 28 15 18 
29 42 33 46 50 38 53 34 24 5 34 14 47 19 18 29 20 27 17 8 46 35 40 40 31 36 33 15 52 44 6 39 3 40 34 50 13 4 43 29 14 38 0 3 54 47 9 12 40 33 25 
29 39 29 44 49 37 52 31 21 9 32 11 44 15 16 25 17 23 16 11 44 35 38 38 27 37 30 12 51 45 8 36 4 38 35 49 10 3 40 28 16 37 3 0 53 48 13 14 37 34 26 
31 40 40 27 3 16 3 31 34 56 26 46 30 41 36 44 48 45 36 51 8 22 18 29 41 31 35 44 11 29 48 31 50 16 32 13 45 50 24 26 47 16 54 53 0 22 52 45 32 29 34 
18 53 49 43 19 18 18 40 37 47 35 45 46 43 34 50 50 50 32 42 21 13 30 42 49 13 44 44 31 8 40 43 44 27 15 8 44 44 38 30 35 16 47 48 22 0 42 35 44 14 22 
23 48 39 50 48 36 50 38 27 6 37 21 51 24 20 36 28 34 17 1 45 31 41 44 37 30 38 22 53 37 7 43 9 41 27 45 20 11 46 31 6 36 9 13 52 42 0 7 44 27 20 
16 44 35 44 41 29 43 32 22 11 31 19 46 21 14 33 26 31 11 6 37 24 34 39 34 24 33 19 46 31 6 38 10 34 21 39 17 11 40 24 3 29 12 14 45 35 7 0 39 21 13 
37 8 10 8 30 26 33 6 16 44 9 26 7 21 24 15 23 17 28 43 25 33 14 3 12 44 7 24 23 48 37 1 37 17 43 39 27 36 7 17 42 28 40 37 32 44 44 39 0 40 38 
4 47 41 41 26 16 26 34 28 32 30 33 44 32 23 41 39 41 20 27 24 7 28 38 41 4 37 32 35 11 26 38 30 26 3 19 32 31 36 23 21 15 33 34 29 14 27 21 40 0 7 
3 45 37 40 30 19 32 32 23 25 28 27 43 26 17 37 33 36 13 19 28 11 28 36 37 11 34 26 38 18 18 36 22 27 8 26 25 23 36 21 13 18 25 26 34 22 20 13 38 7 0 
0 491
14 210
91 287
54 250
191 387
32 228
229 425
14 210
119 315
147 343
111 307
178 374
191 387
130 326
17 213
203 399
104 300
292 488
166 362
87 283
162 358
230 426
3 199
293 489
119 315
127 323
282 478
32 228
262 458
136 332
185 381
268 464
239 435
165 361
194 390
189 385
37 233
135 331
289 485
164 360
255 451
51 247
26 222
1 197
161 357
272 468
75 271
222 418
67 263
104 300
54 250
