51
0 21 37 16 38 13 27 11 23 25 46 42 21 11 9 21 2 40 41 26 6 15 19 14 21 21 32 14 25 18 15 12 20 15 39 26 23 13 12 29 41 27 24 12 42 22 19 30 24 32 17 
21 0 22 12 46 15 35 18 11 6 50 37 9 33 20 28 24 34 46 14 16 8 5 18 17 10 34 13 5 3 28 30 26 17 34 8 15 27 10 9 22 6 19 17 28 35 25 13 9 17 38 
37 22 0 21 39 24 32 27 13 15 39 19 32 46 40 28 39 18 36 10 30 29 28 24 39 33 26 23 17 25 33 38 26 23 18 13 37 34 25 14 9 17 14 39 5 37 26 9 14 5 49 
16 12 21 0 34 4 23 7 7 11 39 28 19 25 20 16 18 26 35 10 9 12 14 6 24 19 23 2 11 11 17 19 14 5 26 11 24 16 5 15 25 15 9 20 25 23 13 14 9 16 30 
38 46 39 34 0 31 11 30 37 43 9 24 53 36 48 18 39 24 6 35 36 46 48 28 57 53 12 33 44 45 23 27 20 29 24 42 58 25 38 46 49 47 28 50 39 17 21 41 39 39 34 
13 15 24 4 31 0 20 3 11 15 37 29 21 21 19 12 15 27 32 13 7 14 17 3 25 21 21 2 15 14 12 15 11 2 26 15 26 12 6 20 29 19 11 20 28 19 10 18 13 20 26 
27 35 32 23 11 20 0 18 27 32 19 22 41 26 36 7 28 21 14 25 24 34 37 17 45 42 8 21 33 34 12 17 9 17 21 32 46 14 26 36 41 36 19 38 33 8 9 32 29 31 26 
11 18 27 7 30 3 18 0 15 19 36 30 23 18 19 11 13 28 32 16 6 16 19 3 26 23 21 5 19 17 9 12 9 4 28 19 27 8 8 23 33 22 13 20 31 16 9 22 16 23 22 
23 11 13 7 37 11 27 15 0 6 40 25 20 33 26 20 26 23 36 3 17 16 15 13 27 21 24 10 7 12 23 27 18 11 23 5 26 23 11 9 17 10 8 25 18 28 18 6 2 8 37 
25 6 15 11 43 15 32 19 6 0 46 31 16 36 26 26 28 28 42 8 19 14 12 17 24 17 31 13 1 9 28 31 24 16 28 1 21 28 12 4 16 3 14 24 21 34 23 6 3 10 41 
46 50 39 39 9 37 19 36 40 46 0 21 58 45 55 25 47 21 4 37 43 51 53 34 63 58 15 38 47 50 31 35 26 34 21 45 63 33 43 48 49 50 31 56 37 25 27 43 42 40 43 
42 37 19 28 24 29 22 30 25 31 21 0 46 46 49 23 44 2 19 22 36 41 41 27 52 47 14 29 32 38 31 36 23 26 2 29 51 32 34 31 29 34 18 49 17 30 23 26 28 22 47 
21 9 32 19 53 21 41 23 20 16 58 46 0 32 15 34 23 44 54 24 18 7 5 24 7 0 42 20 15 8 32 32 32 24 43 18 5 31 15 18 30 15 28 11 37 39 31 22 19 27 38 
11 33 46 25 36 21 26 18 33 36 45 46 32 0 18 23 9 44 41 35 17 26 30 21 31 32 34 23 35 30 15 9 23 22 44 36 34 13 23 40 51 38 32 22 49 19 22 40 34 41 6 
9 20 40 20 48 19 36 19 26 26 55 49 15 18 0 30 10 46 50 30 12 12 15 21 12 15 40 19 25 16 25 22 28 22 46 27 16 23 15 29 42 27 30 3 45 31 28 31 26 35 25 
21 28 28 16 18 12 7 11 20 26 25 23 34 23 30 0 22 22 20 20 17 27 30 9 38 34 11 14 27 27 7 13 2 10 21 25 39 9 19 30 36 30 14 31 30 8 2 26 23 26 24 
2 24 39 18 39 15 28 13 26 28 47 44 23 9 10 22 0 42 42 28 9 17 21 16 22 22 33 16 27 20 16 12 21 17 41 29 25 14 15 32 43 30 27 13 44 22 21 32 26 35 15 
40 34 18 26 24 27 21 28 23 28 21 2 44 44 46 22 42 0 19 20 34 39 39 25 50 44 13 27 30 36 29 35 21 24 0 27 49 31 32 30 27 32 16 46 16 29 22 24 25 20 46 
41 46 36 35 6 32 14 32 36 42 4 19 54 41 50 20 42 19 0 33 38 47 49 30 58 54 11 34 43 46 26 31 22 30 19 41 59 28 39 45 46 46 27 52 35 21 22 40 39 37 39 
26 14 10 10 35 13 25 16 3 8 37 22 24 35 30 20 28 20 33 0 19 20 19 14 31 25 22 12 10 16 24 28 17 12 19 7 29 24 14 11 16 12 6 29 15 28 17 6 5 6 39 
6 16 30 9 36 7 24 6 17 19 43 36 18 17 12 17 9 34 38 19 0 11 15 9 20 18 28 7 18 13 14 14 16 9 33 19 22 12 6 23 34 21 18 13 35 21 15 23 17 25 22 
15 8 29 12 46 14 34 16 16 14 51 41 7 26 12 27 17 39 47 20 11 0 3 17 11 7 36 13 13 4 25 25 25 17 38 15 11 24 8 17 30 14 22 9 34 32 24 20 15 24 32 
19 5 28 14 48 17 37 19 15 12 53 41 5 30 15 30 21 39 49 19 15 3 0 20 11 5 38 15 11 3 28 29 28 19 38 14 10 27 10 15 27 12 23 12 33 35 27 18 14 22 36 
14 18 24 6 28 3 17 3 13 17 34 27 24 21 21 9 16 25 30 14 9 17 20 0 28 24 19 4 18 17 10 13 8 1 25 17 29 10 9 22 30 21 10 22 28 16 7 20 15 21 24 
21 17 39 24 57 25 45 26 27 24 63 52 7 31 12 38 22 50 58 31 20 11 11 28 0 6 47 24 22 14 35 33 36 28 50 25 4 33 19 26 38 23 33 8 45 42 35 30 25 34 37 
21 10 33 19 53 21 42 23 21 17 58 47 0 32 15 34 22 44 54 25 18 7 5 24 6 0 43 20 16 8 33 32 32 24 44 19 4 31 15 19 31 16 28 11 38 39 32 23 19 27 38 
32 34 26 23 12 21 8 21 24 31 15 14 42 34 40 11 33 13 11 22 28 36 38 19 47 43 0 23 32 35 18 24 11 19 13 29 47 20 28 33 36 34 16 41 27 16 12 29 27 26 34 
14 13 23 2 33 2 21 5 10 13 38 29 20 23 19 14 16 27 34 12 7 13 15 4 24 20 23 0 13 12 14 17 12 3 26 14 24 14 5 18 27 17 10 19 27 21 11 16 11 18 27 
25 5 17 11 44 15 33 19 7 1 47 32 15 35 25 27 27 30 43 10 18 13 11 18 22 16 32 13 0 8 28 31 24 16 29 3 20 28 12 4 16 3 15 22 22 34 24 7 4 11 40 
18 3 25 11 45 14 34 17 12 9 50 38 8 30 16 27 20 36 46 16 13 4 3 17 14 8 35 12 8 0 26 27 25 16 35 11 13 25 8 13 25 10 20 14 30 33 24 16 11 20 35 
15 28 33 17 23 12 12 9 23 28 31 31 32 15 25 7 16 29 26 24 14 25 28 10 35 33 18 14 28 26 0 5 8 11 28 28 36 2 18 32 40 32 19 27 36 6 7 30 25 30 16 
12 30 38 19 27 15 17 12 27 31 35 36 32 9 22 13 12 35 31 28 14 25 29 13 33 32 24 17 31 27 5 0 13 15 34 31 36 4 19 35 44 34 23 25 41 10 13 33 28 35 11 
20 26 26 14 20 11 9 9 18 24 26 23 32 23 28 2 21 21 22 17 16 25 28 8 36 32 11 12 24 25 8 13 0 8 20 23 37 9 17 27 34 28 12 30 29 10 0 24 20 24 25 
15 17 23 5 29 2 17 4 11 16 34 26 24 22 22 10 17 24 30 12 9 17 19 1 28 24 19 3 16 16 11 15 8 0 24 16 28 11 8 20 29 20 9 22 27 17 8 18 13 19 26 
39 34 18 26 24 26 21 28 23 28 21 2 43 44 46 21 41 0 19 19 33 38 38 25 50 44 13 26 29 35 28 34 20 24 0 26 49 30 31 29 27 31 16 46 16 28 21 24 25 20 45 
26 8 13 11 42 15 32 19 5 1 45 29 18 36 27 25 29 27 41 7 19 15 14 17 25 19 29 14 3 11 28 31 23 16 26 0 23 28 13 4 14 5 13 25 19 33 23 4 2 8 41 
23 15 37 24 58 26 46 27 26 21 63 51 5 34 16 39 25 49 59 29 22 11 10 29 4 4 47 24 20 13 36 36 37 28 49 23 0 35 19 23 35 20 33 12 42 43 36 27 24 32 40 
13 27 34 16 25 12 14 8 23 28 33 32 31 13 23 9 14 31 28 24 12 24 27 10 33 31 20 14 28 25 2 4 9 11 30 28 35 0 17 32 41 31 19 25 37 8 9 30 25 31 15 
12 10 25 5 38 6 26 8 11 12 43 34 15 23 15 19 15 32 39 14 6 8 10 9 19 15 28 5 12 8 18 19 17 8 31 13 19 17 0 17 28 15 15 14 30 25 16 17 11 20 28 
29 9 14 15 46 20 36 23 9 4 48 31 18 40 29 30 32 30 45 11 23 17 15 22 26 19 33 18 4 13 32 35 27 20 29 4 23 32 17 0 12 3 17 27 19 38 27 5 7 9 45 
41 22 9 25 49 29 41 33 17 16 49 29 30 51 42 36 43 27 46 16 34 30 27 30 38 31 36 27 16 25 40 44 34 29 27 14 35 41 28 12 0 15 22 39 12 45 34 11 16 10 55 
27 6 17 15 47 19 36 22 10 3 50 34 15 38 27 30 30 32 46 12 21 14 12 21 23 16 34 17 3 10 32 34 28 20 31 5 20 31 15 3 15 0 18 24 22 38 27 8 7 12 44 
24 19 14 9 28 11 19 13 8 14 31 18 28 32 30 14 27 16 27 6 18 22 23 10 33 28 16 10 15 20 19 23 12 9 16 13 33 19 15 17 22 18 0 30 17 22 11 13 11 12 35 
12 17 39 20 50 20 38 20 25 24 56 49 11 22 3 31 13 46 52 29 13 9 12 22 8 11 41 19 22 14 27 25 30 22 46 25 12 25 14 27 39 24 30 0 44 34 29 29 24 33 28 
42 28 5 25 39 28 33 31 18 21 37 17 37 49 45 30 44 16 35 15 35 34 33 28 45 38 27 27 22 30 36 41 29 27 16 19 42 37 30 19 12 22 17 44 0 39 29 14 19 10 53 
22 35 37 23 17 19 8 16 28 34 25 30 39 19 31 8 22 29 21 28 21 32 35 16 42 39 16 21 34 33 6 10 10 17 28 33 43 8 25 38 45 38 22 34 39 0 10 35 31 34 18 
19 25 26 13 21 10 9 9 18 23 27 23 31 22 28 2 21 22 22 17 15 24 27 7 35 32 12 11 24 24 7 13 0 8 21 23 36 9 16 27 34 27 11 29 29 10 0 24 20 24 24 
30 13 9 14 41 18 32 22 6 6 43 26 22 40 31 26 32 24 40 6 23 20 18 20 30 23 29 16 7 16 30 33 24 18 24 4 27 30 17 5 11 8 13 29 14 35 24 0 5 4 44 
24 9 14 9 39 13 29 16 2 3 42 28 19 34 26 23 26 25 39 5 17 15 14 15 25 19 27 11 4 11 25 28 20 13 25 2 24 25 11 7 16 7 11 24 19 31 20 5 0 9 39 
32 17 5 16 39 20 31 23 8 10 40 22 27 41 35 26 35 20 37 6 25 24 22 21 34 27 26 18 11 20 30 35 24 19 20 8 32 31 20 9 10 12 12 33 10 34 24 4 9 0 45 
17 38 49 30 34 26 26 22 37 41 43 47 38 6 25 24 15 46 39 39 22 32 36 24 37 38 34 27 40 35 16 11 25 26 45 41 40 15 28 45 55 44 35 28 53 18 24 44 39 45 0 
0 355
171 277
114 220
43 149
186 292
154 260
84 190
155 261
139 245
231 337
185 291
234 340
94 200
96 202
141 247
116 222
107 213
93 199
49 155
94 200
179 285
41 147
100 206
119 225
49 155
70 176
129 235
208 314
223 329
60 166
154 260
133 239
183 289
188 294
66 172
62 168
174 280
164 270
26 132
100 206
17 123
190 296
8 114
155 261
150 256
235 341
88 194
194 300
185 291
225 331
230 336
