51
0 8 13 24 19 11 23 26 16 12 17 29 29 34 19 10 21 38 13 7 29 20 14 14 16 20 22 13 26 13 10 6 28 17 22 27 21 19 15 23 10 15 25 6 30 29 27 17 31 10 14 
8 0 22 16 21 6 31 31 25 12 19 26 29 34 19 15 24 37 7 3 22 18 6 16 15 15 30 4 35 22 2 14 21 12 31 31 12 28 23 31 19 15 34 2 30 21 28 18 28 17 21 
13 22 0 38 20 23 14 24 6 22 22 39 36 40 23 12 22 44 26 20 42 30 28 21 25 31 10 26 16 5 24 8 40 28 12 27 34 7 3 12 4 22 13 19 37 42 32 24 41 7 8 
24 16 38 0 35 18 45 41 40 21 28 24 30 36 31 31 37 37 15 18 9 21 11 25 21 15 46 12 49 37 14 30 10 18 46 40 3 44 39 46 35 27 49 18 31 6 33 25 24 33 37 
19 21 20 35 0 17 34 42 26 31 36 48 48 53 5 9 2 57 19 18 43 39 24 33 35 37 30 23 36 25 24 16 42 18 32 44 32 27 23 32 16 8 32 20 49 41 46 36 49 13 12 
11 6 23 18 17 0 35 37 27 18 26 33 35 41 14 13 19 44 2 4 26 25 7 22 22 21 33 6 38 25 8 15 25 6 34 37 15 31 26 34 20 9 36 7 36 24 35 25 34 17 20 
23 31 14 45 34 35 0 14 8 25 20 38 32 34 37 26 36 38 37 30 46 30 37 21 26 34 5 35 4 9 32 20 44 40 3 17 42 7 11 3 17 35 7 28 33 47 27 23 40 21 22 
26 31 24 41 42 37 14 0 18 20 13 27 20 21 44 33 45 24 38 32 40 21 36 16 20 27 19 35 17 18 31 26 37 43 17 3 38 20 21 17 26 41 21 29 21 41 14 16 29 29 32 
16 25 6 40 26 27 8 18 0 22 20 37 33 36 29 18 28 40 30 24 43 28 31 19 24 31 5 29 10 3 26 12 41 33 6 22 37 3 2 7 9 27 9 22 34 43 28 22 39 13 14 
12 12 22 21 31 18 25 20 22 0 8 17 17 22 30 22 33 26 19 14 21 8 16 4 3 9 27 14 29 19 11 17 19 24 26 20 17 25 22 27 21 26 30 11 18 22 16 6 19 22 25 
17 19 22 28 36 26 20 13 20 8 0 17 13 18 36 26 38 21 26 21 27 9 24 3 7 14 24 22 24 17 19 20 25 32 22 12 25 23 21 23 23 32 27 18 15 28 10 3 19 24 28 
29 26 39 24 48 33 38 27 37 17 17 0 8 12 46 39 50 13 32 30 17 9 27 17 13 11 41 27 42 34 25 34 15 37 40 24 23 40 38 40 38 42 44 27 7 20 13 14 1 39 43 
29 29 36 30 48 35 32 20 33 17 13 8 0 5 48 39 51 8 35 31 24 10 31 15 13 15 36 30 36 31 27 33 22 40 35 17 28 36 35 35 36 43 39 28 1 27 5 12 9 38 42 
34 34 40 36 53 41 34 21 36 22 18 12 5 0 53 44 56 3 41 37 29 16 37 20 19 21 39 36 38 34 33 38 27 46 37 17 34 39 38 37 41 49 41 34 5 32 8 17 13 42 46 
19 19 23 31 5 14 37 44 29 30 36 46 48 53 0 11 6 56 16 16 39 38 21 33 34 35 34 20 40 28 21 18 39 13 36 46 29 31 27 36 19 4 36 19 49 38 46 36 48 16 16 
10 15 12 31 9 13 26 33 18 22 26 39 39 44 11 0 11 48 16 12 37 30 19 24 26 29 23 18 29 16 17 7 36 17 25 35 27 20 15 25 8 9 26 13 40 36 37 27 41 5 7 
21 24 22 37 2 19 36 45 28 33 38 50 51 56 6 11 0 59 21 21 45 41 26 35 37 39 32 26 38 27 26 19 44 19 34 47 35 29 25 34 18 10 34 23 52 43 49 39 52 15 14 
38 37 44 37 57 44 38 24 40 26 21 13 8 3 56 48 59 0 43 40 30 18 39 24 22 23 43 38 41 38 36 42 28 49 41 21 36 43 42 41 44 52 45 37 7 33 11 20 13 46 50 
13 7 26 15 19 2 37 38 30 19 26 32 35 41 16 16 21 43 0 6 23 25 4 23 22 20 36 5 40 27 7 18 23 5 36 38 13 33 28 37 22 11 39 8 36 21 35 25 33 20 23 
7 3 20 18 18 4 30 32 24 14 21 30 31 37 16 12 21 40 6 0 25 21 7 18 18 18 29 6 34 21 5 12 24 10 30 33 15 27 22 30 17 12 33 3 32 24 30 20 31 14 18 
29 22 42 9 43 26 46 40 43 21 27 17 24 29 39 37 45 30 23 25 0 18 18 25 20 12 48 19 51 40 19 35 2 27 48 38 10 46 43 48 40 35 51 24 24 3 28 24 17 39 43 
20 18 30 21 39 25 30 21 28 8 9 9 10 16 38 30 41 18 25 21 18 0 21 8 4 6 33 20 34 25 17 25 16 30 32 20 19 31 29 32 29 33 36 18 11 20 11 6 11 30 34 
14 6 28 11 24 7 37 36 31 16 24 27 31 37 21 19 26 39 4 7 18 21 0 20 18 16 37 1 41 28 4 20 18 9 37 36 8 34 29 37 25 16 40 8 32 17 32 22 28 22 26 
14 16 21 25 33 22 21 16 19 4 3 17 15 20 33 24 35 24 23 18 25 8 20 0 5 12 24 19 26 17 16 17 23 28 23 15 22 23 20 23 21 29 27 15 16 26 13 3 19 22 26 
16 15 25 21 35 22 26 20 24 3 7 13 13 19 34 26 37 22 22 18 20 4 18 5 0 7 29 17 31 21 14 21 18 27 28 19 18 28 25 28 25 30 32 15 14 21 13 4 15 25 29 
20 15 31 15 37 21 34 27 31 9 14 11 15 21 35 29 39 23 20 18 12 6 16 12 7 0 36 15 38 28 13 25 10 26 35 26 12 34 31 36 30 30 39 16 16 14 18 11 12 30 34 
22 30 10 46 30 33 5 19 5 27 24 41 36 39 34 23 32 43 36 29 48 33 37 24 29 36 0 35 5 8 32 17 46 39 2 23 42 2 7 2 14 32 3 28 38 49 31 27 43 18 18 
13 4 26 12 23 6 35 35 29 14 22 27 30 36 20 18 26 38 5 6 19 20 1 19 17 15 35 0 39 26 3 18 18 10 35 35 9 32 28 36 23 16 38 7 31 17 30 21 28 21 25 
26 35 16 49 36 38 4 17 10 29 24 42 36 38 40 29 38 41 40 34 51 34 41 26 31 38 5 39 0 13 36 23 49 44 4 20 46 8 13 3 20 38 5 32 37 52 31 28 44 24 24 
13 22 5 37 25 25 9 18 3 19 17 34 31 34 28 16 27 38 27 21 40 25 28 17 21 28 8 26 13 0 23 10 38 30 9 21 33 6 3 9 8 25 12 19 32 40 26 20 36 12 14 
10 2 24 14 24 8 32 31 26 11 19 25 27 33 21 17 26 36 7 5 19 17 4 16 14 13 32 3 36 23 0 16 18 12 32 32 10 30 25 33 21 17 36 4 28 18 27 18 26 19 23 
6 14 8 30 16 15 20 26 12 17 20 34 33 38 18 7 19 42 18 12 35 25 20 17 21 25 17 18 23 10 16 0 34 21 19 28 27 15 10 19 4 15 20 12 34 35 30 21 36 4 8 
28 21 40 10 42 25 44 37 41 19 25 15 22 27 39 36 44 28 23 24 2 16 18 23 18 10 46 18 49 38 18 34 0 27 46 36 10 44 41 46 38 35 50 22 23 4 26 21 15 37 41 
17 12 28 18 18 6 40 43 33 24 32 37 40 46 13 17 19 49 5 10 27 30 9 28 27 26 39 10 44 30 12 21 27 0 40 43 17 36 31 40 25 9 42 13 41 25 40 30 38 21 24 
22 31 12 46 32 34 3 17 6 26 22 40 35 37 36 25 34 41 36 30 48 32 37 23 28 35 2 35 4 9 32 19 46 40 0 20 42 4 9 0 16 34 4 28 36 48 29 25 42 20 20 
27 31 27 40 44 37 17 3 22 20 12 24 17 17 46 35 47 21 38 33 38 20 36 15 19 26 23 35 20 21 32 28 36 43 20 0 37 23 24 21 29 42 25 30 18 40 11 15 26 32 34 
21 12 34 3 32 15 42 38 37 17 25 23 28 34 29 27 35 36 13 15 10 19 8 22 18 12 42 9 46 33 10 27 10 17 42 37 0 40 36 43 32 25 46 15 29 8 30 22 23 30 34 
19 28 7 44 27 31 7 20 3 25 23 40 36 39 31 20 29 43 33 27 46 31 34 23 28 34 2 32 8 6 30 15 44 36 4 23 40 0 5 4 11 30 5 25 37 47 31 26 42 15 15 
15 23 3 39 23 26 11 21 2 22 21 38 35 38 27 15 25 42 28 22 43 29 29 20 25 31 7 28 13 3 25 10 41 31 9 24 36 5 0 9 7 25 10 21 36 43 30 23 40 10 11 
23 31 12 46 32 34 3 17 7 27 23 40 35 37 36 25 34 41 37 30 48 32 37 23 28 36 2 36 3 9 33 19 46 40 0 21 43 4 9 0 16 34 4 29 36 49 30 26 42 20 20 
10 19 4 35 16 20 17 26 9 21 23 38 36 41 19 8 18 44 22 17 40 29 25 21 25 30 14 23 20 8 21 4 38 25 16 29 32 11 7 16 0 18 17 16 38 40 33 24 40 3 5 
15 15 22 27 8 9 35 41 27 26 32 42 43 49 4 9 10 52 11 12 35 33 16 29 30 30 32 16 38 25 17 15 35 9 34 42 25 30 25 34 18 0 35 14 44 33 42 32 43 14 15 
25 34 13 49 32 36 7 21 9 30 27 44 39 41 36 26 34 45 39 33 51 36 40 27 32 39 3 38 5 12 36 20 50 42 4 25 46 5 10 4 17 35 0 31 40 52 34 30 46 21 20 
6 2 19 18 20 7 28 29 22 11 18 27 28 34 19 13 23 37 8 3 24 18 8 15 15 16 28 7 32 19 4 12 22 13 28 30 15 25 21 29 16 14 31 0 29 23 27 17 28 15 19 
30 30 37 31 49 36 33 21 34 18 15 7 1 5 49 40 52 7 36 32 24 11 32 16 14 16 38 31 37 32 28 34 23 41 36 18 29 37 36 36 38 44 40 29 0 27 6 13 8 39 43 
29 21 42 6 41 24 47 41 43 22 28 20 27 32 38 36 43 33 21 24 3 20 17 26 21 14 49 17 52 40 18 35 4 25 48 40 8 47 43 49 40 33 52 23 27 0 31 25 20 38 42 
27 28 32 33 46 35 27 14 28 16 10 13 5 8 46 37 49 11 35 30 28 11 32 13 13 18 31 30 31 26 27 30 26 40 29 11 30 31 30 30 33 42 34 27 6 31 0 10 14 35 38 
17 18 24 25 36 25 23 16 22 6 3 14 12 17 36 27 39 20 25 20 24 6 22 3 4 11 27 21 28 20 18 21 21 30 25 15 22 26 23 26 24 32 30 17 13 25 10 0 16 26 29 
31 28 41 24 49 34 40 29 39 19 19 1 9 13 48 41 52 13 33 31 17 11 28 19 15 12 43 28 44 36 26 36 15 38 42 26 23 42 40 42 40 43 46 28 8 20 14 16 0 41 45 
10 17 7 33 13 17 21 29 13 22 24 39 38 42 16 5 15 46 20 14 39 30 22 22 25 30 18 21 24 12 19 4 37 21 20 32 30 15 10 20 3 14 21 15 39 38 35 26 41 0 4 
14 21 8 37 12 20 22 32 14 25 28 43 42 46 16 7 14 50 23 18 43 34 26 26 29 34 18 25 24 14 23 8 41 24 20 34 34 15 11 20 5 15 20 19 43 42 38 29 45 4 0 
0 273
186 213
92 119
110 137
112 139
26 53
3 30
198 225
72 99
40 67
4 31
23 50
38 65
13 40
101 128
50 77
55 82
193 220
204 231
179 206
27 54
99 126
238 265
76 103
20 47
60 87
170 197
19 46
191 218
41 68
156 183
73 100
215 242
75 102
12 39
218 245
76 103
89 116
206 233
212 239
215 242
101 128
214 241
108 135
91 118
74 101
36 63
71 98
205 232
204 231
106 133
