51
0 24 21 35 6 20 15 22 40 33 41 55 25 58 2 35 49 30 41 27 50 22 25 33 4 18 19 32 17 32 17 42 7 42 11 32 41 36 38 32 31 27 44 34 28 37 17 23 29 7 12 
24 0 10 26 18 21 10 17 21 22 18 32 5 34 22 11 25 13 21 3 27 7 7 10 21 19 24 27 21 8 7 23 19 19 25 11 31 19 19 8 10 16 28 16 22 24 23 23 25 20 15 
21 10 0 16 16 11 7 6 19 33 27 40 16 42 21 15 30 9 31 13 30 16 18 20 21 9 14 36 26 15 12 20 20 29 18 22 22 14 30 17 21 7 23 27 11 35 14 12 34 15 19 
35 26 16 0 31 14 23 12 15 49 37 48 31 48 36 23 35 14 44 27 30 32 34 33 36 16 17 53 43 26 29 16 36 40 27 36 6 11 44 30 35 10 12 42 6 51 19 13 51 27 36 
6 18 16 31 0 18 9 18 35 29 35 49 19 52 5 28 43 25 36 21 44 16 20 27 5 15 17 29 15 26 11 36 6 36 12 26 37 30 33 26 25 23 39 29 24 33 16 20 26 6 8 
20 21 11 14 18 0 14 5 25 42 38 51 26 53 22 26 40 17 43 24 39 26 28 31 23 3 3 44 32 26 21 26 24 40 12 33 21 20 41 29 32 11 26 38 8 45 4 2 42 12 24 
15 10 7 23 9 14 0 11 25 28 28 42 13 44 14 19 34 15 30 13 35 12 15 20 14 10 15 30 19 17 7 27 13 29 15 21 29 21 28 18 19 14 30 25 17 31 14 16 28 10 12 
22 17 6 12 18 5 11 0 20 39 33 46 22 47 23 20 35 12 38 19 33 22 24 26 23 4 9 42 31 21 18 21 23 35 16 29 19 15 36 23 27 6 22 33 6 41 9 6 39 14 23 
40 21 19 15 35 25 25 20 0 42 24 33 26 33 40 12 19 10 33 20 14 28 28 23 40 25 29 48 42 17 28 1 39 28 36 28 15 5 34 20 27 14 8 33 18 43 30 25 46 33 36 
33 22 33 49 29 42 28 39 42 0 23 32 17 37 30 30 36 35 16 22 42 16 15 19 28 39 44 7 17 25 21 43 25 21 41 15 53 41 12 22 15 39 50 11 44 4 42 44 7 35 21 
41 18 27 37 35 38 28 33 24 23 0 13 16 16 40 13 12 23 9 14 19 20 16 8 38 36 41 31 33 12 24 25 35 3 44 10 39 26 11 9 11 29 33 12 36 22 41 39 30 38 31 
55 32 40 48 49 51 42 46 33 32 13 0 30 4 53 25 14 35 16 28 22 33 29 22 51 49 55 40 45 25 37 33 49 13 57 23 49 36 20 23 24 41 41 22 48 29 54 52 39 52 44 
25 5 16 31 19 26 13 22 26 17 16 30 0 33 23 14 26 18 17 5 29 3 2 8 21 23 29 22 18 10 7 27 19 17 29 7 36 24 15 8 6 22 33 11 27 19 28 28 20 22 14 
58 34 42 48 52 53 44 47 33 37 16 4 33 0 56 26 13 36 20 31 20 37 33 25 55 51 56 44 49 27 41 32 52 17 60 27 49 36 24 26 27 42 40 27 49 34 56 54 44 55 48 
2 22 21 36 5 22 14 23 40 30 40 53 23 56 0 34 48 30 39 26 50 20 23 31 2 19 21 29 14 30 15 42 5 40 13 30 42 36 36 30 29 28 44 32 29 34 19 24 26 9 9 
35 11 15 23 28 26 19 20 12 30 13 25 14 26 34 0 15 9 21 9 16 17 16 11 33 24 29 36 32 4 19 13 31 16 34 15 26 12 21 8 14 16 20 20 22 30 29 27 34 29 27 
49 25 30 35 43 40 34 35 19 36 12 14 26 13 48 15 0 23 21 21 7 29 26 18 47 39 44 43 44 17 32 19 44 15 49 22 35 23 24 18 22 29 26 25 35 34 44 41 42 44 40 
30 13 9 14 25 17 15 12 10 35 23 35 18 36 30 9 23 0 30 13 21 20 20 18 30 16 21 40 33 12 18 11 29 26 27 22 18 6 29 15 21 6 15 27 12 37 21 18 38 24 26 
41 21 31 44 36 43 30 38 33 16 9 16 17 20 39 21 21 30 0 18 28 19 15 11 37 40 45 24 29 17 25 33 34 5 46 9 47 33 3 14 10 35 41 7 41 14 45 44 23 40 30 
27 3 13 27 21 24 13 19 20 22 14 28 5 31 26 9 21 13 18 0 24 8 7 6 25 21 27 28 23 4 10 21 22 16 29 9 31 18 17 4 8 17 28 14 23 23 26 26 26 23 19 
50 27 30 30 44 39 35 33 14 42 19 22 29 20 50 16 7 21 28 24 0 33 31 23 49 38 42 49 48 19 35 13 47 22 49 27 29 19 30 21 27 27 20 31 32 41 43 39 47 45 43 
22 7 16 32 16 26 12 22 28 16 20 33 3 37 20 17 29 20 19 8 33 0 3 11 18 22 27 20 14 13 5 30 15 20 26 10 37 26 17 11 9 22 35 13 27 19 26 28 18 20 11 
25 7 18 34 20 28 15 24 28 15 16 29 2 33 23 16 26 20 15 7 31 3 0 8 22 25 31 20 17 11 9 29 19 16 30 6 38 26 13 9 5 24 35 9 29 17 30 30 18 24 14 
33 10 20 33 27 31 20 26 23 19 8 22 8 25 31 11 18 18 11 6 23 11 8 0 29 28 34 26 25 6 15 24 27 9 36 4 36 23 11 3 3 24 31 9 30 19 33 33 24 30 22 
4 21 21 36 5 23 14 23 40 28 38 51 21 55 2 33 47 30 37 25 49 18 22 29 0 20 22 27 12 29 14 41 3 38 15 28 42 35 34 29 27 28 44 30 29 32 20 25 24 10 7 
18 19 9 16 15 3 10 4 25 39 36 49 23 51 19 24 39 16 40 21 38 22 25 28 20 0 5 41 29 24 17 26 21 38 11 30 23 20 38 26 29 11 27 35 9 42 5 5 38 10 21 
19 24 14 17 17 3 15 9 29 44 41 55 29 56 21 29 44 21 45 27 42 27 31 34 22 5 0 45 32 29 22 30 23 43 9 36 24 23 44 32 34 15 29 40 11 47 2 4 43 11 25 
32 27 36 53 29 44 30 42 48 7 31 40 22 44 29 36 43 40 24 28 49 20 20 26 27 41 45 0 14 31 24 49 24 29 41 21 58 46 20 28 22 43 56 18 48 10 44 47 2 35 20 
17 21 26 43 15 32 19 31 42 17 33 45 18 49 14 32 44 33 29 23 48 14 17 25 12 29 32 14 0 28 14 44 9 32 27 22 49 39 26 26 22 33 49 22 37 21 30 34 12 21 7 
32 8 15 26 26 26 17 21 17 25 12 25 10 27 30 4 17 12 17 4 19 13 11 6 29 24 29 31 28 0 15 18 27 14 32 10 29 16 17 3 9 17 25 16 24 26 29 27 29 27 23 
17 7 12 29 11 21 7 18 28 21 24 37 7 41 15 19 32 18 25 10 35 5 9 15 14 17 22 24 14 15 0 29 12 25 21 15 35 24 22 14 14 19 34 18 24 24 21 23 21 15 8 
42 23 20 16 36 26 27 21 1 43 25 33 27 32 42 13 19 11 33 21 13 30 29 24 41 26 30 49 44 18 29 0 40 28 38 28 16 6 34 21 27 15 8 33 19 44 31 26 47 35 38 
7 19 20 36 6 24 13 23 39 25 35 49 19 52 5 31 44 29 34 22 47 15 19 27 3 21 23 24 9 27 12 40 0 36 17 25 42 35 31 26 24 28 44 27 30 29 22 26 21 12 4 
42 19 29 40 36 40 29 35 28 21 3 13 17 17 40 16 15 26 5 16 22 20 16 9 38 38 43 29 32 14 25 28 36 0 45 10 43 29 8 11 11 32 36 10 38 19 43 42 28 39 31 
11 25 18 27 12 12 15 16 36 41 44 57 29 60 13 34 49 27 46 29 49 26 30 36 15 11 9 41 27 32 21 38 17 45 0 36 33 31 44 34 35 22 38 40 20 45 7 13 39 6 20 
32 11 22 36 26 33 21 29 28 15 10 23 7 27 30 15 22 22 9 9 27 10 6 4 28 30 36 21 22 10 15 28 25 10 36 0 40 27 7 7 1 27 36 5 33 15 35 35 20 30 21 
41 31 22 6 37 21 29 19 15 53 39 49 36 49 42 26 35 18 47 31 29 37 38 36 42 23 24 58 49 29 35 16 42 43 33 40 0 13 47 33 39 15 9 45 13 55 25 19 56 33 42 
36 19 14 11 30 20 21 15 5 41 26 36 24 36 36 12 23 6 33 18 19 26 26 23 35 20 23 46 39 16 24 6 35 29 31 27 13 0 34 20 26 8 9 32 13 42 24 20 44 29 33 
38 19 30 44 33 41 28 36 34 12 11 20 15 24 36 21 24 29 3 17 30 17 13 11 34 38 44 20 26 17 22 34 31 8 44 7 47 34 0 14 9 35 42 3 41 10 43 43 19 37 26 
32 8 17 30 26 29 18 23 20 22 9 23 8 26 30 8 18 15 14 4 21 11 9 3 29 26 32 28 26 3 14 21 26 11 34 7 33 20 14 0 6 21 28 12 27 22 31 30 26 28 22 
31 10 21 35 25 32 19 27 27 15 11 24 6 27 29 14 22 21 10 8 27 9 5 3 27 29 34 22 22 9 14 27 24 11 35 1 39 26 9 6 0 26 35 6 32 16 34 34 20 29 20 
27 16 7 10 23 11 14 6 14 39 29 41 22 42 28 16 29 6 35 17 27 22 24 24 28 11 15 43 33 17 19 15 28 32 22 27 15 8 35 21 26 0 16 32 6 41 16 11 41 20 26 
44 28 23 12 39 26 30 22 8 50 33 41 33 40 44 20 26 15 41 28 20 35 35 31 44 27 29 56 49 25 34 8 44 36 38 36 9 9 42 28 35 16 0 41 17 51 30 25 53 36 42 
34 16 27 42 29 38 25 33 33 11 12 22 11 27 32 20 25 27 7 14 31 13 9 9 30 35 40 18 22 16 18 33 27 10 40 5 45 32 3 12 6 32 41 0 38 10 39 40 17 34 22 
28 22 11 6 24 8 17 6 18 44 36 48 27 49 29 22 35 12 41 23 32 27 29 30 29 9 11 48 37 24 24 19 30 38 20 33 13 13 41 27 32 6 17 38 0 46 13 7 45 20 29 
37 24 35 51 33 45 31 41 43 4 22 29 19 34 34 30 34 37 14 23 41 19 17 19 32 42 47 10 21 26 24 44 29 19 45 15 55 42 10 22 16 41 51 10 46 0 46 47 11 38 25 
17 23 14 19 16 4 14 9 30 42 41 54 28 56 19 29 44 21 45 26 43 26 30 33 20 5 2 44 30 29 21 31 22 43 7 35 25 24 43 31 34 16 30 39 13 46 0 6 41 10 23 
23 23 12 13 20 2 16 6 25 44 39 52 28 54 24 27 41 18 44 26 39 28 30 33 25 5 4 47 34 27 23 26 26 42 13 35 19 20 43 30 34 11 25 40 7 47 6 0 44 15 27 
29 25 34 51 26 42 28 39 46 7 30 39 20 44 26 34 42 38 23 26 47 18 18 24 24 38 43 2 12 29 21 47 21 28 39 20 56 44 19 26 20 41 53 17 45 11 41 44 0 32 18 
7 20 15 27 6 12 10 14 33 35 38 52 22 55 9 29 44 24 40 23 45 20 24 30 10 10 11 35 21 27 15 35 12 39 6 30 33 29 37 28 29 20 36 34 20 38 10 15 32 0 14 
12 15 19 36 8 24 12 23 36 21 31 44 14 48 9 27 40 26 30 19 43 11 14 22 7 21 25 20 7 23 8 38 4 31 20 21 42 33 26 22 20 26 42 22 29 25 23 27 18 14 0 
0 628
6 6
521 521
105 105
276 276
603 603
469 469
438 438
319 319
263 263
197 197
25 25
413 413
306 306
118 118
267 267
392 392
607 607
279 279
223 223
369 369
624 624
212 212
10 10
425 425
105 105
156 156
217 217
25 25
527 527
520 520
129 129
0 0
325 325
1 1
34 34
528 528
323 323
380 380
444 444
461 461
297 297
139 139
524 524
182 182
441 441
192 192
599 599
497 497
26 26
457 457
