51
0 26 15 36 26 7 26 38 13 18 15 25 29 50 32 47 15 6 7 14 5 37 8 18 35 24 13 47 16 30 42 48 9 32 32 13 43 31 24 43 32 22 35 46 23 16 40 19 11 17 28 
26 0 23 12 35 23 17 12 13 21 14 36 3 25 7 31 19 19 22 12 20 33 22 10 10 15 26 28 23 23 20 34 23 23 8 26 23 9 8 17 33 22 13 21 6 10 17 19 23 18 3 
15 23 0 29 40 7 33 33 12 29 22 39 25 43 27 52 25 14 8 12 15 47 21 13 30 30 3 50 1 38 43 54 22 40 26 27 46 23 27 40 44 32 27 38 25 20 40 28 3 5 27 
36 12 29 0 47 32 27 5 23 33 26 48 8 13 5 36 32 30 31 21 31 42 34 18 3 26 33 31 29 33 21 39 35 32 3 38 27 6 19 13 45 33 4 9 18 22 18 31 31 23 12 
26 35 40 47 0 33 21 46 31 14 22 3 39 58 42 35 16 25 32 32 25 17 19 36 44 21 39 38 41 18 40 34 18 21 44 13 35 44 28 46 9 13 48 55 29 26 39 15 37 40 35 
7 23 7 32 33 0 29 35 10 23 18 32 26 46 28 49 20 8 1 11 9 42 14 14 32 26 5 48 8 34 42 51 15 36 28 20 44 26 24 41 38 26 30 42 23 16 39 23 3 10 26 
26 17 33 27 21 29 0 25 21 10 11 23 20 37 22 20 11 21 28 21 21 16 18 22 24 2 34 21 34 6 19 22 19 7 24 18 17 26 8 25 17 8 29 35 10 13 18 8 31 30 15 
38 12 33 5 46 35 25 0 25 32 26 47 9 12 6 31 31 32 34 24 33 39 35 21 3 24 36 26 33 30 15 34 36 29 7 38 22 10 18 7 42 32 9 9 17 23 13 30 34 28 11 
13 13 12 23 31 10 21 25 0 18 11 31 16 37 19 41 15 7 9 1 9 36 13 5 22 18 13 39 12 27 32 42 14 28 19 19 34 17 15 31 33 21 22 33 13 8 29 17 10 9 16 
18 21 29 33 14 23 10 32 18 0 7 15 25 45 28 30 3 14 22 19 14 19 10 22 30 8 29 31 30 12 29 30 10 14 29 8 27 30 14 34 15 3 34 41 15 12 28 1 26 27 21 
15 14 22 26 22 18 11 26 11 7 0 22 18 39 21 32 5 9 16 11 10 25 9 14 24 9 23 31 23 16 27 33 9 18 22 12 27 22 9 29 23 10 27 35 9 4 25 7 20 20 15 
25 36 39 48 3 32 23 47 31 15 22 0 40 60 43 38 17 25 31 32 24 21 18 36 46 23 38 41 41 21 42 37 17 23 45 12 38 45 29 49 12 15 49 57 30 27 41 17 36 40 36 
29 3 25 8 39 26 20 9 16 25 18 40 0 21 3 32 23 22 25 15 24 35 26 12 6 18 28 28 25 26 19 35 27 26 4 30 24 6 11 15 37 25 9 17 10 14 16 23 25 19 5 
50 25 43 13 58 46 37 12 37 45 39 60 21 0 18 39 44 44 45 35 45 50 47 31 14 37 46 33 42 42 23 43 48 41 17 51 31 19 30 13 54 44 15 4 30 35 22 43 44 37 23 
32 7 27 5 42 28 22 6 19 28 21 43 3 18 0 33 27 26 28 17 27 38 29 14 3 21 30 29 27 28 19 36 30 28 2 34 25 5 14 13 40 28 7 14 13 17 16 26 28 21 7 
47 31 52 36 35 49 20 31 41 30 32 38 32 39 33 0 32 42 48 40 42 18 39 40 33 23 54 6 53 17 16 3 39 15 35 38 8 38 25 26 26 26 40 39 27 33 18 28 51 48 28 
15 19 25 32 16 20 11 31 15 3 5 17 23 44 27 32 0 11 19 16 11 22 7 19 29 10 25 33 26 15 30 33 7 17 28 7 28 28 13 34 18 6 32 41 14 9 28 3 23 24 20 
6 19 14 30 25 8 21 32 7 14 9 25 22 44 26 42 11 0 7 9 1 33 6 13 29 18 14 41 15 25 36 43 7 27 26 12 36 25 18 36 29 18 29 40 16 10 33 15 11 14 22 
7 22 8 31 32 1 28 34 9 22 16 31 25 45 28 48 19 7 0 10 7 41 13 13 31 25 6 47 9 33 41 50 14 35 28 19 43 26 23 40 37 25 30 41 22 15 38 22 4 10 25 
14 12 12 21 32 11 21 24 1 19 11 32 15 35 17 40 16 9 10 0 10 36 14 4 21 18 14 38 12 27 31 42 15 28 18 20 33 16 14 29 34 21 20 31 12 8 28 18 11 8 15 
5 20 15 31 25 9 21 33 9 14 10 24 24 45 27 42 11 1 7 10 0 33 5 14 30 19 14 41 16 25 37 43 6 27 28 11 37 26 18 37 29 17 31 41 17 10 34 14 12 15 23 
37 33 47 42 17 42 16 39 36 19 25 21 35 50 38 18 22 33 41 36 33 0 29 38 39 18 47 23 48 9 28 16 28 9 40 25 21 42 25 37 8 15 45 48 26 28 28 18 45 45 30 
8 22 21 34 19 14 18 35 13 10 9 18 26 47 29 39 7 6 13 14 5 29 0 19 33 17 20 40 22 22 36 40 0 24 30 5 35 30 18 39 24 13 34 44 18 12 34 11 17 21 24 
18 10 13 18 36 14 22 21 5 22 14 36 12 31 14 40 19 13 13 4 14 38 19 0 18 20 15 38 13 29 30 43 19 30 14 24 33 12 15 27 37 24 16 27 12 10 27 21 13 8 14 
35 10 30 3 44 32 24 3 22 30 24 46 6 14 3 33 29 29 31 21 30 39 33 18 0 23 33 27 30 29 17 36 33 29 4 36 24 7 16 10 41 31 7 11 15 20 15 29 31 24 9 
24 15 30 26 21 26 2 24 18 8 9 23 18 37 21 23 10 18 25 18 19 18 17 20 23 0 31 23 31 8 20 24 17 9 23 17 18 24 7 25 18 7 28 34 9 10 19 7 28 27 14 
13 26 3 33 39 5 34 36 13 29 23 38 28 46 30 54 25 14 6 14 14 47 20 15 33 31 0 52 4 39 45 56 21 41 29 25 48 27 28 43 44 32 30 42 26 21 42 29 2 9 29 
47 28 50 31 38 48 21 26 39 31 31 41 28 33 29 6 33 41 47 38 41 23 40 38 27 23 52 0 51 20 10 9 40 17 31 40 4 34 23 20 30 28 35 33 25 31 12 29 49 46 24 
16 23 1 29 41 8 34 33 12 30 23 41 25 42 27 53 26 15 9 12 16 48 22 13 30 31 4 51 0 39 43 55 23 41 26 28 46 23 27 40 45 33 26 38 25 20 40 29 5 5 27 
30 23 38 33 18 34 6 30 27 12 16 21 26 42 28 17 15 25 33 27 25 9 22 29 29 8 39 20 39 0 21 18 22 2 30 20 17 32 15 29 12 9 35 39 17 19 21 11 36 35 21 
42 20 43 21 40 42 19 15 32 29 27 42 19 23 19 16 30 36 41 31 37 28 36 30 17 20 45 10 43 21 0 19 37 19 21 38 7 24 18 10 33 27 25 23 19 26 3 27 43 38 16 
48 34 54 39 34 51 22 34 42 30 33 37 35 43 36 3 33 43 50 42 43 16 40 43 36 24 56 9 55 18 19 0 40 16 38 39 12 41 28 29 25 27 43 42 30 35 21 29 53 50 30 
9 23 22 35 18 15 19 36 14 10 9 17 27 48 30 39 7 7 14 15 6 28 0 19 33 17 21 40 23 22 37 40 0 24 31 4 36 30 19 39 23 13 35 44 19 12 35 11 18 22 25 
32 23 40 32 21 36 7 29 28 14 18 23 26 41 28 15 17 27 35 28 27 9 24 30 29 9 41 17 41 2 19 16 24 0 30 23 14 32 15 28 14 11 35 39 17 20 19 13 38 37 21 
32 8 26 3 44 28 24 7 19 29 22 45 4 17 2 35 28 26 28 18 28 40 30 14 4 23 29 31 26 30 21 38 31 30 0 35 27 3 16 14 42 30 4 13 14 19 18 28 27 20 9 
13 26 27 38 13 20 18 38 19 8 12 12 30 51 34 38 7 12 19 20 11 25 5 24 36 17 25 40 28 20 38 39 4 23 35 0 36 34 21 41 19 11 39 48 21 16 36 10 23 27 27 
43 23 46 27 35 44 17 22 34 27 27 38 24 31 25 8 28 36 43 33 37 21 35 33 24 18 48 4 46 17 7 12 36 14 27 36 0 30 19 17 28 24 31 30 21 27 9 25 45 41 20 
31 9 23 6 44 26 26 10 17 30 22 45 6 19 5 38 28 25 26 16 26 42 30 12 7 24 27 34 23 32 24 41 30 32 3 34 30 0 17 17 43 31 4 15 15 18 21 28 25 17 11 
24 8 27 19 28 24 8 18 15 14 9 29 11 30 14 25 13 18 23 14 18 25 18 15 16 7 28 23 27 15 18 28 19 15 16 21 19 17 0 20 25 14 21 27 2 8 15 12 25 22 7 
43 17 40 13 46 41 25 7 31 34 29 49 15 13 13 26 34 36 40 29 37 37 39 27 10 25 43 20 40 29 10 29 39 28 14 41 17 17 20 0 41 33 17 12 20 27 8 32 40 34 14 
32 33 44 45 9 38 17 42 33 15 23 12 37 54 40 26 18 29 37 34 29 8 24 37 41 18 44 30 45 12 33 25 23 14 42 19 28 43 25 41 0 12 46 52 27 27 33 16 41 42 32 
22 22 32 33 13 26 8 32 21 3 10 15 25 44 28 26 6 18 25 21 17 15 13 24 31 7 32 28 33 9 27 27 13 11 30 11 24 31 14 33 12 0 35 42 15 14 26 3 29 30 21 
35 13 27 4 48 30 29 9 22 34 27 49 9 15 7 40 32 29 30 20 31 45 34 16 7 28 30 35 26 35 25 43 35 35 4 39 31 4 21 17 46 35 0 11 19 22 22 32 28 21 14 
46 21 38 9 55 42 35 9 33 41 35 57 17 4 14 39 41 40 41 31 41 48 44 27 11 34 42 33 38 39 23 42 44 39 13 48 30 15 27 12 52 42 11 0 26 32 21 40 40 33 20 
23 6 25 18 29 23 10 17 13 15 9 30 10 30 13 27 14 16 22 12 17 26 18 12 15 9 26 25 25 17 19 30 19 17 14 21 21 15 2 20 27 15 19 26 0 6 16 13 24 20 6 
16 10 20 22 26 16 13 23 8 12 4 27 14 35 17 33 9 10 15 8 10 28 12 10 20 10 21 31 20 19 26 35 12 20 19 16 27 18 8 27 27 14 22 32 6 0 23 11 18 16 12 
40 17 40 18 39 39 18 13 29 28 25 41 16 22 16 18 28 33 38 28 34 28 34 27 15 19 42 12 40 21 3 21 35 19 18 36 9 21 15 8 33 26 22 21 16 23 0 26 40 35 13 
19 19 28 31 15 23 8 30 17 1 7 17 23 43 26 28 3 15 22 18 14 18 11 21 29 7 29 29 29 11 27 29 11 13 28 10 25 28 12 32 16 3 32 40 13 11 26 0 26 26 19 
11 23 3 31 37 3 31 34 10 26 20 36 25 44 28 51 23 11 4 11 12 45 17 13 31 28 2 49 5 36 43 53 18 38 27 23 45 25 25 40 41 29 28 40 24 18 40 26 0 7 27 
17 18 5 23 40 10 30 28 9 27 20 40 19 37 21 48 24 14 10 8 15 45 21 8 24 27 9 46 5 35 38 50 22 37 20 27 41 17 22 34 42 30 21 33 20 16 35 26 7 0 22 
28 3 27 12 35 26 15 11 16 21 15 36 5 23 7 28 20 22 25 15 23 30 24 14 9 14 29 24 27 21 16 30 25 21 9 27 20 11 7 14 32 21 14 20 6 12 13 19 27 22 0 
0 764
90 166
534 610
344 420
525 601
43 119
94 170
404 480
264 340
499 575
90 166
568 644
415 491
502 578
370 446
460 536
260 336
207 283
476 552
406 482
687 763
628 704
412 488
454 530
661 737
548 624
684 760
330 406
676 752
59 135
316 392
441 517
27 103
196 272
449 525
121 197
573 649
264 340
326 402
558 634
30 106
567 643
440 516
490 566
548 624
32 108
36 112
482 558
346 422
132 208
168 244
