51
0 32 9 43 38 27 36 25 36 29 29 12 3 35 32 17 42 28 37 15 19 31 9 39 20 19 30 11 20 27 5 12 21 3 25 29 29 35 35 43 33 29 25 29 17 33 41 3 46 17 17 
32 0 41 48 28 40 4 20 30 25 12 27 32 4 14 17 13 9 22 39 20 9 38 14 24 16 20 22 24 11 37 35 31 35 38 15 29 34 20 23 6 37 24 4 41 42 10 30 17 18 45 
9 41 0 49 47 32 45 31 44 37 38 20 9 44 39 25 51 37 46 18 26 39 11 48 25 29 36 19 24 37 5 17 29 6 30 36 37 43 44 52 42 35 34 39 19 39 50 12 55 27 16 
43 48 49 0 22 16 49 59 19 23 35 32 47 53 60 50 45 39 28 31 55 55 37 39 58 35 63 47 58 36 44 32 22 46 18 59 19 14 29 33 42 14 25 44 30 9 48 40 46 35 36 
38 28 47 22 0 23 27 44 4 9 16 26 40 32 42 36 22 20 6 33 41 36 37 17 45 21 46 36 45 18 41 31 19 41 23 42 11 9 7 11 21 19 12 24 34 20 26 34 23 22 41 
27 40 32 16 23 0 42 46 19 16 28 16 30 44 49 37 41 31 26 14 41 44 21 36 44 23 50 32 43 28 27 15 9 29 1 47 13 14 26 33 35 4 16 35 13 7 43 24 44 22 20 
36 4 45 49 27 42 0 24 30 26 13 31 36 5 18 22 9 10 21 42 25 12 41 11 29 19 24 27 29 13 41 38 33 39 41 19 30 34 20 21 6 39 25 7 44 43 6 34 13 21 49 
25 20 31 59 44 46 24 0 44 37 28 29 22 19 9 8 33 24 39 38 5 12 33 34 6 24 5 14 6 26 29 34 37 26 44 6 40 46 37 42 25 45 34 21 40 50 30 25 37 24 42 
36 30 44 19 4 19 30 44 0 7 17 24 39 34 43 36 25 21 9 29 41 38 34 20 45 20 47 35 45 19 38 28 16 39 19 43 7 5 10 15 23 15 10 26 30 16 29 32 27 21 37 
29 25 37 23 9 16 26 37 7 0 13 16 31 30 37 29 24 16 10 23 34 32 27 19 38 13 41 27 37 13 31 22 10 32 16 37 4 9 9 17 20 13 3 21 25 16 27 25 27 14 31 
29 12 38 35 16 28 13 28 17 13 0 20 30 17 26 21 14 4 11 30 26 20 32 9 30 9 30 23 30 2 33 27 20 32 27 26 17 21 9 14 7 25 12 8 33 29 15 26 17 11 38 
12 27 20 32 26 16 31 29 24 16 20 0 15 32 33 20 34 21 25 11 24 30 11 30 27 11 34 15 26 19 15 7 9 15 15 31 16 22 24 32 26 17 13 24 13 22 34 8 38 9 18 
3 32 9 47 40 30 36 22 39 31 30 15 0 34 30 16 43 29 39 18 17 29 12 40 18 21 28 9 17 28 7 15 24 3 29 27 32 38 37 45 33 32 28 30 20 37 41 6 47 19 20 
35 4 44 53 32 44 5 19 34 30 17 32 34 0 12 19 15 13 26 43 21 7 41 17 25 21 18 25 25 16 40 39 35 37 43 14 34 38 25 26 10 42 29 8 45 46 11 33 18 22 49 
32 14 39 60 42 49 18 9 43 37 26 33 30 12 0 14 27 22 36 43 13 5 40 29 15 25 6 21 16 24 37 40 40 34 47 3 41 46 35 38 21 48 35 17 46 52 23 31 31 26 48 
17 17 25 50 36 37 22 8 36 29 21 20 16 19 14 0 30 18 32 29 4 13 25 29 9 15 14 6 8 19 22 25 28 19 35 12 32 38 30 36 21 37 26 17 32 41 28 17 34 15 34 
42 13 51 45 22 41 9 33 25 24 14 34 43 15 27 30 0 14 16 45 33 22 46 5 38 23 33 34 38 15 47 41 33 45 41 29 29 31 15 13 9 38 25 13 47 41 4 39 4 25 52 
28 9 37 39 20 31 10 24 21 16 4 21 29 13 22 18 14 0 15 31 22 16 32 11 27 9 26 20 27 2 33 28 22 31 30 22 20 25 13 18 5 29 15 4 34 33 13 25 18 11 39 
37 22 46 28 6 26 21 39 9 10 11 25 39 26 36 32 16 15 0 34 37 31 37 11 41 18 41 33 41 13 40 31 21 40 26 37 13 14 1 7 16 22 12 19 35 25 20 33 18 19 42 
15 39 18 31 33 14 42 38 29 23 30 11 18 43 43 29 45 31 34 0 32 40 7 40 35 22 43 23 34 29 13 3 13 16 12 41 22 26 33 41 37 17 21 35 2 21 45 13 48 20 8 
19 20 26 55 41 41 25 5 41 34 26 24 17 21 13 4 33 22 37 32 0 14 28 33 4 20 10 9 4 23 24 29 32 21 39 10 36 42 35 40 24 41 31 20 35 46 31 19 37 20 36 
31 9 39 55 36 44 12 12 38 32 20 30 29 7 5 13 22 16 31 40 14 0 38 23 17 20 11 20 18 19 36 37 35 33 43 6 36 41 29 32 15 43 30 12 43 48 18 29 25 22 46 
9 38 11 37 37 21 41 33 34 27 32 11 12 41 40 25 46 32 37 7 28 38 0 42 29 22 39 19 29 30 6 6 18 9 19 38 26 32 36 44 37 24 25 34 8 28 46 8 49 20 8 
39 14 48 39 17 36 11 34 20 19 9 30 40 17 29 29 5 11 11 40 33 23 42 0 37 19 35 32 37 11 43 37 28 42 35 30 23 25 10 9 8 32 19 12 42 35 9 35 8 21 48 
20 24 25 58 45 44 29 6 45 38 30 27 18 25 15 9 38 27 41 35 4 17 29 37 0 24 11 12 0 28 25 31 36 21 42 12 40 47 39 45 29 45 35 25 37 49 35 21 42 24 38 
19 16 29 35 21 23 19 24 20 13 9 11 21 21 25 15 23 9 18 22 20 20 22 19 24 0 28 14 24 8 23 18 14 22 22 24 16 22 16 24 14 22 10 12 24 27 23 16 27 2 29 
30 20 36 63 46 50 24 5 47 41 30 34 28 18 6 14 33 26 41 43 10 11 39 35 11 28 0 20 11 28 35 39 42 31 49 4 44 50 39 43 26 50 38 22 46 55 30 30 37 28 47 
11 22 19 47 36 32 27 14 35 27 23 15 9 25 21 6 34 20 33 23 9 20 19 32 12 14 20 0 11 21 16 19 24 12 30 18 29 35 31 38 24 33 24 20 25 37 32 10 38 13 27 
20 24 24 58 45 43 29 6 45 37 30 26 17 25 16 8 38 27 41 34 4 18 29 37 0 24 11 11 0 28 24 30 35 20 42 13 40 46 39 45 29 44 34 25 36 49 35 20 42 23 37 
27 11 37 36 18 28 13 26 19 13 2 19 28 16 24 19 15 2 13 29 23 19 30 11 28 8 28 21 28 0 31 26 19 30 27 24 17 22 11 17 7 26 12 7 31 30 15 24 19 10 37 
5 37 5 44 41 27 41 29 38 31 33 15 7 40 37 22 47 33 40 13 24 36 6 43 25 23 35 16 24 31 0 11 23 3 25 34 31 37 39 47 37 30 28 34 15 34 46 7 51 21 13 
12 35 17 32 31 15 38 34 28 22 27 7 15 39 40 25 41 28 31 3 29 37 6 37 31 18 39 19 30 26 11 0 12 14 13 37 20 26 30 39 33 18 19 31 6 22 42 9 45 16 10 
21 31 29 22 19 9 33 37 16 10 20 9 24 35 40 28 33 22 21 13 32 35 18 28 36 14 42 24 35 19 23 12 0 24 7 38 8 14 20 28 27 8 8 26 14 13 35 18 37 13 21 
3 35 6 46 41 29 39 26 39 32 32 15 3 37 34 19 45 31 40 16 21 33 9 42 21 22 31 12 20 30 3 14 24 0 27 31 32 38 38 46 36 32 28 32 18 36 44 6 49 20 17 
25 38 30 18 23 1 41 44 19 16 27 15 29 43 47 35 41 30 26 12 39 43 19 35 42 22 49 30 42 27 25 13 7 27 0 46 13 15 26 33 34 5 15 34 12 8 42 22 43 21 19 
29 15 36 59 42 47 19 6 43 37 26 31 27 14 3 12 29 22 37 41 10 6 38 30 12 24 4 18 13 24 34 37 38 31 46 0 40 46 35 39 22 46 34 18 44 51 25 29 32 24 46 
29 29 37 19 11 13 30 40 7 4 17 16 32 34 41 32 29 20 13 22 36 36 26 23 40 16 44 29 40 17 31 20 8 32 13 40 0 6 13 20 24 9 5 25 23 12 31 25 31 16 30 
35 34 43 14 9 14 34 46 5 9 21 22 38 38 46 38 31 25 14 26 42 41 32 25 47 22 50 35 46 22 37 26 14 38 15 46 6 0 15 20 28 10 11 30 27 11 34 31 32 22 34 
35 20 44 29 7 26 20 37 10 9 9 24 37 25 35 30 15 13 1 33 35 29 36 10 39 16 39 31 39 11 39 30 20 38 26 35 13 15 0 8 14 22 11 17 34 25 18 31 17 18 41 
43 23 52 33 11 33 21 42 15 17 14 32 45 26 38 36 13 18 7 41 40 32 44 9 45 24 43 38 45 17 47 39 28 46 33 39 20 20 8 0 16 29 19 21 42 31 17 39 13 25 49 
33 6 42 42 21 35 6 25 23 20 7 26 33 10 21 21 9 5 16 37 24 15 37 8 29 14 26 24 29 7 37 33 27 36 34 22 24 28 14 16 0 33 19 4 39 37 8 30 13 16 44 
29 37 35 14 19 4 39 45 15 13 25 17 32 42 48 37 38 29 22 17 41 43 24 32 45 22 50 33 44 26 30 18 8 32 5 46 9 10 22 29 33 0 13 33 17 4 40 26 40 22 24 
25 24 34 25 12 16 25 34 10 3 12 13 28 29 35 26 25 15 12 21 31 30 25 19 35 10 38 24 34 12 28 19 8 28 15 34 5 11 11 19 19 13 0 20 23 17 27 22 28 11 29 
29 4 39 44 24 35 7 21 26 21 8 24 30 8 17 17 13 4 19 35 20 12 34 12 25 12 22 20 25 7 34 31 26 32 34 18 25 30 17 21 4 33 20 0 37 37 11 27 17 14 42 
17 41 19 30 34 13 44 40 30 25 33 13 20 45 46 32 47 34 35 2 35 43 8 42 37 24 46 25 36 31 15 6 14 18 12 44 23 27 34 42 39 17 23 37 0 20 47 15 50 22 6 
33 42 39 9 20 7 43 50 16 16 29 22 37 46 52 41 41 33 25 21 46 48 28 35 49 27 55 37 49 30 34 22 13 36 8 51 12 11 25 31 37 4 17 37 20 0 44 30 43 26 27 
41 10 50 48 26 43 6 30 29 27 15 34 41 11 23 28 4 13 20 45 31 18 46 9 35 23 30 32 35 15 46 42 35 44 42 25 31 34 18 17 8 40 27 11 47 44 0 38 7 25 53 
3 30 12 40 34 24 34 25 32 25 26 8 6 33 31 17 39 25 33 13 19 29 8 35 21 16 30 10 20 24 7 9 18 6 22 29 25 31 31 39 30 26 22 27 15 30 38 0 43 14 17 
46 17 55 46 23 44 13 37 27 27 17 38 47 18 31 34 4 18 18 48 37 25 49 8 42 27 37 38 42 19 51 45 37 49 43 32 31 32 17 13 13 40 28 17 50 43 7 43 0 29 56 
17 18 27 35 22 22 21 24 21 14 11 9 19 22 26 15 25 11 19 20 20 22 20 21 24 2 28 13 23 10 21 16 13 20 21 24 16 22 18 25 16 22 11 14 22 26 25 14 29 0 27 
17 45 16 36 41 20 49 42 37 31 38 18 20 49 48 34 52 39 42 8 36 46 8 48 38 29 47 27 37 37 13 10 21 17 19 46 30 34 41 49 44 24 29 42 6 27 53 17 56 27 0 
0 792
70 307
372 609
551 788
347 584
14 251
492 729
447 684
139 376
421 658
286 523
410 647
69 306
538 775
60 297
262 499
113 350
86 323
314 551
407 644
195 432
73 310
282 519
495 732
484 721
388 625
485 722
196 433
400 637
383 620
314 551
419 656
524 761
260 497
169 406
465 702
289 526
2 239
8 245
179 416
245 482
449 686
36 273
309 546
519 756
401 638
95 332
426 663
288 525
289 526
369 606
