51
0 47 44 25 52 37 31 49 24 27 40 22 15 9 30 13 39 35 6 44 31 40 43 40 17 44 12 23 17 46 34 53 33 7 35 33 24 39 24 46 53 17 35 52 25 35 40 31 19 43 19 
47 0 14 31 22 34 40 25 32 29 28 52 31 37 51 33 33 11 45 7 16 10 20 18 30 6 49 28 31 24 12 28 13 41 44 19 25 9 23 20 26 35 17 24 43 11 19 20 33 14 41 
44 14 0 22 36 43 47 38 23 20 39 55 28 35 56 30 43 14 40 6 15 20 32 4 31 8 42 21 26 37 17 42 17 40 51 28 19 19 24 33 40 28 8 38 48 15 30 26 37 0 44 
25 31 22 0 47 43 42 47 1 2 42 43 15 19 47 14 44 22 20 25 18 30 39 18 20 26 20 4 10 44 23 51 22 24 47 30 7 29 19 42 50 7 14 48 40 22 36 27 28 21 34 
52 22 36 47 0 21 31 5 48 46 15 47 39 43 42 42 20 25 54 29 29 17 9 39 35 28 59 43 42 7 23 6 24 45 32 18 39 19 30 6 4 48 37 1 36 25 12 22 33 37 38 
37 34 43 43 21 0 9 17 43 43 6 26 30 30 20 32 1 29 41 38 29 24 15 44 24 37 48 39 35 14 26 19 26 30 10 15 36 25 24 17 19 41 40 21 16 28 15 17 18 44 19 
31 40 47 42 31 9 0 26 42 43 16 17 28 26 11 29 11 33 36 43 32 30 23 47 22 42 43 38 33 23 30 29 29 24 4 20 36 31 24 26 29 38 42 30 6 32 22 21 14 47 11 
49 25 38 47 5 17 26 0 47 46 10 43 38 41 37 40 15 26 52 32 29 18 7 41 33 30 57 42 41 3 24 4 24 42 27 17 39 20 29 5 3 47 38 4 32 26 10 20 30 39 34 
24 32 23 1 48 43 42 47 0 3 42 42 14 18 47 14 44 23 18 26 18 30 40 19 20 27 19 5 9 44 24 51 23 23 46 31 8 29 19 42 50 6 15 49 39 22 36 27 27 23 34 
27 29 20 2 46 43 43 46 3 0 41 44 15 21 48 16 44 21 22 23 16 28 38 15 21 24 22 4 11 43 22 50 21 26 47 30 7 27 19 41 49 9 12 47 41 20 35 27 29 19 35 
40 28 39 42 15 6 16 10 42 41 0 32 30 32 27 32 5 24 43 33 26 18 8 40 25 32 49 37 34 7 22 13 22 32 17 12 34 20 23 10 13 40 36 14 21 24 9 14 20 39 23 
22 52 55 43 47 26 17 43 42 44 32 0 28 23 9 28 28 42 29 53 39 42 39 53 24 52 35 39 33 40 40 46 39 19 18 33 39 43 31 42 46 36 48 47 11 42 37 32 18 55 11 
15 31 28 15 39 30 28 38 14 15 30 28 0 6 32 2 31 20 14 28 15 25 30 26 6 28 20 11 5 34 19 42 17 11 32 21 10 24 9 33 41 10 21 40 25 19 27 17 13 28 19 
9 37 35 19 43 30 26 41 18 21 32 23 6 0 28 5 32 26 11 35 21 30 34 32 7 35 17 16 10 37 24 45 23 4 30 24 16 29 14 37 44 13 27 43 22 25 31 21 12 35 16 
30 51 56 47 42 20 11 37 47 48 27 9 32 28 0 33 22 42 36 53 40 40 35 55 27 52 43 43 37 34 39 40 39 25 10 31 42 41 32 37 40 42 50 41 7 42 34 31 20 56 12 
13 33 30 14 42 32 29 40 14 16 32 28 2 5 33 0 33 22 12 30 17 27 33 27 7 30 17 11 4 37 21 44 20 10 33 23 11 26 11 36 43 9 22 42 26 21 29 20 14 30 20 
39 33 43 44 20 1 11 15 44 44 5 28 31 32 22 33 0 29 43 38 30 23 14 44 25 36 49 39 35 13 26 18 26 31 12 15 36 25 25 16 18 41 40 19 17 28 14 18 19 43 20 
35 11 14 22 25 29 33 26 23 21 24 42 20 26 42 22 29 0 34 10 5 8 19 15 19 9 38 18 20 23 2 30 3 30 37 13 15 6 12 21 28 25 12 26 34 0 16 11 23 14 31 
6 45 40 20 54 41 36 52 18 22 43 29 14 11 36 12 43 34 0 42 29 40 45 37 18 42 6 19 14 48 34 56 32 12 40 35 21 39 24 48 55 12 32 54 31 34 41 32 23 40 25 
44 7 6 25 29 38 43 32 26 23 33 53 28 35 53 30 38 10 42 0 13 14 26 10 29 1 44 23 27 30 13 35 14 39 47 23 20 13 22 27 33 30 11 31 45 11 24 22 34 7 42 
31 16 15 18 29 29 32 29 18 16 26 39 15 21 40 17 30 5 29 13 0 12 22 15 15 13 33 13 15 27 5 33 4 25 36 14 10 11 8 24 32 19 10 30 32 4 19 12 21 15 29 
40 10 20 30 17 24 30 18 30 28 18 42 25 30 40 27 23 8 40 14 12 0 11 22 22 13 44 26 26 16 6 22 7 33 33 9 22 1 16 13 20 31 19 18 33 8 9 10 24 20 31 
43 20 32 39 9 15 23 7 40 38 8 39 30 34 35 33 14 19 45 26 22 11 0 34 26 24 50 35 33 4 17 11 17 35 26 9 32 13 21 3 10 39 31 9 28 19 3 13 24 32 29 
40 18 4 18 39 44 47 41 19 15 40 53 26 32 55 27 44 15 37 10 15 22 34 0 29 12 38 17 23 39 18 44 18 37 51 28 16 21 23 35 43 24 5 40 47 15 31 26 35 4 43 
17 30 31 20 35 24 22 33 20 21 25 24 6 7 27 7 25 19 18 29 15 22 26 29 0 29 24 16 11 29 18 37 16 10 26 16 15 22 7 29 36 16 24 36 19 19 23 13 7 30 14 
44 6 8 26 28 37 42 30 27 24 32 52 28 35 52 30 36 9 42 1 13 13 24 12 29 0 45 23 27 29 12 33 13 39 46 21 21 11 21 25 32 31 12 29 44 10 22 21 33 8 41 
12 49 42 20 59 48 43 57 19 22 49 35 20 17 43 17 49 38 6 44 33 44 50 38 24 45 0 21 18 54 38 62 37 18 47 41 24 43 29 53 61 14 34 60 38 38 47 37 29 41 32 
23 28 21 4 43 39 38 42 5 4 37 39 11 16 43 11 39 18 19 23 13 26 35 17 16 23 21 0 6 39 19 46 18 21 42 26 3 24 14 37 45 7 13 44 36 18 31 22 24 20 30 
17 31 26 10 42 35 33 41 9 11 34 33 5 10 37 4 35 20 14 27 15 26 33 23 11 27 18 6 0 38 20 45 19 14 37 24 7 25 12 36 44 6 18 43 30 19 30 20 18 26 24 
46 24 37 44 7 14 23 3 44 43 7 40 34 37 34 37 13 23 48 30 27 16 4 39 29 29 54 39 38 0 21 7 22 38 25 13 36 18 26 3 6 44 36 7 29 23 7 17 27 37 31 
34 12 17 23 23 26 30 24 24 22 22 40 19 24 39 21 26 2 34 13 5 6 17 18 18 12 38 19 20 21 0 28 1 28 34 10 16 5 10 18 26 25 14 24 32 2 13 8 21 17 29 
53 28 42 51 6 19 29 4 51 50 13 46 42 45 40 44 18 30 56 35 33 22 11 44 37 33 62 46 45 7 28 0 29 46 29 21 43 23 33 9 1 51 42 4 35 30 15 24 34 42 37 
33 13 17 22 24 26 29 24 23 21 22 39 17 23 39 20 26 3 32 14 4 7 17 18 16 13 37 18 19 22 1 29 0 27 33 10 15 6 9 19 27 24 14 25 31 3 14 8 20 17 28 
7 41 40 24 45 30 24 42 23 26 32 19 11 4 25 10 31 30 12 39 25 33 35 37 10 39 18 21 14 38 28 46 27 0 28 26 21 33 17 38 45 17 32 45 19 29 32 23 11 39 13 
35 44 51 47 32 10 4 27 46 47 17 18 32 30 10 33 12 37 40 47 36 33 26 51 26 46 47 42 37 25 34 29 33 28 0 24 40 34 29 28 30 43 46 31 9 36 25 25 19 51 15 
33 19 28 30 18 15 20 17 31 30 12 33 21 24 31 23 15 13 35 23 14 9 9 28 16 21 41 26 24 13 10 21 10 26 24 0 23 10 12 12 20 30 24 19 23 13 6 3 16 28 22 
24 25 19 7 39 36 36 39 8 7 34 39 10 16 42 11 36 15 21 20 10 22 32 16 15 21 24 3 7 36 16 43 15 21 40 23 0 21 11 34 42 9 11 40 34 15 28 19 22 18 29 
39 9 19 29 19 25 31 20 29 27 20 43 24 29 41 26 25 6 39 13 11 1 13 21 22 11 43 24 25 18 5 23 6 33 34 10 21 0 15 14 22 30 18 20 33 6 11 10 24 19 32 
24 23 24 19 30 24 24 29 19 19 23 31 9 14 32 11 25 12 24 22 8 16 21 23 7 21 29 14 12 26 10 33 9 17 29 12 11 15 0 24 32 18 18 31 24 11 18 8 12 24 20 
46 20 33 42 6 17 26 5 42 41 10 42 33 37 37 36 16 21 48 27 24 13 3 35 29 25 53 37 36 3 18 9 19 38 28 12 34 14 24 0 7 42 33 6 31 21 6 16 27 33 32 
53 26 40 50 4 19 29 3 50 49 13 46 41 44 40 43 18 28 55 33 32 20 10 43 36 32 61 45 44 6 26 1 27 45 30 20 42 22 32 7 0 50 40 2 35 28 13 23 33 40 37 
17 35 28 7 48 41 38 47 6 9 40 36 10 13 42 9 41 25 12 30 19 31 39 24 16 31 14 7 6 44 25 51 24 17 43 30 9 30 18 42 50 0 20 49 35 24 36 26 24 27 29 
35 17 8 14 37 40 42 38 15 12 36 48 21 27 50 22 40 12 32 11 10 19 31 5 24 12 34 13 18 36 14 42 14 32 46 24 11 18 18 33 40 20 0 38 42 12 28 22 30 7 38 
52 24 38 48 1 21 30 4 49 47 14 47 40 43 41 42 19 26 54 31 30 18 9 40 36 29 60 44 43 7 24 4 25 45 31 19 40 20 31 6 2 49 38 0 36 26 12 22 33 38 38 
25 43 48 40 36 16 6 32 39 41 21 11 25 22 7 26 17 34 31 45 32 33 28 47 19 44 38 36 30 29 32 35 31 19 9 23 34 33 24 31 35 35 42 36 0 34 27 23 12 48 6 
35 11 15 22 25 28 32 26 22 20 24 42 19 25 42 21 28 0 34 11 4 8 19 15 19 10 38 18 19 23 2 30 3 29 36 13 15 6 11 21 28 24 12 26 34 0 16 11 23 15 31 
40 19 30 36 12 15 22 10 36 35 9 37 27 31 34 29 14 16 41 24 19 9 3 31 23 22 47 31 30 7 13 15 14 32 25 6 28 11 18 6 13 36 28 12 27 16 0 9 21 30 27 
31 20 26 27 22 17 21 20 27 27 14 32 17 21 31 20 18 11 32 22 12 10 13 26 13 21 37 22 20 17 8 24 8 23 25 3 19 10 8 16 23 26 22 22 23 11 9 0 14 26 21 
19 33 37 28 33 18 14 30 27 29 20 18 13 12 20 14 19 23 23 34 21 24 24 35 7 33 29 24 18 27 21 34 20 11 19 16 22 24 12 27 33 24 30 33 12 23 21 14 0 36 7 
43 14 0 21 37 44 47 39 23 19 39 55 28 35 56 30 43 14 40 7 15 20 32 4 30 8 41 20 26 37 17 42 17 39 51 28 18 19 24 33 40 27 7 38 48 15 30 26 36 0 44 
19 41 44 34 38 19 11 34 34 35 23 11 19 16 12 20 20 31 25 42 29 31 29 43 14 41 32 30 24 31 29 37 28 13 15 22 29 32 20 32 37 29 38 38 6 31 27 21 7 44 0 
0 300
120 270
103 253
144 294
114 264
136 286
100 250
134 284
24 174
104 254
41 191
9 159
31 181
88 238
90 240
115 265
21 171
17 167
45 195
62 212
87 237
8 158
35 185
21 171
118 268
107 257
63 213
18 168
119 269
36 186
58 208
71 221
12 162
82 232
106 256
134 284
26 176
4 154
105 255
123 273
86 236
138 288
135 285
79 229
13 163
4 154
26 176
144 294
71 221
105 255
29 179
