51
0 41 1 13 16 22 48 32 37 31 21 32 48 45 3 12 23 6 8 44 43 8 34 28 20 7 36 32 35 36 16 32 19 41 35 22 23 50 30 9 39 27 40 43 9 21 12 36 38 47 5 
41 0 41 27 27 19 13 23 19 10 19 9 17 12 42 53 23 39 48 15 8 48 17 21 27 46 10 48 17 20 46 48 34 28 39 29 20 19 25 39 9 47 42 11 49 31 45 47 47 18 46 
1 41 0 13 17 22 48 31 37 31 22 33 48 45 1 11 24 5 8 44 43 7 34 29 21 8 36 30 35 36 15 31 18 40 34 21 23 50 29 7 39 25 38 43 9 23 11 34 36 47 5 
13 27 13 0 8 9 35 21 25 18 8 19 35 31 14 25 14 12 21 31 29 20 22 18 13 19 23 31 23 24 21 32 15 31 30 14 11 37 20 12 26 28 34 29 22 17 19 34 35 35 18 
16 27 17 8 0 14 37 27 30 16 10 18 39 34 19 29 6 18 21 35 31 24 27 11 4 19 26 40 28 30 29 40 23 37 38 22 17 41 27 19 28 36 43 32 23 9 26 42 44 38 20 
22 19 22 9 14 0 26 13 16 12 4 13 26 22 23 33 16 20 30 22 20 28 13 18 18 29 13 31 14 16 26 32 15 23 26 11 3 28 13 19 17 29 30 20 31 22 25 32 33 25 27 
48 13 48 35 37 26 0 21 14 22 28 21 5 3 49 59 36 45 56 6 6 54 16 33 39 55 12 47 15 16 49 47 36 21 35 31 25 6 24 44 9 47 37 5 58 43 49 44 44 6 54 
32 23 31 21 27 13 21 0 7 22 18 21 18 18 31 40 30 27 40 15 18 36 6 31 31 39 12 25 6 5 28 25 15 9 15 10 10 20 2 25 15 25 19 16 41 36 29 23 24 17 36 
37 19 37 25 30 16 14 7 0 21 20 20 11 11 37 47 31 33 45 8 12 42 3 32 34 45 8 32 2 2 35 32 22 9 20 17 14 13 9 31 10 32 23 10 47 38 36 29 29 10 42 
31 10 31 18 16 12 22 22 21 0 10 1 25 20 32 43 13 30 37 21 16 38 18 11 16 36 13 44 18 22 38 44 28 30 37 24 15 27 23 30 14 42 41 18 39 20 36 44 45 25 36 
21 19 22 8 10 4 28 18 20 10 0 11 28 24 22 33 12 20 29 24 22 29 16 14 13 27 16 35 18 20 28 36 19 27 30 16 8 31 18 20 18 33 35 22 30 18 26 36 38 28 26 
32 9 33 19 18 13 21 21 20 1 11 0 23 18 34 44 15 31 39 20 15 40 17 12 18 37 12 44 18 21 39 44 28 29 37 24 15 25 23 31 13 42 41 16 41 22 38 44 45 24 37 
48 17 48 35 39 26 5 18 11 25 28 23 0 5 48 58 38 44 56 4 9 53 14 36 41 55 12 43 13 13 47 43 34 16 31 29 24 2 21 43 10 44 33 7 57 45 47 39 39 1 53 
45 12 45 31 34 22 3 18 11 20 24 18 5 0 45 55 33 41 53 3 3 51 12 31 36 51 8 43 11 13 45 43 33 19 32 27 21 7 20 40 5 43 34 1 54 40 45 41 41 6 50 
3 42 1 14 19 23 49 31 37 32 22 34 48 45 0 10 25 4 9 44 43 6 34 30 22 10 36 28 35 35 13 29 17 39 33 20 23 50 29 6 39 24 37 43 10 25 9 33 35 47 5 
12 53 11 25 29 33 59 40 47 43 33 44 58 55 10 0 35 13 10 54 54 4 44 40 32 12 47 31 45 45 15 32 25 48 39 29 34 60 38 15 50 27 43 54 8 33 12 37 39 57 8 
23 23 24 14 6 16 36 30 31 13 12 15 38 33 25 35 0 25 28 34 30 31 28 5 3 25 25 46 29 32 35 46 29 39 42 27 20 40 30 26 27 42 47 31 29 7 32 47 49 38 27 
6 39 5 12 18 20 45 27 33 30 20 31 44 41 4 13 25 0 14 40 40 9 30 30 23 14 33 25 31 31 10 25 12 35 29 16 20 46 25 2 36 20 33 40 14 26 7 29 31 43 10 
8 48 8 21 21 30 56 40 45 37 29 39 56 53 9 10 28 14 0 52 51 9 42 33 24 2 44 37 44 44 21 38 27 49 43 30 32 58 38 16 47 33 47 51 1 24 17 42 44 56 3 
44 15 44 31 35 22 6 15 8 21 24 20 4 3 44 54 34 40 52 0 7 49 10 33 37 51 8 40 9 10 43 40 31 15 28 25 20 6 17 39 7 41 31 4 53 41 44 37 37 3 49 
43 8 43 29 31 20 6 18 12 16 22 15 9 3 43 54 30 40 51 7 0 49 12 28 33 49 7 44 12 14 45 44 32 21 33 27 20 10 21 39 4 44 36 2 52 37 45 42 42 10 48 
8 48 7 20 24 28 54 36 42 38 29 40 53 51 6 4 31 9 9 49 49 0 39 36 28 10 42 29 40 41 13 30 21 44 36 25 29 56 34 10 45 24 40 49 8 30 9 34 36 53 5 
34 17 34 22 27 13 16 6 3 18 16 17 14 12 34 44 28 30 42 10 12 39 0 28 30 41 6 31 1 3 33 32 20 12 21 15 10 16 8 28 9 31 25 11 43 35 33 29 30 13 39 
28 21 29 18 11 18 33 31 32 11 14 12 36 31 30 40 5 30 33 33 28 36 28 0 8 30 24 49 29 32 40 50 32 40 45 30 22 38 32 31 26 46 49 29 35 10 37 50 52 37 32 
20 27 21 13 4 18 39 31 34 16 13 18 41 36 22 32 3 23 24 37 33 28 30 8 0 22 28 45 31 34 33 45 28 41 43 27 21 43 31 24 30 41 47 34 26 4 30 47 48 41 23 
7 46 8 19 19 29 55 39 45 36 27 37 55 51 10 12 25 14 2 51 49 10 41 30 22 0 43 39 43 44 22 39 27 48 43 29 31 57 38 16 46 34 47 49 4 22 18 43 45 54 5 
36 10 36 23 26 13 12 12 8 13 16 12 12 8 36 47 25 33 44 8 7 42 6 24 28 43 0 38 6 10 38 38 25 17 28 20 13 15 14 32 3 37 31 6 45 32 37 36 37 12 41 
32 48 30 31 40 31 47 25 32 44 35 44 43 43 28 31 46 25 37 40 44 29 31 49 45 39 38 0 32 30 16 0 16 27 13 19 29 44 23 23 41 4 14 42 37 49 20 6 7 41 34 
35 17 35 23 28 14 15 6 2 18 18 18 13 11 35 45 29 31 44 9 12 40 1 29 31 43 6 32 0 3 34 32 21 11 21 16 12 15 9 30 8 32 25 10 45 36 34 30 30 12 40 
36 20 36 24 30 16 16 5 2 22 20 21 13 13 35 45 32 31 44 10 14 41 3 32 34 44 10 30 3 0 33 30 21 8 18 16 13 15 7 30 11 30 22 12 46 38 34 27 27 12 41 
16 46 15 21 29 26 49 28 35 38 28 39 47 45 13 15 35 10 21 43 45 13 33 40 33 22 38 16 34 33 0 17 12 34 24 17 25 49 26 9 41 11 27 44 21 36 3 21 23 46 17 
32 48 31 32 40 32 47 25 32 44 36 44 43 43 29 32 46 25 38 40 44 30 32 50 45 39 38 0 32 30 17 0 17 27 13 20 29 45 23 23 41 5 13 42 38 49 20 5 7 42 34 
19 34 18 15 23 15 36 15 22 28 19 28 34 33 17 25 29 12 27 31 32 21 20 32 28 27 25 16 21 21 12 17 0 23 16 5 13 36 13 10 28 13 21 31 27 32 13 19 20 33 23 
41 28 40 31 37 23 21 9 9 30 27 29 16 19 39 48 39 35 49 15 21 44 12 40 41 48 17 27 11 8 34 27 23 0 14 19 20 17 10 33 19 28 16 18 50 46 36 23 23 15 45 
35 39 34 30 38 26 35 15 20 37 30 37 31 32 33 39 42 29 43 28 33 36 21 45 43 43 28 13 21 18 24 13 16 14 0 15 22 32 13 26 30 15 4 31 43 47 27 8 9 29 39 
22 29 21 14 22 11 31 10 17 24 16 24 29 27 20 29 27 16 30 25 27 25 15 30 27 29 20 19 16 16 17 20 5 19 15 0 9 31 9 14 23 17 20 26 30 31 18 20 22 28 26 
23 20 23 11 17 3 25 10 14 15 8 15 24 21 23 34 20 20 32 20 20 29 10 22 21 31 13 29 12 13 25 29 13 20 22 9 0 26 10 19 16 27 27 19 33 26 24 29 30 23 29 
50 19 50 37 41 28 6 20 13 27 31 25 2 7 50 60 40 46 58 6 10 56 16 38 43 57 15 44 15 15 49 45 36 17 32 31 26 0 23 45 12 45 34 9 60 47 49 41 41 3 55 
30 25 29 20 27 13 24 2 9 23 18 23 21 20 29 38 30 25 38 17 21 34 8 32 31 38 14 23 9 7 26 23 13 10 13 9 10 23 0 23 17 23 18 19 39 36 27 21 22 20 35 
9 39 7 12 19 19 44 25 31 30 20 31 43 40 6 15 26 2 16 39 39 10 28 31 24 16 32 23 30 30 9 23 10 33 26 14 19 45 23 0 35 18 31 38 17 27 6 27 28 42 12 
39 9 39 26 28 17 9 15 10 14 18 13 10 5 39 50 27 36 47 7 4 45 9 26 30 46 3 41 8 11 41 41 28 19 30 23 16 12 17 35 0 40 33 3 48 34 41 39 39 11 44 
27 47 25 28 36 29 47 25 32 42 33 42 44 43 24 27 42 20 33 41 44 24 31 46 41 34 37 4 32 30 11 5 13 28 15 17 27 45 23 18 40 0 17 42 32 45 15 10 12 42 29 
40 42 38 34 43 30 37 19 23 41 35 41 33 34 37 43 47 33 47 31 36 40 25 49 47 47 31 14 25 22 27 13 21 16 4 20 27 34 18 31 33 17 0 34 47 52 30 8 7 31 43 
43 11 43 29 32 20 5 16 10 18 22 16 7 1 43 54 31 40 51 4 2 49 11 29 34 49 6 42 10 12 44 42 31 18 31 26 19 9 19 38 3 42 34 0 52 38 44 40 40 7 48 
9 49 9 22 23 31 58 41 47 39 30 41 57 54 10 8 29 14 1 53 52 8 43 35 26 4 45 37 45 46 21 38 27 50 43 30 33 60 39 17 48 32 47 52 0 26 17 42 44 57 4 
21 31 23 17 9 22 43 36 38 20 18 22 45 40 25 33 7 26 24 41 37 30 35 10 4 22 32 49 36 38 36 49 32 46 47 31 26 47 36 27 34 45 52 38 26 0 33 51 53 45 25 
12 45 11 19 26 25 49 29 36 36 26 38 47 45 9 12 32 7 17 44 45 9 33 37 30 18 37 20 34 34 3 20 13 36 27 18 24 49 27 6 41 15 30 44 17 33 0 25 27 46 13 
36 47 34 34 42 32 44 23 29 44 36 44 39 41 33 37 47 29 42 37 42 34 29 50 47 43 36 6 30 27 21 5 19 23 8 20 29 41 21 27 39 10 8 40 42 51 25 0 1 38 38 
38 47 36 35 44 33 44 24 29 45 38 45 39 41 35 39 49 31 44 37 42 36 30 52 48 45 37 7 30 27 23 7 20 23 9 22 30 41 22 28 39 12 7 40 44 53 27 1 0 38 40 
47 18 47 35 38 25 6 17 10 25 28 24 1 6 47 57 38 43 56 3 10 53 13 37 41 54 12 41 12 12 46 42 33 15 29 28 23 3 20 42 11 42 31 7 57 45 46 38 38 0 52 
5 46 5 18 20 27 54 36 42 36 26 37 53 50 5 8 27 10 3 49 48 5 39 32 23 5 41 34 40 41 17 34 23 45 39 26 29 55 35 12 44 29 43 48 4 25 13 38 40 52 0 
0 464
213 305
258 350
96 188
63 155
63 155
240 332
371 463
257 349
56 148
147 239
252 344
84 176
355 447
167 259
64 156
149 241
330 422
369 461
16 108
280 372
266 358
371 463
308 400
61 153
194 286
148 240
326 418
371 463
120 212
53 145
278 370
231 323
266 358
158 250
246 338
201 293
245 337
255 347
247 339
60 152
362 454
259 351
359 451
170 262
72 164
244 336
13 105
34 126
120 212
37 129
