51
0 21 12 1 13 20 19 15 13 25 20 11 26 22 6 16 22 24 16 17 28 15 7 17 36 28 12 27 22 24 21 8 18 21 21 12 5 22 7 14 19 16 13 21 30 27 14 26 19 11 21 
21 0 27 20 24 23 4 32 35 22 41 24 15 1 26 18 27 36 5 3 20 34 26 30 17 18 29 29 29 8 8 15 3 7 24 31 15 43 25 8 30 36 15 30 12 24 27 10 13 14 30 
12 27 0 12 4 32 23 4 14 19 16 22 25 28 14 28 34 12 24 24 24 22 17 5 39 38 21 39 11 27 23 19 25 29 33 5 15 21 18 19 7 21 25 33 32 21 3 35 18 13 10 
1 20 12 0 13 20 17 15 15 24 21 11 25 21 7 15 22 24 15 16 27 16 8 17 35 27 13 27 22 23 20 7 17 20 21 13 4 23 8 13 19 17 13 22 29 26 14 25 18 10 21 
13 24 4 13 0 33 20 8 19 15 20 24 21 25 17 28 35 12 23 22 20 26 20 5 35 38 24 40 8 23 19 19 23 28 34 9 15 25 20 16 6 25 25 35 29 16 2 33 14 10 7 
20 23 32 20 33 0 26 35 28 41 37 11 37 25 20 5 3 45 18 21 41 21 17 37 40 13 16 7 41 31 30 14 20 17 0 32 18 35 15 23 39 24 9 8 36 43 35 19 32 26 41 
19 4 23 17 20 26 0 28 32 18 38 24 11 5 24 20 29 31 7 4 16 33 25 26 17 23 29 32 25 6 4 14 6 11 26 27 13 40 24 4 25 34 17 32 12 19 22 15 8 10 26 
15 32 4 15 8 35 28 0 13 23 12 25 30 33 15 31 36 11 29 29 28 22 19 5 44 42 22 42 13 31 28 22 30 34 36 2 19 18 20 24 8 20 28 35 37 24 7 39 23 18 11 
13 35 14 15 19 28 32 13 0 34 8 17 38 36 9 26 29 24 30 31 38 10 11 18 50 39 13 35 26 37 34 21 32 34 29 10 19 8 13 27 21 7 25 26 44 36 18 39 30 23 24 
25 22 19 24 15 41 18 23 34 0 35 35 10 22 30 35 44 19 24 22 5 39 32 18 25 41 37 48 12 16 14 27 23 29 42 24 23 41 32 17 15 39 31 45 19 1 16 33 9 15 14 
20 41 16 21 20 37 38 12 8 35 0 26 42 42 17 35 37 21 37 38 40 18 19 17 55 47 21 44 25 42 39 28 38 41 38 11 26 7 21 33 20 15 33 34 48 37 19 47 34 28 23 
11 24 22 11 24 11 24 25 17 35 26 0 34 26 9 9 11 35 18 21 37 11 6 28 41 22 6 17 33 30 28 9 21 21 11 22 12 24 4 20 30 14 10 10 36 37 26 25 27 20 32 
26 15 25 25 21 37 11 30 38 10 42 34 0 14 32 31 40 29 19 16 5 41 34 26 15 34 38 43 21 7 7 25 17 22 38 30 22 46 33 14 24 42 28 43 9 11 23 25 7 15 23 
22 1 28 21 25 25 5 33 36 22 42 26 14 0 28 20 28 36 7 4 19 35 28 31 15 20 31 30 30 7 8 16 5 8 25 32 16 44 26 9 30 37 17 32 11 24 27 11 13 14 31 
6 26 14 7 17 20 24 15 9 30 17 9 32 28 0 17 21 26 21 23 33 9 3 19 42 30 7 27 25 30 27 12 23 25 21 12 11 17 4 20 22 10 16 19 36 32 17 30 25 17 24 
16 18 28 15 28 5 20 31 26 35 35 9 31 20 17 0 8 40 12 16 35 21 15 33 35 12 16 12 36 26 24 9 15 13 6 29 13 34 13 18 34 24 3 12 31 37 30 15 26 20 36 
22 27 34 22 35 3 29 36 29 44 37 11 40 28 21 8 0 47 21 24 44 20 18 39 43 16 16 6 44 35 33 17 23 21 3 34 21 35 16 26 41 23 12 5 39 45 37 22 34 29 43 
24 36 12 24 12 45 31 11 24 19 21 35 29 36 26 40 47 0 35 34 25 33 30 7 44 50 34 52 7 33 30 31 35 40 46 14 27 28 31 28 6 32 37 46 38 20 10 45 24 22 5 
16 5 24 15 23 18 7 29 30 24 37 18 19 7 21 12 21 35 0 3 23 28 21 28 22 16 24 24 29 13 12 9 2 5 19 27 10 38 19 7 28 30 9 25 18 26 25 10 14 12 29 
17 3 24 16 22 21 4 29 31 22 38 21 16 4 23 16 24 34 3 0 21 31 23 28 20 18 26 27 28 10 9 12 1 6 22 28 12 40 21 5 28 32 12 28 15 24 24 11 12 11 28 
28 20 24 27 20 41 16 28 38 5 40 37 5 19 33 35 44 25 23 21 0 43 35 24 20 39 40 48 18 13 11 28 22 27 42 29 25 45 35 17 21 43 32 46 14 5 21 31 9 16 20 
15 34 22 16 26 21 33 22 10 39 18 11 41 35 9 21 20 33 28 31 43 0 7 27 51 33 5 26 34 39 36 19 30 31 22 19 19 14 9 28 30 3 21 16 45 41 26 36 34 26 32 
7 26 17 8 20 17 25 19 11 32 19 6 34 28 3 15 18 30 21 23 35 7 0 22 43 28 4 24 28 31 28 11 23 24 18 16 11 18 2 20 25 9 14 16 37 34 21 29 26 19 27 
17 30 5 17 5 37 26 5 18 18 17 28 26 31 19 33 39 7 28 28 24 27 22 0 40 43 26 45 7 28 25 23 29 33 38 8 20 23 23 22 3 25 30 38 34 19 3 39 20 16 5 
36 17 39 35 35 40 17 44 50 25 55 41 15 15 42 35 43 44 22 20 20 51 43 40 0 31 46 44 37 12 16 32 20 22 40 44 31 58 41 22 39 52 32 47 6 26 37 22 20 26 38 
28 18 38 27 38 13 23 42 39 41 47 22 34 20 30 12 16 50 16 18 39 33 28 43 31 0 28 14 45 27 27 20 17 12 13 40 23 47 26 23 44 36 14 21 30 42 40 9 31 28 45 
12 29 21 13 24 16 29 22 13 37 21 6 38 31 7 16 16 34 24 26 40 5 4 26 46 28 0 22 33 35 32 14 26 26 17 20 15 18 5 24 29 8 16 13 41 39 25 31 30 23 32 
27 29 39 27 40 7 32 42 35 48 44 17 43 30 27 12 6 52 24 27 48 26 24 45 44 14 22 0 49 37 36 21 26 22 6 40 26 41 22 30 46 30 16 10 41 50 42 22 38 33 48 
22 29 11 22 8 41 25 13 26 12 25 33 21 30 25 36 44 7 29 28 18 34 28 7 37 45 33 49 0 26 22 27 29 34 42 15 23 31 29 22 4 33 33 43 30 12 7 39 17 17 2 
24 8 27 23 23 31 6 31 37 16 42 30 7 7 30 26 35 33 13 10 13 39 31 28 12 27 35 37 26 0 3 20 11 15 32 31 19 45 30 10 27 40 22 38 6 17 25 18 8 14 27 
21 8 23 20 19 30 4 28 34 14 39 28 7 8 27 24 33 30 12 9 11 36 28 25 16 27 32 36 22 3 0 18 10 15 31 28 16 42 27 7 24 37 21 36 9 15 22 19 5 10 24 
8 15 19 7 19 14 14 22 21 27 28 9 25 16 12 9 17 31 9 12 28 19 11 23 32 20 14 21 27 20 18 0 11 13 15 20 4 29 9 10 25 21 6 18 26 28 21 18 18 12 27 
18 3 25 17 23 20 6 30 32 23 38 21 17 5 23 15 23 35 2 1 22 30 23 29 20 17 26 26 29 11 10 11 0 5 21 29 12 40 21 6 29 32 11 27 16 25 25 10 14 12 30 
21 7 29 20 28 17 11 34 34 29 41 21 22 8 25 13 21 40 5 6 27 31 24 33 22 12 26 22 34 15 15 13 5 0 18 33 15 42 22 12 34 34 10 25 19 30 30 5 19 17 35 
21 24 33 21 34 0 26 36 29 42 38 11 38 25 21 6 3 46 19 22 42 22 18 38 40 13 17 6 42 32 31 15 21 18 0 33 19 36 16 24 40 25 10 8 37 43 36 19 32 27 42 
12 31 5 13 9 32 27 2 10 24 11 22 30 32 12 29 34 14 27 28 29 19 16 8 44 40 20 40 15 31 28 20 29 33 33 0 17 16 17 23 11 17 26 32 37 26 8 38 23 17 13 
5 15 15 4 15 18 13 19 19 23 26 12 22 16 11 13 21 27 10 12 25 19 11 20 31 23 15 26 23 19 16 4 12 15 19 17 0 28 10 9 21 21 10 21 25 25 17 20 15 8 23 
22 43 21 23 25 35 40 18 8 41 7 24 46 44 17 34 35 28 38 40 45 14 18 23 58 47 18 41 31 45 42 29 40 42 36 16 28 0 20 36 27 11 33 31 52 42 24 47 38 31 29 
7 25 18 8 20 15 24 20 13 32 21 4 33 26 4 13 16 31 19 21 35 9 2 23 41 26 5 22 29 30 27 9 21 22 16 17 10 20 0 19 26 11 12 14 36 34 21 27 25 18 28 
14 8 19 13 16 23 4 24 27 17 33 20 14 9 20 18 26 28 7 5 17 28 20 22 22 23 24 30 22 10 7 10 6 12 24 23 9 36 19 0 22 30 14 29 16 19 19 17 8 6 23 
19 30 7 19 6 39 25 8 21 15 20 30 24 30 22 34 41 6 28 28 21 30 25 3 39 44 29 46 4 27 24 25 29 34 40 11 21 27 26 22 0 28 31 40 32 16 4 39 18 16 2 
16 36 21 17 25 24 34 20 7 39 15 14 42 37 10 24 23 32 30 32 43 3 9 25 52 36 8 30 33 40 37 21 32 34 25 17 21 11 11 30 28 0 23 20 46 41 25 38 34 27 31 
13 15 25 13 25 9 17 28 25 31 33 10 28 17 16 3 12 37 9 12 32 21 14 30 32 14 16 16 33 22 21 6 11 10 10 26 10 33 12 14 31 23 0 15 28 33 27 14 22 17 33 
21 30 33 22 35 8 32 35 26 45 34 10 43 32 19 12 5 46 25 28 46 16 16 38 47 21 13 10 43 38 36 18 27 25 8 32 21 31 14 29 40 20 15 0 43 47 36 27 36 30 42 
30 12 32 29 29 36 12 37 44 19 48 36 9 11 36 31 39 38 18 15 14 45 37 34 6 30 41 41 30 6 9 26 16 19 37 37 25 52 36 16 32 46 28 43 0 20 31 20 14 20 32 
27 24 21 26 16 43 19 24 36 1 37 37 11 24 32 37 45 20 26 24 5 41 34 19 26 42 39 50 12 17 15 28 25 30 43 26 25 42 34 19 16 41 33 47 20 0 17 35 11 16 15 
14 27 3 14 2 35 22 7 18 16 19 26 23 27 17 30 37 10 25 24 21 26 21 3 37 40 25 42 7 25 22 21 25 30 36 8 17 24 21 19 4 25 27 36 31 17 0 36 16 13 6 
26 10 35 25 33 19 15 39 39 33 47 25 25 11 30 15 22 45 10 11 31 36 29 39 22 9 31 22 39 18 19 18 10 5 19 38 20 47 27 17 39 38 14 27 20 35 36 0 23 23 40 
19 13 18 18 14 32 8 23 30 9 34 27 7 13 25 26 34 24 14 12 9 34 26 20 20 31 30 38 17 8 5 18 14 19 32 23 15 38 25 8 18 34 22 36 14 11 16 23 0 7 18 
11 14 13 10 10 26 10 18 23 15 28 20 15 14 17 20 29 22 12 11 16 26 19 16 26 28 23 33 17 14 10 12 12 17 27 17 8 31 18 6 16 27 17 30 20 16 13 23 7 0 17 
21 30 10 21 7 41 26 11 24 14 23 32 23 31 24 36 43 5 29 28 20 32 27 5 38 45 32 48 2 27 24 27 30 35 42 13 23 29 28 23 2 31 33 42 32 15 6 40 18 17 0 
0 355
6 77
4 75
57 128
270 341
186 257
72 143
264 335
89 160
33 104
141 212
99 170
63 134
84 155
46 117
121 192
146 217
65 136
210 281
283 354
93 164
138 209
190 261
97 168
196 267
234 305
47 118
96 167
42 113
265 336
279 350
91 162
246 317
132 203
259 330
267 338
102 173
193 264
228 299
242 313
263 334
69 140
146 217
1 72
150 221
13 84
199 270
224 295
181 252
90 161
265 336
