51
0 43 19 27 19 45 23 14 19 33 8 31 42 22 41 43 47 9 21 16 22 42 48 8 25 43 34 29 17 35 29 46 23 20 21 22 20 49 46 52 20 21 13 26 46 29 38 38 10 25 28 
43 0 47 40 25 18 23 35 34 33 45 30 7 29 9 27 11 35 42 26 24 16 8 35 38 14 27 25 45 27 26 7 25 36 28 20 32 6 4 17 38 27 43 21 29 25 4 10 39 36 24 
19 47 0 46 23 56 23 12 13 49 10 22 43 37 41 35 55 25 6 26 22 39 55 17 12 41 26 43 2 27 23 53 37 11 36 28 36 53 49 61 9 19 6 38 37 23 42 46 10 43 24 
27 40 46 0 31 30 36 36 40 10 36 48 44 12 44 56 36 20 46 24 36 49 41 29 47 49 49 15 43 50 44 39 15 42 13 29 11 43 44 39 43 37 39 19 59 43 37 30 35 3 42 
19 25 23 31 0 33 5 10 11 31 20 17 23 19 22 26 32 14 19 6 4 23 32 11 18 24 18 22 21 19 13 30 17 14 17 5 20 31 28 38 15 6 18 17 28 12 20 23 14 27 11 
45 18 56 30 33 0 35 43 45 20 51 45 25 25 27 45 8 36 53 31 35 35 13 41 50 33 43 17 54 43 41 12 22 47 25 28 27 18 21 8 49 38 51 18 47 40 19 11 46 28 38 
23 23 23 36 5 35 0 11 10 35 22 12 20 24 19 20 32 20 18 12 1 18 31 15 15 20 12 27 21 13 7 30 22 12 23 8 25 30 26 38 14 4 19 21 23 6 19 24 17 33 5 
14 35 12 36 10 43 11 0 5 38 11 17 32 25 30 29 42 15 10 13 10 30 42 7 11 31 20 31 10 21 15 40 24 7 24 15 25 41 37 48 7 8 8 26 31 15 30 33 5 32 15 
19 34 13 40 11 45 10 5 0 41 15 12 30 29 28 25 43 20 8 16 9 26 42 12 6 28 15 34 11 16 11 40 28 2 28 17 29 40 36 49 4 6 10 28 27 11 29 34 10 37 11 
33 33 49 10 31 20 35 38 41 0 41 47 38 12 38 53 27 24 48 25 35 45 32 32 48 44 47 8 47 48 43 30 13 44 13 27 13 35 37 29 45 37 43 15 55 42 30 23 39 9 40 
8 45 10 36 20 51 22 11 15 41 0 27 43 29 41 40 51 16 14 20 21 41 52 10 18 42 30 36 8 31 26 50 29 15 28 25 27 51 48 57 14 19 5 32 42 26 40 42 5 33 26 
31 30 22 48 17 45 12 17 12 47 27 0 24 36 22 13 41 30 16 24 12 17 38 23 10 19 3 39 22 4 4 37 34 12 35 20 37 35 31 47 13 11 22 33 14 5 26 34 22 45 7 
42 7 43 44 23 25 20 32 30 38 43 24 0 32 2 20 19 35 37 26 21 9 15 34 33 7 21 29 42 20 21 15 28 32 31 19 34 11 6 24 34 24 40 24 22 20 7 16 37 40 19 
22 29 37 12 19 25 24 25 29 12 29 36 32 0 32 43 28 12 36 12 23 37 31 20 36 37 36 7 35 37 32 29 3 32 1 16 3 33 33 32 32 25 31 8 46 31 25 20 26 8 29 
41 9 41 44 22 27 19 30 28 38 41 22 2 32 0 18 21 35 36 26 20 7 17 33 31 5 19 30 40 18 19 17 29 30 31 18 34 13 8 26 32 22 38 24 20 18 8 17 36 40 17 
43 27 35 56 26 45 20 29 25 53 40 13 20 43 18 0 39 41 29 33 21 10 35 35 23 12 9 44 35 8 14 35 41 25 42 27 45 31 26 44 27 22 35 38 2 14 25 34 35 52 15 
47 11 55 36 32 8 32 42 43 27 51 41 19 28 21 39 0 38 51 31 33 28 5 41 47 26 38 22 53 38 37 4 25 45 28 26 31 9 14 6 47 36 50 21 41 36 14 9 46 33 34 
9 35 25 20 14 36 20 15 20 24 16 30 35 12 35 41 38 0 25 8 19 37 40 8 27 38 32 19 23 33 27 38 13 22 11 16 11 40 39 43 23 19 19 17 43 26 30 29 14 17 25 
21 42 6 46 19 53 18 10 8 48 14 16 37 36 36 29 51 25 0 23 17 33 50 16 5 35 19 41 6 21 17 48 35 5 34 24 35 48 44 57 4 14 8 36 30 17 37 42 11 43 18 
16 26 26 24 6 31 12 13 16 25 20 24 26 12 26 33 31 8 23 0 11 28 32 9 23 29 24 17 23 25 19 30 11 19 11 7 13 32 30 37 20 12 20 12 35 19 22 22 15 21 17 
22 24 22 36 4 35 1 10 9 35 21 12 21 23 20 21 33 19 17 11 0 19 32 14 14 21 13 27 20 14 8 31 21 11 22 8 24 31 27 39 13 3 18 21 24 7 20 25 16 32 6 
42 16 39 49 23 35 18 30 26 45 41 17 9 37 7 10 28 37 33 28 19 0 24 33 28 2 14 36 38 13 16 24 34 28 36 21 39 20 15 34 29 21 37 30 12 15 15 24 35 45 15 
48 8 55 41 32 13 31 42 42 32 52 38 15 31 17 35 5 40 50 32 32 24 0 42 46 22 35 26 53 35 35 2 28 44 31 27 34 4 9 9 46 35 50 23 37 34 12 11 47 37 32 
8 35 17 29 11 41 15 7 12 32 10 23 34 20 33 35 41 8 16 9 14 33 42 0 18 35 25 26 14 27 20 40 20 14 19 15 19 41 38 47 14 12 11 22 37 20 30 32 6 26 19 
25 38 12 47 18 50 15 11 6 48 18 10 33 36 31 23 47 27 5 23 14 28 46 18 0 30 14 40 11 15 12 45 35 4 35 23 36 44 39 54 4 11 13 35 25 13 34 39 14 44 14 
43 14 41 49 24 33 20 31 28 44 42 19 7 37 5 12 26 38 35 29 21 2 22 35 30 0 16 35 40 15 18 22 33 30 36 22 39 18 13 32 31 23 39 30 14 17 14 23 37 45 16 
34 27 26 49 18 43 12 20 15 47 30 3 21 36 19 9 38 32 19 24 13 14 35 25 14 16 0 38 25 1 5 35 34 15 35 20 37 32 27 44 17 13 25 32 11 5 24 32 25 45 6 
29 25 43 15 22 17 27 31 34 8 36 39 29 7 30 44 22 19 41 17 27 36 26 26 40 35 38 0 41 39 34 24 6 36 8 18 10 28 29 25 37 29 37 6 46 33 22 15 33 11 31 
17 45 2 43 21 54 21 10 11 47 8 22 42 35 40 35 53 23 6 23 20 38 53 14 11 40 25 41 0 27 22 51 34 10 33 26 34 51 47 59 8 17 3 36 36 22 40 44 8 41 23 
35 27 27 50 19 43 13 21 16 48 31 4 20 37 18 8 38 33 21 25 14 13 35 27 15 15 1 39 27 0 6 35 35 17 36 20 38 32 27 44 18 14 27 33 10 6 24 32 26 46 8 
29 26 23 44 13 41 7 15 11 43 26 4 21 32 19 14 37 27 17 19 8 16 35 20 12 18 5 34 22 6 0 34 29 12 30 15 33 32 27 43 13 8 21 28 16 0 22 29 20 40 2 
46 7 53 39 30 12 30 40 40 30 50 37 15 29 17 35 4 38 48 30 31 24 2 40 45 22 35 24 51 35 34 0 26 43 29 25 32 5 9 9 44 34 49 21 37 33 11 9 45 35 31 
23 25 37 15 17 22 22 24 28 13 29 34 28 3 29 41 25 13 35 11 21 34 28 20 35 33 34 6 34 35 29 26 0 30 2 14 6 30 30 30 31 23 31 4 43 29 22 17 26 11 27 
20 36 11 42 14 47 12 7 2 44 15 12 32 32 30 25 45 22 5 19 11 28 44 14 4 30 15 36 10 17 12 43 30 0 30 19 32 42 38 51 1 8 10 31 27 12 31 37 10 39 13 
21 28 36 13 17 25 23 24 28 13 28 35 31 1 31 42 28 11 34 11 22 36 31 19 35 36 35 8 33 36 30 29 2 30 0 15 3 33 32 33 31 24 30 7 45 30 24 20 25 10 28 
22 20 28 29 5 28 8 15 17 27 25 20 19 16 18 27 26 16 24 7 8 21 27 15 23 22 20 18 26 20 15 25 14 19 15 0 18 26 23 32 21 11 23 12 29 14 15 17 19 25 13 
20 32 36 11 20 27 25 25 29 13 27 37 34 3 34 45 31 11 35 13 24 39 34 19 36 39 37 10 34 38 33 32 6 32 3 18 0 36 36 35 32 26 30 11 48 32 28 23 25 7 30 
49 6 53 43 31 18 30 41 40 35 51 35 11 33 13 31 9 40 48 32 31 20 4 41 44 18 32 28 51 32 32 5 30 42 33 26 36 0 5 14 44 34 49 25 33 31 11 13 46 40 30 
46 4 49 44 28 21 26 37 36 37 48 31 6 33 8 26 14 39 44 30 27 15 9 38 39 13 27 29 47 27 27 9 30 38 32 23 36 5 0 19 40 30 46 25 27 26 8 14 42 41 25 
52 17 61 39 38 8 38 48 49 29 57 47 24 32 26 44 6 43 57 37 39 34 9 47 54 32 44 25 59 44 43 9 30 51 33 32 35 14 19 0 53 42 56 25 46 42 20 14 52 36 40 
20 38 9 43 15 49 14 7 4 45 14 13 34 32 32 27 47 23 4 20 13 29 46 14 4 31 17 37 8 18 13 44 31 1 31 21 32 44 40 53 0 10 8 32 28 14 33 38 10 40 15 
21 27 19 37 6 38 4 8 6 37 19 11 24 25 22 22 36 19 14 12 3 21 35 12 11 23 13 29 17 14 8 34 23 8 24 11 26 34 30 42 10 0 16 23 24 7 23 28 13 33 7 
13 43 6 39 18 51 19 8 10 43 5 22 40 31 38 35 50 19 8 20 18 37 50 11 13 39 25 37 3 27 21 49 31 10 30 23 30 49 46 56 8 16 0 33 37 22 38 41 4 37 22 
26 21 38 19 17 18 21 26 28 15 32 33 24 8 24 38 21 17 36 12 21 30 23 22 35 30 32 6 36 33 28 21 4 31 7 12 11 25 25 25 32 23 33 0 40 27 17 12 28 15 25 
46 29 37 59 28 47 23 31 27 55 42 14 22 46 20 2 41 43 30 35 24 12 37 37 25 14 11 46 36 10 16 37 43 27 45 29 48 33 27 46 28 24 37 40 0 17 27 36 37 55 17 
29 25 23 43 12 40 6 15 11 42 26 5 20 31 18 14 36 26 17 19 7 15 34 20 13 17 5 33 22 6 0 33 29 12 30 14 32 31 26 42 14 7 22 27 17 0 21 28 20 39 1 
38 4 42 37 20 19 19 30 29 30 40 26 7 25 8 25 14 30 37 22 20 15 12 30 34 14 24 22 40 24 22 11 22 31 24 15 28 11 8 20 33 23 38 17 27 21 0 9 35 33 19 
38 10 46 30 23 11 24 33 34 23 42 34 16 20 17 34 9 29 42 22 25 24 11 32 39 23 32 15 44 32 29 9 17 37 20 17 23 13 14 14 38 28 41 12 36 28 9 0 37 27 26 
10 39 10 35 14 46 17 5 10 39 5 22 37 26 36 35 46 14 11 15 16 35 47 6 14 37 25 33 8 26 20 45 26 10 25 19 25 46 42 52 10 13 4 28 37 20 35 37 0 32 20 
25 36 43 3 27 28 33 32 37 9 33 45 40 8 40 52 33 17 43 21 32 45 37 26 44 45 45 11 41 46 40 35 11 39 10 25 7 40 41 36 40 33 37 15 55 39 33 27 32 0 38 
28 24 24 42 11 38 5 15 11 40 26 7 19 29 17 15 34 25 18 17 6 15 32 19 14 16 6 31 23 8 2 31 27 13 28 13 30 30 25 40 15 7 22 25 17 1 19 26 20 38 0 
0 519
40 247
16 223
304 511
32 239
282 489
38 245
166 373
309 516
267 474
0 207
247 454
292 499
12 219
147 354
31 238
25 232
48 255
265 472
97 304
284 491
55 262
237 444
10 217
125 332
299 506
18 225
32 239
111 318
12 219
96 303
146 353
205 412
261 468
0 207
80 287
233 440
54 261
234 441
133 340
218 425
119 326
216 423
70 277
267 474
12 219
234 441
136 343
277 484
216 423
117 324
