51
0 14 23 8 7 31 38 28 15 20 16 9 13 8 29 31 26 15 4 6 32 17 5 39 16 12 16 9 17 11 43 24 28 26 26 17 21 2 34 10 32 8 36 15 9 23 19 7 30 19 15 
14 0 34 6 22 44 41 32 22 31 27 22 26 10 23 35 36 30 13 19 20 4 16 41 24 25 30 12 22 6 46 33 16 41 41 29 9 14 37 11 41 23 40 24 21 17 8 22 23 33 30 
23 34 0 28 17 12 25 17 35 3 7 13 28 24 33 19 6 15 22 16 45 34 27 28 11 11 25 22 37 33 30 6 40 19 11 6 36 21 23 33 11 19 22 11 14 30 41 17 35 11 17 
8 6 28 0 15 38 38 29 18 26 21 16 20 5 24 32 31 23 6 13 25 9 11 39 19 19 24 8 19 5 43 28 20 35 34 23 14 8 34 8 36 17 37 19 14 18 12 15 25 27 24 
7 22 17 15 0 24 37 27 17 15 12 5 12 13 33 30 22 7 9 4 39 24 9 39 14 6 12 14 20 18 42 20 34 19 19 11 28 7 33 16 28 3 35 13 6 27 26 0 34 12 8 
31 44 12 38 24 0 36 29 39 15 18 22 30 34 46 31 16 17 31 25 57 45 33 38 23 19 26 33 42 42 39 19 52 12 4 15 48 30 34 40 19 24 33 23 23 42 50 23 48 12 18 
38 41 25 38 37 36 0 9 54 24 26 32 49 33 23 7 19 39 34 33 40 38 44 2 23 31 48 30 55 44 5 18 35 45 36 28 36 35 4 46 17 40 3 23 30 26 49 37 25 36 41 
28 32 17 29 27 29 9 0 44 16 16 22 39 24 19 2 12 29 25 23 35 30 34 11 13 22 39 21 45 34 15 11 29 36 29 19 29 25 6 37 13 30 8 13 20 19 41 27 21 28 31 
15 22 35 18 17 39 54 44 0 33 30 22 9 22 43 46 40 22 19 20 42 26 9 55 31 24 14 24 2 16 59 38 39 30 34 29 32 18 49 11 46 15 52 30 23 36 20 18 44 27 21 
20 31 3 26 15 15 24 16 33 0 4 11 27 21 30 18 6 14 19 13 42 31 24 27 8 9 25 19 36 30 29 6 37 20 13 4 33 18 22 30 12 18 22 8 11 27 38 15 32 12 16 
16 27 7 21 12 18 26 16 30 4 0 7 24 16 28 19 10 12 14 9 39 27 20 28 5 5 22 15 32 26 31 8 33 21 16 3 29 14 23 26 16 14 23 5 7 24 34 11 30 11 15 
9 22 13 16 5 22 32 22 22 11 7 0 17 12 29 25 17 9 9 2 37 23 13 34 9 3 16 12 24 20 37 16 32 20 18 7 26 8 28 19 23 8 30 8 2 24 28 4 31 11 11 
13 26 28 20 12 30 49 39 9 27 24 17 0 21 43 42 33 13 18 16 45 29 9 51 26 18 5 23 11 20 54 32 41 21 26 22 34 16 45 16 39 9 47 25 18 36 27 12 44 18 12 
8 10 24 5 13 34 33 24 22 21 16 12 21 0 21 26 25 20 3 10 25 11 12 34 13 15 24 2 23 10 38 23 20 32 30 19 14 5 29 13 31 15 32 13 10 15 18 13 22 24 22 
29 23 33 24 33 46 23 19 43 30 28 29 43 21 0 20 30 38 25 28 16 19 34 22 22 31 45 19 44 28 26 27 12 49 44 31 15 26 19 32 33 36 24 23 27 6 31 33 2 39 40 
31 35 19 32 30 31 7 2 46 18 19 25 42 26 20 0 14 32 27 26 36 32 36 8 16 24 41 24 48 37 12 12 31 38 31 21 31 28 3 39 13 33 5 16 23 21 43 30 22 30 34 
26 36 6 31 22 16 19 12 40 6 10 17 33 25 30 14 0 21 24 20 44 35 31 22 12 15 31 23 42 35 24 2 38 25 17 11 36 24 17 36 5 24 16 12 17 28 43 22 32 17 23 
15 30 15 23 7 17 39 29 22 14 12 9 13 20 38 32 21 0 17 11 46 31 16 41 17 8 10 21 24 26 43 20 41 11 12 10 35 15 35 24 26 7 36 16 11 33 34 7 40 5 2 
4 13 22 6 9 31 34 25 19 19 14 9 18 3 25 27 24 17 0 6 29 14 9 35 13 12 20 5 21 11 39 22 24 28 27 16 18 1 30 12 30 12 33 12 8 18 19 9 26 20 18 
6 19 16 13 4 25 33 23 20 13 9 2 16 10 28 26 20 11 6 0 35 21 11 35 10 5 16 10 22 17 38 18 30 22 21 10 24 5 29 16 26 7 31 10 2 22 25 4 30 13 12 
32 20 45 25 39 57 40 35 42 42 39 37 45 25 16 36 44 46 29 35 0 16 36 38 34 39 49 25 42 26 43 41 5 57 54 42 11 31 36 31 48 41 41 34 35 16 24 39 14 49 47 
17 4 34 9 24 45 38 30 26 31 27 23 29 11 19 32 35 31 14 21 16 0 20 38 23 26 33 12 27 10 42 32 12 43 41 29 5 16 33 15 40 26 37 23 21 13 12 24 18 35 32 
5 16 27 11 9 33 44 34 9 24 20 13 9 12 34 36 31 16 9 11 36 20 0 45 21 15 13 15 11 11 49 29 31 26 28 20 25 8 39 8 37 8 42 20 13 27 18 9 35 21 16 
39 41 28 39 39 38 2 11 55 27 28 34 51 34 22 8 22 41 35 35 38 38 45 0 24 33 50 31 56 44 4 21 34 47 39 30 36 36 5 47 20 42 5 25 32 25 50 38 24 39 43 
16 24 11 19 14 23 23 13 31 8 5 9 26 13 22 16 12 17 13 10 34 23 21 24 0 9 26 11 33 24 28 9 28 26 21 8 25 13 19 25 17 17 21 0 7 18 31 14 24 17 19 
12 25 11 19 6 19 31 22 24 9 5 3 18 15 31 24 15 8 12 5 39 26 15 33 9 0 17 14 26 23 36 14 34 18 15 5 29 11 28 22 21 9 29 8 4 26 31 6 32 9 10 
16 30 25 24 12 26 48 39 14 25 22 16 5 24 45 41 31 10 20 16 49 33 13 50 26 17 0 25 16 25 53 30 44 16 21 20 38 18 45 21 37 8 46 25 18 39 32 12 46 15 8 
9 12 22 8 14 33 30 21 24 19 15 12 23 2 19 24 23 21 5 10 25 12 15 31 11 14 25 0 26 13 35 21 20 32 30 17 14 7 26 15 28 16 29 11 9 13 20 14 20 23 22 
17 22 37 19 20 42 55 45 2 36 32 24 11 23 44 48 42 24 21 22 42 27 11 56 33 26 16 26 0 16 60 40 39 32 37 31 32 20 51 11 48 18 54 32 25 37 20 20 44 29 23 
11 6 33 5 18 42 44 34 16 30 26 20 20 10 28 37 35 26 11 17 26 10 11 44 24 23 25 13 16 0 48 33 22 37 38 27 15 11 39 4 41 19 42 24 19 22 8 18 28 30 26 
43 46 30 43 42 39 5 15 59 29 31 37 54 38 26 12 24 43 39 38 43 42 49 4 28 36 53 35 60 48 0 23 39 49 40 33 40 40 9 51 20 45 7 28 35 30 54 42 28 41 46 
24 33 6 28 20 19 18 11 38 6 8 16 32 23 27 12 2 20 22 18 41 32 29 21 9 14 30 21 40 33 23 0 36 26 18 10 33 22 16 34 7 23 16 9 15 25 41 20 30 17 22 
28 16 40 20 34 52 35 29 39 37 33 32 41 20 12 31 38 41 24 30 5 12 31 34 28 34 44 20 39 22 39 36 0 52 49 36 7 26 31 27 42 36 36 28 29 10 22 34 10 43 42 
26 41 19 35 19 12 45 36 30 20 21 20 21 32 49 38 25 11 28 22 57 43 26 47 26 18 16 32 32 37 49 26 52 0 9 17 47 27 42 34 29 18 42 26 22 44 45 19 51 9 10 
26 41 11 34 19 4 36 29 34 13 16 18 26 30 44 31 17 12 27 21 54 41 28 39 21 15 21 30 37 38 40 18 49 9 0 12 45 26 34 36 20 19 33 21 20 40 46 19 46 7 13 
17 29 6 23 11 15 28 19 29 4 3 7 22 19 31 21 11 10 16 10 42 29 20 30 8 5 20 17 31 27 33 10 36 17 12 0 32 15 25 27 16 13 26 8 8 27 36 11 33 8 12 
21 9 36 14 28 48 36 29 32 33 29 26 34 14 15 31 36 35 18 24 11 5 25 36 25 29 38 14 32 15 40 33 7 47 45 32 0 20 32 20 40 30 36 25 24 10 16 28 14 38 37 
2 14 21 8 7 30 35 25 18 18 14 8 16 5 26 28 24 15 1 5 31 16 8 36 13 11 18 7 20 11 40 22 26 27 26 15 20 0 31 12 30 10 34 13 7 20 20 7 27 19 16 
34 37 23 34 33 34 4 6 49 22 23 28 45 29 19 3 17 35 30 29 36 33 39 5 19 28 45 26 51 39 9 16 31 42 34 25 32 31 0 42 16 37 4 20 27 21 45 33 22 34 38 
10 11 33 8 16 40 46 37 11 30 26 19 16 13 32 39 36 24 12 16 31 15 8 47 25 22 21 15 11 4 51 34 27 34 36 27 20 12 42 0 42 16 45 25 19 26 11 17 33 28 24 
32 41 11 36 28 19 17 13 46 12 16 23 39 31 33 13 5 26 30 26 48 40 37 20 17 21 37 28 48 41 20 7 42 29 20 16 40 30 16 42 0 30 14 17 23 31 49 27 35 22 28 
8 23 19 17 3 24 40 30 15 18 14 8 9 15 36 33 24 7 12 7 41 26 8 42 17 9 8 16 18 19 45 23 36 18 19 13 30 10 37 16 30 0 38 17 10 30 27 3 37 12 7 
36 40 22 37 35 33 3 8 52 22 23 30 47 32 24 5 16 36 33 31 41 37 42 5 21 29 46 29 54 42 7 16 36 42 33 26 36 34 4 45 14 38 0 21 28 26 49 35 26 33 38 
15 24 11 19 13 23 23 13 30 8 5 8 25 13 23 16 12 16 12 10 34 23 20 25 0 8 25 11 32 24 28 9 28 26 21 8 25 13 20 25 17 17 21 0 7 19 31 13 25 16 18 
9 21 14 14 6 23 30 20 23 11 7 2 18 10 27 23 17 11 8 2 35 21 13 32 7 4 18 9 25 19 35 15 29 22 20 8 24 7 27 19 23 10 28 7 0 21 27 6 28 13 13 
23 17 30 18 27 42 26 19 36 27 24 24 36 15 6 21 28 33 18 22 16 13 27 25 18 26 39 13 37 22 30 25 10 44 40 27 10 20 21 26 31 30 26 19 21 0 25 27 7 35 35 
19 8 41 12 26 50 49 41 20 38 34 28 27 18 31 43 43 34 19 25 24 12 18 50 31 31 32 20 20 8 54 41 22 45 46 36 16 20 45 11 49 27 49 31 27 25 0 27 30 38 34 
7 22 17 15 0 23 37 27 18 15 11 4 12 13 33 30 22 7 9 4 39 24 9 38 14 6 12 14 20 18 42 20 34 19 19 11 28 7 33 17 27 3 35 13 6 27 27 0 34 11 8 
30 23 35 25 34 48 25 21 44 32 30 31 44 22 2 22 32 40 26 30 14 18 35 24 24 32 46 20 44 28 28 30 10 51 46 33 14 27 22 33 35 37 26 25 28 7 30 34 0 41 42 
19 33 11 27 12 12 36 28 27 12 11 11 18 24 39 30 17 5 20 13 49 35 21 39 17 9 15 23 29 30 41 17 43 9 7 8 38 19 34 28 22 12 33 16 13 35 38 11 41 0 6 
15 30 17 24 8 18 41 31 21 16 15 11 12 22 40 34 23 2 18 12 47 32 16 43 19 10 8 22 23 26 46 22 42 10 13 12 37 16 38 24 28 7 38 18 13 35 34 8 42 6 0 
0 792
396 712
169 485
254 570
384 700
236 552
471 787
136 452
401 717
474 790
117 433
46 362
253 569
361 677
308 624
400 716
307 623
197 513
198 514
386 702
102 418
382 698
90 406
276 592
252 568
123 439
213 529
245 561
154 470
447 763
271 587
22 338
218 534
352 668
246 562
393 709
143 459
128 444
348 664
23 339
298 614
186 502
175 491
246 562
306 622
432 748
265 581
313 629
433 749
64 380
445 761
