51
0 31 18 14 8 23 12 17 11 15 21 19 23 30 10 17 10 16 15 21 8 17 21 27 36 19 23 10 30 18 13 15 28 25 13 33 18 20 17 22 23 24 26 21 24 19 15 18 31 16 20 
31 0 16 38 28 42 43 27 20 32 25 38 9 26 39 39 28 38 30 53 35 30 52 32 9 14 22 34 44 48 18 47 14 19 17 48 30 11 34 39 55 48 29 21 8 24 25 36 36 45 36 
18 16 0 21 12 26 31 11 7 16 24 32 12 16 24 23 20 31 25 40 25 14 39 19 19 14 24 18 29 33 5 32 9 9 6 33 14 10 17 23 41 32 15 21 13 8 21 20 23 29 20 
14 38 21 0 10 9 20 12 18 6 35 33 32 24 8 3 24 30 30 25 22 10 25 18 40 31 37 4 16 13 20 16 28 24 21 18 10 29 7 9 24 11 19 34 33 15 29 6 21 9 8 
8 28 12 10 0 17 20 8 8 7 26 27 21 21 12 12 16 25 23 28 17 8 28 18 31 20 27 6 23 20 10 20 21 17 11 26 10 19 9 15 29 21 17 24 23 10 21 11 22 17 13 
23 42 26 9 17 0 29 14 25 10 44 42 38 22 17 6 33 39 39 32 31 12 33 15 42 38 45 13 7 19 26 24 30 25 28 9 11 36 8 3 30 8 17 42 39 18 38 6 15 16 6 
12 43 31 20 20 29 0 28 24 24 27 16 34 42 12 23 16 13 19 10 9 27 9 38 49 30 30 18 37 14 26 8 40 38 25 39 29 31 26 30 13 27 37 28 35 30 21 26 41 15 29 
17 27 11 12 8 14 28 0 12 6 32 35 23 13 18 12 24 33 30 35 26 2 35 10 28 24 33 10 17 25 13 27 16 12 14 21 3 22 6 11 35 21 8 30 25 3 28 8 14 21 8 
11 20 7 18 8 25 24 12 0 14 20 25 13 21 19 20 14 24 19 33 18 14 33 22 25 12 21 14 29 27 2 26 16 15 3 33 15 11 16 22 34 29 19 18 15 11 16 19 26 24 19 
15 32 16 6 7 10 24 6 14 0 33 34 27 18 13 6 24 31 30 30 23 3 30 13 34 27 35 5 15 19 16 21 22 18 17 19 5 25 2 8 30 15 13 32 29 9 28 4 16 15 5 
21 25 24 35 26 44 27 32 20 33 0 15 16 41 31 38 11 16 8 36 18 34 35 42 34 11 3 30 49 38 20 34 32 33 18 53 35 16 36 42 40 46 39 3 17 32 6 38 46 37 39 
19 38 32 33 27 42 16 35 25 34 15 0 29 47 26 36 11 3 7 24 10 36 23 46 47 23 18 29 49 31 27 25 42 41 25 52 37 27 37 41 28 42 44 18 29 36 12 38 50 30 39 
23 9 12 32 21 38 34 23 13 27 16 29 0 27 32 34 19 28 21 44 25 26 43 31 18 5 14 27 41 40 11 38 17 19 10 45 27 2 29 35 46 43 28 12 1 21 16 32 35 38 32 
30 26 16 24 21 22 42 13 21 18 41 47 27 0 31 23 35 45 41 49 38 14 49 8 22 30 40 24 20 38 21 40 12 8 22 24 13 26 17 19 48 31 5 38 28 11 37 19 10 34 17 
10 39 24 8 12 17 12 18 19 13 31 26 32 31 0 11 19 22 25 17 15 17 17 26 43 29 34 7 24 8 21 8 33 29 22 26 18 29 15 17 17 16 26 31 33 21 25 14 29 6 17 
17 39 23 3 12 6 23 12 20 6 38 36 34 23 11 0 27 33 33 27 25 10 28 17 41 33 40 7 13 14 22 18 29 24 23 15 10 31 6 6 26 9 18 37 35 16 32 4 19 11 6 
10 28 20 24 16 33 16 24 14 24 11 11 19 35 19 27 0 10 6 26 7 25 25 35 36 14 14 20 39 27 15 22 30 29 13 42 26 17 26 32 29 34 32 12 20 25 5 28 39 25 29 
16 38 31 30 25 39 13 33 24 31 16 3 28 45 22 33 10 0 8 21 7 34 20 44 46 23 20 26 46 27 25 22 40 39 24 49 35 27 34 38 25 38 42 18 29 34 12 35 47 27 37 
15 30 25 30 23 39 19 30 19 30 8 7 21 41 25 33 6 8 0 28 10 31 27 41 39 15 12 26 45 31 20 26 34 34 18 49 33 19 32 38 32 40 38 10 22 30 4 34 45 30 35 
21 53 40 25 28 32 10 35 33 30 36 24 44 49 17 27 26 21 28 0 19 34 1 44 58 40 40 24 40 13 35 8 49 46 35 41 35 41 32 34 4 27 43 38 45 38 31 31 46 16 34 
8 35 25 22 17 31 9 26 18 23 18 10 25 38 15 25 7 7 10 19 0 26 18 36 42 21 21 18 38 21 19 16 34 33 19 41 27 23 26 31 22 31 34 19 27 27 12 27 40 20 29 
17 30 14 10 8 12 27 2 14 3 34 36 26 14 17 10 25 34 31 34 26 0 34 10 31 27 35 9 15 23 15 25 19 14 17 19 1 24 3 8 34 18 9 32 27 6 29 6 13 19 5 
21 52 39 25 28 33 9 35 33 30 35 23 43 49 17 28 25 20 27 1 18 34 0 44 58 39 39 24 40 14 35 9 49 46 35 41 35 41 32 34 5 28 44 37 45 38 30 31 46 17 34 
27 32 19 18 18 15 38 10 22 13 42 46 31 8 26 17 35 44 41 44 36 10 44 0 30 33 43 19 12 32 22 35 18 13 24 16 9 30 11 11 43 23 3 40 32 10 38 12 3 28 10 
36 9 19 40 31 42 49 28 25 34 34 47 18 22 43 41 36 46 39 58 42 31 58 30 0 23 32 37 42 52 23 51 11 16 23 47 30 19 34 38 60 49 26 30 17 24 34 37 32 48 36 
19 14 14 31 20 38 30 24 12 27 11 23 5 30 29 33 14 23 15 40 21 27 39 33 23 0 9 26 42 38 11 35 21 22 9 46 27 4 29 35 42 42 30 7 6 23 11 32 37 35 32 
23 22 24 37 27 45 30 33 21 35 3 18 14 40 34 40 14 20 12 40 21 35 39 43 32 9 0 32 50 41 20 37 31 32 18 54 36 14 37 43 43 48 39 2 14 32 9 39 46 40 40 
10 34 18 4 6 13 18 10 14 5 30 29 27 24 7 7 20 26 26 24 18 9 24 19 37 26 32 0 20 14 16 16 26 22 17 22 10 25 8 12 24 15 19 29 29 14 25 8 22 11 10 
30 44 29 16 23 7 37 17 29 15 49 49 41 20 24 13 39 46 45 40 38 15 40 12 42 42 50 20 0 26 30 31 31 26 32 4 14 39 13 7 38 14 16 47 42 20 44 11 11 23 10 
18 48 33 13 20 19 14 25 27 19 38 31 40 38 8 14 27 27 31 13 21 23 14 32 52 38 41 14 26 0 30 6 41 37 30 27 24 38 20 21 11 13 32 39 42 28 32 19 33 3 21 
13 18 5 20 10 26 26 13 2 16 20 27 11 21 21 22 15 25 20 35 19 15 35 22 23 11 20 16 30 30 0 28 15 14 1 34 16 9 18 23 37 31 19 17 13 11 16 20 26 27 20 
15 47 32 16 20 24 8 27 26 21 34 25 38 40 8 18 22 22 26 8 16 25 9 35 51 35 37 16 31 6 28 0 41 38 29 32 26 36 23 25 8 19 35 35 40 30 28 22 37 8 25 
28 14 9 28 21 30 40 16 16 22 32 42 17 12 33 29 30 40 34 49 34 19 49 18 11 21 31 26 31 41 15 41 0 4 16 35 19 16 22 26 50 37 14 29 17 12 30 25 21 37 24 
25 19 9 24 17 25 38 12 15 18 33 41 19 8 29 24 29 39 34 46 33 14 46 13 16 22 32 22 26 37 14 38 4 0 15 30 14 18 18 22 47 33 10 30 20 8 30 20 17 33 19 
13 17 6 21 11 28 25 14 3 17 18 25 10 22 22 23 13 24 18 35 19 17 35 24 23 9 18 17 32 30 1 29 16 15 0 36 17 8 19 25 37 32 21 15 12 13 14 22 28 27 22 
33 48 33 18 26 9 39 21 33 19 53 52 45 24 26 15 42 49 49 41 41 19 41 16 47 46 54 22 4 27 34 32 35 30 36 0 18 43 16 11 38 13 20 51 47 24 47 14 15 24 13 
18 30 14 10 10 11 29 3 15 5 35 37 27 13 18 10 26 35 33 35 27 1 35 9 30 27 36 10 14 24 16 26 19 14 17 18 0 25 3 8 35 18 8 33 28 6 30 6 12 20 5 
20 11 10 29 19 36 31 22 11 25 16 27 2 26 29 31 17 27 19 41 23 24 41 30 19 4 14 25 39 38 9 36 16 18 8 43 25 0 27 32 44 40 26 12 4 19 14 29 34 35 30 
17 34 17 7 9 8 26 6 16 2 36 37 29 17 15 6 26 34 32 32 26 3 32 11 34 29 37 8 13 20 18 23 22 18 19 16 3 27 0 5 31 15 11 34 31 9 30 2 14 17 3 
22 39 23 9 15 3 30 11 22 8 42 41 35 19 17 6 32 38 38 34 31 8 34 11 38 35 43 12 7 21 23 25 26 22 25 11 8 32 5 0 32 11 13 40 36 14 36 3 12 17 2 
23 55 41 24 29 30 13 35 34 30 40 28 46 48 17 26 29 25 32 4 22 34 5 43 60 42 43 24 38 11 37 8 50 47 37 38 35 44 31 32 0 24 43 41 48 38 34 30 45 14 32 
24 48 32 11 21 8 27 21 29 15 46 42 43 31 16 9 34 38 40 27 31 18 28 23 49 42 48 15 14 13 31 19 37 33 32 13 18 40 15 11 24 0 25 45 44 25 40 12 23 11 13 
26 29 15 19 17 17 37 8 19 13 39 44 28 5 26 18 32 42 38 43 34 9 44 3 26 30 39 19 16 32 19 35 14 10 21 20 8 26 11 13 43 25 0 37 29 7 35 13 7 29 11 
21 21 21 34 24 42 28 30 18 32 3 18 12 38 31 37 12 18 10 38 19 32 37 40 30 7 2 29 47 39 17 35 29 30 15 51 33 12 34 40 41 45 37 0 13 29 6 36 44 37 37 
24 8 13 33 23 39 35 25 15 29 17 29 1 28 33 35 20 29 22 45 27 27 45 32 17 6 14 29 42 42 13 40 17 20 12 47 28 4 31 36 48 44 29 13 0 22 17 33 36 39 33 
19 24 8 15 10 18 30 3 11 9 32 36 21 11 21 16 25 34 30 38 27 6 38 10 24 23 32 14 20 28 11 30 12 8 13 24 6 19 9 14 38 25 7 29 22 0 27 12 14 25 11 
15 25 21 29 21 38 21 28 16 28 6 12 16 37 25 32 5 12 4 31 12 29 30 38 34 11 9 25 44 32 16 28 30 30 14 47 30 14 30 36 34 40 35 6 17 27 0 32 42 31 34 
18 36 20 6 11 6 26 8 19 4 38 38 32 19 14 4 28 35 34 31 27 6 31 12 37 32 39 8 11 19 20 22 25 20 22 14 6 29 2 3 30 12 13 36 33 12 32 0 14 15 2 
31 36 23 21 22 15 41 14 26 16 46 50 35 10 29 19 39 47 45 46 40 13 46 3 32 37 46 22 11 33 26 37 21 17 28 15 12 34 14 12 45 23 7 44 36 14 42 14 0 30 12 
16 45 29 9 17 16 15 21 24 15 37 30 38 34 6 11 25 27 30 16 20 19 17 28 48 35 40 11 23 3 27 8 37 33 27 24 20 35 17 17 14 11 29 37 39 25 31 15 30 0 18 
20 36 20 8 13 6 29 8 19 5 39 39 32 17 17 6 29 37 35 34 29 5 34 10 36 32 40 10 10 21 20 25 24 19 22 13 5 30 3 2 32 13 11 37 33 11 34 2 12 18 0 
0 628
457 582
72 197
92 217
154 279
314 439
3 128
425 550
266 391
337 462
309 434
322 447
169 294
251 376
55 180
414 539
160 285
425 550
369 494
262 387
159 284
241 366
357 482
39 164
102 227
372 497
139 264
12 137
149 274
210 335
210 335
59 184
370 495
12 137
387 512
440 565
3 128
325 450
469 594
311 436
469 594
115 240
347 472
426 551
81 206
386 511
317 442
500 625
323 448
5 130
433 558
