51
0 19 45 10 19 25 15 32 17 7 21 29 25 38 19 31 35 19 9 20 6 37 20 36 22 5 14 13 5 7 28 12 17 14 39 26 25 22 14 27 25 43 41 39 34 11 37 37 14 34 34 
19 0 48 26 24 34 14 24 32 25 40 40 39 27 33 46 43 21 16 25 20 38 6 44 30 16 33 13 21 23 36 17 17 5 47 42 15 3 6 32 12 49 40 40 35 27 20 41 29 51 46 
45 48 0 55 25 20 35 27 31 41 42 22 27 32 29 31 12 27 37 24 51 9 41 13 22 48 42 36 39 38 18 34 31 45 11 32 34 47 50 17 37 5 10 8 13 36 44 7 33 37 20 
10 26 55 0 30 35 25 42 25 14 23 36 32 48 27 36 44 30 20 30 6 48 29 45 32 10 17 23 15 16 37 23 28 22 48 31 35 29 20 37 34 53 51 49 45 19 45 47 22 38 42 
19 24 25 30 0 10 10 17 13 17 26 17 17 24 13 25 18 3 11 1 26 18 19 20 6 22 22 11 15 14 12 8 7 20 22 22 16 24 25 8 18 25 21 19 15 14 30 18 13 31 22 
25 34 20 35 10 0 20 24 11 20 23 7 9 32 9 17 9 14 19 9 32 16 29 11 3 30 22 21 20 18 2 17 17 29 13 15 26 35 34 6 28 17 20 17 15 15 40 13 13 23 11 
15 14 35 25 10 20 0 16 19 17 30 26 25 23 21 33 29 7 6 11 20 26 9 30 16 15 25 2 13 14 22 5 3 9 33 30 10 14 15 19 10 35 28 27 22 16 24 27 17 39 32 
32 24 27 42 17 24 16 0 30 32 43 31 33 7 30 41 28 14 22 17 37 18 17 30 22 32 39 19 29 29 25 20 14 23 31 39 8 22 29 19 11 30 17 19 14 30 17 22 30 47 35 
17 32 31 25 13 11 19 30 0 11 13 11 7 38 2 14 19 16 15 13 23 27 29 20 10 22 11 19 12 10 13 14 18 26 23 10 28 33 30 16 30 28 31 28 25 6 43 24 2 19 17 
7 25 41 14 17 20 17 32 11 0 15 22 18 39 13 24 30 18 10 17 12 34 24 31 18 12 8 15 3 3 23 12 17 19 34 19 27 27 21 24 27 38 38 36 32 5 40 33 8 27 28 
21 40 42 23 26 23 30 43 13 15 0 20 15 51 14 14 30 29 25 26 25 40 39 30 23 26 6 29 18 17 25 25 30 34 33 10 41 43 36 29 41 38 44 41 38 13 54 36 13 15 24 
29 40 22 36 17 7 26 31 11 22 20 0 5 39 9 10 9 21 24 15 35 21 36 9 10 33 21 27 23 21 6 22 24 35 12 10 33 41 39 12 35 18 25 22 21 17 47 17 14 16 5 
25 39 27 32 17 9 25 33 7 18 15 5 0 41 5 8 14 21 22 16 31 25 35 15 11 30 16 25 19 17 10 21 23 33 17 6 33 40 37 15 35 23 29 26 24 13 47 21 10 14 9 
38 27 32 48 24 32 23 7 38 39 51 39 41 0 38 49 35 21 29 25 42 23 20 37 30 38 46 25 36 36 32 27 21 27 37 47 12 24 32 26 14 36 22 24 20 38 13 28 37 55 42 
19 33 29 27 13 9 21 30 2 13 14 9 5 38 0 12 17 17 17 13 26 26 30 18 9 24 12 20 14 12 11 16 19 28 21 9 29 35 32 15 31 26 30 27 24 8 44 23 5 18 15 
31 46 31 36 25 17 33 41 14 24 14 10 8 49 12 0 19 29 29 24 36 31 43 18 19 36 19 33 26 23 17 29 31 41 20 4 41 48 44 23 43 26 36 32 31 19 56 27 17 6 11 
35 43 12 44 18 9 29 28 19 30 30 9 14 35 17 19 0 22 28 17 42 14 37 1 13 39 30 30 29 28 7 26 26 38 4 20 32 43 43 10 35 8 17 14 15 25 45 8 22 24 8 
19 21 27 30 3 14 7 14 16 18 29 21 21 21 17 29 22 0 10 5 25 19 15 23 10 21 25 8 15 15 16 7 4 17 26 26 12 21 22 11 14 28 22 20 15 16 26 20 15 35 26 
9 16 37 20 11 19 6 22 15 10 25 24 22 29 17 29 28 10 0 12 15 29 14 30 15 11 19 4 7 8 22 2 7 11 33 25 17 18 15 19 16 36 32 30 25 11 30 29 12 34 30 
20 25 24 30 1 9 11 17 13 17 26 15 16 25 13 24 17 5 12 0 27 17 20 19 5 23 22 12 15 14 11 9 8 21 21 21 17 26 26 7 19 24 20 18 14 14 31 17 12 30 21 
6 20 51 6 26 32 20 37 23 12 25 35 31 42 26 36 42 25 15 27 0 44 23 43 29 4 18 18 12 14 35 18 22 15 46 32 29 23 14 34 28 50 47 45 41 17 39 44 21 39 41 
37 38 9 48 18 16 26 18 27 34 40 21 25 23 26 31 14 19 29 17 44 0 32 15 17 40 38 28 33 31 15 26 22 35 15 31 24 37 41 11 27 13 4 1 3 30 35 5 28 38 22 
20 6 41 29 19 29 9 17 29 24 39 36 35 20 30 43 37 15 14 20 23 32 0 39 25 18 33 9 20 22 31 14 11 7 41 39 8 5 11 27 6 42 33 33 28 25 16 34 26 48 41 
36 44 13 45 20 11 30 30 20 31 30 9 15 37 18 18 1 23 30 19 43 15 39 0 14 41 31 31 31 29 8 28 27 40 3 20 34 45 45 12 36 8 19 15 16 26 47 9 23 24 7 
22 30 22 32 6 3 16 22 10 18 23 10 11 30 9 19 13 10 15 5 29 17 25 14 0 26 21 17 17 15 6 13 14 26 17 17 22 31 30 6 24 20 21 18 15 13 37 15 11 25 15 
5 16 48 10 22 30 15 32 22 12 26 33 30 38 24 36 39 21 11 23 4 40 18 41 26 0 19 13 10 12 32 14 18 11 43 31 25 19 10 31 23 47 43 42 37 16 35 41 19 40 39 
14 33 42 17 22 22 25 39 11 8 6 21 16 46 12 19 30 25 19 22 18 38 33 31 21 19 0 23 12 10 24 20 25 28 34 14 35 36 29 27 36 39 42 39 36 8 49 36 10 21 26 
13 13 36 23 11 21 2 19 19 15 29 27 25 25 20 33 30 8 4 12 18 28 9 31 17 13 23 0 11 12 23 4 5 8 34 29 12 14 13 20 12 36 30 29 24 15 25 29 16 38 32 
5 21 39 15 15 20 13 29 12 3 18 23 19 36 14 26 29 15 7 15 12 33 20 31 17 10 12 11 0 2 22 9 14 16 34 21 24 24 18 22 24 38 36 34 30 6 37 32 9 30 29 
7 23 38 16 14 18 14 29 10 3 17 21 17 36 12 23 28 15 8 14 14 31 22 29 15 12 10 12 2 0 21 9 14 18 32 19 24 26 20 21 25 36 35 33 29 4 38 30 7 28 27 
28 36 18 37 12 2 22 25 13 23 25 6 10 32 11 17 7 16 22 11 35 15 31 8 6 32 24 23 22 21 0 19 19 32 11 16 27 37 37 6 29 15 19 16 14 18 41 11 15 23 10 
12 17 34 23 8 17 5 20 14 12 25 22 21 27 16 29 26 7 2 9 18 26 14 28 13 14 20 4 9 9 19 0 5 12 30 25 15 19 17 17 15 33 29 27 22 11 29 26 12 34 28 
17 17 31 28 7 17 3 14 18 17 30 24 23 21 19 31 26 4 7 8 22 22 11 27 14 18 25 5 14 14 19 5 0 13 30 28 10 17 18 15 11 32 25 24 19 16 24 24 17 37 29 
14 5 45 22 20 29 9 23 26 19 34 35 33 27 28 41 38 17 11 21 15 35 7 40 26 11 28 8 16 18 32 12 13 0 43 36 15 8 5 28 13 45 38 37 32 21 23 37 24 45 41 
39 47 11 48 22 13 33 31 23 34 33 12 17 37 21 20 4 26 33 21 46 15 41 3 17 43 34 34 34 32 11 30 30 43 0 22 35 47 48 14 38 5 18 15 17 29 48 9 26 26 9 
26 42 32 31 22 15 30 39 10 19 10 10 6 47 9 4 20 26 25 21 32 31 39 20 17 31 14 29 21 19 16 25 28 36 22 0 38 44 39 21 40 28 36 32 31 15 53 27 12 9 13 
25 15 34 35 16 26 10 8 28 27 41 33 33 12 29 41 32 12 17 17 29 24 8 34 22 25 35 12 24 24 27 15 10 15 35 38 0 13 20 22 3 36 25 25 21 27 14 28 27 47 37 
22 3 47 29 24 35 14 22 33 27 43 41 40 24 35 48 43 21 18 26 23 37 5 45 31 19 36 14 24 26 37 19 17 8 47 44 13 0 10 32 10 48 38 39 34 29 16 40 31 53 46 
14 6 50 20 25 34 15 29 30 21 36 39 37 32 32 44 43 22 15 26 14 41 11 45 30 10 29 13 18 20 37 17 18 5 48 39 20 10 0 34 18 50 43 43 37 24 27 43 27 48 45 
27 32 17 37 8 6 19 19 16 24 29 12 15 26 15 23 10 11 19 7 34 11 27 12 6 31 27 20 22 21 6 17 15 28 14 21 22 32 34 0 24 16 15 12 9 19 35 9 17 29 16 
25 12 37 34 18 28 10 11 30 27 41 35 35 14 31 43 35 14 16 19 28 27 6 36 24 23 36 12 24 25 29 15 11 13 38 40 3 10 18 24 0 39 28 28 24 27 13 31 28 49 40 
43 49 5 53 25 17 35 30 28 38 38 18 23 36 26 26 8 28 36 24 50 13 42 8 20 47 39 36 38 36 15 33 32 45 5 28 36 48 50 16 39 0 15 12 15 33 47 8 30 32 15 
41 40 10 51 21 20 28 17 31 38 44 25 29 22 30 36 17 22 32 20 47 4 33 19 21 43 42 30 36 35 19 29 25 38 18 36 25 38 43 15 28 15 0 3 6 34 34 9 32 42 26 
39 40 8 49 19 17 27 19 28 36 41 22 26 24 27 32 14 20 30 18 45 1 33 15 18 42 39 29 34 33 16 27 24 37 15 32 25 39 43 12 28 12 3 0 5 32 36 5 29 38 23 
34 35 13 45 15 15 22 14 25 32 38 21 24 20 24 31 15 15 25 14 41 3 28 16 15 37 36 24 30 29 14 22 19 32 17 31 21 34 37 9 24 15 6 5 0 28 32 7 26 38 23 
11 27 36 19 14 15 16 30 6 5 13 17 13 38 8 19 25 16 11 14 17 30 25 26 13 16 8 15 6 4 18 11 16 21 29 15 27 29 24 19 27 33 34 32 28 0 40 29 3 24 23 
37 20 44 45 30 40 24 17 43 40 54 47 47 13 44 56 45 26 30 31 39 35 16 47 37 35 49 25 37 38 41 29 24 23 48 53 14 16 27 35 13 47 34 36 32 40 0 39 41 62 51 
37 41 7 47 18 13 27 22 24 33 36 17 21 28 23 27 8 20 29 17 44 5 34 9 15 41 36 29 32 30 11 26 24 37 9 27 28 40 43 9 31 8 9 5 7 29 39 0 26 33 17 
14 29 33 22 13 13 17 30 2 8 13 14 10 37 5 17 22 15 12 12 21 28 26 23 11 19 10 16 9 7 15 12 17 24 26 12 27 31 27 17 28 30 32 29 26 3 41 26 0 21 20 
34 51 37 38 31 23 39 47 19 27 15 16 14 55 18 6 24 35 34 30 39 38 48 24 25 40 21 38 30 28 23 34 37 45 26 9 47 53 48 29 49 32 42 38 38 24 62 33 21 0 16 
34 46 20 42 22 11 32 35 17 28 24 5 9 42 15 11 8 26 30 21 41 22 41 7 15 39 26 32 29 27 10 28 29 41 9 13 37 46 45 16 40 15 26 23 23 23 51 17 20 16 0 
0 300
178 298
79 199
142 262
89 209
149 269
43 163
47 167
75 195
175 295
67 187
79 199
75 195
21 141
121 241
66 186
90 210
30 150
73 193
4 124
176 296
3 123
96 216
39 159
24 144
148 268
124 244
114 234
121 241
152 272
63 183
25 145
47 167
155 275
50 170
66 186
105 225
121 241
68 188
111 231
15 135
130 250
152 272
140 260
37 157
132 252
157 277
87 207
35 155
18 138
84 204
