51
0 42 47 19 12 38 3 42 43 3 28 29 15 12 29 21 42 20 22 43 36 34 46 36 22 41 6 5 22 7 3 22 15 40 44 30 15 18 2 22 37 32 47 31 31 44 45 34 42 36 23 
42 0 8 23 49 10 40 15 28 39 17 21 28 38 14 26 1 23 33 13 6 36 25 19 39 1 38 44 22 38 43 46 33 17 24 27 42 45 44 41 36 20 34 15 13 31 8 33 13 7 20 
47 8 0 27 54 8 44 9 37 43 24 21 31 44 21 33 10 30 40 8 10 44 34 16 38 8 41 49 28 43 46 53 35 26 32 35 43 52 48 49 45 29 42 23 16 40 2 41 22 10 23 
19 23 27 0 28 19 16 23 33 15 12 12 5 18 11 13 23 8 20 24 17 30 34 19 20 22 14 22 9 16 19 30 12 26 32 22 20 28 20 27 32 20 38 16 11 35 25 28 26 17 3 
12 49 54 28 0 47 14 51 42 15 32 39 25 11 34 23 48 25 20 52 44 30 46 46 34 48 18 6 26 11 15 13 27 42 44 29 27 9 13 15 33 34 45 35 39 42 52 30 45 44 32 
38 10 8 19 47 0 35 6 36 35 19 12 23 37 15 27 12 23 35 5 6 41 34 9 30 9 33 42 22 35 38 47 26 25 32 32 34 46 39 43 42 26 42 20 8 39 6 38 22 5 15 
3 40 44 16 14 35 0 39 42 0 25 26 12 11 26 20 40 18 22 40 33 34 45 33 20 39 3 8 20 6 4 23 13 38 43 29 13 19 4 23 36 31 46 29 28 43 42 33 40 33 20 
42 15 9 23 51 6 39 0 42 38 25 13 26 41 21 33 17 29 40 1 12 47 40 7 30 14 36 46 27 40 41 53 28 31 38 38 36 51 42 49 48 32 48 26 13 45 8 44 28 11 19 
43 28 37 33 42 36 42 42 0 41 21 41 37 32 23 21 27 25 21 41 30 13 5 44 53 29 42 41 24 36 46 31 45 11 5 12 51 33 45 27 11 12 6 17 32 2 36 11 15 31 33 
3 39 43 15 15 35 0 38 41 0 25 25 11 11 25 19 39 17 21 39 33 33 44 32 20 38 3 8 19 6 4 24 12 37 42 28 13 20 5 23 36 30 46 29 27 42 41 32 39 32 19 
28 17 24 12 32 19 25 25 21 25 0 20 17 21 3 9 16 7 16 25 13 22 21 24 32 16 25 28 5 22 29 29 24 13 19 13 32 28 30 25 23 8 26 4 12 23 22 19 14 14 12 
29 21 21 12 39 12 26 13 41 25 20 0 13 30 18 25 22 20 32 15 15 42 41 7 17 20 22 33 20 28 27 43 14 32 39 33 22 40 29 40 43 29 47 23 10 44 19 39 30 14 9 
15 28 31 5 25 23 12 26 37 11 17 13 0 17 17 17 28 12 22 27 21 33 39 20 16 27 10 19 13 14 15 30 7 31 37 26 14 27 16 28 36 25 43 21 15 39 29 32 31 21 8 
12 38 44 18 11 37 11 41 32 11 21 30 17 0 23 12 37 14 11 42 33 22 36 37 31 37 14 9 15 5 15 12 22 31 34 19 25 9 14 11 25 23 36 24 28 32 42 22 34 33 22 
29 14 21 11 34 15 26 21 23 25 3 18 17 23 0 12 14 9 19 21 10 25 23 21 31 13 25 30 7 24 30 32 23 14 21 16 31 31 31 28 26 11 29 5 9 26 19 23 14 10 10 
21 26 33 13 23 27 20 33 21 19 9 25 17 12 12 0 25 5 7 33 22 16 24 31 33 25 20 21 5 15 24 20 24 18 22 9 30 19 24 15 19 11 26 11 20 23 31 15 21 23 15 
42 1 10 23 48 12 40 17 27 39 16 22 28 37 14 25 0 23 32 15 7 34 23 21 39 2 38 44 21 38 43 45 34 16 22 26 42 45 44 41 35 19 32 14 13 30 9 32 11 8 20 
20 23 30 8 25 23 18 29 25 17 7 20 12 14 9 5 23 0 12 29 19 21 27 26 28 23 18 21 1 14 22 23 19 20 25 14 26 22 22 20 24 13 30 11 15 27 28 20 21 19 10 
22 33 40 20 20 35 22 40 21 21 16 32 22 11 19 7 32 12 0 40 30 11 25 38 38 32 23 20 13 15 26 13 29 22 24 8 34 13 25 8 14 14 25 17 27 21 38 11 26 30 23 
43 13 8 24 52 5 40 1 41 39 25 15 27 42 21 33 15 29 40 0 11 46 39 9 32 13 37 46 27 40 42 53 30 30 37 37 37 51 43 49 47 31 47 25 13 44 6 44 27 10 20 
36 6 10 17 44 6 33 12 30 33 13 15 21 33 10 22 7 19 30 11 0 35 28 14 32 5 31 39 17 32 36 42 27 19 26 26 35 41 38 38 36 20 36 14 6 33 9 32 16 0 13 
34 36 44 30 30 41 34 47 13 33 22 42 33 22 25 16 34 21 11 46 35 0 19 46 49 36 35 31 22 27 37 18 40 20 18 9 45 21 37 14 2 15 15 21 34 12 43 2 25 35 32 
46 25 34 34 46 34 45 40 5 44 21 41 39 36 23 24 23 27 25 39 28 19 0 42 54 26 45 45 26 39 49 36 46 8 1 16 53 38 49 32 17 14 9 17 31 8 33 17 12 29 33 
36 19 16 19 46 9 33 7 44 32 24 7 20 37 21 31 21 26 38 9 14 46 42 0 23 18 30 40 25 35 35 49 22 33 40 37 29 47 36 46 48 32 50 26 12 46 15 44 31 13 15 
22 39 38 20 34 30 20 30 53 20 32 17 16 31 31 33 39 28 38 32 32 49 54 23 0 37 17 28 29 26 19 43 8 46 52 42 8 40 21 42 52 41 59 36 26 55 37 48 45 31 21 
41 1 8 22 48 9 39 14 29 38 16 20 27 37 13 25 2 23 32 13 5 36 26 18 37 0 37 43 21 37 42 46 32 18 24 27 41 45 43 41 36 20 34 15 11 32 7 33 14 6 19 
6 38 41 14 18 33 3 36 42 3 25 22 10 14 25 20 38 18 23 37 31 35 45 30 17 37 0 11 19 9 5 26 9 38 43 30 10 23 6 25 38 31 47 29 25 43 39 34 39 31 18 
5 44 49 22 6 42 8 46 41 8 28 33 19 9 30 21 44 21 20 46 39 31 45 40 28 43 11 0 23 6 9 17 21 40 43 28 20 13 7 18 34 32 45 32 34 41 47 31 42 39 26 
22 22 28 9 26 22 20 27 24 19 5 20 13 15 7 5 21 1 13 27 17 22 26 25 29 21 19 23 0 16 23 25 20 18 24 13 27 24 24 21 24 12 30 9 14 26 26 20 20 17 10 
7 38 43 16 11 35 6 40 36 6 22 28 14 5 24 15 38 14 15 40 32 27 39 35 26 37 9 6 16 0 10 17 17 34 38 23 19 14 9 16 30 26 40 26 27 37 41 27 36 32 20 
3 43 46 19 15 38 4 41 46 4 29 27 15 15 30 24 43 22 26 42 36 37 49 35 19 42 5 9 23 10 0 26 13 42 47 33 11 22 1 26 40 35 50 33 30 47 44 37 44 36 23 
22 46 53 30 13 47 23 53 31 24 29 43 30 12 32 20 45 23 13 53 42 18 36 49 43 46 26 17 25 17 26 0 35 35 35 21 37 4 25 4 21 27 33 30 39 31 51 19 39 43 34 
15 33 35 12 27 26 13 28 45 12 24 14 7 22 23 24 34 19 29 30 27 40 46 22 8 32 9 21 20 17 13 35 0 38 44 33 8 31 15 33 43 32 50 28 20 46 33 39 38 26 14 
40 17 26 26 42 25 38 31 11 37 13 32 31 31 14 18 16 20 22 30 19 20 8 33 46 18 38 40 18 34 42 35 38 0 7 13 45 36 42 30 20 8 16 9 22 13 25 17 4 20 24 
44 24 32 32 44 32 43 38 5 42 19 39 37 34 21 22 22 25 24 37 26 18 1 40 52 24 43 43 24 38 47 35 44 7 0 15 51 37 47 31 17 12 10 15 29 8 32 16 10 27 31 
30 27 35 22 29 32 29 38 12 28 13 33 26 19 16 9 26 14 8 37 26 9 16 37 42 27 30 28 13 23 33 21 33 13 15 0 39 22 33 16 10 6 17 12 25 13 34 6 18 26 23 
15 42 43 20 27 34 13 36 51 13 32 22 14 25 31 30 42 26 34 37 35 45 53 29 8 41 10 20 27 19 11 37 8 45 51 39 0 33 13 36 48 39 57 36 29 53 41 44 46 34 22 
18 45 52 28 9 46 19 51 33 20 28 40 27 9 31 19 45 22 13 51 41 21 38 47 40 45 23 13 24 14 22 4 31 36 37 22 33 0 21 6 24 28 36 30 38 33 50 22 39 42 31 
2 44 48 20 13 39 4 42 45 5 30 29 16 14 31 24 44 22 25 43 38 37 49 36 21 43 6 7 24 9 1 25 15 42 47 33 13 21 0 25 40 35 50 34 32 46 46 36 44 37 24 
22 41 49 27 15 43 23 49 27 23 25 40 28 11 28 15 41 20 8 49 38 14 32 46 42 41 25 18 21 16 26 4 33 30 31 16 36 6 25 0 17 22 30 26 35 27 47 15 34 39 30 
37 36 45 32 33 42 36 48 11 36 23 43 36 25 26 19 35 24 14 47 36 2 17 48 52 36 38 34 24 30 40 21 43 20 17 10 48 24 40 17 0 16 12 21 36 10 43 4 24 36 34 
32 20 29 20 34 26 31 32 12 30 8 29 25 23 11 11 19 13 14 31 20 15 14 32 41 20 31 32 12 26 35 27 32 8 12 6 39 28 35 22 16 0 18 6 20 14 28 12 11 20 20 
47 34 42 38 45 42 46 48 6 46 26 47 43 36 29 26 32 30 25 47 36 15 9 50 59 34 47 45 30 40 50 33 50 16 10 17 57 36 50 30 12 18 0 23 38 3 42 14 20 37 39 
31 15 23 16 35 20 29 26 17 29 4 23 21 24 5 11 14 11 17 25 14 21 17 26 36 15 29 32 9 26 33 30 28 9 15 12 36 30 34 26 21 6 23 0 14 20 22 18 10 14 15 
31 13 16 11 39 8 28 13 32 27 12 10 15 28 9 20 13 15 27 13 6 34 31 12 26 11 25 34 14 27 30 39 20 22 29 25 29 38 32 35 36 20 38 14 0 34 13 32 20 5 7 
44 31 40 35 42 39 43 45 2 42 23 44 39 32 26 23 30 27 21 44 33 12 8 46 55 32 43 41 26 37 47 31 46 13 8 13 53 33 46 27 10 14 3 20 34 0 39 11 18 33 35 
45 8 2 25 52 6 42 8 36 41 22 19 29 42 19 31 9 28 38 6 9 43 33 15 37 7 39 47 26 41 44 51 33 25 32 34 41 50 46 47 43 28 42 22 13 39 0 40 21 8 21 
34 33 41 28 30 38 33 44 11 32 19 39 32 22 23 15 32 20 11 44 32 2 17 44 48 33 34 31 20 27 37 19 39 17 16 6 44 22 36 15 4 12 14 18 32 11 40 0 22 33 30 
42 13 22 26 45 22 40 28 15 39 14 30 31 34 14 21 11 21 26 27 16 25 12 31 45 14 39 42 20 36 44 39 38 4 10 18 46 39 44 34 24 11 20 10 20 18 21 22 0 17 24 
36 7 10 17 44 5 33 11 31 32 14 14 21 33 10 23 8 19 30 10 0 35 29 13 31 6 31 39 17 32 36 43 26 20 27 26 34 42 37 39 36 20 37 14 5 33 8 33 17 0 13 
23 20 23 3 32 15 20 19 33 19 12 9 8 22 10 15 20 10 23 20 13 32 33 15 21 19 18 26 10 20 23 34 14 24 31 23 22 31 24 30 34 20 39 15 7 35 21 30 24 13 0 
0 573
277 391
324 438
433 547
305 419
353 467
142 256
250 364
306 420
321 435
348 462
238 352
94 208
221 335
117 231
272 386
318 432
92 206
3 117
426 540
458 572
135 249
387 501
336 450
57 171
51 165
138 252
29 143
68 182
282 396
349 463
24 138
65 179
332 446
118 232
242 356
391 505
335 449
347 461
426 540
64 178
396 510
134 248
344 458
114 228
350 464
305 419
91 205
170 284
445 559
257 371
