51
0 2 17 18 29 12 24 18 20 15 5 5 31 24 21 31 23 7 16 29 28 18 38 26 24 22 14 33 10 30 40 12 7 18 14 18 22 31 7 9 24 32 33 13 13 32 20 32 9 2 17 
2 0 16 16 28 10 23 17 20 15 6 7 31 22 20 30 22 6 18 27 29 20 38 27 23 21 16 33 10 29 39 11 9 19 14 17 22 31 9 7 22 31 34 12 14 30 18 31 7 2 18 
17 16 0 22 41 10 36 1 36 29 15 20 47 31 31 43 29 21 24 26 45 35 54 42 30 6 22 48 8 39 46 25 23 35 31 25 38 44 15 17 26 38 50 20 30 36 12 42 10 15 34 
18 16 22 0 20 12 17 24 22 13 23 24 31 8 9 23 6 12 34 12 32 32 36 28 7 22 32 30 22 16 24 11 24 29 22 3 23 24 25 9 6 16 38 4 19 14 13 20 14 19 22 
29 28 41 20 0 31 5 43 15 13 35 33 16 13 11 2 16 22 43 29 20 31 18 15 14 42 42 11 38 7 17 17 31 26 21 16 14 4 37 24 21 14 25 21 19 17 34 5 31 31 17 
12 10 10 12 31 0 26 12 27 19 14 17 38 20 20 33 19 12 26 19 37 30 44 34 20 12 24 39 11 28 36 15 19 29 23 15 29 34 16 7 16 28 43 9 22 26 7 32 3 11 26 
24 23 36 17 5 26 0 38 11 8 29 28 16 11 7 7 14 17 38 27 18 27 19 13 12 38 37 13 33 9 20 12 26 22 16 13 10 7 32 19 19 16 24 16 14 17 30 9 26 26 13 
18 17 1 24 43 12 38 0 38 30 16 21 48 32 32 45 30 22 25 27 46 37 55 44 32 6 23 50 9 40 47 27 24 37 32 27 39 46 17 18 27 40 52 21 31 38 13 44 11 16 35 
20 20 36 22 15 27 11 38 0 9 25 21 10 20 16 15 23 15 30 35 9 16 18 6 22 40 30 14 30 20 32 12 19 11 7 19 2 14 26 20 27 27 15 20 6 28 33 20 26 22 3 
15 15 29 13 13 19 8 30 9 0 21 19 19 12 8 15 14 8 30 25 19 21 24 15 13 31 29 19 25 15 27 3 18 17 10 10 10 15 23 12 18 20 25 11 7 20 24 17 19 17 9 
5 6 15 23 35 14 29 16 25 21 0 5 35 29 27 36 28 12 12 32 32 20 43 31 29 21 9 39 7 36 45 18 8 21 18 23 27 37 2 13 28 38 37 18 18 37 21 38 10 3 22 
5 7 20 24 33 17 28 21 21 19 5 0 31 29 26 34 29 12 10 35 28 15 39 27 30 26 9 35 12 35 45 16 3 16 14 24 23 34 5 15 30 38 33 19 15 37 25 37 14 5 18 
31 31 47 31 16 38 16 48 10 19 35 31 0 27 23 15 30 26 40 43 5 22 7 4 29 50 39 7 41 24 34 22 29 17 17 28 8 12 37 31 35 31 9 30 17 33 43 22 37 33 13 
24 22 31 8 13 20 11 32 20 12 29 29 27 0 4 15 3 16 40 16 29 33 30 24 1 31 38 24 30 8 16 12 29 29 22 5 20 17 31 15 8 8 35 11 20 8 21 11 22 25 21 
21 20 31 9 11 20 7 32 16 8 27 26 23 4 0 13 6 14 37 19 25 29 27 20 5 32 35 21 28 8 19 9 25 25 18 5 16 15 29 14 11 12 31 10 16 12 23 11 21 23 17 
31 30 43 23 2 33 7 45 15 15 36 34 15 15 13 0 19 24 44 31 19 31 15 14 17 45 43 9 40 10 19 19 32 26 21 19 13 2 38 26 24 17 24 23 20 19 36 7 33 33 18 
23 22 29 6 16 19 14 30 23 14 28 29 30 3 6 19 0 17 40 13 31 35 33 27 1 28 38 27 29 10 17 14 29 31 24 5 23 20 31 15 5 9 38 10 21 8 19 14 21 25 23 
7 6 21 12 22 12 17 22 15 8 12 12 26 16 14 24 17 0 23 25 24 20 33 22 17 24 21 27 16 23 33 5 12 18 11 12 17 24 15 5 18 25 30 8 9 25 19 25 10 9 13 
16 18 24 34 43 26 38 25 30 30 12 10 40 40 37 44 40 23 0 44 35 19 47 36 40 31 2 44 16 45 56 27 11 22 23 35 32 44 9 25 40 49 39 30 24 48 33 47 22 15 27 
29 27 26 12 29 19 27 27 35 25 32 35 43 16 19 31 13 25 44 0 44 45 46 40 14 23 42 40 30 22 23 24 36 42 35 15 35 33 35 20 7 17 50 16 32 14 14 26 22 29 35 
28 29 45 32 20 37 18 46 9 19 32 28 5 29 25 19 31 24 35 44 0 17 12 4 31 49 35 12 38 27 38 22 25 13 14 29 8 17 33 30 36 34 6 30 15 36 43 26 35 30 11 
18 20 35 32 31 30 27 37 16 21 20 15 22 33 29 31 35 20 19 45 17 0 29 19 35 41 19 28 27 36 47 21 12 4 11 30 17 30 20 25 38 41 19 28 13 42 38 36 28 20 13 
38 38 54 36 18 44 19 55 18 24 43 39 7 30 27 15 33 33 47 46 12 29 0 11 32 56 47 6 48 25 33 28 36 25 24 32 15 13 44 37 39 32 13 35 24 35 49 22 43 40 20 
26 27 42 28 15 34 13 44 6 15 31 27 4 24 20 14 27 22 36 40 4 19 11 0 26 46 35 9 37 22 33 18 24 14 12 24 4 12 32 27 32 29 10 26 13 31 39 21 33 28 8 
24 23 30 7 14 20 12 32 22 13 29 30 29 1 5 17 1 17 40 14 31 35 32 26 0 30 39 26 30 9 16 14 30 31 24 5 22 19 32 16 7 8 37 11 21 7 20 13 22 25 23 
22 21 6 22 42 12 38 6 40 31 21 26 50 31 32 45 28 24 31 23 49 41 56 46 30 0 29 51 14 39 45 28 29 40 35 26 41 46 22 19 24 37 55 21 34 35 9 43 13 20 38 
14 16 22 32 42 24 37 23 30 29 9 9 39 38 35 43 38 21 2 42 35 19 47 35 39 29 0 44 14 44 54 26 11 22 23 33 32 43 7 23 38 47 39 28 24 46 31 46 20 13 27 
33 33 48 30 11 39 13 50 14 19 39 35 7 24 21 9 27 27 44 40 12 28 6 9 26 51 44 0 43 19 28 23 33 23 21 26 12 7 40 32 32 26 16 29 20 29 43 16 38 36 17 
10 10 8 22 38 11 33 9 30 25 7 12 41 30 28 40 29 16 16 30 38 27 48 37 30 14 14 43 0 37 46 21 15 28 24 24 32 40 7 14 27 38 44 18 24 37 17 40 8 8 28 
30 29 39 16 7 28 9 40 20 15 36 35 24 8 8 10 10 23 45 22 27 36 25 22 9 39 44 19 37 0 11 18 34 32 25 13 20 12 38 23 16 7 33 19 23 9 30 3 30 32 22 
40 39 46 24 17 36 20 47 32 27 45 45 34 16 19 19 17 33 56 23 38 47 33 33 16 45 54 28 46 11 0 28 45 43 36 22 31 21 48 32 20 7 43 27 34 9 35 11 38 41 34 
12 11 25 11 17 15 12 27 12 3 18 16 22 12 9 19 14 5 27 24 22 21 28 18 14 28 26 23 21 18 28 0 16 18 10 9 13 19 20 8 17 21 28 8 8 21 21 20 15 14 11 
7 9 23 24 31 19 26 24 19 18 8 3 29 29 25 32 29 12 11 36 25 12 36 24 30 29 11 33 15 34 45 16 0 13 12 24 21 32 8 16 31 37 29 20 13 37 27 36 16 8 16 
18 19 35 29 26 29 22 37 11 17 21 16 17 29 25 26 31 18 22 42 13 4 25 14 31 40 22 23 28 32 43 18 13 0 7 27 12 25 22 23 35 37 16 25 9 38 37 32 27 20 9 
14 14 31 22 21 23 16 32 7 10 18 14 17 22 18 21 24 11 23 35 14 11 24 12 24 35 23 21 24 25 36 10 12 7 0 19 9 21 19 17 27 30 19 18 2 31 30 26 21 16 4 
18 17 25 3 16 15 13 27 19 10 23 24 28 5 5 19 5 12 35 15 29 30 32 24 5 26 33 26 24 13 22 9 24 27 19 0 20 20 26 10 7 14 35 5 17 13 17 17 16 19 19 
22 22 38 23 14 29 10 39 2 10 27 23 8 20 16 13 23 17 32 35 8 17 15 4 22 41 32 12 32 20 31 13 21 12 9 20 0 12 28 22 28 26 14 21 8 28 35 20 28 24 5 
31 31 44 24 4 34 7 46 14 15 37 34 12 17 15 2 20 24 44 33 17 30 13 12 19 46 43 7 40 12 21 19 32 25 21 20 12 0 38 27 26 19 21 24 19 22 38 9 34 33 17 
7 9 15 25 37 16 32 17 26 23 2 5 37 31 29 38 31 15 9 35 33 20 44 32 32 22 7 40 7 38 48 20 8 22 19 26 28 38 0 16 31 40 38 20 20 39 23 40 12 6 23 
9 7 17 9 24 7 19 18 20 12 13 15 31 15 14 26 15 5 25 20 30 25 37 27 16 19 23 32 14 23 32 8 16 23 17 10 22 27 16 0 15 24 36 4 15 23 13 26 6 10 19 
24 22 26 6 21 16 19 27 27 18 28 30 35 8 11 24 5 18 40 7 36 38 39 32 7 24 38 32 27 16 20 17 31 35 27 7 28 26 31 15 0 12 43 10 25 10 15 19 19 25 27 
32 31 38 16 14 28 16 40 27 20 38 38 31 8 12 17 9 25 49 17 34 41 32 29 8 37 47 26 38 7 7 21 37 37 30 14 26 19 40 24 12 0 40 19 28 2 27 10 30 34 28 
33 34 50 38 25 43 24 52 15 25 37 33 9 35 31 24 38 30 39 50 6 19 13 10 37 55 39 16 44 33 43 28 29 16 19 35 14 21 38 36 43 40 0 36 21 42 49 31 41 35 17 
13 12 20 4 21 9 16 21 20 11 18 19 30 11 10 23 10 8 30 16 30 28 35 26 11 21 28 29 18 19 27 8 20 25 18 5 21 24 20 4 10 19 36 0 16 18 13 22 11 14 19 
13 14 30 19 19 22 14 31 6 7 18 15 17 20 16 20 21 9 24 32 15 13 24 13 21 34 24 20 24 23 34 8 13 9 2 17 8 19 20 15 25 28 21 16 0 28 28 24 20 15 4 
32 30 36 14 17 26 17 38 28 20 37 37 33 8 12 19 8 25 48 14 36 42 35 31 7 35 46 29 37 9 9 21 37 38 31 13 28 22 39 23 10 2 42 18 28 0 25 12 28 33 29 
20 18 12 13 34 7 30 13 33 24 21 25 43 21 23 36 19 19 33 14 43 38 49 39 20 9 31 43 17 30 35 21 27 37 30 17 35 38 23 13 15 27 49 13 28 25 0 33 11 19 32 
32 31 42 20 5 32 9 44 20 17 38 37 22 11 11 7 14 25 47 26 26 36 22 21 13 43 46 16 40 3 11 20 36 32 26 17 20 9 40 26 19 10 31 22 24 12 33 0 33 34 23 
9 7 10 14 31 3 26 11 26 19 10 14 37 22 21 33 21 10 22 22 35 28 43 33 22 13 20 38 8 30 38 15 16 27 21 16 28 34 12 6 19 30 41 11 20 28 11 33 0 8 24 
2 2 15 19 31 11 26 16 22 17 3 5 33 25 23 33 25 9 15 29 30 20 40 28 25 20 13 36 8 32 41 14 8 20 16 19 24 33 6 10 25 34 35 14 15 33 19 34 8 0 19 
17 18 34 22 17 26 13 35 3 9 22 18 13 21 17 18 23 13 27 35 11 13 20 8 23 38 27 17 28 22 34 11 16 9 4 19 5 17 23 19 27 28 17 19 4 29 32 23 24 19 0 
0 437
199 286
249 336
156 243
307 394
304 391
230 317
137 224
13 100
122 209
216 303
50 137
225 312
189 276
299 386
48 135
116 203
79 166
259 346
229 316
208 295
314 401
253 340
19 106
124 211
142 229
166 253
248 335
12 99
182 269
287 374
123 210
49 136
256 343
218 305
158 245
329 416
75 162
150 237
54 141
163 250
184 271
58 145
283 370
147 234
49 136
16 103
97 184
132 219
235 322
15 102
