51
0 37 26 16 16 39 29 27 31 32 33 13 38 24 4 43 15 47 23 19 14 7 27 29 25 41 20 37 19 47 30 22 37 26 45 41 48 18 32 24 44 13 47 45 37 27 12 27 34 16 20 
37 0 21 21 29 10 22 32 18 29 20 38 2 12 34 10 30 36 14 34 35 40 30 29 19 5 24 24 20 14 39 15 4 25 36 23 33 31 9 33 16 25 15 12 15 11 32 20 4 38 19 
26 21 0 19 11 16 3 11 30 9 7 20 20 13 22 31 29 23 12 14 17 26 36 8 26 26 6 11 22 24 18 16 18 4 21 15 23 11 11 12 19 13 23 22 12 19 16 1 16 19 22 
16 21 19 0 18 25 22 27 15 29 25 22 23 9 15 26 10 43 9 23 21 22 17 26 9 25 16 30 3 34 33 6 22 22 41 33 42 20 19 26 32 9 33 31 26 10 17 20 19 24 4 
16 29 11 18 0 27 13 11 33 15 18 9 29 18 12 38 25 31 16 5 6 15 35 12 27 35 5 21 22 36 15 19 27 9 28 26 32 2 21 8 31 8 35 33 24 24 5 12 25 8 22 
39 10 16 25 27 0 16 26 28 21 12 36 7 16 36 19 36 26 16 31 33 41 38 22 27 13 21 14 26 8 33 19 5 20 27 13 23 28 6 28 7 25 8 6 5 18 31 15 7 35 25 
29 22 3 22 13 16 0 10 33 7 5 22 21 16 25 32 32 20 15 15 19 28 39 6 29 27 8 8 25 24 17 19 18 4 18 12 20 13 12 11 18 16 22 22 11 22 18 2 17 20 25 
27 32 11 27 11 26 10 0 40 6 14 17 31 24 23 42 36 20 22 8 14 24 45 3 36 37 10 14 31 33 7 26 28 6 18 19 23 8 22 3 27 18 32 32 21 30 15 12 27 14 30 
31 18 30 15 33 28 33 40 0 40 34 38 21 17 31 16 18 51 18 39 37 37 12 39 6 19 30 38 12 33 47 14 22 34 51 39 49 35 23 40 35 25 33 30 31 11 33 30 20 40 11 
32 29 9 29 15 21 7 6 40 0 8 23 27 23 28 39 38 15 22 15 20 30 46 3 36 33 13 8 32 28 12 26 25 6 12 12 16 14 19 10 21 21 26 26 16 29 21 9 24 20 31 
33 20 7 25 18 12 5 14 34 8 0 27 19 18 30 31 36 17 17 20 24 33 42 10 31 25 13 4 28 19 21 21 16 9 16 7 16 18 11 16 13 20 18 18 7 23 23 6 16 25 27 
13 38 20 22 9 36 22 17 38 23 27 0 38 25 9 46 26 38 24 8 3 7 37 19 32 43 14 30 26 45 17 25 36 18 35 34 40 9 30 13 40 13 44 42 33 30 5 22 34 3 26 
38 2 20 23 29 7 21 31 21 27 19 38 0 14 35 12 32 34 15 34 35 41 32 28 21 6 24 21 22 11 38 16 2 24 34 21 30 30 8 32 14 26 12 9 12 13 33 19 4 38 21 
24 12 13 9 18 16 16 24 17 23 18 25 14 0 21 20 19 35 1 23 23 28 24 22 13 17 14 22 10 24 31 3 13 17 34 24 34 20 9 23 23 12 24 21 17 6 20 13 10 26 9 
4 34 22 15 12 36 25 23 31 28 30 9 35 21 0 41 16 43 20 15 10 6 28 25 24 39 16 33 18 44 26 20 34 22 41 37 44 14 29 20 41 10 44 42 34 25 8 23 31 12 19 
43 10 31 26 38 19 32 42 16 39 31 46 12 20 41 0 33 46 22 44 44 48 29 39 20 6 34 34 24 20 50 21 14 35 46 33 42 40 20 43 25 33 21 19 25 16 41 30 15 47 23 
15 30 29 10 25 36 32 36 18 38 36 26 32 19 16 33 0 53 20 30 26 22 11 35 12 33 25 40 9 44 40 16 32 31 51 43 52 27 29 33 43 17 43 41 37 19 22 30 29 29 10 
47 36 23 43 31 26 20 20 51 15 17 38 34 35 43 46 53 0 34 29 35 45 59 18 48 40 28 13 45 28 23 39 31 21 3 12 5 29 28 24 22 36 27 28 21 41 36 22 32 35 45 
23 14 12 9 16 16 15 22 18 22 17 24 15 1 20 22 20 34 0 22 22 26 25 20 14 19 12 21 11 24 29 4 14 16 33 23 33 18 9 22 22 11 24 22 16 7 19 12 11 24 10 
19 34 14 23 5 31 15 8 39 15 20 8 34 23 15 44 30 29 22 0 5 15 40 11 33 39 9 22 27 39 10 25 32 11 26 27 31 3 25 5 33 13 38 37 27 29 7 15 30 5 27 
14 35 17 21 6 33 19 14 37 20 24 3 35 23 10 44 26 35 22 5 0 10 37 16 31 40 11 27 25 42 15 23 33 15 32 31 36 6 27 10 37 11 41 39 30 28 3 18 31 2 25 
7 40 26 22 15 41 28 24 37 30 33 7 41 28 6 48 22 45 26 15 10 0 34 26 31 45 20 36 25 49 25 27 40 25 42 41 47 16 34 21 45 15 49 47 38 32 9 27 37 10 26 
27 30 36 17 35 38 39 45 12 46 42 37 32 24 28 29 11 59 25 40 37 34 0 44 11 31 34 46 14 44 50 20 33 39 58 48 58 37 33 43 45 27 45 42 40 20 33 37 31 40 14 
29 29 8 26 12 22 6 3 39 3 10 19 28 22 25 39 35 18 20 11 16 26 44 0 34 34 10 11 30 30 11 24 25 4 16 15 20 10 19 6 23 18 28 28 17 28 17 9 24 17 29 
25 19 26 9 27 27 29 36 6 36 31 32 21 13 24 20 12 48 14 33 31 31 11 34 0 21 25 35 6 33 42 9 22 30 47 37 47 30 21 34 34 19 33 31 29 8 27 26 19 34 5 
41 5 26 25 35 13 27 37 19 33 25 43 6 17 39 6 33 40 19 39 40 45 31 34 21 0 29 28 24 14 45 19 8 30 40 27 36 36 15 38 19 30 15 13 19 15 38 25 9 43 23 
20 24 6 16 5 21 8 10 30 13 13 14 24 14 16 34 25 28 12 9 11 20 34 10 25 29 0 17 20 30 17 16 22 6 25 21 28 6 15 9 25 8 29 28 18 20 10 7 20 13 20 
37 24 11 30 21 14 8 14 38 8 4 30 21 22 33 34 40 13 21 22 27 36 46 11 35 28 17 0 32 20 21 26 19 11 12 4 11 20 14 17 13 24 18 19 9 27 26 10 19 28 32 
19 20 22 3 22 26 25 31 12 32 28 26 22 10 18 24 9 45 11 27 25 25 14 30 6 24 20 32 0 34 37 6 23 25 44 35 44 24 20 29 33 13 34 31 28 9 21 23 19 28 1 
47 14 24 34 36 8 24 33 33 28 19 45 11 24 44 20 44 28 24 39 42 49 44 30 33 14 30 20 34 0 41 27 11 28 30 17 24 36 15 36 7 34 1 2 12 25 40 23 14 44 33 
30 39 18 33 15 33 17 7 47 12 21 17 38 31 26 50 40 23 29 10 15 25 50 11 42 45 17 21 37 41 0 33 36 14 20 25 26 12 30 7 34 23 39 39 28 37 18 19 35 14 37 
22 15 16 6 19 19 19 26 14 26 21 25 16 3 20 21 16 39 4 25 23 27 20 24 9 19 16 26 6 27 33 0 16 20 38 28 37 21 13 25 26 12 27 25 21 5 20 16 13 26 6 
37 4 18 22 27 5 18 28 22 25 16 36 2 13 34 14 32 31 14 32 33 40 33 25 22 8 22 19 23 11 36 16 0 22 31 18 28 29 6 30 12 24 11 8 10 14 31 17 3 36 22 
26 25 4 22 9 20 4 6 34 6 9 18 24 17 22 35 31 21 16 11 15 25 39 4 30 30 6 11 25 28 14 20 22 0 19 16 22 9 15 7 22 14 27 26 15 23 15 5 20 16 25 
45 36 21 41 28 27 18 18 51 12 16 35 34 34 41 46 51 3 33 26 32 42 58 16 47 40 25 12 44 30 20 38 31 19 0 13 7 26 27 21 23 34 28 29 21 40 33 21 32 32 43 
41 23 15 33 26 13 12 19 39 12 7 34 21 24 37 33 43 12 23 27 31 41 48 15 37 27 21 4 35 17 25 28 18 16 13 0 9 25 16 22 10 28 15 16 8 29 31 14 20 32 34 
48 33 23 42 32 23 20 23 49 16 16 40 30 34 44 42 52 5 33 31 36 47 58 20 47 36 28 11 44 24 26 37 28 22 7 9 0 30 25 26 17 36 22 24 18 38 37 22 29 37 43 
18 31 11 20 2 28 13 8 35 14 18 9 30 20 14 40 27 29 18 3 6 16 37 10 30 36 6 20 24 36 12 21 29 9 26 25 30 0 22 6 31 10 35 34 24 26 6 13 26 7 24 
32 9 11 19 21 6 12 22 23 19 11 30 8 9 29 20 29 28 9 25 27 34 33 19 21 15 15 14 20 15 30 13 6 15 27 16 25 22 0 23 13 19 15 13 7 13 25 10 5 29 19 
24 33 12 26 8 28 11 3 40 10 16 13 32 23 20 43 33 24 22 5 10 21 43 6 34 38 9 17 29 36 7 25 30 7 21 22 26 6 23 0 29 16 34 34 23 30 12 13 28 10 29 
44 16 19 32 31 7 18 27 35 21 13 40 14 23 41 25 43 22 22 33 37 45 45 23 34 19 25 13 33 7 34 26 12 22 23 10 17 31 13 29 0 31 5 6 7 25 35 18 14 38 32 
13 25 13 9 8 25 16 18 25 21 20 13 26 12 10 33 17 36 11 13 11 15 27 18 19 30 8 24 13 34 23 12 24 14 34 28 36 10 19 16 31 0 34 32 24 17 8 14 21 14 13 
47 15 23 33 35 8 22 32 33 26 18 44 12 24 44 21 43 27 24 38 41 49 45 28 33 15 29 18 34 1 39 27 11 27 28 15 22 35 15 34 5 34 0 2 11 25 39 22 14 43 33 
45 12 22 31 33 6 22 32 30 26 18 42 9 21 42 19 41 28 22 37 39 47 42 28 31 13 28 19 31 2 39 25 8 26 29 16 24 34 13 34 6 32 2 0 10 22 38 21 11 41 30 
37 15 12 26 24 5 11 21 31 16 7 33 12 17 34 25 37 21 16 27 30 38 40 17 29 19 18 9 28 12 28 21 10 15 21 8 18 24 7 23 7 24 11 10 0 20 28 11 11 32 27 
27 11 19 10 24 18 22 30 11 29 23 30 13 6 25 16 19 41 7 29 28 32 20 28 8 15 20 27 9 25 37 5 14 23 40 29 38 26 13 30 25 17 25 22 20 0 25 19 11 31 8 
12 32 16 17 5 31 18 15 33 21 23 5 33 20 8 41 22 36 19 7 3 9 33 17 27 38 10 26 21 40 18 20 31 15 33 31 37 6 25 12 35 8 39 38 28 25 0 17 29 6 21 
27 20 1 20 12 15 2 12 30 9 6 22 19 13 23 30 30 22 12 15 18 27 37 9 26 25 7 10 23 23 19 16 17 5 21 14 22 13 10 13 18 14 22 21 11 19 17 0 15 20 22 
34 4 16 19 25 7 17 27 20 24 16 34 4 10 31 15 29 32 11 30 31 37 31 24 19 9 20 19 19 14 35 13 3 20 32 20 29 26 5 28 14 21 14 11 11 11 29 15 0 34 18 
16 38 19 24 8 35 20 14 40 20 25 3 38 26 12 47 29 35 24 5 2 10 40 17 34 43 13 28 28 44 14 26 36 16 32 32 37 7 29 10 38 14 43 41 32 31 6 20 34 0 28 
20 19 22 4 22 25 25 30 11 31 27 26 21 9 19 23 10 45 10 27 25 26 14 29 5 23 20 32 1 33 37 6 22 25 43 34 43 24 19 29 32 13 33 30 27 8 21 22 18 28 0 
0 710
5 147
346 488
325 467
275 417
379 521
526 668
43 185
228 370
284 426
518 660
524 666
283 425
493 635
172 314
397 539
173 315
451 593
280 422
352 494
318 460
393 535
358 500
479 621
450 592
254 396
551 693
550 692
507 649
523 665
432 574
186 328
264 406
451 593
346 488
1 143
353 495
554 696
150 292
56 198
185 327
246 388
384 526
254 396
148 290
390 532
384 526
217 359
199 341
234 376
293 435
