51
0 29 31 16 39 3 29 36 39 4 49 15 29 46 21 13 23 12 30 19 43 40 4 29 19 4 24 27 9 4 29 32 42 8 27 45 28 29 42 29 13 37 25 39 16 1 2 34 9 17 35 
29 0 22 15 40 31 17 43 26 26 33 20 4 30 8 35 15 23 43 14 38 42 33 42 10 25 34 35 21 26 15 43 47 23 4 35 15 14 36 25 43 36 15 26 21 28 27 31 20 35 45 
31 22 0 28 19 35 4 22 7 27 17 33 26 14 20 27 33 19 26 29 16 20 35 25 21 28 19 17 29 27 6 25 26 23 25 14 35 7 14 5 41 14 7 7 15 31 30 9 27 25 26 
16 15 28 0 43 17 24 43 35 15 44 4 13 41 9 27 7 16 40 2 44 45 20 39 8 13 32 34 6 15 23 41 48 13 12 43 11 23 42 29 30 40 20 35 18 15 14 35 7 29 44 
39 40 19 43 0 42 23 6 19 34 25 46 44 23 37 28 49 28 15 45 9 1 41 15 37 37 15 11 41 34 26 12 6 32 43 16 52 27 10 15 42 4 25 19 25 39 38 9 39 24 11 
3 31 35 17 42 0 32 40 42 8 52 15 30 49 23 16 23 15 33 19 47 44 3 32 21 7 27 31 10 8 32 35 45 11 29 48 28 32 45 33 13 40 28 42 19 3 4 37 11 20 38 
29 17 4 24 23 32 0 26 10 24 20 29 22 17 16 27 29 17 28 25 20 24 33 27 16 25 20 19 26 24 2 28 29 21 21 18 31 3 18 7 39 18 4 10 13 29 27 13 24 25 29 
36 43 22 43 6 40 26 0 24 32 31 46 46 29 38 24 50 27 9 45 15 7 38 9 37 35 12 9 40 32 28 6 5 31 45 22 53 30 16 18 38 9 27 25 25 37 36 13 38 20 4 
39 26 7 35 19 42 10 24 0 34 10 40 31 6 27 34 39 27 30 36 13 20 42 30 27 35 24 22 37 34 12 29 26 31 30 8 41 13 10 10 48 15 15 0 23 39 38 11 34 32 29 
4 26 27 15 34 8 24 32 34 0 44 15 27 41 18 11 22 7 26 18 38 36 8 25 16 3 20 23 9 0 24 28 38 3 25 40 27 25 37 24 16 32 21 34 11 5 4 29 8 14 31 
49 33 17 44 25 52 20 31 10 44 0 49 38 3 35 44 48 37 38 45 15 25 52 38 36 45 33 30 46 44 21 36 30 41 37 8 48 21 14 20 58 21 24 9 33 49 48 19 44 41 35 
15 20 33 4 46 15 29 46 40 15 49 0 17 46 14 27 8 18 41 6 48 48 18 40 12 12 34 37 6 15 27 43 51 15 16 47 13 27 46 33 28 43 25 40 21 13 13 39 8 30 46 
29 4 26 13 44 30 22 46 31 27 38 17 0 35 8 36 11 24 46 11 42 46 33 45 10 25 37 38 20 27 19 46 50 23 1 39 10 18 40 29 42 40 19 31 23 28 27 35 19 37 48 
46 30 14 41 23 49 17 29 6 41 3 46 35 0 32 41 44 33 36 41 15 23 49 36 33 42 31 28 43 41 18 34 29 38 34 7 45 18 13 17 55 19 21 6 30 46 44 17 41 38 34 
21 8 20 9 37 23 16 38 27 18 35 14 8 32 0 27 12 15 37 9 37 39 25 36 2 17 28 30 13 18 14 38 43 15 7 35 14 14 35 22 34 34 13 27 15 20 19 29 12 28 40 
13 35 27 27 28 16 27 24 34 11 44 27 36 41 27 0 34 12 16 29 34 29 14 15 25 14 12 16 21 11 28 19 29 13 35 38 38 29 33 23 14 27 24 34 14 15 14 26 19 4 22 
23 15 33 7 49 23 29 50 39 22 48 8 11 44 12 34 0 23 47 4 49 51 26 46 12 20 39 41 13 22 27 48 55 21 11 48 4 26 47 35 36 46 25 39 25 21 21 41 14 36 51 
12 23 19 16 28 15 17 27 27 7 37 18 24 33 15 12 23 0 23 19 31 29 15 22 13 9 15 18 13 7 17 24 32 4 22 33 28 18 30 17 22 25 14 27 3 12 11 22 11 13 27 
30 43 26 40 15 33 28 9 30 26 38 41 46 36 37 16 47 23 0 42 24 16 30 1 36 29 8 9 35 26 31 3 14 26 44 30 51 32 25 21 29 17 28 31 22 31 30 19 33 12 6 
19 14 29 2 45 19 25 45 36 18 45 6 11 41 9 29 4 19 42 0 45 46 22 41 8 15 34 36 9 18 23 43 50 16 10 44 9 23 43 30 32 41 21 36 20 17 17 37 10 31 46 
43 38 16 44 9 47 20 15 13 38 15 48 42 15 37 34 49 31 24 45 0 9 46 24 37 41 22 18 44 39 23 22 14 36 41 7 51 24 2 15 49 7 24 13 28 44 42 9 41 31 20 
40 42 20 45 1 44 24 7 20 36 25 48 46 23 39 29 51 29 16 46 9 0 42 16 38 38 16 12 43 36 27 13 6 34 44 16 54 28 10 16 43 5 26 20 27 41 40 10 40 25 11 
4 33 35 20 41 3 33 38 42 8 52 18 33 49 25 14 26 15 30 22 46 42 0 30 23 8 25 29 13 8 33 33 43 11 31 48 31 33 45 32 10 39 29 42 19 5 6 37 13 18 36 
29 42 25 39 15 32 27 9 30 25 38 40 45 36 36 15 46 22 1 41 24 16 30 0 35 29 7 8 34 26 30 3 15 25 43 30 50 31 24 20 28 17 27 30 21 30 29 18 32 11 6 
19 10 21 8 37 21 16 37 27 16 36 12 10 33 2 25 12 13 36 8 37 38 23 35 0 15 27 29 11 16 15 37 42 13 9 35 15 14 35 22 32 33 13 27 13 18 17 28 10 26 39 
4 25 28 13 37 7 25 35 35 3 45 12 25 42 17 14 20 9 29 15 41 38 8 29 15 0 23 26 6 3 25 32 41 4 23 42 24 25 39 26 17 35 21 35 13 3 2 31 5 17 34 
24 34 19 32 15 27 20 12 24 20 33 34 37 31 28 12 39 15 8 34 22 16 25 7 27 23 0 4 28 20 22 9 18 19 35 26 42 23 21 14 27 14 20 24 14 25 24 14 26 8 12 
27 35 17 34 11 31 19 9 22 23 30 37 38 28 30 16 41 18 9 36 18 12 29 8 29 26 4 0 31 23 22 8 14 22 37 23 44 23 17 12 31 10 20 22 16 28 27 11 29 12 10 
9 21 29 6 41 10 26 40 37 9 46 6 20 43 13 21 13 13 35 9 44 43 13 34 11 6 28 31 0 9 25 37 46 9 18 44 18 25 42 29 23 38 22 37 16 8 7 34 2 24 40 
4 26 27 15 34 8 24 32 34 0 44 15 27 41 18 11 22 7 26 18 39 36 8 26 16 3 20 23 9 0 25 29 38 3 25 40 27 25 37 24 16 32 21 34 11 4 3 29 8 14 32 
29 15 6 23 26 32 2 28 12 24 21 27 19 18 14 28 27 17 31 23 23 27 33 30 15 25 22 22 25 25 0 30 32 21 18 20 28 1 21 10 40 21 3 12 14 28 27 16 23 27 31 
32 43 25 41 12 35 28 6 29 28 36 43 46 34 38 19 48 24 3 43 22 13 33 3 37 32 9 8 37 29 30 0 11 28 45 28 52 32 22 20 32 15 28 29 23 33 32 17 35 15 3 
42 47 26 48 6 45 29 5 26 38 30 51 50 29 43 29 55 32 14 50 14 6 43 15 42 41 18 14 46 38 32 11 0 37 49 22 58 33 16 21 43 11 31 26 30 43 42 16 43 25 8 
8 23 23 13 32 11 21 31 31 3 41 15 23 38 15 13 21 4 26 16 36 34 11 25 13 4 19 22 9 3 21 28 37 0 22 37 25 21 34 21 20 30 17 31 8 7 6 27 7 15 31 
27 4 25 12 43 29 21 45 30 25 37 16 1 34 7 35 11 22 44 10 41 44 31 43 9 23 35 37 18 25 18 45 49 22 0 38 10 17 39 28 41 39 18 30 22 26 25 34 18 35 47 
45 35 14 43 16 48 18 22 8 40 8 47 39 7 35 38 48 33 30 44 7 16 48 30 35 42 26 23 44 40 20 28 22 37 38 0 49 21 6 15 52 13 22 8 29 45 44 12 41 35 27 
28 15 35 11 52 28 31 53 41 27 48 13 10 45 14 38 4 28 51 9 51 54 31 50 15 24 42 44 18 27 28 52 58 25 10 49 0 28 49 37 41 48 27 40 28 26 26 43 19 40 54 
29 14 7 23 27 32 3 30 13 25 21 27 18 18 14 29 26 18 32 23 24 28 33 31 14 25 23 23 25 25 1 32 33 21 17 21 28 0 21 11 41 22 4 12 15 29 28 17 23 28 33 
42 36 14 42 10 45 18 16 10 37 14 46 40 13 35 33 47 30 25 43 2 10 45 24 35 39 21 17 42 37 21 22 16 34 39 6 49 21 0 13 48 7 21 11 26 42 41 7 39 30 21 
29 25 5 29 15 33 7 18 10 24 20 33 29 17 22 23 35 17 21 30 15 16 32 20 22 26 14 12 29 24 10 20 21 21 28 15 37 11 13 0 37 11 9 11 13 29 28 6 26 21 21 
13 43 41 30 42 13 39 38 48 16 58 28 42 55 34 14 36 22 29 32 49 43 10 28 32 17 27 31 23 16 40 32 43 20 41 52 41 41 48 37 0 41 36 48 26 15 15 40 23 18 35 
37 36 14 40 4 40 18 9 15 32 21 43 40 19 34 27 46 25 17 41 7 5 39 17 33 35 14 10 38 32 21 15 11 30 39 13 48 22 7 11 41 0 21 15 22 37 36 5 36 23 14 
25 15 7 20 25 28 4 27 15 21 24 25 19 21 13 24 25 14 28 21 24 26 29 27 13 21 20 20 22 21 3 28 31 17 18 22 27 4 21 9 36 21 0 14 10 25 24 16 20 23 30 
39 26 7 35 19 42 10 25 0 34 9 40 31 6 27 34 39 27 31 36 13 20 42 30 27 35 24 22 37 34 12 29 26 31 30 8 40 12 11 11 48 15 14 0 23 39 38 11 34 32 29 
16 21 15 18 25 19 13 25 23 11 33 21 23 30 15 14 25 3 22 20 28 27 19 21 13 13 14 16 16 11 14 23 30 8 22 29 28 15 26 13 26 22 10 23 0 16 15 18 13 14 25 
1 28 31 15 39 3 29 37 39 5 49 13 28 46 20 15 21 12 31 17 44 41 5 30 18 3 25 28 8 4 28 33 43 7 26 45 26 29 42 29 15 37 25 39 16 0 1 34 8 18 36 
2 27 30 14 38 4 27 36 38 4 48 13 27 44 19 14 21 11 30 17 42 40 6 29 17 2 24 27 7 3 27 32 42 6 25 44 26 28 41 28 15 36 24 38 15 1 0 33 7 18 35 
34 31 9 35 9 37 13 13 11 29 19 39 35 17 29 26 41 22 19 37 9 10 37 18 28 31 14 11 34 29 16 17 16 27 34 12 43 17 7 6 40 5 16 11 18 34 33 0 32 22 17 
9 20 27 7 39 11 24 38 34 8 44 8 19 41 12 19 14 11 33 10 41 40 13 32 10 5 26 29 2 8 23 35 43 7 18 41 19 23 39 26 23 36 20 34 13 8 7 32 0 22 38 
17 35 25 29 24 20 25 20 32 14 41 30 37 38 28 4 36 13 12 31 31 25 18 11 26 17 8 12 24 14 27 15 25 15 35 35 40 28 30 21 18 23 23 32 14 18 18 22 22 0 18 
35 45 26 44 11 38 29 4 29 31 35 46 48 34 40 22 51 27 6 46 20 11 36 6 39 34 12 10 40 32 31 3 8 31 47 27 54 33 21 21 35 14 30 29 25 36 35 17 38 18 0 
0 300
91 91
22 22
74 74
100 100
138 138
189 189
63 63
26 26
22 22
277 277
11 11
67 67
203 203
90 90
18 18
128 128
66 66
80 80
55 55
108 108
276 276
144 144
217 217
279 279
198 198
102 102
249 249
254 254
220 220
162 162
9 9
112 112
39 39
103 103
280 280
54 54
172 172
110 110
4 4
249 249
190 190
24 24
298 298
9 9
122 122
13 13
127 127
66 66
57 57
44 44
