51
0 25 17 29 33 17 35 40 49 26 43 38 11 21 29 25 7 44 15 20 49 21 44 48 17 8 44 39 26 45 27 38 44 54 30 45 29 13 26 23 29 40 36 51 40 41 26 56 32 51 21 
25 0 10 40 48 8 39 32 33 16 39 42 14 29 30 1 18 33 25 9 48 39 30 32 17 20 21 31 0 22 39 44 34 42 16 24 4 13 6 31 28 42 51 38 50 28 30 45 34 39 36 
17 10 0 31 38 8 31 28 33 11 33 34 6 20 22 10 10 30 15 3 41 29 29 32 7 15 27 27 10 27 29 35 31 40 13 27 12 10 9 21 20 35 41 36 41 26 21 43 26 37 26 
29 40 31 0 8 38 11 28 42 28 25 13 30 11 15 41 29 32 16 31 25 10 37 41 23 36 49 27 41 49 2 10 30 41 30 45 41 37 37 10 16 15 11 39 10 34 12 40 12 39 8 
33 48 38 8 0 44 18 36 50 36 32 19 36 19 23 49 34 40 23 38 31 11 45 50 31 41 58 36 49 58 9 15 38 48 39 54 49 43 45 18 25 21 3 47 11 42 20 48 20 47 12 
17 8 8 38 44 0 39 35 39 19 41 42 8 27 30 8 11 38 21 10 49 34 35 38 15 11 29 34 8 30 36 43 38 47 20 31 12 4 12 28 28 43 48 43 48 33 29 50 34 44 32 
35 39 31 11 18 39 0 18 32 24 13 2 33 14 9 40 33 22 20 30 14 21 28 32 24 41 43 18 40 43 12 4 20 30 26 38 39 40 34 12 11 4 20 28 12 25 10 29 5 28 18 
40 32 28 28 36 35 18 0 14 16 8 18 33 22 14 33 35 4 27 25 17 35 9 14 24 42 27 1 32 26 28 22 3 14 15 21 30 38 26 22 13 17 38 11 30 7 17 15 15 11 32 
49 33 33 42 50 39 32 14 0 22 20 32 39 35 27 34 42 10 38 30 29 48 5 0 32 48 18 14 33 17 42 37 12 11 19 11 29 43 27 35 26 31 53 8 44 8 31 14 29 8 45 
26 16 11 28 36 19 24 16 22 0 22 26 17 17 14 17 19 19 17 8 31 30 18 21 9 26 22 15 16 22 26 29 19 29 3 19 15 22 10 18 12 26 39 25 35 15 16 31 19 26 27 
43 39 33 25 32 41 13 8 20 22 0 12 37 23 14 40 38 10 28 31 9 34 17 20 28 46 35 8 39 34 25 17 8 16 22 29 37 43 33 21 14 11 34 15 24 15 17 15 13 15 31 
38 42 34 13 19 42 2 18 32 26 12 0 35 16 12 43 36 22 23 32 12 24 28 32 26 44 44 18 42 44 15 4 20 29 28 38 41 43 37 15 13 1 21 27 12 25 12 28 7 27 21 
11 14 6 30 36 8 33 33 39 17 37 35 0 19 24 15 3 36 13 9 44 26 35 38 9 9 33 31 15 34 28 36 36 46 19 34 18 7 15 21 23 36 39 42 40 32 23 48 28 43 24 
21 29 20 11 19 27 14 22 35 17 23 16 19 0 8 30 19 26 6 19 27 13 30 34 12 27 39 21 30 39 9 17 26 37 20 36 30 27 25 1 9 18 22 34 21 26 5 37 10 34 10 
29 30 22 15 23 30 9 14 27 14 14 12 24 8 0 31 25 18 14 20 20 21 22 27 15 33 34 13 30 34 14 14 17 28 16 30 29 31 25 7 1 12 26 25 21 19 3 29 4 26 18 
25 1 10 41 49 8 40 33 34 17 40 43 15 30 31 0 18 34 26 10 49 40 31 33 18 19 21 32 1 23 40 45 36 43 17 25 5 12 7 31 29 43 52 39 51 29 31 46 35 40 37 
7 18 10 29 34 11 33 35 42 19 38 36 3 19 25 18 0 38 12 13 45 24 38 41 11 8 37 33 18 37 27 36 38 48 22 37 21 8 19 21 24 37 37 45 39 35 23 50 28 45 22 
44 33 30 32 40 38 22 4 10 19 10 22 36 26 18 34 38 0 31 27 19 40 6 10 27 45 25 4 33 25 32 26 2 10 17 19 31 41 27 26 17 21 43 7 34 6 22 12 19 7 36 
15 25 15 16 23 21 20 27 38 17 28 23 13 6 14 26 12 31 0 16 34 14 33 37 8 20 39 26 26 39 14 23 30 41 20 37 27 21 23 8 14 25 26 38 26 29 11 42 16 38 11 
20 9 3 31 38 10 30 25 30 8 31 32 9 19 20 10 13 27 16 0 39 30 26 29 7 18 24 24 10 25 29 34 28 37 10 24 11 13 7 21 19 33 42 33 40 23 20 39 24 34 27 
49 48 41 25 31 49 14 17 29 31 9 12 44 27 20 49 45 19 34 39 0 36 25 29 35 53 44 18 48 44 27 15 16 21 32 38 46 51 42 26 21 10 32 22 21 24 22 19 17 21 33 
21 39 29 10 11 34 21 35 48 30 34 24 26 13 21 40 24 40 14 30 36 0 43 48 22 30 52 35 40 52 9 21 38 49 33 49 41 32 37 13 22 25 14 47 20 40 18 49 20 47 3 
44 30 29 37 45 35 28 9 5 18 17 28 35 30 22 31 38 6 33 26 25 43 0 4 27 44 19 9 30 18 37 32 8 12 15 12 27 39 24 29 20 27 48 8 40 3 25 15 24 9 40 
48 32 32 41 50 38 32 14 0 21 20 32 38 34 27 33 41 10 37 29 29 48 4 0 31 48 18 14 32 17 41 37 12 12 19 11 28 42 26 34 25 31 52 8 44 7 30 15 29 9 44 
17 17 7 23 31 15 24 24 32 9 28 26 9 12 15 18 11 27 8 7 35 22 27 31 0 18 30 22 18 31 21 28 27 37 13 29 18 16 14 13 14 27 34 34 33 24 14 39 19 34 19 
8 20 15 36 41 11 41 42 48 26 46 44 9 27 33 19 8 45 20 18 53 30 44 48 18 0 40 41 20 41 34 44 45 55 29 42 24 6 23 29 32 45 44 52 47 41 31 57 36 52 28 
44 21 27 49 58 29 43 27 18 22 35 44 33 39 34 21 37 25 39 24 44 52 19 18 30 40 0 27 20 1 48 48 28 30 18 7 16 34 17 40 32 44 61 26 55 20 37 33 38 27 49 
39 31 27 27 36 34 18 1 14 15 8 18 31 21 13 32 33 4 26 24 18 35 9 14 22 41 27 0 31 26 27 22 4 15 14 20 29 37 25 21 12 17 38 12 30 7 17 16 15 12 31 
26 0 10 41 49 8 40 32 33 16 39 42 15 30 30 1 18 33 26 10 48 40 30 32 18 20 20 31 0 22 39 45 35 42 16 24 3 13 6 31 29 43 52 38 50 28 31 45 35 39 37 
45 22 27 49 58 30 43 26 17 22 34 44 34 39 34 23 37 25 39 25 44 52 18 17 31 41 1 26 22 0 48 47 27 29 18 6 18 35 18 40 32 43 61 25 55 19 37 32 38 26 49 
27 39 29 2 9 36 12 28 42 26 25 15 28 9 14 40 27 32 14 29 27 9 37 41 21 34 48 27 39 48 0 12 31 41 30 44 40 35 35 8 16 16 12 39 13 34 11 41 12 39 6 
38 44 35 10 15 43 4 22 37 29 17 4 36 17 14 45 36 26 23 34 15 21 32 37 28 44 48 22 45 47 12 0 24 33 31 42 44 43 39 15 16 5 17 32 7 30 14 32 10 32 19 
44 34 31 30 38 38 20 3 12 19 8 20 36 26 17 36 38 2 30 28 16 38 8 12 27 45 28 4 35 27 31 24 0 11 18 21 32 41 28 25 16 19 41 8 32 8 20 12 18 8 35 
54 42 40 41 48 47 30 14 11 29 16 29 46 37 28 43 48 10 41 37 21 49 12 12 37 55 30 15 42 29 41 33 11 0 27 23 39 51 36 36 27 27 50 4 40 14 31 3 28 3 46 
30 16 13 30 39 20 26 15 19 3 22 28 19 20 16 17 22 17 20 10 32 33 15 19 13 29 18 14 16 18 30 31 18 27 0 16 14 24 10 21 14 28 42 23 38 12 18 29 21 24 30 
45 24 27 45 54 31 38 21 11 19 29 38 34 36 30 25 37 19 37 24 38 49 12 11 29 42 7 20 24 6 44 42 21 23 16 0 20 36 19 36 28 38 57 19 50 13 33 26 33 20 46 
29 4 12 41 49 12 39 30 29 15 37 41 18 30 29 5 21 31 27 11 46 41 27 28 18 24 16 29 3 18 40 44 32 39 14 20 0 17 4 31 28 42 53 35 50 25 30 42 34 36 38 
13 13 10 37 43 4 40 38 43 22 43 43 7 27 31 12 8 41 21 13 51 32 39 42 16 6 34 37 13 35 35 43 41 51 24 36 17 0 16 28 30 44 46 47 47 37 30 53 35 48 30 
26 6 9 37 45 12 34 26 27 10 33 37 15 25 25 7 19 27 23 7 42 37 24 26 14 23 17 25 6 18 35 39 28 36 10 19 4 16 0 27 23 37 48 32 45 22 26 39 29 33 34 
23 31 21 10 18 28 12 22 35 18 21 15 21 1 7 31 21 26 8 21 26 13 29 34 13 29 40 21 31 40 8 15 25 36 21 36 31 28 27 0 9 16 21 33 19 26 4 36 8 33 10 
29 28 20 16 25 28 11 13 26 12 14 13 23 9 1 29 24 17 14 19 21 22 20 25 14 32 32 12 29 32 16 16 16 27 14 28 28 30 23 9 0 14 28 24 23 17 4 28 6 24 19 
40 42 35 15 21 43 4 17 31 26 11 1 36 18 12 43 37 21 25 33 10 25 27 31 27 45 44 17 43 43 16 5 19 27 28 38 42 44 37 16 14 0 23 26 13 25 13 26 8 26 23 
36 51 41 11 3 48 20 38 53 39 34 21 39 22 26 52 37 43 26 42 32 14 48 52 34 44 61 38 52 61 12 17 41 50 42 57 53 46 48 21 28 23 0 49 11 45 23 50 23 49 15 
51 38 36 39 47 43 28 11 8 25 15 27 42 34 25 39 45 7 38 33 22 47 8 8 34 52 26 12 38 25 39 32 8 4 23 19 35 47 32 33 24 26 49 0 40 10 29 6 26 0 43 
40 50 41 10 11 48 12 30 44 35 24 12 40 21 21 51 39 34 26 40 21 20 40 44 33 47 55 30 50 55 13 7 32 40 38 50 50 47 45 19 23 13 11 40 0 37 19 39 16 39 19 
41 28 26 34 42 33 25 7 8 15 15 25 32 26 19 29 35 6 29 23 24 40 3 7 24 41 20 7 28 19 34 30 8 14 12 13 25 37 22 26 17 25 45 10 37 0 22 16 21 11 37 
26 30 21 12 20 29 10 17 31 16 17 12 23 5 3 31 23 22 11 20 22 18 25 30 14 31 37 17 31 37 11 14 20 31 18 33 30 30 26 4 4 13 23 29 19 22 0 32 5 29 14 
56 45 43 40 48 50 29 15 14 31 15 28 48 37 29 46 50 12 42 39 19 49 15 15 39 57 33 16 45 32 41 32 12 3 29 26 42 53 39 36 28 26 50 6 39 16 32 0 29 6 46 
32 34 26 12 20 34 5 15 29 19 13 7 28 10 4 35 28 19 16 24 17 20 24 29 19 36 38 15 35 38 12 10 18 28 21 33 34 35 29 8 6 8 23 26 16 21 5 29 0 26 17 
51 39 37 39 47 44 28 11 8 26 15 27 43 34 26 40 45 7 38 34 21 47 9 9 34 52 27 12 39 26 39 32 8 3 24 20 36 48 33 33 24 26 49 0 39 11 29 6 26 0 44 
21 36 26 8 12 32 18 32 45 27 31 21 24 10 18 37 22 36 11 27 33 3 40 44 19 28 49 31 37 49 6 19 35 46 30 46 38 30 34 10 19 23 15 43 19 37 14 46 17 44 0 
0 464
246 292
40 86
251 297
391 437
215 261
180 226
106 152
157 203
250 296
143 189
153 199
268 314
349 395
413 459
325 371
394 440
310 356
413 459
317 363
35 81
188 234
307 353
286 332
200 246
57 103
163 209
316 362
83 129
44 90
219 265
351 397
307 353
138 184
286 332
144 190
69 115
43 89
355 401
202 248
94 140
319 365
4 50
102 148
11 57
371 417
405 451
364 410
409 455
136 182
136 182
