51
0 12 34 40 29 5 38 35 49 33 50 37 32 16 33 19 1 35 24 35 12 34 11 46 27 50 44 17 24 40 35 54 9 4 28 8 13 20 18 12 20 47 43 5 7 56 38 43 14 2 28 
12 0 28 33 21 8 26 23 39 23 38 37 23 11 22 9 11 24 12 32 5 26 9 37 16 40 32 5 12 32 24 44 8 10 21 4 4 11 12 1 12 38 32 7 5 46 27 35 14 11 28 
34 28 0 6 7 28 24 40 22 14 33 16 9 18 42 34 33 42 30 8 34 6 38 18 35 22 27 26 26 10 24 26 36 36 7 27 24 17 16 30 38 17 21 29 32 29 21 11 19 35 14 
40 33 6 0 11 34 24 42 17 14 31 19 11 23 44 38 39 44 33 12 39 7 43 13 37 17 25 30 29 6 24 21 42 41 11 33 29 22 21 35 42 12 19 35 37 23 20 5 25 41 20 
29 21 7 11 0 23 18 33 21 8 29 22 3 12 34 27 28 35 22 15 27 4 31 18 27 22 22 19 18 11 17 26 30 30 0 22 18 10 10 23 31 18 18 24 26 28 16 14 16 30 18 
5 8 28 34 23 0 33 32 44 27 45 33 26 11 31 16 4 32 20 30 11 28 12 41 24 45 39 13 20 34 30 49 10 7 23 4 7 14 12 9 19 41 37 1 5 50 33 37 10 6 24 
38 26 24 24 18 33 0 20 17 10 12 41 15 24 23 25 37 23 17 33 29 18 34 17 19 19 6 21 14 18 2 21 34 37 19 29 25 19 23 27 29 18 8 33 32 21 3 21 31 38 37 
35 23 40 42 33 32 20 0 38 28 27 55 31 30 2 16 33 2 12 48 22 35 26 38 7 40 24 20 15 38 19 42 27 31 33 28 26 26 30 23 16 39 29 31 27 41 24 41 36 33 48 
49 39 22 17 21 44 17 38 0 16 17 37 18 33 40 41 48 40 33 29 44 17 49 3 36 1 14 35 30 12 19 4 48 50 22 41 37 29 31 41 45 4 9 44 45 6 14 12 38 50 37 
33 23 14 14 8 27 10 28 16 0 21 30 4 17 29 26 32 29 19 22 28 7 32 14 23 17 14 18 15 10 9 21 32 33 8 24 20 12 15 24 30 14 10 28 28 23 8 14 22 33 26 
50 38 33 31 29 45 12 27 17 21 0 50 25 36 29 36 49 29 28 42 41 27 46 19 28 18 6 33 26 25 14 18 46 49 30 41 37 31 35 39 39 21 12 45 44 17 13 27 43 50 47 
37 37 16 19 22 33 41 55 37 30 50 0 25 26 55 45 37 56 43 7 43 23 45 33 48 36 43 37 39 25 40 40 43 41 21 34 33 29 25 39 49 32 38 35 38 43 38 25 23 39 8 
32 23 9 11 3 26 15 31 18 4 25 25 0 15 33 27 31 33 21 17 28 3 33 14 26 18 18 19 18 8 14 23 32 32 4 24 20 12 13 25 32 15 14 27 28 25 12 12 20 33 21 
16 11 18 23 12 11 24 30 33 17 36 26 15 0 30 18 15 31 17 21 16 17 20 30 22 34 30 10 15 23 22 38 18 18 12 9 6 5 1 12 22 30 27 12 14 40 23 26 6 17 18 
33 22 42 44 34 31 23 2 40 29 29 55 33 30 0 14 32 1 12 48 20 36 24 40 7 42 27 19 15 39 21 44 25 30 34 27 25 26 31 22 14 41 31 30 26 44 26 43 36 32 48 
19 9 34 38 27 16 25 16 41 26 36 45 27 18 14 0 17 16 8 39 6 30 10 39 9 42 31 8 11 36 23 46 11 15 27 13 12 17 20 7 4 40 32 15 11 46 27 39 23 17 37 
1 11 33 39 28 4 37 33 48 32 49 37 31 15 32 17 0 34 23 34 11 33 10 45 26 49 43 16 23 39 34 53 8 3 28 7 11 19 17 10 18 46 41 4 5 55 37 42 14 2 28 
35 24 42 44 35 32 23 2 40 29 29 56 33 31 1 16 34 0 13 49 22 36 25 40 8 42 27 21 16 40 21 44 26 31 35 28 26 27 32 23 16 41 31 31 28 44 26 43 37 33 49 
24 12 30 33 22 20 17 12 33 19 28 43 21 17 12 8 23 13 0 36 13 25 18 32 5 35 23 7 3 29 14 38 18 22 22 16 13 13 18 12 11 33 24 19 17 38 19 33 24 23 35 
35 32 8 12 15 30 33 48 29 22 42 7 17 21 48 39 34 49 36 0 38 15 41 25 41 29 35 31 33 17 32 33 39 37 14 30 28 23 19 34 43 25 30 31 34 36 30 17 20 36 9 
12 5 34 39 27 11 29 22 44 28 41 43 28 16 20 6 11 22 13 38 0 31 4 42 15 45 35 9 15 37 27 49 5 9 27 8 10 16 18 4 7 43 36 10 5 50 31 41 20 11 34 
34 26 6 7 4 28 18 35 17 7 27 23 3 17 36 30 33 36 25 15 31 0 35 13 29 17 20 22 21 6 17 22 34 35 5 26 22 14 15 27 35 13 15 29 30 24 15 9 21 35 20 
11 9 38 43 31 12 34 26 49 32 46 45 33 20 24 10 10 25 18 41 4 35 0 46 19 50 40 14 20 41 32 54 1 6 31 10 13 21 21 8 9 47 41 10 6 55 36 45 21 8 36 
46 37 18 13 18 41 17 38 3 14 19 33 14 30 40 39 45 40 32 25 42 13 46 0 35 4 15 32 28 8 18 8 46 47 18 38 34 26 28 38 43 1 9 41 42 10 13 8 34 47 33 
27 16 35 37 27 24 19 7 36 23 28 48 26 22 7 9 26 8 5 41 15 29 19 35 0 38 24 12 8 33 17 40 20 24 27 20 18 18 23 15 10 36 27 23 20 41 22 37 28 26 41 
50 40 22 17 22 45 19 40 1 17 18 36 18 34 42 42 49 42 35 29 45 17 50 4 38 0 16 36 31 12 20 4 49 51 22 42 38 30 32 42 46 4 11 45 46 6 16 11 38 51 37 
44 32 27 25 22 39 6 24 14 14 6 43 18 30 27 31 43 27 23 35 35 20 40 15 24 16 0 27 20 19 8 17 40 43 23 35 31 24 29 33 34 17 6 39 38 17 6 21 36 44 40 
17 5 26 30 19 13 21 20 35 18 33 37 19 10 19 8 16 21 7 31 9 22 14 32 12 36 27 0 7 28 18 40 13 16 19 8 5 8 11 6 12 33 27 12 10 41 22 32 16 17 29 
24 12 26 29 18 20 14 15 30 15 26 39 18 15 15 11 23 16 3 33 15 21 20 28 8 31 20 7 0 25 12 34 20 23 19 16 12 10 15 13 15 29 21 19 18 35 16 29 22 24 33 
40 32 10 6 11 34 18 38 12 10 25 25 8 23 39 36 39 40 29 17 37 6 41 8 33 12 19 28 25 0 18 16 41 41 11 32 28 20 21 33 40 7 13 35 36 19 15 3 27 41 24 
35 24 24 24 17 30 2 19 19 9 14 40 14 22 21 23 34 21 14 32 27 17 32 18 17 20 8 18 12 18 0 23 32 34 18 27 22 17 21 24 26 20 10 30 29 23 4 22 29 35 35 
54 44 26 21 26 49 21 42 4 21 18 40 23 38 44 46 53 44 38 33 49 22 54 8 40 4 17 40 34 16 23 0 53 55 27 46 42 34 36 46 50 8 13 49 50 2 18 15 43 55 41 
9 8 36 42 30 10 34 27 48 32 46 43 32 18 25 11 8 26 18 39 5 34 1 46 20 49 40 13 20 41 32 53 0 5 30 9 12 20 20 7 11 47 40 8 5 54 35 44 20 7 34 
4 10 36 41 30 7 37 31 50 33 49 41 32 18 30 15 3 31 22 37 9 35 6 47 24 51 43 16 23 41 34 55 5 0 30 8 12 20 19 9 16 47 42 6 5 56 38 44 17 2 32 
28 21 7 11 0 23 19 33 22 8 30 21 4 12 34 27 28 35 22 14 27 5 31 18 27 22 23 19 19 11 18 27 30 30 0 21 17 10 10 23 31 19 18 24 25 29 17 14 15 30 17 
8 4 27 33 22 4 29 28 41 24 41 34 24 9 27 13 7 28 16 30 8 26 10 38 20 42 35 8 16 32 27 46 9 8 21 0 4 12 11 5 15 39 34 3 4 48 29 36 11 8 26 
13 4 24 29 18 7 25 26 37 20 37 33 20 6 25 12 11 26 13 28 10 22 13 34 18 38 31 5 12 28 22 42 12 12 17 4 0 7 8 6 16 35 29 7 8 43 25 32 11 13 24 
20 11 17 22 10 14 19 26 29 12 31 29 12 5 26 17 19 27 13 23 16 14 21 26 18 30 24 8 10 20 17 34 20 20 10 12 7 0 4 12 21 27 22 15 15 36 19 24 12 20 22 
18 12 16 21 10 12 23 30 31 15 35 25 13 1 31 20 17 32 18 19 18 15 21 28 23 32 29 11 15 21 21 36 20 19 10 11 8 4 0 14 23 28 26 13 15 38 22 24 7 19 17 
12 1 30 35 23 9 27 23 41 24 39 39 25 12 22 7 10 23 12 34 4 27 8 38 15 42 33 6 13 33 24 46 7 9 23 5 6 12 14 0 10 39 33 8 4 47 28 37 16 11 30 
20 12 38 42 31 19 29 16 45 30 39 49 32 22 14 4 18 16 11 43 7 35 9 43 10 46 34 12 15 40 26 50 11 16 31 15 16 21 23 10 0 44 36 17 13 50 31 44 26 18 41 
47 38 17 12 18 41 18 39 4 14 21 32 15 30 41 40 46 41 33 25 43 13 47 1 36 4 17 33 29 7 20 8 47 47 19 39 35 27 28 39 44 0 10 42 43 11 15 7 35 48 32 
43 32 21 19 18 37 8 29 9 10 12 38 14 27 31 32 41 31 24 30 36 15 41 9 27 11 6 27 21 13 10 13 40 42 18 34 29 22 26 33 36 10 0 37 37 14 5 15 33 43 35 
5 7 29 35 24 1 33 31 44 28 45 35 27 12 30 15 4 31 19 31 10 29 10 41 23 45 39 12 19 35 30 49 8 6 24 3 7 15 13 8 17 42 37 0 4 51 33 38 11 5 26 
7 5 32 37 26 5 32 27 45 28 44 38 28 14 26 11 5 28 17 34 5 30 6 42 20 46 38 10 18 36 29 50 5 5 25 4 8 15 15 4 13 43 37 4 0 51 32 40 15 6 29 
56 46 29 23 28 50 21 41 6 23 17 43 25 40 44 46 55 44 38 36 50 24 55 10 41 6 17 41 35 19 23 2 54 56 29 48 43 36 38 47 50 11 14 51 51 0 19 18 45 56 43 
38 27 21 20 16 33 3 24 14 8 13 38 12 23 26 27 37 26 19 30 31 15 36 13 22 16 6 22 16 15 4 18 35 38 17 29 25 19 22 28 31 15 5 33 32 19 0 18 30 38 34 
43 35 11 5 14 37 21 41 12 14 27 25 12 26 43 39 42 43 33 17 41 9 45 8 37 11 21 32 29 3 22 15 44 44 14 36 32 24 24 37 44 7 15 38 40 18 18 0 30 44 25 
14 14 19 25 16 10 31 36 38 22 43 23 20 6 36 23 14 37 24 20 20 21 21 34 28 38 36 16 22 27 29 43 20 17 15 11 11 12 7 16 26 35 33 11 15 45 30 30 0 16 14 
2 11 35 41 30 6 38 33 50 33 50 39 33 17 32 17 2 33 23 36 11 35 8 47 26 51 44 17 24 41 35 55 7 2 30 8 13 20 19 11 18 48 43 5 6 56 38 44 16 0 30 
28 28 14 20 18 24 37 48 37 26 47 8 21 18 48 37 28 49 35 9 34 20 36 33 41 37 40 29 33 24 35 41 34 32 17 26 24 22 17 30 41 32 35 26 29 43 34 25 14 30 0 
0 464
135 320
45 230
174 359
127 312
54 239
22 207
116 301
133 318
3 188
21 206
236 421
62 247
86 271
202 387
168 353
139 324
263 448
63 248
91 276
107 292
243 428
14 199
29 214
111 296
135 320
202 387
93 278
190 375
136 321
178 363
117 302
122 307
39 224
230 415
181 366
135 320
103 288
34 219
28 213
167 352
104 289
134 319
39 224
201 386
232 417
131 316
253 438
196 381
244 429
18 203
