51
0 28 18 12 28 31 21 35 7 22 20 24 8 22 25 13 19 17 30 10 17 18 14 12 34 32 20 21 25 28 30 23 4 17 14 35 17 10 7 23 32 29 8 16 26 26 24 16 16 31 8 
28 0 10 15 46 5 39 17 32 29 21 25 36 5 19 33 45 36 27 37 18 35 42 23 24 15 24 46 19 22 51 26 25 36 30 17 30 38 21 13 6 20 28 34 48 46 7 38 18 19 25 
18 10 0 7 41 15 33 24 24 20 19 24 27 5 13 23 35 25 28 27 15 30 32 17 28 15 22 36 20 24 45 24 17 26 20 23 21 29 13 14 15 16 21 24 41 40 10 31 8 16 15 
12 15 7 0 33 18 26 23 17 23 13 18 21 9 20 21 31 25 23 23 9 22 26 9 25 23 15 32 16 20 37 18 10 25 20 23 21 22 5 12 19 23 13 23 34 32 11 23 12 24 13 
28 46 41 33 0 46 7 41 21 50 25 23 26 41 52 40 39 45 26 32 27 11 30 23 34 57 22 40 30 29 6 21 26 44 42 41 46 23 28 33 47 56 20 43 8 4 38 13 43 57 37 
31 5 15 18 46 0 40 12 35 34 20 23 39 9 24 38 49 41 24 41 19 36 45 24 20 19 24 51 16 20 51 25 28 41 35 11 36 40 24 12 1 25 30 39 49 46 7 40 23 24 29 
21 39 33 26 7 40 0 36 13 43 20 19 19 34 45 33 33 37 24 25 21 3 24 16 31 49 16 34 25 25 11 17 18 37 35 37 38 16 21 27 41 48 13 36 9 6 32 6 36 50 29 
35 17 24 23 41 12 36 0 36 44 16 17 42 19 36 45 54 48 15 46 18 33 49 24 8 32 20 56 11 12 47 19 31 49 43 1 44 42 27 11 12 37 30 47 46 42 13 38 32 36 36 
7 32 24 17 21 35 13 36 0 29 19 21 7 26 33 19 22 24 28 13 17 11 14 11 33 39 17 23 25 27 23 20 7 23 21 36 25 6 11 24 36 37 5 22 18 18 27 8 24 38 16 
22 29 20 23 50 34 43 44 29 0 36 41 26 25 12 13 25 11 47 22 32 40 27 30 48 22 38 26 39 43 52 41 25 12 9 44 5 30 23 34 35 14 30 11 47 48 31 38 11 17 13 
20 21 19 13 25 20 20 16 19 36 0 5 27 17 33 32 40 37 10 31 3 17 33 8 14 34 3 41 5 7 31 5 16 37 32 17 35 26 14 7 21 36 14 35 30 26 13 22 25 36 25 
24 25 24 18 23 23 19 17 21 41 5 0 29 22 38 37 43 41 6 34 9 16 36 12 12 39 4 44 7 6 29 1 19 41 37 18 39 28 18 11 24 41 17 39 28 24 17 22 31 41 29 
8 36 27 21 26 39 19 42 7 26 27 29 0 30 32 14 14 18 36 5 24 18 6 18 41 40 25 15 32 34 27 28 11 17 17 43 21 3 15 30 40 36 12 17 21 23 32 13 24 38 14 
22 5 5 9 41 9 34 19 26 25 17 22 30 0 17 28 39 31 25 32 14 30 36 17 23 16 20 41 16 21 46 22 20 31 25 18 26 32 15 11 10 19 22 29 43 40 5 33 14 19 20 
25 19 13 20 52 24 45 36 33 12 33 38 32 17 0 22 35 22 42 31 29 41 35 29 41 10 35 36 33 38 56 38 26 23 18 36 16 35 23 28 25 4 31 22 51 50 23 41 9 6 18 
13 33 23 21 40 38 33 45 19 13 32 37 14 28 22 0 12 4 43 9 29 30 14 24 46 32 32 13 36 40 41 36 17 4 4 45 7 17 18 33 39 26 21 3 35 36 32 27 16 28 8 
19 45 35 31 39 49 33 54 22 25 40 43 14 39 35 12 0 13 49 9 37 32 8 31 54 45 39 1 45 47 38 42 24 12 16 55 19 16 26 42 50 39 26 13 32 35 42 26 28 41 19 
17 36 25 25 45 41 37 48 24 11 37 41 18 31 22 4 13 0 47 13 33 35 17 29 50 32 37 14 41 44 45 41 22 1 5 48 6 22 22 37 41 25 26 1 40 41 35 31 17 28 12 
30 27 28 23 26 24 24 15 28 47 10 6 36 25 42 43 49 47 0 40 14 21 42 18 7 42 10 51 8 4 33 7 26 47 43 16 45 34 24 14 25 45 23 46 33 29 20 28 36 45 35 
10 37 27 23 32 41 25 46 13 22 31 34 5 32 31 9 9 13 40 0 28 24 4 22 45 39 30 10 36 38 32 33 14 12 13 46 17 9 18 34 42 34 17 12 27 28 34 19 23 37 13 
17 18 15 9 27 19 21 18 17 32 3 9 24 14 29 29 37 33 14 28 0 17 30 6 17 31 6 38 7 11 32 9 13 33 28 18 31 24 10 7 20 32 12 31 30 27 11 21 22 32 21 
18 35 30 22 11 36 3 33 11 40 17 16 18 30 41 30 32 35 21 24 17 0 23 12 28 46 13 33 22 22 15 14 15 34 32 34 36 15 17 24 37 45 9 33 13 10 28 6 32 46 26 
14 42 32 26 30 45 24 49 14 27 33 36 6 36 35 14 8 17 42 4 30 23 0 24 47 44 31 9 38 40 30 34 17 16 18 49 21 8 21 37 46 39 18 16 24 26 38 18 27 41 18 
12 23 17 9 23 24 16 24 11 30 8 12 18 17 29 24 31 29 18 22 6 12 24 0 22 33 7 33 13 16 28 11 7 29 25 25 28 18 7 13 25 33 6 27 25 23 16 15 21 34 17 
34 24 28 25 34 20 31 8 33 48 14 12 41 23 41 46 54 50 7 45 17 28 47 22 0 39 16 55 9 6 41 14 30 50 45 9 47 40 28 13 20 43 28 48 41 36 17 34 36 43 38 
32 15 15 23 57 19 49 32 39 22 34 39 40 16 10 32 45 32 42 39 31 46 44 33 39 0 37 46 33 37 61 39 32 33 28 31 26 43 29 27 19 8 37 32 57 56 22 47 16 5 26 
20 24 22 15 22 24 16 20 17 38 3 4 25 20 35 32 39 37 10 30 6 13 31 7 16 37 0 40 8 9 27 3 15 37 33 21 35 24 14 11 25 38 12 35 26 22 17 18 27 39 25 
21 46 36 32 40 51 34 56 23 26 41 44 15 41 36 13 1 14 51 10 38 33 9 33 55 46 40 0 46 49 39 43 25 13 17 56 20 17 28 44 52 40 27 14 33 36 44 28 30 42 21 
25 19 20 16 30 16 25 11 25 39 5 7 32 16 33 36 45 41 8 36 7 22 38 13 9 33 8 46 0 4 36 8 21 41 36 12 38 31 18 5 17 36 19 39 35 31 11 27 27 36 28 
28 22 24 20 29 20 25 12 27 43 7 6 34 21 38 40 47 44 4 38 11 22 40 16 6 37 9 49 4 0 35 7 23 44 39 13 42 33 21 9 20 40 22 42 34 30 15 28 32 40 32 
30 51 45 37 6 51 11 47 23 52 31 29 27 46 56 41 38 45 33 32 32 15 30 28 41 61 27 39 36 35 0 27 29 44 44 48 48 23 32 39 52 59 24 44 5 5 43 14 46 61 39 
23 26 24 18 21 25 17 19 20 41 5 1 28 22 38 36 42 41 7 33 9 14 34 11 14 39 3 43 8 7 27 0 19 40 36 20 39 27 18 12 25 41 15 39 27 23 18 20 31 41 29 
4 25 17 10 26 28 18 31 7 25 16 19 11 20 26 17 24 22 26 14 13 15 17 7 30 32 15 25 21 23 29 19 0 21 18 31 21 12 4 19 29 30 5 20 24 23 20 14 17 32 11 
17 36 26 25 44 41 37 49 23 12 37 41 17 31 23 4 12 1 47 12 33 34 16 29 50 33 37 13 41 44 44 40 21 0 5 49 7 21 22 37 42 27 26 2 39 40 36 31 18 29 12 
14 30 20 20 42 35 35 43 21 9 32 37 17 25 18 4 16 5 43 13 28 32 18 25 45 28 33 17 36 39 44 36 18 5 0 43 3 21 18 32 36 22 23 3 39 39 30 29 12 24 7 
35 17 23 23 41 11 37 1 36 44 17 18 43 18 36 45 55 48 16 46 18 34 49 25 9 31 21 56 12 13 48 20 31 49 43 0 44 43 28 12 12 37 31 47 47 43 13 39 32 36 36 
17 30 21 21 46 36 38 44 25 5 35 39 21 26 16 7 19 6 45 17 31 36 21 28 47 26 35 20 38 42 48 39 21 7 3 44 0 24 21 34 37 19 26 5 42 43 31 33 12 22 10 
10 38 29 22 23 40 16 42 6 30 26 28 3 32 35 17 16 22 34 9 24 15 8 18 40 43 24 17 31 33 23 27 12 21 21 43 24 0 16 31 41 39 11 20 18 19 33 10 26 41 17 
7 21 13 5 28 24 21 27 11 23 14 18 15 15 23 18 26 22 24 18 10 17 21 7 28 29 14 28 18 21 32 18 4 22 18 28 21 16 0 16 25 27 8 21 28 27 16 18 14 28 11 
23 13 14 12 33 12 27 11 24 34 7 11 30 11 28 33 42 37 14 34 7 24 37 13 13 27 11 44 5 9 39 12 19 37 32 12 34 31 16 0 13 31 19 35 37 34 6 28 23 30 25 
32 6 15 19 47 1 41 12 36 35 21 24 40 10 25 39 50 41 25 42 20 37 46 25 20 19 25 52 17 20 52 25 29 42 36 12 37 41 25 13 0 26 31 40 50 47 8 41 24 24 30 
29 20 16 23 56 25 48 37 37 14 36 41 36 19 4 26 39 25 45 34 32 45 39 33 43 8 38 40 36 40 59 41 30 27 22 37 19 39 27 31 26 0 35 25 55 54 25 45 13 2 22 
8 28 21 13 20 30 13 30 5 30 14 17 12 22 31 21 26 26 23 17 12 9 18 6 28 37 12 27 19 22 24 15 5 26 23 31 26 11 8 19 31 35 0 24 20 19 22 10 22 36 16 
16 34 24 23 43 39 36 47 22 11 35 39 17 29 22 3 13 1 46 12 31 33 16 27 48 32 35 14 39 42 44 39 20 2 3 47 5 20 21 35 40 25 24 0 39 40 34 30 16 27 10 
26 48 41 34 8 49 9 46 18 47 30 28 21 43 51 35 32 40 33 27 30 13 24 25 41 57 26 33 35 34 5 27 24 39 39 47 42 18 28 37 50 55 20 39 0 4 41 10 42 57 34 
26 46 40 32 4 46 6 42 18 48 26 24 23 40 50 36 35 41 29 28 27 10 26 23 36 56 22 36 31 30 5 23 23 40 39 43 43 19 27 34 47 54 19 40 4 0 38 9 41 56 34 
24 7 10 11 38 7 32 13 27 31 13 17 32 5 23 32 42 35 20 34 11 28 38 16 17 22 17 44 11 15 43 18 20 36 30 13 31 33 16 6 8 25 22 34 41 38 0 32 19 25 23 
16 38 31 23 13 40 6 38 8 38 22 22 13 33 41 27 26 31 28 19 21 6 18 15 34 47 18 28 27 28 14 20 14 31 29 39 33 10 18 28 41 45 10 30 10 9 32 0 32 46 24 
16 18 8 12 43 23 36 32 24 11 25 31 24 14 9 16 28 17 36 23 22 32 27 21 36 16 27 30 27 32 46 31 17 18 12 32 12 26 14 23 24 13 22 16 42 41 19 32 0 14 9 
31 19 16 24 57 24 50 36 38 17 36 41 38 19 6 28 41 28 45 37 32 46 41 34 43 5 39 42 36 40 61 41 32 29 24 36 22 41 28 30 24 2 36 27 57 56 25 46 14 0 24 
8 25 15 13 37 29 29 36 16 13 25 29 14 20 18 8 19 12 35 13 21 26 18 17 38 26 25 21 28 32 39 29 11 12 7 36 10 17 11 25 30 22 16 10 34 34 23 24 9 24 0 
0 273
40 40
18 18
31 31
77 77
180 180
54 54
54 54
169 169
224 224
255 255
32 32
54 54
168 168
108 108
11 11
28 28
146 146
67 67
231 231
15 15
227 227
179 179
30 30
102 102
136 136
80 80
71 71
3 3
201 201
54 54
47 47
173 173
210 210
204 204
180 180
6 6
28 28
232 232
43 43
59 59
103 103
21 21
118 118
3 3
120 120
99 99
251 251
122 122
124 124
237 237
