51
0 8 45 29 48 35 42 46 21 26 46 5 45 52 20 13 27 29 30 47 33 10 46 18 9 19 29 43 9 31 46 34 24 30 19 31 48 46 6 33 12 27 26 31 47 40 33 19 16 18 20 
8 0 47 22 45 34 45 49 13 28 47 4 50 49 21 5 22 25 34 50 28 19 49 27 12 28 36 49 5 37 50 31 27 25 27 36 53 44 2 39 13 33 32 26 51 38 38 12 9 27 28 
45 47 0 43 25 18 7 7 46 19 9 45 18 29 26 44 36 29 17 5 34 44 2 48 36 38 29 22 42 25 9 25 21 34 41 15 18 21 46 21 34 24 27 35 9 21 20 45 42 39 34 
29 22 43 0 28 25 45 47 9 28 38 24 54 32 24 16 6 13 38 47 10 39 45 46 25 43 46 54 20 46 49 18 32 8 44 38 56 29 24 46 23 41 42 8 50 25 44 10 13 43 41 
48 45 25 28 0 14 32 32 36 26 16 44 43 4 30 40 24 19 34 31 18 52 27 59 39 51 47 46 40 44 35 14 32 20 53 33 43 4 45 42 36 41 43 21 35 8 40 36 36 51 48 
35 34 18 25 14 0 21 23 30 12 13 33 32 19 16 30 18 12 21 23 16 39 20 45 26 37 33 34 29 30 26 7 18 16 39 20 33 11 34 29 23 27 29 17 26 6 27 29 27 37 33 
42 45 7 45 32 21 0 3 46 17 16 42 11 35 24 43 38 31 12 5 37 39 6 43 33 32 22 14 40 18 4 29 18 37 35 10 11 27 44 14 32 18 20 38 5 26 13 45 42 33 28 
46 49 7 47 32 23 3 0 50 21 16 46 12 36 27 47 41 34 16 2 39 43 5 46 37 36 25 15 44 21 2 31 21 39 38 14 11 28 48 17 35 21 24 40 2 27 16 48 45 36 32 
21 13 46 9 36 30 46 50 0 29 43 16 54 40 23 8 12 18 38 50 18 31 48 39 19 38 43 53 12 43 51 24 31 15 38 38 56 36 15 44 18 39 39 15 52 32 43 1 5 37 37 
26 28 19 28 26 12 17 21 29 0 20 25 25 31 6 26 22 16 10 21 23 27 20 33 17 24 21 26 23 19 22 16 6 21 27 10 27 23 27 18 15 15 16 22 23 18 16 27 24 24 21 
46 47 9 38 16 13 16 16 43 20 0 45 28 19 26 43 32 25 23 14 28 47 11 53 37 43 36 31 41 32 18 20 24 29 46 21 27 12 46 29 34 30 32 29 18 13 27 42 40 43 39 
5 4 45 24 44 33 42 46 16 25 45 0 46 49 19 8 23 25 31 47 29 15 46 23 9 23 32 45 4 33 47 30 24 26 23 32 50 43 1 35 10 29 28 26 48 37 35 14 11 23 24 
45 50 18 54 43 32 11 12 54 25 28 46 0 47 30 49 47 41 15 14 47 39 17 41 37 30 18 4 46 14 9 39 23 47 33 15 3 39 48 11 37 17 19 47 10 37 11 52 49 31 27 
52 49 29 32 4 19 35 36 40 31 19 49 47 0 35 44 28 24 39 34 22 57 31 64 43 56 52 50 45 49 38 18 37 24 58 38 47 8 50 46 41 45 48 24 38 13 44 40 40 56 53 
20 21 26 24 30 16 24 27 23 6 26 19 30 35 0 19 19 15 14 28 22 22 27 29 10 22 22 30 16 21 29 17 7 20 23 15 33 27 20 21 8 16 17 20 30 22 20 21 18 21 19 
13 5 44 16 40 30 43 47 8 26 43 8 49 44 19 0 16 20 33 47 23 23 46 31 12 30 37 48 4 38 48 26 26 20 31 34 52 39 7 39 12 33 33 20 49 33 38 6 3 30 30 
27 22 36 6 24 18 38 41 12 22 32 23 47 28 19 16 0 6 32 41 6 36 38 43 21 39 41 48 18 40 43 12 26 3 40 32 49 24 23 40 19 35 36 3 44 19 38 12 12 39 37 
29 25 29 13 19 12 31 34 18 16 25 25 41 24 15 20 6 0 27 34 6 35 31 43 20 37 36 42 21 35 36 5 21 5 38 26 43 18 26 34 18 31 32 6 37 13 33 17 16 36 34 
30 34 17 38 34 21 12 16 38 10 23 31 15 39 14 33 32 27 0 17 33 27 18 31 22 20 12 15 30 9 16 26 7 32 23 1 18 31 33 7 21 6 9 33 17 27 6 36 33 21 16 
47 50 5 47 31 23 5 2 50 21 14 47 14 34 28 47 41 34 17 0 39 45 3 48 38 37 27 17 45 23 4 30 22 39 40 15 12 27 49 19 36 23 26 40 4 26 18 49 46 38 33 
33 28 34 10 18 16 37 39 18 23 28 29 47 22 22 23 6 6 33 39 0 41 36 49 26 43 43 48 25 42 42 8 28 3 45 33 49 19 30 41 23 37 39 2 42 15 40 18 19 43 40 
10 19 44 39 52 39 39 43 31 27 47 15 39 57 22 23 36 35 27 45 41 0 45 7 14 10 21 37 19 25 43 39 23 38 9 29 43 50 17 28 17 22 20 39 44 44 28 30 26 9 12 
46 49 2 45 27 20 6 5 48 20 11 46 17 31 27 46 38 31 18 3 36 45 0 49 37 38 29 20 44 25 7 27 22 36 41 16 16 23 48 21 35 24 27 37 7 23 19 47 44 39 34 
18 27 48 46 59 45 43 46 39 33 53 23 41 64 29 31 43 43 31 48 49 7 49 0 22 10 22 37 27 26 46 46 28 46 8 32 44 56 24 29 25 25 22 46 47 51 30 37 34 9 14 
9 12 36 25 39 26 33 37 19 17 37 9 37 43 10 12 21 20 22 38 26 14 37 22 0 18 24 36 8 25 38 25 15 23 19 23 41 37 10 27 2 21 20 24 39 31 26 17 13 18 17 
19 28 38 43 51 37 32 36 38 24 43 23 30 56 22 30 39 37 20 37 43 10 38 10 18 0 12 27 26 15 35 39 19 41 2 22 34 48 25 19 20 14 11 41 36 43 20 36 32 0 4 
29 36 29 46 47 33 22 25 43 21 36 32 18 52 22 37 41 36 12 27 43 21 29 22 24 12 0 15 32 4 24 37 15 42 14 14 22 43 33 7 24 6 4 42 25 39 9 41 37 12 9 
43 49 22 54 46 34 14 15 53 26 31 45 4 50 30 48 48 42 15 17 48 37 20 37 36 27 15 0 44 12 13 41 22 47 29 15 7 42 47 9 36 15 17 48 14 39 10 52 48 28 24 
9 5 42 20 40 29 40 44 12 23 41 4 46 45 16 4 18 21 30 45 25 19 44 27 8 26 32 44 0 33 45 26 23 22 26 31 49 39 5 35 8 29 28 22 46 33 34 10 7 25 25 
31 37 25 46 44 30 18 21 43 19 32 33 14 49 21 38 40 35 9 23 42 25 25 26 25 15 4 12 33 0 20 36 14 40 18 11 18 40 35 3 25 4 5 41 21 36 5 42 38 16 12 
46 50 9 49 35 26 4 2 51 22 18 47 9 38 29 48 43 36 16 4 42 43 7 46 38 35 24 13 45 20 0 33 22 42 38 15 8 31 49 16 36 21 24 42 0 30 15 50 47 36 31 
34 31 25 18 14 7 29 31 24 16 20 30 39 18 17 26 12 5 26 30 8 39 27 46 25 39 37 41 26 36 33 0 22 9 41 26 40 13 31 34 22 31 33 9 34 7 33 23 22 39 36 
24 27 21 32 32 18 18 21 31 6 24 24 23 37 7 26 26 21 7 22 28 23 22 28 15 19 15 22 23 14 22 22 0 26 21 8 25 29 26 13 14 9 11 27 23 24 12 29 25 19 15 
30 25 34 8 20 16 37 39 15 21 29 26 47 24 20 20 3 5 32 39 3 38 36 46 23 41 42 47 22 40 42 9 26 0 42 32 48 21 27 40 21 36 37 0 42 16 38 15 16 40 38 
19 27 41 44 53 39 35 38 38 27 46 23 33 58 23 31 40 38 23 40 45 9 41 8 19 2 14 29 26 18 38 41 21 42 0 25 36 50 25 21 21 17 14 43 39 45 22 37 32 2 6 
31 36 15 38 33 20 10 14 38 10 21 32 15 38 15 34 32 26 1 15 33 29 16 32 23 22 14 15 31 11 15 26 8 32 25 0 17 29 34 8 22 8 11 33 15 26 6 37 33 23 18 
48 53 18 56 43 33 11 11 56 27 27 50 3 47 33 52 49 43 18 12 49 43 16 44 41 34 22 7 49 18 8 40 25 48 36 17 0 39 51 15 40 21 23 49 8 37 15 55 51 35 30 
46 44 21 29 4 11 27 28 36 23 12 43 39 8 27 39 24 18 31 27 19 50 23 56 37 48 43 42 39 40 31 13 29 21 50 29 39 0 44 38 34 37 39 21 31 5 36 36 35 48 44 
6 2 46 24 45 34 44 48 15 27 46 1 48 50 20 7 23 26 33 49 30 17 48 24 10 25 33 47 5 35 49 31 26 27 25 34 51 44 0 37 12 31 30 27 50 39 37 14 11 24 25 
33 39 21 46 42 29 14 17 44 18 29 35 11 46 21 39 40 34 7 19 41 28 21 29 27 19 7 9 35 3 16 34 13 40 21 8 15 38 37 0 26 6 8 41 17 34 1 43 39 20 15 
12 13 34 23 36 23 32 35 18 15 34 10 37 41 8 12 19 18 21 36 23 17 35 25 2 20 24 36 8 25 36 22 14 21 21 22 40 34 12 26 0 21 20 21 37 28 26 16 12 20 19 
27 33 24 41 41 27 18 21 39 15 30 29 17 45 16 33 35 31 6 23 37 22 24 25 21 14 6 15 29 4 21 31 9 36 17 8 21 37 31 6 21 0 2 37 22 33 5 37 33 15 10 
26 32 27 42 43 29 20 24 39 16 32 28 19 48 17 33 36 32 9 26 39 20 27 22 20 11 4 17 28 5 24 33 11 37 14 11 23 39 30 8 20 2 0 38 24 35 8 37 33 12 7 
31 26 35 8 21 17 38 40 15 22 29 26 47 24 20 20 3 6 33 40 2 39 37 46 24 41 42 48 22 41 42 9 27 0 43 33 49 21 27 41 21 37 38 0 43 17 39 16 16 41 39 
47 51 9 50 35 26 5 2 52 23 18 48 10 38 30 49 44 37 17 4 42 44 7 47 39 36 25 14 46 21 0 34 23 42 39 15 8 31 50 17 37 22 24 43 0 30 16 51 48 37 32 
40 38 21 25 8 6 26 27 32 18 13 37 37 13 22 33 19 13 27 26 15 44 23 51 31 43 39 39 33 36 30 7 24 16 45 26 37 5 39 34 28 33 35 17 30 0 33 31 30 43 39 
33 38 20 44 40 27 13 16 43 16 27 35 11 44 20 38 38 33 6 18 40 28 19 30 26 20 9 10 34 5 15 33 12 38 22 6 15 36 37 1 26 5 8 39 16 33 0 42 38 20 16 
19 12 45 10 36 29 45 48 1 27 42 14 52 40 21 6 12 17 36 49 18 30 47 37 17 36 41 52 10 42 50 23 29 15 37 37 55 36 14 43 16 37 37 16 51 31 42 0 4 35 35 
16 9 42 13 36 27 42 45 5 24 40 11 49 40 18 3 12 16 33 46 19 26 44 34 13 32 37 48 7 38 47 22 25 16 32 33 51 35 11 39 12 33 33 16 48 30 38 4 0 31 31 
18 27 39 43 51 37 33 36 37 24 43 23 31 56 21 30 39 36 21 38 43 9 39 9 18 0 12 28 25 16 36 39 19 40 2 23 35 48 24 20 20 15 12 41 37 43 20 35 31 0 4 
20 28 34 41 48 33 28 32 37 21 39 24 27 53 19 30 37 34 16 33 40 12 34 14 17 4 9 24 25 12 31 36 15 38 6 18 30 44 25 15 19 10 7 39 32 39 16 35 31 4 0 
0 682
593 593
487 487
279 279
414 414
628 628
223 223
372 372
281 281
145 145
19 19
626 626
12 12
446 446
401 401
343 343
109 109
452 452
234 234
402 402
554 554
289 289
168 168
543 543
638 638
15 15
67 67
61 61
275 275
6 6
228 228
229 229
68 68
89 89
637 637
525 525
619 619
159 159
153 153
664 664
91 91
177 177
571 571
123 123
414 414
676 676
631 631
394 394
544 544
323 323
87 87
