51
0 10 8 25 19 23 23 13 13 11 17 17 9 26 17 16 21 14 3 17 31 24 16 18 20 8 27 5 33 11 30 29 23 16 20 25 15 20 22 25 17 11 29 30 35 19 15 16 16 30 17 
10 0 17 33 19 25 23 10 17 21 22 24 7 33 27 26 12 16 12 25 41 34 16 27 12 18 37 15 37 7 40 35 23 18 29 27 7 27 15 36 27 20 32 40 40 15 25 26 25 40 22 
8 17 0 16 16 29 30 15 7 10 10 9 17 18 10 9 25 21 5 9 25 22 24 10 24 7 23 9 26 19 24 21 19 12 20 31 19 12 24 19 12 14 22 28 28 27 14 15 8 27 11 
25 33 16 0 24 43 45 28 17 20 14 10 34 7 9 8 39 36 21 8 13 24 40 7 38 19 20 24 19 36 15 12 23 20 26 45 34 7 36 11 13 27 20 27 19 44 22 22 8 25 16 
19 19 16 24 0 42 41 9 9 26 10 15 24 20 24 21 16 32 16 17 37 39 34 22 15 23 39 24 19 26 38 19 4 4 36 44 14 17 12 33 27 30 13 44 23 34 31 32 20 43 8 
23 25 29 43 42 0 5 35 36 23 40 39 18 48 34 35 38 9 26 38 43 28 9 36 37 24 33 20 56 18 41 51 46 39 21 1 33 42 41 38 30 16 52 32 58 14 22 23 36 33 41 
23 23 30 45 41 5 0 33 36 25 40 39 16 49 36 37 35 9 26 39 47 32 6 38 34 25 37 21 56 15 45 52 45 39 25 5 30 43 39 42 33 19 52 36 59 9 25 26 37 38 41 
13 10 15 28 9 35 33 0 11 23 15 18 16 26 25 23 10 25 12 20 39 37 26 24 9 20 38 19 28 17 39 27 13 9 33 36 6 21 9 34 27 25 22 43 31 26 28 29 22 42 14 
13 17 7 17 9 36 36 11 0 17 4 7 21 16 15 12 21 27 9 9 29 29 29 14 20 15 30 16 20 23 29 17 11 4 28 38 17 10 19 24 18 22 16 35 23 31 22 23 11 34 4 
11 21 10 20 26 23 25 23 17 0 19 17 18 25 10 12 32 16 11 15 22 13 21 13 31 3 16 6 35 20 20 29 29 22 10 25 26 19 33 16 7 6 32 19 36 26 5 5 12 18 21 
17 22 10 14 10 40 40 15 4 19 0 4 25 11 14 11 25 30 13 6 26 30 33 12 24 17 29 19 16 27 27 12 10 6 29 41 21 6 22 22 18 25 12 35 18 36 24 24 10 33 2 
17 24 9 10 15 39 39 18 7 17 4 0 26 9 10 6 29 30 13 2 22 26 33 7 28 15 25 18 18 28 22 12 15 10 26 40 24 3 26 17 14 23 15 30 19 36 21 21 5 29 7 
9 7 17 34 24 18 16 16 21 18 25 26 0 36 26 26 19 9 13 27 40 31 9 28 19 16 34 12 41 1 39 38 29 23 25 20 14 30 22 35 26 15 36 36 44 10 21 22 26 36 26 
26 33 18 7 20 48 49 26 16 25 11 9 36 0 15 13 36 39 23 9 21 31 43 12 35 24 28 27 12 38 23 4 18 17 33 49 33 6 33 19 20 31 12 34 11 46 28 28 12 32 12 
17 27 10 9 24 34 36 25 15 10 14 10 26 15 0 3 35 26 14 8 14 16 30 3 34 10 14 15 27 28 14 20 25 19 17 35 30 11 34 9 4 17 25 20 27 35 12 12 4 19 16 
16 26 9 8 21 35 37 23 12 12 11 6 26 13 3 0 33 27 14 4 16 19 31 1 32 11 18 15 23 28 16 17 22 16 20 37 28 8 32 11 7 18 22 24 24 35 15 15 0 22 13 
21 12 25 39 16 38 35 10 21 32 25 29 19 36 35 33 0 29 21 31 50 46 28 35 0 29 48 27 36 19 49 36 21 19 41 39 6 32 5 44 37 33 30 52 40 26 37 38 32 51 24 
14 16 21 36 32 9 9 25 27 16 30 30 9 39 26 27 29 0 17 29 38 25 4 29 29 16 30 12 47 10 36 42 37 30 18 11 24 33 32 33 24 10 43 30 49 10 17 18 28 31 31 
3 12 5 21 16 26 26 12 9 11 13 13 13 23 14 14 21 17 0 14 29 24 20 15 20 8 26 7 29 14 29 25 20 12 21 28 15 17 21 24 15 13 25 30 32 23 16 16 13 30 14 
17 25 9 8 17 38 39 20 9 15 6 2 27 9 8 4 31 29 14 0 19 24 33 5 30 14 22 17 19 28 20 13 17 12 24 40 26 4 29 15 12 22 17 28 20 37 19 19 3 27 9 
31 41 25 13 37 43 47 39 29 22 26 22 40 21 14 16 50 38 29 19 0 17 43 14 49 23 12 28 33 42 3 25 37 32 23 45 44 21 48 5 14 27 33 17 31 48 21 20 17 15 29 
24 34 22 24 39 28 32 37 29 13 30 26 31 31 16 19 46 25 24 24 17 0 30 19 45 16 5 19 43 32 14 36 40 34 7 29 40 27 46 13 11 15 41 5 42 36 9 8 20 5 32 
16 16 24 40 34 9 6 26 29 21 33 33 9 43 30 31 28 4 20 33 43 30 0 33 28 20 34 15 50 9 41 46 38 32 23 10 23 37 32 37 28 15 45 35 52 6 22 23 32 35 34 
18 27 10 7 22 36 38 24 14 13 12 7 28 12 3 1 35 29 15 5 14 19 33 0 34 12 17 17 24 30 15 17 23 17 20 38 29 8 33 10 7 19 22 23 24 37 15 15 2 21 14 
20 12 24 38 15 37 34 9 20 31 24 28 19 35 34 32 0 29 20 30 49 45 28 34 0 28 47 26 35 19 49 35 20 18 40 39 5 31 5 43 36 32 29 51 39 25 36 37 31 50 23 
8 18 7 19 23 24 25 20 15 3 17 15 16 24 10 11 29 16 8 14 23 16 20 12 28 0 18 4 33 18 22 27 26 19 13 25 23 18 30 18 9 7 30 22 34 25 8 8 11 21 19 
27 37 23 20 39 33 37 38 30 16 29 25 34 28 14 18 48 30 26 22 12 5 34 17 47 18 0 22 40 36 9 33 40 34 12 35 42 25 48 9 11 19 39 6 40 40 12 11 19 4 31 
5 15 9 24 24 20 21 19 16 6 19 18 12 27 15 15 27 12 7 17 28 19 15 17 26 4 22 0 36 14 27 31 27 20 14 22 21 21 28 22 13 6 32 25 37 20 10 11 16 25 21 
33 37 26 19 19 56 56 28 20 35 16 18 41 12 27 23 36 47 29 19 33 43 50 24 35 33 40 36 0 43 35 7 15 18 44 58 34 15 31 31 31 41 5 46 4 52 39 39 23 44 15 
11 7 19 36 26 18 15 17 23 20 27 28 1 38 28 28 19 10 14 28 42 32 9 30 19 18 36 14 43 0 41 40 30 24 26 19 14 32 23 36 27 17 38 38 46 8 23 24 28 38 27 
30 40 24 15 38 41 45 39 29 20 27 22 39 23 14 16 49 36 29 20 3 14 41 15 49 22 9 27 35 41 0 27 38 33 20 43 44 22 48 5 13 26 35 14 33 46 19 18 17 12 29 
29 35 21 12 19 51 52 27 17 29 12 12 38 4 20 17 36 42 25 13 25 36 46 17 35 27 33 31 7 40 27 0 16 17 37 53 33 9 32 24 24 35 9 39 7 48 32 32 16 37 13 
23 23 19 23 4 46 45 13 11 29 10 15 29 18 25 22 21 37 20 17 37 40 38 23 20 26 40 27 15 30 38 16 0 7 39 48 19 16 16 33 29 33 9 45 18 39 34 34 21 44 8 
16 18 12 20 4 39 39 9 4 22 6 10 23 17 19 16 19 30 12 12 32 34 32 17 18 19 34 20 18 24 33 17 7 0 32 41 16 12 16 28 22 26 13 39 22 33 27 27 15 38 4 
20 29 20 26 36 21 25 33 28 10 29 26 25 33 17 20 41 18 21 24 23 7 23 20 40 13 12 14 44 26 20 37 39 32 0 22 35 28 42 18 12 9 41 12 44 29 5 5 21 12 31 
25 27 31 45 44 1 5 36 38 25 41 40 20 49 35 37 39 11 28 40 45 29 10 38 39 25 35 22 58 19 43 53 48 41 22 0 34 44 43 40 32 18 54 33 60 14 24 24 37 34 42 
15 7 19 34 14 33 30 6 17 26 21 24 14 33 30 28 6 24 15 26 44 40 23 29 5 23 42 21 34 14 44 33 19 16 35 34 0 27 8 39 31 26 28 46 37 22 31 31 27 45 20 
20 27 12 7 17 42 43 21 10 19 6 3 30 6 11 8 32 33 17 4 21 27 37 8 31 18 25 21 15 32 22 9 16 12 28 44 27 0 29 17 16 26 13 31 16 40 23 23 7 30 8 
22 15 24 36 12 41 39 9 19 33 22 26 22 33 34 32 5 32 21 29 48 46 32 33 5 30 48 28 31 23 48 32 16 16 42 43 8 29 0 43 36 34 25 52 35 30 38 38 31 51 20 
25 36 19 11 33 38 42 34 24 16 22 17 35 19 9 11 44 33 24 15 5 13 37 10 43 18 9 22 31 36 5 24 33 28 18 40 39 17 43 0 9 22 31 15 30 42 16 15 12 13 24 
17 27 12 13 27 30 33 27 18 7 18 14 26 20 4 7 37 24 15 12 14 11 28 7 36 9 11 13 31 27 13 24 29 22 12 32 31 16 36 9 0 14 29 16 31 34 8 8 8 15 20 
11 20 14 27 30 16 19 25 22 6 25 23 15 31 17 18 33 10 13 22 27 15 15 19 32 7 19 6 41 17 26 35 33 26 9 18 26 26 34 22 14 0 37 21 42 21 6 7 19 21 26 
29 32 22 20 13 52 52 22 16 32 12 15 36 12 25 22 30 43 25 17 33 41 45 22 29 30 39 32 5 38 35 9 9 13 41 54 28 13 25 31 29 37 0 45 9 47 36 36 21 44 11 
30 40 28 27 44 32 36 43 35 19 35 30 36 34 20 24 52 30 30 28 17 5 35 23 51 22 6 25 46 38 14 39 45 39 12 33 46 31 52 15 16 21 45 0 46 41 15 14 24 2 37 
35 40 28 19 23 58 59 31 23 36 18 19 44 11 27 24 40 49 32 20 31 42 52 24 39 34 40 37 4 46 33 7 18 22 44 60 37 16 35 30 31 42 9 46 0 54 40 39 23 44 18 
19 15 27 44 34 14 9 26 31 26 36 36 10 46 35 35 26 10 23 37 48 36 6 37 25 25 40 20 52 8 46 48 39 33 29 14 22 40 30 42 34 21 47 41 54 0 27 28 36 42 36 
15 25 14 22 31 22 25 28 22 5 24 21 21 28 12 15 37 17 16 19 21 9 22 15 36 8 12 10 39 23 19 32 34 27 5 24 31 23 38 16 8 6 36 15 40 27 0 1 16 15 26 
16 26 15 22 32 23 26 29 23 5 24 21 22 28 12 15 38 18 16 19 20 8 23 15 37 8 11 11 39 24 18 32 34 27 5 24 31 23 38 15 8 7 36 14 39 28 1 0 16 14 26 
16 25 8 8 20 36 37 22 11 12 10 5 26 12 4 0 32 28 13 3 17 20 32 2 31 11 19 16 23 28 17 16 21 15 21 37 27 7 31 12 8 19 21 24 23 36 16 16 0 23 12 
30 40 27 25 43 33 38 42 34 18 33 29 36 32 19 22 51 31 30 27 15 5 35 21 50 21 4 25 44 38 12 37 44 38 12 34 45 30 51 13 15 21 44 2 44 42 15 14 23 0 36 
17 22 11 16 8 41 41 14 4 21 2 7 26 12 16 13 24 31 14 9 29 32 34 14 23 19 31 21 15 27 29 13 8 4 31 42 20 8 20 24 20 26 11 37 18 36 26 26 12 36 0 
0 382
237 275
180 218
183 221
158 196
242 280
268 306
124 162
331 369
288 326
287 325
180 218
166 204
147 185
177 215
7 45
131 169
105 143
67 105
18 56
230 268
277 315
37 75
190 228
61 99
50 88
26 64
191 229
40 78
332 370
231 269
192 230
231 269
280 318
252 290
85 123
134 172
237 275
311 349
236 274
70 108
154 192
316 354
28 66
241 279
91 129
218 256
105 143
52 90
7 45
7 45
