51
0 18 45 11 19 23 25 22 17 16 35 31 25 28 15 31 14 25 30 2 26 29 17 5 25 17 24 14 15 15 32 16 4 20 13 18 28 17 41 9 29 15 11 32 23 4 17 4 26 18 14 
18 0 46 10 34 34 42 11 20 31 50 43 12 33 34 47 6 7 38 16 9 36 24 23 21 31 12 23 33 19 25 33 18 35 16 37 44 18 44 25 24 5 27 42 41 23 34 23 18 11 29 
45 46 0 49 64 26 42 35 28 37 39 27 36 18 46 39 49 45 20 44 42 18 28 42 24 61 34 31 55 30 22 39 40 33 33 54 39 29 6 39 21 49 55 22 43 49 41 48 29 35 36 
11 10 49 0 24 32 36 19 21 26 46 41 20 34 27 42 3 17 38 9 19 36 24 17 26 21 20 21 23 20 31 27 13 31 16 28 39 20 47 19 30 4 18 41 35 14 28 14 24 16 25 
19 34 64 24 0 39 31 41 37 28 42 44 43 45 21 39 27 41 46 21 43 46 35 21 44 2 42 32 10 34 51 27 23 34 33 14 36 36 59 24 49 28 8 47 29 15 26 16 45 37 28 
23 34 26 32 39 0 16 29 15 10 18 8 31 9 19 16 34 38 6 24 36 8 10 19 20 37 29 11 29 14 26 12 19 6 18 28 14 16 21 15 23 35 31 8 17 25 14 24 27 25 10 
25 42 42 36 31 16 0 40 27 11 10 16 43 25 10 7 39 47 21 27 47 24 22 19 35 30 41 21 21 26 42 9 23 10 28 17 5 28 36 17 39 40 26 20 2 24 8 23 40 36 13 
22 11 35 19 41 29 40 0 13 29 47 37 2 25 35 44 16 10 31 20 8 28 19 25 11 38 1 19 37 14 13 31 20 31 12 40 41 12 34 24 13 16 33 35 40 27 33 27 6 4 27 
17 20 28 21 37 15 27 13 0 17 33 23 16 13 24 30 21 23 18 16 21 15 5 16 8 34 14 6 30 2 15 19 13 17 5 31 28 1 25 14 13 22 28 22 27 22 21 21 13 10 15 
16 31 37 26 28 10 11 29 17 0 19 16 32 18 8 15 29 36 17 17 36 18 12 10 25 26 30 11 18 15 32 2 13 5 17 17 13 18 31 7 29 30 21 18 10 16 4 15 30 25 2 
35 50 39 46 42 18 10 47 33 19 0 12 49 26 21 3 48 55 20 36 54 24 28 29 39 41 47 28 32 32 45 18 32 15 35 28 6 34 33 26 42 50 37 17 13 34 18 33 45 43 21 
31 43 27 41 44 8 16 37 23 16 12 0 39 14 23 12 42 46 7 32 45 11 18 26 27 43 37 20 34 23 33 17 27 10 27 31 11 25 20 22 30 43 37 4 17 32 18 31 34 34 16 
25 12 36 20 43 31 43 2 16 32 49 39 0 27 38 46 17 8 33 22 6 30 21 27 13 41 2 21 40 17 14 34 22 34 15 43 44 15 35 27 14 17 36 37 43 30 36 29 7 7 30 
28 33 18 34 45 9 25 25 13 18 26 14 27 0 27 24 35 35 6 27 33 2 10 24 14 43 25 13 37 14 19 20 23 15 18 36 23 14 13 21 16 35 37 10 26 31 23 30 21 23 17 
15 34 46 27 21 19 10 35 24 8 21 23 38 27 0 18 30 40 26 18 40 27 20 10 32 20 36 18 11 22 40 6 15 13 23 8 15 24 40 10 37 31 15 26 8 13 5 12 36 30 10 
31 47 39 42 39 16 7 44 30 15 3 12 46 24 18 0 45 52 19 33 51 22 24 25 36 38 44 25 28 29 43 14 28 12 32 24 2 31 33 22 40 46 33 16 9 30 14 29 42 40 17 
14 6 49 3 27 34 39 16 21 29 48 42 17 35 30 45 0 13 39 12 15 37 25 20 25 25 17 22 27 20 30 30 16 33 16 32 42 20 47 22 29 1 22 42 38 18 31 18 22 14 27 
25 7 45 17 41 38 47 10 23 36 55 46 8 35 40 52 13 0 41 23 2 37 28 29 21 39 10 27 40 23 22 38 25 39 19 44 49 21 44 30 23 12 35 44 47 30 40 30 15 12 34 
30 38 20 38 46 6 21 31 18 17 20 7 33 6 26 19 39 41 0 30 39 4 14 25 21 44 31 16 36 19 26 19 25 12 22 34 18 20 14 22 23 40 38 3 22 32 21 31 28 28 17 
2 16 44 9 21 24 27 20 16 17 36 32 22 27 18 33 12 23 30 0 23 29 17 7 23 19 21 13 17 14 30 18 4 22 11 20 30 15 41 10 28 13 13 33 25 7 19 7 24 16 16 
26 9 42 19 43 36 47 8 21 36 54 45 6 33 40 51 15 2 39 23 0 36 26 29 19 40 8 26 41 21 20 38 25 38 18 44 48 20 42 30 20 15 36 43 46 30 39 31 13 11 34 
29 36 18 36 46 8 24 28 15 18 24 11 30 2 27 22 37 37 4 29 36 0 12 25 17 44 28 15 37 16 22 20 24 14 20 35 21 17 13 21 19 38 38 7 25 32 22 30 24 25 17 
17 24 28 24 35 10 22 19 5 12 28 18 21 10 20 24 25 28 14 17 26 12 0 14 12 33 19 3 28 4 19 14 12 12 8 28 22 6 24 11 16 26 27 17 22 21 17 20 18 15 10 
5 23 42 17 21 19 19 25 16 10 29 26 27 24 10 25 20 29 25 7 29 25 14 0 24 19 26 11 13 14 32 10 4 15 13 15 23 16 38 3 29 21 12 27 18 6 11 5 27 20 9 
25 21 24 26 44 20 35 11 8 25 39 27 13 14 32 36 25 21 21 23 19 17 12 24 0 42 11 14 38 10 7 27 20 24 11 39 34 8 22 22 4 25 36 25 35 29 29 28 6 10 23 
17 31 61 21 2 37 30 38 34 26 41 43 41 43 20 38 25 39 44 19 40 44 33 19 42 0 40 30 9 32 49 25 21 32 30 14 35 34 57 22 47 26 6 45 28 12 24 13 43 35 26 
24 12 34 20 42 29 41 1 14 30 47 37 2 25 36 44 17 10 31 21 8 28 19 26 11 40 0 19 39 15 13 32 21 32 13 41 42 13 34 25 12 17 35 35 41 28 34 28 5 5 28 
14 23 31 21 32 11 21 19 6 11 28 20 21 13 18 25 22 27 16 13 26 15 3 11 14 30 19 0 25 4 21 13 9 12 7 25 22 6 27 8 19 23 24 19 21 17 15 16 19 14 9 
15 33 55 23 10 29 21 37 30 18 32 34 40 37 11 28 27 40 36 17 41 37 28 13 38 9 39 25 0 28 45 17 17 24 27 5 26 30 50 16 43 28 6 37 19 10 16 10 41 33 19 
15 19 30 20 34 14 26 14 2 15 32 23 17 14 22 29 20 23 19 14 21 16 4 14 10 32 15 4 28 0 18 17 10 16 3 29 27 2 27 12 15 21 26 22 26 19 19 18 14 10 13 
32 25 22 31 51 26 42 13 15 32 45 33 14 19 40 43 30 22 26 30 20 22 19 32 7 49 13 21 45 18 0 34 28 31 18 47 41 15 23 30 3 30 43 29 42 36 37 36 7 15 30 
16 33 39 27 27 12 9 31 19 2 18 17 34 20 6 14 30 38 19 18 38 20 14 10 27 25 32 13 17 17 34 0 14 6 19 15 12 20 33 8 31 31 20 20 8 16 2 15 32 27 4 
4 18 40 13 23 19 23 20 13 13 32 27 22 23 15 28 16 25 25 4 25 24 12 4 20 21 21 9 17 10 28 14 0 17 9 20 26 12 36 6 25 17 15 28 22 8 15 8 23 15 11 
20 35 33 31 34 6 10 31 17 5 15 10 34 15 13 12 33 39 12 22 38 14 12 15 24 32 32 12 24 16 31 6 17 0 19 21 10 19 27 11 28 34 26 13 11 22 8 20 30 27 6 
13 16 33 16 33 18 28 12 5 17 35 27 15 18 23 32 16 19 22 11 18 20 8 13 11 30 13 7 27 3 18 19 9 19 0 29 29 3 30 12 16 17 24 26 28 18 21 17 13 7 15 
18 37 54 28 14 28 17 40 31 17 28 31 43 36 8 24 32 44 34 20 44 35 28 15 39 14 41 25 5 29 47 15 20 21 29 0 22 31 49 16 44 33 11 35 15 14 13 13 43 36 18 
28 44 39 39 36 14 5 41 28 13 6 11 44 23 15 2 42 49 18 30 48 21 22 23 34 35 42 22 26 27 41 12 26 10 29 22 0 29 32 20 38 43 31 16 7 28 11 27 40 37 14 
17 18 29 20 36 16 28 12 1 18 34 25 15 14 24 31 20 21 20 15 20 17 6 16 8 34 13 6 30 2 15 20 12 19 3 31 29 0 26 14 13 21 28 23 28 21 22 20 12 8 16 
41 44 6 47 59 21 36 34 25 31 33 20 35 13 40 33 47 44 14 41 42 13 24 38 22 57 34 27 50 27 23 33 36 27 30 49 32 26 0 34 21 47 51 16 37 44 35 43 28 33 31 
9 25 39 19 24 15 17 24 14 7 26 22 27 21 10 22 22 30 22 10 30 21 11 3 22 22 25 8 16 12 30 8 6 11 12 16 20 14 34 0 27 23 16 24 16 10 9 9 26 20 5 
29 24 21 30 49 23 39 13 13 29 42 30 14 16 37 40 29 23 23 28 20 19 16 29 4 47 12 19 43 15 3 31 25 28 16 44 38 13 21 27 0 29 41 27 39 34 34 33 7 14 27 
15 5 49 4 28 35 40 16 22 30 50 43 17 35 31 46 1 12 40 13 15 38 26 21 25 26 17 23 28 21 30 31 17 34 17 33 43 21 47 23 29 0 23 43 39 19 32 19 23 15 28 
11 27 55 18 8 31 26 33 28 21 37 37 36 37 15 33 22 35 38 13 36 38 27 12 36 6 35 24 6 26 43 20 15 26 24 11 31 28 51 16 41 23 0 39 24 6 19 7 37 29 20 
32 42 22 41 47 8 20 35 22 18 17 4 37 10 26 16 42 44 3 33 43 7 17 27 25 45 35 19 37 22 29 20 28 13 26 35 16 23 16 24 27 43 39 0 22 34 21 33 32 32 18 
23 41 43 35 29 17 2 40 27 10 13 17 43 26 8 9 38 47 22 25 46 25 22 18 35 28 41 21 19 26 42 8 22 11 28 15 7 28 37 16 39 39 24 22 0 22 6 21 40 36 12 
4 23 49 14 15 25 24 27 22 16 34 32 30 31 13 30 18 30 32 7 30 32 21 6 29 12 28 17 10 19 36 16 8 22 18 14 28 21 44 10 34 19 6 34 22 0 16 1 31 23 15 
17 34 41 28 26 14 8 33 21 4 18 18 36 23 5 14 31 40 21 19 39 22 17 11 29 24 34 15 16 19 37 2 15 8 21 13 11 22 35 9 34 32 19 21 6 16 0 15 34 29 6 
4 23 48 14 16 24 23 27 21 15 33 31 29 30 12 29 18 30 31 7 31 30 20 5 28 13 28 16 10 18 36 15 8 20 17 13 27 20 43 9 33 19 7 33 21 1 15 0 30 23 14 
26 18 29 24 45 27 40 6 13 30 45 34 7 21 36 42 22 15 28 24 13 24 18 27 6 43 5 19 41 14 7 32 23 30 13 43 40 12 28 26 7 23 37 32 40 31 34 30 0 8 28 
18 11 35 16 37 25 36 4 10 25 43 34 7 23 30 40 14 12 28 16 11 25 15 20 10 35 5 14 33 10 15 27 15 27 7 36 37 8 33 20 14 15 29 32 36 23 29 23 8 0 23 
14 29 36 25 28 10 13 27 15 2 21 16 30 17 10 17 27 34 17 16 34 17 10 9 23 26 28 9 19 13 30 4 11 6 15 18 14 16 31 5 27 28 20 18 12 15 6 14 28 23 0 
0 737
325 546
278 499
110 331
96 317
267 488
418 639
35 256
37 258
308 529
389 610
306 527
141 362
262 483
298 519
235 456
102 323
262 483
71 292
87 308
305 526
233 454
197 418
283 504
76 297
64 285
10 231
173 394
494 715
456 677
331 552
334 555
37 258
138 359
191 412
93 314
444 665
376 597
112 333
313 534
455 676
239 460
221 442
342 563
142 363
191 412
325 546
231 452
193 414
398 619
358 579
