51
0 25 15 15 31 6 31 14 15 28 33 21 29 32 27 22 6 18 27 15 27 11 10 12 9 22 23 12 12 29 30 16 17 8 11 12 13 15 21 42 37 22 15 41 31 26 7 13 26 39 39 
25 0 22 36 55 21 47 37 39 52 55 43 44 48 24 46 19 12 30 27 2 36 34 34 31 47 2 26 25 48 45 11 40 18 19 33 26 39 46 44 59 22 28 64 48 43 20 38 44 61 42 
15 22 0 31 35 18 25 18 22 32 34 36 21 25 12 27 12 10 12 5 25 20 25 14 25 30 22 5 4 26 22 11 21 16 5 14 4 21 28 27 37 6 6 43 25 20 9 22 21 39 24 
15 36 31 0 32 15 41 22 20 31 37 7 41 43 43 26 21 33 42 30 37 17 6 24 6 22 34 27 27 38 42 29 23 19 26 23 28 21 23 57 43 37 30 44 40 37 22 17 37 43 54 
31 55 35 32 0 37 21 18 16 4 7 29 24 23 45 8 36 45 40 31 57 19 27 21 31 10 54 30 31 16 26 44 14 39 36 21 31 16 9 47 12 40 30 11 19 20 34 17 20 11 44 
6 21 18 15 37 0 37 21 21 35 40 22 35 39 29 29 6 18 31 20 22 17 13 19 10 28 19 17 16 36 37 14 23 3 13 19 17 22 28 46 44 24 20 48 37 32 9 19 33 46 43 
31 47 25 41 21 37 0 19 21 18 15 42 3 1 29 18 33 35 22 20 50 24 34 18 37 25 47 21 22 5 4 36 18 36 28 18 21 20 22 25 15 26 19 22 1 4 29 23 4 18 23 
14 37 18 22 18 21 19 0 4 14 19 23 18 20 29 9 18 27 26 14 39 4 15 4 18 11 36 13 14 16 20 25 3 21 18 4 14 2 10 37 23 24 14 27 18 14 16 5 15 25 34 
15 39 22 20 16 21 21 4 0 13 18 20 21 23 33 7 20 30 30 18 41 3 13 8 16 8 38 16 17 18 23 28 3 23 21 8 17 1 6 41 23 28 18 26 20 17 18 2 18 24 38 
28 52 32 31 4 35 18 14 13 0 6 29 20 19 41 5 33 41 35 27 54 17 25 18 29 10 51 26 27 12 22 40 11 36 32 18 27 13 8 43 11 36 26 13 16 16 31 15 16 11 40 
33 55 34 37 7 40 15 19 18 6 0 36 18 16 42 11 37 44 36 29 57 22 31 21 35 16 54 29 30 10 20 43 16 40 35 21 29 18 14 41 5 38 28 9 13 15 35 20 15 6 38 
21 43 36 7 29 22 42 23 20 29 36 0 42 44 48 25 27 39 47 34 44 19 10 26 12 19 41 32 32 38 44 36 24 26 32 26 32 22 21 60 41 42 34 41 41 38 28 18 38 41 57 
29 44 21 41 24 35 3 18 21 20 18 42 0 4 26 19 30 31 18 17 46 23 34 17 36 26 44 18 20 8 2 33 18 34 26 17 19 20 23 22 18 23 16 26 5 4 27 23 3 22 19 
32 48 25 43 23 39 1 20 23 19 16 44 4 0 29 19 34 35 22 21 50 25 36 19 38 27 48 22 23 6 4 37 19 38 29 20 23 22 24 24 15 27 20 23 3 6 30 25 5 19 22 
27 24 12 43 45 29 29 29 33 41 42 48 26 29 0 37 22 13 7 15 26 32 38 25 37 41 25 17 16 33 25 16 32 26 16 25 16 32 39 20 44 5 15 51 31 27 20 34 27 47 18 
22 46 27 26 8 29 18 9 7 5 11 25 19 19 37 0 27 36 32 22 48 11 20 12 24 7 45 21 22 13 21 35 6 30 27 12 22 7 4 41 16 32 21 19 16 15 25 9 15 17 38 
6 19 12 21 36 6 33 18 20 33 37 27 30 34 22 27 0 12 24 14 20 17 17 16 15 28 17 11 10 32 31 9 22 4 6 16 11 20 27 39 42 17 14 46 33 28 3 19 29 43 36 
18 12 10 33 45 18 35 27 30 41 44 39 31 35 13 36 12 0 18 15 15 27 29 23 27 38 12 14 13 36 32 3 30 14 8 23 14 29 37 32 47 10 16 53 36 31 11 29 31 49 30 
27 30 12 42 40 31 22 26 30 35 36 47 18 22 7 32 24 18 0 12 32 29 36 22 36 37 31 15 15 26 18 21 27 28 17 22 14 28 35 15 37 7 12 44 24 20 21 30 20 40 12 
15 27 5 30 31 20 20 14 18 27 29 34 17 21 15 22 14 15 12 0 29 16 24 10 24 26 27 2 3 21 18 15 17 18 8 10 2 17 24 26 32 10 1 38 21 16 10 18 16 34 23 
27 2 25 37 57 22 50 39 41 54 57 44 46 50 26 48 20 15 32 29 0 37 36 36 32 49 3 28 27 50 47 14 42 19 21 35 28 41 48 46 61 25 30 66 50 45 22 40 46 63 44 
11 36 20 17 19 17 24 4 3 17 22 19 23 25 32 11 17 27 29 16 37 0 10 7 13 11 34 14 15 21 25 25 6 19 18 7 15 4 10 41 27 26 16 30 23 19 15 2 20 28 38 
10 34 25 6 27 13 34 15 13 25 31 10 34 36 38 20 17 29 36 24 36 10 0 17 4 16 33 21 21 31 36 26 17 16 21 17 22 14 17 50 37 32 24 39 34 30 17 11 30 37 47 
12 34 14 24 21 19 18 4 8 18 21 26 17 19 25 12 16 23 22 10 36 7 17 0 19 16 33 8 9 16 18 22 6 19 14 0 9 6 14 34 25 20 9 30 18 13 13 8 14 27 31 
9 31 25 6 31 10 37 18 16 29 35 12 36 38 37 24 15 27 36 24 32 13 4 19 0 20 29 21 21 34 38 24 20 13 20 18 22 17 21 51 40 31 24 43 36 32 16 14 33 41 48 
22 47 30 22 10 28 25 11 8 10 16 19 26 27 41 7 28 38 37 26 49 11 16 16 20 0 46 25 25 20 28 36 9 30 29 16 25 9 2 47 21 36 26 22 23 22 26 8 22 21 44 
23 2 22 34 54 19 47 36 38 51 54 41 44 48 25 45 17 12 31 27 3 34 33 33 29 46 0 26 24 48 45 11 39 16 18 32 25 38 45 45 58 23 28 63 48 43 19 37 43 60 43 
12 26 5 27 30 17 21 13 16 26 29 32 18 22 17 21 11 14 15 2 28 14 21 8 21 25 26 0 1 22 20 14 15 15 7 8 0 15 23 29 32 11 3 38 22 17 8 16 17 34 26 
12 25 4 27 31 16 22 14 17 27 30 32 20 23 16 22 10 13 15 3 27 15 21 9 21 25 24 1 0 23 21 13 16 14 5 9 1 16 24 29 33 11 4 39 23 18 7 17 19 36 26 
29 48 26 38 16 36 5 16 18 12 10 38 8 6 33 13 32 36 26 21 50 21 31 16 34 20 48 22 23 0 9 36 14 36 29 17 22 16 17 30 11 29 20 18 3 5 29 20 5 14 28 
30 45 22 42 26 37 4 20 23 22 20 44 2 4 25 21 31 32 18 18 47 25 36 18 38 28 45 20 21 9 0 33 20 35 26 19 20 22 25 20 20 23 17 27 6 6 28 25 6 23 18 
16 11 11 29 44 14 36 25 28 40 43 36 33 37 16 35 9 3 21 15 14 25 26 22 24 36 11 14 13 36 33 0 29 10 7 22 14 28 35 36 47 13 16 53 36 31 9 27 32 49 33 
17 40 21 23 14 23 18 3 3 11 16 24 18 19 32 6 22 30 27 17 42 6 17 6 20 9 39 15 16 14 20 29 0 24 21 7 16 2 7 38 21 27 16 24 17 14 19 5 14 22 35 
8 18 16 19 39 3 36 21 23 36 40 26 34 38 26 30 4 14 28 18 19 19 16 19 13 30 16 15 14 36 35 10 24 0 10 19 16 23 29 43 45 21 19 49 37 32 7 21 32 46 40 
11 19 5 26 36 13 28 18 21 32 35 32 26 29 16 27 6 8 17 8 21 18 21 14 20 29 18 7 5 29 26 7 21 10 0 14 6 20 28 33 39 11 9 45 29 24 3 20 25 41 30 
12 33 14 23 21 19 18 4 8 18 21 26 17 20 25 12 16 23 22 10 35 7 17 0 18 16 32 8 9 17 19 22 7 19 14 0 9 7 14 34 26 20 9 30 18 13 13 8 14 27 31 
13 26 4 28 31 17 21 14 17 27 29 32 19 23 16 22 11 14 14 2 28 15 22 9 22 25 25 0 1 22 20 14 16 16 6 9 0 16 24 28 33 10 2 39 22 17 8 17 18 35 26 
15 39 21 21 16 22 20 2 1 13 18 22 20 22 32 7 20 29 28 17 41 4 14 6 17 9 38 15 16 16 22 28 2 23 20 7 16 0 7 39 23 27 16 26 19 16 18 3 16 24 36 
21 46 28 23 9 28 22 10 6 8 14 21 23 24 39 4 27 37 35 24 48 10 17 14 21 2 45 23 24 17 25 35 7 29 28 14 24 7 0 45 20 34 24 21 21 19 25 8 19 20 42 
42 44 27 57 47 46 25 37 41 43 41 60 22 24 20 41 39 32 15 26 46 41 50 34 51 47 45 29 29 30 20 36 38 43 33 34 28 39 45 0 40 22 26 48 27 26 36 42 26 43 3 
37 59 37 43 12 44 15 23 23 11 5 41 18 15 44 16 42 47 37 32 61 27 37 25 40 21 58 32 33 11 20 47 21 45 39 26 33 23 20 40 0 40 31 7 13 17 39 26 16 3 37 
22 22 6 37 40 24 26 24 28 36 38 42 23 27 5 32 17 10 7 10 25 26 32 20 31 36 23 11 11 29 23 13 27 21 11 20 10 27 34 22 40 0 10 47 28 23 15 28 24 43 20 
15 28 6 30 30 20 19 14 18 26 28 34 16 20 15 21 14 16 12 1 30 16 24 9 24 26 28 3 4 20 17 16 16 19 9 9 2 16 24 26 31 10 0 37 20 15 11 18 15 33 23 
41 64 43 44 11 48 22 27 26 13 9 41 26 23 51 19 46 53 44 38 66 30 39 30 43 22 63 38 39 18 27 53 24 49 45 30 39 26 21 48 7 47 37 0 20 24 44 28 23 4 45 
31 48 25 40 19 37 1 18 20 16 13 41 5 3 31 16 33 36 24 21 50 23 34 18 36 23 48 22 23 3 6 36 17 37 29 18 22 19 21 27 13 28 20 20 0 5 29 23 4 16 25 
26 43 20 37 20 32 4 14 17 16 15 38 4 6 27 15 28 31 20 16 45 19 30 13 32 22 43 17 18 5 6 31 14 32 24 13 17 16 19 26 17 23 15 24 5 0 24 19 0 20 23 
7 20 9 22 34 9 29 16 18 31 35 28 27 30 20 25 3 11 21 10 22 15 17 13 16 26 19 8 7 29 28 9 19 7 3 13 8 18 25 36 39 15 11 44 29 24 0 18 25 41 33 
13 38 22 17 17 19 23 5 2 15 20 18 23 25 34 9 19 29 30 18 40 2 11 8 14 8 37 16 17 20 25 27 5 21 20 8 17 3 8 42 26 28 18 28 23 19 18 0 20 27 39 
26 44 21 37 20 33 4 15 18 16 15 38 3 5 27 15 29 31 20 16 46 20 30 14 33 22 43 17 19 5 6 32 14 32 25 14 18 16 19 26 16 24 15 23 4 0 25 20 0 19 23 
39 61 39 43 11 46 18 25 24 11 6 41 22 19 47 17 43 49 40 34 63 28 37 27 41 21 60 34 36 14 23 49 22 46 41 27 35 24 20 43 3 43 33 4 16 20 41 27 19 0 41 
39 42 24 54 44 43 23 34 38 40 38 57 19 22 18 38 36 30 12 23 44 38 47 31 48 44 43 26 26 28 18 33 35 40 30 31 26 36 42 3 37 20 23 45 25 23 33 39 23 41 0 
0 327
187 317
112 242
186 316
26 156
124 254
133 263
67 197
188 318
76 206
33 163
13 143
178 308
57 187
125 255
111 241
168 298
162 292
115 245
11 141
116 246
30 160
4 134
196 326
159 289
20 150
169 299
110 240
49 179
10 140
182 312
32 162
8 138
101 231
29 159
147 277
140 270
174 304
183 313
178 308
60 190
171 301
38 168
135 265
61 191
184 314
37 167
189 319
51 181
93 223
71 201
