51
0 4 30 35 10 9 34 20 38 10 18 17 29 23 35 15 39 19 24 13 29 13 10 11 14 15 5 28 9 41 9 35 15 32 19 24 21 30 2 26 24 21 26 19 14 7 15 19 18 11 20 
4 0 26 35 6 6 32 22 35 13 18 17 25 20 33 16 35 17 19 17 26 15 15 12 10 16 9 25 5 38 13 30 13 28 15 26 17 26 6 22 21 20 28 15 13 7 13 16 20 15 21 
30 26 0 35 19 24 17 36 19 35 27 27 14 15 24 40 19 17 10 41 13 34 40 37 18 39 35 3 24 18 36 6 29 17 10 39 15 7 32 17 15 25 38 19 25 32 18 25 35 41 33 
35 35 35 0 32 40 21 18 22 29 16 18 47 20 12 50 54 21 40 33 22 25 39 46 38 50 39 31 39 28 32 41 48 51 33 17 43 41 35 48 20 14 14 44 21 42 24 48 21 40 16 
10 6 19 32 0 8 26 23 29 17 16 15 20 15 28 22 30 12 14 22 20 17 21 19 6 21 15 18 6 32 17 24 15 24 9 27 13 20 12 19 16 18 28 13 12 14 8 16 21 21 21 
9 6 24 40 8 0 34 29 37 19 24 22 20 23 37 15 30 20 16 23 28 22 19 12 6 14 12 24 1 39 19 28 7 23 14 33 12 23 12 17 24 25 34 10 19 8 16 9 26 19 27 
34 32 17 21 26 34 0 30 3 35 21 22 31 11 8 48 36 15 26 41 6 32 43 45 28 48 40 13 32 8 37 22 41 34 21 32 30 24 36 33 10 18 29 33 23 40 19 39 31 44 26 
20 22 36 18 23 29 30 0 33 12 9 9 43 21 25 34 52 19 36 15 27 8 21 30 29 35 23 33 28 38 14 43 36 47 29 4 37 40 20 42 22 11 5 36 11 27 19 38 2 22 3 
38 35 19 22 29 37 3 33 0 38 25 26 33 15 9 52 38 18 29 44 9 35 46 48 32 51 43 16 36 6 40 23 44 36 24 34 33 26 39 36 14 21 32 36 26 43 23 42 34 48 29 
10 13 35 29 17 19 35 12 38 0 14 13 38 24 33 22 48 20 31 5 30 4 9 18 22 23 11 33 19 42 2 41 25 41 26 15 30 37 8 35 24 17 18 29 11 16 17 29 9 10 13 
18 18 27 16 16 24 21 9 25 14 0 1 35 12 18 33 44 9 28 19 18 10 23 29 22 33 22 24 22 29 16 33 31 39 21 12 29 31 18 34 13 3 12 29 4 25 10 32 9 25 5 
17 17 27 18 15 22 22 9 26 13 1 0 34 12 20 32 43 9 27 18 18 9 22 27 21 32 21 24 21 30 15 33 30 38 20 12 28 31 17 33 13 4 12 28 3 23 9 31 8 23 5 
29 25 14 47 20 20 31 43 33 38 35 34 0 26 38 33 10 26 6 42 26 38 40 32 15 32 33 17 20 32 38 12 21 3 14 47 7 7 32 4 26 35 47 10 31 28 24 16 41 40 40 
23 20 15 20 15 23 11 21 15 24 12 12 26 0 13 37 34 3 20 30 6 21 31 33 19 37 28 12 22 18 25 22 31 30 13 24 22 21 24 27 0 10 23 24 12 28 7 30 21 33 17 
35 33 24 12 28 37 8 25 9 33 18 20 38 13 0 50 44 16 32 38 11 29 42 46 32 50 40 21 35 15 35 30 44 41 26 26 35 31 36 40 12 15 23 38 21 41 20 43 27 43 22 
15 16 40 50 22 15 48 34 52 22 33 32 33 37 50 0 43 33 30 22 42 26 15 4 21 1 11 39 16 54 20 43 12 35 29 38 26 37 15 29 38 36 40 23 29 8 29 18 32 14 34 
39 35 19 54 30 30 36 52 38 48 44 43 10 34 44 43 0 34 16 52 32 48 50 42 25 41 43 23 30 35 48 14 30 7 23 56 17 12 42 13 34 43 56 20 41 38 34 24 51 50 49 
19 17 17 21 12 20 15 19 18 20 9 9 26 3 16 33 34 0 19 26 9 18 28 30 17 33 24 14 19 22 22 23 28 30 12 22 21 22 21 26 4 8 21 23 8 25 4 27 18 29 15 
24 19 10 40 14 16 26 36 29 31 28 27 6 20 32 30 16 19 0 36 20 32 34 29 9 29 28 12 15 28 32 12 19 10 7 40 4 6 26 7 20 28 40 8 25 24 18 14 35 35 33 
13 17 41 33 22 23 41 15 44 5 19 18 42 30 38 22 52 26 36 0 36 9 6 18 27 23 11 38 22 48 4 46 28 46 31 18 35 42 11 40 30 23 21 33 17 17 23 32 12 7 17 
29 26 13 22 20 28 6 27 9 30 18 18 26 6 11 42 32 9 20 36 0 27 38 39 22 42 34 9 26 12 32 18 34 29 15 29 24 20 30 28 5 15 28 26 18 34 13 32 27 39 23 
13 15 34 25 17 22 32 8 35 4 10 9 38 21 29 26 48 18 32 9 27 0 13 22 24 27 15 31 21 40 6 40 28 42 25 11 31 37 12 37 22 13 13 30 9 19 16 31 5 15 8 
10 15 40 39 21 19 43 21 46 9 23 22 40 31 42 15 50 28 34 6 38 13 0 12 24 16 6 39 19 50 7 45 22 43 30 24 32 41 8 36 32 26 27 29 20 12 24 28 18 1 22 
11 12 37 46 19 12 45 30 48 18 29 27 32 33 46 4 42 30 29 18 39 22 12 0 19 4 7 37 13 51 16 41 12 35 27 34 25 36 10 28 34 32 36 22 25 4 25 18 27 11 30 
14 10 18 38 6 6 28 29 32 22 22 21 15 19 32 21 25 17 9 27 22 24 24 19 0 21 18 18 5 33 22 21 12 18 7 33 7 16 16 12 19 23 34 6 18 14 13 10 27 25 27 
15 16 39 50 21 14 48 35 51 23 33 32 32 37 50 1 41 33 29 23 42 27 16 4 21 0 12 39 15 54 21 42 10 34 28 39 25 36 15 28 37 36 41 22 29 8 29 17 32 16 35 
5 9 35 39 15 12 40 23 43 11 22 21 33 28 40 11 43 24 28 11 34 15 6 7 18 12 0 34 12 46 9 39 16 36 24 26 25 35 3 30 29 25 29 23 18 6 20 21 20 7 23 
28 25 3 31 18 24 13 33 16 33 24 24 17 12 21 39 23 14 12 38 9 31 39 37 18 39 34 0 23 15 34 9 30 20 10 36 17 10 31 20 11 22 35 20 22 32 15 27 32 40 29 
9 5 24 39 6 1 32 28 36 19 22 21 20 22 35 16 30 19 15 22 26 21 19 13 5 15 12 23 0 38 18 27 9 23 13 32 12 22 11 17 23 24 33 10 18 9 15 10 25 19 26 
41 38 18 28 32 39 8 38 6 42 29 30 32 18 15 54 35 22 28 48 12 40 50 51 33 54 46 15 38 0 44 20 46 35 25 40 33 24 43 35 18 27 37 36 31 46 26 42 39 52 34 
9 13 36 32 17 19 37 14 40 2 16 15 38 25 35 20 48 22 32 4 32 6 7 16 22 21 9 34 18 44 0 42 24 41 26 18 30 38 7 35 26 20 20 28 14 14 19 28 11 8 15 
35 30 6 41 24 28 22 43 23 41 33 33 12 22 30 43 14 23 12 46 18 40 45 41 21 42 39 9 27 20 42 0 32 14 15 46 17 5 37 17 21 32 45 20 31 36 24 27 42 46 39 
15 13 29 48 15 7 41 36 44 25 31 30 21 31 44 12 30 28 19 28 34 28 22 12 12 10 16 30 9 46 24 32 0 23 20 40 15 26 17 17 31 33 41 11 27 10 24 6 33 22 34 
32 28 17 51 24 23 34 47 36 41 39 38 3 30 41 35 7 30 10 46 29 42 43 35 18 34 36 20 23 35 41 14 23 0 17 51 11 10 35 6 30 38 51 13 35 31 28 17 45 43 44 
19 15 10 33 9 14 21 29 24 26 21 20 14 13 26 29 23 12 7 31 15 25 30 27 7 28 24 10 13 25 26 15 20 17 0 33 9 11 22 14 13 21 33 11 18 22 10 17 28 31 26 
24 26 39 17 27 33 32 4 34 15 12 12 47 24 26 38 56 22 40 18 29 11 24 34 33 39 26 36 32 40 18 46 40 51 33 0 40 44 23 46 25 14 3 40 15 31 22 42 6 25 6 
21 17 15 43 13 12 30 37 33 30 29 28 7 22 35 26 17 21 4 35 24 31 32 25 7 25 25 17 12 33 30 17 15 11 9 40 0 11 24 5 23 29 41 3 25 21 19 10 35 32 34 
30 26 7 41 20 23 24 40 26 37 31 31 7 21 31 37 12 22 6 42 20 37 41 36 16 36 35 10 22 24 38 5 26 10 11 44 11 0 33 11 21 31 43 15 29 31 21 21 39 41 37 
2 6 32 35 12 12 36 20 39 8 18 17 32 24 36 15 42 21 26 11 30 12 8 10 16 15 3 31 11 43 7 37 17 35 22 23 24 33 0 29 25 21 25 22 14 7 17 21 17 9 19 
26 22 17 48 19 17 33 42 36 35 34 33 4 27 40 29 13 26 7 40 28 37 36 28 12 28 30 20 17 35 35 17 17 6 14 46 5 11 29 0 27 35 46 7 30 25 24 11 40 37 39 
24 21 15 20 16 24 10 22 14 24 13 13 26 0 12 38 34 4 20 30 5 22 32 34 19 37 29 11 23 18 26 21 31 30 13 25 23 21 25 27 0 10 23 25 13 29 8 30 22 34 18 
21 20 25 14 18 25 18 11 21 17 3 4 35 10 15 36 43 8 28 23 15 13 26 32 23 36 25 22 24 27 20 32 33 38 21 14 29 31 21 35 10 0 12 30 7 28 10 34 12 28 7 
26 28 38 14 28 34 29 5 32 18 12 12 47 23 23 40 56 21 40 21 28 13 27 36 34 41 29 35 33 37 20 45 41 51 33 3 41 43 25 46 23 12 0 41 15 33 22 43 8 28 7 
19 15 19 44 13 10 33 36 36 29 29 28 10 24 38 23 20 23 8 33 26 30 29 22 6 22 23 20 10 36 28 20 11 13 11 40 3 15 22 7 25 30 41 0 25 18 19 6 34 30 34 
14 13 25 21 12 19 23 11 26 11 4 3 31 12 21 29 41 8 25 17 18 9 20 25 18 29 18 22 18 31 14 31 27 35 18 15 25 29 14 30 13 7 15 25 0 21 7 28 10 21 8 
7 7 32 42 14 8 40 27 43 16 25 23 28 28 41 8 38 25 24 17 34 19 12 4 14 8 6 32 9 46 14 36 10 31 22 31 21 31 7 25 29 28 33 18 21 0 21 15 25 12 27 
15 13 18 24 8 16 19 19 23 17 10 9 24 7 20 29 34 4 18 23 13 16 24 25 13 29 20 15 15 26 19 24 24 28 10 22 19 21 17 24 8 10 22 19 7 21 0 24 17 25 15 
19 16 25 48 16 9 39 38 42 29 32 31 16 30 43 18 24 27 14 32 32 31 28 18 10 17 21 27 10 42 28 27 6 17 17 42 10 21 21 11 30 34 43 6 28 15 24 0 36 28 36 
18 20 35 21 21 26 31 2 34 9 9 8 41 21 27 32 51 18 35 12 27 5 18 27 27 32 20 32 25 39 11 42 33 45 28 6 35 39 17 40 22 12 8 34 10 25 17 36 0 19 4 
11 15 41 40 21 19 44 22 48 10 25 23 40 33 43 14 50 29 35 7 39 15 1 11 25 16 7 40 19 52 8 46 22 43 31 25 32 41 9 37 34 28 28 30 21 12 25 28 19 0 23 
20 21 33 16 21 27 26 3 29 13 5 5 40 17 22 34 49 15 33 17 23 8 22 30 27 35 23 29 26 34 15 39 34 44 26 6 34 37 19 39 18 7 7 34 8 27 15 36 4 23 0 
0 682
59 127
310 378
210 278
465 533
64 132
362 430
573 641
3 71
137 205
402 470
74 142
203 271
429 497
434 502
564 632
171 239
255 323
298 366
523 591
569 637
431 499
228 296
98 166
610 678
559 627
165 233
363 431
219 287
299 367
77 145
217 285
181 249
515 583
485 553
284 352
497 565
128 196
298 366
202 270
381 449
50 118
49 117
53 121
221 289
547 615
161 229
335 403
490 558
27 95
344 412
