51
0 22 18 19 5 28 32 24 14 12 35 9 23 23 16 28 17 13 27 18 18 11 15 22 18 29 11 26 22 35 27 6 38 32 18 30 31 14 24 16 10 20 20 25 2 8 23 11 23 30 25 
22 0 41 38 17 18 47 17 25 29 18 32 44 2 9 23 25 31 4 21 36 12 25 8 39 19 34 27 14 17 5 24 24 29 41 27 43 30 8 6 33 39 19 6 21 29 26 25 17 43 13 
18 41 0 16 24 43 29 39 24 18 52 8 11 41 34 41 29 16 45 31 18 30 27 40 13 44 9 37 38 52 46 18 53 44 0 41 30 20 42 35 7 13 35 44 20 13 33 22 40 28 41 
19 38 16 0 22 47 44 43 32 27 54 14 8 37 29 47 18 26 42 37 30 30 16 40 2 48 10 45 41 53 44 23 57 51 15 48 44 8 42 33 13 28 25 38 19 21 41 29 30 42 43 
5 17 24 22 0 24 36 21 15 15 31 15 27 17 10 26 16 16 21 17 22 7 14 18 22 26 16 25 18 30 22 9 34 31 23 28 33 16 20 11 16 24 17 20 3 13 22 13 19 33 21 
28 18 43 47 24 0 36 3 19 26 10 36 50 21 24 6 39 28 18 12 30 17 38 10 46 1 39 12 6 10 16 25 10 11 43 10 31 41 10 16 37 35 36 25 28 29 14 21 35 33 5 
32 47 29 44 36 36 0 33 21 20 47 30 40 48 45 31 50 19 49 26 14 35 48 40 41 37 34 24 35 47 49 26 43 29 30 27 5 45 42 40 30 15 53 52 35 25 22 23 55 3 38 
24 17 39 43 21 3 33 0 16 22 14 32 47 20 22 5 36 24 18 8 26 14 35 9 43 5 35 10 3 14 17 21 14 11 39 10 28 38 10 14 33 32 33 24 24 26 11 17 33 30 5 
14 25 24 32 15 19 21 16 0 6 30 18 33 27 23 17 32 8 28 7 11 14 30 20 31 20 22 13 15 29 28 9 29 19 24 17 18 29 22 19 19 16 32 31 16 11 8 3 34 18 19 
12 29 18 27 15 26 20 22 6 0 36 13 27 30 25 23 29 2 32 13 7 16 27 25 25 27 16 19 21 35 32 6 36 26 18 23 18 25 27 22 14 11 32 33 14 5 15 4 35 18 25 
35 18 52 54 31 10 47 14 30 36 0 45 59 21 27 16 43 38 16 23 41 24 42 13 54 9 47 22 14 0 14 34 7 20 52 20 42 47 11 21 46 46 38 23 35 39 25 31 36 43 11 
9 32 8 14 15 36 30 32 18 13 45 0 14 33 25 35 22 12 37 24 16 21 20 32 12 37 3 32 31 44 37 10 46 38 8 36 30 14 34 26 1 15 27 35 12 7 27 15 31 28 33 
23 44 11 8 27 50 40 47 33 27 59 14 0 44 36 50 26 25 49 39 28 34 24 45 6 52 11 46 45 58 50 25 61 53 10 50 41 17 47 39 13 24 34 45 24 21 42 30 38 39 48 
23 2 41 37 17 21 48 20 27 30 21 33 44 0 8 26 23 32 5 23 37 13 23 11 38 21 34 29 17 20 7 25 27 32 41 30 45 29 11 8 34 41 17 4 21 30 29 26 15 45 15 
16 9 34 29 10 24 45 22 23 25 27 25 36 8 0 28 16 27 13 22 32 9 15 14 30 25 26 29 18 26 14 19 32 33 34 31 42 21 15 7 26 35 11 9 13 23 28 22 11 42 19 
28 23 41 47 26 6 31 5 17 23 16 35 50 26 28 0 41 25 24 10 26 19 40 14 46 6 38 6 9 16 22 24 13 5 41 4 26 42 15 20 36 32 39 30 29 28 9 19 39 27 10 
17 25 29 18 16 39 50 36 32 29 43 22 26 23 16 41 0 30 28 33 36 22 2 30 20 40 20 42 33 42 30 23 48 47 29 44 48 9 31 22 22 36 7 22 15 25 39 29 12 48 34 
13 31 16 26 16 28 19 24 8 2 38 12 25 32 27 25 30 0 34 15 5 18 28 27 24 29 16 21 23 38 34 7 38 27 16 25 18 25 29 24 13 8 33 35 15 5 16 6 36 17 27 
27 4 45 42 21 18 49 18 28 32 16 37 49 5 13 24 28 34 0 23 39 16 29 9 43 18 38 28 15 15 2 28 22 29 45 28 45 34 8 10 38 43 22 7 25 33 28 28 20 46 13 
18 21 31 37 17 12 26 8 7 13 23 24 39 23 22 10 33 15 23 0 17 12 31 14 36 13 28 8 9 23 23 14 22 14 31 11 21 32 16 15 25 23 32 27 19 17 5 9 33 22 12 
18 36 18 30 22 30 14 26 11 7 41 16 28 37 32 26 36 5 39 17 0 23 34 31 28 31 20 21 27 41 39 13 40 27 18 25 13 30 33 29 17 5 39 40 21 10 17 10 42 12 30 
11 12 30 30 7 17 35 14 14 16 24 21 34 13 9 19 22 18 16 12 23 0 20 10 30 18 23 20 11 23 16 12 27 25 29 22 32 23 12 5 22 27 20 17 11 17 18 13 21 32 13 
15 25 27 16 14 38 48 35 30 27 42 20 24 23 15 40 2 28 29 31 34 20 0 29 18 39 18 40 32 42 30 21 47 45 26 43 46 7 31 22 20 34 9 23 13 23 37 27 13 46 33 
22 8 40 40 18 10 40 9 20 25 13 32 45 11 14 14 30 27 9 14 31 10 29 0 41 10 34 18 6 12 8 22 17 20 40 19 36 33 2 7 33 35 26 15 21 27 19 20 25 37 4 
18 39 13 2 22 46 41 43 31 25 54 12 6 38 30 46 20 24 43 36 28 30 18 41 0 48 8 44 41 53 44 22 57 50 12 47 42 10 42 34 11 26 27 39 19 19 40 27 32 40 43 
29 19 44 48 26 1 37 5 20 27 9 37 52 21 25 6 40 29 18 13 31 18 39 10 48 0 40 12 7 10 17 27 9 11 44 11 32 42 10 17 38 37 37 25 29 31 15 22 36 33 6 
11 34 9 10 16 39 34 35 22 16 47 3 11 34 26 38 20 16 38 28 20 23 18 34 8 40 0 35 33 47 39 13 49 42 8 39 33 12 36 28 3 18 26 35 13 11 31 19 30 32 36 
26 27 37 45 25 12 24 10 13 19 22 32 46 29 29 6 42 21 28 8 21 20 40 18 44 12 35 0 12 22 27 21 19 6 37 4 19 41 20 22 33 27 40 33 28 24 4 16 41 21 15 
22 14 38 41 18 6 35 3 15 21 14 31 45 17 18 9 33 23 15 9 27 11 32 6 41 7 33 12 0 14 14 20 16 15 38 13 30 35 7 11 32 32 30 21 22 24 13 17 30 31 3 
35 17 52 53 30 10 47 14 29 35 0 44 58 20 26 16 42 38 15 23 41 23 42 12 53 10 47 22 14 0 13 34 8 20 52 20 42 46 11 20 45 46 37 22 34 38 25 31 35 44 10 
27 5 46 44 22 16 49 17 28 32 14 37 50 7 14 22 30 34 2 23 39 16 30 8 44 17 39 27 14 13 0 29 20 28 46 27 44 36 7 11 38 43 24 9 26 33 27 28 22 45 11 
6 24 18 23 9 25 26 21 9 6 34 10 25 25 19 24 23 7 28 14 13 12 21 22 22 27 13 21 20 34 29 0 36 28 18 25 24 20 24 18 11 15 26 28 8 4 18 6 29 24 23 
38 24 53 57 34 10 43 14 29 36 7 46 61 27 32 13 48 38 22 22 40 27 47 17 57 9 49 19 16 8 20 36 0 15 53 16 38 51 16 25 47 45 43 30 38 40 23 32 42 40 13 
32 29 44 51 31 11 29 11 19 26 20 38 53 32 33 5 47 27 29 14 27 25 45 20 50 11 42 6 15 20 28 28 15 0 44 2 24 47 21 26 39 33 45 36 33 31 11 22 45 26 16 
18 41 0 15 23 43 30 39 24 18 52 8 10 41 34 41 29 16 45 31 18 29 26 40 12 44 8 37 38 52 46 18 53 44 0 41 31 20 42 34 7 14 35 43 20 13 33 22 39 29 41 
30 27 41 48 28 10 27 10 17 23 20 36 50 30 31 4 44 25 28 11 25 22 43 19 47 11 39 4 13 20 27 25 16 2 41 0 22 44 20 24 37 31 43 34 31 28 8 20 43 24 15 
31 43 30 44 33 31 5 28 18 18 42 30 41 45 42 26 48 18 45 21 13 32 46 36 42 32 33 19 30 42 44 24 38 24 31 22 0 44 37 36 30 16 50 48 33 24 17 20 52 2 33 
14 30 20 8 16 41 45 38 29 25 47 14 17 29 21 42 9 25 34 32 30 23 7 33 10 42 12 41 35 46 36 20 51 47 20 44 44 0 35 26 15 30 17 30 13 20 37 26 21 43 37 
24 8 42 42 20 10 42 10 22 27 11 34 47 11 15 15 31 29 8 16 33 12 31 2 42 10 36 20 7 11 7 24 16 21 42 20 37 35 0 9 35 38 27 14 23 29 20 22 25 39 4 
16 6 35 33 11 16 40 14 19 22 21 26 39 8 7 20 22 24 10 15 29 5 22 7 34 17 28 22 11 20 11 18 25 26 34 24 36 26 9 0 27 33 19 12 15 22 21 18 18 37 11 
10 33 7 13 16 37 30 33 19 14 46 1 13 34 26 36 22 13 38 25 17 22 20 33 11 38 3 33 32 45 38 11 47 39 7 37 30 15 35 27 0 15 28 36 13 8 28 16 32 29 35 
20 39 13 28 24 35 15 32 16 11 46 15 24 41 35 32 36 8 43 23 5 27 34 35 26 37 18 27 32 46 43 15 45 33 14 31 16 30 38 33 15 0 41 44 23 11 22 15 44 14 35 
20 19 35 25 17 36 53 33 32 32 38 27 34 17 11 39 7 33 22 32 39 20 9 26 27 37 26 40 30 37 24 26 43 45 35 43 50 17 27 19 28 41 0 15 17 29 38 30 4 50 30 
25 6 44 38 20 25 52 24 31 33 23 35 45 4 9 30 22 35 7 27 40 17 23 15 39 25 35 33 21 22 9 28 30 36 43 34 48 30 14 12 36 44 15 0 23 33 33 30 12 49 19 
2 21 20 19 3 28 35 24 16 14 35 12 24 21 13 29 15 15 25 19 21 11 13 21 19 29 13 28 22 34 26 8 38 33 20 31 33 13 23 15 13 23 17 23 0 11 24 14 20 33 24 
8 29 13 21 13 29 25 26 11 5 39 7 21 30 23 28 25 5 33 17 10 17 23 27 19 31 11 24 24 38 33 4 40 31 13 28 24 20 29 22 8 11 29 33 11 0 20 8 32 23 28 
23 26 33 41 22 14 22 11 8 15 25 27 42 29 28 9 39 16 28 5 17 18 37 19 40 15 31 4 13 25 27 18 23 11 33 8 17 37 20 21 28 22 38 33 24 20 0 12 39 18 16 
11 25 22 29 13 21 23 17 3 4 31 15 30 26 22 19 29 6 28 9 10 13 27 20 27 22 19 16 17 31 28 6 32 22 22 20 20 26 22 18 16 15 30 30 14 8 12 0 32 20 20 
23 17 40 30 19 35 55 33 34 35 36 31 38 15 11 39 12 36 20 33 42 21 13 25 32 36 30 41 30 35 22 29 42 45 39 43 52 21 25 18 32 44 4 12 20 32 39 32 0 53 30 
30 43 28 42 33 33 3 30 18 18 43 28 39 45 42 27 48 17 46 22 12 32 46 37 40 33 32 21 31 44 45 24 40 26 29 24 2 43 39 37 29 14 50 49 33 23 18 20 53 0 35 
25 13 41 43 21 5 38 5 19 25 11 33 48 15 19 10 34 27 13 12 30 13 33 4 43 6 36 15 3 10 11 23 13 16 41 15 33 37 4 11 35 35 30 19 24 28 16 20 30 35 0 
0 682
1 342
103 444
338 679
209 550
18 359
339 680
333 674
66 407
199 540
333 674
39 380
164 505
64 405
101 442
5 346
298 639
120 461
49 390
268 609
164 505
217 558
240 581
198 539
139 480
258 599
322 663
129 470
135 476
194 535
149 490
141 482
275 616
225 566
29 370
141 482
280 621
134 475
277 618
293 634
334 675
42 383
338 679
85 426
197 538
157 498
145 486
246 587
145 486
86 427
178 519
