51
0 17 15 14 34 46 3 19 6 37 11 30 23 33 38 43 41 4 46 30 23 15 7 52 30 40 15 12 24 17 5 49 35 9 36 49 23 44 37 49 44 14 35 42 24 30 7 9 13 12 4 
17 0 21 3 17 28 21 7 12 35 6 13 7 17 31 26 26 18 29 12 14 7 11 35 21 27 24 11 12 14 12 34 23 23 19 33 9 27 19 32 26 7 22 26 6 29 10 22 8 6 17 
15 21 0 17 30 45 15 27 16 22 16 28 21 27 24 39 35 11 42 27 14 24 19 46 19 48 4 24 32 8 16 41 26 24 33 43 19 38 36 43 44 14 27 37 27 15 16 24 22 15 20 
14 3 17 0 19 31 18 10 9 33 3 15 9 19 30 28 27 15 32 15 13 8 9 37 20 31 20 11 15 11 9 35 23 21 22 35 10 29 22 34 30 3 23 28 10 27 7 20 8 2 15 
34 17 30 19 0 14 37 21 28 34 22 3 10 4 25 9 10 33 12 4 16 23 28 18 17 30 34 28 22 21 29 17 13 40 2 16 11 10 8 15 14 20 11 8 13 30 27 39 25 21 34 
46 28 45 31 14 0 49 29 40 47 34 16 23 18 37 9 16 46 10 17 31 32 39 13 31 26 48 37 27 36 41 20 25 50 11 16 25 14 8 12 1 33 23 12 22 44 39 50 34 34 45 
3 21 15 18 37 49 0 23 9 37 15 34 27 36 39 46 44 4 50 33 25 19 11 55 32 44 14 16 28 19 9 51 38 9 40 52 26 47 40 52 48 17 38 45 28 31 11 10 17 15 7 
19 7 27 10 21 29 23 0 14 43 11 17 14 23 38 29 31 22 33 17 22 4 12 38 29 21 30 8 4 21 15 39 30 22 23 37 17 32 20 36 27 14 29 30 8 37 13 21 6 12 18 
6 12 16 9 28 40 9 14 0 36 5 25 18 28 35 37 36 8 41 24 19 10 3 46 27 35 17 8 18 14 0 44 31 12 31 44 18 38 31 43 38 9 31 37 18 30 1 11 7 7 6 
37 35 22 33 34 47 37 43 36 0 34 34 31 29 10 38 31 33 39 34 21 42 39 42 16 61 24 43 47 22 36 33 22 46 36 37 27 35 42 40 47 29 23 36 39 6 36 46 41 32 41 
11 6 16 3 22 34 15 11 5 34 0 19 12 22 31 31 31 12 35 18 15 8 7 40 22 32 18 9 16 11 6 38 26 18 25 38 13 32 25 37 33 4 25 31 13 27 4 17 7 1 12 
30 13 28 15 3 16 34 17 25 34 19 0 7 6 26 12 13 30 16 0 15 20 25 21 18 27 32 24 18 19 25 21 15 36 6 20 9 14 8 19 15 17 13 12 9 30 23 36 21 18 31 
23 7 21 9 10 23 27 14 18 31 12 7 0 9 25 19 18 23 23 6 10 15 19 28 15 30 25 19 17 13 19 26 16 30 13 26 3 20 14 25 22 9 15 18 7 26 17 29 16 11 24 
33 17 27 19 4 18 36 23 28 29 22 6 9 0 21 11 8 32 14 6 13 25 28 19 13 34 32 29 25 19 28 16 9 40 6 16 9 10 12 16 18 18 7 9 15 26 26 39 25 20 34 
38 31 24 30 25 37 39 38 35 10 31 26 25 21 0 28 21 35 29 26 16 38 38 32 9 54 27 41 42 21 36 23 12 47 26 27 21 24 33 30 38 27 14 25 33 11 35 47 38 29 41 
43 26 39 28 9 9 46 29 37 38 31 12 19 11 28 0 7 42 3 13 24 32 38 8 23 33 43 37 30 30 38 11 16 49 6 8 20 4 10 6 10 29 14 2 21 36 36 49 34 30 44 
41 26 35 27 10 16 44 31 36 31 31 13 18 8 21 7 0 40 8 14 20 33 37 11 17 39 39 37 32 26 37 7 10 49 9 7 18 3 15 9 17 27 8 4 23 30 35 48 34 29 43 
4 18 11 15 33 46 4 22 8 33 12 30 23 32 35 42 40 0 46 29 20 18 10 51 27 43 11 16 26 14 7 47 33 13 36 48 22 42 37 48 45 13 33 41 25 27 8 13 15 12 8 
46 29 42 32 12 10 50 33 41 39 35 16 23 14 29 3 8 46 0 16 27 36 41 5 25 35 46 40 33 33 42 10 18 53 10 6 23 4 13 2 11 32 16 4 25 38 40 52 37 34 47 
30 12 27 15 4 17 33 17 24 34 18 0 6 6 26 13 14 29 16 0 14 19 24 22 17 28 31 24 18 19 25 21 14 36 6 20 8 15 9 19 16 16 13 13 9 29 23 35 21 17 30 
23 14 14 13 16 31 25 22 19 21 15 15 10 13 16 24 20 20 27 14 0 22 22 32 7 40 18 24 26 6 20 27 12 31 19 28 7 23 23 29 30 10 13 23 18 15 18 31 21 13 25 
15 7 24 8 23 32 19 4 10 42 8 20 15 25 38 32 33 18 36 19 22 0 7 41 29 25 26 4 8 19 10 41 31 17 26 40 17 34 24 39 31 12 30 32 11 35 9 17 2 10 13 
7 11 19 9 28 39 11 12 3 39 7 25 19 28 38 38 37 10 41 24 22 7 0 47 29 33 21 5 16 17 3 45 33 11 31 45 20 39 30 44 38 11 32 37 17 33 3 10 5 8 6 
52 35 46 37 18 13 55 38 46 42 40 21 28 19 32 8 11 51 5 22 32 41 47 0 29 39 50 45 38 38 47 10 21 58 15 5 28 8 18 2 14 37 20 9 30 41 45 57 43 39 52 
30 21 19 20 17 31 32 29 27 16 22 18 15 13 9 23 17 27 25 17 7 29 29 29 0 45 23 31 32 13 27 22 7 39 19 24 12 20 25 26 31 18 8 21 23 12 26 38 28 20 33 
40 27 48 31 30 26 44 21 35 61 32 27 30 34 54 33 39 43 35 28 40 25 33 39 45 0 51 28 16 41 36 45 43 40 30 41 33 37 23 38 24 34 41 35 22 56 34 39 27 33 38 
15 24 4 20 34 48 14 30 17 24 18 32 25 32 27 43 39 11 46 31 18 26 21 50 23 51 0 26 35 12 17 45 30 24 37 47 23 42 40 48 48 17 31 41 30 17 18 24 24 17 20 
12 11 24 11 28 37 16 8 8 43 9 24 19 29 41 37 37 16 40 24 24 4 5 45 31 28 26 0 12 21 8 45 34 13 30 44 21 39 28 43 35 14 33 37 15 37 7 12 3 11 9 
24 12 32 15 22 27 28 4 18 47 16 18 17 25 42 30 32 26 33 18 26 8 16 38 32 16 35 12 0 26 19 40 33 25 24 38 20 33 20 36 25 18 31 30 9 41 17 24 11 17 22 
17 14 8 11 21 36 19 21 14 22 11 19 13 19 21 30 26 14 33 19 6 19 17 38 13 41 12 21 26 0 15 33 19 26 24 34 10 29 28 35 35 7 19 28 19 16 14 26 18 9 20 
5 12 16 9 29 41 9 15 0 36 6 25 19 28 36 38 37 7 42 25 20 10 3 47 27 36 17 8 19 15 0 44 32 11 32 45 19 39 32 44 39 10 31 38 19 30 2 11 8 7 5 
49 34 41 35 17 20 51 39 44 33 38 21 26 16 23 11 7 47 10 21 27 41 45 10 22 45 45 45 40 33 44 0 14 56 16 4 25 7 22 8 22 34 13 9 31 33 43 56 42 37 50 
35 23 26 23 13 25 38 30 31 22 26 15 16 9 12 16 10 33 18 14 12 31 33 21 7 43 30 34 33 19 32 14 0 44 14 17 13 13 21 19 25 22 1 14 23 20 30 43 31 24 38 
9 23 24 21 40 50 9 22 12 46 18 36 30 40 47 49 49 13 53 36 31 17 11 58 39 40 24 13 25 26 11 56 44 0 42 56 31 50 42 55 49 21 43 49 28 40 13 0 15 19 5 
36 19 33 22 2 11 40 23 31 36 25 6 13 6 26 6 9 36 10 6 19 26 31 15 19 30 37 30 24 24 32 16 14 42 0 14 14 8 7 12 11 23 12 6 15 32 30 42 27 24 37 
49 33 43 35 16 16 52 37 44 37 38 20 26 16 27 8 7 48 6 20 28 40 45 5 24 41 47 44 38 34 45 4 17 56 14 0 25 5 19 4 18 35 16 7 29 36 43 56 41 37 50 
23 9 19 10 11 25 26 17 18 27 13 9 3 9 21 20 18 22 23 8 7 17 20 28 12 33 23 21 20 10 19 25 13 31 14 25 0 20 17 25 24 9 12 19 11 22 17 30 18 11 25 
44 27 38 29 10 14 47 32 38 35 32 14 20 10 24 4 3 42 4 15 23 34 39 8 20 37 42 39 33 29 39 7 13 50 8 5 20 0 14 5 15 29 11 2 24 33 37 50 36 31 45 
37 19 36 22 8 8 40 20 31 42 25 8 14 12 33 10 15 37 13 9 23 24 30 18 25 23 40 28 20 28 32 22 21 42 7 19 17 14 0 16 7 24 19 12 13 38 30 41 26 25 37 
49 32 43 34 15 12 52 36 43 40 37 19 25 16 30 6 9 48 2 19 29 39 44 2 26 38 48 43 36 35 44 8 19 55 12 4 25 5 16 0 14 35 17 6 27 39 42 55 40 36 50 
44 26 44 30 14 1 48 27 38 47 33 15 22 18 38 10 17 45 11 16 30 31 38 14 31 24 48 35 25 35 39 22 25 49 11 18 24 15 7 14 0 32 23 13 20 44 37 48 33 32 44 
14 7 14 3 20 33 17 14 9 29 4 17 9 18 27 29 27 13 32 16 10 12 11 37 18 34 17 14 18 7 10 34 22 21 23 35 9 29 24 35 32 0 21 28 13 23 8 21 11 2 16 
35 22 27 23 11 23 38 29 31 23 25 13 15 7 14 14 8 33 16 13 13 30 32 20 8 41 31 33 31 19 31 13 1 43 12 16 12 11 19 17 23 21 0 12 21 21 30 43 30 24 37 
42 26 37 28 8 12 45 30 37 36 31 12 18 9 25 2 4 41 4 13 23 32 37 9 21 35 41 37 30 28 38 9 14 49 6 7 19 2 12 6 13 28 12 0 21 33 36 48 34 30 43 
24 6 27 10 13 22 28 8 18 39 13 9 7 15 33 21 23 25 25 9 18 11 17 30 23 22 30 15 9 19 19 31 23 28 15 29 11 24 13 27 20 13 21 21 0 33 17 28 12 13 23 
30 29 15 27 30 44 31 37 30 6 27 30 26 26 11 36 30 27 38 29 15 35 33 41 12 56 17 37 41 16 30 33 20 40 32 36 22 33 38 39 44 23 21 33 33 0 29 40 34 25 35 
7 10 16 7 27 39 11 13 1 36 4 23 17 26 35 36 35 8 40 23 18 9 3 45 26 34 18 7 17 14 2 43 30 13 30 43 17 37 30 42 37 8 30 36 17 29 0 12 6 6 7 
9 22 24 20 39 50 10 21 11 46 17 36 29 39 47 49 48 13 52 35 31 17 10 57 38 39 24 12 24 26 11 56 43 0 42 56 30 50 41 55 48 21 43 48 28 40 12 0 15 19 5 
13 8 22 8 25 34 17 6 7 41 7 21 16 25 38 34 34 15 37 21 21 2 5 43 28 27 24 3 11 18 8 42 31 15 27 41 18 36 26 40 33 11 30 34 12 34 6 15 0 8 11 
12 6 15 2 21 34 15 12 7 32 1 18 11 20 29 30 29 12 34 17 13 10 8 39 20 33 17 11 17 9 7 37 24 19 24 37 11 31 25 36 32 2 24 30 13 25 6 19 8 0 13 
4 17 20 15 34 45 7 18 6 41 12 31 24 34 41 44 43 8 47 30 25 13 6 52 33 38 20 9 22 20 5 50 38 5 37 50 25 45 37 50 44 16 37 43 23 35 7 5 11 13 0 
0 546
465 465
352 352
198 198
14 14
427 427
118 118
450 450
318 318
268 268
266 266
309 309
169 169
75 75
472 472
380 380
56 56
425 425
69 69
21 21
217 217
538 538
321 321
216 216
182 182
102 102
362 362
498 498
488 488
98 98
32 32
159 159
448 448
72 72
483 483
304 304
14 14
55 55
476 476
493 493
429 429
316 316
150 150
153 153
366 366
531 531
209 209
119 119
398 398
365 365
469 469
