51
0 45 40 45 6 52 32 45 40 37 40 39 19 40 24 14 38 41 43 14 16 35 19 20 24 28 36 21 42 38 25 57 34 25 48 32 10 48 37 27 39 3 29 26 26 19 2 34 23 42 30 
45 0 21 17 51 11 14 8 7 9 13 20 30 34 30 37 30 4 11 31 42 40 29 25 23 33 9 35 14 21 24 12 10 20 15 32 54 3 17 18 25 48 32 37 24 27 47 17 38 12 27 
40 21 0 37 44 33 23 14 25 14 8 37 21 12 38 40 9 17 10 30 30 53 21 22 18 43 16 42 7 2 15 32 18 24 36 44 45 22 5 18 41 43 15 46 14 30 41 31 23 31 39 
45 17 37 0 52 11 16 25 11 22 28 7 36 48 22 33 44 19 27 32 48 27 35 29 30 23 20 28 30 36 33 19 19 22 3 21 55 18 31 24 10 48 43 28 33 26 47 10 47 5 17 
6 51 44 52 0 58 38 50 46 43 45 46 23 42 31 21 40 47 48 20 16 41 24 26 29 35 42 28 47 41 29 63 40 31 55 38 4 54 42 33 46 4 31 32 30 25 4 41 24 48 37 
52 11 33 11 58 0 20 19 12 20 25 18 39 45 32 41 42 16 22 38 52 39 38 33 32 33 19 38 25 33 35 7 20 27 7 32 61 10 28 27 22 55 44 38 34 33 54 18 49 11 27 
32 14 23 16 38 20 0 17 8 10 16 14 20 33 16 23 29 12 17 17 32 30 18 13 13 21 8 22 19 22 17 25 5 7 18 21 41 17 17 8 18 35 27 24 16 13 34 8 30 11 15 
45 8 14 25 50 19 17 0 14 7 6 28 27 26 34 39 23 5 3 31 39 46 26 24 21 38 9 39 6 14 21 18 12 22 23 38 52 9 10 17 32 48 27 42 20 29 46 23 34 20 32 
40 7 25 11 46 12 8 14 0 10 17 13 27 36 22 30 33 8 15 25 40 33 26 21 20 25 9 28 18 24 23 17 8 15 11 24 49 10 19 15 18 43 32 29 22 21 42 9 37 6 19 
37 9 14 22 43 20 10 7 10 0 7 22 21 25 26 31 22 4 7 23 33 40 19 16 14 31 1 31 9 13 15 22 4 14 22 31 45 12 9 10 27 40 23 34 14 21 39 17 29 17 25 
40 13 8 28 45 25 16 6 17 7 0 29 21 20 32 36 17 9 3 27 33 46 20 19 16 37 8 37 2 8 15 25 11 19 28 38 46 15 3 14 34 43 20 40 14 26 41 24 27 23 32 
39 20 37 7 46 18 14 28 13 22 29 0 33 47 15 26 44 22 29 26 44 20 31 26 27 15 21 21 31 36 31 25 18 18 11 13 50 23 31 22 4 42 41 20 30 20 41 6 44 8 10 
19 30 21 36 23 39 20 27 27 21 21 33 0 22 24 21 19 26 25 11 12 40 1 7 7 30 21 26 24 19 6 43 19 14 38 33 24 33 19 12 35 21 12 31 7 15 19 26 11 32 28 
40 34 12 48 42 45 33 26 36 25 20 47 22 0 45 44 3 29 23 33 26 60 22 26 23 50 27 48 20 12 18 44 28 31 48 52 41 35 17 26 51 42 10 52 18 35 40 41 17 42 47 
24 30 38 22 31 32 16 34 22 26 32 15 24 45 0 10 41 28 34 14 33 15 24 18 21 5 25 6 35 36 26 39 22 14 26 8 35 33 32 19 15 27 36 7 26 9 27 13 36 21 5 
14 37 40 33 21 41 23 39 30 31 36 26 21 44 10 0 41 35 38 10 26 21 21 18 22 14 30 7 39 37 25 48 27 17 36 17 25 40 35 22 25 16 33 11 25 10 17 22 31 30 16 
38 30 9 44 40 42 29 23 33 22 17 44 19 3 41 41 0 26 20 30 24 57 19 23 19 47 23 44 17 9 15 42 25 27 44 49 40 32 13 22 47 40 8 48 15 32 38 37 16 39 43 
41 4 17 19 47 16 12 5 8 4 9 22 26 29 28 35 26 0 7 27 38 41 24 21 18 32 5 34 10 17 20 17 7 17 19 32 50 7 12 14 26 44 28 36 19 24 43 17 34 15 27 
43 11 10 27 48 22 17 3 15 7 3 29 25 23 34 38 20 7 0 30 36 47 24 22 19 38 8 39 3 11 18 21 12 21 26 38 50 12 7 16 33 46 24 41 18 28 44 24 31 22 33 
14 31 30 32 20 38 17 31 25 23 27 26 11 33 14 10 30 27 30 0 19 29 10 8 11 20 23 15 30 27 15 43 20 10 34 23 24 34 26 13 27 17 23 19 15 5 16 21 22 28 19 
16 42 30 48 16 52 32 39 40 33 33 44 12 26 33 26 24 38 36 19 0 47 13 18 19 39 33 33 35 28 18 55 32 26 50 41 15 45 29 25 46 17 15 38 18 24 15 38 8 44 38 
35 40 53 27 41 39 30 46 33 40 46 20 40 60 15 21 57 41 47 29 47 0 39 34 37 9 38 14 49 51 41 46 35 29 31 8 46 43 47 34 16 37 51 9 41 25 38 23 51 28 14 
19 29 21 35 24 38 18 26 26 19 20 31 1 22 24 21 19 24 24 10 13 39 0 5 5 29 19 25 23 18 5 41 18 13 37 32 25 32 18 11 34 22 12 30 6 14 20 25 12 30 27 
20 25 22 29 26 33 13 24 21 16 19 26 7 26 18 18 23 21 22 8 18 34 5 0 3 24 16 21 22 19 7 37 14 7 31 26 28 28 17 6 28 23 17 25 7 9 22 19 18 25 21 
24 23 18 30 29 32 13 21 20 14 16 27 7 23 21 22 19 18 19 11 19 37 5 3 0 27 13 25 18 15 4 35 12 8 31 29 31 26 14 5 30 26 15 29 4 12 25 20 17 25 24 
28 33 43 23 35 33 21 38 25 31 37 15 30 50 5 14 47 32 38 20 39 9 29 24 27 0 30 7 40 41 32 41 26 19 27 3 39 36 38 25 13 31 42 4 32 15 31 16 42 22 6 
36 9 16 20 42 19 8 9 9 1 8 21 21 27 25 30 23 5 8 23 33 38 19 16 13 30 0 30 10 15 15 22 3 13 21 30 45 12 10 9 25 39 24 33 14 20 38 15 29 15 24 
21 35 42 28 28 38 22 39 28 31 37 21 26 48 6 7 44 34 39 15 33 14 25 21 25 7 30 0 40 40 29 45 27 18 32 10 32 39 37 23 19 23 38 4 29 12 24 19 37 27 11 
42 14 7 30 47 25 19 6 18 9 2 31 24 20 35 39 17 10 3 30 35 49 23 22 18 40 10 40 0 8 17 24 13 22 29 40 49 15 5 16 36 45 21 43 17 29 44 26 29 25 35 
38 21 2 36 41 33 22 14 24 13 8 36 19 12 36 37 9 17 11 27 28 51 18 19 15 41 15 40 8 0 12 33 17 22 36 42 42 23 4 16 40 40 13 44 12 28 38 30 21 30 37 
25 24 15 33 29 35 17 21 23 15 15 31 6 18 26 25 15 20 18 15 18 41 5 7 4 32 15 29 17 12 0 37 15 13 34 34 31 27 12 8 34 28 10 33 0 17 26 24 14 28 28 
57 12 32 19 63 7 25 18 17 22 25 25 43 44 39 48 42 17 21 43 55 46 41 37 35 41 22 45 24 33 37 0 23 32 15 39 66 10 28 31 29 60 45 45 36 39 59 25 51 18 35 
34 10 18 19 40 20 5 12 8 4 11 18 19 28 22 27 25 7 12 20 32 35 18 14 12 26 3 27 13 17 15 23 0 10 20 27 43 14 12 7 23 37 24 29 14 17 36 13 29 14 21 
25 20 24 22 31 27 7 22 15 14 19 18 14 31 14 17 27 17 21 10 26 29 13 7 8 19 13 18 22 22 13 32 10 0 24 21 34 23 18 5 21 28 23 21 12 7 27 12 25 18 15 
48 15 36 3 55 7 18 23 11 22 28 11 38 48 26 36 44 19 26 34 50 31 37 31 31 27 21 32 29 36 34 15 20 24 0 24 58 16 31 26 14 51 44 31 34 29 50 13 49 6 21 
32 32 44 21 38 32 21 38 24 31 38 13 33 52 8 17 49 32 38 23 41 8 32 26 29 3 30 10 40 42 34 39 27 21 24 0 43 35 39 26 10 34 44 7 33 18 34 15 44 21 5 
10 54 45 55 4 61 41 52 49 45 46 50 24 41 35 25 40 50 50 24 15 46 25 28 31 39 45 32 49 42 31 66 43 34 58 43 0 57 43 35 50 8 31 36 32 29 8 45 24 52 41 
48 3 22 18 54 10 17 9 10 12 15 23 33 35 33 40 32 7 12 34 45 43 32 28 26 36 12 39 15 23 27 10 14 23 16 35 57 0 18 21 27 51 35 40 26 31 50 20 41 15 30 
37 17 5 31 42 28 17 10 19 9 3 31 19 17 32 35 13 12 7 26 29 47 18 17 14 38 10 37 5 4 12 28 12 18 31 39 43 18 0 13 35 40 16 40 11 25 38 25 23 26 33 
27 18 18 24 33 27 8 17 15 10 14 22 12 26 19 22 22 14 16 13 25 34 11 6 5 25 9 23 16 16 8 31 7 5 26 26 35 21 13 0 25 30 19 27 8 12 29 16 22 19 21 
39 25 41 10 46 22 18 32 18 27 34 4 35 51 15 25 47 26 33 27 46 16 34 28 30 13 25 19 36 40 34 29 23 21 14 10 50 27 35 25 0 42 45 18 34 22 42 9 47 12 9 
3 48 43 48 4 55 35 48 43 40 43 42 21 42 27 16 40 44 46 17 17 37 22 23 26 31 39 23 45 40 28 60 37 28 51 34 8 51 40 30 42 0 31 28 28 22 2 37 25 45 33 
29 32 15 43 31 44 27 27 32 23 20 41 12 10 36 33 8 28 24 23 15 51 12 17 15 42 24 38 21 13 10 45 24 23 44 44 31 35 16 19 45 31 0 43 11 26 29 35 7 38 39 
26 37 46 28 32 38 24 42 29 34 40 20 31 52 7 11 48 36 41 19 38 9 30 25 29 4 33 4 43 44 33 45 29 21 31 7 36 40 40 27 18 28 43 0 33 16 28 20 42 27 10 
26 24 14 33 30 34 16 20 22 14 14 30 7 18 26 25 15 19 18 15 18 41 6 7 4 32 14 29 17 12 0 36 14 12 34 33 32 26 11 8 34 28 11 33 0 17 27 24 14 28 28 
19 27 30 26 25 33 13 29 21 21 26 20 15 35 9 10 32 24 28 5 24 25 14 9 12 15 20 12 29 28 17 39 17 7 29 18 29 31 25 12 22 22 26 16 17 0 21 15 26 22 13 
2 47 41 47 4 54 34 46 42 39 41 41 19 40 27 17 38 43 44 16 15 38 20 22 25 31 38 24 44 38 26 59 36 27 50 34 8 50 38 29 42 2 29 28 27 21 0 37 23 44 33 
34 17 31 10 41 18 8 23 9 17 24 6 26 41 13 22 37 17 24 21 38 23 25 19 20 16 15 19 26 30 24 25 13 12 13 15 45 20 25 16 9 37 35 20 24 15 37 0 38 7 9 
23 38 23 47 24 49 30 34 37 29 27 44 11 17 36 31 16 34 31 22 8 51 12 18 17 42 29 37 29 21 14 51 29 25 49 44 24 41 23 22 47 25 7 42 14 26 23 38 0 42 40 
42 12 31 5 48 11 11 20 6 17 23 8 32 42 21 30 39 15 22 28 44 28 30 25 25 22 15 27 25 30 28 18 14 18 6 21 52 15 26 19 12 45 38 27 28 22 44 7 42 0 16 
30 27 39 17 37 27 15 32 19 25 32 10 28 47 5 16 43 27 33 19 38 14 27 21 24 6 24 11 35 37 28 35 21 15 21 5 41 30 33 21 9 33 39 10 28 13 33 9 40 16 0 
0 491
155 400
96 341
204 449
103 348
203 448
161 406
235 480
194 439
121 366
102 347
34 279
106 351
140 385
19 264
41 286
149 394
59 304
61 306
131 376
244 489
118 363
149 394
217 462
144 389
47 292
224 469
61 306
11 256
92 337
46 291
93 338
188 433
100 345
240 485
99 344
101 346
147 392
34 279
16 261
173 418
171 416
13 258
84 329
123 368
161 406
82 327
17 262
115 360
37 282
100 345
