51
0 27 31 22 38 17 16 44 29 24 6 39 7 2 3 19 40 18 16 31 31 34 2 19 41 18 38 13 21 15 22 30 28 22 38 39 39 41 21 28 17 4 29 31 9 10 35 15 14 35 42 
27 0 42 17 19 23 11 34 26 7 34 45 34 28 26 23 27 24 38 33 21 19 28 44 21 8 31 20 26 20 26 34 13 48 30 45 31 46 33 45 38 30 23 39 33 23 45 34 18 43 31 
31 42 0 25 37 19 35 28 19 36 31 10 29 33 34 19 31 18 18 13 26 33 29 22 40 35 23 24 16 44 16 10 33 27 25 9 25 11 10 8 17 34 23 5 24 41 3 17 25 4 30 
22 17 25 0 16 8 12 22 10 10 27 27 26 24 24 7 17 8 25 16 8 12 22 32 20 12 17 9 8 26 8 16 8 37 17 27 18 29 17 29 25 27 8 21 23 26 27 20 7 25 20 
38 19 37 16 0 24 24 16 17 15 43 34 43 39 38 23 8 24 41 24 10 3 37 48 3 22 17 25 23 37 22 26 9 53 14 34 15 35 31 42 41 42 13 31 40 39 38 37 23 35 12 
17 23 19 8 24 0 15 26 12 17 21 24 20 19 19 1 24 0 16 14 15 20 16 23 28 16 20 5 4 26 5 13 16 29 21 24 22 26 9 21 17 22 13 17 16 24 22 12 6 21 25 
16 11 35 12 24 15 0 34 22 9 23 39 23 17 16 16 28 16 27 28 20 21 17 33 27 2 30 10 18 14 19 28 14 37 30 39 30 41 24 35 27 20 20 32 22 15 38 23 9 36 32 
44 34 28 22 16 26 34 0 14 28 47 22 46 46 45 24 8 26 40 16 13 15 42 47 17 33 6 30 23 49 22 19 21 52 5 22 4 22 28 36 40 48 14 23 42 48 28 36 29 25 4 
29 26 19 10 17 12 22 14 0 19 33 18 31 31 31 10 13 11 26 7 6 13 28 33 20 22 8 16 8 36 7 8 14 38 9 18 10 19 15 25 26 34 4 14 27 35 20 22 16 18 14 
24 7 36 10 15 17 9 28 19 0 31 37 31 26 24 17 21 18 33 26 15 13 25 39 18 6 25 15 19 22 19 27 6 44 24 38 25 39 27 38 33 29 16 32 29 24 38 29 13 36 25 
6 34 31 27 43 21 23 47 33 31 0 39 1 6 8 23 45 21 13 34 35 40 6 14 47 25 41 18 24 21 25 31 34 16 42 39 43 42 21 26 14 5 34 32 6 16 34 14 19 35 46 
39 45 10 27 34 24 39 22 18 37 39 0 38 41 42 23 27 23 27 11 25 31 37 32 37 39 18 29 20 51 19 11 33 37 20 0 20 2 18 18 27 43 22 7 33 48 7 25 30 5 25 
7 34 29 26 43 20 23 46 31 31 1 38 0 8 10 21 44 20 11 32 35 39 6 12 46 25 40 17 23 22 24 30 34 15 41 38 42 40 20 24 12 7 33 30 4 17 32 12 19 33 45 
2 28 33 24 39 19 17 46 31 26 6 41 8 0 1 21 42 20 18 34 33 36 4 20 43 19 40 15 24 14 25 32 30 23 41 41 41 43 23 30 18 2 32 34 10 9 37 17 16 37 44 
3 26 34 24 38 19 16 45 31 24 8 42 10 1 0 21 41 20 19 34 32 35 5 22 42 18 40 14 24 12 25 32 29 25 40 42 41 44 24 31 20 4 31 34 12 7 38 18 16 38 44 
19 23 19 7 23 1 16 24 10 17 23 23 21 21 21 0 22 1 18 13 13 19 18 25 26 16 18 7 2 28 3 12 15 30 19 23 20 25 9 21 18 23 11 16 18 26 22 13 7 20 23 
40 27 31 17 8 24 28 8 13 21 45 27 44 42 41 22 0 24 39 18 9 7 39 46 10 27 9 27 21 43 20 21 14 52 6 27 7 28 29 38 39 44 10 26 40 43 32 35 25 29 4 
18 24 18 8 24 0 16 26 11 18 21 23 20 20 20 1 24 0 16 14 15 20 16 23 28 17 20 6 3 27 4 12 17 28 21 23 22 25 9 20 16 22 13 16 16 25 21 12 7 20 25 
16 38 18 25 41 16 27 40 26 33 13 27 11 18 19 18 39 16 0 24 31 37 14 7 44 29 34 17 18 32 19 21 33 12 35 27 36 29 11 12 0 18 29 20 7 27 21 4 19 22 40 
31 33 13 16 24 14 28 16 7 26 34 11 32 34 34 13 18 14 24 0 14 20 30 31 27 28 10 20 10 41 9 2 22 36 12 11 13 12 12 20 24 36 11 7 28 39 13 21 20 11 17 
31 21 26 8 10 15 20 13 6 15 35 25 35 33 32 13 9 15 31 14 0 7 30 38 14 19 10 18 13 35 12 15 8 43 9 25 10 26 21 31 31 35 2 21 31 35 27 27 16 25 11 
34 19 33 12 3 20 21 15 13 13 40 31 39 36 35 19 7 20 37 20 7 0 34 44 7 19 14 22 19 35 18 22 6 49 12 31 13 32 27 38 37 39 9 28 36 36 34 33 20 32 12 
2 28 29 22 37 16 17 42 28 25 6 37 6 4 5 18 39 16 14 30 30 34 0 17 41 19 37 12 20 17 21 28 28 20 37 37 38 39 19 26 14 5 29 29 7 13 33 12 14 33 41 
19 44 22 32 48 23 33 47 33 39 14 32 12 20 22 25 46 23 7 31 38 44 17 0 52 35 41 24 25 35 26 28 40 5 42 32 43 34 18 15 7 19 36 26 10 30 26 11 26 27 47 
41 21 40 20 3 28 27 17 20 18 47 37 46 43 42 26 10 28 44 27 14 7 41 52 0 25 19 29 27 40 26 29 12 57 16 37 17 38 35 46 45 46 16 34 44 42 41 40 27 38 13 
18 8 35 12 22 16 2 33 22 6 25 39 25 19 18 16 27 17 29 28 19 19 19 35 25 0 29 12 19 16 19 28 12 39 28 39 29 41 25 37 29 22 19 32 24 17 38 25 10 37 30 
38 31 23 17 17 20 30 6 8 25 41 18 40 40 40 18 9 20 34 10 10 14 37 41 19 29 0 25 17 44 16 13 18 46 2 18 2 18 22 30 34 42 9 17 36 43 23 30 24 20 7 
13 20 24 9 25 5 10 30 16 15 18 29 17 15 14 7 27 6 17 20 18 22 12 24 29 12 25 0 9 21 10 19 17 28 25 29 26 31 13 25 17 17 16 22 14 19 27 13 2 26 29 
21 26 16 8 23 4 18 23 8 19 24 20 23 24 24 2 21 3 18 10 13 19 20 25 27 19 17 9 0 30 1 9 17 30 18 20 18 22 8 20 18 26 10 13 19 28 19 14 10 17 22 
15 20 44 26 37 26 14 49 36 22 21 51 22 14 12 28 43 27 32 41 35 35 17 35 40 16 44 21 30 0 31 40 28 37 44 51 45 52 34 43 32 16 35 43 24 5 48 29 20 47 46 
22 26 16 8 22 5 19 22 7 19 25 19 24 25 25 3 20 4 19 9 12 18 21 26 26 19 16 10 1 31 0 8 16 31 17 19 17 21 9 20 19 27 10 13 20 29 19 15 10 17 21 
30 34 10 16 26 13 28 19 8 27 31 11 30 32 32 12 21 12 21 2 15 22 28 28 29 28 13 19 9 40 8 0 22 33 15 11 15 12 10 17 21 34 13 5 25 38 12 18 19 9 20 
28 13 33 8 9 16 14 21 14 6 34 33 34 30 29 15 14 17 33 22 8 6 28 40 12 12 18 17 17 28 16 22 0 45 17 33 18 34 25 37 33 33 10 28 31 29 35 29 14 32 18 
22 48 27 37 53 29 37 52 38 44 16 37 15 23 25 30 52 28 12 36 43 49 20 5 57 39 46 28 30 37 31 33 45 0 47 37 48 39 23 19 12 21 41 31 14 32 30 16 31 32 52 
38 30 25 17 14 21 30 5 9 24 42 20 41 41 40 19 6 21 35 12 9 12 37 42 16 28 2 25 18 44 17 15 17 47 0 21 0 21 24 32 35 43 9 19 37 43 25 31 24 22 5 
39 45 9 27 34 24 39 22 18 38 39 0 38 41 42 23 27 23 27 11 25 31 37 32 37 39 18 29 20 51 19 11 33 37 21 0 20 2 18 17 27 43 23 7 33 48 7 25 30 4 25 
39 31 25 18 15 22 30 4 10 25 43 20 42 41 41 20 7 22 36 13 10 13 38 43 17 29 2 26 18 45 17 15 18 48 0 20 0 21 24 33 36 44 10 20 38 44 25 32 25 22 4 
41 46 11 29 35 26 41 22 19 39 42 2 40 43 44 25 28 25 29 12 26 32 39 34 38 41 18 31 22 52 21 12 34 39 21 2 21 0 20 19 29 45 24 9 35 50 8 27 32 7 25 
21 33 10 17 31 9 24 28 15 27 21 18 20 23 24 9 29 9 11 12 21 27 19 18 35 25 22 13 8 34 9 10 25 23 24 18 24 20 0 11 11 25 18 10 15 30 14 8 15 13 29 
28 45 8 29 42 21 35 36 25 38 26 18 24 30 31 21 38 20 12 20 31 38 26 15 46 37 30 25 20 43 20 17 37 19 32 17 33 19 11 0 12 31 29 13 20 39 10 13 26 13 38 
17 38 17 25 41 17 27 40 26 33 14 27 12 18 20 18 39 16 0 24 31 37 14 7 45 29 34 17 18 32 19 21 33 12 35 27 36 29 11 12 0 18 29 20 8 27 21 4 20 22 40 
4 30 34 27 42 22 20 48 34 29 5 43 7 2 4 23 44 22 18 36 35 39 5 19 46 22 42 17 26 16 27 34 33 21 43 43 44 45 25 31 18 0 34 35 10 10 38 18 19 38 47 
29 23 23 8 13 13 20 14 4 16 34 22 33 32 31 11 10 13 29 11 2 9 29 36 16 19 9 16 10 35 10 13 10 41 9 23 10 24 18 29 29 34 0 18 29 34 25 24 15 22 12 
31 39 5 21 31 17 32 23 14 32 32 7 30 34 34 16 26 16 20 7 21 28 29 26 34 32 17 22 13 43 13 5 28 31 19 7 20 9 10 13 20 35 18 0 26 40 6 18 23 4 25 
9 33 24 23 40 16 22 42 27 29 6 33 4 10 12 18 40 16 7 28 31 36 7 10 44 24 36 14 19 24 20 25 31 14 37 33 38 35 15 20 8 10 29 26 0 20 28 7 16 28 41 
10 23 41 26 39 24 15 48 35 24 16 48 17 9 7 26 43 25 27 39 35 36 13 30 42 17 43 19 28 5 29 38 29 32 43 48 44 50 30 39 27 10 34 40 20 0 45 25 19 44 46 
35 45 3 27 38 22 38 28 20 38 34 7 32 37 38 22 32 21 21 13 27 34 33 26 41 38 23 27 19 48 19 12 35 30 25 7 25 8 14 10 21 38 25 6 28 45 0 20 28 3 30 
15 34 17 20 37 12 23 36 22 29 14 25 12 17 18 13 35 12 4 21 27 33 12 11 40 25 30 13 14 29 15 18 29 16 31 25 32 27 8 13 4 18 24 18 7 25 20 0 15 21 36 
14 18 25 7 23 6 9 29 16 13 19 30 19 16 16 7 25 7 19 20 16 20 14 26 27 10 24 2 10 20 10 19 14 31 24 30 25 32 15 26 20 19 15 23 16 19 28 15 0 27 28 
35 43 4 25 35 21 36 25 18 36 35 5 33 37 38 20 29 20 22 11 25 32 33 27 38 37 20 26 17 47 17 9 32 32 22 4 22 7 13 13 22 38 22 4 28 44 3 21 27 0 27 
42 31 30 20 12 25 32 4 14 25 46 25 45 44 44 23 4 25 40 17 11 12 41 47 13 30 7 29 22 46 21 20 18 52 5 25 4 25 29 38 40 47 12 25 41 46 30 36 28 27 0 
0 764
12 241
1 230
202 431
492 721
255 484
466 695
357 586
182 411
180 409
233 462
329 558
376 605
440 669
489 718
356 585
192 421
485 714
244 473
162 391
490 719
4 233
214 443
45 274
364 593
257 486
208 437
59 288
100 329
267 496
91 320
335 564
371 600
483 712
184 413
305 534
462 691
174 403
495 724
6 235
458 687
515 744
309 538
72 301
313 542
497 726
34 263
225 454
369 598
299 528
156 385
