51
0 19 29 25 18 22 13 22 14 1 31 13 23 38 25 43 33 7 24 29 5 7 31 25 22 4 25 17 23 34 11 23 42 34 35 40 31 40 27 17 28 9 27 32 32 27 31 24 26 26 16 
19 0 42 24 29 38 17 13 29 19 36 19 11 26 7 35 20 20 13 43 19 18 26 39 25 16 12 2 29 22 25 15 37 26 24 37 32 31 13 25 16 19 41 14 15 26 13 10 42 25 12 
29 42 0 25 12 10 24 50 16 28 15 22 51 44 49 41 42 36 36 4 35 25 31 5 20 27 40 42 16 42 18 33 36 36 40 32 21 40 54 45 38 23 4 52 57 25 55 51 8 24 30 
25 24 25 0 16 27 12 36 22 24 14 11 35 19 29 19 17 32 12 29 30 18 6 26 5 20 16 25 9 16 19 9 17 11 15 15 8 17 37 41 13 16 26 28 37 2 34 35 30 1 12 
18 29 12 16 0 11 12 38 7 17 14 10 38 35 36 34 32 25 25 14 24 12 23 10 11 15 28 29 7 32 7 22 31 28 31 28 16 33 41 35 27 11 11 39 44 17 42 38 14 16 18 
22 38 10 27 11 0 22 44 9 21 21 20 46 46 45 45 44 28 36 7 27 20 34 4 22 22 39 37 18 44 13 33 42 39 42 38 26 44 49 37 39 19 6 50 53 28 51 46 3 27 28 
13 17 24 12 12 22 0 27 13 11 20 2 27 27 24 30 23 20 14 26 18 5 18 22 10 8 17 17 12 23 10 12 29 21 23 27 18 27 30 29 17 4 24 27 32 14 30 27 26 13 6 
22 13 50 36 38 44 27 0 35 23 48 29 3 39 13 49 34 18 27 51 18 25 39 47 37 22 25 11 40 35 32 29 51 39 38 50 45 45 7 17 30 27 48 23 13 38 15 5 48 38 24 
14 29 16 22 7 9 13 35 0 12 21 12 36 40 36 41 36 20 28 15 19 11 29 11 17 13 31 28 15 37 4 26 38 33 36 35 24 39 40 29 31 10 13 41 44 23 42 37 13 22 20 
1 19 28 24 17 21 11 23 12 0 30 12 24 37 26 42 33 9 23 28 7 6 30 24 21 3 25 17 21 34 9 22 41 33 34 39 29 39 28 18 27 7 26 32 32 26 31 24 25 25 15 
31 36 15 14 14 21 20 48 21 30 0 18 47 31 42 26 30 39 26 19 37 24 18 18 11 27 30 37 8 29 21 23 21 23 27 17 6 26 50 48 27 22 18 42 51 13 48 47 22 12 23 
13 19 22 11 10 20 2 29 12 12 18 0 29 28 26 30 24 21 15 24 19 6 18 20 8 9 19 19 10 24 8 13 29 22 24 26 17 28 32 30 19 4 22 29 34 13 32 29 24 12 7 
23 11 51 35 38 46 27 3 36 24 47 29 0 36 10 46 31 21 25 52 20 26 37 48 36 23 22 10 39 33 33 27 49 37 35 48 44 42 3 21 27 27 49 19 10 37 11 1 50 37 23 
38 26 44 19 35 46 27 39 40 37 31 28 36 0 27 11 5 43 14 48 41 32 13 45 24 34 14 29 28 4 36 15 16 7 3 18 24 7 36 51 10 31 46 20 33 18 29 35 49 20 22 
25 7 49 29 36 45 24 13 36 26 42 26 10 27 0 37 21 26 17 50 25 25 30 46 31 23 14 8 35 23 32 19 40 28 26 40 38 33 9 29 19 26 48 9 8 30 6 8 49 31 19 
43 35 41 19 34 45 30 49 41 42 26 30 46 11 37 0 16 49 22 45 47 36 12 43 23 38 23 38 27 14 38 21 6 9 11 9 19 4 47 58 18 35 43 31 44 17 41 45 47 19 27 
33 20 42 17 32 44 23 34 36 33 30 24 31 5 21 16 0 38 9 46 36 28 13 43 22 29 9 23 26 1 33 10 20 8 5 21 24 11 31 45 5 27 43 15 28 17 24 30 47 18 17 
7 20 36 32 25 28 20 18 20 9 39 21 21 43 26 49 38 0 29 36 2 14 37 31 30 11 30 18 30 39 18 29 49 40 40 47 38 46 25 9 33 16 33 34 30 34 31 22 32 33 21 
24 13 36 12 25 36 14 27 28 23 26 15 25 14 17 22 9 29 0 39 27 19 12 35 16 19 4 16 20 10 24 2 23 12 11 23 21 17 26 37 3 18 36 16 25 13 22 24 39 14 8 
29 43 4 29 14 7 26 51 15 28 19 24 52 48 50 45 46 36 39 0 34 26 35 4 23 28 43 43 19 45 19 36 40 40 44 36 25 44 55 44 41 24 2 54 58 29 57 52 5 28 32 
5 19 35 30 24 27 18 18 19 7 37 19 20 41 25 47 36 2 27 34 0 12 35 30 28 9 28 16 28 37 16 27 47 38 38 45 36 44 24 11 31 14 32 33 30 32 30 21 31 31 19 
7 18 25 18 12 20 5 25 11 6 24 6 26 32 25 36 28 14 19 26 12 0 24 21 15 3 21 17 16 29 7 17 35 27 29 33 23 33 29 24 22 1 23 30 32 20 31 26 24 19 10 
31 26 31 6 23 34 18 39 29 30 18 18 37 13 30 12 13 37 12 35 35 24 0 32 11 26 16 28 15 12 26 10 12 5 9 11 11 10 38 46 11 22 33 27 38 5 34 36 36 7 16 
25 39 5 26 10 4 22 47 11 24 18 20 48 45 46 43 43 31 35 4 30 21 32 0 21 24 39 39 16 42 15 33 39 37 41 35 23 42 51 40 38 20 1 50 54 26 52 48 4 25 28 
22 25 20 5 11 22 10 37 17 21 11 8 36 24 31 23 22 30 16 23 28 15 11 21 0 18 20 26 4 21 15 13 21 17 20 18 8 22 38 39 17 13 21 32 39 6 37 36 25 4 12 
4 16 27 20 15 22 8 22 13 3 27 9 23 34 23 38 29 11 19 28 9 3 26 24 18 0 21 15 19 30 9 18 38 29 30 35 26 35 27 21 23 5 25 30 31 22 29 23 26 21 11 
25 12 40 16 28 39 17 25 31 25 30 19 22 14 14 23 9 30 4 43 28 21 16 39 20 21 0 14 24 10 27 7 26 14 12 26 25 19 23 36 5 21 40 11 21 18 18 21 43 18 11 
17 2 42 25 29 37 17 11 28 17 37 19 10 29 8 38 23 18 16 43 16 17 28 39 26 15 14 0 29 25 24 17 40 28 27 39 34 34 12 22 19 18 40 16 15 27 14 9 41 27 13 
23 29 16 9 7 18 12 40 15 21 8 10 39 28 35 27 26 30 20 19 28 16 15 16 4 19 24 29 0 26 13 17 23 21 24 20 9 25 42 40 22 14 17 36 43 10 41 39 20 8 16 
34 22 42 16 32 44 23 35 37 34 29 24 33 4 23 14 1 39 10 45 37 29 12 42 21 30 10 25 26 0 33 11 18 7 3 19 23 10 32 47 6 28 43 17 30 16 26 31 46 18 18 
11 25 18 19 7 13 10 32 4 9 21 8 33 36 32 38 33 18 24 19 16 7 26 15 15 9 27 24 13 33 0 22 36 30 33 33 22 36 36 27 27 6 16 37 40 21 38 33 17 19 16 
23 15 33 9 22 33 12 29 26 22 23 13 27 15 19 21 10 29 2 36 27 17 10 33 13 18 7 17 17 11 22 0 22 11 11 21 18 17 28 37 5 16 34 18 28 11 25 26 36 11 7 
42 37 36 17 31 42 29 51 38 41 21 29 49 16 40 6 20 49 23 40 47 35 12 39 21 38 26 40 23 18 36 22 0 12 15 4 15 9 49 58 21 34 39 35 48 15 44 48 43 16 28 
34 26 36 11 28 39 21 39 33 33 23 22 37 7 28 9 8 40 12 40 38 27 5 37 17 29 14 28 21 7 30 11 12 0 4 12 16 6 37 48 9 26 38 24 36 10 32 36 42 12 18 
35 24 40 15 31 42 23 38 36 34 27 24 35 3 26 11 5 40 11 44 38 29 9 41 20 30 12 27 24 3 33 11 15 4 0 16 20 7 35 48 7 28 42 20 33 14 29 34 45 16 19 
40 37 32 15 28 38 27 50 35 39 17 26 48 18 40 9 21 47 23 36 45 33 11 35 18 35 26 39 20 19 33 21 4 12 16 0 11 11 49 56 21 31 35 36 48 13 45 47 39 14 26 
31 32 21 8 16 26 18 45 24 29 6 17 44 24 38 19 24 38 21 25 36 23 11 23 8 26 25 34 9 23 22 18 15 16 20 11 0 19 46 48 21 22 23 37 46 7 43 43 28 7 20 
40 31 40 17 33 44 27 45 39 39 26 28 42 7 33 4 11 46 17 44 44 33 10 42 22 35 19 34 25 10 36 17 9 6 7 11 19 0 42 54 14 32 42 27 40 15 36 41 46 17 24 
27 13 54 37 41 49 30 7 40 28 50 32 3 36 9 47 31 25 26 55 24 29 38 51 38 27 23 12 42 32 36 28 49 37 35 49 46 42 0 25 28 30 53 17 6 39 8 3 53 39 26 
17 25 45 41 35 37 29 17 29 18 48 30 21 51 29 58 45 9 37 44 11 24 46 40 39 21 36 22 40 47 27 37 58 48 48 56 48 54 25 0 40 26 42 39 31 43 32 22 40 42 30 
28 16 38 13 27 39 17 30 31 27 27 19 27 10 19 18 5 33 3 41 31 22 11 38 17 23 5 19 22 6 27 5 21 9 7 21 21 14 28 40 0 22 39 15 26 14 23 26 42 15 12 
9 19 23 16 11 19 4 27 10 7 22 4 27 31 26 35 27 16 18 24 14 1 22 20 13 5 21 18 14 28 6 16 34 26 28 31 22 32 30 26 22 0 22 31 34 18 32 27 23 17 10 
27 41 4 26 11 6 24 48 13 26 18 22 49 46 48 43 43 33 36 2 32 23 33 1 21 25 40 40 17 43 16 34 39 38 42 35 23 42 53 42 39 22 0 51 56 27 54 49 4 26 30 
32 14 52 28 39 50 27 23 41 32 42 29 19 20 9 31 15 34 16 54 33 30 27 50 32 30 11 16 36 17 37 18 35 24 20 36 37 27 17 39 15 31 51 0 13 29 9 18 53 30 21 
32 15 57 37 44 53 32 13 44 32 51 34 10 33 8 44 28 30 25 58 30 32 38 54 39 31 21 15 43 30 40 28 48 36 33 48 46 40 6 31 26 34 56 13 0 39 3 9 57 39 27 
27 26 25 2 17 28 14 38 23 26 13 13 37 18 30 17 17 34 13 29 32 20 5 26 6 22 18 27 10 16 21 11 15 10 14 13 7 15 39 43 14 18 27 29 39 0 36 36 31 1 14 
31 13 55 34 42 51 30 15 42 31 48 32 11 29 6 41 24 31 22 57 30 31 34 52 37 29 18 14 41 26 38 25 44 32 29 45 43 36 8 32 23 32 54 9 3 36 0 10 55 36 25 
24 10 51 35 38 46 27 5 37 24 47 29 1 35 8 45 30 22 24 52 21 26 36 48 36 23 21 9 39 31 33 26 48 36 34 47 43 41 3 22 26 27 49 18 9 36 10 0 50 36 23 
26 42 8 30 14 3 26 48 13 25 22 24 50 49 49 47 47 32 39 5 31 24 36 4 25 26 43 41 20 46 17 36 43 42 45 39 28 46 53 40 42 23 4 53 57 31 55 50 0 29 32 
26 25 24 1 16 27 13 38 22 25 12 12 37 20 31 19 18 33 14 28 31 19 7 25 4 21 18 27 8 18 19 11 16 12 16 14 7 17 39 42 15 17 26 30 39 1 36 36 29 0 13 
16 12 30 12 18 28 6 24 20 15 23 7 23 22 19 27 17 21 8 32 19 10 16 28 12 11 11 13 16 18 16 7 28 18 19 26 20 24 26 30 12 10 30 21 27 14 25 23 32 13 0 
0 409
230 270
115 155
258 298
149 189
24 64
235 275
114 154
188 228
168 208
196 236
273 313
135 175
138 178
269 309
156 196
292 332
152 192
270 310
291 331
57 97
222 262
260 300
321 361
220 260
224 264
39 79
155 195
135 175
38 78
240 280
345 385
113 153
69 109
97 137
111 151
276 316
164 204
349 389
294 334
350 390
31 71
23 63
133 173
288 328
162 202
352 392
187 227
72 112
312 352
7 47
