51
0 41 17 10 23 35 22 11 34 9 27 22 33 7 25 18 37 9 20 10 55 25 29 42 46 45 40 44 36 18 26 10 42 13 33 25 15 32 26 40 23 41 29 26 28 58 35 28 36 50 20 
41 0 28 38 39 15 33 34 10 46 17 19 44 36 16 28 15 45 21 35 23 15 27 20 17 13 42 48 27 28 21 44 3 33 27 16 44 17 17 2 23 43 18 34 16 23 31 44 7 26 24 
17 28 0 10 13 18 8 6 19 18 11 11 22 16 15 0 31 17 9 7 38 15 12 25 29 29 26 31 18 20 23 16 30 4 16 12 15 26 19 27 6 27 25 12 21 41 18 20 25 32 17 
10 38 10 0 12 28 12 4 29 8 21 19 22 14 23 10 38 7 17 3 48 24 19 34 39 39 29 33 26 23 28 6 40 5 24 22 6 34 26 37 16 30 31 16 29 51 25 18 35 41 22 
23 39 13 12 0 25 5 13 28 18 21 24 10 26 28 13 44 17 22 14 42 28 13 28 34 35 16 20 18 33 36 15 41 12 16 25 10 40 33 37 16 18 38 6 35 46 15 6 38 34 30 
35 15 18 28 25 0 20 25 5 37 7 15 29 32 16 18 27 36 16 26 19 15 12 8 10 10 27 32 12 30 26 34 18 23 12 12 33 25 21 13 12 27 25 20 21 22 16 30 18 16 25 
22 33 8 12 5 20 0 11 22 19 15 19 13 24 22 8 39 18 17 12 37 22 8 23 29 30 18 23 14 29 31 17 35 9 12 19 13 35 27 31 10 19 33 4 29 41 12 11 32 30 26 
11 34 6 4 13 25 11 0 25 12 17 15 23 13 19 7 34 11 13 1 44 19 17 31 35 35 29 33 24 20 25 10 35 1 21 17 10 30 22 32 12 30 27 15 24 47 23 19 30 38 18 
34 10 19 29 28 5 22 25 0 37 7 12 33 30 12 18 22 36 14 26 22 11 16 13 13 11 32 37 17 26 22 35 13 24 17 9 34 20 16 8 13 32 20 23 17 24 20 34 12 20 21 
9 46 18 8 18 37 19 12 37 0 30 27 27 16 30 19 45 1 25 10 56 31 27 42 47 47 34 38 34 27 34 2 47 13 32 29 7 40 33 45 24 36 37 23 35 60 32 21 42 49 27 
27 17 11 21 21 7 15 17 7 30 0 8 27 24 10 11 24 29 9 19 27 9 11 15 18 18 28 33 14 23 20 28 20 16 13 5 27 21 15 15 6 28 20 17 16 30 17 27 16 24 18 
22 19 11 19 24 15 19 15 12 27 8 0 32 17 4 11 20 26 2 16 35 4 17 24 26 24 34 40 22 14 13 25 20 15 21 3 26 15 8 18 9 35 14 22 10 37 24 31 15 32 9 
33 44 22 22 10 29 13 23 33 27 27 32 0 36 36 22 52 26 31 24 41 36 17 29 35 37 8 11 18 43 45 24 47 22 17 32 19 48 41 42 23 9 46 10 43 46 14 5 44 32 40 
7 36 16 14 26 32 24 13 30 16 24 17 36 0 20 17 30 16 16 12 52 20 28 40 43 42 42 47 35 11 19 16 36 14 33 21 20 25 19 35 21 43 22 28 21 54 35 32 30 48 13 
25 16 15 23 28 16 22 19 12 30 10 4 36 20 0 15 16 30 6 20 34 0 20 24 25 23 37 43 24 14 10 29 17 19 23 4 30 12 5 15 13 38 10 25 6 36 27 34 11 32 9 
18 28 0 10 13 18 8 7 18 19 11 11 22 17 15 0 31 18 9 8 37 15 11 24 28 28 25 31 17 21 23 16 30 5 15 12 16 27 19 26 5 26 25 12 21 40 17 19 25 31 17 
37 15 31 38 44 27 39 34 22 45 24 20 52 30 16 31 0 44 21 35 39 16 35 34 33 29 52 58 38 19 11 44 13 34 38 19 45 5 12 17 29 53 7 41 9 38 41 51 9 41 17 
9 45 17 7 17 36 18 11 36 1 29 26 26 16 30 18 44 0 24 9 55 30 26 41 46 46 34 37 33 27 33 1 46 12 31 28 7 39 32 44 23 35 36 22 34 58 31 21 41 48 26 
20 21 9 17 22 16 17 13 14 25 9 2 31 16 6 9 21 24 0 14 36 6 17 25 27 26 33 39 22 14 14 23 22 12 21 5 24 17 10 20 8 34 15 20 12 38 24 29 17 33 9 
10 35 7 3 14 26 12 1 26 10 19 16 24 12 20 8 35 9 14 0 46 20 18 33 37 37 30 35 25 20 25 9 36 3 23 19 10 30 23 34 14 31 28 16 25 49 25 20 31 40 18 
55 23 38 48 42 19 37 44 22 56 27 35 41 52 34 37 39 55 36 46 0 34 29 13 9 10 35 39 23 48 43 53 26 43 25 31 51 40 38 22 32 35 41 35 38 5 27 44 30 9 43 
25 15 15 24 28 15 22 19 11 31 9 4 36 20 0 15 16 30 6 20 34 0 20 24 25 23 37 43 24 14 11 29 16 19 23 3 30 12 5 15 13 38 11 25 7 35 27 34 11 32 9 
29 27 12 19 13 12 8 17 16 27 11 17 17 28 20 11 35 26 17 18 29 20 0 15 20 22 17 22 7 31 30 25 30 15 4 16 22 32 26 25 8 18 31 7 27 33 7 17 27 22 26 
42 20 25 34 28 8 23 31 13 42 15 24 29 40 24 24 34 41 25 33 13 24 15 0 6 9 24 29 10 38 35 40 24 29 12 21 37 33 29 18 19 24 33 22 30 18 14 31 25 8 33 
46 17 29 39 34 10 29 35 13 47 18 26 35 43 25 28 33 46 27 37 9 25 20 6 0 4 30 35 16 40 35 45 21 34 18 22 42 33 30 15 23 30 33 28 30 12 20 37 23 8 34 
45 13 29 39 35 10 30 35 11 47 18 24 37 42 23 28 29 46 26 37 10 23 22 9 4 0 33 38 19 38 32 45 17 34 20 21 43 29 27 12 23 33 30 29 27 12 23 39 20 12 32 
40 42 26 29 16 27 18 29 32 34 28 34 8 42 37 25 52 34 33 30 35 37 17 24 30 33 0 5 15 47 47 32 45 27 14 33 27 49 43 40 24 1 48 13 44 40 11 14 44 26 43 
44 48 31 33 20 32 23 33 37 38 33 40 11 47 43 31 58 37 39 35 39 43 22 29 35 38 5 0 20 52 53 35 51 32 20 39 30 55 48 45 30 4 54 19 50 44 16 16 50 29 48 
36 27 18 26 18 12 14 24 17 34 14 22 18 35 24 17 38 33 22 25 23 24 7 10 16 19 15 20 0 36 35 31 30 22 2 20 28 36 30 25 14 15 35 12 31 28 4 21 29 15 32 
18 28 20 23 33 30 29 20 26 27 23 14 43 11 14 21 19 27 14 20 48 14 31 38 40 38 47 52 36 0 8 27 28 21 35 17 30 14 11 29 22 48 12 33 12 50 38 40 21 46 5 
26 21 23 28 36 26 31 25 22 34 20 13 45 19 10 23 11 33 14 25 43 11 30 35 35 32 47 53 35 8 0 33 20 25 34 14 35 6 5 22 22 48 3 35 5 44 37 43 14 42 6 
10 44 16 6 15 34 17 10 35 2 28 25 24 16 29 16 44 1 23 9 53 29 25 40 45 45 32 35 31 27 33 0 45 11 29 28 5 39 32 43 22 33 36 20 34 57 29 19 40 47 26 
42 3 30 40 41 18 35 35 13 47 20 20 47 36 17 30 13 46 22 36 26 16 30 24 21 17 45 51 30 28 20 45 0 35 31 17 46 15 17 5 25 46 17 37 15 25 34 47 6 29 24 
13 33 4 5 12 23 9 1 24 13 16 15 22 14 19 5 34 12 12 3 43 19 15 29 34 34 27 32 22 21 25 11 35 0 20 17 11 29 22 31 11 29 27 14 24 46 21 18 30 37 18 
33 27 16 24 16 12 12 21 17 32 13 21 17 33 23 15 38 31 21 23 25 23 4 12 18 20 14 20 2 35 34 29 31 20 0 19 26 35 29 25 12 15 34 9 30 30 3 19 29 18 30 
25 16 12 22 25 12 19 17 9 29 5 3 32 21 4 12 19 28 5 19 31 3 16 21 22 21 33 39 20 17 14 28 17 17 19 0 28 16 9 15 9 34 15 21 11 33 23 31 13 29 12 
15 44 15 6 10 33 13 10 34 7 27 26 19 20 30 16 45 7 24 10 51 30 22 37 42 43 27 30 28 30 35 5 46 11 26 28 0 40 33 42 20 28 38 16 35 55 26 14 41 43 29 
32 17 26 34 40 25 35 30 20 40 21 15 48 25 12 27 5 39 17 30 40 12 32 33 33 29 49 55 36 14 6 39 15 29 35 16 40 0 7 18 25 50 2 37 5 40 39 46 9 41 12 
26 17 19 26 33 21 27 22 16 33 15 8 41 19 5 19 12 32 10 23 38 5 26 29 30 27 43 48 30 11 5 32 17 22 29 9 33 7 0 17 18 44 5 30 2 39 32 39 10 37 6 
40 2 27 37 37 13 31 32 8 45 15 18 42 35 15 26 17 44 20 34 22 15 25 18 15 12 40 45 25 29 22 43 5 31 25 15 42 18 17 0 22 41 19 32 16 22 29 43 8 24 24 
23 23 6 16 16 12 10 12 13 24 6 9 23 21 13 5 29 23 8 14 32 13 8 19 23 23 24 30 14 22 22 22 25 11 12 9 20 25 18 22 0 26 23 12 20 35 15 22 22 27 18 
41 43 27 30 18 27 19 30 32 36 28 35 9 43 38 26 53 35 34 31 35 38 18 24 30 33 1 4 15 48 48 33 46 29 15 34 28 50 44 41 26 0 49 15 45 40 12 15 45 25 44 
29 18 25 31 38 25 33 27 20 37 20 14 46 22 10 25 7 36 15 28 41 11 31 33 33 30 48 54 35 12 3 36 17 27 34 15 38 2 5 19 23 49 0 36 4 41 38 45 11 41 9 
26 34 12 16 6 20 4 15 23 23 17 22 10 28 25 12 41 22 20 16 35 25 7 22 28 29 13 19 12 33 35 20 37 14 9 21 16 37 30 32 12 15 36 0 32 40 9 10 34 27 29 
28 16 21 29 35 21 29 24 17 35 16 10 43 21 6 21 9 34 12 25 38 7 27 30 30 27 44 50 31 12 5 34 15 24 30 11 35 5 2 16 20 45 4 32 0 38 34 41 9 37 8 
58 23 41 51 46 22 41 47 24 60 30 37 46 54 36 40 38 58 38 49 5 35 33 18 12 12 40 44 28 50 44 57 25 46 30 33 55 40 39 22 35 40 41 40 38 0 32 49 30 14 45 
35 31 18 25 15 16 12 23 20 32 17 24 14 35 27 17 41 31 24 25 27 27 7 14 20 23 11 16 4 38 37 29 34 21 3 23 26 39 32 29 15 12 38 9 34 32 0 17 33 18 33 
28 44 20 18 6 30 11 19 34 21 27 31 5 32 34 19 51 21 29 20 44 34 17 31 37 39 14 16 21 40 43 19 47 18 19 31 14 46 39 43 22 15 45 10 41 49 17 0 44 36 37 
36 7 25 35 38 18 32 30 12 42 16 15 44 30 11 25 9 41 17 31 30 11 27 25 23 20 44 50 29 21 14 40 6 30 29 13 41 9 10 8 22 45 11 34 9 30 33 44 0 32 17 
50 26 32 41 34 16 30 38 20 49 24 32 32 48 32 31 41 48 33 40 9 32 22 8 8 12 26 29 15 46 42 47 29 37 18 29 43 41 37 24 27 25 41 27 37 14 18 36 32 0 41 
20 24 17 22 30 25 26 18 21 27 18 9 40 13 9 17 17 26 9 18 43 9 26 33 34 32 43 48 32 5 6 26 24 18 30 12 29 12 6 24 18 44 9 29 8 45 33 37 17 41 0 
0 819
357 357
750 750
16 16
246 246
254 254
46 46
573 573
386 386
331 331
715 715
740 740
490 490
809 809
575 575
388 388
284 284
245 245
232 232
629 629
758 758
774 774
704 704
793 793
6 6
767 767
556 556
121 121
794 794
139 139
163 163
676 676
205 205
617 617
381 381
543 543
714 714
496 496
74 74
188 188
565 565
528 528
226 226
649 649
639 639
444 444
531 531
427 427
539 539
647 647
653 653
