51
0 32 18 9 8 13 15 15 32 32 20 14 38 34 20 28 41 17 36 29 20 22 10 26 7 31 27 20 32 13 25 8 19 20 29 8 16 23 8 15 6 23 13 9 29 32 17 29 25 38 17 
32 0 17 24 26 34 33 39 19 16 48 18 17 8 41 33 19 41 9 18 39 27 41 37 27 13 22 23 16 34 32 40 31 35 26 28 33 36 34 20 34 16 40 40 18 20 16 7 33 6 42 
18 17 0 14 15 17 26 22 27 25 31 5 20 21 33 32 32 24 24 23 32 13 28 34 15 13 25 21 25 16 30 24 26 29 29 11 26 20 17 14 18 5 28 27 12 27 2 11 19 21 32 
9 24 14 0 2 19 12 23 23 22 30 8 33 24 19 21 31 25 27 19 18 23 16 21 3 27 18 11 22 19 18 18 12 15 20 11 12 28 15 5 14 19 15 16 26 22 12 22 29 31 18 
8 26 15 2 0 18 11 22 24 24 28 9 35 26 18 21 33 24 29 21 17 23 14 21 1 28 19 12 24 18 19 17 12 15 21 11 11 28 14 7 13 20 13 14 27 24 13 24 29 33 17 
13 34 17 19 18 0 28 5 41 40 13 17 32 38 34 40 48 6 41 37 34 12 22 39 18 27 37 30 39 0 38 11 31 33 40 8 29 10 5 24 7 19 26 20 23 41 18 28 13 39 30 
15 33 26 12 11 28 0 31 24 25 35 20 45 30 7 13 34 33 32 21 6 35 13 11 11 38 18 11 24 28 10 23 4 4 17 22 1 39 24 13 22 31 8 15 38 23 23 33 40 40 9 
15 39 22 23 22 5 31 0 45 44 8 22 37 43 35 43 53 2 46 42 35 16 22 42 21 32 41 34 44 5 41 10 34 35 44 12 32 12 7 28 9 24 27 20 28 45 23 33 16 44 31 
32 19 27 23 24 41 24 45 0 2 52 23 37 11 29 17 9 47 12 3 27 40 36 22 25 31 6 13 2 40 17 41 20 23 8 32 23 47 38 17 37 30 33 37 34 1 24 24 46 24 33 
32 16 25 22 24 40 25 44 2 0 52 22 34 8 31 19 9 46 9 4 29 38 37 24 25 29 7 14 0 39 19 41 21 24 11 31 24 45 37 16 37 28 33 37 32 3 22 21 44 21 34 
20 48 31 30 28 13 35 8 52 52 0 30 46 51 38 48 60 7 54 49 39 24 24 46 27 41 48 41 51 14 46 12 39 40 50 20 36 18 14 35 15 33 29 21 36 52 32 42 23 52 33 
14 18 5 8 9 17 20 22 23 22 30 0 25 21 27 27 30 24 23 20 26 17 23 28 10 18 20 15 21 17 25 22 20 23 24 10 20 24 16 8 16 11 23 22 17 23 3 15 23 24 26 
38 17 20 33 35 32 45 37 37 34 46 25 0 26 53 49 36 38 27 35 51 21 48 51 36 6 38 38 34 32 47 43 44 48 43 30 45 29 35 32 36 14 49 47 9 37 21 13 25 15 52 
34 8 21 24 26 38 30 43 11 8 51 21 26 0 37 27 10 45 2 11 35 34 41 31 27 22 15 19 9 38 27 42 27 31 19 31 30 42 37 19 37 23 38 40 26 12 20 15 40 12 39 
20 41 33 19 18 34 7 35 29 31 38 27 53 37 0 14 39 37 39 27 2 41 14 10 18 46 23 17 30 33 13 26 10 6 22 28 7 44 29 21 26 39 8 16 45 28 31 41 46 47 5 
28 33 32 21 21 40 13 43 17 19 48 27 49 27 14 0 26 45 29 16 12 44 26 4 22 42 12 11 19 40 2 35 9 9 8 32 12 49 35 18 34 37 21 28 43 16 30 36 50 39 19 
41 19 32 31 33 48 34 53 9 9 60 30 36 10 39 26 0 55 9 12 37 44 46 31 34 32 16 23 9 47 27 50 29 33 18 40 33 53 45 25 45 33 42 46 37 10 29 26 51 21 43 
17 41 24 25 24 6 33 2 47 46 7 24 38 45 37 45 55 0 48 44 38 16 24 44 24 33 43 37 46 7 43 12 36 38 46 15 34 11 10 30 11 25 29 22 28 47 25 35 15 45 33 
36 9 24 27 29 41 32 46 12 9 54 23 27 2 39 29 9 48 0 12 37 36 43 33 30 23 16 21 9 40 28 45 29 33 20 33 32 44 39 21 39 25 40 43 27 13 22 16 42 13 41 
29 18 23 19 21 37 21 42 3 4 49 20 35 11 27 16 12 44 12 0 25 36 33 20 22 29 4 10 3 37 15 38 17 20 8 29 20 44 34 13 33 27 29 33 32 3 21 22 43 23 30 
20 39 32 18 17 34 6 35 27 29 39 26 51 35 2 12 37 38 37 25 0 41 15 8 17 45 21 16 28 34 11 26 8 4 20 27 6 44 29 19 26 38 9 17 44 26 30 39 46 46 6 
22 27 13 23 23 12 35 16 40 38 24 17 21 34 41 44 44 16 36 36 41 0 32 45 24 17 38 33 38 11 42 23 36 39 41 13 35 8 15 25 18 11 35 30 12 40 15 20 6 30 39 
10 41 28 16 14 22 13 22 36 37 24 23 48 41 14 26 46 24 43 33 15 32 0 23 13 42 31 23 36 22 24 12 18 17 31 19 14 33 17 21 14 33 5 2 39 36 27 38 36 47 9 
26 37 34 21 21 39 11 42 22 24 46 28 51 31 10 4 31 44 33 20 8 45 23 0 21 45 16 13 23 39 4 34 8 6 13 32 10 49 35 20 33 39 18 25 45 20 31 38 50 43 15 
7 27 15 3 1 18 11 21 25 25 27 10 36 27 18 22 34 24 30 22 17 24 13 21 0 29 20 13 25 18 19 16 13 15 22 10 11 28 14 8 12 21 13 13 27 25 14 25 29 34 16 
31 13 13 27 28 27 38 32 31 29 41 18 6 22 46 42 32 33 23 29 45 17 42 45 29 0 32 31 29 27 41 37 37 41 36 24 38 25 29 25 30 8 42 40 5 32 14 7 22 14 45 
27 22 25 18 19 37 18 41 6 7 48 20 38 15 23 12 16 43 16 4 21 38 31 16 20 32 0 7 7 37 11 36 13 17 4 29 17 44 34 13 33 29 26 31 34 5 22 25 44 27 26 
20 23 21 11 12 30 11 34 13 14 41 15 38 19 17 11 23 37 21 10 16 33 23 13 13 31 7 0 13 30 9 29 7 11 9 22 10 39 27 7 25 26 19 23 32 12 18 25 39 30 20 
32 16 25 22 24 39 24 44 2 0 51 21 34 9 30 19 9 46 9 3 28 38 36 23 25 29 7 13 0 39 19 41 20 24 10 31 23 45 37 16 36 27 33 37 32 3 22 22 44 21 33 
13 34 16 19 18 0 28 5 40 39 14 17 32 38 33 40 47 7 40 37 34 11 22 39 18 27 37 30 39 0 37 12 31 33 39 7 29 10 5 23 7 19 26 20 22 40 18 28 13 38 30 
25 32 30 18 19 38 10 41 17 19 46 25 47 27 13 2 27 43 28 15 11 42 24 4 19 41 11 9 19 37 0 33 6 7 8 30 9 47 33 16 32 36 19 26 42 16 28 34 48 38 17 
8 40 24 18 17 11 23 10 41 41 12 22 43 42 26 35 50 12 45 38 26 23 12 34 16 37 36 29 41 12 33 0 26 27 38 13 24 22 8 24 6 28 17 9 33 41 24 36 25 46 21 
19 31 26 12 12 31 4 34 20 21 39 20 44 27 10 9 29 36 29 17 8 36 18 8 13 37 13 7 20 31 6 26 0 4 13 24 3 41 26 12 25 31 13 19 37 19 23 31 42 37 13 
20 35 29 15 15 33 4 35 23 24 40 23 48 31 6 9 33 38 33 20 4 39 17 6 15 41 17 11 24 33 7 27 4 0 15 26 3 43 28 16 26 35 12 19 41 22 27 35 44 41 10 
29 26 29 20 21 40 17 44 8 11 50 24 43 19 22 8 18 46 20 8 20 41 31 13 22 36 4 9 10 39 8 38 13 15 0 31 16 48 36 16 35 33 26 32 38 7 26 29 47 32 25 
8 28 11 11 11 8 22 12 32 31 20 10 30 31 28 32 40 15 33 29 27 13 19 32 10 24 29 22 31 7 30 13 24 26 31 0 22 17 6 15 6 15 21 17 21 32 11 23 18 33 25 
16 33 26 12 11 29 1 32 23 24 36 20 45 30 7 12 33 34 32 20 6 35 14 10 11 38 17 10 23 29 9 24 3 3 16 22 0 39 24 13 22 31 10 16 38 22 23 33 40 39 9 
23 36 20 28 28 10 39 12 47 45 18 24 29 42 44 49 53 11 44 44 44 8 33 49 28 25 44 39 45 10 47 22 41 43 48 17 39 0 15 32 18 20 36 30 20 47 23 29 4 39 41 
8 34 17 15 14 5 24 7 38 37 14 16 35 37 29 35 45 10 39 34 29 15 17 35 14 29 34 27 37 5 33 8 26 28 36 6 24 15 0 20 2 20 21 15 25 38 17 28 18 39 25 
15 20 14 5 7 24 13 28 17 16 35 8 32 19 21 18 25 30 21 13 19 25 21 20 8 25 13 7 16 23 16 24 12 16 16 15 13 32 20 0 20 19 19 21 25 17 11 19 31 26 21 
6 34 18 14 13 7 22 9 37 37 15 16 36 37 26 34 45 11 39 33 26 18 14 33 12 30 33 25 36 7 32 6 25 26 35 6 22 18 2 20 0 22 18 12 27 37 18 29 21 40 22 
23 16 5 19 20 19 31 24 30 28 33 11 14 23 39 37 33 25 25 27 38 11 33 39 21 8 29 26 27 19 36 28 31 35 33 15 31 20 20 19 22 0 34 32 6 30 7 9 17 19 37 
13 40 28 15 13 26 8 27 33 33 29 23 49 38 8 21 42 29 40 29 9 35 5 18 13 42 26 19 33 26 19 17 13 12 26 21 10 36 21 19 18 34 0 7 40 32 27 38 39 46 4 
9 40 27 16 14 20 15 20 37 37 21 22 47 40 16 28 46 22 43 33 17 30 2 25 13 40 31 23 37 20 26 9 19 19 32 17 16 30 15 21 12 32 7 0 38 36 26 37 33 46 11 
29 18 12 26 27 23 38 28 34 32 36 17 9 26 45 43 37 28 27 32 44 12 39 45 27 5 34 32 32 22 42 33 37 41 38 21 38 20 25 25 27 6 40 38 0 35 14 11 17 19 44 
32 20 27 22 24 41 23 45 1 3 52 23 37 12 28 16 10 47 13 3 26 40 36 20 25 32 5 12 3 40 16 41 19 22 7 32 22 47 38 17 37 30 32 36 35 0 24 25 46 25 32 
17 16 2 12 13 18 23 23 24 22 32 3 21 20 31 30 29 25 22 21 30 15 27 31 14 14 22 18 22 18 28 24 23 27 26 11 23 23 17 11 18 7 27 26 14 24 0 11 22 21 30 
29 7 11 22 24 28 33 33 24 21 42 15 13 15 41 36 26 35 16 22 39 20 38 38 25 7 25 25 22 28 34 36 31 35 29 23 33 29 28 19 29 9 38 37 11 25 11 0 26 10 41 
25 33 19 29 29 13 40 16 46 44 23 23 25 40 46 50 51 15 42 43 46 6 36 50 29 22 44 39 44 13 48 25 42 44 47 18 40 4 18 31 21 17 39 33 17 46 22 26 0 36 43 
38 6 21 31 33 39 40 44 24 21 52 24 15 12 47 39 21 45 13 23 46 30 47 43 34 14 27 30 21 38 38 46 37 41 32 33 39 39 39 26 40 19 46 46 19 25 21 10 36 0 48 
17 42 32 18 17 30 9 31 33 34 33 26 52 39 5 19 43 33 41 30 6 39 9 15 16 45 26 20 33 30 17 21 13 10 25 25 9 41 25 21 22 37 4 11 44 32 30 41 43 48 0 
0 519
111 370
89 348
132 391
61 320
153 412
23 282
96 355
185 444
43 302
101 360
259 518
193 452
23 282
133 392
250 509
259 518
3 262
162 421
165 424
30 289
183 442
198 457
163 422
0 259
71 330
258 517
101 360
81 340
136 395
254 513
52 311
190 449
11 270
132 391
33 292
181 440
197 456
24 283
239 498
254 513
187 446
85 344
28 287
215 474
106 365
185 444
48 307
257 516
118 377
60 319
