51
0 46 39 49 21 37 30 35 45 43 33 50 27 27 26 34 23 21 29 26 24 11 48 46 21 49 34 20 28 53 3 28 13 30 14 48 50 24 19 31 5 40 42 22 16 27 18 17 40 30 8 
46 0 13 5 46 29 17 21 49 22 13 4 30 20 45 43 23 37 24 24 37 39 18 12 26 8 32 47 36 13 44 33 41 32 50 4 7 23 36 26 41 30 18 26 42 24 39 43 39 17 50 
39 13 0 19 45 35 17 7 55 32 12 18 32 19 45 46 16 37 11 13 38 35 30 24 23 22 19 46 39 26 38 36 38 35 47 18 20 21 24 13 34 37 27 17 40 26 37 41 45 17 44 
49 5 19 0 46 27 19 26 46 19 16 2 30 21 44 41 26 37 28 28 37 40 13 8 27 3 38 47 35 7 46 32 42 31 51 0 1 25 40 31 44 27 15 30 43 24 39 43 36 18 51 
21 46 45 46 0 24 29 45 24 33 34 48 16 27 5 14 30 9 40 36 9 13 40 40 22 45 49 1 12 47 18 15 9 16 9 46 47 24 36 43 22 26 34 32 6 22 8 5 22 29 15 
37 29 35 27 24 0 18 38 19 9 22 29 9 18 19 15 27 17 37 33 14 25 16 18 19 24 48 25 11 25 33 9 25 7 32 27 27 19 40 40 34 3 12 31 23 12 20 23 10 18 35 
30 17 17 19 29 18 0 20 37 18 5 20 14 2 28 28 10 20 18 15 21 21 20 16 8 19 30 30 21 23 27 18 23 17 32 18 20 6 25 22 25 21 15 15 25 8 21 25 27 0 32 
35 21 7 26 45 38 20 0 57 37 16 25 34 20 46 48 14 37 5 9 39 33 36 30 23 29 11 45 40 34 34 38 36 37 44 25 28 21 18 5 29 41 33 13 39 28 36 40 48 20 41 
45 49 55 46 24 19 37 57 0 27 42 48 23 36 19 11 44 24 55 51 21 34 33 37 35 43 65 26 18 43 42 20 32 20 34 46 46 36 55 58 45 18 31 48 29 29 27 28 9 37 40 
43 22 32 19 33 9 18 37 27 0 20 21 17 19 29 24 28 25 36 34 23 32 7 10 23 16 47 34 21 16 40 18 33 16 41 19 19 21 43 39 40 8 4 33 32 16 28 32 18 17 43 
33 13 12 16 34 22 5 16 42 20 0 17 20 7 33 34 10 25 15 13 26 25 21 16 13 17 26 35 26 22 31 23 28 22 37 15 18 10 24 18 28 25 16 14 29 13 26 30 32 5 36 
50 4 18 2 48 29 20 25 48 21 17 0 32 22 46 44 27 39 28 28 39 42 16 11 29 5 37 49 38 9 47 35 43 33 53 2 3 26 40 30 45 30 17 30 44 26 41 45 39 19 53 
27 30 32 30 16 9 14 34 23 17 20 32 0 13 14 14 20 8 31 27 7 15 23 23 11 28 41 17 6 31 24 3 15 3 23 29 31 12 32 34 24 13 18 24 14 6 10 14 15 15 25 
27 20 19 21 27 18 2 20 36 19 7 22 13 0 26 27 9 18 18 15 19 19 22 18 6 21 29 28 19 25 25 17 21 16 30 21 23 3 23 21 23 21 16 13 22 7 19 23 27 2 30 
26 45 45 44 5 19 28 46 19 29 33 46 14 26 0 8 31 8 42 37 7 16 36 37 22 42 51 7 8 44 23 11 13 13 15 44 45 24 39 45 26 22 31 34 10 20 10 9 16 28 21 
34 43 46 41 14 15 28 48 11 24 34 44 14 27 8 0 34 13 45 41 10 23 31 33 25 39 55 15 8 40 30 10 20 11 23 41 42 26 44 48 33 16 27 38 17 20 16 16 8 29 29 
23 23 16 26 30 27 10 14 44 28 10 27 20 9 31 34 0 22 10 6 25 19 30 26 9 28 21 31 26 32 22 24 22 24 30 26 28 8 14 13 18 30 25 4 24 15 22 25 35 11 28 
21 37 37 37 9 17 20 37 24 25 25 39 8 18 8 13 22 0 33 29 3 9 32 31 13 36 43 10 6 39 17 7 8 9 15 37 38 15 31 36 20 20 26 25 6 13 3 6 19 20 18 
29 24 11 28 40 37 18 5 55 36 15 28 31 18 42 45 10 33 0 4 35 28 36 31 20 31 11 41 37 36 29 35 31 34 39 28 30 18 13 3 24 40 32 8 34 25 32 35 46 19 36 
26 24 13 28 36 33 15 9 51 34 13 28 27 15 37 41 6 29 4 0 31 24 35 30 15 30 14 36 32 35 25 31 27 30 35 27 30 14 11 7 20 36 30 4 30 21 28 31 42 16 32 
24 37 38 37 9 14 21 39 21 23 26 39 7 19 7 10 25 3 35 31 0 13 30 30 15 36 45 11 3 38 21 5 11 7 17 37 38 17 34 38 23 17 25 28 9 13 6 8 15 21 21 
11 39 35 40 13 25 21 33 34 32 25 42 15 19 16 23 19 9 28 24 13 0 38 36 12 40 36 13 16 43 8 17 3 18 11 40 42 15 23 30 10 29 32 20 6 17 6 7 28 22 11 
48 18 30 13 40 16 20 36 33 7 21 16 23 22 36 31 30 32 36 35 30 38 0 6 27 10 47 41 27 9 45 25 38 23 47 14 13 25 45 39 44 15 5 35 38 21 34 38 25 19 49 
46 12 24 8 40 18 16 30 37 10 16 11 23 18 37 33 26 31 31 30 30 36 6 0 24 5 41 41 28 7 43 25 37 24 46 9 8 22 40 34 41 18 6 30 37 19 33 37 28 15 47 
21 26 23 27 22 19 8 23 35 23 13 29 11 6 22 25 9 13 20 15 15 12 27 24 0 28 30 22 17 31 18 15 15 15 24 27 29 2 21 22 17 23 21 12 16 7 13 17 27 9 23 
49 8 22 3 45 24 19 29 43 16 17 5 28 21 42 39 28 36 31 30 36 40 10 5 28 0 40 46 34 4 47 31 41 29 51 4 3 25 41 33 44 24 12 31 42 23 38 42 34 18 51 
34 32 19 38 49 48 30 11 65 47 26 37 41 29 51 55 21 43 11 14 45 36 47 41 30 40 0 49 47 45 35 45 40 45 46 37 39 29 15 7 30 51 43 17 43 36 42 44 57 30 42 
20 47 46 47 1 25 30 45 26 34 35 49 17 28 7 15 31 10 41 36 11 13 41 41 22 46 49 0 13 49 17 16 9 18 8 47 49 25 36 43 22 28 35 32 6 23 8 5 23 30 14 
28 36 39 35 12 11 21 40 18 21 26 38 6 19 8 8 26 6 37 32 3 16 27 28 17 34 47 13 0 36 24 3 15 4 21 35 36 18 36 40 26 14 22 29 13 13 10 12 12 21 25 
53 13 26 7 47 25 23 34 43 16 22 9 31 25 44 40 32 39 36 35 38 43 9 7 31 4 45 49 36 0 50 33 45 31 54 8 6 29 46 38 49 25 13 36 45 26 41 45 34 22 55 
3 44 38 46 18 33 27 34 42 40 31 47 24 25 23 30 22 17 29 25 21 8 45 43 18 47 35 17 24 50 0 25 9 26 11 46 48 21 20 31 5 37 39 21 12 24 14 14 36 28 6 
28 33 36 32 15 9 18 38 20 18 23 35 3 17 11 10 24 7 35 31 5 17 25 25 15 31 45 16 3 33 25 0 16 1 23 32 33 16 35 38 27 12 19 28 14 10 11 14 12 18 26 
13 41 38 42 9 25 23 36 32 33 28 43 15 21 13 20 22 8 31 27 11 3 38 37 15 41 40 9 15 45 9 16 0 17 9 42 43 17 26 34 13 28 32 23 3 18 5 4 27 24 10 
30 32 35 31 16 7 17 37 20 16 22 33 3 16 13 11 24 9 34 30 7 18 23 24 15 29 45 18 4 31 26 1 17 0 24 31 32 15 35 37 27 11 18 28 16 9 12 15 12 17 27 
14 50 47 51 9 32 32 44 34 41 37 53 23 30 15 23 30 15 39 35 17 11 47 46 24 51 46 8 21 54 11 23 9 24 0 51 53 27 32 41 17 35 41 31 8 27 12 9 31 33 6 
48 4 18 0 46 27 18 25 46 19 15 2 29 21 44 41 26 37 28 27 37 40 14 9 27 4 37 47 35 8 46 32 42 31 51 0 2 24 39 30 43 27 15 29 42 24 39 43 37 18 51 
50 7 20 1 47 27 20 28 46 19 18 3 31 23 45 42 28 38 30 30 38 42 13 8 29 3 39 49 36 6 48 33 43 32 53 2 0 26 42 33 46 27 15 32 44 26 40 44 37 20 53 
24 23 21 25 24 19 6 21 36 21 10 26 12 3 24 26 8 15 18 14 17 15 25 22 2 25 29 25 18 29 21 16 17 15 27 24 26 0 21 21 19 22 19 12 19 6 16 20 27 6 26 
19 36 24 40 36 40 25 18 55 43 24 40 32 23 39 44 14 31 13 11 34 23 45 40 21 41 15 36 36 46 20 35 26 35 32 39 42 21 0 13 15 44 40 10 29 28 29 31 47 25 27 
31 26 13 31 43 40 22 5 58 39 18 30 34 21 45 48 13 36 3 7 38 30 39 34 22 33 7 43 40 38 31 38 34 37 41 30 33 21 13 0 26 43 35 10 37 28 35 38 49 22 37 
5 41 34 44 22 34 25 29 45 40 28 45 24 23 26 33 18 20 24 20 23 10 44 41 17 44 30 22 26 49 5 27 13 27 17 43 46 19 15 26 0 38 39 17 16 24 17 17 39 26 11 
40 30 37 27 26 3 21 41 18 8 25 30 13 21 22 16 30 20 40 36 17 29 15 18 23 24 51 28 14 25 37 12 28 11 35 27 27 22 44 43 38 0 12 35 27 15 23 26 9 20 38 
42 18 27 15 34 12 15 33 31 4 16 17 18 16 31 27 25 26 32 30 25 32 5 6 21 12 43 35 22 13 39 19 32 18 41 15 15 19 40 35 39 12 0 30 32 15 28 32 21 14 43 
22 26 17 30 32 31 15 13 48 33 14 30 24 13 34 38 4 25 8 4 28 20 35 30 12 31 17 32 29 36 21 28 23 28 31 29 32 12 10 10 17 35 30 0 26 19 24 27 39 15 28 
16 42 40 43 6 23 25 39 29 32 29 44 14 22 10 17 24 6 34 30 9 6 38 37 16 42 43 6 13 45 12 14 3 16 8 42 44 19 29 37 16 27 32 26 0 18 3 1 24 25 11 
27 24 26 24 22 12 8 28 29 16 13 26 6 7 20 20 15 13 25 21 13 17 21 19 7 23 36 23 13 26 24 10 18 9 27 24 26 6 28 28 24 15 15 19 18 0 14 18 20 8 28 
18 39 37 39 8 20 21 36 27 28 26 41 10 19 10 16 22 3 32 28 6 6 34 33 13 38 42 8 10 41 14 11 5 12 12 39 40 16 29 35 17 23 28 24 3 14 0 3 22 21 15 
17 43 41 43 5 23 25 40 28 32 30 45 14 23 9 16 25 6 35 31 8 7 38 37 17 42 44 5 12 45 14 14 4 15 9 43 44 20 31 38 17 26 32 27 1 18 3 0 23 25 12 
40 39 45 36 22 10 27 48 9 18 32 39 15 27 16 8 35 19 46 42 15 28 25 28 27 34 57 23 12 34 36 12 27 12 31 37 37 27 47 49 39 9 21 39 24 20 22 23 0 27 36 
30 17 17 18 29 18 0 20 37 17 5 19 15 2 28 29 11 20 19 16 21 22 19 15 9 18 30 30 21 22 28 18 24 17 33 18 20 6 25 22 26 20 14 15 25 8 21 25 27 0 33 
8 50 44 51 15 35 32 41 40 43 36 53 25 30 21 29 28 18 36 32 21 11 49 47 23 51 42 14 25 55 6 26 10 27 6 51 53 26 27 37 11 38 43 28 11 28 15 12 36 33 0 
0 409
210 291
47 128
180 261
76 157
66 147
227 308
224 305
132 213
317 398
163 244
306 387
251 332
212 293
136 217
176 257
98 179
87 168
211 292
41 122
99 180
319 400
120 201
170 251
1 82
77 158
168 249
320 401
124 205
105 186
169 250
209 290
210 291
323 404
264 345
141 222
261 342
226 307
288 369
169 250
51 132
182 263
43 124
206 287
38 119
4 85
300 381
14 95
282 363
234 315
209 290
