51
0 60 14 36 40 21 13 44 42 29 41 17 50 46 24 41 20 37 49 44 24 32 17 49 18 41 13 23 46 19 42 35 12 25 10 3 31 23 36 40 48 14 34 38 9 44 48 22 42 49 15 
60 0 46 26 37 39 48 27 33 42 29 50 13 14 44 20 41 44 19 16 38 47 45 18 52 28 47 38 37 41 26 28 49 38 51 58 44 49 44 28 12 49 30 25 59 39 16 41 23 13 45 
14 46 0 22 29 6 5 30 30 20 29 13 35 31 16 26 7 29 34 30 11 25 7 34 15 28 2 10 35 4 28 22 5 13 5 12 23 18 28 28 34 7 20 23 16 34 34 11 28 34 2 
36 26 22 0 16 17 26 10 13 30 26 24 14 12 18 6 16 37 12 14 12 22 25 12 25 9 24 19 36 18 24 19 24 22 26 33 33 33 36 25 17 23 4 1 38 37 22 23 20 20 22 
40 37 29 16 0 28 34 10 4 44 42 23 23 26 15 21 21 52 18 30 18 11 36 19 23 9 32 32 53 28 40 35 28 36 30 37 47 46 51 41 31 26 13 16 45 53 38 36 37 35 31 
21 39 6 17 28 0 8 27 27 17 23 16 30 26 17 21 8 26 29 23 9 26 8 29 18 25 7 5 31 1 23 16 11 9 12 18 20 17 25 22 27 12 16 18 20 30 28 8 22 28 5 
13 48 5 26 34 8 0 35 35 17 28 17 39 34 21 29 13 26 38 31 16 30 4 38 19 33 2 10 33 7 28 22 9 12 8 12 19 13 25 27 35 12 24 27 12 31 35 8 28 35 3 
44 27 30 10 10 27 35 0 5 40 35 29 13 16 21 13 23 47 8 21 19 21 35 8 29 2 33 30 46 27 33 29 31 32 33 41 43 43 46 34 21 29 10 9 47 46 29 33 29 25 31 
42 33 30 13 4 27 35 5 0 42 39 26 19 22 18 17 22 50 14 26 18 15 35 14 26 4 33 31 50 28 37 32 30 34 32 39 46 45 49 38 27 27 11 13 46 50 34 35 34 31 31 
29 42 20 30 44 17 17 40 42 0 15 33 38 31 34 29 25 9 40 26 27 43 13 40 35 39 19 11 16 18 16 13 26 8 25 28 3 7 8 14 30 28 31 30 22 14 26 9 19 28 18 
41 29 29 26 42 23 28 35 39 15 0 40 28 22 38 22 30 15 32 16 30 46 24 32 42 35 29 18 10 25 2 7 35 16 35 40 16 22 15 1 18 36 29 26 37 11 12 19 6 15 27 
17 50 13 24 23 16 17 29 26 33 40 0 38 36 7 30 10 42 35 36 12 14 20 35 2 26 14 22 48 15 39 32 7 26 9 14 36 31 41 39 40 5 20 25 24 46 42 23 37 41 15 
50 13 35 14 23 30 39 13 19 38 28 38 0 6 31 9 30 43 5 12 26 33 37 5 39 15 38 30 39 31 26 24 38 32 40 47 41 43 42 28 11 37 17 12 51 40 18 34 22 15 35 
46 14 31 12 26 26 34 16 22 31 22 36 6 0 30 6 27 36 10 5 24 34 32 10 37 17 33 25 32 27 19 18 35 26 36 44 34 37 36 21 5 34 16 11 46 33 12 29 15 9 31 
24 44 16 18 15 17 21 21 18 34 38 7 31 30 0 24 9 44 28 32 8 8 23 28 8 18 18 23 47 16 37 31 13 26 15 21 38 34 43 37 35 10 14 19 30 47 38 25 35 37 17 
41 20 26 6 21 21 29 13 17 29 22 30 9 6 24 0 21 36 10 8 18 28 28 10 31 13 28 21 33 22 20 17 29 23 31 38 32 34 35 21 10 28 10 5 41 33 16 25 16 13 26 
20 41 7 16 21 8 13 23 22 25 30 10 30 27 9 21 0 34 28 26 3 18 14 28 11 21 10 13 38 7 29 22 8 17 10 17 28 25 33 29 30 7 13 17 24 37 32 16 27 32 9 
37 44 29 37 52 26 26 47 50 9 15 42 43 36 44 36 34 0 46 31 36 52 22 46 44 46 28 21 11 27 18 19 35 17 34 37 6 14 0 16 34 37 39 38 29 8 28 18 21 31 27 
49 19 34 12 18 29 38 8 14 40 32 35 5 10 28 10 28 46 0 16 24 29 37 0 36 10 37 31 42 30 29 27 36 33 38 46 42 44 45 31 15 35 14 11 50 43 23 35 25 19 34 
44 16 30 14 30 23 31 21 26 26 16 36 12 5 32 8 26 31 16 0 24 37 29 16 38 21 31 22 26 25 13 12 34 22 35 42 29 33 30 15 4 34 19 14 43 27 7 25 9 5 29 
24 38 11 12 18 9 16 19 18 27 30 12 26 24 8 18 3 36 24 24 0 16 17 24 13 17 14 15 39 9 28 22 12 18 14 21 30 27 35 28 27 10 9 13 27 38 30 18 26 29 12 
32 47 25 22 11 26 30 21 15 43 46 14 33 34 8 28 18 52 29 37 16 0 32 29 13 18 27 31 55 25 44 38 21 35 24 29 46 43 51 44 39 19 17 23 39 54 44 34 41 42 26 
17 45 7 25 36 8 4 35 35 13 24 20 37 32 23 28 14 22 37 29 17 32 0 37 22 33 6 7 29 7 24 18 13 8 12 16 15 10 21 23 33 15 24 26 14 27 31 4 24 32 5 
49 18 34 12 19 29 38 8 14 40 32 35 5 10 28 10 28 46 0 16 24 29 37 0 36 10 37 31 42 31 29 27 36 33 38 46 42 44 45 31 15 35 15 11 50 43 23 35 25 19 34 
18 52 15 25 23 18 19 29 26 35 42 2 39 37 8 31 11 44 36 38 13 13 22 36 0 26 16 24 50 17 41 34 9 28 11 15 38 33 43 40 41 7 21 26 26 49 44 26 39 43 17 
41 28 28 9 9 25 33 2 4 39 35 26 15 17 18 13 21 46 10 21 17 18 33 10 26 0 31 28 45 25 32 28 29 31 31 38 42 42 45 34 22 27 8 8 45 46 29 32 29 26 29 
13 47 2 24 32 7 2 33 33 19 29 14 38 33 18 28 10 28 37 31 14 27 6 37 16 31 0 10 35 6 29 22 7 13 6 11 21 16 27 28 35 9 23 26 13 33 35 10 29 35 2 
23 38 10 19 32 5 10 30 31 11 18 22 30 25 23 21 13 21 31 22 15 31 7 31 24 28 10 0 25 7 18 12 16 3 16 22 15 13 20 17 26 17 20 20 21 24 24 3 18 25 9 
46 37 35 36 53 31 33 46 50 16 10 48 39 32 47 33 38 11 42 26 39 55 29 42 50 45 35 25 0 32 13 17 41 22 41 45 15 23 11 11 28 43 39 37 39 2 20 25 16 24 34 
19 41 4 18 28 1 7 27 28 18 25 15 31 27 16 22 7 27 30 25 9 25 7 31 17 25 6 7 32 0 24 18 9 10 10 17 21 18 26 24 29 10 17 19 19 31 29 8 23 30 3 
42 26 28 24 40 23 28 33 37 16 2 39 26 19 37 20 29 18 29 13 28 44 24 29 41 32 29 18 13 24 0 6 34 16 34 40 18 24 17 2 15 35 27 24 37 14 9 19 3 12 27 
35 28 22 19 35 16 22 29 32 13 7 32 24 18 31 17 22 19 27 12 22 38 18 27 34 28 22 12 17 18 6 0 27 10 28 34 16 20 18 6 16 28 22 19 32 17 13 14 6 15 20 
12 49 5 24 28 11 9 31 30 26 35 7 38 35 13 29 8 35 36 34 12 21 13 36 9 29 7 16 41 9 34 27 0 19 2 9 29 23 34 33 38 2 21 25 17 40 39 17 33 39 7 
25 38 13 22 36 9 12 32 34 8 16 26 32 26 26 23 17 17 33 22 18 35 8 33 28 31 13 3 22 10 16 10 19 0 19 24 11 11 16 14 26 21 23 23 22 20 23 3 16 25 12 
10 51 5 26 30 12 8 33 32 25 35 9 40 36 15 31 10 34 38 35 14 24 12 38 11 31 6 16 41 10 34 28 2 19 0 7 28 22 33 33 39 4 23 27 15 39 40 16 34 40 7 
3 58 12 33 37 18 12 41 39 28 40 14 47 44 21 38 17 37 46 42 21 29 16 46 15 38 11 22 45 17 40 34 9 24 7 0 30 23 36 39 46 11 31 35 11 43 46 20 40 47 13 
31 44 23 33 47 20 19 43 46 3 16 36 41 34 38 32 28 6 42 29 30 46 15 42 38 42 21 15 15 21 18 16 29 11 28 30 0 8 5 15 32 31 34 33 23 13 27 12 20 30 21 
23 49 18 33 46 17 13 43 45 7 22 31 43 37 34 34 25 14 44 33 27 43 10 44 33 42 16 13 23 18 24 20 23 11 22 23 8 0 13 22 37 25 34 34 15 21 33 9 26 35 16 
36 44 28 36 51 25 25 46 49 8 15 41 42 36 43 35 33 0 45 30 35 51 21 45 43 45 27 20 11 26 17 18 34 16 33 36 5 13 0 15 33 36 38 37 29 8 27 17 21 30 26 
40 28 28 25 41 22 27 34 38 14 1 39 28 21 37 21 29 16 31 15 28 44 23 31 40 34 28 17 11 24 2 6 33 14 33 39 15 22 15 0 18 34 28 25 36 12 11 18 5 15 26 
48 12 34 17 31 27 35 21 27 30 18 40 11 5 35 10 30 34 15 4 27 39 33 15 41 22 35 26 28 29 15 16 38 26 39 46 32 37 33 18 0 37 21 16 47 29 7 29 12 4 33 
14 49 7 23 26 12 12 29 27 28 36 5 37 34 10 28 7 37 35 34 10 19 15 35 7 27 9 17 43 10 35 28 2 21 4 11 31 25 36 34 37 0 20 24 20 41 39 18 34 39 9 
34 30 20 4 13 16 24 10 11 31 29 20 17 16 14 10 13 39 14 19 9 17 24 15 21 8 23 20 39 17 27 22 21 23 23 31 34 34 38 28 21 20 0 5 36 39 26 24 24 24 21 
38 25 23 1 16 18 27 9 13 30 26 25 12 11 19 5 17 38 11 14 13 23 26 11 26 8 26 20 37 19 24 19 25 23 27 35 33 34 37 25 16 24 5 0 39 37 21 24 20 19 23 
9 59 16 38 45 20 12 47 46 22 37 24 51 46 30 41 24 29 50 43 27 39 14 50 26 45 13 21 39 19 37 32 17 22 15 11 23 15 29 36 47 20 36 39 0 37 45 18 38 47 15 
44 39 34 37 53 30 31 46 50 14 11 46 40 33 47 33 37 8 43 27 38 54 27 43 49 46 33 24 2 31 14 17 40 20 39 43 13 21 8 12 29 41 39 37 37 0 22 23 17 26 32 
48 16 34 22 38 28 35 29 34 26 12 42 18 12 38 16 32 28 23 7 30 44 31 23 44 29 35 24 20 29 9 13 39 23 40 46 27 33 27 11 7 39 26 21 45 22 0 27 7 3 33 
22 41 11 23 36 8 8 33 35 9 19 23 34 29 25 25 16 18 35 25 18 34 4 35 26 32 10 3 25 8 19 14 17 3 16 20 12 9 17 18 29 18 24 24 18 23 27 0 20 28 9 
42 23 28 20 37 22 28 29 34 19 6 37 22 15 35 16 27 21 25 9 26 41 24 25 39 29 29 18 16 23 3 6 33 16 34 40 20 26 21 5 12 34 24 20 38 17 7 20 0 9 26 
49 13 34 20 35 28 35 25 31 28 15 41 15 9 37 13 32 31 19 5 29 42 32 19 43 26 35 25 24 30 12 15 39 25 40 47 30 35 30 15 4 39 24 19 47 26 3 28 9 0 33 
15 45 2 22 31 5 3 31 31 18 27 15 35 31 17 26 9 27 34 29 12 26 5 34 17 29 2 9 34 3 27 20 7 12 7 13 21 16 26 26 33 9 21 23 15 32 33 9 26 33 0 
0 273
131 212
42 123
4 85
151 232
84 165
124 205
72 153
104 185
84 165
169 250
153 234
180 261
102 183
18 99
81 162
92 173
103 184
24 105
174 255
22 103
84 165
159 240
33 114
24 105
73 154
118 199
92 173
98 179
15 96
173 254
22 103
122 203
119 200
177 258
153 234
94 175
28 109
31 112
155 236
158 239
119 200
13 94
181 262
13 94
96 177
30 111
92 173
155 236
98 179
122 203
