51
0 29 30 12 12 26 19 15 22 14 21 16 26 15 26 12 28 17 13 22 12 27 26 15 18 10 19 16 3 4 26 20 18 6 11 11 13 16 27 20 14 6 26 22 12 25 22 20 16 13 16 
29 0 1 32 19 25 42 38 46 32 18 40 56 19 51 39 38 45 41 30 32 31 40 44 22 38 46 26 31 26 44 26 44 29 30 19 17 41 51 28 15 33 42 8 42 52 8 19 26 37 45 
30 1 0 33 20 24 42 39 46 33 17 40 56 20 51 40 37 45 41 29 32 31 40 44 23 38 46 26 31 26 45 27 44 29 30 19 17 41 51 29 16 33 41 8 42 52 9 19 26 38 45 
12 32 33 0 13 37 31 5 33 2 30 27 30 13 36 9 41 14 21 34 24 39 14 13 12 20 14 8 15 16 14 12 11 19 23 19 22 27 37 11 17 18 38 27 19 32 24 30 28 5 21 
12 19 20 13 0 27 30 18 33 13 19 27 38 3 38 19 35 25 25 26 21 31 23 24 8 22 26 9 15 11 26 12 24 16 19 9 11 28 38 13 4 18 34 14 25 37 11 19 20 18 27 
26 25 24 37 27 0 25 41 28 39 8 25 45 30 34 38 14 43 30 8 18 6 50 41 35 27 45 36 24 21 52 39 45 20 17 18 16 26 33 40 23 24 19 18 33 38 25 7 10 40 37 
19 42 42 31 30 25 0 32 3 33 26 3 21 34 9 25 17 27 10 17 10 21 44 25 37 10 30 36 16 18 43 40 31 14 12 24 25 3 8 40 30 13 10 34 14 12 37 25 16 30 16 
15 38 39 5 18 41 32 0 33 6 35 28 27 19 35 6 44 10 21 37 27 43 13 10 17 21 9 14 18 20 11 16 6 22 26 24 27 28 36 15 23 20 40 33 18 31 30 35 31 2 19 
22 46 46 33 33 28 3 33 0 35 29 6 19 37 5 26 19 27 11 20 13 24 46 26 40 12 30 39 18 22 44 43 32 18 16 27 28 5 5 43 34 15 12 38 15 10 40 28 20 31 16 
14 32 33 2 13 39 33 6 35 0 31 29 32 13 38 11 43 15 24 35 26 41 11 15 11 22 15 7 18 18 13 10 12 21 25 20 23 30 39 9 18 20 40 28 21 35 24 31 30 6 23 
21 18 17 30 19 8 26 35 29 31 0 25 43 22 35 33 20 38 28 11 17 13 42 36 27 25 40 28 20 16 44 31 39 16 15 11 8 26 35 32 15 20 23 10 30 37 16 1 9 33 34 
16 40 40 27 27 25 3 28 6 29 25 0 20 31 11 22 18 24 7 17 8 22 41 22 34 7 26 33 12 16 40 37 28 12 10 21 23 1 11 37 28 9 12 32 11 12 34 23 15 26 14 
26 56 56 30 38 45 21 27 19 32 43 20 0 40 16 21 38 17 15 37 27 42 40 17 42 18 20 39 25 29 36 43 23 27 28 37 39 19 18 42 41 23 31 48 14 10 48 42 35 26 10 
15 19 20 13 3 30 34 19 37 13 22 31 40 0 41 21 38 27 28 29 24 34 21 25 4 25 27 7 18 15 25 9 24 19 22 12 14 31 41 10 6 21 38 16 27 40 11 22 24 18 30 
26 51 51 36 38 34 9 35 5 38 35 11 16 41 0 28 24 28 14 26 19 29 48 27 44 16 31 42 23 26 46 46 33 22 21 32 34 10 1 46 39 20 16 43 16 6 46 34 26 33 16 
12 39 40 9 19 38 25 6 26 11 33 22 21 21 28 0 38 5 15 33 22 38 20 4 21 14 7 18 13 16 17 21 6 18 21 22 25 22 29 20 23 15 34 33 11 24 31 32 27 5 12 
28 38 37 41 35 14 17 44 19 43 20 18 38 38 24 38 0 42 26 8 16 7 55 40 43 24 44 43 25 25 55 47 45 21 17 25 25 20 23 47 32 23 7 30 30 29 36 19 14 42 33 
17 45 45 14 25 43 27 10 27 15 38 24 17 27 28 5 42 0 16 37 25 43 22 1 26 17 2 23 18 22 18 26 5 22 26 28 31 23 29 25 29 19 37 39 12 23 37 37 32 9 11 
13 41 41 21 25 30 10 21 11 24 28 7 15 28 14 15 26 16 0 23 11 28 34 15 30 3 19 28 10 14 33 32 20 12 13 21 23 7 15 32 27 8 20 33 3 12 34 27 19 19 6 
22 30 29 34 26 8 17 37 20 35 11 17 37 29 26 33 8 37 23 0 11 5 47 35 34 20 39 35 19 17 48 38 39 15 11 17 16 18 25 39 24 17 12 22 26 29 27 10 5 35 29 
12 32 32 24 21 18 10 27 13 26 17 8 27 24 19 22 16 25 11 11 0 17 38 24 28 9 28 28 8 9 38 32 28 5 2 14 15 9 19 32 20 6 14 24 14 20 27 15 8 25 18 
27 31 31 39 31 6 21 43 24 41 13 22 42 34 29 38 7 43 28 5 17 0 53 41 39 26 45 40 24 23 54 43 45 20 17 21 20 23 28 44 28 23 14 24 32 34 30 12 11 41 35 
26 40 40 14 23 50 44 13 46 11 42 41 40 21 48 20 55 22 34 47 38 53 0 22 17 33 20 14 30 30 5 13 17 33 37 31 34 41 50 11 28 32 52 37 32 44 32 42 41 15 32 
15 44 44 13 24 41 25 10 26 15 36 22 17 25 27 4 40 1 15 35 24 41 22 0 26 15 4 22 16 20 19 26 6 20 24 26 29 22 28 24 28 17 35 37 11 22 35 36 30 8 10 
18 22 23 12 8 35 37 17 40 11 27 34 42 4 44 21 43 26 30 34 28 39 17 26 0 28 26 3 21 19 21 4 23 23 26 17 19 34 45 6 11 24 42 20 29 42 14 27 28 17 31 
10 38 38 20 22 27 10 21 12 22 25 7 18 25 16 14 24 17 3 20 9 26 33 15 28 0 19 26 7 11 32 30 21 8 10 18 20 7 16 30 24 5 20 30 5 14 31 24 17 19 9 
19 46 46 14 26 45 30 9 30 15 40 26 20 27 31 7 44 2 19 39 28 45 20 4 26 19 0 23 20 23 16 25 3 24 28 29 32 26 32 24 30 21 39 40 15 25 37 39 34 8 14 
16 26 26 8 9 36 36 14 39 7 28 33 39 7 42 18 43 23 28 35 28 40 14 22 3 26 23 0 20 18 18 4 20 22 26 18 20 33 43 4 13 23 42 23 27 40 17 28 29 14 29 
3 31 31 15 15 24 16 18 18 18 20 12 25 18 23 13 25 18 10 19 8 24 30 16 21 7 20 20 0 4 29 24 20 4 8 12 14 13 23 24 16 2 22 23 11 22 24 19 14 16 14 
4 26 26 16 11 21 18 20 22 18 16 16 29 15 26 16 25 22 14 17 9 23 30 20 19 11 23 18 4 0 30 22 23 4 7 7 9 16 27 22 12 6 23 18 15 26 19 15 11 18 19 
26 44 45 14 26 52 43 11 44 13 44 40 36 25 46 17 55 18 33 48 38 54 5 19 21 32 16 18 29 30 0 18 13 33 37 33 36 39 47 16 31 32 52 41 29 41 36 44 42 13 29 
20 26 27 12 12 39 40 16 43 10 31 37 43 9 46 21 47 26 32 38 32 43 13 26 4 30 25 4 24 22 18 0 22 26 30 21 23 37 47 1 16 27 46 24 31 44 18 31 32 17 33 
18 44 44 11 24 45 31 6 32 12 39 28 23 24 33 6 45 5 20 39 28 45 17 6 23 21 3 20 20 23 13 22 0 24 28 28 31 28 35 21 28 22 41 38 17 28 35 38 34 6 16 
6 29 29 19 16 20 14 22 18 21 16 12 27 19 22 18 21 22 12 15 5 20 33 20 23 8 24 22 4 4 33 26 24 0 4 10 11 12 23 26 16 3 19 21 13 23 23 15 9 20 17 
11 30 30 23 19 17 12 26 16 25 15 10 28 22 21 21 17 26 13 11 2 17 37 24 26 10 28 26 8 7 37 30 28 4 0 11 12 11 21 30 18 6 15 21 16 23 24 14 6 24 19 
11 19 19 19 9 18 24 24 27 20 11 21 37 12 32 22 25 28 21 17 14 21 31 26 17 18 29 18 12 7 33 21 28 10 11 0 2 22 32 22 7 13 26 11 23 33 13 10 11 23 26 
13 17 17 22 11 16 25 27 28 23 8 23 39 14 34 25 25 31 23 16 15 20 34 29 19 20 32 20 14 9 36 23 31 11 12 2 0 24 34 24 7 15 26 9 25 35 12 8 11 25 28 
16 41 41 27 28 26 3 28 5 30 26 1 19 31 10 22 20 23 7 18 9 23 41 22 34 7 26 33 13 16 39 37 28 12 11 22 24 0 10 37 28 10 13 33 11 11 35 25 16 26 13 
27 51 51 37 38 33 8 36 5 39 35 11 18 41 1 29 23 29 15 25 19 28 50 28 45 16 32 43 23 27 47 47 35 23 21 32 34 10 0 47 39 20 15 43 18 8 46 33 25 34 18 
20 28 29 11 13 40 40 15 43 9 32 37 42 10 46 20 47 25 32 39 32 44 11 24 6 30 24 4 24 22 16 1 21 26 30 22 24 37 47 0 17 27 46 26 30 43 20 33 33 15 32 
14 15 16 17 4 23 30 23 34 18 15 28 41 6 39 23 32 29 27 24 20 28 28 28 11 24 30 13 16 12 31 16 28 16 18 7 7 28 39 17 0 19 33 10 27 38 7 15 18 22 30 
6 33 33 18 18 24 13 20 15 20 20 9 23 21 20 15 23 19 8 17 6 23 32 17 24 5 21 23 2 6 32 27 22 3 6 13 15 10 20 27 19 0 20 25 10 19 26 19 13 18 13 
26 42 41 38 34 19 10 40 12 40 23 12 31 38 16 34 7 37 20 12 14 14 52 35 42 20 39 42 22 23 52 46 41 19 15 26 26 13 15 46 33 20 0 34 24 22 38 22 15 38 27 
22 8 8 27 14 18 34 33 38 28 10 32 48 16 43 33 30 39 33 22 24 24 37 37 20 30 40 23 23 18 41 24 38 21 21 11 9 33 43 26 10 25 34 0 34 44 6 11 18 32 38 
12 42 42 19 25 33 14 18 15 21 30 11 14 27 16 11 30 12 3 26 14 32 32 11 29 5 15 27 11 15 29 31 17 13 16 23 25 11 18 30 27 10 24 34 0 13 34 29 22 16 3 
25 52 52 32 37 38 12 31 10 35 37 12 10 40 6 24 29 23 12 29 20 34 44 22 42 14 25 40 22 26 41 44 28 23 23 33 35 11 8 43 38 19 22 44 13 0 46 36 28 29 12 
22 8 9 24 11 25 37 30 40 24 16 34 48 11 46 31 36 37 34 27 27 30 32 35 14 31 37 17 24 19 36 18 35 23 24 13 12 35 46 20 7 26 38 6 34 46 0 17 23 29 38 
20 19 19 30 19 7 25 35 28 31 1 23 42 22 34 32 19 37 27 10 15 12 42 36 27 24 39 28 19 15 44 31 38 15 14 10 8 25 33 33 15 19 22 11 29 36 17 0 8 33 33 
16 26 26 28 20 10 16 31 20 30 9 15 35 24 26 27 14 32 19 5 8 11 41 30 28 17 34 29 14 11 42 32 34 9 6 11 11 16 25 33 18 13 15 18 22 28 23 8 0 30 26 
13 37 38 5 18 40 30 2 31 6 33 26 26 18 33 5 42 9 19 35 25 41 15 8 17 19 8 14 16 18 13 17 6 20 24 23 25 26 34 15 22 18 38 32 16 29 29 33 30 0 17 
16 45 45 21 27 37 16 19 16 23 34 14 10 30 16 12 33 11 6 29 18 35 32 10 31 9 14 29 14 19 29 33 16 17 19 26 28 13 18 32 30 13 27 38 3 12 38 33 26 17 0 
0 792
572 572
38 38
291 291
258 258
611 611
393 393
341 341
481 481
676 676
734 734
701 701
774 774
25 25
570 570
382 382
425 425
750 750
77 77
338 338
559 559
357 357
120 120
91 91
678 678
575 575
264 264
77 77
767 767
629 629
397 397
457 457
422 422
234 234
773 773
730 730
157 157
677 677
665 665
397 397
524 524
333 333
429 429
302 302
700 700
478 478
103 103
240 240
745 745
488 488
66 66
