51
0 42 37 38 29 16 6 24 17 29 34 28 24 27 25 34 16 22 15 26 12 12 21 11 19 13 21 26 23 14 26 38 27 8 27 12 24 32 33 7 35 41 26 13 25 18 33 27 27 44 31 
42 0 8 17 39 58 35 18 24 33 34 38 23 38 19 16 33 20 58 40 47 29 36 44 30 56 31 15 35 27 22 11 16 47 34 52 43 13 33 44 7 8 26 30 35 42 22 41 20 8 25 
37 8 0 9 31 53 30 13 19 24 25 39 23 38 12 7 31 16 52 32 40 24 27 37 23 50 30 12 27 22 22 4 10 43 25 46 35 5 35 37 8 4 18 26 36 34 25 33 20 7 27 
38 17 9 0 24 54 32 17 21 18 18 46 29 45 12 4 36 21 53 26 38 26 23 35 20 50 36 18 22 25 29 5 12 45 19 45 30 8 43 36 16 9 13 29 42 31 33 27 27 11 35 
29 39 31 24 0 41 28 27 24 6 8 51 39 51 22 23 38 30 39 3 22 24 8 20 14 36 41 31 7 26 39 28 25 38 6 29 8 26 53 23 36 33 13 31 48 12 46 3 39 35 46 
16 58 53 54 41 0 22 40 33 42 48 35 38 36 41 50 28 38 2 37 19 28 34 21 34 5 33 42 36 30 39 54 43 12 40 12 34 48 43 18 51 57 41 28 34 29 46 38 41 60 43 
6 35 30 32 28 22 0 17 11 26 31 25 18 24 19 28 12 15 22 25 16 6 19 13 15 20 16 19 20 7 19 32 20 12 24 18 24 26 28 11 28 35 22 6 22 19 27 26 20 38 25 
24 18 13 17 27 40 17 0 6 21 25 29 13 28 6 13 18 4 39 26 29 11 21 26 14 37 18 4 20 9 13 15 4 29 21 34 28 9 27 25 11 17 14 12 25 26 19 28 12 20 20 
17 24 19 21 24 33 11 6 0 20 24 28 14 27 8 17 15 6 33 23 23 5 17 19 10 31 17 9 17 3 15 20 9 24 19 27 24 15 28 19 18 23 13 8 24 20 22 24 14 26 22 
29 33 24 18 6 42 26 21 20 0 5 48 34 47 16 17 35 25 41 8 24 21 7 21 10 37 37 25 6 22 35 22 19 37 2 31 12 20 48 24 30 27 7 27 44 14 41 8 34 29 41 
34 34 25 18 8 48 31 25 24 5 0 53 38 52 19 18 40 29 46 11 29 26 13 27 16 43 42 29 12 27 39 22 22 43 7 36 16 21 52 29 32 27 11 32 49 19 45 12 38 29 45 
28 38 39 46 51 35 25 29 28 48 53 0 16 0 34 42 13 24 37 49 40 26 43 38 37 38 10 27 44 25 16 43 33 24 46 39 49 38 8 35 32 43 42 20 3 44 17 51 18 45 14 
24 23 23 29 39 38 18 13 14 34 38 16 0 15 19 26 10 9 38 37 34 16 31 31 25 37 7 11 31 13 1 26 17 26 33 36 38 21 14 29 17 27 27 11 12 34 8 39 3 29 7 
27 38 38 45 51 36 24 28 27 47 52 0 15 0 34 41 12 24 37 49 39 26 43 38 37 38 9 26 43 24 16 42 32 24 46 39 48 37 7 35 31 42 41 20 3 43 16 50 18 44 13 
25 19 12 12 22 41 19 6 8 16 19 34 19 34 0 8 23 10 41 22 28 13 16 24 11 38 24 9 16 12 19 12 3 32 16 34 24 7 33 25 14 16 8 16 31 23 25 23 18 19 26 
34 16 7 4 23 50 28 13 17 17 18 42 26 41 8 0 32 17 49 25 35 22 21 32 17 46 32 15 20 21 25 5 8 41 18 42 28 4 39 33 14 9 11 25 38 28 29 26 24 12 31 
16 33 31 36 38 28 12 18 15 35 40 13 10 12 23 32 0 14 28 36 27 13 30 25 24 28 4 18 31 12 12 34 23 15 33 28 36 28 17 23 26 35 29 7 10 31 18 37 13 38 15 
22 20 16 21 30 38 15 4 6 25 29 24 9 24 10 17 14 0 38 29 29 10 23 26 16 36 14 4 23 8 9 19 8 27 24 33 31 13 23 25 13 21 18 10 21 27 16 31 8 23 16 
15 58 52 53 39 2 22 39 33 41 46 37 38 37 41 49 28 38 0 36 17 28 33 19 32 3 33 42 34 30 40 53 42 13 39 10 32 48 44 17 51 57 40 28 36 27 47 36 41 60 44 
26 40 32 26 3 37 25 26 23 8 11 49 37 49 22 25 36 29 36 0 18 22 6 17 12 32 39 31 6 24 38 30 25 35 6 26 4 27 51 20 36 35 14 29 46 8 45 1 38 37 45 
12 47 40 38 22 19 16 29 23 24 29 40 34 39 28 35 27 29 17 18 0 18 16 3 17 13 32 32 17 21 35 40 30 19 22 7 15 35 44 4 41 44 25 22 37 9 43 19 36 47 41 
12 29 24 26 24 28 6 11 5 21 26 26 16 26 13 22 13 10 28 22 18 0 16 15 10 26 16 14 17 2 17 25 14 19 20 23 23 20 28 14 23 28 16 6 23 18 24 24 17 31 23 
21 36 27 23 8 34 19 21 17 7 13 43 31 43 16 21 30 23 33 6 16 16 0 13 6 29 33 25 1 18 32 26 19 30 5 23 7 22 45 16 31 31 10 22 40 7 39 7 32 34 39 
11 44 37 35 20 21 13 26 19 21 27 38 31 38 24 32 25 26 19 17 3 15 13 0 14 16 30 29 15 18 32 37 27 19 19 10 14 32 42 3 37 41 22 20 35 8 40 17 33 44 39 
19 30 23 20 14 34 15 14 10 10 16 37 25 37 11 17 24 16 32 12 17 10 6 14 0 29 27 18 6 12 25 22 13 27 9 24 14 17 38 15 25 26 7 16 34 12 32 14 25 29 32 
13 56 50 50 36 5 20 37 31 37 43 38 37 38 38 46 28 36 3 32 13 26 29 16 29 0 33 40 31 28 39 51 40 13 35 6 28 45 44 13 49 54 37 27 36 23 46 33 40 57 44 
21 31 30 36 41 33 16 18 17 37 42 10 7 9 24 32 4 14 33 39 32 16 33 30 27 33 0 17 33 14 8 33 23 20 36 33 39 28 12 27 24 34 31 10 6 34 13 41 10 36 10 
26 15 12 18 31 42 19 4 9 25 29 27 11 26 9 15 18 4 42 31 32 14 25 29 18 40 17 0 24 12 10 15 7 31 25 37 32 10 24 28 8 17 18 14 23 30 15 32 9 19 16 
23 35 27 22 7 36 20 20 17 6 12 44 31 43 16 20 31 23 34 6 17 17 1 15 6 31 33 24 0 18 32 25 19 31 4 25 8 22 45 17 30 30 9 23 40 8 39 7 32 33 39 
14 27 22 25 26 30 7 9 3 22 27 25 13 24 12 21 12 8 30 24 21 2 18 18 12 28 14 12 18 0 14 24 13 20 21 25 25 18 26 17 21 27 17 4 21 21 22 26 14 30 21 
26 22 22 29 39 39 19 13 15 35 39 16 1 16 19 25 12 9 40 38 35 17 32 32 25 39 8 10 32 14 0 26 17 27 34 38 39 21 13 31 16 26 27 12 13 35 7 40 2 28 6 
38 11 4 5 28 54 32 15 20 22 22 43 26 42 12 5 34 19 53 30 40 25 26 37 22 51 33 15 25 24 26 0 11 44 23 46 34 5 39 37 12 4 16 28 39 34 29 31 24 7 31 
27 16 10 12 25 43 20 4 9 19 22 33 17 32 3 8 23 8 42 25 30 14 19 27 13 40 23 7 19 13 17 11 0 33 19 36 27 5 31 27 11 14 11 16 29 25 22 26 16 17 23 
8 47 43 45 38 12 12 29 24 37 43 24 26 24 32 41 15 27 13 35 19 19 30 19 27 13 20 31 31 20 27 44 33 0 35 15 32 39 31 15 40 47 34 17 22 27 34 36 29 50 31 
27 34 25 19 6 40 24 21 19 2 7 46 33 46 16 18 33 24 39 6 22 20 5 19 9 35 36 25 4 21 34 23 19 35 0 29 10 20 47 21 30 28 7 26 43 12 40 7 33 30 41 
12 52 46 45 29 12 18 34 27 31 36 39 36 39 34 42 28 33 10 26 7 23 23 10 24 6 33 37 25 25 38 46 36 15 29 0 22 41 45 8 46 50 32 25 37 17 45 26 38 53 43 
24 43 35 30 8 34 24 28 24 12 16 49 38 48 24 28 36 31 32 4 15 23 7 14 14 28 39 32 8 25 39 34 27 32 10 22 0 30 51 17 39 38 17 28 46 5 46 4 39 41 46 
32 13 5 8 26 48 26 9 15 20 21 38 21 37 7 4 28 13 48 27 35 20 22 32 17 45 28 10 22 18 21 5 5 39 20 41 30 0 35 32 10 9 13 22 34 29 25 28 19 12 27 
33 33 35 43 53 43 28 27 28 48 52 8 14 7 33 39 17 23 44 51 44 28 45 42 38 44 12 24 45 26 13 39 31 31 47 45 51 35 0 40 28 38 41 22 8 47 11 52 15 40 8 
7 44 37 36 23 18 11 25 19 24 29 35 29 35 25 33 23 25 17 20 4 14 16 3 15 13 27 28 17 17 31 37 27 15 21 8 17 32 40 0 37 41 23 18 32 11 38 20 31 44 37 
35 7 8 16 36 51 28 11 18 30 32 32 17 31 14 14 26 13 51 36 41 23 31 37 25 49 24 8 30 21 16 12 11 40 30 46 39 10 28 37 0 10 22 23 29 37 17 37 13 12 19 
41 8 4 9 33 57 35 17 23 27 27 43 27 42 16 9 35 21 57 35 44 28 31 41 26 54 34 17 30 27 26 4 14 47 28 50 38 9 38 41 10 0 21 30 39 38 28 36 24 2 30 
26 26 18 13 13 41 22 14 13 7 11 42 27 41 8 11 29 18 40 14 25 16 10 22 7 37 31 18 9 17 27 16 11 34 7 32 17 13 41 23 22 21 0 22 38 17 34 15 26 23 34 
13 30 26 29 31 28 6 12 8 27 32 20 11 20 16 25 7 10 28 29 22 6 22 20 16 27 10 14 23 4 12 28 16 17 26 25 28 22 22 18 23 30 22 0 17 24 20 30 13 33 19 
25 35 36 42 48 34 22 25 24 44 49 3 12 3 31 38 10 21 36 46 37 23 40 35 34 36 6 23 40 21 13 39 29 22 43 37 46 34 8 32 29 39 38 17 0 41 15 47 15 42 11 
18 42 34 31 12 29 19 26 20 14 19 44 34 43 23 28 31 27 27 8 9 18 7 8 12 23 34 30 8 21 35 34 25 27 12 17 5 29 47 11 37 38 17 24 41 0 43 9 35 41 42 
33 22 25 33 46 46 27 19 22 41 45 17 8 16 25 29 18 16 47 45 43 24 39 40 32 46 13 15 39 22 7 29 22 34 40 45 46 25 11 38 17 28 34 20 15 43 0 47 7 29 3 
27 41 33 27 3 38 26 28 24 8 12 51 39 50 23 26 37 31 36 1 19 24 7 17 14 33 41 32 7 26 40 31 26 36 7 26 4 28 52 20 37 36 15 30 47 9 47 0 39 38 47 
27 20 20 27 39 41 20 12 14 34 38 18 3 18 18 24 13 8 41 38 36 17 32 33 25 40 10 9 32 14 2 24 16 29 33 38 39 19 15 31 13 24 26 13 15 35 7 39 0 26 7 
44 8 7 11 35 60 38 20 26 29 29 45 29 44 19 12 38 23 60 37 47 31 34 44 29 57 36 19 33 30 28 7 17 50 30 53 41 12 40 44 12 2 23 33 42 41 29 38 26 0 32 
31 25 27 35 46 43 25 20 22 41 45 14 7 13 26 31 15 16 44 45 41 23 39 39 32 44 10 16 39 21 6 31 23 31 41 43 46 27 8 37 19 30 34 19 11 42 3 47 7 32 0 
0 382
110 262
158 310
69 221
73 225
229 381
228 380
103 255
142 294
25 177
182 334
44 196
153 305
17 169
208 360
164 316
187 339
86 238
61 213
123 275
38 190
152 304
42 194
15 167
0 152
53 205
178 330
170 322
112 264
60 212
164 316
58 210
195 347
26 178
96 248
0 152
60 212
189 341
218 370
106 258
211 363
157 309
14 166
20 172
59 211
90 242
70 222
34 186
162 314
32 184
138 290
