51
0 44 34 61 2 63 11 46 22 45 43 51 50 45 41 54 9 34 18 44 34 44 31 58 20 11 13 38 49 45 36 35 47 41 20 58 45 51 58 4 13 29 24 36 52 44 19 38 33 42 36 
44 0 36 25 42 28 34 25 21 11 15 20 7 18 11 32 37 20 26 39 19 13 35 20 23 34 34 20 21 19 45 16 48 2 31 28 4 9 20 40 32 25 20 36 25 8 27 6 36 7 13 
34 36 0 37 34 38 34 19 28 29 24 28 37 51 43 24 25 44 24 10 17 47 2 37 29 26 21 17 25 22 8 19 14 36 15 31 40 38 37 34 34 13 24 2 26 43 35 32 1 41 39 
61 25 37 0 60 3 54 18 41 16 18 10 17 42 36 16 52 45 43 33 26 38 38 4 43 50 48 23 12 16 45 25 41 27 42 8 28 16 4 58 52 33 37 35 11 33 48 27 37 33 38 
2 42 34 60 0 62 9 46 21 44 42 50 48 43 39 54 9 32 17 45 34 42 32 57 18 10 13 38 48 44 37 34 48 40 20 57 43 50 57 2 11 28 23 37 52 43 17 36 33 41 34 
63 28 38 3 62 0 56 18 43 19 20 11 20 45 39 15 54 48 45 33 28 41 38 8 45 52 50 24 13 17 45 27 41 30 43 7 31 19 7 60 54 34 39 35 11 36 51 30 38 36 41 
11 34 34 54 9 56 0 41 13 38 36 45 41 34 30 50 11 22 11 44 29 33 31 51 11 8 13 33 43 39 39 29 48 32 19 52 35 42 50 6 2 25 16 36 47 34 8 28 33 32 25 
46 25 19 18 46 18 41 0 30 14 10 9 21 42 34 8 37 40 30 16 12 38 20 18 31 35 33 8 6 5 27 13 25 25 26 12 29 22 17 44 40 17 25 17 6 33 38 23 19 32 34 
22 21 28 41 21 43 13 30 0 24 23 32 27 26 19 39 17 16 6 36 17 23 26 38 2 13 14 22 31 27 35 17 43 19 15 40 22 29 37 18 11 16 4 29 35 22 8 15 27 20 14 
45 11 29 16 44 19 38 14 24 0 4 9 7 29 21 20 37 29 27 30 13 25 28 13 27 34 33 12 9 8 38 11 38 12 28 17 15 8 12 42 35 20 21 28 14 20 32 11 29 19 22 
43 15 24 18 42 20 36 10 23 4 0 8 12 32 24 17 34 31 25 25 9 28 24 15 25 32 30 7 7 4 33 7 34 15 24 16 19 13 15 40 34 15 19 23 12 23 31 13 24 22 24 
51 20 28 10 50 11 45 9 32 9 8 0 14 38 31 12 42 38 33 25 16 34 28 9 34 40 38 13 2 6 36 15 34 21 32 8 24 14 8 48 43 22 28 26 5 29 40 20 28 28 31 
50 7 37 17 48 20 41 21 27 7 12 14 0 24 18 27 42 28 32 38 20 20 36 13 30 39 39 20 16 16 46 18 46 10 34 21 10 1 13 46 38 27 25 36 20 15 34 12 36 15 21 
45 18 51 42 43 45 34 42 26 29 32 38 24 0 8 50 42 11 32 56 34 4 48 37 27 38 40 37 39 37 59 32 64 17 41 46 14 25 37 41 32 38 27 51 43 9 25 19 50 10 11 
41 11 43 36 39 39 30 34 19 21 24 31 18 8 0 42 36 10 26 47 26 4 41 31 21 32 34 29 31 29 51 23 55 9 33 39 7 19 31 37 27 30 20 43 36 4 21 11 42 3 5 
54 32 24 16 54 15 50 8 39 20 17 12 27 50 42 0 45 48 38 17 21 45 25 19 40 43 41 16 10 13 30 22 25 32 33 8 36 27 18 52 48 25 34 21 6 40 47 31 24 39 42 
9 37 25 52 9 54 11 37 17 37 34 42 42 42 36 45 0 31 11 35 25 40 22 50 15 4 4 29 40 36 28 26 39 35 11 49 39 44 49 8 12 20 17 27 43 39 17 31 24 37 31 
34 20 44 45 32 48 22 40 16 29 31 38 28 11 10 48 31 0 22 50 29 11 41 40 17 27 30 33 38 35 51 27 58 17 32 47 17 29 40 29 20 31 19 44 43 14 14 17 43 13 7 
18 26 24 43 17 45 11 30 6 27 25 33 32 32 26 38 11 22 0 33 17 30 21 40 5 7 8 22 32 28 30 17 38 24 10 41 28 33 40 15 10 13 6 25 35 28 11 20 23 26 21 
44 39 10 33 45 33 44 16 36 30 25 25 38 56 47 17 35 50 33 0 21 52 13 35 37 36 32 19 23 22 13 23 8 39 24 25 43 38 34 44 43 20 32 8 21 47 44 36 11 46 45 
34 19 17 26 34 28 29 12 17 13 9 16 20 34 26 21 25 29 17 21 0 30 16 24 19 23 21 4 14 10 26 2 29 18 15 23 22 21 24 32 27 6 13 17 18 26 25 14 17 24 23 
44 13 47 38 42 41 33 38 23 25 28 34 20 4 4 45 40 11 30 52 30 0 45 33 25 36 38 33 35 33 55 28 60 13 38 42 10 21 33 40 31 34 24 47 39 5 24 15 46 6 9 
31 35 2 38 32 38 31 20 26 28 24 28 36 48 41 25 22 41 21 13 16 45 0 38 26 23 19 16 26 22 10 18 17 34 12 32 39 37 37 31 31 10 22 5 27 42 33 30 1 40 37 
58 20 37 4 57 8 51 18 38 13 15 9 13 37 31 19 50 40 40 35 24 33 38 0 40 47 46 22 12 15 46 23 43 22 40 11 23 12 0 55 49 31 34 36 13 28 45 23 38 28 33 
20 23 29 43 18 45 11 31 2 27 25 34 30 27 21 40 15 17 5 37 19 25 26 40 0 11 13 23 33 29 35 18 43 21 15 42 24 31 39 16 8 17 6 30 37 24 6 17 27 22 16 
11 34 26 50 10 52 8 35 13 34 32 40 39 38 32 43 4 27 7 36 23 36 23 47 11 0 4 28 38 34 30 24 40 31 11 47 35 40 47 8 9 18 14 28 42 35 13 27 24 33 27 
13 34 21 48 13 50 13 33 14 33 30 38 39 40 34 41 4 30 8 32 21 38 19 46 13 4 0 25 36 32 25 22 35 32 7 45 36 40 45 12 13 16 14 24 39 37 17 28 20 35 29 
38 20 17 23 38 24 33 8 22 12 7 13 20 37 29 16 29 33 22 19 4 33 16 22 23 28 25 0 10 7 26 5 27 20 19 19 24 21 21 36 32 9 17 16 13 28 30 17 16 27 27 
49 21 25 12 48 13 43 6 31 9 7 2 16 39 31 10 40 38 32 23 14 35 26 12 33 38 36 10 0 4 33 14 31 22 30 8 25 16 11 47 41 20 27 23 4 30 39 20 25 29 32 
45 19 22 16 44 17 39 5 27 8 4 6 16 37 29 13 36 35 28 22 10 33 22 15 29 34 32 7 4 0 31 10 30 20 26 13 23 16 14 43 37 16 23 21 8 28 35 18 22 26 29 
36 45 8 45 37 45 39 27 35 38 33 36 46 59 51 30 28 51 30 13 26 55 10 46 35 30 25 26 33 31 0 28 11 44 20 38 49 47 45 37 39 21 32 10 33 52 41 40 9 50 48 
35 16 19 25 34 27 29 13 17 11 7 15 18 32 23 22 26 27 17 23 2 28 18 23 18 24 22 5 14 10 28 0 32 16 17 23 20 19 22 32 27 8 12 19 18 24 25 12 19 22 22 
47 48 14 41 48 41 48 25 43 38 34 34 46 64 55 25 39 58 38 8 29 60 17 43 43 40 35 27 31 30 11 32 0 48 29 33 52 47 42 47 48 26 39 13 30 56 50 44 15 54 53 
41 2 36 27 40 30 32 25 19 12 15 21 10 17 9 32 35 17 24 39 18 13 34 22 21 31 32 20 22 20 44 16 48 0 29 29 4 11 22 38 29 23 17 35 26 8 24 4 35 6 10 
20 31 15 42 20 43 19 26 15 28 24 32 34 41 33 33 11 32 10 24 15 38 12 40 15 11 7 19 30 26 20 17 29 29 0 38 34 36 40 19 19 9 13 16 32 35 21 25 13 33 29 
58 28 31 8 57 7 52 12 40 17 16 8 21 46 39 8 49 47 41 25 23 42 32 11 42 47 45 19 8 13 38 23 33 29 38 0 32 21 11 55 50 29 36 29 5 37 48 29 31 36 40 
45 4 40 28 43 31 35 29 22 15 19 24 10 14 7 36 39 17 28 43 22 10 39 23 24 35 36 24 25 23 49 20 52 4 34 32 0 11 23 41 32 28 21 40 29 4 26 8 39 4 11 
51 9 38 16 50 19 42 22 29 8 13 14 1 25 19 27 44 29 33 38 21 21 37 12 31 40 40 21 16 16 47 19 47 11 36 21 11 0 12 48 40 28 26 37 20 16 35 13 37 16 22 
58 20 37 4 57 7 50 17 37 12 15 8 13 37 31 18 49 40 40 34 24 33 37 0 39 47 45 21 11 14 45 22 42 22 40 11 23 12 0 55 48 30 34 35 12 28 44 23 37 28 33 
4 40 34 58 2 60 6 44 18 42 40 48 46 41 37 52 8 29 15 44 32 40 31 55 16 8 12 36 47 43 37 32 47 38 19 55 41 48 55 0 9 27 21 36 50 40 15 34 32 38 31 
13 32 34 52 11 54 2 40 11 35 34 43 38 32 27 48 12 20 10 43 27 31 31 49 8 9 13 32 41 37 39 27 48 29 19 50 32 40 48 9 0 24 14 35 45 31 6 26 32 29 22 
29 25 13 33 28 34 25 17 16 20 15 22 27 38 30 25 20 31 13 20 6 34 10 31 17 18 16 9 20 16 21 8 26 23 9 29 28 28 30 27 24 0 12 13 23 31 24 19 12 29 26 
24 20 24 37 23 39 16 25 4 21 19 28 25 27 20 34 17 19 6 32 13 24 22 34 6 14 14 17 27 23 32 12 39 17 13 36 21 26 34 21 14 12 0 25 31 22 12 13 23 20 16 
36 36 2 35 37 35 36 17 29 28 23 26 36 51 43 21 27 44 25 8 17 47 5 36 30 28 24 16 23 21 10 19 13 35 16 29 40 37 35 36 35 13 25 0 24 43 37 31 3 41 40 
52 25 26 11 52 11 47 6 35 14 12 5 20 43 36 6 43 43 35 21 18 39 27 13 37 42 39 13 4 8 33 18 30 26 32 5 29 20 12 50 45 23 31 24 0 34 43 25 26 33 36 
44 8 43 33 43 36 34 33 22 20 23 29 15 9 4 40 39 14 28 47 26 5 42 28 24 35 37 28 30 28 52 24 56 8 35 37 4 16 28 40 31 31 22 43 34 0 25 11 42 2 9 
19 27 35 48 17 51 8 38 8 32 31 40 34 25 21 47 17 14 11 44 25 24 33 45 6 13 17 30 39 35 41 25 50 24 21 48 26 35 44 15 6 24 12 37 43 25 0 21 34 23 16 
38 6 32 27 36 30 28 23 15 11 13 20 12 19 11 31 31 17 20 36 14 15 30 23 17 27 28 17 20 18 40 12 44 4 25 29 8 13 23 34 26 19 13 31 25 11 21 0 31 9 11 
33 36 1 37 33 38 33 19 27 29 24 28 36 50 42 24 24 43 23 11 17 46 1 38 27 24 20 16 25 22 9 19 15 35 13 31 39 37 37 32 32 12 23 3 26 42 34 31 0 41 38 
42 7 41 33 41 36 32 32 20 19 22 28 15 10 3 39 37 13 26 46 24 6 40 28 22 33 35 27 29 26 50 22 54 6 33 36 4 16 28 38 29 29 20 41 33 2 23 9 41 0 7 
36 13 39 38 34 41 25 34 14 22 24 31 21 11 5 42 31 7 21 45 23 9 37 33 16 27 29 27 32 29 48 22 53 10 29 40 11 22 33 31 22 26 16 40 36 9 16 11 38 7 0 
0 655
391 456
77 142
360 425
196 261
474 539
128 193
410 475
553 618
404 469
75 140
558 623
437 502
142 207
237 302
10 75
63 128
436 501
63 128
270 335
450 515
382 447
525 590
18 83
196 261
84 149
487 552
158 223
309 374
520 585
329 394
429 494
446 511
506 571
404 469
88 153
528 593
391 456
223 288
200 265
104 169
268 333
487 552
566 631
374 439
558 623
248 313
114 179
131 196
45 110
249 314
