51
0 35 39 25 21 2 40 8 11 36 20 19 7 32 15 20 35 21 10 5 22 36 7 15 27 9 6 13 38 24 20 17 26 2 26 18 31 22 18 19 33 18 15 31 30 24 19 16 7 12 42 
35 0 3 18 39 35 39 31 46 17 44 48 29 16 40 15 21 50 26 38 48 5 42 50 42 26 35 40 3 26 15 18 23 33 8 30 4 14 22 24 3 21 22 35 33 23 37 36 35 32 8 
39 3 0 21 43 39 42 35 50 19 48 52 33 18 44 19 23 53 30 42 52 7 46 54 45 29 39 43 2 30 19 22 25 37 12 33 8 18 26 27 6 25 25 38 35 27 40 40 38 35 5 
25 18 21 0 39 26 23 26 36 11 26 31 22 7 24 10 10 33 14 26 30 15 31 37 43 16 28 35 19 8 16 16 29 22 13 30 14 6 24 26 15 6 20 17 15 5 19 19 28 29 26 
21 39 43 39 0 18 59 13 22 48 41 39 17 44 36 29 49 41 26 25 42 43 21 29 6 23 14 8 43 42 25 23 18 23 32 9 37 33 17 15 38 33 19 50 49 40 40 36 14 10 44 
2 35 39 26 18 0 42 6 11 37 22 21 6 33 18 20 36 23 11 7 24 36 7 15 25 10 4 11 38 26 20 17 24 4 26 16 31 23 17 18 33 19 14 33 32 25 21 18 4 10 42 
40 39 42 23 59 42 0 45 48 22 27 33 42 23 28 34 18 34 32 38 30 34 44 45 65 35 46 53 39 17 40 39 53 37 37 52 37 30 46 49 37 26 43 9 10 19 22 25 46 49 47 
8 31 35 26 13 6 45 0 16 36 28 28 3 32 24 18 36 30 13 13 30 33 13 22 19 10 4 9 35 28 16 13 18 9 23 9 27 21 11 11 29 20 9 36 35 27 26 23 3 4 38 
11 46 50 36 22 11 48 16 0 47 22 19 17 43 19 31 45 20 22 10 22 47 4 6 28 21 12 14 50 34 31 28 34 13 38 24 42 34 28 28 44 29 26 39 38 34 25 22 13 19 54 
36 17 19 11 48 37 22 36 47 0 35 41 33 4 33 19 4 42 25 37 39 12 42 48 53 27 39 45 16 15 24 25 36 33 18 39 16 15 32 35 15 17 29 20 18 13 28 29 39 39 24 
20 44 48 26 41 22 27 28 22 35 0 6 26 33 4 30 32 7 20 15 4 42 21 18 47 22 26 33 46 20 34 31 44 18 36 38 39 29 36 38 41 22 32 19 20 22 7 7 27 32 52 
19 48 52 31 39 21 33 28 19 41 6 0 26 38 7 33 38 1 22 14 3 46 18 13 46 24 25 31 50 25 36 33 45 18 40 38 43 33 37 39 45 26 33 25 26 27 13 12 26 32 56 
7 29 33 22 17 6 42 3 17 33 26 26 0 29 21 15 33 28 9 12 29 30 13 22 22 6 6 12 32 25 14 11 18 8 20 11 25 18 10 12 27 16 8 33 32 23 23 20 5 7 36 
32 16 18 7 44 33 23 32 43 4 33 38 29 0 30 15 5 39 21 33 37 11 39 44 49 23 35 41 16 13 20 21 33 29 15 36 13 11 28 31 13 13 25 19 17 10 25 26 35 35 23 
15 40 44 24 36 18 28 24 19 33 4 7 21 30 0 26 30 9 16 11 7 38 17 16 43 18 22 29 42 18 30 27 39 14 33 33 36 26 31 33 37 19 27 20 20 20 6 4 22 28 49 
20 15 19 10 29 20 34 18 31 19 30 33 15 15 26 0 20 35 11 23 34 15 27 34 33 10 21 27 18 17 6 6 19 18 6 20 10 4 13 16 12 8 10 26 24 14 24 22 21 20 23 
35 21 23 10 49 36 18 36 45 4 32 38 33 5 30 20 0 39 24 35 36 16 41 45 54 26 38 45 21 12 25 26 38 32 21 41 19 16 33 36 19 16 30 16 14 11 24 26 38 39 29 
21 50 53 33 41 23 34 30 20 42 7 1 28 39 9 35 39 0 24 16 3 48 19 14 47 26 27 33 52 27 38 35 47 20 42 39 45 35 39 40 47 28 35 26 27 29 14 13 27 34 58 
10 26 30 14 26 11 32 13 22 25 20 22 9 21 16 11 24 24 0 12 23 25 17 24 32 3 14 21 29 15 14 11 24 8 17 20 21 12 16 18 23 7 12 23 22 14 15 13 14 16 34 
5 38 42 26 25 7 38 13 10 37 15 14 12 33 11 23 35 16 12 0 17 38 6 11 31 12 11 17 41 24 25 21 31 5 30 23 34 25 23 25 36 19 20 29 29 24 16 13 11 17 46 
22 48 52 30 42 24 30 30 22 39 4 3 29 37 7 34 36 3 23 17 0 46 21 17 49 26 28 34 50 24 37 35 47 21 40 40 43 33 39 41 45 26 35 23 24 26 11 11 29 35 56 
36 5 7 15 43 36 34 33 47 12 42 46 30 11 38 15 16 48 25 38 46 0 43 50 46 26 37 42 4 23 17 20 27 34 10 33 6 13 26 28 4 19 24 30 28 20 34 34 36 34 12 
7 42 46 31 21 7 44 13 4 42 21 18 13 39 17 27 41 19 17 6 21 43 0 9 27 16 9 13 45 30 27 24 31 9 33 21 38 29 24 24 40 25 22 35 35 30 22 19 9 16 49 
15 50 54 37 29 15 45 22 6 48 18 13 22 44 16 34 45 14 24 11 17 50 9 0 35 24 18 21 53 34 36 32 40 16 41 31 45 36 33 34 47 30 30 37 37 34 23 20 19 25 57 
27 42 45 43 6 25 65 19 28 53 47 46 22 49 43 33 54 47 32 31 49 46 27 35 0 29 20 14 46 47 29 27 19 29 35 13 40 38 20 18 41 38 23 56 54 45 46 43 20 15 45 
9 26 29 16 23 10 35 10 21 27 22 24 6 23 18 10 26 26 3 12 26 26 16 24 29 0 11 19 29 18 12 9 21 7 17 17 21 13 13 15 23 10 9 26 25 17 18 16 11 13 33 
6 35 39 28 14 4 46 4 12 39 26 25 6 35 22 21 38 27 14 11 28 37 9 18 20 11 0 7 38 29 20 16 22 8 26 12 31 24 15 15 33 22 13 37 36 28 25 22 0 6 42 
13 40 43 35 8 11 53 9 14 45 33 31 12 41 29 27 45 33 21 17 34 42 13 21 14 19 7 0 43 37 24 21 22 16 31 11 36 30 17 16 38 29 17 44 43 36 33 30 7 7 45 
38 3 2 19 43 38 39 35 50 16 46 50 32 16 42 18 21 52 29 41 50 4 45 53 46 29 38 43 0 27 19 21 26 36 12 34 7 17 26 28 5 23 25 35 33 25 39 38 38 35 7 
24 26 30 8 42 26 17 28 34 15 20 25 25 13 18 17 12 27 15 24 24 23 30 34 47 18 29 37 27 0 23 22 36 22 22 35 23 14 29 32 23 9 25 9 7 3 12 14 29 32 35 
20 15 19 16 25 20 40 16 31 24 34 36 14 20 30 6 25 38 14 25 37 17 27 36 29 12 20 24 19 23 0 3 13 19 7 16 12 9 8 10 13 14 6 32 30 20 28 27 19 16 22 
17 18 22 16 23 17 39 13 28 25 31 33 11 21 27 6 26 35 11 21 35 20 24 32 27 9 16 21 21 22 3 0 14 16 9 14 14 10 7 10 16 12 4 31 29 19 26 24 16 14 25 
26 23 25 29 18 24 53 18 34 36 44 45 18 33 39 19 38 47 24 31 47 27 31 40 19 21 22 22 26 36 13 14 0 26 18 10 21 23 7 6 23 26 11 45 43 33 40 37 21 15 26 
2 33 37 22 23 4 37 9 13 33 18 18 8 29 14 18 32 20 8 5 21 34 9 16 29 7 8 16 36 22 19 16 26 0 25 19 29 20 18 20 31 15 15 28 27 21 17 13 9 14 41 
26 8 12 13 32 26 37 23 38 18 36 40 20 15 33 6 21 42 17 30 40 10 33 41 35 17 26 31 12 22 7 9 18 25 0 23 4 7 15 17 6 14 13 31 29 18 30 29 26 24 16 
18 30 33 30 9 16 52 9 24 39 38 38 11 36 33 20 41 39 20 23 40 33 21 31 13 17 12 11 34 35 16 14 10 19 23 0 27 24 7 5 29 25 10 43 42 33 35 32 12 5 35 
31 4 8 14 37 31 37 27 42 16 39 43 25 13 36 10 19 45 21 34 43 6 38 45 40 21 31 36 7 23 12 14 21 29 4 27 0 10 19 22 1 17 18 31 29 19 33 32 31 28 12 
22 14 18 6 33 23 30 21 34 15 29 33 18 11 26 4 16 35 12 25 33 13 29 36 38 13 24 30 17 14 9 10 23 20 7 24 10 0 17 20 11 6 14 23 21 11 22 21 24 23 23 
18 22 26 24 17 17 46 11 28 32 36 37 10 28 31 13 33 39 16 23 39 26 24 33 20 13 15 17 26 29 8 7 7 18 15 7 19 17 0 2 21 19 4 38 37 27 32 29 14 9 27 
19 24 27 26 15 18 49 11 28 35 38 39 12 31 33 16 36 40 18 25 41 28 24 34 18 15 15 16 28 32 10 10 6 20 17 5 22 20 2 0 23 22 6 41 39 29 34 31 15 9 29 
33 3 6 15 38 33 37 29 44 15 41 45 27 13 37 12 19 47 23 36 45 4 40 47 41 23 33 38 5 23 13 16 23 31 6 29 1 11 21 23 0 18 20 32 30 20 34 33 33 30 11 
18 21 25 6 33 19 26 20 29 17 22 26 16 13 19 8 16 28 7 19 26 19 25 30 38 10 22 29 23 9 14 12 26 15 14 25 17 6 19 22 18 0 16 18 17 7 15 15 21 23 30 
15 22 25 20 19 14 43 9 26 29 32 33 8 25 27 10 30 35 12 20 35 24 22 30 23 9 13 17 25 25 6 4 11 15 13 10 18 14 4 6 20 16 0 34 33 23 28 25 13 10 28 
31 35 38 17 50 33 9 36 39 20 19 25 33 19 20 26 16 26 23 29 23 30 35 37 56 26 37 44 35 9 32 31 45 28 31 43 31 23 38 41 32 18 34 0 2 12 13 16 37 40 43 
30 33 35 15 49 32 10 35 38 18 20 26 32 17 20 24 14 27 22 29 24 28 35 37 54 25 36 43 33 7 30 29 43 27 29 42 29 21 37 39 30 17 33 2 0 10 14 16 36 39 41 
24 23 27 5 40 25 19 27 34 13 22 27 23 10 20 14 11 29 14 24 26 20 30 34 45 17 28 36 25 3 20 19 33 21 18 33 19 11 27 29 20 7 23 12 10 0 14 15 28 30 32 
19 37 40 19 40 21 22 26 25 28 7 13 23 25 6 24 24 14 15 16 11 34 22 23 46 18 25 33 39 12 28 26 40 17 30 35 33 22 32 34 34 15 28 13 14 14 0 3 26 30 45 
16 36 40 19 36 18 25 23 22 29 7 12 20 26 4 22 26 13 13 13 11 34 19 20 43 16 22 30 38 14 27 24 37 13 29 32 32 21 29 31 33 15 25 16 16 15 3 0 23 27 45 
7 35 38 28 14 4 46 3 13 39 27 26 5 35 22 21 38 27 14 11 29 36 9 19 20 11 0 7 38 29 19 16 21 9 26 12 31 24 14 15 33 21 13 37 36 28 26 23 0 6 41 
12 32 35 29 10 10 49 4 19 39 32 32 7 35 28 20 39 34 16 17 35 34 16 25 15 13 6 7 35 32 16 14 15 14 24 5 28 23 9 9 30 23 10 40 39 30 30 27 6 0 37 
42 8 5 26 44 42 47 38 54 24 52 56 36 23 49 23 29 58 34 46 56 12 49 57 45 33 42 45 7 35 22 25 26 41 16 35 12 23 27 29 11 30 28 43 41 32 45 45 41 37 0 
0 409
67 189
243 365
244 366
143 265
232 354
18 140
117 239
97 219
212 334
151 273
269 391
135 257
162 284
115 237
173 295
217 339
117 239
50 172
93 215
202 324
193 315
198 320
143 265
231 353
166 288
267 389
229 351
126 248
136 258
247 369
283 405
243 365
33 155
141 263
117 239
197 319
188 310
260 382
159 281
275 397
106 228
207 329
30 152
269 391
204 326
270 392
66 188
65 187
251 373
68 190
