51
0 16 7 18 8 9 33 25 12 37 29 34 15 2 14 26 3 7 34 12 10 28 29 29 27 7 27 39 3 26 33 9 30 25 37 18 30 10 38 22 27 24 36 29 9 13 21 17 5 36 16 
16 0 9 33 13 15 48 41 21 50 37 48 19 17 29 32 18 11 50 8 19 44 41 41 42 12 35 54 12 34 42 6 45 38 52 29 46 9 53 38 43 36 52 42 16 21 34 32 21 53 32 
7 9 0 25 8 7 39 31 16 44 33 39 16 8 19 29 10 3 41 9 11 34 33 33 33 4 31 46 3 30 38 2 36 30 44 23 37 7 45 29 34 30 43 35 11 14 27 23 12 43 24 
18 33 25 0 21 26 27 19 16 20 21 30 21 19 18 21 15 26 23 27 26 22 32 33 23 25 20 20 22 19 22 27 28 26 19 12 12 25 19 8 9 12 22 11 18 27 5 20 13 22 2 
8 13 8 21 0 15 40 32 7 37 24 42 7 10 22 20 8 11 41 5 18 35 37 38 35 12 23 41 7 21 30 9 38 33 39 15 33 4 40 27 30 22 41 29 3 21 21 25 9 42 20 
9 15 7 26 15 0 33 27 21 46 38 33 23 7 15 35 12 3 37 16 3 30 26 26 28 3 36 46 7 35 43 9 30 23 45 27 37 15 45 28 34 33 40 37 17 6 29 17 14 41 24 
33 48 39 27 40 33 0 8 39 40 49 3 45 31 19 48 32 36 8 45 30 5 15 15 5 35 47 30 36 47 49 42 5 11 34 39 26 43 31 19 26 39 15 35 39 28 33 16 30 16 25 
25 41 31 19 32 27 8 0 31 34 41 10 36 24 12 40 24 29 9 38 24 3 16 16 4 28 39 26 29 39 41 34 9 10 29 30 20 35 27 11 19 31 14 28 31 23 25 10 22 15 17 
12 21 16 16 7 21 39 31 0 30 17 41 5 14 23 13 10 18 38 12 23 34 40 40 34 18 15 35 13 14 22 16 38 34 32 7 27 11 34 23 24 14 38 21 4 26 14 27 10 38 16 
37 50 44 20 37 46 40 34 30 0 20 44 33 38 37 24 34 45 33 42 46 36 50 50 38 44 20 13 41 21 15 45 43 43 7 22 14 41 11 23 14 15 28 8 34 47 16 38 32 27 22 
29 37 33 21 24 38 49 41 17 20 0 52 17 31 37 4 26 36 44 28 40 44 53 53 45 36 1 32 31 2 6 33 49 47 27 11 27 27 30 30 25 9 41 16 21 42 15 40 25 41 23 
34 48 39 30 42 33 3 10 41 44 52 0 46 32 19 51 33 37 12 46 30 8 12 12 7 35 50 34 37 50 52 42 3 10 38 41 29 44 35 22 29 42 19 39 41 28 36 16 32 19 28 
15 19 16 21 7 23 45 36 5 33 17 46 0 17 28 13 13 19 44 10 25 40 44 44 39 20 16 40 15 15 23 16 43 39 37 11 33 9 39 29 29 18 43 26 5 28 19 31 14 43 21 
2 17 8 19 10 7 31 24 14 38 31 32 17 0 12 28 5 7 33 14 8 27 27 27 25 6 29 39 5 28 35 10 28 23 38 20 30 12 38 22 27 26 35 30 11 11 22 15 6 35 17 
14 29 19 18 22 15 19 12 23 37 37 19 28 12 0 35 14 17 22 27 12 15 16 16 13 16 35 34 17 35 40 22 16 11 35 26 26 25 34 15 24 29 26 30 22 11 23 3 13 26 15 
26 32 29 21 20 35 48 40 13 24 4 51 13 28 35 0 23 32 45 23 37 43 51 52 44 32 3 34 27 2 10 29 48 45 29 9 29 23 32 29 26 10 42 18 17 39 15 38 22 42 22 
3 18 10 15 8 12 32 24 10 34 26 33 13 5 14 23 0 11 32 13 13 27 30 30 26 10 24 36 7 23 30 12 30 25 34 15 27 11 35 20 24 21 34 25 7 16 17 17 2 34 13 
7 11 3 26 11 3 36 29 18 45 36 37 19 7 17 32 11 0 39 12 7 32 29 29 30 1 34 46 4 33 40 6 33 27 45 25 37 11 45 29 34 32 42 36 14 10 28 20 13 42 24 
34 50 41 23 41 37 8 9 38 33 44 12 44 33 22 45 32 39 0 46 34 7 23 23 11 38 43 22 38 43 44 44 13 18 26 36 19 44 23 15 20 35 6 30 39 33 29 19 31 7 22 
12 8 9 27 5 16 45 38 12 42 28 46 10 14 27 23 13 12 46 0 20 41 41 41 40 13 26 47 9 25 34 7 43 37 44 20 39 2 46 33 36 27 47 34 8 23 26 30 15 47 26 
10 19 11 26 18 3 30 24 23 46 40 30 25 8 12 37 13 7 34 20 0 27 22 22 24 6 38 44 10 37 44 13 26 20 44 28 36 18 44 26 33 34 38 37 19 3 29 14 15 38 23 
28 44 34 22 35 30 5 3 34 36 44 8 40 27 15 43 27 32 7 41 27 0 15 16 3 31 42 27 32 42 44 37 6 10 30 34 22 39 28 14 22 34 13 31 35 25 28 12 26 14 20 
29 41 33 32 37 26 15 16 40 50 53 12 44 27 16 51 30 29 23 41 22 15 0 0 12 28 51 43 31 51 55 35 9 6 45 42 36 39 43 27 35 45 29 43 38 19 38 13 30 30 30 
29 41 33 33 38 26 15 16 40 50 53 12 44 27 16 52 30 29 23 41 22 16 0 0 13 28 52 43 31 51 55 35 10 6 46 42 37 39 44 27 36 45 30 44 38 19 39 13 30 30 30 
27 42 33 23 35 28 5 4 34 38 45 7 39 25 13 44 26 30 11 40 24 3 12 13 0 29 43 30 30 43 45 36 4 7 33 34 24 38 31 16 24 35 17 33 34 23 29 10 25 17 21 
7 12 4 25 12 3 35 28 18 44 36 35 20 6 16 32 10 1 38 13 6 31 28 28 29 0 34 45 5 33 40 7 32 25 44 25 37 12 44 28 34 31 41 36 14 9 28 19 12 41 23 
27 35 31 20 23 36 47 39 15 20 1 50 16 29 35 3 24 34 43 26 38 42 51 52 43 34 0 31 29 1 7 32 48 45 26 9 26 25 29 28 24 8 40 16 19 40 14 38 23 40 22 
39 54 46 20 41 46 30 26 35 13 32 34 40 39 34 34 36 46 22 47 44 27 43 43 30 45 31 0 43 32 28 48 34 36 5 29 8 45 2 18 11 24 16 15 39 45 21 34 33 15 22 
3 12 3 22 7 7 36 29 13 41 31 37 15 5 17 27 7 4 38 9 10 32 31 31 30 5 29 43 0 28 36 5 33 28 41 20 34 8 42 26 31 27 40 32 9 13 24 20 9 40 20 
26 34 30 19 21 35 47 39 14 21 2 50 15 28 35 2 23 33 43 25 37 42 51 51 43 33 1 32 28 0 8 30 47 45 27 9 27 24 30 28 24 8 40 16 18 39 14 37 22 40 21 
33 42 38 22 30 43 49 41 22 15 6 52 23 35 40 10 30 40 44 34 44 44 55 55 45 40 7 28 36 8 0 39 50 49 23 15 25 33 26 30 23 10 40 14 27 46 16 42 29 39 25 
9 6 2 27 9 9 42 34 16 45 33 42 16 10 22 29 12 6 44 7 13 37 35 35 36 7 32 48 5 30 39 0 39 32 46 24 40 6 47 32 37 31 46 37 12 16 29 26 14 46 26 
30 45 36 28 38 30 5 9 38 43 49 3 43 28 16 48 30 33 13 43 26 6 9 10 4 32 48 34 33 47 50 39 0 6 37 39 28 41 35 20 28 40 19 37 38 24 34 13 29 20 26 
25 38 30 26 33 23 11 10 34 43 47 10 39 23 11 45 25 27 18 37 20 10 6 6 7 25 45 36 28 45 49 32 6 0 39 36 30 35 37 20 29 38 24 37 33 17 32 7 24 24 24 
37 52 44 19 39 45 34 29 32 7 27 38 37 38 35 29 34 45 26 44 44 30 45 46 33 44 26 5 41 27 23 46 37 39 0 25 9 43 3 19 10 19 20 11 36 45 18 35 32 20 21 
18 29 23 12 15 27 39 30 7 22 11 41 11 20 26 9 15 25 36 20 28 34 42 42 34 25 9 29 20 9 15 24 39 36 25 0 22 19 27 21 19 7 34 14 12 31 8 28 13 34 13 
30 46 37 12 33 37 26 20 27 14 27 29 33 30 26 29 27 37 19 39 36 22 36 37 24 37 26 8 34 27 25 40 28 30 9 22 0 37 7 10 3 18 14 11 30 36 14 26 25 14 13 
10 9 7 25 4 15 43 35 11 41 27 44 9 12 25 23 11 11 44 2 18 39 39 39 38 12 25 45 8 24 33 6 41 35 43 19 37 0 44 31 34 26 45 33 7 21 25 28 13 45 24 
38 53 45 19 40 45 31 27 34 11 30 35 39 38 34 32 35 45 23 46 44 28 43 44 31 44 29 2 42 30 26 47 35 37 3 27 7 44 0 18 10 22 17 13 37 44 19 34 32 16 21 
22 38 29 8 27 28 19 11 23 23 30 22 29 22 15 29 20 29 15 33 26 14 27 27 16 28 28 18 26 28 30 32 20 20 19 21 10 31 18 0 8 20 14 17 25 27 14 16 17 14 7 
27 43 34 9 30 34 26 19 24 14 25 29 29 27 24 26 24 34 20 36 33 22 35 36 24 34 24 11 31 24 23 37 28 29 10 19 3 34 10 8 0 15 16 9 27 34 10 24 22 16 10 
24 36 30 12 22 33 39 31 14 15 9 42 18 26 29 10 21 32 35 27 34 34 45 45 35 31 8 24 27 8 10 31 40 38 19 7 18 26 22 20 15 0 32 8 19 36 6 31 19 31 14 
36 52 43 22 41 40 15 14 38 28 41 19 43 35 26 42 34 42 6 47 38 13 29 30 17 41 40 16 40 40 40 46 19 24 20 34 14 45 17 14 16 32 0 25 40 37 26 24 32 0 22 
29 42 35 11 29 37 35 28 21 8 16 39 26 30 30 18 25 36 30 34 37 31 43 44 33 36 16 15 32 16 14 37 37 37 11 14 11 33 13 17 9 8 25 0 26 39 8 31 23 25 14 
9 16 11 18 3 17 39 31 4 34 21 41 5 11 22 17 7 14 39 8 19 35 38 38 34 14 19 39 9 18 27 12 38 33 36 12 30 7 37 25 27 19 40 26 0 22 18 25 8 40 18 
13 21 14 27 21 6 28 23 26 47 42 28 28 11 11 39 16 10 33 23 3 25 19 19 23 9 40 45 13 39 46 16 24 17 45 31 36 21 44 27 34 36 37 39 22 0 31 13 17 38 24 
21 34 27 5 21 29 33 25 14 16 15 36 19 22 23 15 17 28 29 26 29 28 38 39 29 28 14 21 24 14 16 29 34 32 18 8 14 25 19 14 10 6 26 8 18 31 0 25 15 26 8 
17 32 23 20 25 17 16 10 27 38 40 16 31 15 3 38 17 20 19 30 14 12 13 13 10 19 38 34 20 37 42 26 13 7 35 28 26 28 34 16 24 31 24 31 25 13 25 0 17 24 17 
5 21 12 13 9 14 30 22 10 32 25 32 14 6 13 22 2 13 31 15 15 26 30 30 25 12 23 33 9 22 29 14 29 24 32 13 25 13 32 17 22 19 32 23 8 17 15 17 0 32 11 
36 53 43 22 42 41 16 15 38 27 41 19 43 35 26 42 34 42 7 47 38 14 30 30 17 41 40 15 40 40 39 46 20 24 20 34 14 45 16 14 16 31 0 25 40 38 26 24 32 0 22 
16 32 24 2 20 24 25 17 16 22 23 28 21 17 15 22 13 24 22 26 23 20 30 30 21 23 22 22 20 21 25 26 26 24 21 13 13 24 21 7 10 14 22 14 18 24 8 17 11 22 0 
0 437
237 368
157 288
106 237
249 380
76 207
260 391
13 144
159 290
161 292
46 177
61 192
208 339
219 350
167 298
96 227
143 274
79 210
190 321
276 407
138 269
59 190
203 334
109 240
16 147
301 432
259 390
230 361
18 149
234 365
218 349
168 299
190 321
162 293
28 159
81 212
179 310
159 290
305 436
273 404
197 328
189 320
117 248
257 388
144 275
211 342
219 350
197 328
30 161
240 371
278 409
