51
0 41 38 43 40 40 23 21 7 43 9 52 33 52 24 12 30 32 10 33 30 9 14 35 56 38 41 22 17 22 47 20 19 24 41 17 21 38 31 15 48 23 48 46 14 18 42 0 45 53 44 
41 0 8 20 28 22 17 24 37 13 32 25 36 20 21 40 20 44 31 12 11 42 32 27 26 7 24 34 33 27 18 39 31 36 6 44 44 5 30 27 23 24 18 11 33 37 15 40 14 25 21 
38 8 0 28 35 30 15 18 36 5 28 34 41 29 24 35 12 48 28 18 9 37 27 33 35 1 31 27 27 29 27 41 25 39 4 44 46 4 35 23 15 18 12 7 33 38 7 38 7 34 13 
43 20 28 0 9 3 25 36 36 34 36 9 21 11 19 47 36 29 37 12 23 48 41 10 13 27 3 47 43 21 6 30 42 25 27 36 35 24 16 35 44 37 39 32 29 29 36 42 35 10 41 
40 28 35 9 0 6 27 38 32 41 35 16 12 20 18 47 41 20 37 17 28 47 41 4 20 34 5 48 44 18 15 24 44 18 34 30 28 31 9 36 51 39 47 40 25 24 43 39 42 17 48 
40 22 30 3 6 0 24 35 33 35 34 12 17 15 16 45 36 25 35 12 23 46 39 6 17 28 1 45 42 18 9 27 41 21 28 33 32 26 13 34 45 36 41 34 26 26 37 39 37 13 43 
23 17 15 25 27 24 0 11 20 21 14 34 29 31 10 23 14 34 14 12 6 25 16 24 36 15 26 21 18 15 27 26 17 24 18 29 31 14 23 11 29 12 27 23 18 23 21 23 23 34 25 
21 24 18 36 38 35 11 0 22 22 12 45 38 41 20 16 8 42 10 23 14 18 8 34 47 19 37 10 9 24 38 32 6 32 22 33 36 20 33 5 26 1 26 25 23 29 21 21 23 45 22 
7 37 36 36 32 33 20 22 0 41 10 46 25 46 17 18 30 25 11 27 27 16 17 28 49 35 34 26 20 15 41 13 22 17 39 11 15 35 23 16 47 24 46 44 6 11 41 7 43 46 44 
43 13 5 34 41 35 21 22 41 0 33 39 47 33 30 38 14 53 32 23 15 41 30 39 39 7 36 29 30 35 32 47 27 45 7 50 52 9 41 27 10 20 6 4 39 44 2 42 2 38 8 
9 32 28 36 35 34 14 12 10 33 0 46 31 44 17 11 20 33 1 25 20 11 7 31 49 28 36 16 10 18 40 22 12 24 32 22 25 28 28 6 38 14 38 36 13 19 32 9 35 46 34 
52 25 34 9 16 12 34 45 46 39 46 0 28 6 28 57 44 36 47 21 31 58 50 19 4 33 11 55 52 31 7 39 51 34 32 45 44 30 25 45 48 45 43 36 39 39 41 52 39 0 47 
33 36 41 21 12 17 29 38 25 47 31 28 0 32 18 42 43 8 33 23 32 41 39 10 32 40 17 47 42 14 27 13 43 8 41 19 17 37 5 34 56 40 53 47 19 15 48 32 49 29 53 
52 20 29 11 20 15 31 41 46 33 44 6 32 0 28 55 39 40 45 19 27 56 48 21 6 27 14 52 50 31 5 41 48 36 26 47 46 25 28 42 42 42 37 30 39 40 35 51 33 6 41 
24 21 24 19 18 16 10 20 17 30 17 28 18 28 0 29 24 23 18 10 14 29 23 14 32 23 18 30 26 5 23 17 26 14 25 22 22 21 13 18 39 22 36 31 12 15 31 23 32 29 35 
12 40 35 47 47 45 23 16 18 38 11 57 42 55 29 0 24 43 10 36 29 3 7 42 60 35 47 11 7 29 50 31 11 34 39 29 33 36 39 12 41 17 42 42 23 28 36 12 39 57 37 
30 20 12 36 41 36 14 8 30 14 20 44 43 39 24 24 0 48 19 23 12 27 17 37 45 13 38 15 16 29 37 39 13 38 16 41 43 15 37 14 17 7 18 18 30 36 12 30 15 44 13 
32 44 48 29 20 25 34 42 25 53 33 36 8 40 23 43 48 0 35 31 38 41 41 18 41 46 26 49 44 18 35 11 45 9 48 15 12 44 13 37 63 44 60 54 20 14 54 32 55 37 59 
10 31 28 37 37 35 14 10 11 32 1 47 33 45 18 10 19 35 0 26 20 11 5 32 50 28 37 14 9 19 40 24 10 25 31 23 26 28 29 5 37 12 37 35 15 21 31 10 34 47 33 
33 12 18 12 17 12 12 23 27 23 25 21 23 19 10 36 23 31 26 0 10 37 29 15 24 16 14 34 31 15 14 27 30 23 17 32 32 14 18 23 33 24 29 23 22 25 25 33 25 21 31 
30 11 9 23 28 23 6 14 27 15 20 31 32 27 14 29 12 38 20 10 0 31 22 25 33 8 25 24 23 20 24 31 21 29 11 35 36 8 26 16 24 14 21 17 24 29 16 30 17 31 21 
9 42 37 48 47 46 25 18 16 41 11 58 41 56 29 3 27 41 11 37 31 0 10 42 61 38 47 15 11 29 51 30 14 33 41 27 30 38 38 14 44 20 45 44 22 27 39 9 42 58 40 
14 32 27 41 41 39 16 8 17 30 7 50 39 48 23 7 17 41 5 29 22 10 0 37 53 28 41 9 3 25 44 30 5 31 31 29 32 28 35 5 34 10 35 34 20 27 29 14 32 51 30 
35 27 33 10 4 6 24 34 28 39 31 19 10 21 14 42 37 18 32 15 25 42 37 0 23 31 7 44 40 13 16 20 40 15 32 26 25 29 6 32 48 36 45 38 21 20 40 35 40 19 46 
56 26 35 13 20 17 36 47 49 39 49 4 32 6 32 60 45 41 50 24 33 61 53 23 0 33 15 58 55 34 9 43 54 38 32 50 48 31 29 47 48 47 43 36 43 43 41 55 39 3 47 
38 7 1 27 34 28 15 19 35 7 28 33 40 27 23 35 13 46 28 16 8 38 28 31 33 0 29 28 28 28 25 40 25 38 3 44 45 2 34 23 17 18 13 8 33 37 9 38 9 32 14 
41 24 31 3 5 1 26 37 34 36 36 11 17 14 18 47 38 26 37 14 25 47 41 7 15 29 0 47 43 19 9 27 43 22 30 34 32 27 13 35 46 37 42 35 28 27 38 41 38 12 44 
22 34 27 47 48 45 21 10 26 29 16 55 47 52 30 11 15 49 14 34 24 15 9 44 58 28 47 0 5 33 48 39 4 40 31 38 41 29 42 12 30 10 32 33 29 35 27 22 30 56 26 
17 33 27 43 44 42 18 9 20 30 10 52 42 50 26 7 16 44 9 31 23 11 3 40 55 28 43 5 0 28 46 33 3 35 31 32 35 29 38 8 33 9 34 34 24 30 29 17 32 53 29 
22 27 29 21 18 18 15 24 15 35 18 31 14 31 5 29 29 18 19 15 20 29 25 13 34 28 19 33 28 0 26 12 28 9 31 16 17 27 10 20 44 25 41 37 8 9 36 21 37 31 40 
47 18 27 6 15 9 27 38 41 32 40 7 27 5 23 50 37 35 40 14 24 51 44 16 9 25 9 48 46 26 0 36 44 31 25 42 41 23 22 38 42 38 37 30 34 35 34 46 33 7 40 
20 39 41 30 24 27 26 32 13 47 22 39 13 41 17 31 39 11 24 27 31 30 30 20 43 40 27 39 33 12 36 0 35 5 43 6 5 39 14 27 55 34 53 48 9 3 47 20 49 40 51 
19 31 25 42 44 41 17 6 22 27 12 51 43 48 26 11 13 45 10 30 21 14 5 40 54 25 43 4 3 28 44 35 0 36 29 34 37 26 38 8 30 7 31 31 25 31 25 19 29 51 26 
24 36 39 25 18 21 24 32 17 45 24 34 8 36 14 34 38 9 25 23 29 33 31 15 38 38 22 40 35 9 31 5 36 0 40 11 10 36 8 28 53 34 51 46 11 6 45 24 47 35 50 
41 6 4 27 34 28 18 22 39 7 32 32 41 26 25 39 16 48 31 17 11 41 31 32 32 3 30 31 31 31 25 43 29 40 0 46 48 4 35 26 16 21 12 6 36 40 9 41 8 31 15 
17 44 44 36 30 33 29 33 11 50 22 45 19 47 22 29 41 15 23 32 35 27 29 26 50 44 34 38 32 16 42 6 34 11 46 0 3 42 20 27 58 35 56 52 11 6 50 17 52 46 54 
21 44 46 35 28 32 31 36 15 52 25 44 17 46 22 33 43 12 26 32 36 30 32 25 48 45 32 41 35 17 41 5 37 10 48 3 0 44 19 30 60 38 58 54 13 7 52 21 54 45 56 
38 5 4 24 31 26 14 20 35 9 28 30 37 25 21 36 15 44 28 14 8 38 28 29 31 2 27 29 29 27 23 39 26 36 4 42 44 0 32 23 19 19 15 9 32 36 11 37 11 30 17 
31 30 35 16 9 13 23 33 23 41 28 25 5 28 13 39 37 13 29 18 26 38 35 6 29 34 13 42 38 10 22 14 38 8 35 20 19 32 0 30 51 35 47 41 16 14 42 30 43 26 47 
15 27 23 35 36 34 11 5 16 27 6 45 34 42 18 12 14 37 5 23 16 14 5 32 47 23 35 12 8 20 38 27 8 28 26 27 30 23 30 0 32 7 32 30 17 24 26 15 29 45 28 
48 23 15 44 51 45 29 26 47 10 38 48 56 42 39 41 17 63 37 33 24 44 34 48 48 17 46 30 33 44 42 55 30 53 16 58 60 19 51 32 0 24 5 12 47 52 8 47 8 48 3 
23 24 18 37 39 36 12 1 24 20 14 45 40 42 22 17 7 44 12 24 14 20 10 36 47 18 37 10 9 25 38 34 7 34 21 35 38 19 35 7 24 0 25 24 24 31 19 23 22 45 20 
48 18 12 39 47 41 27 26 46 6 38 43 53 37 36 42 18 60 37 29 21 45 35 45 43 13 42 32 34 41 37 53 31 51 12 56 58 15 47 32 5 25 0 6 45 50 5 47 4 43 6 
46 11 7 32 40 34 23 25 44 4 36 36 47 30 31 42 18 54 35 23 17 44 34 38 36 8 35 33 34 37 30 48 31 46 6 52 54 9 41 30 12 24 6 0 41 46 6 45 3 36 11 
14 33 33 29 25 26 18 23 6 39 13 39 19 39 12 23 30 20 15 22 24 22 20 21 43 33 28 29 24 8 34 9 25 11 36 11 13 32 16 17 47 24 45 41 0 6 39 13 41 40 43 
18 37 38 29 24 26 23 29 11 44 19 39 15 40 15 28 36 14 21 25 29 27 27 20 43 37 27 35 30 9 35 3 31 6 40 6 7 36 14 24 52 31 50 46 6 0 44 18 46 40 48 
42 15 7 36 43 37 21 21 41 2 32 41 48 35 31 36 12 54 31 25 16 39 29 40 41 9 38 27 29 36 34 47 25 45 9 50 52 11 42 26 8 19 5 6 39 44 0 42 3 41 5 
0 40 38 42 39 39 23 21 7 42 9 52 32 51 23 12 30 32 10 33 30 9 14 35 55 38 41 22 17 21 46 20 19 24 41 17 21 37 30 15 47 23 47 45 13 18 42 0 44 52 44 
45 14 7 35 42 37 23 23 43 2 35 39 49 33 32 39 15 55 34 25 17 42 32 40 39 9 38 30 32 37 33 49 29 47 8 52 54 11 43 29 8 22 4 3 41 46 3 44 0 39 7 
53 25 34 10 17 13 34 45 46 38 46 0 29 6 29 57 44 37 47 21 31 58 51 19 3 32 12 56 53 31 7 40 51 35 31 46 45 30 26 45 48 45 43 36 40 40 41 52 39 0 46 
44 21 13 41 48 43 25 22 44 8 34 47 53 41 35 37 13 59 33 31 21 40 30 46 47 14 44 26 29 40 40 51 26 50 15 54 56 17 47 28 3 20 6 11 43 48 5 44 7 46 0 
0 819
251 496
280 525
292 537
236 481
567 812
106 351
430 675
442 687
132 377
500 745
351 596
478 723
35 280
426 671
357 602
501 746
1 246
553 798
126 371
440 685
10 255
71 316
442 687
155 400
197 442
288 533
198 443
63 308
496 741
472 717
379 624
563 808
39 284
365 610
294 539
254 499
435 680
393 638
464 709
263 508
466 711
252 497
45 290
283 528
310 555
147 392
295 540
440 685
520 765
105 350
