51
0 15 52 8 33 22 57 32 29 37 33 4 36 39 45 36 47 20 20 4 50 18 42 20 36 20 44 49 40 27 33 10 42 37 37 13 22 32 35 28 44 24 45 7 39 10 36 27 15 12 41 
15 0 43 21 21 24 46 16 17 21 21 10 23 26 32 35 38 21 19 11 39 15 41 14 21 6 43 36 33 13 33 19 38 21 35 2 18 22 29 30 32 28 45 18 41 18 21 12 2 7 38 
52 43 0 52 23 36 11 40 26 37 23 48 22 18 17 27 5 35 33 48 10 34 27 32 40 43 28 13 13 43 29 47 20 38 25 45 30 20 18 34 15 37 30 49 32 46 42 34 45 41 21 
8 21 52 0 36 18 59 38 32 42 36 11 39 41 47 32 47 17 19 9 52 18 38 21 42 27 39 51 39 34 29 5 39 43 33 20 22 33 34 23 46 19 40 3 35 6 43 32 22 16 38 
33 21 23 36 0 25 24 18 3 17 0 28 4 5 11 27 19 22 20 28 17 17 32 14 19 20 34 15 17 20 27 31 26 18 26 23 15 6 15 28 11 29 36 32 34 30 21 11 22 20 26 
22 24 36 18 25 0 44 36 23 39 25 20 29 29 36 14 30 3 5 19 38 9 20 12 40 29 22 38 22 35 11 12 21 40 15 25 9 21 17 6 34 3 23 15 17 12 41 28 26 17 20 
57 46 11 59 24 44 0 38 28 34 25 53 22 19 14 37 15 43 41 53 7 40 38 37 37 45 40 9 23 43 40 54 31 35 36 48 37 25 27 44 14 46 42 55 43 52 39 35 47 45 32 
32 16 40 38 18 36 38 0 17 5 18 27 17 21 24 43 37 33 31 28 32 27 49 24 4 11 51 29 35 5 43 36 44 5 43 18 27 23 33 41 25 40 53 34 50 34 4 8 16 22 44 
29 17 26 32 3 23 28 17 0 17 3 24 7 9 15 26 21 20 17 24 21 14 32 11 19 17 34 19 18 18 26 28 26 18 26 19 13 6 16 26 15 26 36 28 33 26 21 9 18 16 26 
37 21 37 42 17 39 34 5 17 0 16 32 14 18 19 43 34 35 33 33 28 29 49 26 3 16 51 25 34 11 43 40 43 1 43 23 29 23 32 43 21 42 53 39 50 38 5 10 21 26 43 
33 21 23 36 0 25 25 18 3 16 0 28 4 5 11 27 19 23 20 28 18 18 32 14 19 20 34 16 17 20 28 31 26 18 27 23 16 6 16 28 11 29 36 32 34 30 21 11 22 20 26 
4 10 48 11 28 20 53 27 24 32 28 0 32 34 40 34 43 18 18 2 46 15 40 16 31 16 42 44 37 23 32 11 39 32 34 9 19 28 31 26 39 24 43 8 38 10 32 22 11 7 39 
36 23 22 39 4 29 22 17 7 14 4 32 0 4 8 30 19 27 24 32 16 22 35 18 18 22 37 13 19 21 31 35 29 16 30 26 20 9 19 32 8 33 39 35 37 34 19 12 24 24 29 
39 26 18 41 5 29 19 21 9 18 5 34 4 0 6 28 15 27 24 34 12 22 32 19 22 25 35 10 16 25 29 36 26 20 27 29 20 8 16 31 5 32 36 37 35 35 24 16 28 26 26 
45 32 17 47 11 36 14 24 15 19 11 40 8 6 0 33 16 33 31 40 8 29 37 26 23 30 39 5 19 28 35 43 30 21 33 34 26 15 22 37 2 39 41 44 40 41 25 21 33 32 30 
36 35 27 32 27 14 37 43 26 43 27 34 30 28 33 0 22 15 15 32 32 19 6 20 45 39 8 33 14 43 2 26 7 45 1 36 16 20 11 9 31 12 10 30 7 26 47 34 37 29 7 
47 38 5 47 19 30 15 37 21 34 19 43 19 15 16 22 0 29 28 42 11 28 23 26 37 39 25 13 7 40 24 41 16 36 21 40 24 15 13 29 14 32 26 43 27 40 39 30 40 35 16 
20 21 35 17 22 3 43 33 20 35 23 18 27 27 33 15 29 0 2 16 36 6 22 9 36 26 24 36 22 31 13 12 21 36 16 21 7 18 16 9 31 7 25 14 20 11 38 24 23 14 21 
20 19 33 19 20 5 41 31 17 33 20 18 24 24 31 15 28 2 0 17 34 4 22 7 34 24 24 33 20 30 14 13 21 34 16 21 4 16 14 10 29 9 25 15 21 12 36 22 22 13 20 
4 11 48 9 28 19 53 28 24 33 28 2 32 34 40 32 42 16 17 0 46 14 39 16 33 17 41 44 36 24 30 9 38 33 33 10 18 27 30 25 39 22 42 6 36 8 33 23 12 7 37 
50 39 10 52 17 38 7 32 21 28 18 46 16 12 8 32 11 36 34 46 0 33 34 30 32 38 36 3 17 36 34 47 27 30 31 41 30 18 21 38 7 40 38 48 38 45 33 28 40 38 27 
18 15 34 18 17 9 40 27 14 29 18 15 22 22 29 19 28 6 4 14 33 0 26 3 30 20 28 32 21 25 18 13 24 30 20 16 4 14 16 15 27 13 30 15 25 12 31 18 17 9 24 
42 41 27 38 32 20 38 49 32 49 32 40 35 32 37 6 23 22 22 39 34 26 0 27 51 45 2 36 17 49 8 32 7 50 6 43 23 26 16 14 34 18 4 36 4 32 53 40 43 35 6 
20 14 32 21 14 12 37 24 11 26 14 16 18 19 26 20 26 9 7 16 30 3 27 0 27 18 29 29 20 22 20 16 24 27 21 15 4 12 15 17 24 16 31 17 27 15 28 15 16 9 24 
36 21 40 42 19 40 37 4 19 3 19 31 18 22 23 45 37 36 34 33 32 30 51 27 0 15 53 28 37 9 45 40 46 1 45 22 31 25 35 44 25 44 55 39 52 38 1 11 20 26 46 
20 6 43 27 20 29 45 11 17 16 20 16 22 25 30 39 39 26 24 17 38 20 45 18 15 0 47 35 35 7 38 26 41 16 39 7 22 23 31 35 30 33 49 24 45 24 16 9 4 12 41 
44 43 28 39 34 22 40 51 34 51 34 42 37 35 39 8 25 24 24 41 36 28 2 29 53 47 0 38 19 51 10 34 9 53 8 45 25 28 18 16 36 19 1 37 5 34 55 43 46 37 8 
49 36 13 51 15 38 9 29 19 25 16 44 13 10 5 33 13 36 33 44 3 32 36 29 28 35 38 0 18 33 35 46 28 27 32 39 29 17 22 38 4 40 40 47 39 44 30 26 38 36 29 
40 33 13 39 17 22 23 35 18 34 17 37 19 16 19 14 7 22 20 36 17 21 17 20 37 35 19 18 0 37 17 34 10 35 13 35 17 11 5 21 17 24 21 36 21 33 38 28 35 29 10 
27 13 43 34 20 35 43 5 18 11 20 23 21 25 28 43 40 31 30 24 36 25 49 22 9 7 51 33 37 0 42 32 44 10 43 14 27 25 34 40 29 39 53 31 49 31 9 9 11 19 45 
33 33 29 29 27 11 40 43 26 43 28 32 31 29 35 2 24 13 14 30 34 18 8 20 45 38 10 35 17 42 0 24 10 45 4 35 15 21 13 6 32 10 11 27 7 23 47 34 36 27 10 
10 19 47 5 31 12 54 36 28 40 31 11 35 36 43 26 41 12 13 9 47 13 32 16 40 26 34 46 34 32 24 0 33 40 28 19 17 28 28 18 41 14 35 3 30 1 41 29 21 13 33 
42 38 20 39 26 21 31 44 26 43 26 39 29 26 30 7 16 21 21 38 27 24 7 24 46 41 9 28 10 44 10 33 0 45 6 40 20 20 10 16 27 20 11 36 11 32 47 35 40 33 0 
37 21 38 43 18 40 35 5 18 1 18 32 16 20 21 45 36 36 34 33 30 30 50 27 1 16 53 27 35 10 45 40 45 0 44 23 30 24 34 44 23 44 54 39 52 39 3 11 21 26 45 
37 35 25 33 26 15 36 43 26 43 27 34 30 27 33 1 21 16 16 33 31 20 6 21 45 39 8 32 13 43 4 28 6 44 0 37 17 20 11 10 30 14 10 31 7 27 47 34 37 29 5 
13 2 45 20 23 25 48 18 19 23 23 9 26 29 34 36 40 21 21 10 41 16 43 15 22 7 45 39 35 14 35 19 40 23 37 0 20 24 31 31 34 28 46 17 42 18 23 14 2 7 40 
22 18 30 22 15 9 37 27 13 29 16 19 20 20 26 16 24 7 4 18 30 4 23 4 31 22 25 29 17 27 15 17 20 30 17 20 0 11 12 13 25 13 27 19 23 15 32 19 20 12 20 
32 22 20 33 6 21 25 23 6 23 6 28 9 8 15 20 15 18 16 27 18 14 26 12 25 23 28 17 11 25 21 28 20 24 20 24 11 0 9 22 13 23 30 29 28 27 27 16 24 20 20 
35 29 18 34 15 17 27 33 16 32 16 31 19 16 22 11 13 16 14 30 21 16 16 15 35 31 18 22 5 34 13 28 10 34 11 31 12 9 0 16 19 18 20 30 18 27 37 25 31 24 10 
28 30 34 23 28 6 44 41 26 43 28 26 32 31 37 9 29 9 10 25 38 15 14 17 44 35 16 38 21 40 6 18 16 44 10 31 13 22 16 0 35 3 17 21 11 17 46 32 32 23 16 
44 32 15 46 11 34 14 25 15 21 11 39 8 5 2 31 14 31 29 39 7 27 34 24 25 30 36 4 17 29 32 41 27 23 30 34 25 13 19 35 0 36 38 42 37 40 26 21 33 31 27 
24 28 37 19 29 3 46 40 26 42 29 24 33 32 39 12 32 7 9 22 40 13 18 16 44 33 19 40 24 39 10 14 20 44 14 28 13 23 18 3 36 0 20 18 15 14 45 32 30 21 19 
45 45 30 40 36 23 42 53 36 53 36 43 39 36 41 10 26 25 25 42 38 30 4 31 55 49 1 40 21 53 11 35 11 54 10 46 27 30 20 17 38 20 0 38 5 35 57 44 47 39 10 
7 18 49 3 32 15 55 34 28 39 32 8 35 37 44 30 43 14 15 6 48 15 36 17 39 24 37 47 36 31 27 3 36 39 31 17 19 29 30 21 42 18 38 0 33 3 39 28 19 12 36 
39 41 32 35 34 17 43 50 33 50 34 38 37 35 40 7 27 20 21 36 38 25 4 27 52 45 5 39 21 49 7 30 11 52 7 42 23 28 18 11 37 15 5 33 0 29 54 41 43 34 11 
10 18 46 6 30 12 52 34 26 38 30 10 34 35 41 26 40 11 12 8 45 12 32 15 38 24 34 44 33 31 23 1 32 39 27 18 15 27 27 17 40 14 35 3 29 0 39 27 20 12 32 
36 21 42 43 21 41 39 4 21 5 21 32 19 24 25 47 39 38 36 33 33 31 53 28 1 16 55 30 38 9 47 41 47 3 47 23 32 27 37 46 26 45 57 39 54 39 0 13 21 27 47 
27 12 34 32 11 28 35 8 9 10 11 22 12 16 21 34 30 24 22 23 28 18 40 15 11 9 43 26 28 9 34 29 35 11 34 14 19 16 25 32 21 32 44 28 41 27 13 0 12 15 35 
15 2 45 22 22 26 47 16 18 21 22 11 24 28 33 37 40 23 22 12 40 17 43 16 20 4 46 38 35 11 36 21 40 21 37 2 20 24 31 32 33 30 47 19 43 20 21 12 0 9 40 
12 7 41 16 20 17 45 22 16 26 20 7 24 26 32 29 35 14 13 7 38 9 35 9 26 12 37 36 29 19 27 13 33 26 29 7 12 20 24 23 31 21 39 12 34 12 27 15 9 0 33 
41 38 21 38 26 20 32 44 26 43 26 39 29 26 30 7 16 21 20 37 27 24 6 24 46 41 8 29 10 45 10 33 0 45 5 40 20 20 10 16 27 19 10 36 11 32 47 35 40 33 0 
0 764
306 458
321 473
449 601
419 571
546 698
50 202
34 186
257 409
235 387
197 349
341 493
301 453
59 211
257 409
40 192
263 415
579 731
522 674
152 304
349 501
93 245
572 724
377 529
419 571
593 745
46 198
512 664
550 702
463 615
605 757
374 526
143 295
404 556
474 626
456 608
511 663
84 236
270 422
62 214
386 538
200 352
289 441
572 724
337 489
555 707
431 583
598 750
233 385
343 495
543 695
