51
0 25 12 13 40 3 5 40 15 43 11 30 13 35 25 20 19 12 22 25 32 33 9 9 35 22 49 27 35 25 9 28 38 13 33 11 17 10 24 22 9 25 28 33 31 27 44 16 7 45 14 
25 0 32 30 18 22 24 15 11 19 14 15 38 15 19 30 11 34 18 28 9 31 32 22 36 3 24 8 13 10 33 22 16 18 15 29 16 17 27 3 29 12 26 11 32 3 19 22 20 20 29 
12 32 0 25 42 12 18 47 20 48 21 31 13 37 37 33 21 3 21 18 40 26 6 9 27 30 54 30 38 35 7 40 47 13 34 2 29 14 17 28 3 27 23 42 23 33 49 12 19 52 4 
13 30 25 0 48 15 8 43 25 49 16 40 19 44 20 8 29 24 34 39 34 46 20 23 49 27 54 35 43 25 20 22 39 25 42 24 15 21 37 29 22 35 41 34 44 33 49 29 11 49 28 
40 18 42 48 0 36 41 16 24 9 31 11 52 4 36 48 21 45 21 30 20 27 44 33 32 21 14 12 4 27 46 39 23 29 7 40 35 30 29 18 40 15 24 23 30 15 11 29 37 16 38 
3 22 12 15 36 0 7 37 12 40 9 27 16 32 24 22 15 13 19 23 30 30 10 7 33 20 46 24 32 23 11 27 36 10 30 10 17 6 21 19 9 22 25 31 28 24 41 13 7 43 13 
5 24 18 8 41 7 0 38 17 43 9 32 16 36 20 15 21 17 25 30 30 37 13 14 40 21 49 28 36 22 14 23 36 16 34 16 13 13 28 22 14 27 32 31 35 27 43 20 4 44 19 
40 15 47 43 16 37 38 0 26 10 29 23 53 17 26 41 25 49 30 41 8 41 47 37 46 17 12 18 15 18 48 27 7 33 20 44 28 32 40 18 44 23 36 9 43 13 8 36 34 6 44 
15 11 20 25 24 12 17 26 0 28 9 15 28 20 22 28 4 22 10 19 20 24 21 11 28 10 34 11 20 17 22 26 27 7 18 17 17 6 18 8 17 10 19 22 24 13 29 11 13 31 18 
43 19 48 49 9 40 43 10 28 0 34 19 57 12 34 48 26 51 29 38 17 36 50 39 42 22 6 17 10 25 51 36 17 34 15 46 35 34 37 21 45 21 33 18 39 16 1 36 39 7 45 
11 14 21 16 31 9 9 29 9 34 0 24 24 27 16 18 13 22 19 27 21 33 19 13 36 12 39 19 27 14 20 19 27 13 26 19 9 8 25 13 18 19 28 22 32 18 34 17 5 35 21 
30 15 31 40 11 27 32 23 15 19 24 0 42 6 33 42 11 34 10 19 22 18 34 23 23 17 25 6 8 25 35 37 27 18 3 29 30 20 18 13 29 5 14 25 20 13 20 18 29 25 27 
13 38 13 19 52 16 16 53 28 57 24 42 0 48 36 27 31 10 32 32 46 40 8 19 40 36 63 40 48 38 7 39 52 23 45 14 30 22 31 36 13 37 37 47 37 41 57 24 20 59 18 
35 15 37 44 4 32 36 17 20 12 27 6 48 0 34 45 16 40 17 26 19 24 40 29 29 18 18 8 2 25 41 37 23 24 3 35 31 25 25 15 35 10 20 22 27 12 14 25 33 19 34 
25 19 37 20 36 24 20 26 22 34 16 33 36 34 0 15 26 37 33 42 17 47 34 29 51 16 38 27 32 9 34 3 20 28 34 34 7 24 40 20 33 30 41 16 47 21 34 33 17 32 37 
20 30 33 8 48 22 15 41 28 48 18 42 27 45 15 0 32 32 38 45 32 51 28 29 54 27 53 37 44 22 28 15 36 30 44 31 13 26 43 30 30 38 46 31 50 33 48 35 15 47 35 
19 11 21 29 21 15 21 25 4 26 13 11 31 16 26 32 0 24 7 17 21 21 23 13 25 12 32 8 17 19 24 30 27 8 14 19 21 9 15 8 19 6 15 23 21 12 27 10 18 30 19 
12 34 3 24 45 13 17 49 22 51 22 34 10 40 37 32 24 0 24 22 42 30 3 11 30 32 57 33 41 36 4 40 49 16 38 5 30 16 21 30 5 30 27 44 26 36 52 16 19 54 8 
22 18 21 34 21 19 25 30 10 29 19 10 32 17 33 38 7 24 0 10 27 13 24 13 18 19 35 12 18 27 25 37 33 9 14 18 28 12 9 15 19 7 8 29 14 18 30 8 23 34 17 
25 28 18 39 30 23 30 41 19 38 27 19 32 26 42 45 17 22 10 0 38 8 23 16 9 29 44 22 28 37 25 46 44 14 22 17 36 18 1 25 18 17 6 40 5 28 39 10 29 44 13 
32 9 40 34 20 30 30 8 20 17 21 22 46 19 17 32 21 42 27 38 0 39 40 31 45 10 20 16 17 9 41 19 6 28 21 38 19 26 36 13 37 21 35 2 41 9 16 31 26 15 39 
33 31 26 46 27 30 37 41 24 36 33 18 40 24 47 51 21 30 13 8 39 0 32 23 5 32 42 23 26 40 33 51 45 20 21 25 41 25 9 28 26 18 5 42 4 30 38 17 36 43 22 
9 32 6 20 44 10 13 47 21 50 19 34 8 40 34 28 23 3 24 23 40 32 0 10 32 30 55 32 40 34 1 37 47 15 37 6 26 15 22 29 5 29 28 41 29 34 50 16 16 53 10 
9 22 9 23 33 7 14 37 11 39 13 23 19 29 29 29 13 11 13 16 31 23 10 0 25 21 45 21 30 26 12 33 38 4 26 6 22 5 14 19 6 18 19 33 21 24 40 6 13 43 7 
35 36 27 49 32 33 40 46 28 42 36 23 40 29 51 54 25 30 18 9 45 5 32 25 0 37 47 28 32 45 33 55 50 24 26 26 45 28 11 33 27 24 10 47 4 35 43 19 39 49 22 
22 3 30 27 21 20 21 17 10 22 12 17 36 18 16 27 12 32 19 29 10 32 30 21 37 0 27 11 17 7 31 19 16 18 18 28 13 16 28 4 27 14 27 11 33 6 22 22 17 23 29 
49 24 54 54 14 46 49 12 34 6 39 25 63 18 38 53 32 57 35 44 20 42 55 45 47 27 0 23 16 30 57 40 18 40 21 52 39 40 43 27 51 27 39 21 45 21 5 42 45 6 51 
27 8 30 35 12 24 28 18 11 17 19 6 40 8 27 37 8 33 12 22 16 23 32 21 28 11 23 0 8 19 33 30 22 17 7 28 24 17 21 7 28 4 18 18 25 6 18 19 24 22 27 
35 13 38 43 4 32 36 15 20 10 27 8 48 2 32 44 17 41 18 28 17 26 40 30 32 17 16 8 0 23 42 35 21 25 5 36 30 25 27 14 36 11 23 19 29 10 11 26 32 16 35 
25 10 35 25 27 23 22 18 17 25 14 25 38 25 9 22 19 36 27 37 9 40 34 26 45 7 30 19 23 0 34 12 14 24 25 33 10 21 35 12 32 22 35 9 41 13 25 28 18 24 34 
9 33 7 20 46 11 14 48 22 51 20 35 7 41 34 28 24 4 25 25 41 33 1 12 33 31 57 33 42 34 0 37 48 16 38 7 27 16 23 30 6 30 29 42 30 35 51 17 16 54 11 
28 22 40 22 39 27 23 27 26 36 19 37 39 37 3 15 30 40 37 46 19 51 37 33 55 19 40 30 35 12 37 0 22 32 37 38 10 28 44 23 37 33 45 18 51 25 36 37 21 33 41 
38 16 47 39 23 36 36 7 27 17 27 27 52 23 20 36 27 49 33 44 6 45 47 38 50 16 18 22 21 14 48 22 0 35 25 45 24 32 43 19 44 27 40 5 47 15 15 38 32 12 45 
13 18 13 25 29 10 16 33 7 34 13 18 23 24 28 30 8 16 9 14 28 20 15 4 24 18 40 17 25 24 16 32 35 0 21 11 22 4 12 15 11 13 16 30 19 20 35 4 15 38 10 
33 15 34 42 7 30 34 20 18 15 26 3 45 3 34 44 14 38 14 22 21 21 37 26 26 18 21 7 5 25 38 37 25 21 0 32 31 23 22 14 32 8 17 23 24 12 17 22 31 22 31 
11 29 2 24 40 10 16 44 17 46 19 29 14 35 34 31 19 5 18 17 38 25 6 6 26 28 52 28 36 33 7 38 45 11 32 0 27 12 16 26 1 24 22 40 22 31 46 10 17 49 3 
17 16 29 15 35 17 13 28 17 35 9 30 30 31 7 13 21 30 28 36 19 41 26 22 45 13 39 24 30 10 27 10 24 22 31 27 0 18 34 16 26 25 36 19 41 20 34 26 10 34 30 
10 17 14 21 30 6 13 32 6 34 8 20 22 25 24 26 9 16 12 18 26 25 15 5 28 16 40 17 25 21 16 28 32 4 23 12 18 0 17 14 11 15 20 27 23 19 35 8 11 37 13 
24 27 17 37 29 21 28 40 18 37 25 18 31 25 40 43 15 21 9 1 36 9 22 14 11 28 43 21 27 35 23 44 43 12 22 16 34 17 0 24 17 16 6 39 7 27 39 8 27 43 12 
22 3 28 29 18 19 22 18 8 21 13 13 36 15 20 30 8 30 15 25 13 28 29 19 33 4 27 7 14 12 30 23 19 15 14 26 16 14 24 0 25 9 23 15 29 5 21 18 18 23 26 
9 29 3 22 40 9 14 44 17 45 18 29 13 35 33 30 19 5 19 18 37 26 5 6 27 27 51 28 36 32 6 37 44 11 32 1 26 11 17 25 0 24 23 39 24 31 46 11 16 49 5 
25 12 27 35 15 22 27 23 10 21 19 5 37 10 30 38 6 30 7 17 21 18 29 18 24 14 27 4 11 22 30 33 27 13 8 24 25 15 16 9 24 0 13 23 20 11 23 14 24 27 23 
28 26 23 41 24 25 32 36 19 33 28 14 37 20 41 46 15 27 8 6 35 5 28 19 10 27 39 18 23 35 29 45 40 16 17 22 36 20 6 23 23 13 0 37 6 25 34 12 31 39 19 
33 11 42 34 23 31 31 9 22 18 22 25 47 22 16 31 23 44 29 40 2 42 41 33 47 11 21 18 19 9 42 18 5 30 23 40 19 27 39 15 39 23 37 0 43 12 17 33 27 15 40 
31 32 23 44 30 28 35 43 24 39 32 20 37 27 47 50 21 26 14 5 41 4 29 21 4 33 45 25 29 41 30 51 47 19 24 22 41 23 7 29 24 20 6 43 0 31 41 15 34 46 18 
27 3 33 33 15 24 27 13 13 16 18 13 41 12 21 33 12 36 18 28 9 30 34 24 35 6 21 6 10 13 35 25 15 20 12 31 20 19 27 5 31 11 25 12 31 0 16 23 23 18 31 
44 19 49 49 11 41 43 8 29 1 34 20 57 14 34 48 27 52 30 39 16 38 50 40 43 22 5 18 11 25 51 36 15 35 17 46 34 35 39 21 46 23 34 17 41 16 0 37 39 5 46 
16 22 12 29 29 13 20 36 11 36 17 18 24 25 33 35 10 16 8 10 31 17 16 6 19 22 42 19 26 28 17 37 38 4 22 10 26 8 8 18 11 14 12 33 15 23 37 0 19 41 8 
7 20 19 11 37 7 4 34 13 39 5 29 20 33 17 15 18 19 23 29 26 36 16 13 39 17 45 24 32 18 16 21 32 15 31 17 10 11 27 18 16 24 31 27 34 23 39 19 0 40 20 
45 20 52 49 16 43 44 6 31 7 35 25 59 19 32 47 30 54 34 44 15 43 53 43 49 23 6 22 16 24 54 33 12 38 22 49 34 37 43 23 49 27 39 15 46 18 5 41 40 0 49 
14 29 4 28 38 13 19 44 18 45 21 27 18 34 37 35 19 8 17 13 39 22 10 7 22 29 51 27 35 34 11 41 45 10 31 3 30 13 12 26 5 23 19 40 18 31 46 8 20 49 0 
0 437
140 314
128 302
54 228
122 296
262 436
177 351
147 321
191 365
121 295
229 403
104 278
61 235
109 283
105 279
90 264
184 358
147 321
35 209
225 399
250 424
73 247
201 375
261 435
214 388
54 228
2 176
91 265
176 350
203 377
88 262
253 427
47 221
226 400
194 368
246 420
197 371
27 201
158 332
41 215
161 335
71 245
34 208
27 201
165 339
161 335
228 402
96 270
6 180
35 209
167 341
