51
0 24 58 24 30 51 15 3 7 45 47 38 40 15 34 46 33 7 46 39 57 39 37 16 29 49 44 5 39 35 21 33 29 23 45 26 28 31 53 36 36 44 12 21 34 47 28 47 21 30 32 
24 0 34 23 15 31 16 21 18 24 27 17 25 9 11 26 10 16 24 19 36 17 20 18 6 29 22 27 21 12 15 10 14 11 22 24 4 28 29 13 14 21 13 17 14 23 8 25 13 13 29 
58 34 0 45 31 13 45 55 53 16 15 31 27 43 23 17 28 50 27 20 10 29 25 46 31 14 14 59 36 26 40 28 32 36 26 44 30 43 11 21 31 13 45 41 24 21 34 12 38 38 45 
24 23 45 0 14 34 10 20 26 29 31 41 19 23 25 29 33 22 46 24 40 40 20 8 29 32 30 22 45 33 8 33 13 12 45 2 25 7 45 27 38 33 16 6 21 44 32 32 10 37 7 
30 15 31 14 0 22 15 26 28 15 17 30 10 20 11 16 22 24 34 10 28 29 7 16 19 19 16 30 35 21 9 22 1 7 32 13 14 15 31 13 27 18 17 10 7 31 23 18 8 28 16 
51 31 13 34 22 0 37 48 48 6 4 35 15 39 19 5 29 45 34 12 6 33 14 38 30 2 9 52 41 27 31 29 23 28 32 33 27 32 20 18 34 12 39 32 17 28 34 6 30 39 33 
15 16 45 10 15 37 0 11 15 31 33 33 24 13 22 32 27 11 40 25 43 33 22 2 22 35 30 15 37 28 6 27 14 8 39 12 19 17 43 24 31 32 6 5 20 39 24 33 6 28 18 
3 21 55 20 26 48 11 0 8 41 44 37 36 13 31 43 31 6 44 36 54 37 34 12 27 46 41 5 39 33 18 32 25 19 43 23 26 28 50 33 34 41 9 17 31 45 27 43 18 29 28 
7 18 53 26 28 48 15 8 0 41 44 31 38 9 29 43 27 4 39 36 53 32 35 17 23 46 40 12 32 29 21 27 26 20 38 28 22 33 47 31 28 39 10 21 30 40 21 43 20 22 34 
45 24 16 29 15 6 31 41 41 0 2 31 11 33 13 2 24 38 31 5 12 28 9 31 24 4 4 46 36 22 25 24 17 22 29 28 21 27 20 12 29 9 32 26 11 25 28 4 24 33 28 
47 27 15 31 17 4 33 44 44 2 0 33 12 35 15 1 26 41 32 7 10 30 10 34 26 1 6 48 38 24 27 26 19 24 30 29 23 28 21 14 31 10 34 28 13 27 30 4 26 36 29 
38 17 31 41 30 35 33 37 31 31 33 0 36 23 19 33 8 31 8 28 38 2 31 36 11 33 26 42 5 8 33 7 30 28 8 41 16 44 21 19 2 22 29 34 24 11 9 28 30 8 46 
40 25 27 19 10 15 24 36 38 11 12 36 0 30 17 10 29 34 39 9 21 35 4 24 27 13 14 39 42 28 18 29 11 17 37 18 22 16 31 17 34 18 27 18 12 34 31 15 18 37 17 
15 9 43 23 20 39 13 13 9 33 35 23 30 0 20 34 18 7 31 27 45 24 27 15 14 37 31 18 25 20 16 18 19 14 30 24 13 29 38 22 21 30 7 16 22 32 13 34 14 16 30 
34 11 23 25 11 19 22 31 29 13 15 19 17 20 0 15 11 27 22 9 24 18 12 24 11 17 10 36 25 10 18 12 12 14 20 25 7 27 20 2 17 10 21 19 5 19 15 13 16 20 28 
46 26 17 29 16 5 32 43 43 2 1 33 10 34 15 0 26 40 33 7 11 31 9 32 26 3 7 47 39 24 26 26 17 23 31 28 23 26 22 14 31 11 33 26 12 28 30 6 25 36 27 
33 10 28 33 22 29 27 31 27 24 26 8 29 18 11 26 0 26 13 20 33 7 24 29 4 27 20 37 13 2 25 0 21 20 12 33 8 36 20 12 5 17 23 26 17 13 5 22 23 9 38 
7 16 50 22 24 45 11 6 4 38 41 31 34 7 27 40 26 0 39 33 51 31 31 13 21 43 37 11 32 28 17 26 23 17 38 24 21 29 45 29 28 37 6 17 27 39 21 40 16 23 30 
46 24 27 46 34 34 40 44 39 31 32 8 39 31 22 33 13 39 0 29 35 7 34 42 18 33 26 50 10 12 38 13 34 34 1 47 21 49 16 21 10 22 37 40 27 5 17 27 36 16 50 
39 19 20 24 10 12 25 36 36 5 7 28 9 27 9 7 20 33 29 0 17 26 5 26 20 9 6 40 33 19 20 21 11 17 27 23 16 23 22 8 26 9 27 21 5 25 24 8 18 29 25 
57 36 10 40 28 6 43 54 53 12 10 38 21 45 24 11 33 51 35 17 0 36 20 44 34 8 14 58 43 31 37 33 29 34 34 39 32 37 20 23 37 16 44 38 23 30 38 11 36 43 38 
39 17 29 40 29 33 33 37 32 28 30 2 35 24 18 31 7 31 7 26 36 0 30 36 11 31 24 42 7 7 32 6 28 27 6 41 15 44 19 17 3 20 30 34 23 9 10 26 30 10 45 
37 20 25 20 7 14 22 34 35 9 10 31 4 27 12 9 24 31 34 5 20 30 0 23 22 12 11 38 37 23 16 24 8 14 32 19 18 18 27 12 29 14 25 17 7 30 26 12 16 32 19 
16 18 46 8 16 38 2 12 17 31 34 36 24 15 24 32 29 13 42 26 44 36 23 0 24 35 32 15 39 30 6 29 14 10 41 10 21 15 44 26 33 33 8 5 22 41 26 34 7 30 16 
29 6 31 29 19 30 22 27 23 24 26 11 27 14 11 26 4 21 18 20 34 11 22 24 0 28 20 32 16 6 21 4 18 16 16 30 4 33 24 11 9 18 19 22 15 17 4 23 19 9 34 
49 29 14 32 19 2 35 46 46 4 1 33 13 37 17 3 27 43 33 9 8 31 12 35 28 0 7 50 39 25 29 27 21 26 31 31 25 30 20 16 32 11 36 30 15 27 32 5 28 37 31 
44 22 14 30 16 9 30 41 40 4 6 26 14 31 10 7 20 37 26 6 14 24 11 32 20 7 0 45 32 18 25 20 17 22 24 29 18 29 16 8 24 4 31 26 10 21 24 2 24 29 31 
5 27 59 22 30 52 15 5 12 46 48 42 39 18 36 47 37 11 50 40 58 42 38 15 32 50 45 0 44 38 21 37 29 23 49 24 31 29 55 38 39 46 14 20 35 50 32 48 21 34 29 
39 21 36 45 35 41 37 39 32 36 38 5 42 25 25 39 13 32 10 33 43 7 37 39 16 39 32 44 0 14 37 13 34 32 11 46 20 49 26 25 7 28 32 38 30 15 13 34 34 9 50 
35 12 26 33 21 27 28 33 29 22 24 8 28 20 10 24 2 28 12 19 31 7 23 30 6 25 18 38 14 0 26 2 21 21 11 34 8 36 18 10 6 15 25 27 16 11 8 20 23 12 38 
21 15 40 8 9 31 6 18 21 25 27 33 18 16 18 26 25 17 38 20 37 32 16 6 21 29 25 21 37 26 0 25 8 4 37 9 17 13 38 20 30 27 10 1 15 37 24 28 2 28 14 
33 10 28 33 22 29 27 32 27 24 26 7 29 18 12 26 0 26 13 21 33 6 24 29 4 27 20 37 13 2 25 0 22 21 12 34 8 37 20 12 5 17 23 27 17 13 5 23 23 9 38 
29 14 32 13 1 23 14 25 26 17 19 30 11 19 12 17 21 23 34 11 29 28 8 14 18 21 17 29 34 21 8 22 0 6 32 13 14 15 31 13 27 19 16 9 8 31 22 19 7 28 16 
23 11 36 12 7 28 8 19 20 22 24 28 17 14 14 23 20 17 34 17 34 27 14 10 16 26 22 23 32 21 4 21 6 0 32 13 12 17 34 16 25 23 10 6 11 32 19 24 2 24 18 
45 22 26 45 32 32 39 43 38 29 30 8 37 30 20 31 12 38 1 27 34 6 32 41 16 31 24 49 11 11 37 12 32 32 0 45 20 47 15 19 9 20 35 38 26 4 16 26 35 16 49 
26 24 44 2 13 33 12 23 28 28 29 41 18 24 25 28 33 24 47 23 39 41 19 10 30 31 29 24 46 34 9 34 13 13 45 0 25 5 45 27 39 32 18 7 21 44 33 31 11 38 5 
28 4 30 25 14 27 19 26 22 21 23 16 22 13 7 23 8 21 21 16 32 15 18 21 4 25 18 31 20 8 17 8 14 12 20 25 0 28 24 9 13 16 16 18 11 20 8 21 14 14 30 
31 28 43 7 15 32 17 28 33 27 28 44 16 29 27 26 36 29 49 23 37 44 18 15 33 30 29 29 49 36 13 37 15 17 47 5 28 0 45 28 42 33 23 12 22 46 36 31 15 41 1 
53 29 11 45 31 20 43 50 47 20 21 21 31 38 20 22 20 45 16 22 20 19 27 44 24 20 16 55 26 18 38 20 31 34 15 45 24 45 0 18 21 12 41 40 23 10 26 16 36 29 47 
36 13 21 27 13 18 24 33 31 12 14 19 17 22 2 14 12 29 21 8 23 17 12 26 11 16 8 38 25 10 20 12 13 16 19 27 9 28 18 0 17 8 24 21 6 18 16 11 18 21 30 
36 14 31 38 27 34 31 34 28 29 31 2 34 21 17 31 5 28 10 26 37 3 29 33 9 32 24 39 7 6 30 5 27 25 9 39 13 42 21 17 0 21 27 31 22 12 7 27 28 7 43 
44 21 13 33 18 12 32 41 39 9 10 22 18 30 10 11 17 37 22 9 16 20 14 33 18 11 4 46 28 15 27 17 19 23 20 32 16 33 12 8 21 0 32 28 11 16 22 5 25 27 34 
12 13 45 16 17 39 6 9 10 32 34 29 27 7 21 33 23 6 37 27 44 30 25 8 19 36 31 14 32 25 10 23 16 10 35 18 16 23 41 24 27 32 0 10 21 36 19 34 9 23 24 
21 17 41 6 10 32 5 17 21 26 28 34 18 16 19 26 26 17 40 21 38 34 17 5 22 30 26 20 38 27 1 27 9 6 38 7 18 12 40 21 31 28 10 0 16 38 25 29 3 30 13 
34 14 24 21 7 17 20 31 30 11 13 24 12 22 5 12 17 27 27 5 23 23 7 22 15 15 10 35 30 16 15 17 8 11 26 21 11 22 23 6 22 11 21 16 0 24 19 12 14 25 23 
47 23 21 44 31 28 39 45 40 25 27 11 34 32 19 28 13 39 5 25 30 9 30 41 17 27 21 50 15 11 37 13 31 32 4 44 20 46 10 18 12 16 36 38 24 0 18 22 34 19 47 
28 8 34 32 23 34 24 27 21 28 30 9 31 13 15 30 5 21 17 24 38 10 26 26 4 32 24 32 13 8 24 5 22 19 16 33 8 36 26 16 7 22 19 25 19 18 0 27 21 5 37 
47 25 12 32 18 6 33 43 43 4 4 28 15 34 13 6 22 40 27 8 11 26 12 34 23 5 2 48 34 20 28 23 19 24 26 31 21 31 16 11 27 5 34 29 12 22 27 0 26 32 32 
21 13 38 10 8 30 6 18 20 24 26 30 18 14 16 25 23 16 36 18 36 30 16 7 19 28 24 21 34 23 2 23 7 2 35 11 14 15 36 18 28 25 9 3 14 34 21 26 0 26 16 
30 13 38 37 28 39 28 29 22 33 36 8 37 16 20 36 9 23 16 29 43 10 32 30 9 37 29 34 9 12 28 9 28 24 16 38 14 41 29 21 7 27 23 30 25 19 5 32 26 0 43 
32 29 45 7 16 33 18 28 34 28 29 46 17 30 28 27 38 30 50 25 38 45 19 16 34 31 31 29 50 38 14 38 16 18 49 5 30 1 47 30 43 34 24 13 23 47 37 32 16 43 0 
0 655
385 581
64 260
254 450
431 627
293 489
109 305
55 251
353 549
118 314
25 221
116 312
361 557
76 272
447 643
384 580
1 197
422 618
214 410
248 444
448 644
247 443
268 464
442 638
131 327
373 569
342 538
89 285
68 264
379 575
219 415
226 422
145 341
104 300
146 342
240 436
357 553
107 303
126 322
349 545
285 481
378 574
192 388
319 515
163 359
431 627
306 502
414 610
60 256
414 610
126 322
