51
0 30 12 25 37 37 34 12 26 30 46 17 3 7 12 34 8 32 24 24 6 24 10 45 26 24 25 40 18 19 35 38 26 18 8 24 20 7 26 11 39 13 24 29 10 32 20 19 33 22 19 
30 0 18 9 13 9 16 43 18 36 16 35 27 38 25 8 23 35 6 18 34 6 29 14 32 35 8 10 33 12 37 10 20 14 37 36 14 37 4 37 10 28 7 19 31 32 31 33 6 37 32 
12 18 0 14 25 26 23 24 16 28 34 20 9 20 13 22 5 28 11 17 17 12 15 32 26 26 14 28 20 8 31 26 20 7 19 27 9 20 14 20 27 16 12 22 15 27 19 19 21 24 19 
25 9 14 0 23 13 24 38 23 39 23 35 22 33 17 18 19 39 8 8 27 5 21 22 22 25 1 19 34 6 42 19 10 15 33 26 17 31 5 35 14 20 3 10 29 37 33 34 16 38 33 
37 13 25 23 0 19 5 48 14 30 17 35 35 44 36 5 29 28 16 32 42 18 40 15 46 47 22 12 33 24 30 7 34 18 42 48 16 45 17 40 20 39 20 33 34 25 30 32 7 36 31 
37 9 26 13 19 0 23 50 27 45 11 44 34 45 30 14 31 43 15 20 40 13 35 10 33 36 12 8 43 18 46 12 20 23 45 38 23 44 11 46 1 33 13 19 40 41 41 42 13 47 41 
34 16 23 24 5 23 0 44 9 24 22 30 32 40 35 8 26 22 16 33 40 19 38 21 46 47 23 17 28 23 24 12 35 16 38 48 13 42 18 36 24 38 21 35 30 19 25 27 10 30 26 
12 43 24 38 48 50 44 0 35 33 59 18 15 5 24 46 20 36 36 37 13 37 20 57 35 33 38 53 20 32 38 50 39 30 6 32 31 8 39 9 52 24 36 41 14 37 23 21 45 22 22 
26 18 16 23 14 27 9 35 0 18 29 21 24 32 29 14 18 16 14 30 32 18 32 27 42 43 22 24 19 20 19 19 33 10 29 43 7 34 18 27 28 32 19 33 21 14 16 18 15 22 17 
30 36 28 39 30 45 24 33 18 0 47 15 30 32 39 32 26 3 31 45 36 34 40 45 53 53 39 41 13 34 5 36 48 24 27 53 22 36 36 24 46 42 36 49 20 6 10 12 33 11 11 
46 16 34 23 17 11 22 59 29 47 0 50 43 54 40 15 39 45 22 31 50 22 45 1 45 48 23 6 48 28 47 10 31 29 53 49 29 54 20 53 10 43 23 30 47 42 45 47 14 51 46 
17 35 20 35 35 44 30 18 21 15 50 0 18 17 29 35 16 18 29 38 23 31 28 48 43 42 34 44 2 28 20 40 40 21 12 41 21 21 33 8 46 30 32 42 6 19 6 3 35 4 5 
3 27 9 22 35 34 32 15 24 30 43 18 0 10 10 32 5 32 21 21 7 21 9 42 24 23 22 38 19 16 35 36 24 16 11 23 18 10 23 14 36 12 21 26 11 31 20 19 31 23 19 
7 38 20 33 44 45 40 5 32 32 54 17 10 0 19 42 15 34 31 32 8 32 16 53 31 29 33 48 19 27 37 46 34 25 4 28 27 5 34 8 47 19 31 36 12 35 22 19 41 21 20 
12 25 13 17 36 30 35 24 29 39 40 29 10 19 0 32 13 41 20 12 11 19 4 39 14 13 17 35 29 12 44 35 14 19 21 14 22 16 21 24 32 3 17 17 22 39 30 29 30 33 29 
34 8 22 18 5 14 8 46 14 32 15 35 32 42 32 0 26 30 12 27 39 13 36 13 41 43 17 9 33 19 32 4 29 16 40 44 15 42 12 39 15 35 15 28 33 27 30 32 2 36 31 
8 23 5 19 29 31 26 20 18 26 39 16 5 15 13 26 0 28 16 21 13 17 14 37 27 27 19 33 16 13 31 30 23 10 14 27 12 16 19 15 33 15 17 25 10 27 17 16 25 21 16 
32 35 28 39 28 43 22 36 16 3 45 18 32 34 41 30 28 0 31 45 39 34 42 43 54 55 38 40 15 35 3 34 48 24 30 55 22 39 35 26 45 43 35 49 22 3 12 15 31 14 14 
24 6 11 8 16 15 16 36 14 31 22 29 21 31 20 12 16 31 0 16 28 3 24 21 29 31 7 16 28 7 34 15 18 8 30 32 9 31 4 31 16 23 4 19 25 28 26 27 10 32 26 
24 18 17 8 32 20 33 37 30 45 31 38 21 32 12 27 21 45 16 0 24 13 17 30 14 16 10 27 37 10 48 28 2 21 33 18 23 29 14 35 21 14 12 4 31 43 37 37 25 42 37 
6 34 17 27 42 40 40 13 32 36 50 23 7 8 11 39 13 39 28 24 0 27 7 48 22 20 28 44 24 21 41 43 26 23 12 19 26 4 30 16 42 11 27 28 16 38 26 24 38 28 25 
24 6 12 5 18 13 19 37 18 34 22 31 21 32 19 13 17 34 3 13 27 0 23 21 27 29 4 16 30 6 37 16 16 10 31 30 12 31 2 32 15 22 1 16 26 31 28 29 11 34 29 
10 29 15 21 40 35 38 20 32 40 45 28 9 16 4 36 14 42 24 17 7 23 0 44 15 13 22 40 29 17 45 39 18 22 19 13 25 12 25 22 36 3 22 21 21 41 30 29 34 33 29 
45 14 32 22 15 10 21 57 27 45 1 48 42 53 39 13 37 43 21 30 48 21 44 0 44 47 21 4 46 27 45 8 31 28 51 48 27 52 18 51 9 42 22 29 45 40 43 45 13 49 44 
26 32 26 22 46 33 46 35 42 53 45 43 24 31 14 41 27 54 29 14 22 27 15 44 0 3 24 41 43 22 58 42 13 32 34 5 34 26 28 37 35 12 25 15 36 53 44 43 39 47 43 
24 35 26 25 47 36 47 33 43 53 48 42 23 29 13 43 27 55 31 16 20 29 13 47 3 0 26 44 42 24 58 45 16 32 32 1 35 24 30 36 38 11 27 18 35 53 44 43 41 47 43 
25 8 14 1 22 12 23 38 22 39 23 34 22 33 17 17 19 38 7 10 28 4 22 21 24 26 0 18 33 6 41 18 11 14 33 27 16 32 4 34 14 20 3 11 29 36 32 33 15 38 32 
40 10 28 19 12 8 17 53 24 41 6 44 38 48 35 9 33 40 16 27 44 16 40 4 41 44 18 0 42 23 42 5 28 23 47 45 23 48 14 47 8 38 18 27 41 37 39 41 8 45 40 
18 33 20 34 33 43 28 20 19 13 48 2 19 19 29 33 16 15 28 37 24 30 29 46 43 42 33 42 0 28 18 38 40 19 14 42 19 23 32 11 44 31 31 42 7 16 3 0 33 4 2 
19 12 8 6 24 18 23 32 20 34 28 28 16 27 12 19 13 35 7 10 21 6 17 27 22 24 6 23 28 0 38 22 13 10 27 24 13 25 8 28 20 16 5 14 23 33 27 27 17 32 27 
35 37 31 42 30 46 24 38 19 5 47 20 35 37 44 32 31 3 34 48 41 37 45 45 58 58 41 42 18 38 0 36 51 27 33 58 25 41 38 29 47 46 38 52 25 5 15 17 34 16 16 
38 10 26 19 7 12 12 50 19 36 10 40 36 46 35 4 30 34 15 28 43 16 39 8 42 45 18 5 38 22 36 0 30 20 44 46 19 46 14 44 13 38 17 29 37 31 35 37 5 41 36 
26 20 20 10 34 20 35 39 33 48 31 40 24 34 14 29 23 48 18 2 26 16 18 31 13 16 11 28 40 13 51 30 0 23 35 18 26 30 16 38 22 16 14 2 34 46 40 40 26 44 39 
18 14 7 15 18 23 16 30 10 24 29 21 16 25 19 16 10 24 8 21 23 10 22 28 32 32 14 23 19 10 27 20 23 0 23 33 2 26 12 23 25 22 11 25 17 22 18 19 15 23 18 
8 37 19 33 42 45 38 6 29 27 53 12 11 4 21 40 14 30 30 33 12 31 19 51 34 32 33 47 14 27 33 44 35 23 0 31 25 9 34 4 47 22 31 37 8 31 18 15 39 17 16 
24 36 27 26 48 38 48 32 43 53 49 41 23 28 14 44 27 55 32 18 19 30 13 48 5 1 27 45 42 24 58 46 18 33 31 0 36 23 32 35 39 11 28 20 35 53 44 42 42 46 43 
20 14 9 17 16 23 13 31 7 22 29 21 18 27 22 15 12 22 9 23 26 12 25 27 34 35 16 23 19 13 25 19 26 2 25 36 0 28 13 24 25 25 13 27 18 20 17 18 14 23 17 
7 37 20 31 45 44 42 8 34 36 54 21 10 5 16 42 16 39 31 29 4 31 12 52 26 24 32 48 23 25 41 46 30 26 9 23 28 0 34 13 46 15 30 33 16 39 26 24 41 26 25 
26 4 14 5 17 11 18 39 18 36 20 33 23 34 21 12 19 35 4 14 30 2 25 18 28 30 4 14 32 8 38 14 16 12 34 32 13 34 0 34 13 24 3 16 29 32 30 31 10 36 30 
11 37 20 35 40 46 36 9 27 24 53 8 14 8 24 39 15 26 31 35 16 32 22 51 37 36 34 47 11 28 29 44 38 23 4 35 24 13 34 0 48 25 32 40 6 27 14 11 39 13 13 
39 10 27 14 20 1 24 52 28 46 10 46 36 47 32 15 33 45 16 21 42 15 36 9 35 38 14 8 44 20 47 13 22 25 47 39 25 46 13 48 0 34 15 20 42 42 42 44 13 48 43 
13 28 16 20 39 33 38 24 32 42 43 30 12 19 3 35 15 43 23 14 11 22 3 42 12 11 20 38 31 16 46 38 16 22 22 11 25 15 24 25 34 0 20 18 23 42 32 31 33 35 31 
24 7 12 3 20 13 21 36 19 36 23 32 21 31 17 15 17 35 4 12 27 1 22 22 25 27 3 18 31 5 38 17 14 11 31 28 13 30 3 32 15 20 0 14 27 33 29 30 13 35 29 
29 19 22 10 33 19 35 41 33 49 30 42 26 36 17 28 25 49 19 4 28 16 21 29 15 18 11 27 42 14 52 29 2 25 37 20 27 33 16 40 20 18 14 0 36 47 41 42 26 46 41 
10 31 15 29 34 40 30 14 21 20 47 6 11 12 22 33 10 22 25 31 16 26 21 45 36 35 29 41 7 23 25 37 34 17 8 35 18 16 29 6 42 23 27 36 0 22 10 8 32 11 8 
32 32 27 37 25 41 19 37 14 6 42 19 31 35 39 27 27 3 28 43 38 31 41 40 53 53 36 37 16 33 5 31 46 22 31 53 20 39 32 27 42 42 33 47 22 0 13 15 28 16 14 
20 31 19 33 30 41 25 23 16 10 45 6 20 22 30 30 17 12 26 37 26 28 30 43 44 44 32 39 3 27 15 35 40 18 18 44 17 26 30 14 42 32 29 41 10 13 0 2 30 6 1 
19 33 19 34 32 42 27 21 18 12 47 3 19 19 29 32 16 15 27 37 24 29 29 45 43 43 33 41 0 27 17 37 40 19 15 42 18 24 31 11 44 31 30 42 8 15 2 0 32 4 1 
33 6 21 16 7 13 10 45 15 33 14 35 31 41 30 2 25 31 10 25 38 11 34 13 39 41 15 8 33 17 34 5 26 15 39 42 14 41 10 39 13 33 13 26 32 28 30 32 0 36 31 
22 37 24 38 36 47 30 22 22 11 51 4 23 21 33 36 21 14 32 42 28 34 33 49 47 47 38 45 4 32 16 41 44 23 17 46 23 26 36 13 48 35 35 46 11 16 6 4 36 0 5 
19 32 19 33 31 41 26 22 17 11 46 5 19 20 29 31 16 14 26 37 25 29 29 44 43 43 32 40 2 27 16 36 39 18 16 43 17 25 30 13 43 31 29 41 8 14 1 1 31 5 0 
0 327
302 302
131 131
18 18
209 209
195 195
13 13
221 221
49 49
26 26
100 100
192 192
316 316
153 153
7 7
118 118
219 219
39 39
74 74
13 13
101 101
1 1
254 254
102 102
160 160
235 235
294 294
139 139
125 125
317 317
262 262
113 113
271 271
108 108
155 155
56 56
222 222
13 13
12 12
125 125
209 209
82 82
156 156
41 41
299 299
264 264
47 47
250 250
116 116
47 47
213 213
