51
0 26 27 20 6 16 21 22 16 8 27 16 26 20 26 28 27 11 15 8 8 18 18 7 27 7 16 27 18 17 15 11 3 22 24 18 21 7 25 23 17 15 21 25 23 21 14 24 14 16 23 
26 0 16 42 31 29 19 45 34 22 3 42 31 21 43 49 36 34 19 32 21 44 21 33 39 26 37 37 8 25 12 34 28 6 42 7 40 33 49 47 41 36 46 32 47 47 40 44 29 21 43 
27 16 0 48 34 21 32 39 42 29 13 42 17 33 33 41 23 39 13 36 28 46 32 33 27 23 31 25 13 15 13 30 31 10 33 17 32 34 43 51 37 42 42 20 42 46 42 51 37 13 50 
20 42 48 0 14 36 28 32 9 19 44 17 47 25 40 38 46 9 36 12 21 12 24 19 44 27 31 46 36 38 35 25 17 41 39 35 35 16 32 6 26 6 25 45 29 19 12 5 13 37 4 
6 31 34 14 0 22 22 23 12 9 32 12 32 21 29 29 32 5 21 2 10 13 18 6 31 12 19 32 24 23 22 13 3 28 27 23 23 3 24 16 17 10 19 30 22 17 9 18 11 22 17 
16 29 21 36 22 0 34 18 33 24 28 24 10 34 13 20 10 27 9 24 23 29 32 17 10 9 10 10 21 5 17 12 19 23 12 24 11 20 22 36 16 32 22 8 22 27 26 41 31 8 39 
21 19 32 28 22 34 0 44 18 13 22 35 41 2 46 49 44 23 27 22 13 34 4 28 45 26 37 45 18 32 21 32 21 22 45 15 42 26 46 34 38 22 41 41 44 40 31 28 14 29 26 
22 45 39 32 23 18 44 0 34 31 45 15 26 43 10 5 22 26 26 24 31 21 40 16 18 19 8 20 36 23 33 11 23 39 9 39 7 19 4 29 6 31 7 23 4 15 20 37 34 26 36 
16 34 42 9 12 33 18 34 0 12 36 21 43 16 41 40 44 8 31 10 13 17 15 18 43 24 31 44 29 34 29 25 14 34 39 27 35 15 35 15 28 3 29 42 33 25 15 9 5 32 8 
8 22 29 19 9 24 13 31 12 0 24 22 33 12 34 36 34 12 19 10 1 22 9 15 34 15 25 35 17 23 16 19 8 21 33 15 29 13 33 24 25 13 28 32 31 27 18 22 8 21 20 
27 3 13 44 32 28 22 45 36 24 0 43 29 24 42 48 34 36 18 33 23 45 23 34 37 26 37 36 8 23 12 34 29 5 41 8 39 34 48 48 41 38 46 30 47 48 41 46 31 20 44 
16 42 42 17 12 24 35 15 21 22 43 0 34 33 24 20 32 12 28 12 22 6 31 8 29 18 15 31 34 27 31 12 14 38 23 35 19 9 14 14 9 17 8 32 12 5 5 22 22 28 22 
26 31 17 47 32 10 41 26 43 33 29 34 0 42 18 27 6 37 14 34 32 40 39 28 10 19 20 8 24 9 21 22 30 24 17 28 19 30 30 47 26 42 32 3 30 38 37 51 40 12 50 
20 21 33 25 21 34 2 43 16 12 24 33 42 0 46 48 45 21 28 20 12 32 2 27 45 26 37 45 20 33 22 31 20 23 44 16 41 24 45 31 37 19 40 42 43 38 29 25 12 29 24 
26 43 33 40 29 13 46 10 41 34 42 24 18 46 0 9 12 33 23 31 34 30 43 22 8 20 10 10 35 18 31 15 28 36 1 38 5 25 14 38 14 38 18 14 15 25 28 46 40 22 45 
28 49 41 38 29 20 49 5 40 36 48 20 27 48 9 0 21 31 30 30 36 26 46 22 17 23 12 19 40 26 36 17 28 43 9 43 9 25 6 34 11 37 12 23 8 19 25 43 40 29 42 
27 36 23 46 32 10 44 22 44 34 34 32 6 45 12 21 0 37 17 34 34 38 42 27 4 20 17 1 29 12 25 21 30 29 12 33 14 30 26 46 23 42 28 3 26 35 35 51 42 16 50 
11 34 39 9 5 27 23 26 8 12 36 12 37 21 33 31 37 0 26 3 13 11 19 10 36 17 23 37 28 28 26 17 8 32 31 27 27 7 26 12 20 5 20 35 24 17 7 13 9 27 12 
15 19 13 36 21 9 27 26 31 19 18 28 14 28 23 30 17 26 0 23 18 33 25 20 19 10 18 18 11 5 7 17 18 13 22 15 21 21 30 38 23 31 29 14 30 33 28 40 27 1 38 
8 32 36 12 2 24 22 24 10 10 33 12 34 20 31 30 34 3 23 0 10 12 18 8 33 15 20 34 25 25 23 15 5 29 29 25 25 5 25 15 18 7 20 33 23 17 8 16 10 24 15 
8 21 28 21 10 23 13 31 13 1 23 22 32 12 34 36 34 13 18 10 0 23 9 15 34 14 25 34 15 22 15 19 8 20 32 14 29 13 33 25 25 14 29 31 31 28 19 23 9 20 21 
18 44 46 12 13 29 34 21 17 22 45 6 40 32 30 26 38 11 33 12 23 0 30 12 36 22 21 37 37 33 34 17 16 41 29 37 25 11 20 8 16 14 14 38 18 7 4 17 20 33 16 
18 21 32 24 18 32 4 40 15 9 23 31 39 2 43 46 42 19 25 18 9 30 0 24 43 23 34 43 18 30 20 29 17 22 42 15 39 22 42 30 35 18 38 39 41 36 27 24 10 27 23 
7 33 33 19 6 17 28 16 18 15 34 8 28 27 22 22 27 10 20 8 15 12 24 0 25 9 12 27 25 20 22 6 7 29 21 26 17 3 18 19 10 15 13 26 16 13 8 23 18 20 22 
27 39 27 44 31 10 45 18 43 34 37 29 10 45 8 17 4 36 19 33 34 36 43 25 0 19 14 2 31 14 27 18 29 32 8 34 10 28 22 43 20 41 25 7 22 31 33 49 41 18 48 
7 26 23 27 12 9 26 19 24 15 26 18 19 26 20 23 20 17 10 15 14 22 23 9 19 0 11 20 17 11 14 7 10 21 18 19 15 11 22 28 14 22 20 18 21 22 18 31 21 10 30 
16 37 31 31 19 10 37 8 31 25 37 15 20 37 10 12 17 23 18 20 25 21 34 12 14 11 0 16 28 15 25 5 18 31 8 31 4 15 12 29 6 28 12 17 11 18 19 36 30 18 35 
27 37 25 46 32 10 45 20 44 35 36 31 8 45 10 19 1 37 18 34 34 37 43 27 2 20 16 0 30 13 26 20 30 30 10 34 13 29 24 45 22 42 27 5 25 34 35 50 42 17 49 
18 8 13 36 24 21 18 36 29 17 8 34 24 20 35 40 29 28 11 25 15 37 18 25 31 17 28 30 0 17 3 25 20 4 33 4 31 25 40 40 32 30 37 25 39 39 33 39 24 13 37 
17 25 15 38 23 5 32 23 34 23 23 27 9 33 18 26 12 28 5 25 22 33 30 20 14 11 15 13 17 0 13 16 20 18 17 20 16 22 27 39 21 33 27 8 27 32 29 42 31 3 41 
15 12 13 35 22 17 21 33 29 16 12 31 21 22 31 36 25 26 7 23 15 34 20 22 27 14 25 26 3 13 0 22 18 7 29 7 27 23 36 38 29 29 34 21 35 36 30 38 24 9 37 
11 34 30 25 13 12 32 11 25 19 34 12 22 31 15 17 21 17 17 15 19 17 29 6 18 7 5 20 25 16 22 0 12 29 14 27 10 9 14 25 6 22 12 20 13 16 14 30 24 17 29 
3 28 31 17 3 19 21 23 14 8 29 14 30 20 28 28 30 8 18 5 8 16 17 7 29 10 18 30 20 20 18 12 0 25 26 21 22 5 25 20 17 12 20 28 23 19 12 21 12 19 20 
22 6 10 41 28 23 22 39 34 21 5 38 24 23 36 43 29 32 13 29 20 41 22 29 32 21 31 30 4 18 7 29 25 0 35 7 34 29 43 45 36 35 41 25 42 43 37 43 29 14 42 
24 42 33 39 27 12 45 9 39 33 41 23 17 44 1 9 12 31 22 29 32 29 42 21 8 18 8 10 33 17 29 14 26 35 0 36 3 24 13 37 13 37 17 14 14 24 27 44 38 21 43 
18 7 17 35 23 24 15 39 27 15 8 35 28 16 38 43 33 27 15 25 14 37 15 26 34 19 31 34 4 20 7 27 21 7 36 0 34 25 42 39 34 29 39 29 41 40 33 37 22 16 36 
21 40 32 35 23 11 42 7 35 29 39 19 19 41 5 9 14 27 21 25 29 25 39 17 10 15 4 13 31 16 27 10 22 34 3 34 0 20 11 33 9 33 14 15 12 21 23 40 34 20 39 
7 33 34 16 3 20 26 19 15 13 34 9 30 24 25 25 30 7 21 5 13 11 22 3 28 11 15 29 25 22 23 9 5 29 24 25 20 0 20 17 13 12 15 28 18 14 7 21 15 22 19 
25 49 43 32 24 22 46 4 35 33 48 14 30 45 14 6 26 26 30 25 33 20 42 18 22 22 12 24 40 27 36 14 25 43 13 42 11 20 0 28 8 31 6 27 2 13 20 37 35 30 36 
23 47 51 6 16 36 34 29 15 24 48 14 47 31 38 34 46 12 38 15 25 8 30 19 43 28 29 45 40 39 38 25 20 45 37 39 33 17 28 0 24 12 21 45 26 15 10 10 19 39 10 
17 41 37 26 17 16 38 6 28 25 41 9 26 37 14 11 23 20 23 18 25 16 35 10 20 14 6 22 32 21 29 6 17 36 13 34 9 13 8 24 0 25 5 23 6 11 14 32 28 23 31 
15 36 42 6 10 32 22 31 3 13 38 17 42 19 38 37 42 5 31 7 14 14 18 15 41 22 28 42 30 33 29 22 12 35 37 29 33 12 31 12 25 0 25 41 29 21 12 9 7 32 7 
21 46 42 25 19 22 41 7 29 28 46 8 32 40 18 12 28 20 29 20 29 14 38 13 25 20 12 27 37 27 34 12 20 41 17 39 14 15 6 21 5 25 0 29 4 7 13 31 30 29 30 
25 32 20 45 30 8 41 23 42 32 30 32 3 42 14 23 3 35 14 33 31 38 39 26 7 18 17 5 25 8 21 20 28 25 14 29 15 28 27 45 23 41 29 0 27 35 34 49 39 12 48 
23 47 42 29 22 22 44 4 33 31 47 12 30 43 15 8 26 24 30 23 31 18 41 16 22 21 11 25 39 27 35 13 23 42 14 41 12 18 2 26 6 29 4 27 0 11 17 35 33 29 34 
21 47 46 19 17 27 40 15 25 27 48 5 38 38 25 19 35 17 33 17 28 7 36 13 31 22 18 34 39 32 36 16 19 43 24 40 21 14 13 15 11 21 7 35 11 0 9 24 27 33 24 
14 40 42 12 9 26 31 20 15 18 41 5 37 29 28 25 35 7 28 8 19 4 27 8 33 18 19 35 33 29 30 14 12 37 27 33 23 7 20 10 14 12 13 34 17 9 0 17 17 29 16 
24 44 51 5 18 41 28 37 9 22 46 22 51 25 46 43 51 13 40 16 23 17 24 23 49 31 36 50 39 42 38 30 21 43 44 37 40 21 37 10 32 9 31 49 35 24 17 0 14 41 1 
14 29 37 13 11 31 14 34 5 8 31 22 40 12 40 40 42 9 27 10 9 20 10 18 41 21 30 42 24 31 24 24 12 29 38 22 34 15 35 19 28 7 30 39 33 27 17 14 0 29 13 
16 21 13 37 22 8 29 26 32 21 20 28 12 29 22 29 16 27 1 24 20 33 27 20 18 10 18 17 13 3 9 17 19 14 21 16 20 22 30 39 23 32 29 12 29 33 29 41 29 0 39 
23 43 50 4 17 39 26 36 8 20 44 22 50 24 45 42 50 12 38 15 21 16 23 22 48 30 35 49 37 41 37 29 20 42 43 36 39 19 36 10 31 7 30 48 34 24 16 1 13 39 0 
0 519
361 361
312 312
507 507
255 255
154 154
180 180
133 133
68 68
266 266
477 477
140 140
103 103
428 428
313 313
141 141
91 91
62 62
349 349
269 269
439 439
328 328
190 190
365 365
225 225
187 187
67 67
85 85
127 127
105 105
349 349
431 431
321 321
157 157
422 422
379 379
419 419
461 461
192 192
458 458
420 420
454 454
228 228
482 482
344 344
332 332
485 485
87 87
20 20
349 349
296 296
