51
0 28 49 3 35 54 19 49 21 31 0 11 5 45 38 43 40 44 15 48 29 21 48 48 33 39 6 5 14 43 30 50 38 43 20 51 25 7 5 45 28 49 29 36 43 42 23 19 31 39 14 
28 0 21 25 15 25 13 20 8 6 29 26 23 16 15 21 33 16 25 19 12 7 22 19 11 34 23 34 27 27 14 21 27 28 24 23 12 22 29 23 23 23 10 14 28 32 13 9 11 21 19 
49 21 0 45 27 10 34 6 28 17 50 44 43 8 13 28 48 16 46 4 29 28 23 7 17 50 43 55 48 25 31 11 41 40 44 17 31 42 48 14 32 19 21 16 38 45 33 30 19 20 37 
3 25 45 0 33 51 17 46 17 28 4 8 2 42 35 41 40 41 15 45 27 18 45 45 29 39 3 9 15 39 28 47 37 42 20 48 23 3 4 41 25 47 25 33 42 41 21 16 28 35 10 
35 15 27 33 0 25 16 23 21 21 36 38 32 19 28 7 20 13 25 24 6 19 12 22 26 22 32 41 27 42 5 21 13 13 21 18 10 32 38 35 38 15 25 29 12 18 12 20 26 35 31 
54 25 10 51 25 0 37 4 33 23 55 51 48 8 22 24 45 12 48 7 29 32 17 6 25 47 48 60 50 35 30 4 38 35 45 9 33 48 54 24 41 12 29 25 34 41 35 34 27 30 43 
19 13 34 17 16 37 0 33 12 20 20 23 16 28 28 23 25 25 11 32 9 10 28 31 24 25 17 25 13 39 10 33 20 24 10 32 5 17 22 36 29 30 21 27 24 25 3 9 23 33 17 
49 20 6 46 23 4 33 0 28 19 50 46 44 4 17 23 43 10 44 2 26 28 17 1 20 45 44 55 46 31 27 4 36 34 42 10 29 43 49 20 36 13 24 20 33 40 31 30 22 25 38 
21 8 28 17 21 33 12 28 0 10 22 17 15 25 18 28 36 25 21 27 16 2 31 27 13 37 15 27 23 27 18 30 31 34 22 31 14 14 20 25 17 31 9 16 33 36 14 2 12 21 10 
31 6 17 28 21 23 20 19 10 0 32 27 26 15 8 26 40 18 30 17 19 11 26 17 5 41 25 37 32 21 21 21 33 35 30 24 19 25 31 16 18 25 5 8 34 39 20 13 5 14 19 
0 29 50 4 36 55 20 50 22 32 0 11 6 46 39 43 41 45 15 49 30 22 48 49 34 39 7 5 15 43 31 51 38 43 21 51 26 8 5 46 29 50 30 37 44 42 24 20 32 40 14 
11 26 44 8 38 51 23 46 17 27 11 0 8 42 32 45 47 43 24 44 31 19 48 45 27 47 6 14 24 33 33 48 43 48 28 49 28 6 6 37 18 49 22 29 48 48 27 17 25 31 7 
5 23 43 2 32 48 16 44 15 26 6 8 0 40 32 39 39 39 15 42 25 16 43 42 27 38 1 11 16 37 27 45 36 40 20 46 21 1 6 39 23 45 23 30 41 40 20 13 25 33 8 
45 16 8 42 19 8 28 4 25 15 46 42 40 0 16 20 39 7 40 4 22 24 15 2 18 41 40 51 42 30 23 5 32 31 38 9 25 39 45 20 33 12 21 18 29 37 27 26 20 24 35 
38 15 13 35 28 22 28 17 18 8 39 32 32 16 0 32 48 22 39 15 27 19 30 17 5 49 32 44 41 14 29 21 41 42 39 26 27 31 37 7 18 28 9 2 41 46 29 21 7 8 25 
43 21 28 41 7 24 23 23 28 26 43 45 39 20 32 0 20 12 31 24 13 26 7 22 31 22 40 48 33 47 12 20 14 11 27 15 17 39 45 39 44 12 31 33 9 17 19 27 32 40 38 
40 33 48 40 20 45 25 43 36 40 41 47 39 39 48 20 0 32 25 44 21 34 28 42 45 2 41 44 26 61 19 40 7 10 20 36 22 41 45 55 54 32 44 48 11 3 22 34 45 55 43 
44 16 16 41 13 12 25 10 25 18 45 43 39 7 22 12 32 0 36 12 17 23 8 9 22 34 39 50 38 36 17 8 25 23 33 6 21 39 45 27 37 6 24 24 22 29 23 25 24 30 35 
15 25 46 15 25 48 11 44 21 30 15 24 15 40 39 31 25 36 0 44 19 20 38 43 34 24 17 19 2 48 19 44 23 29 5 42 15 17 20 47 36 40 30 38 29 27 13 18 33 43 21 
48 19 4 45 24 7 32 2 27 17 49 44 42 4 15 24 44 12 44 0 26 26 19 2 18 46 42 54 46 28 27 7 37 36 42 12 29 41 48 17 33 15 22 17 34 41 31 29 20 22 37 
29 12 29 27 6 29 9 26 16 19 30 31 25 22 27 13 21 17 19 26 0 14 18 25 24 22 26 35 21 40 1 25 15 17 16 23 4 26 31 34 34 21 22 27 16 20 6 15 24 33 25 
21 7 28 18 19 32 10 28 2 11 22 19 16 24 19 26 34 23 20 26 14 0 29 26 14 34 16 27 21 28 16 29 28 31 20 30 12 15 21 26 20 29 11 18 31 33 12 2 13 23 12 
48 22 23 45 12 17 28 17 31 26 48 48 43 15 30 7 28 8 38 19 18 29 0 16 30 30 44 53 40 44 18 13 22 18 34 8 23 43 50 35 45 4 31 31 16 24 25 30 31 38 41 
48 19 7 45 22 6 31 1 27 17 49 45 42 2 17 22 42 9 43 2 25 26 16 0 20 43 42 54 45 30 26 4 35 33 41 9 27 42 48 20 35 12 23 19 31 39 30 28 21 25 37 
33 11 17 29 26 25 24 20 13 5 34 27 27 18 5 31 45 22 34 18 24 14 30 20 0 46 26 39 36 16 25 23 38 40 34 27 23 26 32 12 15 28 4 3 39 44 24 15 1 9 20 
39 34 50 39 22 47 25 45 37 41 39 47 38 41 49 22 2 34 24 46 22 34 30 43 46 0 40 43 25 62 20 42 8 12 18 38 22 40 43 56 54 35 44 49 14 6 22 34 46 56 42 
6 23 43 3 32 48 17 44 15 25 7 6 1 40 32 40 41 39 17 42 26 16 44 42 26 40 0 12 17 36 28 45 37 42 22 46 22 0 5 38 21 45 22 29 42 42 21 14 25 32 7 
5 34 55 9 41 60 25 55 27 37 5 14 11 51 44 48 44 50 19 54 35 27 53 54 39 43 12 0 18 47 35 56 42 47 24 56 30 12 7 50 32 55 34 42 48 46 28 25 37 44 19 
14 27 48 15 27 50 13 46 23 32 15 24 16 42 41 33 26 38 2 46 21 21 40 45 36 25 17 18 0 49 21 46 25 30 6 45 17 17 19 48 37 43 32 39 31 28 15 20 35 44 22 
43 27 25 39 42 35 39 31 27 21 43 33 37 30 14 47 61 36 48 28 40 28 44 30 16 62 36 47 49 0 42 35 55 56 49 40 39 35 40 11 15 42 18 13 55 60 40 29 16 6 29 
30 14 31 28 5 30 10 27 18 21 31 33 27 23 29 12 19 17 19 27 1 16 18 26 25 20 28 35 21 42 0 26 13 15 15 23 5 27 33 36 36 21 24 29 15 18 7 16 26 35 27 
50 21 11 47 21 4 33 4 30 21 51 48 45 5 21 20 40 8 44 7 25 29 13 4 23 42 45 56 46 35 26 0 34 31 41 6 28 44 51 24 39 9 27 23 29 37 30 31 25 29 40 
38 27 41 37 13 38 20 36 31 33 38 43 36 32 41 14 7 25 23 37 15 28 22 35 38 8 37 42 25 55 13 34 0 5 18 29 16 37 42 49 48 26 37 42 6 5 17 29 39 48 38 
43 28 40 42 13 35 24 34 34 35 43 48 40 31 42 11 10 23 29 36 17 31 18 33 40 12 42 47 30 56 15 31 5 0 23 26 19 41 46 49 51 23 39 42 1 6 21 32 40 49 42 
20 24 44 20 21 45 10 42 22 30 21 28 20 38 39 27 20 33 5 42 16 20 34 41 34 18 22 24 6 49 15 41 18 23 0 39 13 21 25 47 39 37 31 38 24 21 11 19 34 44 25 
51 23 17 48 18 9 32 10 31 24 51 49 46 9 26 15 36 6 42 12 23 30 8 9 27 38 46 56 45 40 23 6 29 26 39 0 27 45 52 30 43 3 30 28 24 32 29 32 29 34 42 
25 12 31 23 10 33 5 29 14 19 26 28 21 25 27 17 22 21 15 29 4 12 23 27 23 22 22 30 17 39 5 28 16 19 13 27 0 22 28 35 32 25 21 27 19 21 2 12 23 33 22 
7 22 42 3 32 48 17 43 14 25 8 6 1 39 31 39 41 39 17 41 26 15 43 42 26 40 0 12 17 35 27 44 37 41 21 45 22 0 6 37 21 45 21 29 41 41 20 13 24 31 6 
5 29 48 4 38 54 22 49 20 31 5 6 6 45 37 45 45 45 20 48 31 21 50 48 32 43 5 7 19 40 33 51 42 46 25 52 28 6 0 43 25 51 27 35 47 46 26 19 30 37 11 
45 23 14 41 35 24 36 20 25 16 46 37 39 20 7 39 55 27 47 17 34 26 35 20 12 56 38 50 48 11 36 24 49 49 47 30 35 37 43 0 21 32 16 8 47 53 36 28 13 7 31 
28 23 32 25 38 41 29 36 17 18 29 18 23 33 18 44 54 37 36 33 34 20 45 35 15 54 21 32 37 15 36 39 48 51 39 43 32 21 25 21 0 44 13 16 50 54 32 20 13 14 15 
49 23 19 47 15 12 30 13 31 25 50 49 45 12 28 12 32 6 40 15 21 29 4 12 28 35 45 55 43 42 21 9 26 23 37 3 25 45 51 32 44 0 30 29 21 29 27 31 30 36 42 
29 10 21 25 25 29 21 24 9 5 30 22 23 21 9 31 44 24 30 22 22 11 31 23 4 44 22 34 32 18 24 27 37 39 31 30 21 21 27 16 13 30 0 7 38 42 22 12 2 12 15 
36 14 16 33 29 25 27 20 16 8 37 29 30 18 2 33 48 24 38 17 27 18 31 19 3 49 29 42 39 13 29 23 42 42 38 28 27 29 35 8 16 29 7 0 41 47 28 19 5 6 23 
43 28 38 42 12 34 24 33 33 34 44 48 41 29 41 9 11 22 29 34 16 31 16 31 39 14 42 48 31 55 15 29 6 1 24 24 19 41 47 47 50 21 38 41 0 8 21 31 39 48 42 
42 32 45 41 18 41 25 40 36 39 42 48 40 37 46 17 3 29 27 41 20 33 24 39 44 6 42 46 28 60 18 37 5 6 21 32 21 41 46 53 54 29 42 47 8 0 22 34 44 53 43 
23 13 33 21 12 35 3 31 14 20 24 27 20 27 29 19 22 23 13 31 6 12 25 30 24 22 21 28 15 40 7 30 17 21 11 29 2 20 26 36 32 27 22 28 21 22 0 12 24 34 21 
19 9 30 16 20 34 9 30 2 13 20 17 13 26 21 27 34 25 18 29 15 2 30 28 15 34 14 25 20 29 16 31 29 32 19 32 12 13 19 28 20 31 12 19 31 34 12 0 14 24 10 
31 11 19 28 26 27 23 22 12 5 32 25 25 20 7 32 45 24 33 20 24 13 31 21 1 46 25 37 35 16 26 25 39 40 34 29 23 24 30 13 13 30 2 5 39 44 24 14 0 10 18 
39 21 20 35 35 30 33 25 21 14 40 31 33 24 8 40 55 30 43 22 33 23 38 25 9 56 32 44 44 6 35 29 48 49 44 34 33 31 37 7 14 36 12 6 48 53 34 24 10 0 25 
14 19 37 10 31 43 17 38 10 19 14 7 8 35 25 38 43 35 21 37 25 12 41 37 20 42 7 19 22 29 27 40 38 42 25 42 22 6 11 31 15 42 15 23 42 43 21 10 18 25 0 
0 682
437 641
332 536
402 606
288 492
455 659
398 602
229 433
439 643
211 415
78 282
123 327
364 568
248 452
322 526
227 431
205 409
25 229
130 334
240 444
130 334
325 529
108 312
111 315
279 483
362 566
274 478
155 359
324 528
130 334
202 406
7 211
44 248
38 242
120 324
379 583
250 454
128 332
354 558
222 426
352 556
213 417
298 502
188 392
257 461
172 376
156 360
105 309
325 529
447 651
392 596
