51
0 47 50 16 12 44 42 8 22 40 27 37 17 46 24 48 32 20 42 37 43 49 43 20 43 54 41 20 36 47 34 19 30 52 16 33 26 15 30 43 31 44 25 11 26 25 11 38 24 35 41 
47 0 26 48 42 65 52 41 26 19 38 16 39 64 52 53 28 32 46 21 66 34 27 37 65 28 63 50 22 32 17 28 17 27 49 54 42 37 23 22 59 24 50 43 51 41 35 53 54 38 20 
50 26 0 42 40 47 32 42 29 12 27 16 35 45 43 31 18 30 26 13 48 8 7 32 48 4 46 42 15 8 19 33 25 1 43 39 31 35 20 8 46 6 40 42 40 31 41 35 44 21 10 
16 48 42 0 6 27 26 12 22 35 15 34 9 29 7 32 24 16 27 32 27 39 35 11 26 46 24 3 30 37 31 22 31 44 0 17 12 11 26 36 15 37 8 7 9 12 20 22 7 23 36 
12 42 40 6 0 33 30 6 16 31 15 30 5 35 14 35 22 11 29 28 33 38 32 8 32 44 30 10 26 36 26 15 25 42 7 22 13 5 22 33 21 34 13 1 15 12 13 26 14 23 32 
44 65 47 27 33 0 15 39 43 46 27 49 32 3 19 18 36 36 20 44 1 40 41 31 1 49 2 23 43 39 47 45 50 48 27 11 23 35 42 45 13 44 19 34 18 25 46 12 20 27 46 
42 52 32 26 30 15 0 36 34 33 17 36 26 13 21 6 24 28 5 30 16 24 26 24 16 34 14 23 30 24 35 37 39 33 27 12 16 29 30 31 19 30 19 31 18 18 41 5 22 14 32 
8 41 42 12 6 39 36 0 14 32 20 30 10 41 20 41 24 12 34 29 39 41 35 12 39 46 37 16 28 39 26 12 23 44 13 28 19 7 23 35 27 36 20 5 21 18 7 32 20 28 33 
22 26 29 22 16 43 34 14 0 18 17 15 13 44 27 38 13 6 31 15 44 30 23 12 43 33 41 24 14 28 11 3 8 31 23 32 19 11 9 21 34 23 26 17 27 17 12 33 28 22 19 
40 19 12 35 31 46 33 32 18 0 21 4 26 46 37 34 10 20 27 3 47 16 8 23 47 15 45 35 4 14 7 21 13 13 35 36 26 26 9 4 42 6 34 32 35 24 30 34 38 19 1 
27 38 27 15 15 27 17 20 17 21 0 22 10 27 15 22 10 10 15 18 27 23 19 7 27 31 25 14 17 21 20 19 23 29 16 16 4 12 15 22 20 22 13 16 13 3 23 16 17 8 22 
37 16 16 34 30 49 36 30 15 4 22 0 25 48 37 38 12 18 31 5 50 21 13 23 49 20 47 35 6 19 3 18 9 17 35 38 27 24 8 9 43 11 35 31 36 25 27 37 39 22 6 
17 39 35 9 5 32 26 10 13 26 10 25 0 33 14 31 16 6 24 23 32 32 27 2 31 39 29 11 21 30 22 13 21 36 10 20 9 3 17 28 21 29 13 7 14 8 14 23 15 18 27 
46 64 45 29 35 3 13 41 44 46 27 48 33 0 21 16 36 37 19 43 4 38 40 32 4 48 5 25 42 37 47 46 50 47 29 12 24 36 42 44 15 43 21 36 19 26 47 11 22 26 45 
24 52 43 7 14 19 21 20 27 37 15 37 14 21 0 27 26 20 23 34 19 38 35 15 19 46 17 3 32 36 35 28 35 44 7 10 11 17 29 37 7 38 2 14 3 12 27 16 1 21 38 
48 53 31 32 35 18 6 41 38 34 22 38 31 16 27 0 26 33 7 32 20 23 27 30 20 33 18 29 32 23 38 41 42 32 33 18 22 34 33 31 25 30 25 37 24 23 46 11 28 17 33 
32 28 18 24 22 36 24 24 13 10 10 12 16 36 26 26 0 12 19 8 37 17 10 13 37 22 34 24 6 15 11 17 15 20 25 26 15 17 6 11 31 12 23 23 24 14 25 24 27 10 11 
20 32 30 16 11 36 28 12 6 20 10 18 6 37 20 33 12 0 25 17 37 29 22 5 36 34 34 17 15 27 15 8 15 31 17 25 13 5 11 22 27 23 19 12 20 11 13 27 21 17 21 
42 46 26 27 29 20 5 34 31 27 15 31 24 19 23 7 19 25 0 25 22 19 21 22 22 28 20 24 24 18 30 34 34 27 27 15 15 27 26 25 23 24 20 30 19 16 39 9 24 9 27 
37 21 13 32 28 44 30 29 15 3 18 5 23 43 34 32 8 17 25 0 45 16 8 20 44 17 42 32 1 14 6 19 12 15 32 34 23 23 6 5 39 7 31 29 32 21 28 32 35 17 4 
43 66 48 27 33 1 16 39 44 47 27 50 32 4 19 20 37 37 22 45 0 41 42 31 0 51 2 23 44 40 48 45 50 50 26 11 24 35 43 46 12 46 19 34 18 26 46 13 19 28 47 
49 34 8 39 38 40 24 41 30 16 23 21 32 38 38 23 17 29 19 16 41 0 8 30 41 9 39 38 17 2 23 34 29 9 40 33 27 34 21 12 40 10 35 40 35 27 42 28 39 16 15 
43 27 7 35 32 41 26 35 23 8 19 13 27 40 35 27 10 22 21 8 42 8 0 24 42 11 40 34 9 6 14 26 20 9 35 32 24 28 13 4 39 3 32 34 32 23 35 29 36 14 7 
20 37 32 11 8 31 24 12 12 23 7 23 2 32 15 30 13 5 22 20 31 30 24 0 31 36 29 12 19 27 20 13 20 33 12 20 8 4 15 25 22 26 13 9 14 6 16 22 16 15 24 
43 65 48 26 32 1 16 39 43 47 27 49 31 4 19 20 37 36 22 44 0 41 42 31 0 51 2 22 43 40 48 45 50 49 26 11 23 34 42 46 12 45 18 33 17 25 46 12 19 28 47 
54 28 4 46 44 49 34 46 33 15 31 20 39 48 46 33 22 34 28 17 51 9 11 36 51 0 49 45 19 10 23 37 29 2 47 42 35 39 24 12 49 10 43 46 43 34 45 38 48 25 14 
41 63 46 24 30 2 14 37 41 45 25 47 29 5 17 18 34 34 20 42 2 39 40 29 2 49 0 21 41 38 45 43 48 47 24 9 21 32 40 44 10 43 17 31 15 23 44 10 17 25 45 
20 50 42 3 10 23 23 16 24 35 14 35 11 25 3 29 24 17 24 32 23 38 34 12 22 45 21 0 31 36 32 24 32 43 3 13 10 13 27 36 11 36 4 10 5 11 23 18 4 21 36 
36 22 15 30 26 43 30 28 14 4 17 6 21 42 32 32 6 15 24 1 44 17 9 19 43 19 41 31 0 15 6 18 12 16 31 33 21 21 5 7 38 8 30 28 31 20 26 31 34 16 5 
47 32 8 37 36 39 24 39 28 14 21 19 30 37 36 23 15 27 18 14 40 2 6 27 40 10 38 36 15 0 21 32 27 9 38 32 25 31 19 10 39 8 33 37 33 25 40 27 38 14 13 
34 17 19 31 26 47 35 26 11 7 20 3 22 47 35 38 11 15 30 6 48 23 14 20 48 23 45 32 6 21 0 15 6 20 32 37 25 21 5 11 41 13 33 28 33 23 23 36 36 21 9 
19 28 33 22 15 45 37 12 3 21 19 18 13 46 28 41 17 8 34 19 45 34 26 13 45 37 43 24 18 32 15 0 10 34 22 33 21 10 13 25 35 26 27 16 28 19 8 35 29 25 23 
30 17 25 31 25 50 39 23 8 13 23 9 21 50 35 42 15 15 34 12 50 29 20 20 50 29 48 32 12 27 6 10 0 26 31 39 26 19 8 17 42 19 34 26 34 24 19 39 36 25 15 
52 27 1 44 42 48 33 44 31 13 29 17 36 47 44 32 20 31 27 15 50 9 9 33 49 2 47 43 16 9 20 34 26 0 45 41 33 37 21 9 48 7 42 43 42 32 43 37 46 23 11 
16 49 43 0 7 27 27 13 23 35 16 35 10 29 7 33 25 17 27 32 26 40 35 12 26 47 24 3 31 38 32 22 31 45 0 16 12 12 27 37 14 38 8 7 9 12 20 22 7 23 36 
33 54 39 17 22 11 12 28 32 36 16 38 20 12 10 18 26 25 15 34 11 33 32 20 11 42 9 13 33 32 37 33 39 41 16 0 12 23 31 36 7 36 8 23 7 14 35 6 10 18 37 
26 42 31 12 13 23 16 19 19 26 4 27 9 24 11 22 15 13 15 23 24 27 24 8 23 35 21 10 21 25 25 21 26 33 12 12 0 12 19 26 16 26 8 15 9 1 24 14 12 10 26 
15 37 35 11 5 35 29 7 11 26 12 24 3 36 17 34 17 5 27 23 35 34 28 4 34 39 32 13 21 31 21 10 19 37 12 23 12 0 16 28 24 29 16 6 17 11 11 26 18 20 27 
30 23 20 26 22 42 30 23 9 9 15 8 17 42 29 33 6 11 26 6 43 21 13 15 42 24 40 27 5 19 5 13 8 21 27 31 19 16 0 12 35 13 27 23 28 18 21 30 31 16 10 
43 22 8 36 33 45 31 35 21 4 22 9 28 44 37 31 11 22 25 5 46 12 4 25 46 12 44 36 7 10 11 25 17 9 37 36 26 28 12 0 42 2 35 34 35 25 33 33 39 18 2 
31 59 46 15 21 13 19 27 34 42 20 43 21 15 7 25 31 27 23 39 12 40 39 22 12 49 10 11 38 39 41 35 42 48 14 7 16 24 35 42 0 42 8 22 7 17 35 14 7 24 42 
44 24 6 37 34 44 30 36 23 6 22 11 29 43 38 30 12 23 24 7 46 10 3 26 45 10 43 36 8 8 13 26 19 7 38 36 26 29 13 2 42 0 35 35 35 25 35 32 39 17 4 
25 50 40 8 13 19 19 20 26 34 13 35 13 21 2 25 23 19 20 31 19 35 32 13 18 43 17 4 30 33 33 27 34 42 8 8 8 16 27 35 8 35 0 14 1 9 27 14 4 19 35 
11 43 42 7 1 34 31 5 17 32 16 31 7 36 14 37 23 12 30 29 34 40 34 9 33 46 31 10 28 37 28 16 26 43 7 23 15 6 23 34 22 35 14 0 16 14 13 27 14 25 33 
26 51 40 9 15 18 18 21 27 35 13 36 14 19 3 24 24 20 19 32 18 35 32 14 17 43 15 5 31 33 33 28 34 42 9 7 9 17 28 35 7 35 1 16 0 10 28 13 4 18 35 
25 41 31 12 12 25 18 18 17 24 3 25 8 26 12 23 14 11 16 21 26 27 23 6 25 34 23 11 20 25 23 19 24 32 12 14 1 11 18 25 17 25 9 14 10 0 22 15 13 11 25 
11 35 41 20 13 46 41 7 12 30 23 27 14 47 27 46 25 13 39 28 46 42 35 16 46 45 44 23 26 40 23 8 19 43 20 35 24 11 21 33 35 35 27 13 28 22 0 38 27 31 31 
38 53 35 22 26 12 5 32 33 34 16 37 23 11 16 11 24 27 9 32 13 28 29 22 12 38 10 18 31 27 36 35 39 37 22 6 14 26 30 33 14 32 14 27 13 15 38 0 17 15 34 
24 54 44 7 14 20 22 20 28 38 17 39 15 22 1 28 27 21 24 35 19 39 36 16 19 48 17 4 34 38 36 29 36 46 7 10 12 18 31 39 7 39 4 14 4 13 27 17 0 23 39 
35 38 21 23 23 27 14 28 22 19 8 22 18 26 21 17 10 17 9 17 28 16 14 15 28 25 25 21 16 14 21 25 25 23 23 18 10 20 16 18 24 17 19 25 18 11 31 15 23 0 19 
41 20 10 36 32 46 32 33 19 1 22 6 27 45 38 33 11 21 27 4 47 15 7 24 47 14 45 36 5 13 9 23 15 11 36 37 26 27 10 2 42 4 35 33 35 25 31 34 39 19 0 
0 764
71 376
355 660
245 550
305 610
78 383
334 639
368 673
443 748
215 520
391 696
287 592
278 583
178 483
42 347
449 754
219 524
162 467
397 702
107 412
281 586
178 483
61 366
241 546
26 331
309 614
350 655
391 696
396 701
220 525
290 595
453 758
77 382
277 582
261 566
374 679
187 492
90 395
170 475
213 518
260 565
213 518
86 391
246 551
313 618
272 577
325 630
151 456
192 497
135 440
425 730
