51
0 36 4 37 40 7 38 31 14 9 11 34 35 35 29 50 55 24 23 5 30 11 14 13 11 18 38 15 32 16 43 29 24 28 14 51 35 15 6 34 14 40 30 38 37 37 26 37 38 23 6 
36 0 40 18 31 41 19 7 22 35 28 2 33 16 24 17 24 32 40 38 14 42 25 23 34 31 43 22 7 42 15 9 13 13 25 23 25 21 33 28 21 11 22 17 22 5 23 14 13 32 37 
4 40 0 40 41 3 42 35 17 9 13 38 37 40 31 53 59 25 22 4 34 9 17 18 14 20 38 18 36 15 46 34 28 32 17 54 37 19 10 36 18 43 34 42 41 41 28 40 42 24 6 
37 18 40 0 13 39 37 13 24 32 26 20 16 34 10 16 20 21 30 36 29 38 23 30 41 23 26 22 23 35 8 24 24 28 23 14 8 28 37 11 24 9 38 35 39 24 12 4 31 21 34 
40 31 41 13 0 39 50 25 30 32 29 33 5 46 11 28 28 16 24 37 41 37 26 37 47 21 15 28 35 31 20 35 34 39 26 21 6 36 42 5 31 22 49 47 51 36 14 17 44 17 35 
7 41 3 39 39 0 45 35 18 7 13 39 34 42 30 53 58 23 19 3 36 5 16 20 18 17 35 19 37 11 46 35 30 34 16 53 35 21 13 34 19 43 37 44 44 43 27 39 44 22 4 
38 19 42 37 50 45 0 25 29 42 36 17 50 3 41 35 42 46 52 42 10 48 34 25 31 43 59 30 14 50 35 14 17 12 34 43 43 24 32 45 28 30 9 2 3 14 38 33 6 45 42 
31 7 35 13 25 35 25 0 17 29 22 8 26 21 17 19 25 25 32 32 16 36 19 20 32 24 35 16 10 35 13 11 12 15 18 22 18 18 29 21 16 9 25 22 26 12 15 9 19 24 31 
14 22 17 24 30 18 29 17 0 13 7 20 27 26 18 36 42 19 22 15 19 20 5 7 17 14 33 2 19 21 29 17 12 17 5 37 24 6 12 24 1 26 23 28 29 24 15 23 27 18 14 
9 35 9 32 32 7 42 29 13 0 6 34 27 39 22 47 51 16 13 5 33 7 10 18 20 10 28 13 33 8 39 31 26 31 10 46 28 18 14 26 15 36 35 41 41 38 20 32 41 14 3 
11 28 13 26 29 13 36 22 7 6 0 27 25 33 18 40 45 14 16 10 26 13 3 13 19 9 29 6 26 14 33 24 19 24 3 40 23 13 13 23 8 30 30 35 36 31 15 26 34 13 8 
34 2 38 20 33 39 17 8 20 34 27 0 34 14 25 20 27 32 39 36 11 41 24 21 32 31 43 20 4 41 17 6 10 10 24 26 26 19 30 29 20 13 19 14 19 4 23 16 11 32 35 
35 33 37 16 5 34 50 26 27 27 25 34 0 46 9 32 33 11 18 32 41 32 23 35 44 17 10 25 36 26 24 35 34 38 23 26 7 33 38 4 28 25 48 48 51 38 12 20 45 12 30 
35 16 40 34 46 42 3 21 26 39 33 14 46 0 37 33 40 43 48 39 6 45 31 22 29 39 55 27 10 47 31 10 14 8 30 40 40 20 30 42 24 27 8 2 5 11 35 30 5 41 39 
29 24 31 10 11 30 41 17 18 22 18 25 9 37 0 27 30 10 19 27 31 28 15 26 36 12 18 16 27 24 19 26 24 29 15 24 5 24 30 5 19 18 38 38 42 29 3 13 36 10 25 
50 17 53 16 28 53 35 19 36 47 40 20 32 33 27 0 6 38 46 50 31 54 37 39 51 39 42 35 25 51 8 26 30 31 36 8 25 37 48 28 36 10 40 33 38 21 28 14 28 38 49 
55 24 59 20 28 58 42 25 42 51 45 27 33 40 30 6 0 41 49 55 38 58 42 46 57 43 43 40 31 55 12 33 37 37 41 6 27 44 54 30 41 16 47 40 45 28 32 18 35 41 54 
24 32 25 21 16 23 46 25 19 16 14 32 11 43 10 38 41 0 8 21 36 20 14 26 34 6 14 17 34 15 29 32 29 34 14 34 14 26 28 12 20 29 42 45 47 37 9 23 42 1 19 
23 40 22 30 24 19 52 32 22 13 16 39 18 48 19 46 49 8 0 18 42 14 17 29 34 9 16 21 40 8 38 38 34 40 17 43 23 29 28 20 24 37 46 50 52 44 18 32 49 8 16 
5 38 4 36 37 3 42 32 15 5 10 36 32 39 27 50 55 21 18 0 33 6 13 17 17 15 33 16 34 11 43 32 27 31 13 50 33 18 11 31 16 40 35 42 41 39 24 36 41 20 1 
30 14 34 29 41 36 10 16 19 33 26 11 41 6 31 31 38 36 42 33 0 39 24 16 24 33 49 20 6 41 28 5 7 2 24 37 34 14 24 36 18 24 8 8 10 10 29 26 8 35 33 
11 42 9 38 37 5 48 36 20 7 13 41 32 45 28 54 58 20 14 6 39 0 17 23 23 15 31 20 40 6 46 38 32 37 17 52 33 24 17 32 21 43 41 48 47 45 26 39 47 19 6 
14 25 17 23 26 16 34 19 5 10 3 24 23 31 15 37 42 14 17 13 24 17 0 12 20 9 28 4 24 16 29 21 17 22 0 37 21 12 15 20 7 27 29 33 34 28 12 23 32 12 12 
13 23 18 30 37 20 25 20 7 18 13 21 35 22 26 39 46 26 29 17 16 23 12 0 11 21 41 9 18 26 34 16 10 14 12 42 31 2 9 31 6 30 17 24 23 24 23 28 24 25 17 
11 34 14 41 47 18 31 32 17 20 19 32 44 29 36 51 57 34 34 17 24 23 20 11 0 28 48 19 28 28 45 26 21 23 20 54 41 13 6 41 16 41 21 31 28 34 33 40 32 32 18 
18 31 20 23 21 17 43 24 14 10 9 31 17 39 12 39 43 6 9 15 33 15 9 21 28 0 19 12 31 11 31 29 25 31 9 37 18 21 22 16 16 29 38 41 43 35 11 24 40 4 13 
38 43 38 26 15 35 59 35 33 28 29 43 10 55 18 42 43 14 16 33 49 31 28 41 48 19 0 31 45 24 35 44 42 47 28 36 18 40 42 15 34 36 56 57 60 48 20 30 54 15 32 
15 22 18 22 28 19 30 16 2 13 6 20 25 27 16 35 40 17 21 16 20 20 4 9 19 12 31 0 20 20 28 17 13 18 3 36 22 8 14 22 3 24 25 29 30 24 13 21 28 16 14 
32 7 36 23 35 37 14 10 19 33 26 4 36 10 27 25 31 34 40 34 6 40 24 18 28 31 45 20 0 40 22 2 8 6 23 30 29 16 28 31 18 17 15 11 15 5 25 19 8 33 34 
16 42 15 35 31 11 50 35 21 8 14 41 26 47 24 51 55 15 8 11 41 6 16 26 28 11 24 20 40 0 43 38 33 39 17 49 29 27 22 27 22 41 44 49 50 45 22 36 48 14 10 
43 15 46 8 20 46 35 13 29 39 33 17 24 31 19 8 12 29 38 43 28 46 29 34 45 31 35 28 22 43 0 23 25 27 29 8 17 32 42 20 29 4 37 32 37 20 20 6 28 29 41 
29 9 34 24 35 35 14 11 17 31 24 6 35 10 26 26 33 32 38 32 5 38 21 16 26 29 44 17 2 38 23 0 5 4 21 32 29 14 25 31 16 19 14 12 15 7 24 20 10 31 31 
24 13 28 24 34 30 17 12 12 26 19 10 34 14 24 30 37 29 34 27 7 32 17 10 21 25 42 13 8 33 25 5 0 5 17 34 28 8 20 29 11 21 14 16 17 13 22 21 15 28 26 
28 13 32 28 39 34 12 15 17 31 24 10 38 8 29 31 37 34 40 31 2 37 22 14 23 31 47 18 6 39 27 4 5 0 22 36 32 12 23 34 16 23 10 10 12 10 27 24 10 33 31 
14 25 17 23 26 16 34 18 5 10 3 24 23 30 15 36 41 14 17 13 24 17 0 12 20 9 28 3 23 17 29 21 17 22 0 36 21 12 15 20 6 26 29 33 34 28 12 23 31 12 12 
51 23 54 14 21 53 43 22 37 46 40 26 26 40 24 8 6 34 43 50 37 52 37 42 54 37 36 36 30 49 8 32 34 36 36 0 20 40 50 23 37 13 46 40 45 28 26 14 36 34 48 
35 25 37 8 6 35 43 18 24 28 23 26 7 40 5 25 27 14 23 33 34 33 21 31 41 18 18 22 29 29 17 29 28 32 21 20 0 29 36 3 25 17 42 41 45 31 8 12 38 14 31 
15 21 19 28 36 21 24 18 6 18 13 19 33 20 24 37 44 26 29 18 14 24 12 2 13 21 40 8 16 27 32 14 8 12 12 40 29 0 11 30 5 28 17 23 23 22 21 26 23 24 18 
6 33 10 37 42 13 32 29 12 14 13 30 38 30 30 48 54 28 28 11 24 17 15 9 6 22 42 14 28 22 42 25 20 23 15 50 36 11 0 36 12 38 24 32 31 33 27 36 33 26 12 
34 28 36 11 5 34 45 21 24 26 23 29 4 42 5 28 30 12 20 31 36 32 20 31 41 16 15 22 31 27 20 31 29 34 20 23 3 30 36 0 25 20 44 43 47 33 8 15 40 12 29 
14 21 18 24 31 19 28 16 1 15 8 20 28 24 19 36 41 20 24 16 18 21 7 6 16 16 34 3 18 22 29 16 11 16 6 37 25 5 12 25 0 25 22 26 27 23 16 23 26 19 15 
40 11 43 9 22 43 30 9 26 36 30 13 25 27 18 10 16 29 37 40 24 43 27 30 41 29 36 24 17 41 4 19 21 23 26 13 17 28 38 20 25 0 33 28 33 16 19 5 24 28 39 
30 22 34 38 49 37 9 25 23 35 30 19 48 8 38 40 47 42 46 35 8 41 29 17 21 38 56 25 15 44 37 14 14 10 29 46 42 17 24 44 22 33 0 10 6 18 36 34 13 41 35 
38 17 42 35 47 44 2 22 28 41 35 14 48 2 38 33 40 45 50 42 8 48 33 24 31 41 57 29 11 49 32 12 16 10 33 40 41 23 32 43 26 28 10 0 5 11 36 31 4 43 41 
37 22 41 39 51 44 3 26 29 41 36 19 51 5 42 38 45 47 52 41 10 47 34 23 28 43 60 30 15 50 37 15 17 12 34 45 45 23 31 47 27 33 6 5 0 17 39 35 9 45 41 
37 5 41 24 36 43 14 12 24 38 31 4 38 11 29 21 28 37 44 39 10 45 28 24 34 35 48 24 5 45 20 7 13 10 28 28 31 22 33 33 23 16 18 11 17 0 27 19 7 36 39 
26 23 28 12 14 27 38 15 15 20 15 23 12 35 3 28 32 9 18 24 29 26 12 23 33 11 20 13 25 22 20 24 22 27 12 26 8 21 27 8 16 19 36 36 39 27 0 14 34 9 23 
37 14 40 4 17 39 33 9 23 32 26 16 20 30 13 14 18 23 32 36 26 39 23 28 40 24 30 21 19 36 6 20 21 24 23 14 12 26 36 15 23 5 34 31 35 19 14 0 27 23 35 
38 13 42 31 44 44 6 19 27 41 34 11 45 5 36 28 35 42 49 41 8 47 32 24 32 40 54 28 8 48 28 10 15 10 31 36 38 23 33 40 26 24 13 4 9 7 34 27 0 41 41 
23 32 24 21 17 22 45 24 18 14 13 32 12 41 10 38 41 1 8 20 35 19 12 25 32 4 15 16 33 14 29 31 28 33 12 34 14 24 26 12 19 28 41 43 45 36 9 23 41 0 18 
6 37 6 34 35 4 42 31 14 3 8 35 30 39 25 49 54 19 16 1 33 6 12 17 18 13 32 14 34 10 41 31 26 31 12 48 31 18 12 29 15 39 35 41 41 39 23 35 41 18 0 
0 682
536 672
3 139
495 631
338 474
376 512
119 255
367 503
22 158
242 378
111 247
96 232
473 609
143 279
58 194
72 208
346 482
48 184
393 529
261 397
434 570
445 581
441 577
5 141
396 532
453 589
532 668
259 395
512 648
97 233
83 219
349 485
201 337
536 672
462 598
310 446
344 480
473 609
542 678
145 281
530 666
143 279
187 323
368 504
543 679
269 405
413 549
516 652
443 579
257 393
301 437
