51
0 39 50 20 43 36 9 20 19 6 15 6 37 14 10 38 29 48 21 10 44 49 22 8 36 40 4 26 8 45 38 18 11 39 38 30 27 49 9 26 10 7 36 35 44 51 32 39 33 17 6 
39 0 14 30 28 6 41 28 51 36 41 33 6 26 32 32 25 13 46 41 23 14 17 31 4 2 34 30 36 30 5 28 33 39 17 10 19 10 36 37 34 45 19 26 35 14 30 22 17 48 40 
50 14 0 37 24 14 50 42 59 47 49 44 12 36 45 31 39 2 53 50 18 2 30 43 14 14 45 35 46 25 18 36 42 38 17 25 25 5 49 42 47 56 19 26 31 1 32 20 19 57 50 
20 30 37 0 23 25 15 31 22 14 12 16 26 9 23 17 36 35 15 15 25 35 21 19 26 32 17 5 12 25 32 3 9 19 21 28 11 37 26 8 25 22 18 15 24 38 11 20 17 19 16 
43 28 24 23 0 22 38 46 43 37 35 37 21 29 43 8 47 22 36 38 6 21 33 39 24 29 38 18 35 2 32 25 31 14 10 33 18 27 46 23 45 45 10 7 7 25 12 5 13 41 39 
36 6 14 25 22 0 36 29 46 33 37 29 2 22 30 26 27 12 41 37 18 13 16 28 1 8 31 24 32 25 10 23 28 33 12 12 13 13 34 31 32 41 13 20 29 15 24 17 10 44 36 
9 41 50 15 38 36 0 28 11 4 6 10 38 14 18 32 36 48 11 0 40 48 26 15 37 43 10 20 4 40 41 14 8 32 35 34 25 49 19 18 19 7 33 30 38 51 26 36 31 9 3 
20 28 42 31 46 29 28 0 40 24 33 18 31 21 10 45 8 41 39 29 44 42 13 13 28 29 18 35 25 49 25 27 24 49 37 17 28 39 12 39 10 28 36 40 51 43 40 41 33 37 26 
19 51 59 22 43 46 11 40 0 16 9 22 47 24 29 36 48 57 7 10 47 57 37 26 47 53 21 25 15 45 52 23 18 34 43 45 34 59 29 20 29 13 40 36 42 60 31 42 39 2 14 
6 36 47 14 37 33 4 24 16 0 9 5 34 10 14 31 31 45 15 5 38 45 21 10 33 38 5 19 1 39 37 12 5 33 33 30 22 46 15 19 14 9 30 29 38 48 26 34 28 13 3 
15 41 49 12 35 37 6 33 9 9 0 15 38 15 23 28 40 47 5 5 38 47 29 19 38 43 15 16 8 36 43 13 9 27 33 36 24 49 24 13 24 13 31 27 34 51 23 33 30 7 9 
6 33 44 16 37 29 10 18 22 5 15 0 31 8 8 33 25 42 21 11 38 43 16 4 30 34 1 21 7 40 32 13 7 35 32 25 21 42 10 23 9 12 30 30 40 45 27 33 27 19 8 
37 6 12 26 21 2 38 31 47 34 38 31 0 24 32 25 29 11 42 38 16 11 18 30 3 8 32 25 34 24 11 24 30 32 11 14 14 11 36 32 34 43 12 20 28 13 24 16 10 45 37 
14 26 36 9 29 22 14 21 24 10 15 8 24 0 14 25 27 34 21 14 29 35 13 10 23 28 9 14 10 31 27 5 6 28 23 21 12 35 17 18 16 19 21 21 31 37 20 25 19 22 13 
10 32 45 23 43 30 18 10 29 14 23 8 32 14 0 40 18 43 29 19 42 44 15 4 30 33 8 28 15 45 30 20 15 43 35 22 25 42 3 31 1 17 34 36 46 46 34 38 31 27 15 
38 32 31 17 8 26 32 45 36 31 28 33 25 25 40 0 48 29 28 31 13 28 32 36 28 34 34 12 30 8 36 20 26 7 14 35 17 34 43 15 41 39 13 5 6 32 5 10 15 34 34 
29 25 39 36 47 27 36 8 48 31 40 25 29 27 18 48 0 38 46 37 45 40 15 21 26 25 26 40 32 50 21 32 31 53 38 15 31 35 20 45 19 36 37 42 53 40 43 42 34 45 33 
48 13 2 35 22 12 48 41 57 45 47 42 11 34 43 29 38 0 50 48 16 1 29 41 13 13 43 32 44 24 17 34 40 36 15 24 23 6 47 39 45 54 17 24 29 3 29 18 17 54 48 
21 46 53 15 36 41 11 39 7 15 5 21 42 21 29 28 46 50 0 10 39 51 34 25 42 48 20 18 13 37 47 17 15 26 36 42 27 53 30 13 30 17 33 29 34 54 23 35 33 6 14 
10 41 50 15 38 37 0 29 10 5 5 11 38 14 19 31 37 48 10 0 40 49 26 15 38 43 10 20 4 40 42 14 8 31 35 35 25 50 19 18 19 8 33 30 38 51 26 35 31 8 4 
44 23 18 25 6 18 40 44 47 38 38 38 16 29 42 13 45 16 39 40 0 15 30 39 20 24 39 21 37 7 28 26 33 20 6 30 17 22 46 27 44 47 8 10 13 19 16 4 11 45 41 
49 14 2 35 21 13 48 42 57 45 47 43 11 35 44 28 40 1 51 49 15 0 30 42 14 14 44 33 44 23 19 34 40 36 15 25 23 7 48 39 46 54 17 24 29 3 29 18 17 55 48 
22 17 30 21 33 16 26 13 37 21 29 16 18 13 15 32 15 29 34 26 30 30 0 14 15 18 17 24 22 35 16 18 19 38 23 8 15 27 18 30 16 29 23 27 38 31 28 27 19 35 24 
8 31 43 19 39 28 15 13 26 10 19 4 30 10 4 36 21 41 25 15 39 42 14 0 29 32 5 24 11 42 30 16 11 39 32 22 22 41 7 27 5 15 31 32 42 44 30 35 28 24 12 
36 4 14 26 24 1 37 28 47 33 38 30 3 23 30 28 26 13 42 38 20 14 15 29 0 6 31 26 33 27 8 24 29 35 14 11 14 12 34 33 32 42 15 22 31 15 26 19 12 45 36 
40 2 14 32 29 8 43 29 53 38 43 34 8 28 33 34 25 13 48 43 24 14 18 32 6 0 36 32 38 32 4 30 35 41 19 11 21 9 37 39 35 47 21 28 37 14 32 24 19 50 42 
4 34 45 17 38 31 10 18 21 5 15 1 32 9 8 34 26 43 20 10 39 44 17 5 31 36 0 22 7 41 33 14 8 36 33 26 22 44 9 24 9 11 31 31 41 46 28 35 28 19 7 
26 30 35 5 18 24 20 35 25 19 16 21 25 14 28 12 40 32 18 20 21 33 24 24 26 32 22 0 18 20 33 8 14 14 18 30 11 36 31 7 30 27 15 10 18 36 6 16 15 23 22 
8 36 46 12 35 32 4 25 15 1 8 7 34 10 15 30 32 44 13 4 37 44 22 11 33 38 7 18 0 37 37 10 4 31 32 30 21 45 16 17 16 10 29 28 36 47 24 32 27 13 4 
45 30 25 25 2 25 40 49 45 39 36 40 24 31 45 8 50 24 37 40 7 23 35 42 27 32 41 20 37 0 35 27 34 14 13 36 20 29 49 24 47 47 12 9 5 27 13 8 16 43 41 
38 5 18 32 32 10 41 25 52 37 43 32 11 27 30 36 21 17 47 42 28 19 16 30 8 4 33 33 37 35 0 30 33 43 22 8 21 13 34 40 32 45 23 30 39 18 34 27 21 49 40 
18 28 36 3 25 23 14 27 23 12 13 13 24 5 20 20 32 34 17 14 26 34 18 16 24 30 14 8 10 27 30 0 6 23 21 25 11 36 23 12 21 20 19 17 26 37 14 22 17 20 14 
11 33 42 9 31 28 8 24 18 5 9 7 30 6 15 26 31 40 15 8 33 40 19 11 29 35 8 14 4 34 33 6 0 28 27 27 17 41 18 15 17 14 25 24 33 43 21 28 23 16 8 
39 39 38 19 14 33 32 49 34 33 27 35 32 28 43 7 53 36 26 31 20 36 38 39 35 41 36 14 31 14 43 23 28 0 22 41 22 41 46 13 44 40 20 12 9 39 9 17 22 32 34 
38 17 17 21 10 12 35 37 43 33 33 32 11 23 35 14 38 15 36 35 6 15 23 32 14 19 33 18 32 13 22 21 27 22 0 23 11 19 39 24 37 42 2 9 17 18 14 4 4 40 36 
30 10 25 28 33 12 34 17 45 30 36 25 14 21 22 35 15 24 42 35 30 25 8 22 11 11 26 30 30 36 8 25 27 41 23 0 18 21 26 36 24 37 23 29 40 25 32 28 20 43 33 
27 19 25 11 18 13 25 28 34 22 24 21 14 12 25 17 31 23 27 25 17 23 15 22 14 21 22 11 21 20 21 11 17 22 11 18 0 25 28 18 27 31 9 11 22 26 13 13 6 31 25 
49 10 5 37 27 13 49 39 59 46 49 42 11 35 42 34 35 6 53 50 22 7 27 41 12 9 44 36 45 29 13 36 41 41 19 21 25 0 46 43 44 54 21 29 35 5 34 23 21 57 49 
9 36 49 26 46 34 19 12 29 15 24 10 36 17 3 43 20 47 30 19 46 48 18 7 34 37 9 31 16 49 34 23 18 46 39 26 28 46 0 33 1 16 38 39 49 49 37 42 35 27 15 
26 37 42 8 23 31 18 39 20 19 13 23 32 18 31 15 45 39 13 18 27 39 30 27 33 39 24 7 17 24 40 12 15 13 24 36 18 43 33 0 33 26 22 16 21 43 11 22 22 19 21 
10 34 47 25 45 32 19 10 29 14 24 9 34 16 1 41 19 45 30 19 44 46 16 5 32 35 9 30 16 47 32 21 17 44 37 24 27 44 1 33 0 17 36 37 48 48 36 40 33 27 15 
7 45 56 22 45 41 7 28 13 9 13 12 43 19 17 39 36 54 17 8 47 54 29 15 42 47 11 27 10 47 45 20 14 40 42 37 31 54 16 26 17 0 39 38 46 57 34 42 37 12 5 
36 19 19 18 10 13 33 36 40 30 31 30 12 21 34 13 37 17 33 33 8 17 23 31 15 21 31 15 29 12 23 19 25 20 2 23 9 21 38 22 36 39 0 7 16 21 12 4 3 38 33 
35 26 26 15 7 20 30 40 36 29 27 30 20 21 36 5 42 24 29 30 10 24 27 32 22 28 31 10 28 9 30 17 24 12 9 29 11 29 39 16 37 38 7 0 10 28 5 6 9 34 32 
44 35 31 24 7 29 38 51 42 38 34 40 28 31 46 6 53 29 34 38 13 29 38 42 31 37 41 18 36 5 39 26 33 9 17 40 22 35 49 21 48 46 16 10 0 32 12 12 19 40 40 
51 14 1 38 25 15 51 43 60 48 51 45 13 37 46 32 40 3 54 51 19 3 31 44 15 14 46 36 47 27 18 37 43 39 18 25 26 5 49 43 48 57 21 28 32 0 33 22 21 58 51 
32 30 32 11 12 24 26 40 31 26 23 27 24 20 34 5 43 29 23 26 16 29 28 30 26 32 28 6 24 13 34 14 21 9 14 32 13 34 37 11 36 34 12 5 12 33 0 11 13 29 28 
39 22 20 20 5 17 36 41 42 34 33 33 16 25 38 10 42 18 35 35 4 18 27 35 19 24 35 16 32 8 27 22 28 17 4 28 13 23 42 22 40 42 4 6 12 22 11 0 7 40 36 
33 17 19 17 13 10 31 33 39 28 30 27 10 19 31 15 34 17 33 31 11 17 19 28 12 19 28 15 27 16 21 17 23 22 4 20 6 21 35 22 33 37 3 9 19 21 13 7 0 37 31 
17 48 57 19 41 44 9 37 2 13 7 19 45 22 27 34 45 54 6 8 45 55 35 24 45 50 19 23 13 43 49 20 16 32 40 43 31 57 27 19 27 12 38 34 40 58 29 40 37 0 11 
6 40 50 16 39 36 3 26 14 3 9 8 37 13 15 34 33 48 14 4 41 48 24 12 36 42 7 22 4 41 40 14 8 34 36 33 25 49 15 21 15 5 33 32 40 51 28 36 31 11 0 
0 600
100 280
183 363
351 531
182 362
283 463
402 582
248 428
264 444
390 570
321 501
312 492
112 292
234 414
73 253
295 475
173 353
416 596
90 270
344 524
47 227
30 210
301 481
236 416
303 483
227 407
8 188
5 185
189 369
49 229
294 474
266 446
80 260
408 588
146 326
71 251
58 238
280 460
231 411
164 344
6 186
243 423
334 514
227 407
328 508
358 538
73 253
73 253
223 403
368 548
413 593
