51
0 3 21 13 24 21 19 20 26 11 15 9 27 20 22 18 22 12 19 11 12 2 20 10 20 24 15 28 16 8 24 22 14 20 30 8 25 20 12 16 30 18 28 10 17 12 3 14 13 22 4 
3 0 23 10 26 18 16 22 28 10 14 8 28 18 19 20 20 14 21 12 9 5 19 10 17 21 14 31 15 9 22 19 16 23 30 5 25 23 15 19 33 21 31 10 19 15 5 13 16 25 6 
21 23 0 29 5 36 35 34 10 31 35 19 11 31 37 32 35 22 2 12 32 22 41 14 40 37 20 14 22 14 34 41 28 20 18 26 41 3 18 20 24 19 19 31 4 11 18 22 7 14 23 
13 10 29 0 33 8 6 31 37 17 19 9 30 9 9 29 10 24 27 17 8 15 21 14 12 11 12 39 11 15 13 11 25 33 30 4 32 30 25 29 43 31 40 16 25 23 15 10 23 35 16 
24 26 5 33 0 41 39 34 5 33 37 24 15 36 42 31 40 22 7 16 35 24 43 19 44 42 25 8 27 18 39 45 28 17 23 30 41 3 18 19 20 17 14 32 7 12 21 27 10 10 25 
21 18 36 8 41 0 3 39 44 24 26 16 35 6 2 37 3 33 33 24 15 24 27 21 14 3 16 47 15 22 7 8 34 42 32 13 40 37 34 38 51 40 49 24 33 32 23 14 31 43 25 
19 16 35 6 39 3 0 35 43 21 22 15 35 8 3 34 7 30 32 23 11 21 23 20 10 7 16 45 15 21 11 6 30 39 34 10 36 36 31 35 49 37 46 20 32 30 21 14 30 41 21 
20 22 34 31 34 39 35 0 32 14 15 29 44 40 38 2 41 12 34 29 24 17 18 30 30 42 36 32 37 28 44 36 6 18 49 26 8 31 15 14 25 17 27 15 30 23 21 35 27 26 16 
26 28 10 37 5 44 43 32 0 34 38 27 20 40 46 30 44 22 12 20 38 25 44 23 46 46 30 3 31 22 43 48 28 15 28 33 40 7 18 18 15 15 9 34 11 14 23 31 13 7 26 
11 10 31 17 33 24 21 14 34 0 4 18 38 26 24 13 27 13 30 22 9 9 9 21 16 28 25 35 25 19 30 21 10 24 41 12 15 30 17 19 33 22 33 0 27 20 13 23 23 29 8 
15 14 35 19 37 26 22 15 38 4 0 22 42 28 25 14 29 17 34 26 11 13 5 25 15 29 28 39 29 23 32 21 13 27 45 15 13 34 20 22 37 25 37 4 31 25 17 27 28 33 12 
9 8 19 9 24 16 15 29 27 18 22 0 21 13 18 27 16 20 17 7 14 11 26 4 21 18 6 30 7 5 17 21 23 26 22 8 33 20 19 23 36 24 32 18 16 15 9 5 14 26 13 
27 28 11 30 15 35 35 44 20 38 42 21 0 29 37 41 33 32 10 15 36 28 47 17 43 35 18 24 20 18 31 41 37 31 8 29 50 14 28 31 35 29 30 37 13 21 24 21 17 25 30 
20 18 31 9 36 6 8 40 40 26 28 13 29 0 8 38 3 32 29 20 17 23 30 17 19 5 11 43 9 19 4 14 34 40 26 13 42 33 32 36 49 37 46 25 29 29 21 9 28 40 24 
22 19 37 9 42 2 3 38 46 24 25 18 37 8 0 37 6 33 35 26 14 24 25 23 12 5 18 48 17 23 10 6 33 42 35 14 39 39 35 38 52 40 50 23 34 33 24 16 33 44 25 
18 20 32 29 31 37 34 2 30 13 14 27 41 38 37 0 39 9 31 27 23 15 18 27 29 41 34 30 35 25 42 35 4 16 46 24 10 29 13 12 24 15 26 13 28 20 19 33 24 24 14 
22 20 35 10 40 3 7 41 44 27 29 16 33 3 6 39 0 35 32 23 18 25 30 21 17 2 14 47 13 22 4 12 35 42 30 15 42 37 35 39 52 40 49 26 32 32 24 12 31 43 26 
12 14 22 24 22 33 30 12 22 13 17 20 32 32 33 9 35 0 22 18 21 9 22 19 29 36 26 22 27 17 36 33 5 10 37 19 19 20 4 5 20 8 19 13 18 11 11 26 15 16 8 
19 21 2 27 7 33 32 34 12 30 34 17 10 29 35 31 32 22 0 9 30 20 39 12 38 34 18 16 19 12 31 38 27 20 17 24 41 5 18 20 26 19 21 29 3 11 16 19 7 15 22 
11 12 12 17 16 24 23 29 20 22 26 7 15 20 26 27 23 18 9 0 21 13 31 2 28 25 10 23 11 2 23 29 23 21 19 15 35 13 16 19 30 19 26 21 8 9 8 11 7 20 14 
12 9 32 8 35 15 11 24 38 9 11 14 36 17 14 23 18 21 30 21 0 12 13 18 8 18 19 40 19 18 21 12 19 31 37 6 24 32 23 26 41 29 39 9 28 24 15 17 25 34 12 
2 5 22 15 24 24 21 17 25 9 13 11 28 23 24 15 25 9 20 13 12 0 19 12 21 27 18 27 19 10 27 24 11 18 32 10 22 21 10 14 28 16 26 8 17 11 4 17 14 21 1 
20 19 41 21 43 27 23 18 44 9 5 26 47 30 25 18 30 22 39 31 13 19 0 29 14 30 32 45 32 28 34 20 18 32 49 19 15 40 26 28 42 31 42 10 37 30 23 30 33 38 18 
10 10 14 14 19 21 20 30 23 21 25 4 17 17 23 27 21 19 12 2 18 12 29 0 26 23 8 26 9 2 20 26 23 23 20 12 35 16 17 21 32 21 28 20 11 12 8 8 10 22 14 
20 17 40 12 44 14 10 30 46 16 15 21 43 19 12 29 17 29 38 28 8 21 14 26 0 17 25 48 24 26 21 6 27 39 43 13 29 40 31 34 49 37 48 16 36 32 23 22 34 43 21 
24 21 37 11 42 3 7 42 46 28 29 18 35 5 5 41 2 36 34 25 18 27 30 23 17 0 16 49 15 24 5 11 37 44 32 16 43 39 37 40 54 42 51 27 34 34 26 15 33 45 28 
15 14 20 12 25 16 16 36 30 25 28 6 18 11 18 34 14 26 18 10 19 18 32 8 25 16 0 33 1 9 13 23 29 31 18 13 40 22 25 29 40 29 36 24 18 20 15 2 18 30 20 
28 31 14 39 8 47 45 32 3 35 39 30 24 43 48 30 47 22 16 23 40 27 45 26 48 49 33 0 34 24 46 50 28 14 32 35 40 10 18 17 12 14 7 35 14 15 25 34 15 6 28 
16 15 22 11 27 15 15 37 31 25 29 7 20 9 17 35 13 27 19 11 19 19 32 9 24 15 1 34 0 11 12 22 30 33 18 13 41 24 26 30 41 31 38 24 20 21 16 2 19 32 20 
8 9 14 15 18 22 21 28 22 19 23 5 18 19 23 25 22 17 12 2 18 10 28 2 26 24 9 24 11 0 22 26 21 21 21 12 33 15 15 19 30 19 27 19 10 10 6 10 9 21 12 
24 22 34 13 39 7 11 44 43 30 32 17 31 4 10 42 4 36 31 23 21 27 34 20 21 5 13 46 12 22 0 16 38 43 27 17 46 36 36 40 53 41 49 29 32 32 25 12 31 43 28 
22 19 41 11 45 8 6 36 48 21 21 21 41 14 6 35 12 33 38 29 12 24 20 26 6 11 23 50 22 26 16 0 32 42 40 14 35 41 35 38 52 40 51 21 37 34 25 20 35 45 24 
14 16 28 25 28 34 30 6 28 10 13 23 37 34 33 4 35 5 27 23 19 11 18 23 27 37 29 28 30 21 38 32 0 15 42 20 13 26 10 10 24 13 24 10 24 16 14 28 20 21 9 
20 23 20 33 17 42 39 18 15 24 27 26 31 40 42 16 42 10 20 21 31 18 32 23 39 44 31 14 33 21 43 42 15 0 38 28 26 16 7 4 10 2 9 23 17 11 18 32 15 7 18 
30 30 18 30 23 32 34 49 28 41 45 22 8 26 35 46 30 37 17 19 37 32 49 20 43 32 18 32 18 21 27 40 42 38 0 30 54 22 34 37 43 36 38 40 20 27 28 20 23 33 34 
8 5 26 4 30 13 10 26 33 12 15 8 29 13 14 24 15 19 24 15 6 10 19 12 13 16 13 35 13 12 17 14 20 28 30 0 28 27 21 24 38 26 36 12 23 19 10 11 20 31 11 
25 25 41 32 41 40 36 8 40 15 13 33 50 42 39 10 42 19 41 35 24 22 15 35 29 43 40 40 41 33 46 35 13 26 54 28 0 39 23 22 33 25 35 16 37 30 26 39 34 34 20 
20 23 3 30 3 37 36 31 7 30 34 20 14 33 39 29 37 20 5 13 32 21 40 16 40 39 22 10 24 15 36 41 26 16 22 27 39 0 16 17 20 15 15 29 4 9 17 24 6 10 22 
12 15 18 25 18 34 31 15 18 17 20 19 28 32 35 13 35 4 18 16 23 10 26 17 31 37 25 18 26 15 36 35 10 7 34 21 23 16 0 3 17 5 16 16 15 7 11 25 11 12 10 
16 19 20 29 19 38 35 14 18 19 22 23 31 36 38 12 39 5 20 19 26 14 28 21 34 40 29 17 30 19 40 38 10 4 37 24 22 17 3 0 14 3 14 19 17 10 14 29 14 11 13 
30 33 24 43 20 51 49 25 15 33 37 36 35 49 52 24 52 20 26 30 41 28 42 32 49 54 40 12 41 30 53 52 24 10 43 38 33 20 17 14 0 12 5 33 23 20 28 40 22 10 28 
18 21 19 31 17 40 37 17 15 22 25 24 29 37 40 15 40 8 19 19 29 16 31 21 37 42 29 14 31 19 41 40 13 2 36 26 25 15 5 3 12 0 11 22 16 10 16 29 13 8 16 
28 31 19 40 14 49 46 27 9 33 37 32 30 46 50 26 49 19 21 26 39 26 42 28 48 51 36 7 38 27 49 51 24 9 38 36 35 15 16 14 5 11 0 33 18 16 25 37 18 5 26 
10 10 31 16 32 24 20 15 34 0 4 18 37 25 23 13 26 13 29 21 9 8 10 20 16 27 24 35 24 19 29 21 10 23 40 12 16 29 16 19 33 22 33 0 26 20 12 22 23 29 7 
17 19 4 25 7 33 32 30 11 27 31 16 13 29 34 28 32 18 3 8 28 17 37 11 36 34 18 14 20 10 32 37 24 17 20 23 37 4 15 17 23 16 18 26 0 7 14 19 3 13 19 
12 15 11 23 12 32 30 23 14 20 25 15 21 29 33 20 32 11 11 9 24 11 30 12 32 34 20 15 21 10 32 34 16 11 27 19 30 9 7 10 20 10 16 20 7 0 9 20 3 11 12 
3 5 18 15 21 23 21 21 23 13 17 9 24 21 24 19 24 11 16 8 15 4 23 8 23 26 15 25 16 6 25 25 14 18 28 10 26 17 11 14 28 16 25 12 14 9 0 14 10 20 5 
14 13 22 10 27 14 14 35 31 23 27 5 21 9 16 33 12 26 19 11 17 17 30 8 22 15 2 34 2 10 12 20 28 32 20 11 39 24 25 29 40 29 37 22 19 20 14 0 19 31 19 
13 16 7 23 10 31 30 27 13 23 28 14 17 28 33 24 31 15 7 7 25 14 33 10 34 33 18 15 19 9 31 35 20 15 23 20 34 6 11 14 22 13 18 23 3 3 10 19 0 12 15 
22 25 14 35 10 43 41 26 7 29 33 26 25 40 44 24 43 16 15 20 34 21 38 22 43 45 30 6 32 21 43 45 21 7 33 31 34 10 12 11 10 8 5 29 13 11 20 31 12 0 22 
4 6 23 16 25 25 21 16 26 8 12 13 30 24 25 14 26 8 22 14 12 1 18 14 21 28 20 28 20 12 28 24 9 18 34 11 20 22 10 13 28 16 26 7 19 12 5 19 15 22 0 
0 546
349 403
131 185
291 345
455 509
313 367
19 73
335 389
356 410
0 54
309 363
13 67
245 299
434 488
213 267
54 108
171 225
46 100
302 356
473 527
335 389
1 55
373 427
307 361
297 351
49 103
452 506
408 462
284 338
10 64
328 382
73 127
42 96
66 120
218 272
185 239
187 241
477 531
68 122
27 81
358 412
374 428
114 168
177 231
129 183
172 226
260 314
128 182
480 534
101 155
465 519
