51
0 7 30 27 32 28 26 9 22 13 5 2 29 22 27 42 25 40 15 23 27 13 26 28 41 14 20 19 23 40 18 35 28 4 39 37 34 19 37 14 26 24 4 25 38 17 13 1 26 12 19 
7 0 23 21 31 21 20 8 15 20 9 7 22 16 21 44 18 40 8 15 21 14 21 21 36 7 17 22 17 39 17 37 29 11 34 31 27 12 37 21 24 26 3 17 38 22 12 6 28 19 14 
30 23 0 4 48 8 5 31 16 43 28 29 10 9 2 64 20 57 18 18 23 37 33 19 38 16 33 45 8 56 36 59 50 33 39 35 23 19 54 43 42 47 26 18 58 46 34 29 50 41 28 
27 21 4 0 44 3 7 27 11 41 27 27 6 10 2 60 15 53 14 13 18 33 28 14 33 13 28 42 9 52 32 55 46 32 34 30 18 14 50 41 38 43 24 13 54 43 30 26 46 39 23 
32 31 48 44 0 41 47 23 32 35 38 34 40 45 45 17 29 9 31 30 27 19 16 32 26 36 15 19 46 8 14 17 10 35 21 24 33 29 6 39 6 11 31 31 11 26 19 33 14 38 20 
28 21 8 3 41 0 10 26 9 41 27 27 3 12 6 57 12 50 13 10 15 32 25 11 30 14 26 41 12 49 30 53 44 32 31 27 15 12 47 41 35 41 24 10 51 43 28 27 45 40 21 
26 20 5 7 47 10 0 28 16 38 23 25 13 4 4 62 21 57 16 18 24 34 33 21 40 12 32 42 3 56 35 57 48 29 41 37 26 18 54 38 41 45 23 19 57 43 31 25 48 36 27 
9 8 31 27 23 26 28 0 18 18 14 11 27 25 28 35 20 32 13 18 21 6 17 23 33 15 11 14 26 31 9 29 20 12 30 29 29 15 29 20 17 17 7 20 30 16 4 9 19 19 11 
22 15 16 11 32 9 16 18 0 35 24 22 8 16 13 48 5 41 7 1 8 23 16 6 24 11 17 32 16 40 21 44 35 27 24 20 12 3 38 36 26 32 18 3 42 35 20 21 36 35 12 
13 20 43 41 35 41 38 18 35 0 15 13 42 34 40 39 37 41 28 35 39 17 35 40 51 27 29 16 35 41 24 31 27 9 48 47 46 31 38 3 31 24 17 37 37 11 19 14 23 4 29 
5 9 28 27 38 27 23 14 24 15 0 3 29 19 26 48 28 46 17 25 30 19 31 30 45 13 25 24 20 45 24 40 34 6 43 41 36 21 43 14 32 30 7 27 43 22 18 5 31 13 23 
2 7 29 27 34 27 25 11 22 13 3 0 29 20 26 44 26 43 15 23 28 15 28 28 43 13 22 21 22 42 20 37 30 4 40 38 35 19 39 14 28 27 4 25 40 19 15 1 28 12 20 
29 22 10 6 40 3 13 27 8 42 29 29 0 15 9 56 10 49 14 9 13 32 24 8 27 16 25 41 15 48 30 53 43 34 28 24 12 12 46 43 34 41 25 8 50 43 28 28 44 41 20 
22 16 9 10 45 12 4 25 16 34 19 20 15 0 7 60 21 54 14 18 24 31 32 21 41 9 30 39 1 54 32 54 45 25 41 37 27 17 51 34 39 42 19 19 54 39 28 21 45 32 25 
27 21 2 2 45 6 4 28 13 40 26 26 9 7 0 61 18 55 15 15 21 34 30 17 36 13 30 42 6 54 34 56 47 31 37 33 21 16 52 40 39 44 24 15 55 43 31 26 47 38 25 
42 44 64 60 17 57 62 35 48 39 48 44 56 60 61 0 46 11 46 47 45 29 33 49 43 50 31 23 61 11 27 9 14 43 38 41 51 45 12 43 22 17 43 48 6 28 31 43 16 44 36 
25 18 20 15 29 12 21 20 5 37 28 26 10 21 18 46 0 38 11 3 3 24 13 2 19 16 15 32 21 37 21 43 33 30 19 15 8 6 35 39 24 31 21 2 40 36 20 25 35 38 10 
40 40 57 53 9 50 57 32 41 41 46 43 49 54 55 11 38 0 40 39 36 27 24 40 32 45 24 25 55 0 22 16 14 42 27 30 41 38 3 45 15 17 40 40 7 31 28 41 18 45 29 
15 8 18 14 31 13 16 13 7 28 17 15 14 14 15 46 11 40 0 8 14 18 18 13 30 5 15 27 14 39 18 41 32 20 28 25 19 4 37 29 25 29 11 10 40 29 15 14 32 27 11 
23 15 18 13 30 10 18 18 1 35 25 23 9 18 15 47 3 39 8 0 6 23 15 5 23 12 15 31 18 39 20 43 34 27 22 19 11 3 37 37 24 31 19 2 41 34 19 22 35 35 10 
27 21 23 18 27 15 24 21 8 39 30 28 13 24 21 45 3 36 14 6 0 24 11 4 16 19 14 33 24 35 20 42 32 32 16 12 7 9 34 41 22 30 24 5 38 37 21 27 34 40 11 
13 14 37 33 19 32 34 6 23 17 19 15 32 31 34 29 24 27 18 23 24 0 18 27 34 21 11 8 32 26 6 23 14 16 30 30 32 19 23 20 13 11 13 24 24 12 3 14 13 20 13 
26 21 33 28 16 25 33 17 16 35 31 28 24 32 30 33 13 24 18 15 11 18 0 15 16 24 6 24 32 24 12 31 22 30 12 12 17 14 22 38 11 20 23 15 27 29 15 26 24 37 7 
28 21 19 14 32 11 21 23 6 40 30 28 8 21 17 49 2 40 13 5 4 27 15 0 19 17 18 35 21 39 23 46 36 33 20 15 6 9 38 42 26 34 24 3 42 39 23 27 38 40 13 
41 36 38 33 26 30 40 33 24 51 45 43 27 41 36 43 19 32 30 23 16 34 16 19 0 35 22 40 41 31 28 44 35 46 4 4 15 25 31 54 25 35 38 21 37 45 31 41 39 53 22 
14 7 16 13 36 14 12 15 11 27 13 13 16 9 13 50 16 45 5 12 19 21 24 17 35 0 21 30 10 44 23 45 36 18 34 31 24 10 42 27 30 33 10 14 45 30 19 13 35 26 16 
20 17 33 28 15 26 32 11 17 29 25 22 25 30 30 31 15 24 15 15 14 11 6 18 22 21 0 18 30 24 6 28 18 24 19 18 21 13 21 31 9 16 18 16 25 23 9 21 20 30 5 
19 22 45 42 19 41 42 14 32 16 24 21 41 39 42 23 32 25 27 31 33 8 24 35 40 30 18 0 40 24 12 16 10 19 36 36 40 28 22 20 16 8 20 33 20 6 12 20 7 20 21 
23 17 8 9 46 12 3 26 16 35 20 22 15 1 6 61 21 55 14 18 24 32 32 21 41 10 30 40 0 54 33 55 46 26 41 37 27 17 52 35 40 43 20 19 55 40 29 22 46 33 26 
40 39 56 52 8 49 56 31 40 41 45 42 48 54 54 11 37 0 39 39 35 26 24 39 31 44 24 24 54 0 22 16 13 42 27 30 41 37 2 44 14 16 39 39 7 30 27 40 18 44 29 
18 17 36 32 14 30 35 9 21 24 24 20 30 32 34 27 21 22 18 20 20 6 12 23 28 23 6 12 33 22 0 23 13 21 24 24 28 18 19 27 7 10 17 21 22 17 5 19 14 26 10 
35 37 59 55 17 53 57 29 44 31 40 37 53 54 56 9 43 16 41 43 42 23 31 46 44 45 28 16 55 16 23 0 9 35 39 41 49 41 15 34 20 12 36 44 9 20 25 36 9 35 32 
28 29 50 46 10 44 48 20 35 27 34 30 43 45 47 14 33 14 32 34 32 14 22 36 35 36 18 10 46 13 13 9 0 29 30 32 39 31 11 31 10 3 28 34 9 16 16 29 4 31 23 
4 11 33 32 35 32 29 12 27 9 6 4 34 25 31 43 30 42 20 27 32 16 30 33 46 18 24 19 26 42 21 35 29 0 43 41 39 24 39 9 29 26 8 29 39 16 16 5 26 7 23 
39 34 39 34 21 31 41 30 24 48 43 40 28 41 37 38 19 27 28 22 16 30 12 20 4 34 19 36 41 27 24 39 30 43 0 4 17 24 26 50 20 30 36 21 32 41 28 39 34 49 20 
37 31 35 30 24 27 37 29 20 47 41 38 24 37 33 41 15 30 25 19 12 30 12 15 4 31 18 36 37 30 24 41 32 41 4 0 13 21 29 49 21 31 34 17 35 41 27 37 35 48 18 
34 27 23 18 33 15 26 29 12 46 36 35 12 27 21 51 8 41 19 11 7 32 17 6 15 24 21 40 27 41 28 49 39 39 17 13 0 15 39 48 29 37 30 9 45 44 28 34 42 47 18 
19 12 19 14 29 12 18 15 3 31 21 19 12 17 16 45 6 38 4 3 9 19 14 9 25 10 13 28 17 37 18 41 31 24 24 21 15 0 35 33 23 28 15 5 39 31 16 18 32 31 8 
37 37 54 50 6 47 54 29 38 38 43 39 46 51 52 12 35 3 37 37 34 23 22 38 31 42 21 22 52 2 19 15 11 39 26 29 39 35 0 42 12 13 36 37 6 28 24 38 15 42 26 
14 21 43 41 39 41 38 20 36 3 14 14 43 34 40 43 39 45 29 37 41 20 38 42 54 27 31 20 35 44 27 34 31 9 50 49 48 33 42 0 34 28 18 39 40 14 22 14 27 1 31 
26 24 42 38 6 35 41 17 26 31 32 28 34 39 39 22 24 15 25 24 22 13 11 26 25 30 9 16 40 14 7 20 10 29 20 21 29 23 12 34 0 10 25 25 16 22 13 27 14 33 14 
24 26 47 43 11 41 45 17 32 24 30 27 41 42 44 17 31 17 29 31 30 11 20 34 35 33 16 8 43 16 10 12 3 26 30 31 37 28 13 28 10 0 25 32 13 14 13 25 4 28 20 
4 3 26 24 31 24 23 7 18 17 7 4 25 19 24 43 21 40 11 19 24 13 23 24 38 10 18 20 20 39 17 36 28 8 36 34 30 15 36 18 25 25 0 21 38 20 12 3 26 16 16 
25 17 18 13 31 10 19 20 3 37 27 25 8 19 15 48 2 40 10 2 5 24 15 3 21 14 16 33 19 39 21 44 34 29 21 17 9 5 37 39 25 32 21 0 41 36 21 24 36 37 11 
38 38 58 54 11 51 57 30 42 37 43 40 50 54 55 6 40 7 40 41 38 24 27 42 37 45 25 20 55 7 22 9 9 39 32 35 45 39 6 40 16 13 38 41 0 25 26 38 13 40 30 
17 22 46 43 26 43 43 16 35 11 22 19 43 39 43 28 36 31 29 34 37 12 29 39 45 30 23 6 40 30 17 20 16 16 41 41 44 31 28 14 22 14 20 36 25 0 15 18 12 15 25 
13 12 34 30 19 28 31 4 20 19 18 15 28 28 31 31 20 28 15 19 21 3 15 23 31 19 9 12 29 27 5 25 16 16 28 27 28 16 24 22 13 13 12 21 26 15 0 13 16 21 10 
1 6 29 26 33 27 25 9 21 14 5 1 28 21 26 43 25 41 14 22 27 14 26 27 41 13 21 20 22 40 19 36 29 5 39 37 34 18 38 14 27 25 3 24 38 18 13 0 26 13 19 
26 28 50 46 14 45 48 19 36 23 31 28 44 45 47 16 35 18 32 35 34 13 24 38 39 35 20 7 46 18 14 9 4 26 34 35 42 32 15 27 14 4 26 36 13 12 16 26 0 27 24 
12 19 41 39 38 40 36 19 35 4 13 12 41 32 38 44 38 45 27 35 40 20 37 40 53 26 30 20 33 44 26 35 31 7 49 48 47 31 42 1 33 28 16 37 40 15 21 13 27 0 30 
19 14 28 23 20 21 27 11 12 29 23 20 20 25 25 36 10 29 11 10 11 13 7 13 22 16 5 21 26 29 10 32 23 23 20 18 18 8 26 31 14 20 16 11 30 25 10 19 24 30 0 
0 464
204 436
27 259
167 399
78 310
77 309
107 339
226 458
52 284
7 239
127 359
187 419
119 351
173 405
146 378
61 293
194 426
84 316
85 317
225 457
207 439
214 446
88 320
197 429
59 291
170 402
3 235
75 307
8 240
186 418
183 415
224 456
126 358
134 366
182 414
162 394
225 457
45 277
177 409
195 427
161 393
66 298
144 376
204 436
114 346
132 364
191 423
49 281
225 457
215 447
171 403
