51
0 21 3 16 30 19 9 8 4 9 11 35 6 17 13 25 16 24 12 16 32 23 25 34 35 25 25 25 11 32 7 28 28 39 43 34 36 25 33 21 17 18 17 7 24 27 31 19 26 13 34 
21 0 20 18 29 23 11 25 23 19 22 14 15 32 16 16 38 20 25 7 10 28 4 16 18 8 5 14 27 24 25 7 23 18 22 14 17 11 22 9 22 9 5 16 4 9 24 21 21 33 21 
3 20 0 13 27 16 9 12 8 12 7 35 6 14 15 27 18 26 9 15 31 26 25 32 33 24 23 22 9 34 5 28 30 38 42 32 36 22 34 22 13 16 16 8 22 28 28 16 22 13 32 
16 18 13 0 14 5 13 24 21 23 7 31 15 16 24 32 29 33 10 10 26 37 22 22 23 17 18 11 12 40 13 24 37 32 35 23 36 13 39 25 3 9 13 18 17 28 14 3 9 21 20 
30 29 27 14 0 10 27 39 35 38 20 39 30 22 38 45 40 47 20 22 33 51 33 25 23 24 27 15 22 53 25 33 51 37 38 27 46 19 52 37 13 20 25 33 26 39 8 11 8 30 18 
19 23 16 5 10 0 18 28 24 27 9 36 20 13 29 37 30 38 9 15 30 41 27 25 25 21 23 13 12 45 15 29 42 36 38 27 41 16 44 30 2 14 18 22 22 33 14 2 9 20 21 
9 11 9 13 27 18 0 14 12 11 12 26 4 22 10 19 26 20 16 8 22 24 16 25 26 16 15 17 17 27 14 19 24 29 33 24 27 16 27 13 16 10 8 6 14 19 26 16 21 22 27 
8 25 12 24 39 28 14 0 3 6 19 38 10 24 11 24 16 20 20 22 35 16 28 40 41 31 29 32 19 28 15 32 24 42 47 39 37 31 30 21 25 25 23 8 28 29 39 27 34 18 41 
4 23 8 21 35 24 12 3 0 7 15 37 8 20 12 25 15 22 16 20 34 19 27 37 39 29 27 29 15 30 11 30 26 41 46 37 37 28 31 21 22 22 20 7 26 28 36 24 30 15 38 
9 19 12 23 38 27 11 6 7 0 19 32 7 26 5 18 22 15 21 19 30 14 23 35 37 26 24 28 21 23 17 26 19 37 42 34 31 27 24 15 25 21 18 5 24 23 37 26 32 22 38 
11 22 7 7 20 9 12 19 15 19 0 36 12 10 22 32 21 32 3 14 31 33 26 29 30 23 23 18 5 40 6 29 36 38 41 30 39 20 40 26 6 14 17 15 22 31 22 9 17 13 27 
35 14 35 31 39 36 26 38 37 32 36 0 29 46 27 19 52 25 40 21 6 37 10 16 19 15 13 24 41 25 40 7 26 6 11 13 8 20 22 17 35 22 19 30 14 10 32 33 31 48 25 
6 15 6 15 30 20 4 10 8 7 12 29 0 21 9 20 22 19 15 12 26 21 19 29 31 20 19 21 15 27 12 22 24 33 37 28 30 20 27 15 17 14 12 2 18 21 29 18 24 19 31 
17 32 14 16 22 13 22 24 20 26 10 46 21 0 30 41 18 41 6 24 41 40 37 38 38 32 33 27 5 49 9 39 45 48 51 40 49 29 49 36 13 24 27 23 32 41 27 15 23 8 35 
13 16 15 24 38 29 10 11 12 5 22 27 9 30 0 12 27 10 24 17 26 13 19 32 34 23 21 27 24 18 21 22 15 32 37 31 25 25 19 10 26 20 16 6 20 18 36 27 31 27 36 
25 16 27 32 45 37 19 24 25 18 32 19 20 41 12 0 40 6 35 22 21 17 15 30 33 23 20 30 36 8 32 17 7 26 31 28 14 27 7 7 35 24 19 18 20 10 40 35 37 39 37 
16 38 18 29 40 30 26 16 15 22 21 52 22 18 27 40 0 37 20 33 48 30 42 50 51 42 41 39 17 45 15 45 40 56 60 50 52 40 46 37 28 34 34 22 40 44 43 31 38 9 49 
24 20 26 33 47 38 20 20 22 15 32 25 19 41 10 6 37 0 35 24 26 11 20 35 38 28 25 34 35 8 31 22 4 32 37 33 20 31 9 11 36 27 22 17 24 16 44 36 39 37 41 
12 25 9 10 20 9 16 20 16 21 3 40 15 6 24 35 20 35 0 18 34 35 30 32 33 26 27 21 2 43 5 32 39 41 44 33 43 23 43 29 8 18 20 17 26 34 23 11 18 11 30 
16 7 15 10 22 15 8 22 20 19 14 21 12 24 17 22 33 24 18 0 16 30 12 17 18 9 8 10 20 30 19 14 28 23 27 17 25 8 29 15 14 2 2 14 8 17 19 13 15 27 19 
32 10 31 26 33 30 22 35 34 30 31 6 26 41 26 21 48 26 34 16 0 37 7 11 13 9 7 17 36 27 35 4 28 7 11 8 13 14 25 16 29 16 14 27 8 10 26 27 25 43 19 
23 28 26 37 51 41 24 16 19 14 33 37 21 40 13 17 30 11 35 30 37 0 30 45 47 36 33 41 35 17 30 33 12 42 48 43 32 39 20 20 39 33 29 18 33 27 50 40 45 34 49 
25 4 25 22 33 27 16 28 27 23 26 10 19 37 19 15 42 20 30 12 7 30 0 15 18 9 5 17 31 22 30 3 22 13 18 13 13 14 20 9 26 13 9 20 6 6 27 25 24 38 22 
34 16 32 22 25 25 25 40 37 35 29 16 29 38 32 30 50 35 32 17 11 45 15 0 2 8 11 11 35 38 35 13 38 13 13 3 24 9 35 24 25 15 16 31 11 21 17 23 17 43 8 
35 18 33 23 23 25 26 41 39 37 30 19 31 38 34 33 51 38 33 18 13 47 18 2 0 10 13 11 35 40 36 16 40 15 14 5 27 10 38 27 25 16 18 32 14 23 15 23 17 43 6 
25 8 24 17 24 21 16 31 29 26 23 15 20 32 23 23 42 28 26 9 9 36 9 8 10 0 3 8 28 31 27 9 31 15 18 8 21 5 29 17 20 8 8 22 3 15 18 18 16 36 13 
25 5 23 18 27 23 15 29 27 24 23 13 19 33 21 20 41 25 27 8 7 33 5 11 13 3 0 11 28 28 27 6 27 14 18 9 18 8 26 13 22 9 7 20 0 12 21 20 18 36 16 
25 14 22 11 15 13 17 32 29 28 18 24 21 27 27 30 39 34 21 10 17 41 17 11 11 8 11 0 23 39 24 17 37 23 24 13 30 3 37 23 13 7 11 23 11 23 10 11 7 32 9 
11 27 9 12 22 12 17 19 15 21 5 41 15 5 24 36 17 35 2 20 36 35 31 35 35 28 28 23 0 43 4 34 39 43 46 36 44 25 43 30 10 20 22 18 28 35 26 13 21 8 32 
32 24 34 40 53 45 27 28 30 23 40 25 27 49 18 8 45 8 43 30 27 17 22 38 40 31 28 39 43 0 39 24 4 31 36 35 17 36 3 15 43 33 28 25 28 17 49 43 45 45 45 
7 25 5 13 25 15 14 15 11 17 6 40 12 9 21 32 15 31 5 19 35 30 30 35 36 27 27 24 4 39 0 32 36 42 46 35 42 25 40 27 13 19 20 14 27 33 28 15 23 8 34 
28 7 28 24 33 29 19 32 30 26 29 7 22 39 22 17 45 22 32 14 4 33 3 13 16 9 6 17 34 24 32 0 24 10 15 11 12 14 22 12 28 15 12 23 6 7 27 26 25 40 21 
28 23 30 37 51 42 24 24 26 19 36 26 24 45 15 7 40 4 39 28 28 12 22 38 40 31 27 37 39 4 36 24 0 33 38 35 20 35 7 14 40 31 26 21 27 17 47 40 43 41 44 
39 18 38 32 37 36 29 42 41 37 38 6 33 48 32 26 56 32 41 23 7 42 13 13 15 15 14 23 43 31 42 10 33 0 5 10 14 19 28 22 36 23 21 34 15 15 30 33 30 50 21 
43 22 42 35 38 38 33 47 46 42 41 11 37 51 37 31 60 37 44 27 11 48 18 13 14 18 18 24 46 36 46 15 38 5 0 11 19 22 33 27 38 26 25 38 19 21 30 36 31 54 21 
34 14 32 23 27 27 24 39 37 34 30 13 28 40 31 28 50 33 33 17 8 43 13 3 5 8 9 13 36 35 35 11 35 10 11 0 21 10 33 22 27 16 16 30 10 18 20 24 20 43 11 
36 17 36 36 46 41 27 37 37 31 39 8 30 49 25 14 52 20 43 25 13 32 13 24 27 21 18 30 44 17 42 12 20 14 19 21 0 26 14 15 39 27 23 29 19 8 39 38 37 49 32 
25 11 22 13 19 16 16 31 28 27 20 20 20 29 25 27 40 31 23 8 14 39 14 9 10 5 8 3 25 36 25 14 35 19 22 10 26 0 34 21 16 6 9 23 8 20 13 14 10 33 10 
33 22 34 39 52 44 27 30 31 24 40 22 27 49 19 7 46 9 43 29 25 20 20 35 38 29 26 37 43 3 40 22 7 28 33 33 14 34 0 14 42 31 26 26 26 14 47 42 43 46 42 
21 9 22 25 37 30 13 21 21 15 26 17 15 36 10 7 37 11 29 15 16 20 9 24 27 17 13 23 30 15 27 12 14 22 27 22 15 21 14 0 28 17 12 14 13 7 33 28 29 35 30 
17 22 13 3 13 2 16 25 22 25 6 35 17 13 26 35 28 36 8 14 29 39 26 25 25 20 22 13 10 43 13 28 40 36 38 27 39 16 42 28 0 13 16 20 21 31 15 2 10 19 22 
18 9 16 9 20 14 10 25 22 21 14 22 14 24 20 24 34 27 18 2 16 33 13 15 16 8 9 7 20 33 19 15 31 23 26 16 27 6 31 17 13 0 4 16 8 19 16 11 12 27 16 
17 5 16 13 25 18 8 23 20 18 17 19 12 27 16 19 34 22 20 2 14 29 9 16 18 8 7 11 22 28 20 12 26 21 25 16 23 9 26 12 16 4 0 14 6 14 21 16 17 29 20 
7 16 8 18 33 22 6 8 7 5 15 30 2 23 6 18 22 17 17 14 27 18 20 31 32 22 20 23 18 25 14 23 21 34 38 30 29 23 26 14 20 16 14 0 19 21 32 21 27 20 33 
24 4 22 17 26 22 14 28 26 24 22 14 18 32 20 20 40 24 26 8 8 33 6 11 14 3 0 11 28 28 27 6 27 15 19 10 19 8 26 13 21 8 6 19 0 12 21 19 18 35 17 
27 9 28 28 39 33 19 29 28 23 31 10 21 41 18 10 44 16 34 17 10 27 6 21 23 15 12 23 35 17 33 7 17 15 21 18 8 20 14 7 31 19 14 21 12 0 33 30 30 41 28 
31 24 28 14 8 14 26 39 36 37 22 32 29 27 36 40 43 44 23 19 26 50 27 17 15 18 21 10 26 49 28 27 47 30 30 20 39 13 47 33 15 16 21 32 21 33 0 12 5 34 9 
19 21 16 3 11 2 16 27 24 26 9 33 18 15 27 35 31 36 11 13 27 40 25 23 23 18 20 11 13 43 15 26 40 33 36 24 38 14 42 28 2 11 16 21 19 30 12 0 7 22 19 
26 21 22 9 8 9 21 34 30 32 17 31 24 23 31 37 38 39 18 15 25 45 24 17 17 16 18 7 21 45 23 25 43 30 31 20 37 10 43 29 10 12 17 27 18 30 5 7 0 30 12 
13 33 13 21 30 20 22 18 15 22 13 48 19 8 27 39 9 37 11 27 43 34 38 43 43 36 36 32 8 45 8 40 41 50 54 43 49 33 46 35 19 27 29 20 35 41 34 22 30 0 41 
34 21 32 20 18 21 27 41 38 38 27 25 31 35 36 37 49 41 30 19 19 49 22 8 6 13 16 9 32 45 34 21 44 21 21 11 32 10 42 30 22 16 20 33 17 28 9 19 12 41 0 
0 710
104 459
200 555
87 442
181 536
215 570
34 389
30 385
34 389
271 626
256 611
138 493
300 655
204 559
31 386
253 608
74 429
271 626
71 426
49 404
157 512
115 470
157 512
129 484
0 355
95 450
187 542
249 604
186 541
207 562
341 696
279 634
305 660
220 575
68 423
244 599
155 510
127 482
155 510
134 489
190 545
135 490
231 586
175 530
206 561
8 363
162 517
169 524
306 661
96 451
84 439
