51
0 39 18 6 12 22 31 23 21 40 28 34 19 7 23 8 37 42 6 26 27 22 8 11 5 27 34 34 18 27 14 5 8 40 28 15 37 19 43 42 32 29 34 38 33 13 11 30 25 7 19 
39 0 33 44 47 18 26 35 57 5 18 7 47 33 37 30 2 13 33 46 20 33 38 40 36 37 25 24 21 12 25 44 36 6 47 33 5 20 13 11 13 25 8 0 14 35 48 15 13 45 19 
18 33 0 24 17 24 39 37 39 32 32 33 37 21 37 16 30 30 14 13 32 3 25 29 13 41 41 41 19 22 20 21 24 31 15 3 29 16 31 31 34 13 33 33 21 5 30 19 22 20 21 
6 44 24 0 13 27 33 24 15 46 32 40 16 11 23 14 42 48 12 30 31 28 9 10 11 28 37 38 23 33 19 3 10 46 31 20 43 25 49 48 37 35 39 44 39 18 6 37 30 6 25 
12 47 17 13 0 32 43 36 26 47 40 44 29 20 36 19 45 47 14 17 39 20 20 23 11 40 46 47 28 35 25 9 21 47 19 15 44 27 48 48 43 30 44 47 38 13 18 35 34 7 30 
22 18 24 27 32 0 16 19 39 21 8 12 29 15 20 13 16 26 18 38 8 25 20 22 21 22 17 17 5 9 7 27 18 21 39 22 18 7 27 25 10 24 12 17 19 23 30 18 5 29 2 
31 26 39 33 43 16 0 12 40 31 9 18 27 23 13 24 27 38 29 52 7 41 24 24 32 11 3 4 20 24 19 35 23 33 54 36 29 23 39 37 13 40 18 26 34 37 34 33 21 38 18 
23 35 37 24 36 19 12 0 27 40 17 28 14 16 1 20 35 45 24 48 15 40 15 14 27 4 16 17 21 29 17 26 15 41 50 33 37 24 46 45 23 42 27 35 39 33 23 37 25 29 20 
21 57 39 15 26 39 40 27 0 59 42 51 13 24 26 28 55 63 27 44 40 43 19 17 27 30 43 44 37 47 32 18 20 60 45 36 57 38 64 63 47 51 51 57 54 34 9 52 44 20 37 
40 5 32 46 47 21 31 40 59 0 23 13 50 35 41 31 4 7 34 44 25 30 40 43 36 41 30 30 22 12 27 45 39 1 45 32 2 21 7 6 18 22 14 6 11 34 50 13 15 46 22 
28 18 32 32 40 8 9 17 42 23 0 10 30 21 18 20 18 29 25 46 1 34 24 25 28 18 9 9 13 15 14 33 22 24 48 30 20 16 30 28 5 31 10 18 25 31 34 24 12 35 11 
34 7 33 40 44 12 18 28 51 13 10 0 40 28 29 25 8 20 30 47 12 33 32 34 33 29 17 17 16 11 20 39 31 14 48 32 11 17 20 19 5 27 0 7 18 33 43 19 10 41 15 
19 47 37 16 29 29 27 14 13 50 30 40 0 17 13 22 46 55 23 46 28 41 12 9 24 17 30 31 28 38 23 19 13 51 47 34 47 31 56 54 36 46 40 47 47 32 12 45 34 22 28 
7 33 21 11 20 15 23 16 24 35 21 28 17 0 17 5 31 38 7 32 20 24 5 8 10 21 26 27 12 22 8 12 3 36 33 17 32 14 40 38 25 29 28 33 30 16 15 28 19 14 13 
23 37 37 23 36 20 13 1 26 41 18 29 13 17 0 20 36 46 24 49 16 40 15 13 27 4 17 18 22 30 18 26 15 42 50 34 38 25 47 46 24 42 28 36 40 33 22 38 26 29 21 
8 30 16 14 19 13 24 20 28 31 20 25 22 5 20 0 28 34 4 28 19 19 10 13 8 24 27 28 9 18 6 14 9 32 30 13 28 10 35 34 24 23 25 30 25 13 19 23 16 15 10 
37 2 30 42 45 16 27 35 55 4 18 8 46 31 36 28 0 11 31 44 20 30 36 38 34 36 25 25 19 9 23 42 35 5 45 30 3 18 12 10 13 22 9 2 12 32 47 13 11 43 18 
42 13 30 48 47 26 38 45 63 7 29 20 55 38 46 34 11 0 36 42 31 28 44 46 38 47 37 37 26 16 31 46 42 6 42 32 8 24 1 1 25 18 21 13 9 34 53 11 20 47 26 
6 33 14 12 14 18 29 24 27 34 25 30 23 7 24 4 31 36 0 24 24 17 11 14 3 28 32 32 13 21 10 10 10 34 25 10 31 13 37 36 28 23 30 33 27 9 18 24 20 11 15 
26 46 13 30 17 38 52 48 44 44 46 47 46 32 49 28 44 42 24 0 46 13 35 38 22 52 55 55 33 35 33 26 34 44 1 16 42 30 42 42 48 23 47 46 33 15 35 31 36 24 35 
27 20 32 31 39 8 7 15 40 25 1 12 28 20 16 19 20 31 24 46 0 34 22 23 27 16 8 9 13 16 13 32 21 26 47 30 22 16 32 30 7 32 12 20 27 31 33 25 13 34 11 
22 33 3 28 20 25 41 40 43 30 34 33 41 24 40 19 30 28 17 13 34 0 29 32 16 43 43 43 21 22 22 24 28 30 14 7 28 18 29 29 35 10 33 33 20 9 34 17 23 23 23 
8 38 25 9 20 20 24 15 19 40 24 32 12 5 15 10 36 44 11 35 22 29 0 3 13 19 28 29 18 28 13 11 1 41 36 21 38 20 45 44 29 34 32 38 36 20 10 33 25 14 18 
11 40 29 10 23 22 24 14 17 43 25 34 9 8 13 13 38 46 14 38 23 32 3 0 16 17 28 29 20 30 15 13 4 43 39 25 40 22 47 46 30 37 33 40 38 24 9 36 27 16 20 
5 36 13 11 11 21 32 27 27 36 28 33 24 10 27 8 34 38 3 22 27 16 13 16 0 31 35 36 16 24 14 8 12 37 23 9 34 16 39 38 32 24 33 36 29 7 17 26 22 9 18 
27 37 41 28 40 22 11 4 30 41 18 29 17 21 4 24 36 47 28 52 16 43 19 17 31 0 14 15 24 31 21 30 19 42 54 37 39 27 48 46 23 45 28 36 42 37 27 40 28 33 23 
34 25 41 37 46 17 3 16 43 30 9 17 30 26 17 27 25 37 32 55 8 43 28 28 35 14 0 0 21 24 21 38 27 31 56 39 28 25 38 36 12 41 16 25 34 39 38 33 21 41 19 
34 24 41 38 47 17 4 17 44 30 9 17 31 27 18 28 25 37 32 55 9 43 29 29 36 15 0 0 22 24 22 39 27 31 56 39 28 25 37 36 11 41 16 24 34 39 38 33 21 42 20 
18 21 19 23 28 5 20 21 37 22 13 16 28 12 22 9 19 26 13 33 13 21 18 20 16 24 21 22 0 10 4 23 16 23 34 17 20 3 27 26 15 21 16 20 19 18 28 16 7 24 2 
27 12 22 33 35 9 24 29 47 12 15 11 38 22 30 18 9 16 21 35 16 22 28 30 24 31 24 24 10 0 14 32 26 13 36 21 10 8 17 16 14 16 11 12 10 23 37 9 3 33 9 
14 25 20 19 25 7 19 17 32 27 14 20 23 8 18 6 23 31 10 33 13 22 13 15 14 21 21 22 4 14 0 19 11 28 34 17 24 7 32 31 18 24 20 25 23 17 23 21 11 21 5 
5 44 21 3 9 27 35 26 18 45 33 39 19 12 26 14 42 46 10 26 32 24 11 13 8 30 38 39 23 32 19 0 11 45 27 17 42 23 48 47 37 32 39 43 37 15 9 35 30 2 24 
8 36 24 10 21 18 23 15 20 39 22 31 13 3 15 9 35 42 10 34 21 28 1 4 12 19 27 27 16 26 11 11 0 39 36 21 36 18 43 42 27 33 30 36 34 20 12 32 23 14 17 
40 6 31 46 47 21 33 41 60 1 24 14 51 36 42 32 5 6 34 44 26 30 41 43 37 42 31 31 23 13 28 45 39 0 44 32 3 21 6 4 19 21 15 7 10 34 51 12 16 46 22 
28 47 15 31 19 39 54 50 45 45 48 48 47 33 50 30 45 42 25 1 47 14 36 39 23 54 56 56 34 36 34 27 36 44 0 17 43 32 43 43 49 23 48 47 34 17 37 32 37 25 36 
15 33 3 20 15 22 36 33 36 32 30 32 34 17 34 13 30 32 10 16 30 7 21 25 9 37 39 39 17 21 17 17 21 32 17 0 30 15 33 32 32 15 32 33 22 2 26 20 21 16 19 
37 5 29 43 44 18 29 37 57 2 20 11 47 32 38 28 3 8 31 42 22 28 38 40 34 39 28 28 20 10 24 42 36 3 43 30 0 18 9 7 16 20 12 5 9 31 47 11 13 43 19 
19 20 16 25 27 7 23 24 38 21 16 17 31 14 25 10 18 24 13 30 16 18 20 22 16 27 25 25 3 8 7 23 18 21 32 15 18 0 25 24 17 17 17 20 16 16 29 13 6 25 5 
43 13 31 49 48 27 39 46 64 7 30 20 56 40 47 35 12 1 37 42 32 29 45 47 39 48 38 37 27 17 32 48 43 6 43 33 9 25 0 1 26 19 21 13 10 35 54 13 21 48 27 
42 11 31 48 48 25 37 45 63 6 28 19 54 38 46 34 10 1 36 42 30 29 44 46 38 46 36 36 26 16 31 47 42 4 43 32 7 24 1 0 24 19 20 12 9 34 53 12 19 47 26 
32 13 34 37 43 10 13 23 47 18 5 5 36 25 24 24 13 25 28 48 7 35 29 30 32 23 12 11 15 14 18 37 27 19 49 32 16 17 26 24 0 30 4 13 23 33 40 22 11 39 13 
29 25 13 35 30 24 40 42 51 22 31 27 46 29 42 23 22 18 23 23 32 10 34 37 24 45 41 41 21 16 24 32 33 21 23 15 20 17 19 19 30 0 28 25 10 17 41 9 19 32 22 
34 8 33 39 44 12 18 27 51 14 10 0 40 28 28 25 9 21 30 47 12 33 32 33 33 28 16 16 16 11 20 39 30 15 48 32 12 17 21 20 4 28 0 8 19 33 42 19 10 41 14 
38 0 33 44 47 17 26 35 57 6 18 7 47 33 36 30 2 13 33 46 20 33 38 40 36 36 25 24 20 12 25 43 36 7 47 33 5 20 13 12 13 25 8 0 14 35 48 16 13 45 19 
33 14 21 39 38 19 34 39 54 11 25 18 47 30 40 25 12 9 27 33 27 20 36 38 29 42 34 34 19 10 23 37 34 10 34 22 9 16 10 9 23 10 19 14 0 24 45 2 14 38 19 
13 35 5 18 13 23 37 33 34 34 31 33 32 16 33 13 32 34 9 15 31 9 20 24 7 37 39 39 18 23 17 15 20 34 17 2 31 16 35 34 33 17 33 35 24 0 25 22 22 14 20 
11 48 30 6 18 30 34 23 9 50 34 43 12 15 22 19 47 53 18 35 33 34 10 9 17 27 38 38 28 37 23 9 12 51 37 26 47 29 54 53 40 41 42 48 45 25 0 42 35 11 29 
30 15 19 37 35 18 33 37 52 13 24 19 45 28 38 23 13 11 24 31 25 17 33 36 26 40 33 33 16 9 21 35 32 12 32 20 11 13 13 12 22 9 19 16 2 22 42 0 12 35 17 
25 13 22 30 34 5 21 25 44 15 12 10 34 19 26 16 11 20 20 36 13 23 25 27 22 28 21 21 7 3 11 30 23 16 37 21 13 6 21 19 11 19 10 13 14 22 35 12 0 31 6 
7 45 20 6 7 29 38 29 20 46 35 41 22 14 29 15 43 47 11 24 34 23 14 16 9 33 41 42 24 33 21 2 14 46 25 16 43 25 48 47 39 32 41 45 38 14 11 35 31 0 26 
19 19 21 25 30 2 18 20 37 22 11 15 28 13 21 10 18 26 15 35 11 23 18 20 18 23 19 20 2 9 5 24 17 22 36 19 19 5 27 26 13 22 14 19 19 20 29 17 6 26 0 
0 546
238 401
380 543
0 163
5 168
9 172
165 328
104 267
204 367
248 411
374 537
180 343
219 382
356 519
2 165
63 226
106 269
313 476
197 360
247 410
43 206
54 217
259 422
158 321
331 494
339 502
78 241
342 505
39 202
109 272
291 454
351 514
252 415
57 220
95 258
6 169
289 452
8 171
249 412
216 379
76 239
98 261
251 414
37 200
172 335
9 172
129 292
36 199
178 341
203 366
145 308
