51
0 45 29 10 39 31 19 18 25 10 20 25 31 30 13 15 39 48 25 30 25 34 25 12 19 37 42 30 35 39 9 44 41 6 25 44 27 29 44 30 28 43 8 35 25 33 22 42 31 22 25 
45 0 61 39 45 17 41 40 42 42 32 43 41 45 44 37 49 42 20 57 25 13 20 41 31 11 32 26 46 25 48 22 13 40 20 44 21 60 13 26 57 4 44 38 34 12 48 34 20 38 21 
29 61 0 25 27 53 19 21 19 22 48 18 23 19 42 43 23 39 45 5 35 54 43 42 30 57 39 35 22 41 19 48 50 29 45 32 50 1 53 35 4 61 23 29 26 51 13 38 40 22 47 
10 39 25 0 29 29 9 7 15 3 23 15 20 20 21 19 29 37 21 24 15 30 20 19 9 33 31 20 25 28 8 34 32 5 21 33 25 24 35 19 22 38 4 24 14 28 14 31 22 11 22 
39 45 27 29 0 46 20 21 14 29 48 15 8 10 50 47 4 11 39 21 24 44 35 48 24 46 14 20 5 20 32 25 32 35 37 5 45 25 33 20 23 47 31 7 16 40 19 12 25 17 41 
31 17 53 29 46 0 34 32 37 32 15 38 39 42 27 20 48 47 7 51 21 4 10 24 24 6 37 25 45 30 36 31 22 27 8 47 4 52 24 25 50 13 32 38 31 7 41 39 21 33 6 
19 41 19 9 20 34 0 2 5 9 32 5 11 10 31 28 20 29 26 16 15 35 24 29 10 38 25 17 16 24 12 31 31 15 26 24 32 18 34 17 15 41 11 16 8 31 6 25 21 4 28 
18 40 21 7 21 32 2 0 7 8 30 7 13 12 29 26 21 30 24 18 14 33 22 27 8 36 25 16 17 24 12 30 30 13 24 25 30 20 33 16 17 40 10 17 8 30 8 25 20 4 26 
25 42 19 15 14 37 5 7 0 15 36 1 6 5 36 33 14 24 29 15 16 37 26 34 13 39 20 15 10 21 18 28 30 20 28 19 35 18 33 15 15 42 17 11 7 33 7 20 21 4 31 
10 42 22 3 29 32 9 8 15 0 25 14 21 20 22 21 29 38 24 22 18 33 23 20 12 36 33 22 25 31 5 37 35 6 24 34 28 22 38 22 20 41 2 25 16 31 13 33 25 12 25 
20 32 48 23 48 15 32 30 36 25 0 37 40 42 12 6 50 53 13 47 25 19 17 10 24 21 44 31 46 38 28 41 34 19 15 51 10 47 36 31 45 28 25 42 32 20 37 45 29 32 12 
25 43 18 15 15 38 5 7 1 14 37 0 7 5 36 34 14 25 30 14 18 38 27 34 14 41 22 17 10 23 17 30 32 20 29 19 36 16 35 17 13 44 16 13 8 34 5 21 22 5 32 
31 41 23 20 8 39 11 13 6 21 40 7 0 4 42 38 9 17 31 18 17 38 28 39 16 40 15 14 5 18 24 24 28 26 30 12 38 22 31 14 19 42 23 6 8 34 12 14 20 8 33 
30 45 19 20 10 42 10 12 5 20 42 5 4 0 42 39 9 21 34 13 20 41 31 40 18 44 19 18 5 23 22 29 33 26 33 15 40 17 35 18 14 46 22 10 11 37 9 19 24 9 36 
13 44 42 21 50 27 31 29 36 22 12 36 42 42 0 7 51 57 23 43 30 30 26 3 26 33 49 36 47 45 23 49 43 15 25 54 22 43 46 36 41 40 20 45 34 31 35 50 36 33 22 
15 37 43 19 47 20 28 26 33 21 6 34 38 39 7 0 48 53 17 43 25 23 19 4 22 26 44 31 44 39 23 43 36 14 18 50 15 43 39 31 41 33 20 41 30 24 34 45 30 29 15 
39 49 23 29 4 48 20 21 14 29 50 14 9 9 51 48 0 15 41 17 27 47 37 49 26 49 18 23 4 24 31 29 36 35 40 9 48 22 37 23 20 51 31 11 18 43 18 17 29 18 43 
48 42 39 37 11 47 29 30 24 38 53 25 17 21 57 53 15 0 41 33 28 45 37 55 30 46 9 22 16 17 42 19 28 42 40 6 48 37 29 22 34 45 40 12 23 40 30 8 26 25 43 
25 20 45 21 39 7 26 24 29 24 13 30 31 34 23 17 41 41 0 43 14 9 3 20 16 12 32 19 37 25 29 28 20 20 1 40 6 44 22 19 42 18 25 31 23 8 33 33 15 25 2 
30 57 5 24 21 51 16 18 15 22 47 14 18 13 43 43 17 33 43 0 31 51 40 42 27 54 33 31 16 36 20 43 46 28 42 26 49 4 48 31 2 58 23 24 22 48 10 32 36 19 45 
25 25 35 15 24 21 15 14 16 18 25 18 17 20 30 25 27 28 14 31 0 20 10 28 6 23 19 6 23 14 24 19 16 19 13 26 21 34 19 5 31 26 20 17 9 16 22 20 6 12 16 
34 13 54 30 44 4 35 33 37 33 19 38 38 41 30 23 47 45 9 51 20 0 10 28 24 3 35 24 44 27 38 28 19 29 9 45 8 53 20 24 50 9 34 37 30 4 41 37 19 33 8 
25 20 43 20 35 10 24 22 26 23 17 27 28 31 26 19 37 37 3 40 10 10 0 23 13 13 28 15 34 21 28 24 17 20 2 36 10 42 20 15 39 18 24 28 20 8 30 29 11 22 6 
12 41 42 19 48 24 29 27 34 20 10 34 39 40 3 4 49 55 20 42 28 28 23 0 24 31 47 34 45 42 22 46 40 14 22 51 20 42 43 33 40 38 19 42 32 28 33 48 33 30 19 
19 31 30 9 24 24 10 8 13 12 24 14 16 18 26 22 26 30 16 27 6 24 13 24 0 27 23 11 22 19 17 25 23 13 15 27 22 29 26 10 26 31 14 18 8 21 17 23 13 8 18 
37 11 57 33 46 6 38 36 39 36 21 41 40 44 33 26 49 46 12 54 23 3 13 31 27 0 36 26 46 28 41 28 19 32 12 46 11 56 20 26 53 7 37 39 33 6 44 38 21 35 11 
42 32 39 31 14 37 25 25 20 33 44 22 15 19 49 44 18 9 32 33 19 35 28 47 23 36 0 13 17 7 37 11 19 36 30 12 38 37 20 13 34 35 35 9 16 30 28 2 16 20 34 
30 26 35 20 20 25 17 16 15 22 31 17 14 18 36 31 23 22 19 31 6 24 15 34 11 26 13 0 20 8 27 14 14 24 18 21 26 34 17 0 31 27 24 12 9 20 22 14 5 13 21 
35 46 22 25 5 45 16 17 10 25 46 10 5 5 47 44 4 16 37 16 23 44 34 45 22 46 17 20 0 22 27 28 33 31 36 10 44 20 35 20 18 48 27 8 14 40 14 16 25 14 39 
39 25 41 28 20 30 24 24 21 31 38 23 18 23 45 39 24 17 25 36 14 27 21 42 19 28 7 8 22 0 36 6 11 33 23 18 31 40 13 9 37 28 33 13 16 23 29 9 9 20 27 
9 48 19 8 32 36 12 12 18 5 28 17 24 22 23 23 31 42 29 20 24 38 28 22 17 41 37 27 27 36 0 42 41 9 29 37 33 19 44 27 18 47 4 29 20 36 13 37 30 16 30 
44 22 48 34 25 31 31 30 28 37 41 30 24 29 49 43 29 19 28 43 19 28 24 46 25 28 11 14 28 6 42 0 9 38 26 23 33 46 9 14 43 26 39 19 22 24 35 13 13 26 30 
41 13 50 32 32 22 31 30 30 35 34 32 28 33 43 36 36 28 20 46 16 19 17 40 23 19 19 14 33 11 41 9 0 35 19 30 25 49 3 14 46 16 37 25 23 14 37 21 10 28 22 
6 40 29 5 35 27 15 13 20 6 19 20 26 26 15 14 35 42 20 28 19 29 20 14 13 32 36 24 31 33 9 38 35 0 20 38 23 28 38 23 26 38 6 30 19 28 19 36 25 17 20 
25 20 45 21 37 8 26 24 28 24 15 29 30 33 25 18 40 40 1 42 13 9 2 22 15 12 30 18 36 23 29 26 19 20 0 39 8 44 21 17 41 18 25 30 22 7 32 32 14 24 3 
44 44 32 33 5 47 24 25 19 34 51 19 12 15 54 50 9 6 40 26 26 45 36 51 27 46 12 21 10 18 37 23 30 38 39 0 47 30 32 21 28 47 36 9 19 40 24 10 26 21 42 
27 21 50 25 45 4 32 30 35 28 10 36 38 40 22 15 48 48 6 49 21 8 10 20 22 11 38 26 44 31 33 33 25 23 8 47 0 50 27 25 47 18 29 38 30 10 39 40 22 31 4 
29 60 1 24 25 52 18 20 18 22 47 16 22 17 43 43 22 37 44 4 34 53 42 42 29 56 37 34 20 40 19 46 49 28 44 30 50 0 51 34 3 60 22 27 25 50 11 36 39 21 46 
44 13 53 35 33 24 34 33 33 38 36 35 31 35 46 39 37 29 22 48 19 20 20 43 26 20 20 17 35 13 44 9 3 38 21 32 27 51 0 17 48 16 40 26 26 16 40 22 13 30 24 
30 26 35 19 20 25 17 16 15 22 31 17 14 18 36 31 23 22 19 31 5 24 15 33 10 26 13 0 20 9 27 14 14 23 17 21 25 34 17 0 31 27 24 13 8 19 22 14 5 13 21 
28 57 4 22 23 50 15 17 15 20 45 13 19 14 41 41 20 34 42 2 31 50 39 40 26 53 34 31 18 37 18 43 46 26 41 28 47 3 48 31 0 57 20 25 22 47 8 33 36 18 43 
43 4 61 38 47 13 41 40 42 41 28 44 42 46 40 33 51 45 18 58 26 9 18 38 31 7 35 27 48 28 47 26 16 38 18 47 18 60 16 27 57 0 43 40 35 10 48 37 22 39 18 
8 44 23 4 31 32 11 10 17 2 25 16 23 22 20 20 31 40 25 23 20 34 24 19 14 37 35 24 27 33 4 39 37 6 25 36 29 22 40 24 20 43 0 28 18 32 14 35 27 14 26 
35 38 29 24 7 38 16 17 11 25 42 13 6 10 45 41 11 12 31 24 17 37 28 42 18 39 9 12 8 13 29 19 25 30 30 9 38 27 26 13 25 40 28 0 10 32 18 8 18 13 34 
25 34 26 14 16 31 8 8 7 16 32 8 8 11 34 30 18 23 23 22 9 30 20 32 8 33 16 9 14 16 20 22 23 19 22 19 30 25 26 8 22 35 18 10 0 26 13 17 14 4 25 
33 12 51 28 40 7 31 30 33 31 20 34 34 37 31 24 43 40 8 48 16 4 8 28 21 6 30 20 40 23 36 24 14 28 7 40 10 50 16 19 47 10 32 32 26 0 38 32 14 29 8 
22 48 13 14 19 41 6 8 7 13 37 5 12 9 35 34 18 30 33 10 22 41 30 33 17 44 28 22 14 29 13 35 37 19 32 24 39 11 40 22 8 48 14 18 13 38 0 27 27 9 35 
42 34 38 31 12 39 25 25 20 33 45 21 14 19 50 45 17 8 33 32 20 37 29 48 23 38 2 14 16 9 37 13 21 36 32 10 40 36 22 14 33 37 35 8 17 32 27 0 18 20 35 
31 20 40 22 25 21 21 20 21 25 29 22 20 24 36 30 29 26 15 36 6 19 11 33 13 21 16 5 25 9 30 13 10 25 14 26 22 39 13 5 36 22 27 18 14 14 27 18 0 18 18 
22 38 22 11 17 33 4 4 4 12 32 5 8 9 33 29 18 25 25 19 12 33 22 30 8 35 20 13 14 20 16 26 28 17 24 21 31 21 30 13 18 39 14 13 4 29 9 20 18 0 27 
25 21 47 22 41 6 28 26 31 25 12 32 33 36 22 15 43 43 2 45 16 8 6 19 18 11 34 21 39 27 30 30 22 20 3 42 4 46 24 21 43 18 26 34 25 8 35 35 18 27 0 
0 819
256 419
395 558
186 349
68 231
624 787
180 343
368 531
222 385
218 381
339 502
211 374
91 254
576 739
593 756
114 277
53 216
385 548
186 349
640 803
133 296
515 678
459 622
638 801
540 703
242 405
333 496
337 500
519 682
214 377
87 250
193 356
109 272
605 768
142 305
92 255
648 811
525 688
190 353
144 307
526 689
558 721
225 388
133 296
502 665
299 462
345 508
586 749
7 170
230 393
409 572
