51
0 30 8 21 4 15 8 11 26 21 26 12 21 17 28 21 28 8 15 17 24 21 15 26 20 27 21 31 24 30 16 15 35 12 18 24 23 14 25 25 16 12 15 8 28 14 20 20 30 14 22 
30 0 27 10 26 24 36 26 46 51 41 37 11 45 40 50 35 38 43 36 39 44 37 8 37 40 32 11 21 21 28 15 43 40 32 44 47 43 35 29 15 37 20 38 36 40 33 46 33 24 47 
8 27 0 17 6 20 9 2 35 25 34 20 21 25 20 27 20 16 23 11 32 30 24 21 28 19 13 32 16 33 23 13 43 12 26 33 32 17 17 16 11 9 8 16 19 23 11 29 37 19 31 
21 10 17 0 17 20 26 16 42 42 38 31 10 38 30 42 26 30 36 25 36 39 32 4 34 30 21 18 13 25 25 7 43 30 29 40 42 34 25 20 5 27 10 30 26 34 22 40 34 20 41 
4 26 6 17 0 14 11 8 29 25 28 15 17 21 26 25 26 13 20 17 26 25 18 21 22 26 19 28 20 28 17 10 36 14 20 27 27 17 23 22 11 13 11 13 26 18 18 25 30 13 26 
15 24 20 20 14 0 23 22 22 33 18 15 12 23 40 29 39 18 21 31 16 20 14 24 13 40 32 19 30 15 4 13 23 27 9 20 23 28 37 34 17 27 21 19 39 18 32 23 16 1 23 
8 36 9 26 11 23 0 11 31 16 32 17 28 18 22 19 25 10 17 12 31 25 21 31 27 22 18 39 25 38 25 21 43 4 26 29 26 7 22 23 21 5 18 9 24 18 16 23 38 22 25 
11 26 2 16 8 22 11 0 37 27 36 23 21 28 18 30 17 19 26 10 35 32 26 20 31 18 10 32 14 34 25 13 45 14 28 35 34 19 15 14 11 10 6 18 17 26 9 31 38 21 34 
26 46 35 42 29 22 31 37 0 30 7 14 35 14 53 21 55 20 15 43 9 5 11 46 8 53 48 40 50 31 18 35 18 33 14 2 6 30 52 51 38 36 40 21 54 12 46 10 21 22 7 
21 51 25 42 25 33 16 27 30 0 34 20 42 15 33 9 38 15 15 25 34 24 24 47 30 32 32 52 41 49 33 36 46 14 32 29 23 8 35 38 36 18 34 14 37 19 30 19 45 32 22 
26 41 34 38 28 18 32 36 7 34 0 15 30 19 54 26 54 22 19 44 2 10 11 42 5 53 47 34 47 24 13 31 11 35 9 6 12 33 51 50 35 38 38 24 54 15 46 16 14 18 13 
12 37 20 31 15 15 17 23 14 20 15 0 26 7 39 14 40 6 6 29 14 9 4 35 10 38 33 35 36 29 13 23 27 20 11 12 11 18 37 37 26 22 27 8 40 3 31 9 24 14 10 
21 11 21 10 17 12 28 21 35 42 30 26 0 34 38 40 35 27 32 31 27 33 26 13 26 38 30 10 23 14 16 8 33 32 21 33 35 35 33 29 11 30 17 28 35 29 30 35 24 13 36 
17 45 25 38 21 23 18 28 14 15 19 7 34 0 41 7 43 8 1 31 19 9 9 42 15 40 37 42 41 37 20 30 31 20 18 13 8 16 40 41 32 24 32 9 43 5 34 4 31 22 7 
28 40 20 30 26 40 22 18 53 33 54 39 38 41 0 40 6 33 39 10 52 48 43 32 48 0 8 48 19 52 43 30 63 21 46 51 49 26 5 11 27 17 21 32 5 41 8 46 57 40 48 
21 50 27 42 25 29 19 30 21 9 26 14 40 7 40 0 44 12 8 31 26 15 17 47 23 39 37 49 44 44 28 35 38 19 26 20 14 14 41 42 37 23 36 12 43 12 35 10 38 28 13 
28 35 20 26 26 39 25 17 55 38 54 40 35 43 6 44 0 35 42 13 52 49 44 27 48 7 6 44 13 49 43 27 62 24 46 53 51 30 3 6 23 20 18 34 0 42 8 48 55 38 50 
8 38 16 30 13 18 10 19 20 15 22 6 27 8 33 12 35 0 7 23 21 14 10 34 17 32 28 37 33 33 18 23 33 13 17 18 16 11 32 32 24 16 24 1 35 7 26 12 30 17 15 
15 43 23 36 20 21 17 26 15 15 19 6 32 1 39 8 42 7 0 29 19 9 9 41 15 39 35 41 40 36 19 29 31 19 17 14 9 15 39 39 31 22 31 7 41 4 33 6 30 20 8 
17 36 11 25 17 31 12 10 43 25 44 29 31 31 10 31 13 23 29 0 42 38 32 29 38 9 7 42 18 44 34 23 53 11 36 41 39 17 10 13 21 7 15 22 12 30 5 35 48 30 38 
24 39 32 36 26 16 31 35 9 34 2 14 27 19 52 26 52 21 19 42 0 11 10 40 4 52 45 32 45 22 11 29 12 34 6 7 13 33 50 48 33 36 36 23 52 15 44 16 12 15 14 
21 44 30 39 25 20 25 32 5 24 10 9 33 9 48 15 49 14 9 38 11 0 6 43 8 47 43 40 45 32 17 31 22 28 13 4 2 25 46 46 35 31 36 16 49 7 41 5 23 20 3 
15 37 24 32 18 14 21 26 11 24 11 4 26 9 43 17 44 10 9 32 10 6 0 36 6 42 37 34 39 27 11 25 23 24 8 8 9 22 41 40 28 26 29 12 43 4 35 9 21 13 9 
26 8 21 4 21 24 31 20 46 47 42 35 13 42 32 47 27 34 41 29 40 43 36 0 38 33 24 18 13 26 28 12 46 34 33 44 46 38 27 21 10 31 13 35 28 38 25 45 37 24 46 
20 37 28 34 22 13 27 31 8 30 5 10 26 15 48 23 48 17 15 38 4 8 6 38 0 48 42 32 42 23 9 26 16 30 5 6 11 28 46 45 30 32 33 18 48 11 40 13 15 13 12 
27 40 19 30 26 40 22 18 53 32 53 38 38 40 0 39 7 32 39 9 52 47 42 33 48 0 8 48 19 52 43 30 63 20 46 51 48 25 6 11 27 16 21 31 6 40 8 45 57 39 48 
21 32 13 21 19 32 18 10 48 32 47 33 30 37 8 37 6 28 35 7 45 43 37 24 42 8 0 39 12 44 36 22 56 18 39 46 44 24 4 5 18 14 12 27 6 35 2 41 49 32 43 
31 11 32 18 28 19 39 32 40 52 34 35 10 42 48 49 44 37 41 42 32 40 34 18 32 48 39 0 31 11 22 18 33 43 27 38 43 45 43 38 21 41 27 38 45 38 40 43 24 20 43 
24 21 16 13 20 30 25 14 50 41 47 36 23 41 19 44 13 33 40 18 45 45 39 13 42 19 12 31 0 37 34 17 54 27 38 47 47 32 13 7 12 23 9 32 14 39 14 45 46 30 47 
30 21 33 25 28 15 38 34 31 49 24 29 14 37 52 44 49 33 36 44 22 32 27 26 23 52 44 11 37 0 16 22 22 42 19 30 35 43 48 44 26 42 31 35 50 32 44 36 13 16 35 
16 28 23 25 17 4 25 25 18 33 13 13 16 20 43 28 43 18 19 34 11 17 11 28 9 43 36 22 34 16 0 18 19 28 4 16 20 29 40 38 22 29 25 19 43 15 35 20 13 4 20 
15 15 13 7 10 13 21 13 35 36 31 23 8 30 30 35 27 23 29 23 29 31 25 12 26 30 22 18 17 22 18 0 37 25 22 33 34 28 26 22 4 23 9 23 28 26 22 33 29 13 34 
35 43 43 43 36 23 43 45 18 46 11 27 33 31 63 38 62 33 31 53 12 22 23 46 16 63 56 33 54 22 19 37 0 46 16 18 24 45 60 58 41 48 45 35 63 27 55 27 9 24 25 
12 40 12 30 14 27 4 14 33 14 35 20 32 20 21 19 24 13 19 11 34 28 24 34 30 20 18 43 27 42 28 25 46 0 30 32 28 5 21 24 24 4 20 12 24 20 16 25 42 26 27 
18 32 26 29 20 9 26 28 14 32 9 11 21 18 46 26 46 17 17 36 6 13 8 33 5 46 39 27 38 19 4 22 16 30 0 11 16 29 43 42 26 31 29 19 46 13 38 17 13 8 16 
24 44 33 40 27 20 29 35 2 29 6 12 33 13 51 20 53 18 14 41 7 4 8 44 6 51 46 38 47 30 16 33 18 32 11 0 6 29 50 49 36 35 38 20 52 11 44 9 20 19 7 
23 47 32 42 27 23 26 34 6 23 12 11 35 8 49 14 51 16 9 39 13 2 9 46 11 48 44 43 47 35 20 34 24 28 16 6 0 25 48 48 37 32 38 17 51 8 42 4 26 22 1 
14 43 17 34 17 28 7 19 30 8 33 18 35 16 26 14 30 11 15 17 33 25 22 38 28 25 24 45 32 43 29 28 45 5 29 29 25 0 27 29 28 10 25 9 29 18 21 21 42 27 24 
25 35 17 25 23 37 22 15 52 35 51 37 33 40 5 41 3 32 39 10 50 46 41 27 46 6 4 43 13 48 40 26 60 21 43 50 48 27 0 5 22 17 16 31 2 39 5 45 53 36 47 
25 29 16 20 22 34 23 14 51 38 50 37 29 41 11 42 6 32 39 13 48 46 40 21 45 11 5 38 7 44 38 22 58 24 42 49 48 29 5 0 18 19 13 32 6 39 8 45 50 34 48 
16 15 11 5 11 17 21 11 38 36 35 26 11 32 27 37 23 24 31 21 33 35 28 10 30 27 18 21 12 26 22 4 41 24 26 36 37 28 22 18 0 21 5 25 24 29 18 35 33 17 37 
12 37 9 27 13 27 5 10 36 18 38 22 30 24 17 23 20 16 22 7 36 31 26 31 32 16 14 41 23 42 29 23 48 4 31 35 32 10 17 19 21 0 17 15 19 24 11 28 43 26 31 
15 20 8 10 11 21 18 6 40 34 38 27 17 32 21 36 18 24 31 15 36 36 29 13 33 21 12 27 9 31 25 9 45 20 29 38 38 25 16 13 5 17 0 24 18 29 13 36 37 21 37 
8 38 16 30 13 19 9 18 21 14 24 8 28 9 32 12 34 1 7 22 23 16 12 35 18 31 27 38 32 35 19 23 35 12 19 20 17 9 31 32 25 15 24 0 34 8 25 13 32 18 16 
28 36 19 26 26 39 24 17 54 37 54 40 35 43 5 43 0 35 41 12 52 49 43 28 48 6 6 45 14 50 43 28 63 24 46 52 51 29 2 6 24 19 18 34 0 42 8 47 56 39 50 
14 40 23 34 18 18 18 26 12 19 15 3 29 5 41 12 42 7 4 30 15 7 4 38 11 40 35 38 39 32 15 26 27 20 13 11 8 18 39 39 29 24 29 8 42 0 34 6 26 17 8 
20 33 11 22 18 32 16 9 46 30 46 31 30 34 8 35 8 26 33 5 44 41 35 25 40 8 2 40 14 44 35 22 55 16 38 44 42 21 5 8 18 11 13 25 8 34 0 39 48 31 41 
20 46 29 40 25 23 23 31 10 19 16 9 35 4 46 10 48 12 6 35 16 5 9 45 13 45 41 43 45 36 20 33 27 25 17 9 4 21 45 45 35 28 36 13 47 6 39 0 28 22 2 
30 33 37 34 30 16 38 38 21 45 14 24 24 31 57 38 55 30 30 48 12 23 21 37 15 57 49 24 46 13 13 29 9 42 13 20 26 42 53 50 33 43 37 32 56 26 48 28 0 17 27 
14 24 19 20 13 1 22 21 22 32 18 14 13 22 40 28 38 17 20 30 15 20 13 24 13 39 32 20 30 16 4 13 24 26 8 19 22 27 36 34 17 26 21 18 39 17 31 22 17 0 22 
22 47 31 41 26 23 25 34 7 22 13 10 36 7 48 13 50 15 8 38 14 3 9 46 12 48 43 43 47 35 20 34 25 27 16 7 1 24 47 48 37 31 37 16 50 8 41 2 27 22 0 
0 737
85 453
97 465
151 519
320 688
0 368
190 558
123 491
300 668
82 450
315 683
60 428
55 423
40 408
333 701
180 548
158 526
89 457
124 492
141 509
170 538
342 710
165 533
136 504
71 439
99 467
352 720
154 522
307 675
339 707
41 409
14 382
152 520
241 609
270 638
47 415
368 736
281 649
194 562
143 511
358 726
7 375
228 596
238 606
323 691
166 534
319 687
61 429
63 431
158 526
101 469
