51
0 1 15 17 35 33 8 21 20 13 10 20 28 13 34 17 32 12 9 30 25 18 14 41 32 27 34 10 41 12 9 12 34 9 23 18 4 4 36 17 28 33 15 26 20 19 21 9 32 21 15 
1 0 17 17 33 33 9 20 20 15 10 21 28 14 32 18 31 11 9 31 23 16 15 41 32 26 32 11 41 13 9 13 32 9 23 17 4 3 36 15 30 32 14 26 20 18 19 8 33 20 15 
15 17 0 32 45 20 7 23 16 10 23 6 23 15 39 11 33 18 25 14 37 33 19 33 22 31 43 6 33 12 12 4 44 11 20 34 20 20 31 29 13 36 30 19 12 28 34 18 21 22 27 
17 17 32 0 38 51 25 35 37 26 10 38 45 22 43 35 44 27 8 46 26 15 19 58 49 39 37 27 57 23 26 30 37 26 39 10 12 14 52 22 44 44 16 43 37 28 20 23 50 35 9 
35 33 45 38 0 49 40 25 33 48 41 45 35 48 13 36 23 27 36 57 11 22 49 45 43 19 1 39 43 47 32 40 1 34 31 27 35 32 36 18 57 18 22 37 37 17 17 27 46 25 44 
33 33 20 51 49 0 26 24 16 31 42 14 15 35 38 16 28 27 43 17 45 46 40 15 7 30 47 23 16 33 25 21 48 24 18 49 38 37 19 39 19 33 43 11 14 34 45 30 3 23 47 
8 9 7 25 40 26 0 22 17 8 15 13 26 10 36 13 32 14 17 22 31 26 14 37 27 29 39 3 37 8 8 5 39 7 21 27 12 12 34 23 20 35 23 22 15 23 28 13 27 21 20 
21 20 23 35 25 24 22 0 8 30 31 21 11 32 16 12 10 9 29 33 21 25 35 24 18 8 23 19 23 30 13 19 24 14 6 30 25 22 17 16 33 13 22 12 13 10 23 12 21 0 36 
20 20 16 37 33 16 17 8 0 24 30 13 8 28 24 4 17 10 29 24 29 30 32 21 12 16 32 14 20 25 10 12 33 11 4 34 25 23 16 22 25 21 27 6 4 17 29 14 14 8 36 
13 15 10 26 48 31 8 30 24 0 15 16 33 4 45 20 40 22 19 21 38 31 9 43 33 37 47 10 43 2 17 12 47 15 29 31 16 17 41 30 18 43 29 29 22 31 34 21 32 29 19 
10 10 23 10 41 42 15 31 30 15 0 29 39 12 42 27 41 22 5 36 30 19 9 52 42 37 40 18 51 13 19 21 40 19 33 17 6 9 47 23 34 42 18 37 30 27 24 19 42 31 5 
20 21 6 38 45 14 13 21 13 16 29 0 19 21 37 9 30 19 30 11 39 36 26 27 16 29 44 10 27 18 14 7 45 13 17 38 25 25 26 31 12 34 33 14 8 28 37 20 15 20 33 
28 28 23 45 35 15 26 11 8 33 39 19 0 36 23 12 13 18 37 28 33 36 40 13 8 15 33 22 12 34 19 21 34 19 5 40 33 31 8 27 30 18 33 4 11 21 34 21 11 10 44 
13 14 15 22 48 35 10 32 28 4 12 21 36 0 46 23 43 24 16 25 38 30 5 47 37 39 47 13 47 2 19 15 47 18 32 29 14 16 45 30 23 45 28 33 25 32 33 22 36 32 15 
34 32 39 43 13 38 36 16 24 45 42 37 23 46 0 28 9 22 38 49 18 28 48 31 31 8 12 34 30 44 28 35 14 29 20 34 36 33 23 20 49 4 27 26 29 14 24 24 34 16 47 
17 18 11 35 36 16 13 12 4 20 27 9 12 23 28 0 22 11 27 20 31 30 27 24 14 20 35 10 24 21 8 8 36 8 9 33 22 21 21 23 21 25 27 9 2 20 30 14 15 11 32 
32 31 33 44 23 28 32 10 17 40 41 30 13 43 9 22 0 19 38 41 25 32 46 22 21 5 22 30 20 41 24 29 23 25 12 37 35 32 13 23 42 5 29 17 21 16 28 22 25 11 46 
12 11 18 27 27 27 14 9 10 22 22 19 18 24 22 11 19 0 20 30 20 19 26 31 23 15 25 12 30 22 5 13 26 7 12 23 16 13 25 12 30 21 16 17 13 9 19 3 25 8 27 
9 9 25 8 36 43 17 29 29 19 5 30 37 16 38 27 38 20 0 39 25 14 14 51 41 34 35 19 50 17 18 22 35 19 32 12 4 6 45 18 37 39 13 36 29 23 19 16 42 29 8 
30 31 14 46 57 17 22 33 24 21 36 11 28 25 49 20 41 30 39 0 50 47 30 32 23 40 56 20 33 23 26 18 56 24 28 49 34 34 34 42 3 45 44 23 20 40 48 32 19 32 40 
25 23 37 26 11 45 31 21 29 38 30 39 33 38 18 31 25 20 25 50 0 11 38 45 40 19 10 31 44 37 24 33 10 26 27 16 24 22 37 8 50 22 11 34 32 11 6 18 43 22 33 
18 16 33 15 22 46 26 25 30 31 19 36 36 30 28 30 32 19 14 47 11 0 28 50 43 26 22 27 48 29 22 29 21 23 30 5 15 14 42 9 46 31 3 36 32 16 5 16 44 25 22 
14 15 19 19 49 40 14 35 32 9 9 26 40 5 48 27 46 26 14 30 38 28 0 52 42 42 47 17 52 7 22 20 48 21 36 27 13 16 49 31 28 47 27 37 30 34 33 24 41 34 10 
41 41 33 58 45 15 37 24 21 43 52 27 13 47 31 24 22 31 51 32 45 50 52 0 10 26 44 34 1 45 32 32 45 32 19 54 46 44 8 41 35 26 46 14 22 34 47 35 12 24 57 
32 32 22 49 43 7 27 18 12 33 42 16 8 37 31 14 21 23 41 23 40 43 42 10 0 23 41 24 10 35 23 21 42 22 12 46 37 35 11 34 25 26 39 6 12 29 41 27 4 18 47 
27 26 31 39 19 30 29 8 16 37 37 29 15 39 8 20 5 15 34 40 19 26 42 26 23 0 17 27 24 37 20 27 19 22 12 32 30 28 17 17 41 5 24 18 20 10 23 18 27 8 42 
34 32 43 37 1 47 39 23 32 47 40 44 33 47 12 35 22 25 35 56 10 22 47 44 41 17 0 38 42 46 31 39 1 33 29 27 34 31 35 16 56 17 21 36 36 15 16 25 45 24 43 
10 11 6 27 39 23 3 19 14 10 18 10 22 13 34 10 30 12 19 20 31 27 17 34 24 27 38 0 34 11 7 2 38 5 18 28 14 14 31 23 19 33 24 19 12 22 28 12 23 18 23 
41 41 33 57 43 16 37 23 20 43 51 27 12 47 30 24 20 30 50 33 44 48 52 1 10 24 42 34 0 45 31 32 43 31 18 53 45 43 7 39 36 25 45 14 21 33 46 34 13 23 56 
12 13 12 23 47 33 8 30 25 2 13 18 34 2 44 21 41 22 17 23 37 29 7 45 35 37 46 11 45 0 17 13 46 16 30 29 14 15 42 29 21 43 27 30 23 31 33 20 33 29 16 
9 9 12 26 32 25 8 13 10 17 19 14 19 19 28 8 24 5 18 26 24 22 22 32 23 20 31 7 31 17 0 8 31 1 14 24 14 12 27 16 25 26 19 17 11 15 22 6 24 12 25 
12 13 4 30 40 21 5 19 12 12 21 7 21 15 35 8 29 13 22 18 33 29 20 32 21 27 39 2 32 13 8 0 40 6 17 31 17 17 29 24 17 32 26 17 10 23 30 14 21 18 26 
34 32 44 37 1 48 39 24 33 47 40 45 34 47 14 36 23 26 35 56 10 21 48 45 42 19 1 38 43 46 31 40 0 33 30 26 34 31 36 17 56 18 21 37 37 16 16 26 46 25 43 
9 9 11 26 34 24 7 14 11 15 19 13 19 18 29 8 25 7 19 24 26 23 21 32 22 22 33 5 31 16 1 6 33 0 14 25 14 12 27 18 23 27 20 17 10 17 24 7 23 13 24 
23 23 20 39 31 18 21 6 4 29 33 17 5 32 20 9 12 12 32 28 27 30 36 19 12 12 29 18 18 30 14 17 30 14 0 35 27 25 13 22 29 16 27 6 8 16 29 16 15 5 39 
18 17 34 10 27 49 27 30 34 31 17 38 40 29 34 33 37 23 12 49 16 5 27 54 46 32 27 28 53 29 24 31 26 25 35 0 15 14 47 14 47 36 7 40 35 21 10 19 48 30 18 
4 4 20 12 35 38 12 25 25 16 6 25 33 14 36 22 35 16 4 34 24 15 13 46 37 30 34 14 45 14 14 17 34 14 27 15 0 2 41 17 32 36 13 31 25 21 19 12 37 25 11 
4 3 20 14 32 37 12 22 23 17 9 25 31 16 33 21 32 13 6 34 22 14 16 44 35 28 31 14 43 15 12 17 31 12 25 14 2 0 39 14 33 33 11 29 23 18 17 10 36 22 14 
36 36 31 52 36 19 34 17 16 41 47 26 8 45 23 21 13 25 45 34 37 42 49 8 11 17 35 31 7 42 27 29 36 27 13 47 41 39 0 33 37 18 39 12 19 26 39 29 15 17 52 
17 15 29 22 18 39 23 16 22 30 23 31 27 30 20 23 23 12 18 42 8 9 31 41 34 17 16 23 39 29 16 24 17 18 22 14 17 14 33 0 42 21 6 28 25 6 6 10 37 16 27 
28 30 13 44 57 19 20 33 25 18 34 12 30 23 49 21 42 30 37 3 50 46 28 35 25 41 56 19 36 21 25 17 56 23 29 47 32 33 37 42 0 46 43 25 21 40 48 31 22 33 38 
33 32 36 44 18 33 35 13 21 43 42 34 18 45 4 25 5 21 39 45 22 31 47 26 26 5 17 33 25 43 26 32 18 27 16 36 36 33 18 21 46 0 28 22 25 15 26 23 30 14 47 
15 14 30 16 22 43 23 22 27 29 18 33 33 28 27 27 29 16 13 44 11 3 27 46 39 24 21 24 45 27 19 26 21 20 27 7 13 11 39 6 43 28 0 33 29 13 5 13 41 22 21 
26 26 19 43 37 11 22 12 6 29 37 14 4 33 26 9 17 17 36 23 34 36 37 14 6 18 36 19 14 30 17 17 37 17 6 40 31 29 12 28 25 22 33 0 7 23 35 21 8 12 42 
20 20 12 37 37 14 15 13 4 22 30 8 11 25 29 2 21 13 29 20 32 32 30 22 12 20 36 12 21 23 11 10 37 10 8 35 25 23 19 25 21 25 29 7 0 21 32 16 12 12 35 
19 18 28 28 17 34 23 10 17 31 27 28 21 32 14 20 16 9 23 40 11 16 34 34 29 10 15 22 33 31 15 23 16 17 16 21 21 18 26 6 40 15 13 23 21 0 13 10 32 11 32 
21 19 34 20 17 45 28 23 29 34 24 37 34 33 24 30 28 19 19 48 6 5 33 47 41 23 16 28 46 33 22 30 16 24 29 10 19 17 39 6 48 26 5 35 32 13 0 16 44 23 27 
9 8 18 23 27 30 13 12 14 21 19 20 21 22 24 14 22 3 16 32 18 16 24 35 27 18 25 12 34 20 6 14 26 7 16 19 12 10 29 10 31 23 13 21 16 10 16 0 28 12 24 
32 33 21 50 46 3 27 21 14 32 42 15 11 36 34 15 25 25 42 19 43 44 41 12 4 27 45 23 13 33 24 21 46 23 15 48 37 36 15 37 22 30 41 8 12 32 44 28 0 21 47 
21 20 22 35 25 23 21 0 8 29 31 20 10 32 16 11 11 8 29 32 22 25 34 24 18 8 24 18 23 29 12 18 25 13 5 30 25 22 17 16 33 14 22 12 12 11 23 12 21 0 36 
15 15 27 9 44 47 20 36 36 19 5 33 44 15 47 32 46 27 8 40 33 22 10 57 47 42 43 23 56 16 25 26 43 24 39 18 11 14 52 27 38 47 21 42 35 32 27 24 47 36 0 
0 710
528 599
1 72
275 346
221 292
52 123
381 452
19 90
363 434
588 659
580 651
190 261
179 250
62 133
413 484
220 291
589 660
495 566
223 294
556 627
113 184
460 531
123 194
154 225
225 296
220 291
194 265
18 89
581 652
496 567
174 245
537 608
102 173
511 582
179 250
287 358
447 518
342 413
436 507
91 162
280 351
464 535
281 352
262 333
42 113
518 589
516 587
188 259
444 515
281 352
609 680
