51
0 11 45 22 7 49 36 27 40 43 37 9 17 32 43 30 27 7 7 30 19 9 37 22 10 39 21 18 27 23 21 13 25 37 29 41 20 32 20 19 21 25 8 3 27 15 33 15 14 39 41 
11 0 56 33 19 60 47 35 47 54 48 12 28 38 55 38 37 12 19 41 8 19 48 27 16 49 33 27 38 34 33 18 37 49 36 46 29 44 19 21 28 36 14 9 36 23 40 27 25 46 52 
45 56 0 23 37 4 17 39 38 2 12 50 29 39 4 41 24 48 37 25 63 41 13 42 43 20 23 37 19 29 25 42 19 9 44 45 41 14 52 46 36 23 47 46 25 37 34 29 32 35 10 
22 33 23 0 16 27 14 29 27 21 14 29 5 23 22 32 8 27 16 21 40 22 15 21 20 19 0 23 4 18 12 19 6 18 34 32 27 10 29 24 15 6 27 24 8 14 20 9 9 25 19 
7 19 37 16 0 41 30 22 38 35 30 13 11 30 35 26 22 11 0 23 27 7 31 22 12 34 15 13 20 16 14 14 18 30 26 40 17 26 24 21 19 20 11 10 22 13 30 8 10 36 35 
49 60 4 27 41 0 20 43 40 6 15 54 33 42 7 44 27 52 41 29 67 45 16 45 47 22 27 41 23 32 29 46 23 13 47 47 44 17 56 50 39 27 51 50 28 41 36 33 36 37 12 
36 47 17 14 30 20 0 42 21 17 5 44 19 22 19 45 9 42 30 31 52 36 3 26 31 4 15 37 10 30 25 29 16 20 47 27 41 7 38 32 21 10 42 37 10 24 16 24 21 18 7 
27 35 39 29 22 43 42 0 57 37 39 23 29 51 35 3 38 23 22 13 44 17 41 44 35 47 29 8 32 11 17 37 26 29 4 61 6 35 46 44 40 35 21 30 38 35 49 20 30 55 43 
40 47 38 27 38 40 21 57 0 38 26 50 28 8 41 60 19 47 38 49 49 45 24 19 30 17 28 49 26 46 40 28 33 40 61 6 53 27 30 26 19 22 48 39 19 25 7 36 27 2 27 
43 54 2 21 35 6 17 37 38 0 12 48 27 39 2 38 23 46 35 23 62 39 14 41 41 21 22 35 18 26 23 41 17 7 41 45 38 13 51 45 35 22 45 45 24 36 34 27 31 35 11 
37 48 12 14 30 15 5 39 26 12 0 44 20 27 14 42 12 42 30 27 54 36 2 30 33 9 15 35 10 27 22 32 14 15 44 33 39 4 41 35 24 12 41 38 13 27 21 23 23 23 4 
9 12 50 29 13 54 44 23 50 48 44 0 25 41 47 26 36 2 13 30 20 9 45 31 20 48 29 16 34 24 25 22 31 42 24 51 17 39 28 28 30 33 2 11 35 24 42 21 23 49 48 
17 28 29 5 11 33 19 29 28 27 20 25 0 22 28 32 11 22 11 23 34 18 20 17 14 23 5 21 9 18 13 14 10 23 33 31 25 15 24 19 12 8 22 18 10 9 20 8 3 26 24 
32 38 39 23 30 42 22 51 8 39 27 41 22 0 41 54 16 39 31 45 40 38 25 11 22 20 23 43 23 41 35 19 29 39 55 9 47 26 22 17 11 18 40 31 15 17 5 30 21 9 29 
43 55 4 22 35 7 19 35 41 2 14 47 28 41 0 36 25 46 35 21 62 38 16 42 42 23 23 34 19 25 22 42 18 6 40 47 37 15 52 47 36 24 45 45 26 37 36 27 31 38 14 
30 38 41 32 26 44 45 3 60 38 42 26 32 54 36 0 41 26 25 15 47 21 44 48 39 50 32 12 35 14 20 40 28 31 3 64 9 38 50 47 44 38 24 33 41 39 53 24 34 58 45 
27 37 24 8 22 27 9 38 19 23 12 36 11 16 25 41 0 33 23 29 43 29 11 18 21 12 9 31 6 26 20 20 13 23 42 24 35 10 29 23 12 2 34 28 1 15 12 18 12 17 16 
7 12 48 27 11 52 42 23 47 46 42 2 22 39 46 26 33 0 11 29 20 7 43 29 17 45 26 15 32 23 23 20 29 40 24 49 17 37 26 26 28 31 2 9 33 22 40 19 21 46 46 
7 19 37 16 0 41 30 22 38 35 30 13 11 31 35 25 23 11 0 22 27 6 31 23 13 34 15 13 20 16 14 14 18 30 25 41 16 26 24 21 19 20 11 10 22 14 31 8 10 37 35 
30 41 25 21 23 29 31 13 49 23 27 30 23 45 21 15 29 29 22 0 49 22 29 41 35 36 21 14 23 6 10 35 16 15 18 54 16 24 46 42 35 27 28 33 30 32 42 16 26 46 30 
19 8 63 40 27 67 52 44 49 62 54 20 34 40 62 47 43 20 27 49 0 27 54 29 21 54 40 36 44 42 41 23 44 57 45 47 37 50 19 23 32 42 23 17 42 28 44 35 31 49 59 
9 19 41 22 7 45 36 17 45 39 36 9 18 38 38 21 29 7 6 22 27 0 37 29 18 40 21 8 26 15 16 20 22 32 19 48 11 31 29 27 26 27 6 12 29 21 38 12 17 44 40 
37 48 13 15 31 16 3 41 24 14 2 45 20 25 16 44 11 43 31 29 54 37 0 29 33 7 16 36 10 29 24 32 15 17 46 31 40 6 40 35 24 12 42 38 12 26 20 24 23 21 4 
22 27 42 21 22 45 26 44 19 41 30 31 17 11 42 48 18 29 23 41 29 29 29 0 11 27 21 36 23 35 30 9 27 39 48 19 39 27 11 6 6 18 30 20 17 8 14 24 14 20 34 
10 16 43 20 12 47 31 35 30 41 33 20 14 22 42 39 21 17 13 35 21 18 33 11 0 33 19 26 23 28 25 2 25 38 38 31 29 29 11 8 11 20 19 9 20 6 24 18 10 30 37 
39 49 20 19 34 22 4 47 17 21 9 48 23 20 23 50 12 45 34 36 54 40 7 27 33 0 19 41 14 35 29 31 21 24 52 24 45 12 39 33 22 14 45 40 12 26 15 28 24 14 9 
21 33 23 0 15 27 15 29 28 22 15 29 5 23 23 32 9 26 15 21 40 21 16 21 19 19 0 22 5 17 11 19 6 19 33 32 26 10 29 24 15 6 26 23 9 14 20 9 8 26 19 
18 27 37 23 13 41 37 8 49 35 35 16 21 43 34 12 31 15 13 14 36 8 36 36 26 41 22 0 26 9 12 28 21 28 12 53 4 30 37 35 32 28 13 21 31 27 42 13 22 47 39 
27 38 19 4 20 23 10 32 26 18 10 34 9 23 19 35 6 32 20 23 44 26 10 23 23 14 5 26 0 21 15 22 7 16 37 31 30 5 32 27 17 4 31 28 7 17 19 14 13 23 14 
23 34 29 18 16 32 30 11 46 26 27 24 18 41 25 14 26 23 16 6 42 15 29 35 28 35 17 9 21 0 5 29 14 19 16 50 11 23 40 36 30 24 21 26 27 27 38 10 20 43 31 
21 33 25 12 14 29 25 17 40 23 22 25 13 35 22 20 20 23 14 10 41 16 24 30 25 29 11 12 15 5 0 25 8 16 22 44 16 18 36 32 25 18 22 24 21 22 32 6 16 37 26 
13 18 42 19 14 46 29 37 28 41 32 22 14 19 42 40 20 20 14 35 23 20 32 9 2 31 19 28 22 29 25 0 24 38 40 29 31 28 10 6 9 19 21 11 19 5 22 19 10 28 36 
25 37 19 6 18 23 16 26 33 17 14 31 10 29 18 28 13 29 18 16 44 22 15 27 25 21 6 21 7 14 8 24 0 13 30 38 24 9 35 30 21 11 28 27 14 20 26 10 14 30 18 
37 49 9 18 30 13 20 29 40 7 15 42 23 39 6 31 23 40 30 15 57 32 17 39 38 24 19 28 16 19 16 38 13 0 34 47 31 13 48 43 33 21 39 40 24 33 35 21 27 38 16 
29 36 44 34 26 47 47 4 61 41 44 24 33 55 40 3 42 24 25 18 45 19 46 48 38 52 33 12 37 16 22 40 30 34 0 65 8 40 49 47 44 40 22 32 42 39 53 25 34 59 48 
41 46 45 32 40 47 27 61 6 45 33 51 31 9 47 64 24 49 41 54 47 48 31 19 31 24 32 53 31 50 44 29 38 47 65 0 57 33 28 24 21 27 50 40 24 26 12 40 30 9 34 
20 29 41 27 17 44 41 6 53 38 39 17 25 47 37 9 35 17 16 16 37 11 40 39 29 45 26 4 30 11 16 31 24 31 8 57 0 34 40 38 36 33 14 23 35 31 46 17 26 52 43 
32 44 14 10 26 17 7 35 27 13 4 39 15 26 15 38 10 37 26 24 50 31 6 27 29 12 10 30 5 23 18 28 9 13 40 33 34 0 38 32 22 9 37 34 11 23 21 18 18 24 9 
20 19 52 29 24 56 38 46 30 51 41 28 24 22 52 50 29 26 24 46 19 29 40 11 11 39 29 37 32 40 36 10 35 48 49 28 40 38 0 5 16 28 28 17 27 15 26 29 21 31 45 
19 21 46 24 21 50 32 44 26 45 35 28 19 17 47 47 23 26 21 42 23 27 35 6 8 33 24 35 27 36 32 6 30 43 47 24 38 32 5 0 10 23 27 16 22 10 20 25 16 26 39 
21 28 36 15 19 39 21 40 19 35 24 30 12 11 36 44 12 28 19 35 32 26 24 6 11 22 15 32 17 30 25 9 21 33 44 21 36 22 16 10 0 12 29 20 11 5 12 19 10 18 28 
25 36 23 6 20 27 10 35 22 22 12 33 8 18 24 38 2 31 20 27 42 27 12 18 20 14 6 28 4 24 18 19 11 21 40 27 33 9 28 23 12 0 31 26 3 14 14 15 11 19 16 
8 14 47 27 11 51 42 21 48 45 41 2 22 40 45 24 34 2 11 28 23 6 42 30 19 45 26 13 31 21 22 21 28 39 22 50 14 37 28 27 29 31 0 10 33 23 41 18 21 47 46 
3 9 46 24 10 50 37 30 39 45 38 11 18 31 45 33 28 9 10 33 17 12 38 20 9 40 23 21 28 26 24 11 27 40 32 40 23 34 17 16 20 26 10 0 27 14 32 18 15 39 42 
27 36 25 8 22 28 10 38 19 24 13 35 10 15 26 41 1 33 22 30 42 29 12 17 20 12 9 31 7 27 21 19 14 24 42 24 35 11 27 22 11 3 33 27 0 14 11 18 12 16 17 
15 23 37 14 13 41 24 35 25 36 27 24 9 17 37 39 15 22 14 32 28 21 26 8 6 26 14 27 17 27 22 5 20 33 39 26 31 23 15 10 5 14 23 14 14 0 18 16 6 24 31 
33 40 34 20 30 36 16 49 7 34 21 42 20 5 36 53 12 40 31 42 44 38 20 14 24 15 20 42 19 38 32 22 26 35 53 12 46 21 26 20 12 14 41 32 11 18 0 28 20 6 24 
15 27 29 9 8 33 24 20 36 27 23 21 8 30 27 24 18 19 8 16 35 12 24 24 18 28 9 13 14 10 6 19 10 21 25 40 17 18 29 25 19 15 18 18 18 16 28 0 10 34 27 
14 25 32 9 10 36 21 30 27 31 23 23 3 21 31 34 12 21 10 26 31 17 23 14 10 24 8 22 13 20 16 10 14 27 34 30 26 18 21 16 10 11 21 15 12 6 20 10 0 26 27 
39 46 35 25 36 37 18 55 2 35 23 49 26 9 38 58 17 46 37 46 49 44 21 20 30 14 26 47 23 43 37 28 30 38 59 9 52 24 31 26 18 19 47 39 16 24 6 34 26 0 24 
41 52 10 19 35 12 7 43 27 11 4 48 24 29 14 45 16 46 35 30 59 40 4 34 37 9 19 39 14 31 26 36 18 16 48 34 43 9 45 39 28 16 46 42 17 31 24 27 27 24 0 
0 300
174 204
173 203
262 292
95 125
134 164
37 67
46 76
257 287
259 289
251 281
232 262
260 290
198 228
41 71
256 286
150 180
46 76
12 42
111 141
228 258
178 208
164 194
108 138
71 101
198 228
45 75
28 58
4 34
10 40
177 207
27 57
248 278
200 230
249 279
160 190
113 143
120 150
89 119
92 122
111 141
257 287
72 102
23 53
251 281
188 218
50 80
61 91
237 267
261 291
159 189
