51
0 13 21 20 27 18 38 5 13 13 37 7 18 18 23 35 5 38 18 7 9 21 18 33 20 31 4 18 18 36 27 29 19 14 13 34 13 36 25 38 27 10 18 27 22 38 31 5 22 34 25 
13 0 30 34 16 5 43 12 9 5 44 7 8 27 10 28 9 46 5 10 21 31 11 28 33 37 17 32 10 43 16 38 27 7 3 37 10 44 18 42 20 15 31 27 27 46 26 10 19 26 33 
21 30 0 23 36 35 18 26 23 26 17 23 30 3 40 35 22 16 35 20 12 2 26 31 12 12 18 22 39 14 38 8 3 25 28 18 22 14 30 20 31 31 23 18 8 17 27 27 23 34 5 
20 34 23 0 48 39 41 22 32 33 40 27 39 22 44 53 26 37 39 26 17 21 37 50 12 36 17 1 36 36 48 29 23 34 34 42 32 34 44 44 46 23 2 39 30 37 47 24 39 52 29 
27 16 36 48 0 14 42 28 15 14 43 20 8 34 13 14 22 48 12 21 31 38 10 17 44 38 30 46 24 44 1 42 33 13 14 35 16 48 8 40 8 32 45 24 29 49 17 26 14 13 37 
18 5 35 39 14 0 47 17 12 9 48 13 8 32 4 27 14 50 1 16 26 36 12 28 39 41 22 37 10 47 13 43 32 10 7 41 14 49 18 46 20 19 37 30 31 51 28 15 21 26 38 
38 43 18 41 42 47 0 43 34 38 2 37 39 21 50 34 36 9 46 33 30 20 35 29 29 6 35 40 53 6 44 12 19 36 40 7 32 11 33 4 34 48 41 17 16 10 26 43 27 34 13 
5 12 26 22 28 17 43 0 15 14 43 9 19 23 22 38 8 43 17 11 14 26 20 37 24 37 8 20 14 41 28 35 24 15 14 39 16 41 28 44 30 5 19 31 27 44 34 2 26 36 31 
13 9 23 32 15 12 34 15 0 3 35 6 7 20 16 22 7 37 11 6 16 24 5 21 29 28 15 30 19 34 16 30 20 2 5 28 1 36 12 33 14 20 30 18 18 38 19 13 10 21 25 
13 5 26 33 14 9 38 14 3 0 39 5 5 23 13 24 7 41 8 7 18 28 6 23 31 32 16 31 15 38 14 34 23 2 1 32 5 40 14 37 16 18 31 22 22 42 22 12 14 23 29 
37 44 17 40 43 48 2 43 35 39 0 37 40 20 51 36 36 6 46 34 29 19 36 31 28 6 35 39 53 4 45 10 19 37 40 10 33 9 35 6 36 48 40 19 16 7 28 43 29 36 12 
7 7 23 27 20 13 37 9 6 5 37 0 11 19 17 29 1 39 12 3 13 24 11 27 26 31 10 25 16 36 20 31 20 7 6 32 7 37 19 37 21 14 25 23 20 39 25 7 16 27 26 
18 8 30 39 8 8 39 19 7 5 40 11 0 27 10 19 13 44 7 13 23 32 4 20 36 34 21 37 18 40 9 37 27 5 5 33 8 43 10 38 11 23 37 22 24 44 19 17 12 18 31 
18 27 3 22 34 32 21 23 20 23 20 19 27 0 36 34 18 20 31 16 8 4 23 30 12 15 14 20 35 18 35 11 1 22 25 20 18 18 27 23 29 27 21 17 8 20 26 23 21 33 8 
23 10 40 44 13 4 50 22 16 13 51 17 10 36 0 27 19 54 5 20 31 41 15 29 43 45 27 42 12 51 11 47 36 14 11 44 18 53 19 49 20 23 41 33 35 55 29 19 23 26 42 
35 28 35 53 14 27 34 38 22 24 36 29 19 34 27 0 30 42 26 28 35 38 17 4 46 32 36 51 38 38 16 38 33 22 25 26 22 42 9 31 8 42 51 18 26 43 8 36 13 1 33 
5 9 22 26 22 14 36 8 7 7 36 1 13 18 19 30 0 38 14 2 11 22 12 28 24 30 8 24 17 35 22 30 19 8 8 32 7 36 20 36 22 13 23 23 20 38 26 7 17 28 25 
38 46 16 37 48 50 9 43 37 41 6 39 44 20 54 42 38 0 49 35 29 17 39 37 25 10 34 36 55 3 49 8 19 40 43 16 36 2 40 13 41 47 37 24 19 0 34 43 33 42 12 
18 5 35 39 12 1 46 17 11 8 46 12 7 31 5 26 14 49 0 15 26 36 11 27 38 40 22 37 11 46 12 42 32 9 6 39 13 48 17 45 18 20 37 29 30 50 26 15 19 24 37 
7 10 20 26 21 16 33 11 6 7 34 3 13 16 20 28 2 35 15 0 10 20 11 26 23 27 9 24 19 33 22 27 16 8 9 29 6 34 18 34 21 16 24 20 17 36 23 9 15 27 22 
9 21 12 17 31 26 30 14 16 18 29 13 23 8 31 35 11 29 26 10 0 12 21 33 12 23 5 15 27 27 32 20 10 18 19 28 15 27 27 31 29 18 15 22 15 29 29 15 22 34 17 
21 31 2 21 38 36 20 26 24 28 19 24 32 4 41 38 22 17 36 20 12 0 28 34 10 14 17 20 39 16 39 8 4 27 29 21 23 14 32 22 33 30 21 20 11 17 30 27 25 37 7 
18 11 26 37 10 12 35 20 5 6 36 11 4 23 15 17 12 39 11 11 21 28 0 17 33 30 20 36 21 36 11 33 23 4 7 28 5 39 8 33 9 24 35 18 20 40 15 18 8 16 27 
33 28 31 50 17 28 29 37 21 23 31 27 20 30 29 4 28 37 27 26 33 34 17 0 42 27 34 48 38 34 18 34 29 21 25 21 20 38 10 26 9 41 49 14 22 38 3 35 11 4 29 
20 33 12 12 44 39 29 24 29 31 28 26 36 12 43 46 24 25 38 23 12 10 33 42 0 24 16 11 39 24 45 17 13 31 32 31 27 22 38 32 40 27 12 29 20 25 39 26 32 45 17 
31 37 12 36 38 41 6 37 28 32 6 31 34 15 45 32 30 10 40 27 23 14 30 27 24 0 29 34 47 6 39 8 13 31 34 7 27 10 30 8 31 41 36 13 10 11 24 36 23 31 7 
4 17 18 17 30 22 35 8 15 16 35 10 21 14 27 36 8 34 22 9 5 17 20 34 16 29 0 15 22 33 31 26 16 16 17 33 15 32 27 36 29 12 15 26 20 35 31 9 23 35 22 
18 32 22 1 46 37 40 20 30 31 39 25 37 20 42 51 24 36 37 24 15 20 36 48 11 34 15 0 34 36 46 28 22 32 32 41 30 33 42 43 44 21 1 37 29 36 45 22 37 50 27 
18 10 39 36 24 10 53 14 19 15 53 16 18 35 12 38 17 55 11 19 27 39 21 38 39 47 22 34 0 52 23 47 36 18 14 48 21 53 28 53 30 13 33 38 37 56 37 12 29 36 42 
36 43 14 36 44 47 6 41 34 38 4 36 40 18 51 38 35 3 46 33 27 16 36 34 24 6 33 36 52 0 46 7 17 37 40 13 33 4 36 10 37 46 37 20 16 4 30 41 30 38 10 
27 16 38 48 1 13 44 28 16 14 45 20 9 35 11 16 22 49 12 22 32 39 11 18 45 39 31 46 23 46 0 43 35 14 14 36 17 49 10 42 10 32 46 26 31 50 19 26 16 15 38 
29 38 8 29 42 43 12 35 30 34 10 31 37 11 47 38 30 8 42 27 20 8 33 34 17 8 26 28 47 7 43 0 10 32 35 15 28 6 34 15 36 39 30 20 12 8 30 35 27 38 5 
19 27 3 23 33 32 19 24 20 23 19 20 27 1 36 33 19 19 32 16 10 4 23 29 13 13 16 22 36 17 35 10 0 22 25 18 18 17 27 21 29 28 23 16 7 19 25 24 20 32 6 
14 7 25 34 13 10 36 15 2 2 37 7 5 22 14 22 8 40 9 8 18 27 4 21 31 31 16 32 18 37 14 32 22 0 3 30 4 39 12 35 14 20 32 20 20 40 19 13 11 21 27 
13 3 28 34 14 7 40 14 5 1 40 6 5 25 11 25 8 43 6 9 19 29 7 25 32 34 17 32 14 40 14 35 25 3 0 34 7 42 15 39 17 18 32 24 24 44 23 11 15 23 30 
34 37 18 42 35 41 7 39 28 32 10 32 33 20 44 26 32 16 39 29 28 21 28 21 31 7 33 41 48 13 36 15 18 30 34 0 27 17 26 5 27 44 42 10 12 17 18 39 20 26 13 
13 10 22 32 16 14 32 16 1 5 33 7 8 18 18 22 7 36 13 6 15 23 5 20 27 27 15 30 21 33 17 28 18 4 7 27 0 35 12 32 14 21 30 17 16 36 18 14 9 21 23 
36 44 14 34 48 49 11 41 36 40 9 37 43 18 53 42 36 2 48 34 27 14 39 38 22 10 32 33 53 4 49 6 17 39 42 17 35 0 40 15 41 45 35 24 18 2 34 41 33 42 11 
25 18 30 44 8 18 33 28 12 14 35 19 10 27 19 9 20 40 17 18 27 32 8 10 38 30 27 42 28 36 10 34 27 12 15 26 12 40 0 31 2 32 42 16 21 41 9 26 6 8 29 
38 42 20 44 40 46 4 44 33 37 6 37 38 23 49 31 36 13 45 34 31 22 33 26 32 8 36 43 53 10 42 15 21 35 39 5 32 15 31 0 32 49 44 15 16 14 23 43 26 31 15 
27 20 31 46 8 20 34 30 14 16 36 21 11 29 20 8 22 41 18 21 29 33 9 9 40 31 29 44 30 37 10 36 29 14 17 27 14 41 2 32 0 34 44 17 23 42 9 28 8 6 31 
10 15 31 23 32 19 48 5 20 18 48 14 23 27 23 42 13 47 20 16 18 30 24 41 27 41 12 21 13 46 32 39 28 20 18 44 21 45 32 49 34 0 20 36 32 48 39 6 31 41 35 
18 31 23 2 45 37 41 19 30 31 40 25 37 21 41 51 23 37 37 24 15 21 35 49 12 36 15 1 33 37 46 30 23 32 32 42 30 35 42 44 44 20 0 38 30 37 45 22 38 50 29 
27 27 18 39 24 30 17 31 18 22 19 23 22 17 33 18 23 24 29 20 22 20 18 14 29 13 26 37 38 20 26 20 16 20 24 10 17 24 16 15 17 36 38 0 9 25 10 30 10 18 15 
22 27 8 30 29 31 16 27 18 22 16 20 24 8 35 26 20 19 30 17 15 11 20 22 20 10 20 29 37 16 31 12 7 20 24 12 16 18 21 16 23 32 30 9 0 20 18 26 15 26 7 
38 46 17 37 49 51 10 44 38 42 7 39 44 20 55 43 38 0 50 36 29 17 40 38 25 11 35 36 56 4 50 8 19 40 44 17 36 2 41 14 42 48 37 25 20 0 35 44 34 42 13 
31 26 27 47 17 28 26 34 19 22 28 25 19 26 29 8 26 34 26 23 29 30 15 3 39 24 31 45 37 30 19 30 25 19 23 18 18 34 9 23 9 39 45 10 18 35 0 33 8 7 25 
5 10 27 24 26 15 43 2 13 12 43 7 17 23 19 36 7 43 15 9 15 27 18 35 26 36 9 22 12 41 26 35 24 13 11 39 14 41 26 43 28 6 22 30 26 44 33 0 24 34 31 
22 19 23 39 14 21 27 26 10 14 29 16 12 21 23 13 17 33 19 15 22 25 8 11 32 23 23 37 29 30 16 27 20 11 15 20 9 33 6 26 8 31 38 10 15 34 8 24 0 12 22 
34 26 34 52 13 26 34 36 21 23 36 27 18 33 26 1 28 42 24 27 34 37 16 4 45 31 35 50 36 38 15 38 32 21 23 26 21 42 8 31 6 41 50 18 26 42 7 34 12 0 33 
25 33 5 29 37 38 13 31 25 29 12 26 31 8 42 33 25 12 37 22 17 7 27 29 17 7 22 27 42 10 38 5 6 27 30 13 23 11 29 15 31 35 29 15 7 13 25 31 22 33 0 
0 573
449 506
232 289
61 118
104 161
72 129
294 351
297 354
432 489
246 303
334 391
401 458
26 83
441 498
158 215
403 460
0 57
158 215
393 450
94 151
364 421
480 537
9 66
248 305
325 382
375 432
325 382
60 117
411 468
335 392
134 191
147 204
485 542
465 522
52 109
419 476
70 127
29 86
110 167
491 548
306 363
374 431
279 336
59 116
230 287
157 214
205 262
500 557
62 119
134 191
41 98
