21
651
0 30 17 21 23 27 45 41 39 39 24 36 46 36 38 7 26 45 25 12 27
30 0 25 13 16 38 39 54 28 44 13 31 38 50 45 37 33 26 41 34 24
17 25 0 24 10 14 28 31 22 24 27 19 29 26 23 23 11 31 16 10 10
21 13 24 0 19 38 45 55 36 47 3 36 45 50 46 28 34 37 40 28 27
23 16 10 19 0 22 26 38 17 28 22 17 26 34 29 30 17 22 25 20 8
27 38 14 38 22 0 24 17 25 12 41 18 26 12 11 30 6 35 4 15 16
45 39 28 45 26 24 0 29 11 17 48 9 2 28 18 51 20 19 28 36 18
41 54 31 55 38 17 29 0 34 12 58 27 31 5 11 43 21 44 16 29 31
39 28 22 36 17 25 11 34 0 22 39 7 10 33 23 45 19 10 29 32 12
39 44 24 47 28 12 17 12 22 0 50 15 19 11 1 42 13 32 14 27 20
24 13 27 3 22 41 48 58 39 50 0 39 48 53 49 30 37 39 43 31 30
36 31 19 36 17 18 9 27 7 15 39 0 10 26 16 42 13 17 22 27 9
46 38 29 45 26 26 2 31 10 19 48 10 0 30 20 52 22 17 30 37 19
36 50 26 50 34 12 28 5 33 11 53 26 30 0 10 38 17 43 11 24 27
38 45 23 46 29 11 18 11 23 1 49 16 20 10 0 41 12 33 13 26 21
7 37 23 28 30 30 51 43 45 42 30 42 52 38 41 0 31 52 28 15 33
26 33 11 34 17 6 20 21 19 13 37 13 22 17 12 31 0 29 10 16 10
45 26 31 37 22 35 19 44 10 32 39 17 17 43 33 52 29 0 39 41 21
25 41 16 40 25 4 28 16 29 14 43 22 30 11 13 28 10 39 0 13 20
12 34 10 28 20 15 36 29 32 27 31 27 37 24 26 15 16 41 13 0 20
27 24 10 27 8 16 18 31 12 20 30 9 19 27 21 33 10 21 20 20 0
0 438
159 159
212 212
121 121
230 230
221 221
294 294
336 336
411 411
149 149
195 195
273 273
166 166
60 60
230 230
382 382
392 392
169 169
309 309
212 212
29 29
0
20
61
37
21
52
75
58
69
25
75
88
72
62
57
34
44
28
51
35
37
