21
649
0 47 13 29 24 43 30 29 14 29 23 29 31 29 3 19 40 14 39 19 27
47 0 56 18 37 37 17 36 34 33 31 19 47 26 44 28 30 56 41 33 20
13 56 0 39 37 44 39 30 27 31 36 42 26 42 16 28 43 1 37 25 36
29 18 39 0 23 33 3 24 16 21 17 6 35 14 26 11 26 39 33 17 4
24 37 37 23 0 53 26 41 14 38 6 18 48 11 21 23 48 38 50 30 25
43 37 44 33 53 0 30 14 40 15 48 39 19 47 42 30 7 43 7 25 29
30 17 39 3 26 30 0 22 18 19 20 9 33 17 27 11 23 39 30 16 3
29 36 30 24 41 14 22 0 27 3 36 30 11 38 28 18 13 29 10 11 20
14 34 27 16 14 40 18 27 0 25 11 15 34 16 11 10 35 27 37 16 15
29 33 31 21 38 15 19 3 25 0 33 27 14 35 27 15 12 30 12 10 17
23 31 36 17 6 48 20 36 11 33 0 12 44 6 20 18 42 37 45 25 19
29 19 42 6 18 39 9 30 15 27 12 0 41 8 26 15 32 42 39 22 10
31 47 26 35 48 19 33 11 34 14 44 41 0 47 31 26 22 25 12 19 31
29 26 42 14 11 47 17 38 16 35 6 8 47 0 26 21 40 43 47 28 18
3 44 16 26 21 42 27 28 11 27 20 26 31 26 0 16 38 17 38 17 24
19 28 28 11 23 30 11 18 10 15 18 15 26 21 16 0 25 28 27 7 8
40 30 43 26 48 7 23 13 35 12 42 32 22 40 38 25 0 42 11 21 23
14 56 1 39 38 43 39 29 27 30 37 42 25 43 17 28 42 0 36 24 36
39 41 37 33 50 7 30 10 37 12 45 39 12 47 38 27 11 36 0 21 29
19 33 25 17 30 25 16 11 16 10 25 22 19 28 17 7 21 24 21 0 13
27 20 36 4 25 29 3 20 15 17 19 10 31 18 24 8 23 36 29 13 0
0 438
21 240
36 255
103 322
56 275
152 371
21 240
37 256
167 386
180 399
8 227
153 372
208 427
144 363
84 303
55 274
61 280
24 243
138 357
118 337
78 297
0
35
25
84
58
15
72
18
81
50
61
61
38
49
54
56
45
45
34
64
53
