21
650
0 13 18 27 12 28 42 31 25 8 28 8 22 7 5 9 33 37 13 30 17
13 0 27 33 9 37 51 30 35 18 37 17 9 12 11 12 43 36 0 32 30
18 27 0 9 19 10 24 22 10 10 10 10 33 25 16 27 18 26 27 17 21
27 33 9 0 25 9 19 17 14 19 8 19 39 34 23 36 19 20 33 11 29
12 9 19 25 0 29 43 21 29 13 29 12 14 16 7 17 37 27 9 23 27
28 37 10 9 29 0 15 26 7 20 1 20 43 35 26 37 10 29 37 20 25
42 51 24 19 43 15 0 34 20 34 14 34 57 49 40 51 16 35 51 28 38
31 30 22 17 21 26 34 0 31 26 25 25 30 37 26 38 36 6 30 6 41
25 35 10 14 29 7 20 31 0 17 8 18 43 31 24 33 8 34 35 25 18
8 18 10 19 13 20 34 26 17 0 20 1 27 15 7 17 25 32 18 24 15
28 37 10 8 29 1 14 25 8 20 0 20 43 35 26 37 11 28 37 19 26
8 17 10 19 12 20 34 25 18 1 20 0 26 15 6 17 26 31 17 23 16
22 9 33 39 14 43 57 30 43 27 43 26 0 21 20 21 51 36 9 35 39
7 12 25 34 16 35 49 37 31 15 35 15 21 0 11 2 39 43 12 36 19
5 11 16 23 7 26 40 26 24 7 26 6 20 11 0 13 32 32 11 25 20
9 12 27 36 17 37 51 38 33 17 37 17 21 2 13 0 41 44 12 38 21
33 43 18 19 37 10 16 36 8 25 11 26 51 39 32 41 0 39 43 30 24
37 36 26 20 27 29 35 6 34 32 28 31 36 43 32 44 39 0 36 9 47
13 0 27 33 9 37 51 30 35 18 37 17 9 12 11 12 43 36 0 32 30
30 32 17 11 23 20 28 6 25 24 19 23 35 36 25 38 30 9 32 0 38
17 30 21 29 27 25 38 41 18 15 26 16 39 19 20 21 24 47 30 38 0
0 297
80 139
15 74
204 263
233 292
196 255
70 129
31 90
56 115
215 274
25 84
125 184
188 247
22 81
180 239
18 77
122 181
67 126
39 98
14 73
72 131
0
66
32
30
77
28
54
61
64
58
75
57
62
57
47
36
46
22
52
34
41
