21
650
0 5 29 35 23 7 38 32 42 6 33 47 54 14 40 42 20 5 5 32 8
5 0 31 40 28 11 38 33 44 3 38 51 58 19 42 44 24 7 9 36 3
29 31 0 33 23 31 18 10 13 29 18 22 27 24 12 13 34 24 32 15 33
35 40 33 0 13 29 51 43 39 40 15 31 38 21 44 39 19 36 31 18 43
23 28 23 13 0 18 40 32 33 28 13 29 36 9 35 33 13 23 20 13 31
7 11 31 29 18 0 43 36 44 13 30 45 52 9 43 44 13 11 2 29 14
38 38 18 51 40 43 0 8 18 35 36 35 37 40 12 18 50 33 43 33 38
32 33 10 43 32 36 8 0 14 30 28 29 33 32 9 14 42 27 36 25 34
42 44 13 39 33 44 18 14 0 41 24 17 19 37 6 0 46 37 45 21 45
6 3 29 40 28 13 35 30 41 0 37 49 55 19 39 41 26 5 11 35 4
33 38 18 15 13 30 36 28 24 37 0 17 24 21 29 24 26 32 32 3 41
47 51 22 31 29 45 35 29 17 49 17 0 7 36 23 17 42 44 47 16 53
54 58 27 38 36 52 37 33 19 55 24 7 0 43 25 19 49 51 54 23 59
14 19 24 21 9 9 40 32 37 19 21 36 43 0 36 37 10 15 11 20 22
40 42 12 44 35 43 12 9 6 39 29 23 25 36 0 6 46 35 44 26 43
42 44 13 39 33 44 18 14 0 41 24 17 19 37 6 0 46 37 45 21 45
20 24 34 19 13 13 50 42 46 26 26 42 49 10 46 46 0 23 15 26 27
5 7 24 36 23 11 33 27 37 5 32 44 51 15 35 37 23 0 10 30 9
5 9 32 31 20 2 43 36 45 11 32 47 54 11 44 45 15 10 0 31 12
32 36 15 18 13 29 33 25 21 35 3 16 23 20 26 21 26 30 31 0 39
8 3 33 43 31 14 38 34 45 4 41 53 59 22 43 45 27 9 12 39 0
0 455
227 227
344 344
20 20
323 323
4 4
314 314
225 225
321 321
444 444
341 341
293 293
220 220
411 411
323 323
267 267
47 47
104 104
50 50
426 426
420 420
0
45
42
53
30
65
28
65
47
53
65
37
37
46
71
52
74
47
42
49
52
