21
651
0 11 32 45 23 17 45 21 40 25 18 19 25 20 24 26 22 24 24 31 45
11 0 35 36 12 16 38 32 42 16 8 14 33 10 14 33 17 13 14 33 37
32 35 0 37 45 19 34 35 8 50 33 24 18 32 32 11 24 46 31 4 37
45 36 37 0 38 31 4 62 39 42 28 26 52 26 22 46 23 38 22 33 1
23 12 45 38 0 26 41 44 52 5 12 22 45 14 17 45 23 1 18 43 39
17 16 19 31 26 0 30 31 26 31 14 6 24 14 15 20 8 27 14 17 31
45 38 34 4 41 30 0 61 35 45 30 26 50 28 24 44 23 41 24 30 3
21 32 35 62 44 31 61 0 42 46 39 37 17 41 45 24 39 45 44 37 62
40 42 8 39 52 26 35 42 0 56 40 30 25 38 37 18 29 52 36 9 38
25 16 50 42 5 31 45 46 56 0 17 26 49 18 22 49 27 4 22 47 43
18 8 33 28 12 14 30 39 40 17 0 10 36 2 6 34 11 13 6 31 29
19 14 24 26 22 6 26 37 30 26 10 0 30 8 9 26 3 22 8 21 26
25 33 18 52 45 24 50 17 25 49 36 30 0 37 39 7 32 46 38 21 52
20 10 32 26 14 14 28 41 38 18 2 8 37 0 4 34 9 14 4 29 27
24 14 32 22 17 15 24 45 37 22 6 9 39 4 0 35 8 18 1 28 23
26 33 11 46 45 20 44 24 18 49 34 26 7 34 35 0 27 46 34 14 46
22 17 24 23 23 8 23 39 29 27 11 3 32 9 8 27 0 23 7 20 23
24 13 46 38 1 27 41 45 52 4 13 22 46 14 18 46 23 0 18 43 39
24 14 31 22 18 14 24 44 36 22 6 8 38 4 1 34 7 18 0 27 23
31 33 4 33 43 17 30 37 9 47 31 21 21 29 28 14 20 43 27 0 33
45 37 37 1 39 31 3 62 38 43 29 26 52 27 23 46 23 39 23 33 0
0 368
36 36
39 39
51 51
188 188
202 202
293 293
262 262
240 240
220 220
134 134
275 275
50 50
78 78
78 78
275 275
18 18
9 9
237 237
88 88
87 87
0
59
48
62
45
21
71
36
76
70
78
64
46
54
15
55
53
56
25
37
30
