21
649
0 27 13 43 33 6 18 31 12 19 5 46 37 41 11 9 20 1 43 27 40
27 0 40 36 10 21 41 18 36 37 27 36 47 34 31 36 29 28 40 17 28
13 40 0 45 44 19 9 39 7 15 18 49 32 43 12 4 23 12 44 35 46
43 36 45 0 28 40 38 18 38 31 46 4 23 2 34 42 23 42 5 20 9
33 10 44 28 0 27 43 10 38 36 33 27 42 26 33 40 26 34 32 11 19
6 21 19 40 27 0 23 27 17 22 6 43 38 38 14 15 20 7 42 23 37
18 41 9 38 43 23 0 35 6 7 23 42 23 36 10 9 17 17 37 32 40
31 18 39 18 10 27 35 0 33 28 33 18 32 16 28 35 18 32 22 4 10
12 36 7 38 38 17 6 33 0 8 17 42 26 36 5 4 16 11 37 29 39
19 37 15 31 36 22 7 28 8 0 24 35 18 29 8 12 10 18 30 25 33
5 27 18 46 33 6 23 33 17 24 0 49 42 44 16 14 25 6 47 29 43
46 36 49 4 27 43 42 18 42 35 49 0 27 6 38 46 27 46 9 22 8
37 47 32 23 42 38 23 32 26 18 42 27 0 22 26 30 19 36 18 31 29
41 34 43 2 26 38 36 16 36 29 44 6 22 0 32 40 21 40 6 18 8
11 31 12 34 33 14 10 28 5 8 16 38 26 32 0 8 11 10 34 24 34
9 36 4 42 40 15 9 35 4 12 14 46 30 40 8 0 19 8 41 31 42
20 29 23 23 26 20 17 18 16 10 25 27 19 21 11 19 0 20 23 15 23
1 28 12 42 34 7 17 32 11 18 6 46 36 40 10 8 20 0 43 28 40
43 40 44 5 32 42 37 22 37 30 47 9 18 6 34 41 23 43 0 24 14
27 17 35 20 11 23 32 4 29 25 29 22 31 18 24 31 15 28 24 0 14
40 28 46 9 19 37 40 10 39 33 43 8 29 8 34 42 23 40 14 14 0
0 192
160 179
19 38
32 51
121 140
80 99
3 22
113 132
150 169
78 97
60 79
53 72
21 40
44 63
83 102
37 56
98 117
24 43
108 127
109 128
32 51
0
38
64
40
16
27
50
75
51
61
33
90
48
39
57
72
56
28
41
33
79
