21
649
0 6 24 12 4 25 32 19 30 39 31 8 8 39 31 32 32 37 14 5 27
6 0 30 13 10 31 38 25 35 45 34 11 11 44 37 38 38 42 17 2 33
24 30 0 31 20 23 11 15 27 15 36 26 27 15 7 23 18 16 28 29 21
12 13 31 0 11 22 37 21 25 46 22 5 4 46 38 31 34 45 6 15 26
4 10 20 11 0 21 28 15 26 35 27 6 7 35 27 28 28 34 12 9 23
25 31 23 22 21 0 21 8 5 35 14 20 21 35 26 9 14 39 16 30 4
32 38 11 37 28 21 0 16 23 15 35 32 33 16 7 16 9 21 31 37 17
19 25 15 21 15 8 16 0 13 29 21 16 17 29 20 13 13 31 15 24 8
30 35 27 25 26 5 23 13 0 38 12 24 25 38 29 8 15 43 19 35 6
39 45 15 46 35 35 15 29 38 0 49 41 42 2 9 31 24 9 43 44 32
31 34 36 22 27 14 35 21 12 49 0 23 23 49 40 20 27 52 17 35 18
8 11 26 5 6 20 32 16 24 41 23 0 1 41 33 28 29 40 6 12 23
8 11 27 4 7 21 33 17 25 42 23 1 0 42 34 29 30 41 6 12 24
39 44 15 46 35 35 16 29 38 2 49 41 42 0 9 32 25 7 43 43 32
31 37 7 38 27 26 7 20 29 9 40 33 34 9 0 23 16 14 34 36 23
32 38 23 31 28 9 16 13 8 31 20 28 29 32 23 0 7 37 25 37 5
32 38 18 34 28 14 9 13 15 24 27 29 30 25 16 7 0 30 28 37 10
37 42 16 45 34 39 21 31 43 9 52 40 41 7 14 37 30 0 44 40 37
14 17 28 6 12 16 31 15 19 43 17 6 6 43 34 25 28 44 0 18 20
5 2 29 15 9 30 37 24 35 44 35 12 12 43 36 37 37 40 18 0 32
27 33 21 26 23 4 17 8 6 32 18 23 24 32 23 5 10 37 20 32 0
0 192
124 124
132 132
29 29
2 2
23 23
133 133
147 147
77 77
97 97
158 158
135 135
53 53
87 87
30 30
129 129
151 151
146 146
54 54
107 107
64 64
0
27
48
85
59
33
44
31
43
33
41
40
85
64
39
43
55
58
42
79
49
