21
652
0 12 22 35 17 33 16 31 50 23 21 19 13 39 39 39 25 34 10 42 46
12 0 23 35 10 21 14 31 44 25 11 9 14 33 31 32 18 39 2 35 36
22 23 0 14 16 33 10 10 33 2 21 20 9 23 28 24 15 16 22 27 37
35 35 14 0 25 36 21 4 21 14 27 29 22 15 23 17 19 20 33 19 32
17 10 16 25 0 18 6 21 34 18 5 4 9 23 22 22 8 32 10 25 29
33 21 33 36 18 0 24 34 35 35 13 14 27 26 19 24 18 49 23 25 18
16 14 10 21 6 24 0 17 34 12 11 10 4 23 24 23 9 26 12 26 32
31 31 10 4 21 34 17 0 23 10 24 25 18 15 22 16 16 19 29 19 31
50 44 33 21 34 35 34 23 0 33 34 36 38 11 16 13 26 41 44 10 22
23 25 2 14 18 35 12 10 33 0 23 22 11 24 29 25 17 14 24 28 38
21 11 21 27 5 13 11 24 34 23 0 2 14 23 20 21 8 37 12 24 25
19 9 20 29 4 14 10 25 36 22 2 0 13 25 22 23 10 36 10 26 27
13 14 9 22 9 27 4 18 38 11 14 13 0 27 28 26 13 25 13 29 36
39 33 23 15 23 26 23 15 11 24 23 25 27 0 8 2 15 34 33 4 17
39 31 28 23 22 19 24 22 16 29 20 22 28 8 0 6 15 41 32 6 9
39 32 24 17 22 24 23 16 13 25 21 23 26 2 6 0 14 35 32 3 15
25 18 15 19 8 18 9 16 26 17 8 10 13 15 15 14 0 31 18 17 23
34 39 16 20 32 49 26 19 41 14 37 36 25 34 41 35 31 0 38 38 50
10 2 22 33 10 23 12 29 44 24 12 10 13 33 32 32 18 38 0 35 37
42 35 27 19 25 25 26 19 10 28 24 26 29 4 6 3 17 38 35 0 13
46 36 37 32 29 18 32 31 22 38 25 27 36 17 9 15 23 50 37 13 0
0 315
133 133
93 93
199 199
257 257
280 280
43 43
181 181
120 120
51 51
180 180
173 173
102 102
24 24
164 164
280 280
157 157
290 290
25 25
8 8
7 7
0
96
29
47
36
47
84
58
79
47
20
19
40
77
51
67
37
60
48
35
25
