21
652
0 19 32 28 37 27 32 17 8 9 19 37 20 32 22 17 27 22 27 35 20
19 0 25 20 40 36 13 10 26 27 26 33 7 25 10 4 43 3 31 40 16
32 25 0 5 20 26 22 35 34 41 49 8 18 0 15 22 39 25 18 25 12
28 20 5 0 24 27 18 30 30 37 44 13 13 5 10 17 38 20 19 27 8
37 40 20 24 0 14 42 48 34 45 56 13 34 20 31 36 27 41 10 7 24
27 36 26 27 14 0 42 42 22 33 46 23 32 26 30 32 13 38 8 8 22
32 13 22 18 42 42 0 23 38 40 39 30 12 22 12 15 51 10 35 44 20
17 10 35 30 48 42 23 0 25 22 16 42 17 35 20 13 44 13 38 47 25
8 26 34 30 34 22 38 25 0 11 24 36 26 34 27 23 19 29 24 30 22
9 27 41 37 45 33 40 22 11 0 14 46 29 41 31 26 29 30 35 41 29
19 26 49 44 56 46 39 16 24 14 0 54 32 49 35 28 43 29 46 54 37
37 33 8 13 13 23 30 42 36 46 54 0 26 8 23 29 36 33 15 19 17
20 7 18 13 34 32 12 17 26 29 32 26 0 18 3 4 39 7 25 34 10
32 25 0 5 20 26 22 35 34 41 49 8 18 0 15 22 39 25 18 25 12
22 10 15 10 31 30 12 20 27 31 35 23 3 15 0 7 39 10 23 32 8
17 4 22 17 36 32 15 13 23 26 28 29 4 22 7 0 39 6 27 36 12
27 43 39 38 27 13 51 44 19 29 43 36 39 39 39 39 0 45 21 20 31
22 3 25 20 41 38 10 13 29 30 29 33 7 25 10 6 45 0 32 41 17
27 31 18 19 10 8 35 38 24 35 46 15 25 18 23 27 21 32 0 9 15
35 40 25 27 7 8 44 47 30 41 54 19 34 25 32 36 20 41 9 0 24
20 16 12 8 24 22 20 25 22 29 37 17 10 12 8 12 31 17 15 24 0
0 245
26 148
87 209
5 127
107 229
39 161
1 123
13 135
8 130
114 236
52 174
95 217
101 223
112 234
38 160
27 149
92 214
120 242
7 129
7 129
94 216
0
59
31
53
42
48
51
53
44
53
55
60
38
61
68
25
58
30
64
51
58
