21
650
0 25 21 23 21 35 36 37 12 36 22 25 16 25 10 27 36 19 24 34 17
25 0 25 21 41 24 45 45 15 31 3 22 30 12 27 2 25 31 30 15 34
21 25 0 37 42 46 56 57 24 50 22 6 36 34 30 27 47 39 43 40 37
23 21 37 0 27 12 24 24 13 13 21 38 13 10 16 21 13 12 9 18 17
21 41 42 27 0 39 24 25 26 34 38 46 14 36 14 42 40 15 21 45 10
35 24 46 12 39 0 30 29 23 10 25 44 25 12 28 22 1 24 19 11 29
36 45 56 24 24 30 0 1 34 20 44 59 20 34 26 45 30 17 15 41 20
37 45 57 24 25 29 1 0 34 19 44 59 21 34 27 45 29 18 15 40 21
12 15 24 13 26 23 34 34 0 26 12 25 15 13 12 16 24 18 19 22 19
36 31 50 13 34 10 20 19 26 0 32 50 21 19 27 30 10 19 13 21 24
22 3 22 21 38 25 44 44 12 32 0 20 27 13 24 5 26 29 29 18 31
25 22 6 38 46 44 59 59 25 50 20 0 39 32 34 24 45 42 44 37 41
16 30 36 13 14 25 20 21 15 21 27 39 0 22 6 30 26 3 8 31 4
25 12 34 10 36 12 34 34 13 19 13 32 22 0 23 11 13 22 19 9 26
10 27 30 16 14 28 26 27 12 27 24 34 6 23 0 28 29 9 14 32 7
27 2 27 21 42 22 45 45 16 30 5 24 30 11 28 0 23 32 30 13 34
36 25 47 13 40 1 30 29 24 10 26 45 26 13 29 23 0 25 20 12 30
19 31 39 12 15 24 17 18 18 19 29 42 3 22 9 32 25 0 6 30 5
24 30 43 9 21 19 15 15 19 13 29 44 8 19 14 30 20 6 0 27 11
34 15 40 18 45 11 41 40 22 21 18 37 31 9 32 13 12 30 27 0 35
17 34 37 17 10 29 20 21 19 24 31 41 4 26 7 34 30 5 11 35 0
0 385
3 118
160 275
33 148
157 272
112 227
141 256
245 360
170 285
164 279
197 312
193 308
229 344
13 128
102 217
224 339
225 340
41 156
127 242
3 118
254 369
0
39
51
53
65
29
83
84
49
15
41
51
53
39
53
59
58
79
40
38
20
