21
650
0 21 18 16 29 22 38 21 7 25 17 29 10 11 14 39 36 19 29 3 12
21 0 26 25 36 2 23 27 25 23 17 37 13 12 28 19 18 21 36 18 11
18 26 0 33 11 26 33 3 13 14 33 11 15 15 32 45 34 9 11 15 15
16 25 33 0 44 27 48 36 23 39 9 44 22 23 5 38 43 34 44 18 24
29 36 11 44 0 34 35 9 23 15 44 3 25 25 43 52 38 15 0 26 25
22 2 26 27 34 0 21 26 25 21 19 36 13 12 30 19 16 19 34 19 11
38 23 33 48 35 21 0 31 40 20 40 38 28 27 50 25 7 24 35 35 26
21 27 3 36 9 26 31 0 16 11 35 10 16 16 35 44 32 7 9 18 16
7 25 13 23 23 25 40 16 0 23 24 23 12 13 20 44 38 17 23 7 14
25 23 14 39 15 21 20 11 23 0 35 18 17 16 39 37 23 6 15 22 15
17 17 33 9 44 19 40 35 24 35 0 44 19 19 13 29 35 30 44 18 20
29 37 11 44 3 36 38 10 23 18 44 0 26 26 43 54 41 17 3 26 26
10 13 15 22 25 13 28 16 12 17 19 26 0 1 23 32 26 12 25 7 2
11 12 15 23 25 12 27 16 13 16 19 26 1 0 24 31 25 11 25 8 1
14 28 32 5 43 30 50 35 20 39 13 43 23 24 0 42 46 33 43 17 25
39 19 45 38 52 19 25 44 44 37 29 54 32 31 42 0 18 37 52 37 30
36 18 34 43 38 16 7 32 38 23 35 41 26 25 46 18 0 25 38 33 24
19 21 9 34 15 19 24 7 17 6 30 17 12 11 33 37 25 0 15 16 10
29 36 11 44 0 34 35 9 23 15 44 3 25 25 43 52 38 15 0 26 25
3 18 15 18 26 19 35 18 7 22 18 26 7 8 17 37 33 16 26 0 9
12 11 15 24 25 11 26 16 14 15 20 26 2 1 25 30 24 10 25 9 0
0 192
130 187
100 157
54 111
110 167
122 179
49 106
34 91
98 155
50 107
17 74
48 105
53 110
4 61
127 184
58 115
69 126
80 137
30 87
78 135
95 152
0
75
78
66
19
71
25
44
21
34
76
36
87
24
22
65
50
49
54
58
46
