21
650
0 18 24 7 30 20 19 8 7 28 17 32 19 17 17 17 23 18 28 14 31
18 0 39 24 47 38 1 10 25 45 27 36 37 30 16 1 5 4 46 9 38
24 39 0 22 28 8 39 29 20 25 35 51 7 10 27 38 44 39 23 38 18
7 24 22 0 23 17 25 15 2 21 13 29 16 18 24 23 29 24 22 19 33
30 47 28 23 0 20 48 38 23 3 25 37 21 33 45 46 52 46 5 41 45
20 38 8 17 20 0 38 28 15 17 29 45 1 13 29 37 43 38 15 34 25
19 1 39 25 48 38 0 11 26 46 28 37 37 30 16 2 5 5 47 10 38
8 10 29 15 38 28 11 0 15 36 22 35 27 20 13 9 15 10 36 9 32
7 25 20 2 23 15 26 15 0 21 15 31 14 16 23 24 30 25 21 20 31
28 45 25 21 3 17 46 36 21 0 26 39 18 30 43 44 50 45 2 40 42
17 27 35 13 25 29 28 22 15 26 0 16 29 31 34 26 30 24 28 18 46
32 36 51 29 37 45 37 35 31 39 16 0 45 47 48 35 38 33 41 27 62
19 37 7 16 21 1 37 27 14 18 29 45 0 12 28 36 42 37 16 33 24
17 30 10 18 33 13 30 20 16 30 31 47 12 0 17 29 35 30 28 29 15
17 16 27 24 45 29 16 13 23 43 34 48 28 17 0 16 21 19 42 22 22
17 1 38 23 46 37 2 9 24 44 26 35 36 29 16 0 6 3 45 8 38
23 5 44 29 52 43 5 15 30 50 30 38 42 35 21 6 0 6 51 12 43
18 4 39 24 46 38 5 10 25 45 24 33 37 30 19 3 6 0 46 6 41
28 46 23 22 5 15 47 36 21 2 28 41 16 28 42 45 51 46 0 41 40
14 9 38 19 41 34 10 9 20 40 18 27 33 29 22 8 12 6 41 0 41
31 38 18 33 45 25 38 32 31 42 46 62 24 15 22 38 43 41 40 41 0
0 420
175 343
138 306
140 308
202 370
105 273
149 317
26 194
218 386
197 365
61 229
126 294
5 173
246 414
221 389
54 222
117 285
163 331
61 229
60 228
95 263
0
70
44
39
87
49
65
28
64
62
54
46
50
47
31
19
41
72
69
31
31
