21
650
0 42 14 9 31 42 15 30 16 25 11 24 32 11 16 33 28 20 28 10 31
42 0 39 44 25 14 57 14 58 47 53 25 37 39 31 16 24 23 14 38 41
14 39 0 7 20 42 29 30 28 37 20 30 18 3 8 24 34 22 26 21 42
9 44 7 0 27 45 22 33 21 34 13 30 25 5 13 30 34 23 30 19 40
31 25 20 27 0 35 46 25 47 49 40 32 12 22 15 9 35 23 21 34 49
42 14 42 45 35 0 53 12 56 38 53 18 47 42 34 26 15 22 16 34 31
15 57 29 22 46 53 0 44 4 24 10 35 47 26 31 48 39 34 43 19 34
30 14 30 33 25 12 44 0 46 33 41 11 35 30 22 17 11 10 4 25 28
16 58 28 21 47 56 4 46 0 28 8 38 46 25 32 49 42 36 44 22 38
25 47 37 34 49 38 24 33 28 0 31 22 54 34 36 45 23 27 35 16 10
11 53 20 13 40 53 10 41 8 31 0 35 38 18 25 42 39 31 39 20 39
24 25 30 30 32 18 35 11 38 22 35 0 40 28 23 25 4 9 13 16 18
32 37 18 25 12 47 47 35 46 54 38 40 0 21 18 21 44 31 31 38 56
11 39 3 5 22 42 26 30 25 34 18 28 21 0 8 25 32 20 26 18 39
16 31 8 13 15 34 31 22 32 36 25 23 18 8 0 17 27 14 18 20 38
33 16 24 30 9 26 48 17 49 45 42 25 21 25 17 0 28 18 13 32 43
28 24 34 34 35 15 39 11 42 23 39 4 44 32 27 28 0 13 15 20 17
20 23 22 23 23 22 34 10 36 27 31 9 31 20 14 18 13 0 9 15 26
28 14 26 30 21 16 43 4 44 35 39 13 31 26 18 13 15 9 0 24 31
10 38 21 19 34 34 19 25 22 16 20 16 38 18 20 32 20 15 24 0 21
31 41 42 40 49 31 34 28 38 10 39 18 56 39 38 43 17 26 31 21 0
0 525
167 219
406 458
300 352
157 209
164 216
124 176
0 52
104 156
449 501
157 209
442 494
110 162
185 237
472 524
444 496
352 404
280 332
119 171
81 133
464 516
0
56
36
87
47
51
29
14
84
39
49
31
28
19
47
79
94
46
81
31
52
