21
650
0 45 19 7 16 32 14 16 24 25 24 12 20 10 3 15 1 12 18 15 13
45 0 31 38 38 26 45 45 44 21 23 35 25 53 46 31 46 37 51 40 43
19 31 0 12 25 13 14 30 34 17 18 7 9 24 20 4 20 21 20 9 12
7 38 12 0 16 25 12 19 25 19 19 5 13 15 8 8 8 12 18 10 10
16 38 25 16 0 37 28 7 9 17 15 20 19 26 19 21 16 4 34 26 26
32 26 13 25 37 0 26 42 46 23 25 20 18 36 33 17 33 33 31 21 24
14 45 14 12 28 26 0 29 37 29 30 11 21 11 11 14 14 24 6 5 2
16 45 30 19 7 42 29 0 9 24 22 24 24 25 19 26 15 9 34 29 29
24 44 34 25 9 46 37 9 0 24 22 29 28 34 27 30 24 13 42 35 35
25 21 17 19 17 23 29 24 24 0 2 18 8 34 27 15 26 16 35 24 27
24 23 18 19 15 25 30 22 22 2 0 19 9 34 27 16 25 14 36 25 28
12 35 7 5 20 20 11 24 29 18 19 0 10 18 13 4 13 16 17 7 9
20 25 9 13 19 18 21 24 28 8 9 10 0 28 21 7 21 15 27 16 19
10 53 24 15 26 36 11 25 34 34 34 18 28 0 7 22 10 22 12 15 12
3 46 20 8 19 33 11 19 27 27 27 13 21 7 0 16 4 15 15 14 11
15 31 4 8 21 17 14 26 30 15 16 4 7 22 16 0 16 17 20 9 12
1 46 20 8 16 33 14 15 24 26 25 13 21 10 4 16 0 13 19 16 14
12 37 21 12 4 33 24 9 13 16 14 16 15 22 15 17 13 0 30 22 22
18 51 20 18 34 31 6 34 42 35 36 17 27 12 15 20 19 30 0 11 8
15 40 9 10 26 21 5 29 35 24 25 7 16 15 14 9 16 22 11 0 3
13 43 12 10 26 24 2 29 35 27 28 9 19 12 11 12 14 22 8 3 0
0 210
79 163
125 209
64 148
39 123
13 97
48 132
63 147
68 152
14 98
90 174
102 186
98 182
113 197
45 129
56 140
114 198
8 92
85 169
123 207
10 94
0
22
65
50
65
45
43
23
67
72
48
47
61
42
62
31
60
13
69
74
41
