21
650
0 24 18 19 16 28 16 21 18 14 39 30 14 2 29 36 23 16 33 32 11
24 0 35 28 14 45 37 36 6 38 41 16 34 23 35 39 18 37 19 8 13
18 35 0 11 33 10 6 37 29 17 26 31 30 20 15 23 22 5 32 43 26
19 28 11 0 28 17 17 40 22 25 20 20 33 21 10 17 11 16 21 34 21
16 14 33 28 0 43 32 22 12 29 47 28 20 14 38 45 25 32 31 21 7
28 45 10 17 43 0 14 46 39 25 24 37 39 30 15 21 28 13 37 51 36
16 37 6 17 32 14 0 32 31 11 32 36 25 18 21 29 27 1 37 45 26
21 36 37 40 22 46 32 0 32 23 60 47 7 19 50 57 43 33 50 43 25
18 6 29 22 12 39 31 32 0 32 38 16 28 17 31 36 15 31 19 14 7
14 38 17 25 29 25 11 23 32 0 43 42 16 15 32 40 34 12 44 46 25
39 41 26 20 47 24 32 60 38 43 0 27 53 41 11 3 23 31 24 45 40
30 16 31 20 28 37 36 47 16 42 27 0 43 30 25 26 9 35 3 18 22
14 34 30 33 20 39 25 7 28 16 53 43 0 13 43 50 37 26 46 41 21
2 23 20 21 14 30 18 19 17 15 41 30 13 0 31 38 24 18 33 31 10
29 35 15 10 38 15 21 50 31 32 11 25 43 31 0 8 17 20 24 40 31
36 39 23 17 45 21 29 57 36 40 3 26 50 38 8 0 21 28 24 44 38
23 18 22 11 25 28 27 43 15 34 23 9 37 24 17 21 0 26 10 23 18
16 37 5 16 32 13 1 33 31 12 31 35 26 18 20 28 26 0 36 45 26
33 19 32 21 31 37 37 50 19 44 24 3 46 33 24 24 10 36 0 21 25
32 8 43 34 21 51 45 43 14 46 45 18 41 31 40 44 23 45 21 0 21
11 13 26 21 7 36 26 25 7 25 40 22 21 10 31 38 18 26 25 21 0
0 438
8 51
162 205
66 109
224 267
238 281
172 215
283 326
291 334
199 242
134 177
7 50
314 357
29 72
100 143
14 57
101 144
230 273
355 398
255 298
379 422
0
70
59
49
51
56
43
67
39
19
78
30
64
65
34
30
48
28
46
55
68
