21
650
0 23 12 27 24 23 24 13 2 20 28 12 11 30 6 36 18 23 38 20 39
23 0 16 9 18 9 14 10 21 32 26 25 17 9 19 16 5 18 35 7 19
12 16 0 24 27 21 24 11 12 30 33 22 16 20 13 32 12 11 43 10 35
27 9 24 0 14 5 10 14 25 30 22 25 18 16 22 9 12 27 29 16 12
24 18 27 14 0 9 4 16 22 18 8 16 13 27 18 20 18 35 17 24 23
23 9 21 5 9 0 5 10 21 25 17 20 13 18 17 14 10 27 26 16 17
24 14 24 10 4 5 0 13 22 21 12 18 13 23 18 17 15 32 21 21 19
13 10 11 14 16 10 13 0 11 23 23 15 7 18 9 23 5 19 33 10 26
2 21 12 25 22 21 22 11 0 19 26 11 9 28 4 34 16 23 36 18 37
20 32 30 30 18 25 21 23 19 0 14 8 16 41 17 38 28 41 21 33 40
28 26 33 22 8 17 12 23 26 14 0 16 18 35 22 28 26 42 10 32 29
12 25 22 25 16 20 18 15 11 8 16 0 8 33 9 34 20 33 26 25 37
11 17 16 18 13 13 13 7 9 16 18 8 0 25 5 27 12 26 28 17 30
30 9 20 16 27 18 23 18 28 41 35 33 25 0 27 19 13 16 44 10 22
6 19 13 22 18 17 18 9 4 17 22 9 5 27 0 31 14 24 32 17 34
36 16 32 9 20 14 17 23 34 38 28 34 27 19 31 0 20 34 33 23 3
18 5 12 12 18 10 15 5 16 28 26 20 12 13 14 20 0 17 35 6 23
23 18 11 27 35 27 32 19 23 41 42 33 26 16 24 34 17 0 52 11 37
38 35 43 29 17 26 21 33 36 21 10 26 28 44 32 33 35 52 0 41 34
20 7 10 16 24 16 21 10 18 33 32 25 17 10 17 23 6 11 41 0 26
39 19 35 12 23 17 19 26 37 40 29 37 30 22 34 3 23 37 34 26 0
0 490
157 304
149 296
299 446
17 164
137 284
330 477
279 426
11 158
141 288
259 406
306 453
79 226
153 300
52 199
330 477
262 409
244 391
30 177
119 266
205 352
0
52
26
77
77
56
43
25
41
59
62
46
33
50
50
71
24
63
21
55
68
