21
650
0 42 45 30 50 30 40 35 18 28 12 15 24 26 43 25 36 38 36 46 43
42 0 36 48 33 13 25 10 42 50 34 33 50 45 27 44 30 26 22 36 29
45 36 0 26 9 30 11 26 31 30 47 30 33 26 9 26 9 10 14 1 7
30 48 26 0 35 37 28 38 12 4 38 20 9 4 31 5 21 26 28 27 30
50 33 9 35 0 31 11 26 38 39 50 35 42 35 8 35 16 12 16 8 7
30 13 30 37 31 0 20 6 29 38 23 20 38 33 23 32 23 20 16 31 24
40 25 11 28 11 20 0 16 28 31 39 25 33 26 3 26 7 2 5 11 4
35 10 26 38 26 6 16 0 32 40 29 24 40 35 18 34 20 16 12 27 20
18 42 31 12 38 29 28 32 0 11 26 9 9 8 31 7 22 26 26 32 31
28 50 30 4 39 38 31 40 11 0 37 20 5 5 34 6 24 29 31 31 33
12 34 47 38 50 23 39 29 26 37 0 19 34 34 42 33 38 38 34 48 43
15 33 30 20 35 20 25 24 9 20 19 0 18 16 28 15 21 23 21 31 28
24 50 33 9 42 38 33 40 9 5 34 18 0 7 36 7 26 31 32 34 35
26 45 26 4 35 33 26 35 8 5 34 16 7 0 29 1 19 24 26 27 28
43 27 9 31 8 23 3 18 31 34 42 28 36 29 0 29 10 5 8 10 2
25 44 26 5 35 32 26 34 7 6 33 15 7 1 29 0 19 24 25 27 28
36 30 9 21 16 23 7 20 22 24 38 21 26 19 10 19 0 5 8 10 9
38 26 10 26 12 20 2 16 26 29 38 23 31 24 5 24 5 0 4 11 5
36 22 14 28 16 16 5 12 26 31 34 21 32 26 8 25 8 4 0 15 9
46 36 1 27 8 31 11 27 32 31 48 31 34 27 10 27 10 11 15 0 8
43 29 7 30 7 24 4 20 31 33 43 28 35 28 2 28 9 5 9 8 0
0 175
2 89
57 144
85 172
17 104
14 101
27 114
7 94
22 109
18 105
19 106
72 159
32 119
13 100
69 156
26 113
27 114
41 128
86 173
51 138
14 101
0
58
52
67
47
61
15
33
48
61
67
44
10
56
53
40
55
54
53
72
53
