21
652
0 21 5 2 17 22 14 24 29 8 17 28 19 30 19 33 41 36 32 31 10
21 0 16 23 33 34 33 40 26 28 4 48 2 35 6 39 40 30 29 10 30
5 16 0 7 22 26 19 29 29 12 13 33 14 32 14 35 41 35 32 26 14
2 23 7 0 15 20 12 22 29 7 19 26 21 29 21 31 40 36 32 33 8
17 33 22 15 0 6 5 7 24 19 29 18 31 18 34 18 29 31 27 43 18
22 34 26 20 6 0 11 6 19 25 30 22 32 12 36 12 23 26 22 44 24
14 33 19 12 5 11 0 11 28 15 29 15 31 23 33 23 34 35 31 43 13
24 40 29 22 7 6 11 0 25 26 36 16 38 17 41 17 28 32 28 50 24
29 26 29 29 24 19 28 25 0 36 24 41 26 11 30 15 14 7 3 33 37
8 28 12 7 19 25 15 26 36 0 25 24 26 36 26 37 47 43 39 38 2
17 4 13 19 29 30 29 36 24 25 0 44 2 31 6 35 38 28 27 14 27
28 48 33 26 18 22 15 16 41 24 44 0 46 33 47 33 44 48 44 58 22
19 2 14 21 31 32 31 38 26 26 2 46 0 33 4 37 40 30 29 12 28
30 35 32 29 18 12 23 17 11 36 31 33 33 0 37 4 11 16 11 43 35
19 6 14 21 34 36 33 41 30 26 6 47 4 37 0 41 44 34 33 13 28
33 39 35 31 18 12 23 17 15 37 35 33 37 4 41 0 11 19 15 47 36
41 40 41 40 29 23 34 28 14 47 38 44 40 11 44 11 0 13 11 46 46
36 30 35 36 31 26 35 32 7 43 28 48 30 16 34 19 13 0 5 34 44
32 29 32 32 27 22 31 28 3 39 27 44 29 11 33 15 11 5 0 35 40
31 10 26 33 43 44 43 50 33 38 14 58 12 43 13 47 46 34 35 0 40
10 30 14 8 18 24 13 24 37 2 27 22 28 35 28 36 46 44 40 40 0
0 420
285 411
230 356
137 263
185 311
139 265
7 133
147 273
67 193
150 276
220 346
254 380
216 342
153 279
148 274
259 385
78 204
284 410
278 404
223 349
57 183
0
69
47
74
53
32
42
36
57
78
46
75
17
33
65
73
44
36
49
32
44
