21
650
0 30 3 22 18 19 24 20 18 23 30 17 21 17 18 22 25 34 21 10 23
30 0 28 52 40 11 52 38 47 41 60 46 32 34 47 8 41 45 36 37 42
3 28 0 25 16 17 27 18 19 21 33 18 23 19 19 20 23 36 18 9 21
22 52 25 0 27 41 7 32 8 34 8 12 30 24 8 44 37 34 35 21 32
18 40 16 27 0 29 34 5 19 7 34 15 39 34 19 32 10 51 8 8 5
19 11 17 41 29 0 43 27 36 30 49 35 28 28 36 3 30 42 25 26 31
24 52 27 7 34 43 0 38 15 41 9 19 26 20 15 46 43 28 41 26 39
20 38 18 32 5 27 38 0 24 3 39 20 41 37 24 30 5 54 3 12 4
18 47 19 8 19 36 15 24 0 26 15 4 31 25 0 39 29 39 27 14 24
23 41 21 34 7 30 41 3 26 0 41 22 44 40 26 33 3 57 5 15 2
30 60 33 8 34 49 9 39 15 41 0 19 35 29 15 52 44 37 42 29 39
17 46 18 12 15 35 19 20 4 22 19 0 33 27 4 38 25 43 23 10 20
21 32 23 30 39 28 26 41 31 44 35 33 0 6 31 28 46 14 41 31 44
17 34 19 24 34 28 20 37 25 40 29 27 6 0 25 29 42 17 37 26 39
18 47 19 8 19 36 15 24 0 26 15 4 31 25 0 39 29 39 27 14 24
22 8 20 44 32 3 46 30 39 33 52 38 28 29 39 0 33 42 28 29 34
25 41 23 37 10 30 43 5 29 3 44 25 46 42 29 33 0 59 5 17 5
34 45 36 34 51 42 28 54 39 57 37 43 14 17 39 42 59 0 54 43 56
21 36 18 35 8 25 41 3 27 5 42 23 41 37 27 28 5 54 0 15 7
10 37 9 21 8 26 26 12 14 15 29 10 31 26 14 29 17 43 15 0 13
23 42 21 32 5 31 39 4 24 2 39 20 44 39 24 34 5 56 7 13 0
0 192
99 137
5 43
119 157
122 160
40 78
55 93
91 129
133 171
92 130
122 160
92 130
140 178
107 145
20 58
113 151
93 131
28 66
7 45
108 146
97 135
0
84
46
51
57
11
79
67
66
54
34
18
78
31
54
35
33
53
68
30
51
