21
650
0 42 43 41 28 45 46 17 23 27 42 29 15 5 29 36 38 37 18 42 29
42 0 30 36 25 3 4 29 19 32 16 42 40 44 40 18 5 14 29 16 40
43 30 0 8 15 31 28 41 32 16 14 59 30 48 20 12 25 16 42 14 20
41 36 8 0 17 38 36 43 35 14 22 61 28 46 15 18 31 22 44 22 15
28 25 15 17 0 28 26 26 18 7 15 44 18 33 15 8 20 12 27 15 15
45 3 31 38 28 0 3 31 22 35 17 43 43 47 43 20 8 16 32 17 43
46 4 28 36 26 3 0 33 23 33 14 46 43 48 41 18 8 14 33 14 41
17 29 41 43 26 31 33 0 10 30 33 18 25 17 35 30 25 28 1 33 35
23 19 32 35 18 22 23 10 0 24 23 27 24 25 31 20 15 18 11 23 31
27 32 16 14 7 35 33 30 24 0 22 48 14 32 8 15 27 19 31 22 8
42 16 14 22 15 17 14 33 23 22 0 50 33 46 29 7 12 5 34 0 29
29 42 59 61 44 43 46 18 27 48 50 0 41 25 53 47 40 45 17 50 53
15 40 30 28 18 43 43 25 24 14 33 41 0 20 14 26 35 30 26 33 14
5 44 48 46 33 47 48 17 25 32 46 25 20 0 34 40 40 41 18 46 34
29 40 20 15 15 43 41 35 31 8 29 53 14 34 0 23 35 27 36 29 0
36 18 12 18 8 20 18 30 20 15 7 47 26 40 23 0 13 4 31 7 23
38 5 25 31 20 8 8 25 15 27 12 40 35 40 35 13 0 9 26 12 35
37 14 16 22 12 16 14 28 18 19 5 45 30 41 27 4 9 0 29 5 27
18 29 42 44 27 32 33 1 11 31 34 17 26 18 36 31 26 29 0 34 36
42 16 14 22 15 17 14 33 23 22 0 50 33 46 29 7 12 5 34 0 29
29 40 20 15 15 43 41 35 31 8 29 53 14 34 0 23 35 27 36 29 0
0 192
26 102
23 99
96 172
47 123
43 119
42 118
38 114
56 132
98 174
24 100
81 157
7 83
92 168
83 159
112 188
83 159
61 137
71 147
52 128
101 177
0
47
68
62
48
55
52
67
41
67
53
37
68
62
43
19
48
27
63
54
18
