21
649
0 53 42 29 33 12 4 9 31 32 17 11 9 33 22 49 24 7 40 45 13
53 0 11 35 38 65 57 62 26 25 44 46 46 21 31 7 32 54 27 13 42
42 11 0 24 28 54 46 51 19 18 33 35 35 13 20 7 21 44 18 5 32
29 35 24 0 5 37 33 34 29 30 14 18 20 25 18 29 8 35 11 22 27
33 38 28 5 0 40 37 37 34 35 16 22 24 30 23 32 13 39 12 25 32
12 65 54 37 40 0 8 3 43 44 24 19 19 45 34 61 34 15 48 55 25
4 57 46 33 37 8 0 6 35 36 21 15 13 37 26 53 28 7 44 49 17
9 62 51 34 37 3 6 0 40 41 21 16 16 42 31 58 31 13 45 52 22
31 26 19 29 34 43 35 40 0 1 30 28 27 6 12 26 22 30 31 23 19
32 25 18 30 35 44 36 41 1 0 31 29 28 6 13 25 23 31 31 23 20
17 44 33 14 16 24 21 21 30 31 0 6 8 29 18 40 12 23 25 33 19
11 46 35 18 22 19 15 16 28 29 6 0 2 27 16 42 15 17 29 36 14
9 46 35 20 24 19 13 16 27 28 8 2 0 27 16 42 15 15 31 36 12
33 21 13 25 30 45 37 42 6 6 29 27 27 0 11 20 18 33 25 17 21
22 31 20 18 23 34 26 31 12 13 18 16 16 11 0 27 10 24 24 23 12
49 7 7 29 32 61 53 58 26 25 40 42 42 20 27 0 28 51 21 7 39
24 32 21 8 13 34 28 31 22 23 12 15 15 18 10 28 0 29 16 21 19
7 54 44 35 39 15 7 13 30 31 23 17 15 33 24 51 29 0 45 47 12
40 27 18 11 12 48 44 45 31 31 25 29 31 25 24 21 16 45 0 14 35
45 13 5 22 25 55 49 52 23 23 33 36 36 17 23 7 21 47 14 0 35
13 42 32 27 32 25 17 22 19 20 19 14 12 21 12 39 19 12 35 35 0
0 350
90 90
305 305
67 67
256 256
276 276
322 322
189 189
67 67
41 41
190 190
227 227
185 185
263 263
86 86
34 34
138 138
111 111
312 312
147 147
219 219
0
22
74
60
22
44
75
58
44
27
41
17
55
66
63
58
53
53
37
51
78
