31
975
0 18 8 23 26 8 21 2 28 27 19 23 21 11 28 29 24 33 34 9 25 31 6 18 27 27 21 20 11 23 26
18 0 16 36 41 26 26 20 16 25 29 36 31 18 46 23 39 51 48 13 43 46 24 23 42 45 35 30 28 41 40
8 16 0 31 34 12 13 9 30 19 14 31 29 3 33 34 32 36 42 3 29 39 12 10 26 31 29 14 12 28 34
23 36 31 0 8 25 44 23 33 50 41 0 5 34 32 27 6 41 12 32 33 10 23 41 42 35 3 40 28 28 4
26 41 34 8 0 25 46 25 41 53 41 8 13 37 26 35 2 35 9 35 27 6 23 43 38 29 7 40 28 22 6
8 26 12 25 25 0 21 6 36 28 16 25 24 14 21 37 24 26 34 15 18 31 2 18 19 20 22 15 3 16 27
21 26 13 44 46 21 0 22 41 8 8 44 42 10 37 46 45 36 55 15 33 52 23 3 24 33 42 9 19 35 47
2 20 9 23 25 6 22 0 30 28 19 23 21 12 26 31 23 31 33 11 23 30 4 19 25 25 20 19 9 21 25
28 16 30 33 41 36 41 30 0 41 43 33 28 32 56 9 39 61 45 27 53 43 34 39 55 55 34 44 39 51 37
27 25 19 50 53 28 8 28 41 0 16 50 47 16 45 48 51 44 61 18 41 58 30 10 32 41 48 17 26 42 53
19 29 14 41 41 16 8 19 43 16 0 41 40 11 29 47 40 28 50 16 25 47 18 7 16 25 38 1 13 27 43
23 36 31 0 8 25 44 23 33 50 41 0 5 34 32 27 6 41 12 32 33 10 23 41 42 35 3 40 28 28 4
21 31 29 5 13 24 42 21 28 47 40 5 0 32 36 22 11 44 17 29 36 15 22 39 43 38 7 39 27 31 9
11 18 3 34 37 14 10 12 32 16 11 34 32 0 34 36 35 36 45 5 30 42 14 7 25 31 32 12 13 29 37
28 46 33 32 26 21 37 26 56 45 29 32 36 34 0 55 27 11 34 36 4 31 22 36 17 6 29 28 21 5 32
29 23 34 27 35 37 46 31 9 48 47 27 22 36 55 0 33 62 39 31 54 37 35 43 56 56 29 48 40 50 31
24 39 32 6 2 24 45 23 39 51 40 6 11 35 27 33 0 35 10 33 27 7 22 42 38 29 5 39 27 22 5
33 51 36 41 35 26 36 31 61 44 28 41 44 36 11 62 35 0 44 39 8 41 27 35 12 6 38 27 24 13 40
34 48 42 12 9 34 55 33 45 61 50 12 17 45 34 39 10 44 0 43 36 3 32 52 47 38 13 49 37 31 8
9 13 3 32 35 15 15 11 27 18 16 32 29 5 36 31 33 39 43 0 32 40 15 12 29 34 30 17 15 31 35
25 43 29 33 27 18 33 23 53 41 25 33 36 30 4 54 27 8 36 32 0 33 19 32 13 2 30 24 17 5 32
31 46 39 10 6 31 52 30 43 58 47 10 15 42 31 37 7 41 3 40 33 0 29 49 44 35 11 46 34 28 6
6 24 12 23 23 2 23 4 34 30 18 23 22 14 22 35 22 27 32 15 19 29 0 20 21 21 20 17 5 17 25
18 23 10 41 43 18 3 19 39 10 7 41 39 7 36 43 42 35 52 12 32 49 20 0 23 32 39 8 16 32 44
27 42 26 42 38 19 24 25 55 32 16 42 43 25 17 56 38 12 47 29 13 44 21 23 0 11 39 15 16 17 43
27 45 31 35 29 20 33 25 55 41 25 35 38 31 6 56 29 6 38 34 2 35 21 32 11 0 32 24 19 7 34
21 35 29 3 7 22 42 20 34 48 38 3 7 32 29 29 5 38 13 30 30 11 20 39 39 32 0 37 25 25 5
20 30 14 40 40 15 9 19 44 17 1 40 39 12 28 48 39 27 49 17 24 46 17 8 15 24 37 0 12 26 42
11 28 12 28 28 3 19 9 39 26 13 28 27 13 21 40 27 24 37 15 17 34 5 16 16 19 25 12 0 16 30
23 41 28 28 22 16 35 21 51 42 27 28 31 29 5 50 22 13 31 31 5 28 17 32 17 7 25 26 16 0 27
26 40 34 4 6 27 47 25 37 53 43 4 9 37 32 31 5 40 8 35 32 6 25 44 43 34 5 42 30 27 0
0 362
133 133
307 307
232 232
188 188
139 139
357 357
177 177
9 9
199 199
68 68
35 35
358 358
324 324
205 205
91 91
26 26
123 123
203 203
285 285
100 100
58 58
37 37
300 300
214 214
16 16
304 304
152 152
33 33
94 94
55 55
0
27
68
69
31
42
57
75
11
68
59
65
62
68
61
62
22
39
30
59
50
42
33
48
54
65
29
31
67
50
56
