31
977
0 22 39 9 6 19 7 11 24 39 12 24 15 3 20 8 26 22 10 31 16 15 26 20 9 33 9 5 16 16 10
22 0 45 15 18 3 28 19 38 28 15 12 37 25 35 14 19 1 32 20 13 33 4 24 30 37 13 26 6 24 32
39 45 0 35 35 45 41 30 17 30 33 35 35 39 21 38 28 46 36 30 50 27 49 21 43 10 41 42 45 24 38
9 15 35 0 3 13 15 5 24 30 3 15 22 12 21 3 17 16 17 22 15 18 19 14 18 28 6 14 11 11 17
6 18 35 3 0 15 12 5 23 33 6 18 19 9 19 4 20 18 14 25 16 15 22 14 15 28 7 11 13 11 14
19 3 45 13 15 0 25 17 36 30 13 14 34 22 33 11 20 3 29 22 10 30 7 24 27 37 10 23 3 22 29
7 28 41 15 12 25 0 17 24 45 18 30 10 4 20 15 32 28 5 37 22 14 32 24 3 37 15 3 22 20 4
11 19 30 5 5 17 17 0 19 28 4 15 21 13 16 8 15 19 16 20 20 14 23 9 20 23 11 16 16 6 17
24 38 17 24 23 36 24 19 0 36 23 31 18 23 4 27 26 38 19 31 39 10 42 16 26 19 30 26 35 15 21
39 28 30 30 33 30 45 28 36 0 27 16 47 41 35 32 13 29 43 8 39 37 31 21 48 20 35 44 32 25 45
12 15 33 3 6 13 18 4 23 27 0 12 25 15 20 6 14 15 20 19 18 18 19 12 21 26 9 17 12 9 20
24 12 35 15 18 14 30 15 31 16 12 0 36 27 29 17 7 13 31 8 23 29 15 15 33 25 19 29 16 17 32
15 37 35 22 19 34 10 21 18 47 25 36 0 12 15 23 35 37 5 40 31 10 41 26 10 35 24 13 31 22 6
3 25 39 12 9 22 4 13 23 41 15 27 12 0 19 11 28 25 7 33 19 14 29 21 7 34 12 3 19 17 7
20 35 21 21 19 33 20 16 4 35 20 29 15 19 0 23 25 35 15 30 35 6 39 15 22 20 26 22 32 12 17
8 14 38 3 4 11 15 8 27 32 6 17 23 11 23 0 20 14 18 24 12 19 18 17 17 31 3 13 9 14 18
26 19 28 17 20 20 32 15 26 13 14 7 35 28 25 20 0 20 31 5 29 26 22 10 35 18 23 31 22 13 32
22 1 46 16 18 3 28 19 38 29 15 13 37 25 35 14 20 0 32 21 13 33 4 25 30 38 13 26 6 24 32
10 32 36 17 14 29 5 16 19 43 20 31 5 7 15 18 31 32 0 36 26 9 36 22 7 34 19 8 26 18 2
31 20 30 22 25 22 37 20 31 8 19 8 40 33 30 24 5 21 36 0 31 31 23 15 40 20 27 36 24 18 37
16 13 50 15 16 10 22 20 39 39 18 23 31 19 35 12 29 13 26 31 0 31 16 29 23 43 9 19 7 26 26
15 33 27 18 15 30 14 14 10 37 18 29 10 14 6 19 26 33 9 31 31 0 37 16 16 25 22 16 28 13 11
26 4 49 19 22 7 32 23 42 31 19 15 41 29 39 18 22 4 36 23 16 37 0 28 34 40 17 30 10 28 36
20 24 21 14 14 24 24 9 16 21 12 15 26 21 15 17 10 25 22 15 29 16 28 0 27 14 20 24 24 4 24
9 30 43 18 15 27 3 20 26 48 21 33 10 7 22 17 35 30 7 40 23 16 34 27 0 40 17 4 24 23 5
33 37 10 28 28 37 37 23 19 20 26 25 35 34 20 31 18 38 34 20 43 25 40 14 40 0 34 37 38 17 36
9 13 41 6 7 10 15 11 30 35 9 19 24 12 26 3 23 13 19 27 9 22 17 20 17 34 0 13 7 17 19
5 26 42 14 11 23 3 16 26 44 17 29 13 3 22 13 31 26 8 36 19 16 30 24 4 37 13 0 20 20 7
16 6 45 11 13 3 22 16 35 32 12 16 31 19 32 9 22 6 26 24 7 28 10 24 24 38 7 20 0 21 26
16 24 24 11 11 22 20 6 15 25 9 17 22 17 12 14 13 24 18 18 26 13 28 4 23 17 17 20 21 0 20
10 32 38 17 14 29 4 17 21 45 20 32 6 7 17 18 32 32 2 37 26 11 36 24 5 36 19 7 26 20 0
0 234
0 0
131 131
85 85
213 213
132 132
14 14
150 150
38 38
49 49
28 28
89 89
172 172
151 151
90 90
129 129
24 24
63 63
2 2
108 108
194 194
163 163
109 109
200 200
135 135
181 181
66 66
63 63
230 230
222 222
25 25
0
40
45
73
56
32
59
83
20
53
64
63
56
41
33
68
52
29
47
32
59
49
68
45
30
57
43
43
57
69
36
