31
975
0 17 24 17 13 24 11 34 21 6 22 20 32 40 12 6 30 18 43 21 28 11 21 27 42 22 12 21 21 27 25
17 0 10 2 8 25 6 23 14 18 20 6 29 26 7 12 31 17 32 20 19 6 7 13 29 34 28 31 32 37 9
24 10 0 12 18 24 16 14 10 28 17 13 25 16 12 18 29 17 22 19 12 13 3 15 19 37 34 32 34 37 6
17 2 12 0 6 27 6 25 16 18 22 4 31 28 9 13 33 19 34 22 21 7 9 11 31 35 29 32 33 38 9
13 8 18 6 0 29 3 31 20 12 24 9 34 34 10 12 35 21 40 24 27 8 15 16 37 34 25 32 32 38 15
24 25 24 27 29 0 26 23 14 30 8 31 11 33 19 19 6 8 31 5 18 21 23 38 31 15 23 10 12 13 29
11 6 16 6 3 26 0 29 17 12 21 9 31 32 7 9 32 18 38 21 24 5 13 16 35 31 23 29 29 35 15
34 23 14 25 31 23 29 0 13 39 16 27 16 10 23 28 24 19 9 19 6 25 16 29 8 38 41 33 35 36 20
21 14 10 16 20 14 17 13 0 26 7 19 15 21 10 15 19 7 22 9 7 12 9 24 21 27 28 22 24 27 15
6 18 28 18 12 30 12 39 26 0 28 21 38 44 16 12 36 24 48 27 33 15 25 28 47 28 16 27 27 33 27
22 20 17 22 24 8 21 16 7 28 0 26 10 25 14 16 12 4 25 3 10 16 16 31 24 22 25 17 19 21 22
20 6 13 4 9 31 9 27 19 21 26 0 34 28 13 17 37 23 35 26 24 11 11 7 32 39 32 36 37 42 7
32 29 25 31 34 11 31 16 15 38 10 34 0 26 24 26 8 14 21 11 13 26 24 39 23 26 33 21 23 22 30
40 26 16 28 34 33 32 10 21 44 25 28 26 0 28 34 34 28 9 28 15 29 19 28 5 47 49 42 44 46 21
12 7 12 9 10 19 7 23 10 16 14 13 24 28 0 6 25 11 32 14 17 2 9 20 31 27 22 24 25 30 14
6 12 18 13 12 19 9 28 15 12 16 17 26 34 6 0 25 12 37 15 22 6 15 24 36 22 16 20 20 26 20
30 31 29 33 35 6 32 24 19 36 12 37 8 34 25 25 0 14 29 11 20 27 28 43 31 18 28 13 15 14 34
18 17 17 19 21 8 18 19 7 24 4 23 14 28 11 12 14 0 28 3 13 13 15 30 27 20 22 15 17 20 21
43 32 22 34 40 31 38 9 22 48 25 35 21 9 32 37 29 28 0 28 15 34 25 37 4 46 50 41 43 43 28
21 20 19 22 24 5 21 19 9 27 3 26 11 28 14 15 11 3 28 0 13 16 18 33 27 19 23 14 16 18 24
28 19 12 21 27 18 24 6 7 33 10 24 13 15 17 22 20 13 15 13 0 19 13 27 14 32 35 27 29 31 18
11 6 13 7 8 21 5 25 12 15 16 11 26 29 2 6 27 13 34 16 19 0 10 18 32 28 22 25 26 31 14
21 7 3 9 15 23 13 16 9 25 16 11 24 19 9 15 28 15 25 18 13 10 0 15 22 35 31 30 32 35 6
27 13 15 11 16 38 16 29 24 28 31 7 39 28 20 24 43 30 37 33 27 18 15 0 33 46 39 43 44 49 9
42 29 19 31 37 31 35 8 21 47 24 32 23 5 31 36 31 27 4 27 14 32 22 33 0 46 49 41 43 44 25
22 34 37 35 34 15 31 38 27 28 22 39 26 47 27 22 18 20 46 19 32 28 35 46 46 0 13 5 3 7 41
12 28 34 29 25 23 23 41 28 16 25 32 33 49 22 16 28 22 50 23 35 22 31 39 49 13 0 15 13 19 36
21 31 32 32 32 10 29 33 22 27 17 36 21 42 24 20 13 15 41 14 27 25 30 43 41 5 15 0 2 6 36
21 32 34 33 32 12 29 35 24 27 19 37 23 44 25 20 15 17 43 16 29 26 32 44 43 3 13 2 0 6 38
27 37 37 38 38 13 35 36 27 33 21 42 22 46 30 26 14 20 43 18 31 31 35 49 44 7 19 6 6 0 41
25 9 6 9 15 29 15 20 15 27 22 7 30 21 14 20 34 21 28 24 18 14 6 9 25 41 36 36 38 41 0
0 596
461 461
274 274
402 402
29 29
219 219
264 264
0 0
429 429
324 324
158 158
324 324
526 526
304 304
481 481
198 198
536 536
579 579
144 144
432 432
294 294
250 250
19 19
242 242
61 61
524 524
151 151
110 110
241 241
232 232
323 323
0
33
19
59
31
56
42
31
67
45
76
19
77
56
58
64
17
30
70
50
50
51
54
48
27
88
16
53
82
51
79
