31
976
0 18 18 14 2 6 33 22 21 24 15 16 25 21 17 22 31 14 17 21 22 11 29 24 22 17 20 19 19 16 19
18 0 9 31 18 12 37 32 28 38 8 19 41 34 30 16 35 4 1 11 4 29 47 39 18 23 35 35 37 7 34
18 9 0 32 19 13 28 24 33 41 14 11 42 26 33 7 26 8 8 20 13 27 44 31 9 15 37 36 34 2 36
14 31 32 0 13 19 39 27 21 16 27 27 12 24 13 35 39 27 30 32 35 10 19 25 35 27 12 8 14 30 11
2 18 19 13 0 6 35 24 19 22 15 18 23 23 15 24 33 14 17 21 22 12 29 26 24 19 18 17 20 17 17
6 12 13 19 6 0 34 25 21 28 9 15 29 24 20 19 32 8 11 16 16 17 35 28 20 18 24 23 25 11 23
33 37 28 39 35 34 0 12 54 55 41 19 51 15 50 21 3 36 36 48 41 29 38 19 19 16 51 47 29 30 50
22 32 24 27 24 25 12 0 43 43 34 13 39 3 38 20 12 30 31 41 36 17 26 8 19 9 39 35 17 25 38
21 28 33 21 19 21 54 43 0 12 20 36 22 41 8 40 52 26 28 20 28 28 40 43 41 38 12 16 35 31 12
24 38 41 16 22 28 55 43 12 0 30 40 11 40 8 46 54 35 38 32 39 26 33 41 46 40 4 8 30 39 5
15 8 14 27 15 9 41 34 20 30 0 22 36 33 22 21 39 6 8 7 9 26 44 37 23 26 27 29 34 12 26
16 19 11 27 18 15 19 13 36 40 22 0 39 15 33 8 17 17 18 29 23 19 35 20 8 4 36 35 25 12 35
25 41 42 12 23 29 51 39 22 11 36 39 0 36 14 47 51 37 40 38 45 22 23 34 47 39 10 7 23 40 10
21 34 26 24 23 24 15 3 41 40 33 15 36 0 36 23 15 30 33 40 38 14 23 5 21 11 36 32 14 27 35
17 30 33 13 15 20 50 38 8 8 22 33 14 36 0 39 48 27 30 24 31 22 32 37 39 34 5 8 27 31 4
22 16 7 35 24 19 21 20 40 46 21 8 47 23 39 0 19 15 15 27 20 27 43 28 2 12 42 41 33 9 41
31 35 26 39 33 32 3 12 52 54 39 17 51 15 48 19 0 33 34 45 39 29 38 20 17 14 50 47 29 28 49
14 4 8 27 14 8 36 30 26 35 6 17 37 30 27 15 33 0 3 12 8 25 43 35 17 21 31 31 33 6 30
17 1 8 30 17 11 36 31 28 38 8 18 40 33 30 15 34 3 0 12 5 28 46 38 17 22 34 34 36 6 33
21 11 20 32 21 16 48 41 20 32 7 29 38 40 24 27 45 12 12 0 9 32 50 44 29 33 29 32 40 18 28
22 4 13 35 22 16 41 36 28 39 9 23 45 38 31 20 39 8 5 9 0 33 51 43 22 27 36 38 41 11 35
11 29 27 10 12 17 29 17 28 26 26 19 22 14 22 27 29 25 28 32 33 0 18 15 27 17 22 18 8 25 21
29 47 44 19 29 35 38 26 40 33 44 35 23 23 32 43 38 43 46 50 51 18 0 19 42 31 29 25 10 43 29
24 39 31 25 26 28 19 8 43 41 37 20 34 5 37 28 20 35 38 44 43 15 19 0 26 16 37 33 11 32 36
22 18 9 35 24 20 19 19 41 46 23 8 47 21 39 2 17 17 17 29 22 27 42 26 0 11 42 41 32 11 41
17 23 15 27 19 18 16 9 38 40 26 4 39 11 34 12 14 21 22 33 27 17 31 16 11 0 36 34 21 16 35
20 35 37 12 18 24 51 39 12 4 27 36 10 36 5 42 50 31 34 29 36 22 29 37 42 36 0 4 26 35 1
19 35 36 8 17 23 47 35 16 8 29 35 7 32 8 41 47 31 34 32 38 18 25 33 41 34 4 0 22 34 4
19 37 34 14 20 25 29 17 35 30 34 25 23 14 27 33 29 33 36 40 41 8 10 11 32 21 26 22 0 33 25
16 7 2 30 17 11 30 25 31 39 12 12 40 27 31 9 28 6 6 18 11 25 43 32 11 16 35 34 33 0 34
19 34 36 11 17 23 50 38 12 5 26 35 10 35 4 41 49 30 33 28 35 21 29 36 41 35 1 4 25 34 0
0 404
31 192
143 304
104 265
28 189
209 370
2 163
61 222
131 292
160 321
17 178
33 194
218 379
21 182
236 397
171 332
207 368
150 311
185 346
128 289
41 202
87 248
239 400
19 180
103 264
35 196
41 202
184 345
152 313
35 196
96 257
0
66
24
43
66
76
53
45
20
49
26
37
84
46
26
37
81
43
42
53
63
40
75
63
28
62
65
42
46
54
46
