31
976
0 28 23 21 39 16 18 22 24 38 40 31 19 37 14 40 15 14 45 8 46 5 4 16 20 25 33 45 21 20 36
28 0 37 29 12 22 32 41 12 29 40 22 12 10 18 23 19 24 23 27 22 33 29 39 8 3 24 26 19 12 8
23 37 0 10 43 15 5 7 26 28 23 25 25 41 19 34 35 13 42 30 46 22 27 12 29 34 26 40 19 35 43
21 29 10 0 34 7 7 16 17 20 19 15 17 32 12 24 29 7 32 27 36 23 25 17 22 26 17 30 10 28 34
39 12 43 34 0 29 39 48 17 25 38 21 20 2 26 17 31 31 13 38 10 44 40 46 19 14 22 16 24 24 6
16 22 15 7 29 0 10 19 12 23 26 16 10 27 5 25 22 2 32 21 34 18 20 17 15 19 18 31 6 21 29
18 32 5 7 39 10 0 9 22 27 25 22 20 37 14 31 30 8 39 25 43 17 22 10 24 29 24 37 15 30 39
22 41 7 16 48 19 9 0 31 35 30 31 29 46 23 40 36 17 48 29 52 18 25 6 33 38 33 46 24 38 48
24 12 26 17 17 12 22 31 0 18 28 11 5 15 10 16 22 14 21 26 22 28 26 29 9 10 13 21 7 18 17
38 29 28 20 25 23 27 35 18 0 13 7 23 25 25 8 40 25 16 42 20 41 42 37 27 28 5 13 17 36 29
40 40 23 19 38 26 25 30 28 13 0 18 31 38 31 21 47 26 29 46 33 42 44 35 36 38 16 26 23 45 42
31 22 25 15 21 16 22 31 11 7 18 0 16 20 18 9 33 18 17 35 21 34 35 32 20 21 2 15 10 29 24
19 12 25 17 20 10 20 29 5 23 31 16 0 18 6 21 17 12 26 21 27 24 21 27 5 9 18 26 8 14 19
37 10 41 32 2 27 37 46 15 25 38 20 18 0 24 17 29 29 14 36 12 42 38 44 17 12 22 17 22 22 4
14 18 19 12 26 5 14 23 10 25 31 18 6 24 0 26 17 6 31 17 32 18 17 21 10 15 20 31 8 16 25
40 23 34 24 17 25 31 40 16 8 21 9 21 17 26 0 38 27 8 42 12 43 42 41 25 24 8 6 19 34 21
15 19 35 29 31 22 30 36 22 40 47 33 17 29 17 38 0 22 42 8 41 20 12 30 15 17 35 43 24 7 27
14 24 13 7 31 2 8 17 14 25 26 18 12 29 6 27 22 0 34 20 36 16 18 15 16 21 20 33 8 22 31
45 23 42 32 13 32 39 48 21 16 29 17 26 14 31 8 42 34 0 47 4 49 47 49 28 25 16 4 26 35 18
8 27 30 27 38 21 25 29 26 42 46 35 21 36 17 42 8 20 47 0 48 12 4 23 20 24 37 47 25 15 35
46 22 46 36 10 34 43 52 22 20 33 21 27 12 32 12 41 36 4 48 0 50 48 51 28 24 20 8 28 34 16
5 33 22 23 44 18 17 18 28 41 42 34 24 42 18 43 20 16 49 12 50 0 8 12 25 30 36 49 24 25 41
4 29 27 25 40 20 22 25 26 42 44 35 21 38 17 42 12 18 47 4 48 8 0 19 22 26 37 47 25 19 37
16 39 12 17 46 17 10 6 29 37 35 32 27 44 21 41 30 15 49 23 51 12 19 0 31 36 34 47 23 34 46
20 8 29 22 19 15 24 33 9 27 36 20 5 17 10 25 15 16 28 20 28 25 22 31 0 5 22 29 13 9 16
25 3 34 26 14 19 29 38 10 28 38 21 9 12 15 24 17 21 25 24 24 30 26 36 5 0 23 27 16 10 11
33 24 26 17 22 18 24 33 13 5 16 2 18 22 20 8 35 20 16 37 20 36 37 34 22 23 0 14 12 31 26
45 26 40 30 16 31 37 46 21 13 26 15 26 17 31 6 43 33 4 47 8 49 47 47 29 27 14 0 25 37 21
21 19 19 10 24 6 15 24 7 17 23 10 8 22 8 19 24 8 26 25 28 24 25 23 13 16 12 25 0 22 24
20 12 35 28 24 21 30 38 18 36 45 29 14 22 16 34 7 22 35 15 34 25 19 34 9 10 31 37 22 0 20
36 8 43 34 6 29 39 48 17 29 42 24 19 4 25 21 27 31 18 35 16 41 37 46 16 11 26 21 24 20 0
0 383
237 313
260 336
199 275
151 227
223 299
254 330
277 353
271 347
30 106
176 252
8 84
151 227
171 247
64 140
56 132
154 230
90 166
71 147
41 117
166 242
156 232
240 316
267 343
150 226
280 356
183 259
136 212
65 141
189 265
199 275
0
32
65
57
55
37
36
77
80
55
52
34
72
35
38
40
83
18
57
51
51
32
64
61
37
32
52
48
62
68
20
