31
975
0 34 11 21 1 35 11 26 24 14 19 26 10 12 25 33 11 8 18 23 19 14 24 18 24 31 17 3 4 14 13
34 0 37 34 33 47 44 9 33 46 15 16 36 38 38 1 30 26 20 43 46 40 58 51 32 15 30 31 37 23 29
11 37 0 11 12 46 12 30 14 23 23 22 21 23 36 36 22 15 25 34 30 3 25 21 14 38 28 14 8 22 8
21 34 11 0 22 55 23 31 3 34 24 18 31 33 45 34 31 22 31 44 40 12 36 32 3 40 36 23 19 28 10
1 33 12 22 0 34 12 25 25 14 18 25 9 11 24 32 10 7 17 22 19 15 25 18 24 30 16 2 5 13 13
35 47 46 55 34 0 41 38 57 30 39 50 25 24 10 46 24 33 29 13 22 49 46 39 56 33 19 33 39 28 45
11 44 12 23 12 41 0 36 26 13 29 33 17 17 33 43 21 18 28 29 21 11 14 9 26 41 27 14 7 25 19
26 9 30 31 25 38 36 0 31 37 7 16 27 29 29 8 21 18 11 34 37 33 50 43 30 10 21 23 29 14 22
24 33 14 3 25 57 26 31 0 37 24 17 34 36 47 33 33 24 32 47 43 15 39 35 1 40 38 25 22 30 12
14 46 23 34 14 30 13 37 37 0 31 39 10 8 23 45 16 20 27 17 8 24 16 9 37 39 20 15 15 23 27
19 15 23 24 18 39 29 7 24 31 0 12 24 26 29 14 18 11 10 33 34 26 43 36 23 16 20 16 22 11 15
26 16 22 18 25 50 33 16 17 39 12 0 33 35 40 16 29 20 22 44 43 25 47 42 16 26 31 25 26 22 14
10 36 21 31 9 25 17 27 34 10 24 33 0 2 16 35 6 13 17 13 10 24 25 18 33 29 10 9 14 13 22
12 38 23 33 11 24 17 29 36 8 26 35 2 0 16 37 8 15 19 12 8 25 24 17 35 31 12 11 15 15 24
25 38 36 45 24 10 33 29 47 23 29 40 16 16 0 37 14 23 19 8 17 39 39 32 46 25 9 23 29 18 35
33 1 36 34 32 46 43 8 33 45 14 16 35 37 37 0 29 25 19 42 45 39 57 50 32 14 29 30 36 22 28
11 30 22 31 10 24 21 21 33 16 18 29 6 8 14 29 0 9 11 15 16 25 31 24 32 23 6 9 15 7 21
8 26 15 22 7 33 18 18 24 20 11 20 13 15 23 25 9 0 10 24 23 18 32 25 23 23 14 5 11 7 12
18 20 25 31 17 29 28 11 32 27 10 22 17 19 19 19 11 10 0 24 27 28 41 34 31 13 11 15 21 4 21
23 43 34 44 22 13 29 34 47 17 33 44 13 12 8 42 15 24 24 0 9 37 33 26 46 33 13 22 27 22 35
19 46 30 40 19 22 21 37 43 8 34 43 10 8 17 45 16 23 27 9 0 32 24 17 43 37 17 19 22 23 32
14 40 3 12 15 49 11 33 15 24 26 25 24 25 39 39 25 18 28 37 32 0 24 20 15 41 31 17 10 25 11
24 58 25 36 25 46 14 50 39 16 43 47 25 24 39 57 31 32 41 33 24 24 0 7 39 54 35 27 21 37 33
18 51 21 32 18 39 9 43 35 9 36 42 18 17 32 50 24 25 34 26 17 20 7 0 35 47 28 20 16 30 28
24 32 14 3 24 56 26 30 1 37 23 16 33 35 46 32 32 23 31 46 43 15 39 35 0 39 37 25 22 29 11
31 15 38 40 30 33 41 10 40 39 16 26 29 31 25 14 23 23 13 33 37 41 54 47 39 0 20 28 34 17 31
17 30 28 36 16 19 27 21 38 20 20 31 10 12 9 29 6 14 11 13 17 31 35 28 37 20 0 15 21 9 26
3 31 14 23 2 33 14 23 25 15 16 25 9 11 23 30 9 5 15 22 19 17 27 20 25 28 15 0 7 11 14
4 37 8 19 5 39 7 29 22 15 22 26 14 15 29 36 15 11 21 27 22 10 21 16 22 34 21 7 0 18 12
14 23 22 28 13 28 25 14 30 23 11 22 13 15 18 22 7 7 4 22 23 25 37 30 29 17 9 11 18 0 18
13 29 8 10 13 45 19 22 12 27 15 14 22 24 35 28 21 12 21 35 32 11 33 28 11 31 26 14 12 18 0
0 319
37 37
97 97
3 3
156 156
72 72
297 297
94 94
70 70
253 253
293 293
240 240
314 314
76 76
91 91
196 196
167 167
36 36
272 272
199 199
265 265
287 287
136 136
183 183
157 157
9 9
204 204
190 190
24 24
174 174
86 86
0
80
35
25
62
52
50
77
52
27
41
42
50
47
69
54
62
76
23
54
29
27
68
28
51
18
71
55
57
59
59
