31
974
0 28 26 14 26 16 25 24 19 23 33 33 28 11 18 23 2 2 27 11 32 14 14 31 30 24 5 11 15 32 22
28 0 3 32 47 17 23 9 19 32 17 5 10 34 19 22 26 28 24 35 18 32 19 26 11 6 29 19 33 9 43
26 3 0 29 44 14 24 6 16 29 20 8 13 32 16 24 24 26 21 33 21 29 16 23 9 3 28 17 30 7 40
14 32 29 0 15 15 38 25 16 10 44 37 38 4 15 36 15 16 20 5 44 0 13 25 30 26 19 14 1 33 11
26 47 44 15 0 30 51 40 31 20 59 52 53 15 30 49 28 27 34 15 58 15 28 38 45 41 30 29 14 48 5
16 17 14 15 30 0 30 10 4 16 32 22 25 18 3 29 14 16 12 19 32 15 2 16 15 11 19 5 16 18 26
25 23 24 38 51 30 0 28 34 44 11 25 14 36 33 2 23 24 42 36 10 38 30 45 33 26 22 26 39 31 47
24 9 6 25 40 10 28 0 10 24 26 14 19 28 11 27 22 24 15 29 27 25 12 17 6 3 27 13 26 8 36
19 19 16 16 31 4 34 10 0 14 35 24 28 19 1 33 18 20 8 20 36 16 5 12 14 13 23 9 17 17 26
23 32 29 10 20 16 44 24 14 0 47 37 41 14 13 42 24 25 14 15 48 10 15 18 28 26 28 18 10 31 15
33 17 20 44 59 32 11 26 35 47 0 17 7 44 35 12 31 32 41 44 1 44 32 43 28 23 31 30 45 26 55
33 5 8 37 52 22 25 14 24 37 17 0 11 39 24 25 31 33 28 40 18 37 24 28 13 11 34 24 38 10 48
28 10 13 38 53 25 14 19 28 41 7 11 0 38 28 14 26 28 34 39 8 38 26 36 21 16 27 24 39 19 49
11 34 32 4 15 18 36 28 19 14 44 39 38 0 18 34 13 13 24 1 43 4 16 29 33 29 16 15 4 36 11
18 19 16 15 30 3 33 11 1 13 35 24 28 18 0 32 17 19 9 19 35 15 4 13 15 13 22 8 16 18 25
23 22 24 36 49 29 2 27 33 42 12 25 14 34 32 0 21 22 41 34 11 36 28 44 33 25 20 24 37 31 45
2 26 24 15 28 14 23 22 18 24 31 31 26 13 17 21 0 2 26 13 30 15 13 30 28 22 5 9 16 30 24
2 28 26 16 27 16 24 24 20 25 32 33 28 13 19 22 2 0 28 13 31 16 15 32 30 24 3 11 17 32 24
27 24 21 20 34 12 42 15 8 14 41 28 34 24 9 41 26 28 0 25 42 20 13 5 15 18 31 17 21 18 29
11 35 33 5 15 19 36 29 20 15 44 40 39 1 19 34 13 13 25 0 43 5 17 30 34 30 15 16 5 37 12
32 18 21 44 58 32 10 27 36 48 1 18 8 43 35 11 30 31 42 43 0 44 33 44 29 24 30 30 45 27 54
14 32 29 0 15 15 38 25 16 10 44 37 38 4 15 36 15 16 20 5 44 0 13 25 30 26 19 14 1 33 11
14 19 16 13 28 2 30 12 5 15 32 24 26 16 4 28 13 15 13 17 33 13 0 17 17 13 18 4 14 20 24
31 26 23 25 38 16 45 17 12 18 43 28 36 29 13 44 30 32 5 30 44 25 17 0 15 20 35 21 26 18 33
30 11 9 30 45 15 33 6 14 28 28 13 21 33 15 33 28 30 15 34 29 30 17 15 0 8 33 19 31 3 40
24 6 3 26 41 11 26 3 13 26 23 11 16 29 13 25 22 24 18 30 24 26 13 20 8 0 26 14 27 8 37
5 29 28 19 30 19 22 27 23 28 31 34 27 16 22 20 5 3 31 15 30 19 18 35 33 26 0 14 20 34 27
11 19 17 14 29 5 26 13 9 18 30 24 24 15 8 24 9 11 17 16 30 14 4 21 19 14 14 0 15 21 25
15 33 30 1 14 16 39 26 17 10 45 38 39 4 16 37 16 17 21 5 45 1 14 26 31 27 20 15 0 34 10
32 9 7 33 48 18 31 8 17 31 26 10 19 36 18 31 30 32 18 37 27 33 20 18 3 8 34 21 34 0 43
22 43 40 11 5 26 47 36 26 15 55 48 49 11 25 45 24 24 29 12 54 11 24 33 40 37 27 25 10 43 0
0 404
108 148
211 251
296 336
296 336
180 220
8 48
157 197
0 40
21 61
82 122
327 367
291 331
216 256
34 74
100 140
306 346
208 248
326 366
188 228
341 381
289 329
303 343
85 125
226 266
133 173
342 382
58 98
117 157
12 52
8 48
0
54
41
39
49
69
54
45
41
33
36
70
50
71
80
75
45
55
38
19
31
44
38
63
74
34
65
61
64
36
23
