31
975
0 13 20 17 24 14 24 22 36 5 33 12 2 32 22 9 24 20 31 12 35 26 23 12 35 30 3 16 24 30 16
13 0 13 11 28 25 35 34 49 12 40 8 11 45 21 19 23 27 38 22 48 33 22 24 40 34 10 3 14 30 29
20 13 0 3 19 34 44 35 52 16 31 21 20 47 10 29 12 39 29 22 50 26 11 32 30 24 17 14 6 19 33
17 11 3 0 20 31 41 32 49 13 32 19 17 44 11 26 13 36 30 19 47 26 12 29 31 25 14 12 8 20 30
24 28 19 20 0 36 45 22 39 19 12 33 25 34 9 33 9 44 10 14 37 7 8 31 12 6 23 30 25 7 26
14 25 34 31 36 0 10 24 31 19 43 19 14 28 36 6 38 10 41 22 31 36 37 6 45 41 17 28 38 43 15
24 35 44 41 45 10 0 28 30 29 50 29 24 28 46 16 48 12 48 31 31 44 47 14 53 49 27 38 48 52 20
22 34 35 32 22 24 28 0 17 22 23 34 24 12 30 25 30 34 21 13 15 18 29 18 26 24 25 37 40 29 9
36 49 52 49 39 31 30 17 0 37 37 47 38 5 47 34 47 40 36 30 3 34 46 27 40 40 39 52 57 46 20
5 12 16 13 19 19 29 22 37 0 30 14 6 33 17 14 19 25 28 10 36 23 18 16 31 25 4 15 21 25 17
33 40 31 32 12 43 50 23 37 30 0 44 35 32 21 41 21 52 2 21 34 7 20 37 3 7 34 42 37 15 30
12 8 21 19 33 19 29 34 47 14 44 0 10 43 29 13 31 19 42 23 46 37 30 20 45 39 10 10 22 38 27
2 11 20 17 25 14 24 24 38 6 35 10 0 34 23 9 25 19 33 14 37 28 24 13 37 31 3 14 24 31 18
32 45 47 44 34 28 28 12 5 33 32 43 34 0 42 31 42 38 31 25 3 29 41 24 35 35 35 48 52 41 16
22 21 10 11 9 36 46 30 47 17 21 29 23 42 0 31 2 42 19 17 45 16 1 32 20 14 21 23 16 9 30
9 19 29 26 33 6 16 25 34 14 41 13 9 31 31 0 33 11 39 20 34 34 32 7 43 39 12 22 32 39 16
24 23 12 13 9 38 48 30 47 19 21 31 25 42 2 33 0 44 19 18 45 16 1 34 20 14 22 25 18 7 31
20 27 39 36 44 10 12 34 40 25 52 19 19 38 42 11 44 0 50 31 41 45 43 16 54 50 22 29 41 50 25
31 38 29 30 10 41 48 21 36 28 2 42 33 31 19 39 19 50 0 19 33 5 18 35 5 5 32 40 35 13 28
12 22 22 19 14 22 31 13 30 10 21 23 14 25 17 20 18 31 19 0 28 14 17 17 23 19 13 25 27 21 13
35 48 50 47 37 31 31 15 3 36 34 46 37 3 45 34 45 41 33 28 0 31 44 27 37 37 38 51 55 44 19
26 33 26 26 7 36 44 18 34 23 7 37 28 29 16 34 16 45 5 14 31 0 15 30 9 6 27 36 32 13 24
23 22 11 12 8 37 47 29 46 18 20 30 24 41 1 32 1 43 18 17 44 15 0 33 19 13 21 24 17 8 30
12 24 32 29 31 6 14 18 27 16 37 20 13 24 32 7 34 16 35 17 27 30 33 0 39 36 15 27 36 38 9
35 40 30 31 12 45 53 26 40 31 3 45 37 35 20 43 20 54 5 23 37 9 19 39 0 6 35 42 36 13 33
30 34 24 25 6 41 49 24 40 25 7 39 31 35 14 39 14 50 5 19 37 6 13 36 6 0 29 36 30 8 29
3 10 17 14 23 17 27 25 39 4 34 10 3 35 21 12 22 22 32 13 38 27 21 15 35 29 0 13 21 29 19
16 3 14 12 30 28 38 37 52 15 42 10 14 48 23 22 25 29 40 25 51 36 24 27 42 36 13 0 13 32 32
24 14 6 8 25 38 48 40 57 21 37 22 24 52 16 32 18 41 35 27 55 32 17 36 36 30 21 13 0 25 38
30 30 19 20 7 43 52 29 46 25 15 38 31 41 9 39 7 50 13 21 44 13 8 38 13 8 29 32 25 0 33
16 29 33 30 26 15 20 9 20 17 30 27 18 16 30 16 31 25 28 13 19 24 30 9 33 29 19 32 38 33 0
0 553
13 123
239 349
71 181
196 306
286 396
228 338
146 256
437 547
209 319
280 390
119 229
12 122
230 340
384 494
261 371
20 130
222 332
372 482
363 473
193 303
29 139
167 277
183 293
115 225
309 419
327 437
143 253
64 174
363 473
362 472
0
51
33
79
29
50
41
59
75
67
88
14
31
31
66
19
85
30
14
48
42
76
63
53
74
61
61
50
41
29
40
