31
975
0 23 27 14 0 24 34 35 42 24 17 33 37 35 19 20 31 43 31 47 7 9 27 24 43 29 28 21 17 43 16
23 0 34 23 23 5 15 14 22 8 17 20 20 22 17 15 19 20 12 27 22 26 34 13 26 6 7 22 23 20 24
27 34 0 41 27 31 35 39 41 28 42 54 54 56 17 20 23 50 33 60 20 36 0 24 35 36 34 47 44 53 43
14 23 41 0 14 26 37 37 45 28 6 23 28 24 29 29 38 40 34 39 21 8 41 31 48 29 30 7 3 37 2
0 23 27 14 0 24 34 35 42 24 17 33 37 35 19 20 31 43 31 47 7 9 27 24 43 29 28 21 17 43 16
24 5 31 26 24 0 11 11 19 3 22 25 25 27 14 11 14 20 8 30 21 29 31 8 22 6 4 27 28 23 28
34 15 35 37 34 11 0 4 8 10 32 31 29 33 19 16 12 16 3 29 30 40 35 12 12 9 8 37 38 21 39
35 14 39 37 35 11 4 0 8 12 31 29 26 30 22 19 16 12 6 25 32 40 39 15 15 8 7 36 37 17 38
42 22 41 45 42 19 8 8 0 18 39 37 34 38 27 24 18 16 11 30 38 48 41 20 10 16 15 44 45 22 46
24 8 28 28 24 3 10 12 18 0 24 28 28 30 11 8 11 22 7 32 20 30 28 5 20 8 6 29 30 25 30
17 17 42 6 17 22 32 31 39 24 0 17 22 19 27 26 34 34 29 33 22 13 42 27 43 23 24 5 6 31 7
33 20 54 23 33 25 31 29 37 28 17 0 5 2 37 34 39 24 29 17 37 30 54 33 43 22 24 16 21 19 22
37 20 54 28 37 25 29 26 34 28 22 5 0 5 37 35 38 20 28 12 40 35 54 33 41 21 23 21 26 14 27
35 22 56 24 35 27 33 30 38 30 19 2 5 0 39 36 41 25 31 17 39 32 56 35 45 24 26 17 22 19 23
19 17 17 29 19 14 19 22 27 11 27 37 37 39 0 3 12 33 16 43 13 28 17 7 25 19 17 32 32 36 31
20 15 20 29 20 11 16 19 24 8 26 34 35 36 3 0 11 30 13 40 14 28 20 4 23 16 14 31 31 33 31
31 19 23 38 31 14 12 16 18 11 34 39 38 41 12 11 0 28 11 41 25 38 23 7 13 17 15 39 40 33 40
43 20 50 40 43 20 16 12 16 22 34 24 20 25 33 30 28 0 18 14 41 46 50 27 26 15 16 37 40 6 41
31 12 33 34 31 8 3 6 11 7 29 29 28 31 16 13 11 18 0 30 27 37 33 9 14 7 5 34 35 22 36
47 27 60 39 47 30 29 25 30 32 33 17 12 17 43 40 41 14 30 0 49 46 60 37 40 24 26 33 38 8 39
7 22 20 21 7 21 30 32 38 20 22 37 40 39 13 14 25 41 27 49 0 16 20 18 37 27 25 27 24 42 23
9 26 36 8 9 29 40 40 48 30 13 30 35 32 28 28 38 46 37 46 16 0 36 31 50 32 33 15 10 44 9
27 34 0 41 27 31 35 39 41 28 42 54 54 56 17 20 23 50 33 60 20 36 0 24 35 36 34 47 44 53 43
24 13 24 31 24 8 12 15 20 5 27 33 33 35 7 4 7 27 9 37 18 31 24 0 19 13 11 32 33 30 33
43 26 35 48 43 22 12 15 10 20 43 43 41 45 25 23 13 26 14 40 37 50 35 19 0 21 19 48 49 32 50
29 6 36 29 29 6 9 8 16 8 23 22 21 24 19 16 17 15 7 24 27 32 36 13 21 0 2 28 29 17 30
28 7 34 30 28 4 8 7 15 6 24 24 23 26 17 14 15 16 5 26 25 33 34 11 19 2 0 29 30 19 31
21 22 47 7 21 27 37 36 44 29 5 16 21 17 32 31 39 37 34 33 27 15 47 32 48 28 29 0 5 33 6
17 23 44 3 17 28 38 37 45 30 6 21 26 22 32 31 40 40 35 38 24 10 44 33 49 29 30 5 0 37 1
43 20 53 37 43 23 21 17 22 25 31 19 14 19 36 33 33 6 22 8 42 44 53 30 32 17 19 33 37 0 38
16 24 43 2 16 28 39 38 46 30 7 22 27 23 31 31 40 41 36 39 23 9 43 33 50 30 31 6 1 38 0
0 447
51 185
242 376
214 348
168 302
51 185
34 168
37 171
84 218
149 283
113 247
125 259
130 264
298 432
20 154
211 345
142 276
300 434
168 302
68 202
289 423
301 435
108 242
305 439
131 265
259 393
162 296
14 148
221 355
118 252
217 351
0
40
33
27
15
79
80
63
34
57
47
46
32
76
72
73
74
67
82
48
42
73
56
33
45
36
53
26
36
16
39
