31
975
0 25 20 4 15 18 29 12 20 12 13 18 30 29 16 29 38 8 25 18 17 10 30 7 23 39 34 23 14 10 25
25 0 16 26 36 8 31 33 9 37 37 38 45 10 19 46 32 33 20 31 38 18 6 20 37 32 35 23 38 19 5
20 16 0 23 34 16 15 31 19 28 31 25 30 13 26 31 19 26 6 16 36 10 22 21 21 20 20 7 33 10 21
4 26 23 0 11 18 33 8 20 11 11 20 32 33 15 31 42 7 29 21 13 13 30 6 26 43 38 27 12 14 25
15 36 34 11 0 28 44 3 29 17 11 27 39 43 20 38 53 13 40 31 2 24 39 16 35 54 49 38 9 25 34
18 8 16 18 28 0 31 25 3 29 29 33 41 17 11 42 35 25 22 27 30 13 12 12 33 36 36 23 30 14 7
29 31 15 33 44 31 0 41 34 32 37 23 20 24 40 22 11 32 11 14 46 22 37 33 14 14 5 8 39 21 36
12 33 31 8 3 25 41 0 27 14 9 24 36 40 19 35 50 10 37 28 5 21 37 13 32 51 46 35 8 22 32
20 9 19 20 29 3 34 27 0 31 31 36 44 18 10 45 38 27 25 30 31 16 10 14 36 38 39 26 32 17 5
12 37 28 11 17 29 32 14 31 0 6 11 23 39 26 22 42 4 32 18 18 19 41 17 20 45 36 28 8 19 36
13 37 31 11 11 29 37 9 31 6 0 17 29 41 26 28 47 5 36 23 12 22 41 17 26 49 41 32 2 21 36
18 38 25 20 27 33 23 24 36 11 17 0 12 38 34 11 34 14 27 10 29 20 44 25 9 37 27 22 19 19 40
30 45 30 32 39 41 20 36 44 23 29 12 0 42 46 2 31 26 29 14 41 28 51 37 9 34 22 24 31 27 48
29 10 13 33 43 17 24 40 18 39 41 38 42 0 28 43 22 36 13 29 45 20 14 27 33 22 28 18 43 20 15
16 19 26 15 20 11 40 19 10 26 26 34 46 28 0 45 45 22 32 32 22 18 20 9 38 46 45 32 26 19 15
29 46 31 31 38 42 22 35 45 22 28 11 2 43 45 0 33 25 30 15 40 29 52 36 10 36 24 25 30 28 49
38 32 19 42 53 35 11 50 38 42 47 34 31 22 45 33 0 42 13 25 55 29 36 40 25 3 10 15 49 28 37
8 33 26 7 13 25 32 10 27 4 5 14 26 36 22 25 42 0 31 19 15 17 37 13 22 44 37 27 7 16 32
25 20 6 29 40 22 11 37 25 32 36 27 29 13 32 30 13 31 0 17 42 16 26 27 20 14 15 5 38 15 25
18 31 16 21 31 27 14 28 30 18 23 10 14 29 32 15 25 19 17 0 33 14 37 23 6 28 18 12 25 13 34
17 38 36 13 2 30 46 5 31 18 12 29 41 45 22 40 55 15 42 33 0 26 41 18 37 56 51 40 10 27 36
10 18 10 13 24 13 22 21 16 19 22 20 28 20 18 29 29 17 16 14 26 0 24 11 20 30 27 14 24 1 20
30 6 22 30 39 12 37 37 10 41 41 44 51 14 20 52 36 37 26 37 41 24 0 24 43 36 41 29 42 25 5
7 20 21 6 16 12 33 13 14 17 17 25 37 27 9 36 40 13 27 23 18 11 24 0 29 41 38 25 18 12 19
23 37 21 26 35 33 14 32 36 20 26 9 9 33 38 10 25 22 20 6 37 20 43 29 0 28 18 15 28 19 40
39 32 20 43 54 36 14 51 38 45 49 37 34 22 46 36 3 44 14 28 56 30 36 41 28 0 13 17 51 29 37
34 35 20 38 49 36 5 46 39 36 41 27 22 28 45 24 10 37 15 18 51 27 41 38 18 13 0 13 43 26 40
23 23 7 27 38 23 8 35 26 28 32 22 24 18 32 25 15 27 5 12 40 14 29 25 15 17 13 0 34 13 28
14 38 33 12 9 30 39 8 32 8 2 19 31 43 26 30 49 7 38 25 10 24 42 18 28 51 43 34 0 23 37
10 19 10 14 25 14 21 22 17 19 21 19 27 20 19 28 28 16 15 13 27 1 25 12 19 29 26 13 23 0 21
25 5 21 25 34 7 36 32 5 36 36 40 48 15 15 49 37 32 25 34 36 20 5 19 40 37 40 28 37 21 0
0 425
274 401
111 238
44 171
197 324
14 141
110 237
169 296
103 230
208 335
71 198
153 280
220 347
89 216
122 249
241 368
292 419
32 159
193 320
120 247
66 193
288 415
85 212
9 136
267 394
149 276
206 333
207 334
30 157
228 355
219 346
0
42
37
54
79
71
39
42
28
45
70
18
66
51
60
32
31
76
58
73
40
49
63
53
71
63
76
12
43
34
24
