31
976
0 16 15 14 17 29 14 20 13 32 29 27 10 18 14 6 26 30 3 22 11 20 15 5 19 13 17 15 23 27 15
16 0 31 10 17 31 30 6 4 38 30 41 23 31 30 18 38 41 17 6 25 32 29 16 30 29 18 29 37 41 22
15 31 0 28 26 34 1 35 28 30 34 14 10 10 6 14 23 25 16 37 8 15 7 18 17 3 25 5 18 12 20
14 10 28 0 24 38 27 16 6 43 37 41 24 32 25 19 29 43 12 16 25 33 29 10 32 25 25 29 29 40 26
17 17 26 24 0 14 25 14 18 21 13 32 16 22 29 13 43 25 20 18 18 19 22 22 16 26 1 22 40 34 7
29 31 34 38 14 0 33 28 32 11 2 33 24 24 38 23 54 19 32 32 26 20 27 34 17 34 13 29 50 36 14
14 30 1 27 25 33 0 34 27 29 33 15 9 10 6 13 23 25 15 36 7 14 6 17 16 2 24 5 18 13 19
20 6 35 16 14 28 34 0 10 35 26 44 26 34 34 21 43 39 22 4 28 33 32 21 30 33 15 32 42 44 21
13 4 28 6 18 32 27 10 0 39 31 40 22 30 26 17 34 40 13 10 24 31 28 12 29 26 19 28 33 40 22
32 38 30 43 21 11 29 35 39 0 13 25 23 20 35 26 52 8 35 39 24 15 23 37 14 31 20 25 47 29 17
29 30 34 37 13 2 33 26 31 13 0 35 24 26 38 24 55 21 32 30 26 22 28 34 19 34 13 30 50 38 15
27 41 14 41 32 33 15 44 40 25 35 0 18 10 20 23 36 17 29 47 16 13 12 31 16 17 31 12 31 4 25
10 23 10 24 16 24 9 26 22 23 24 18 0 8 14 5 31 20 13 29 2 10 6 15 9 10 15 6 26 18 10
18 31 10 32 22 24 10 34 30 20 26 10 8 0 16 13 33 15 20 37 7 5 4 22 7 12 21 5 28 12 15
14 30 6 25 29 38 6 34 26 35 38 20 14 16 0 16 17 31 13 36 12 20 12 15 22 4 29 11 12 18 24
6 18 14 19 13 23 13 21 17 26 24 23 5 13 16 0 31 24 9 24 7 14 11 11 13 13 13 11 27 23 9
26 38 23 29 43 54 23 43 34 52 55 36 31 33 17 31 0 48 23 44 29 37 29 22 39 21 43 28 5 32 40
30 41 25 43 25 19 25 39 40 8 21 17 20 15 31 24 48 0 33 43 21 11 19 35 11 27 24 20 43 21 19
3 17 16 12 20 32 15 22 13 35 32 29 13 20 13 9 23 33 0 23 13 23 17 2 22 13 20 17 21 28 18
22 6 37 16 18 32 36 4 10 39 30 47 29 37 36 24 44 43 23 0 31 37 35 22 34 35 19 35 43 47 25
11 25 8 25 18 26 7 28 24 24 26 16 2 7 12 7 29 21 13 31 0 10 4 15 10 8 17 4 24 16 12
20 32 15 33 19 20 14 33 31 15 22 13 10 5 20 14 37 11 23 37 10 0 8 25 3 16 18 10 32 16 12
15 29 7 29 22 27 6 32 28 23 28 12 6 4 12 11 29 19 17 35 4 8 0 19 10 8 21 2 24 13 15
5 16 18 10 22 34 17 21 12 37 34 31 15 22 15 11 22 35 2 22 15 25 19 0 24 15 22 19 21 30 20
19 30 17 32 16 17 16 30 29 14 19 16 9 7 22 13 39 11 22 34 10 3 10 24 0 18 15 12 34 19 9
13 29 3 25 26 34 2 33 26 31 34 17 10 12 4 13 21 27 13 35 8 16 8 15 18 0 25 7 16 15 20
17 18 25 25 1 13 24 15 19 20 13 31 15 21 29 13 43 24 20 19 17 18 21 22 15 25 0 21 40 33 6
15 29 5 29 22 29 5 32 28 25 30 12 6 5 11 11 28 20 17 35 4 10 2 19 12 7 21 0 23 12 16
23 37 18 29 40 50 18 42 33 47 50 31 26 28 12 27 5 43 21 43 24 32 24 21 34 16 40 23 0 27 36
27 41 12 40 34 36 13 44 40 29 38 4 18 12 18 23 32 21 28 47 16 16 13 30 19 15 33 12 27 0 27
15 22 20 26 7 14 19 21 22 17 15 25 10 15 24 9 40 19 18 25 12 12 15 20 9 20 6 16 36 27 0
0 447
182 182
114 114
229 229
349 349
166 166
145 145
367 367
126 126
97 97
164 164
442 442
271 271
41 41
161 161
295 295
32 32
206 206
47 47
323 323
106 106
66 66
299 299
424 424
157 157
389 389
11 11
259 259
421 421
113 113
94 94
0
65
30
62
48
46
32
79
40
69
59
35
45
16
45
16
68
39
21
61
63
40
47
80
71
66
62
17
86
56
37
