31
977
0 17 17 15 31 30 28 15 31 38 25 28 6 10 29 8 13 12 9 6 15 10 28 26 23 26 10 9 48 28 7
17 0 10 31 18 35 14 31 14 25 20 22 23 12 28 10 30 19 21 14 16 21 26 31 22 17 17 19 35 16 10
17 10 0 26 14 26 24 26 21 21 10 13 22 7 18 14 29 12 25 18 23 25 16 22 12 9 22 23 31 26 12
15 31 26 0 40 25 43 0 45 47 29 32 9 19 29 23 8 14 19 21 30 21 30 21 25 33 24 22 53 43 22
31 18 14 40 0 29 28 40 19 7 12 10 36 21 18 27 43 26 38 31 34 38 16 28 17 7 35 36 17 30 26
30 35 26 25 29 0 49 25 46 35 19 19 30 25 11 34 33 18 39 36 44 40 13 4 14 24 40 39 39 51 32
28 14 24 43 28 49 0 43 12 33 34 35 34 26 42 20 41 33 28 23 17 26 40 45 36 30 22 24 43 2 21
15 31 26 0 40 25 43 0 45 47 29 32 9 19 29 23 8 14 19 21 30 21 30 21 25 33 24 22 53 43 22
31 14 21 45 19 46 12 45 0 22 27 27 37 26 35 24 44 33 35 28 26 34 33 43 32 22 30 32 32 14 24
38 25 21 47 7 35 33 47 22 0 18 16 43 28 24 34 50 33 45 38 41 45 22 34 23 14 42 43 10 35 33
25 20 10 29 12 19 34 29 27 18 0 3 29 15 8 24 34 15 33 28 33 34 6 16 5 5 32 33 24 35 22
28 22 13 32 10 19 35 32 27 16 3 0 32 18 8 27 37 18 36 31 36 37 6 18 8 5 35 36 21 37 25
6 23 22 9 36 30 34 9 37 43 29 32 0 15 31 14 7 14 10 12 21 12 31 26 26 31 15 13 53 34 13
10 12 7 19 21 25 26 19 26 28 15 18 15 0 20 9 22 7 18 13 19 19 19 21 14 16 17 18 38 27 7
29 28 18 29 18 11 42 29 35 24 8 8 31 20 0 29 35 17 38 33 39 39 2 10 6 13 37 38 28 43 27
8 10 14 23 27 34 20 23 24 34 24 27 14 9 29 0 21 16 11 4 10 11 28 30 23 23 8 9 44 20 2
13 30 29 8 43 33 41 8 44 50 34 37 7 22 35 21 0 19 14 19 26 16 36 29 31 38 20 18 58 41 20
12 19 12 14 26 18 33 14 33 33 15 18 14 7 17 16 19 0 21 18 26 22 17 14 12 19 22 21 39 34 14
9 21 25 19 38 39 28 19 35 45 33 36 10 18 38 11 14 21 0 7 12 2 37 35 32 34 6 4 55 28 13
6 14 18 21 31 36 23 21 28 38 28 31 12 13 33 4 19 18 7 0 9 7 32 32 27 27 4 5 48 23 6
15 16 23 30 34 44 17 30 26 41 33 36 21 19 39 10 26 26 12 9 0 10 38 40 33 32 6 8 51 16 12
10 21 25 21 38 40 26 21 34 45 34 37 12 19 39 11 16 22 2 7 10 0 38 36 33 34 4 2 55 26 13
28 26 16 30 16 13 40 30 33 22 6 6 31 19 2 28 36 17 37 32 38 38 0 12 5 11 36 37 26 41 26
26 31 22 21 28 4 45 21 43 34 16 18 26 21 10 30 29 14 35 32 40 36 12 0 11 21 36 35 38 47 28
23 22 12 25 17 14 36 25 32 23 5 8 26 14 6 23 31 12 32 27 33 33 5 11 0 10 31 32 29 38 21
26 17 9 33 7 24 30 33 22 14 5 5 31 16 13 23 38 19 34 27 32 34 11 21 10 0 31 32 22 32 21
10 17 22 24 35 40 22 24 30 42 32 35 15 17 37 8 20 22 6 4 6 4 36 36 31 31 0 2 52 22 10
9 19 23 22 36 39 24 22 32 43 33 36 13 18 38 9 18 21 4 5 8 2 37 35 32 32 2 0 53 24 11
48 35 31 53 17 39 43 53 32 10 24 21 53 38 28 44 58 39 55 48 51 55 26 38 29 22 52 53 0 45 43
28 16 26 43 30 51 2 43 14 35 35 37 34 27 43 20 41 34 28 23 16 26 41 47 38 32 22 24 45 0 22
7 10 12 22 26 32 21 22 24 33 22 25 13 7 27 2 20 14 13 6 12 13 26 28 21 21 10 11 43 22 0
0 596
88 266
337 515
250 428
157 335
329 507
284 462
386 564
385 563
204 382
14 192
212 390
178 356
195 373
127 305
171 349
274 452
233 411
174 352
22 200
33 211
270 448
287 465
37 215
56 234
67 245
39 217
207 385
379 557
292 470
51 229
0
49
27
38
36
62
55
46
35
38
66
44
21
40
44
71
22
61
64
74
14
55
68
50
59
62
79
51
68
33
71
