31
975
0 8 30 9 29 13 18 18 38 15 18 15 33 23 43 43 10 21 26 31 21 37 24 19 15 9 35 18 18 39 36
8 0 29 17 28 12 25 26 37 7 25 19 33 27 50 50 17 15 34 29 15 37 28 19 22 17 34 26 26 46 40
30 29 0 39 1 17 27 37 9 29 27 19 9 17 40 39 26 15 48 2 15 12 19 13 27 33 5 38 36 40 21
9 17 39 0 38 22 20 15 45 24 20 21 40 28 45 45 14 30 18 40 30 44 28 26 17 7 44 14 15 41 41
29 28 1 38 0 16 26 36 10 28 26 18 8 16 39 38 25 14 47 3 14 12 18 12 26 32 6 37 35 39 20
13 12 17 22 16 0 18 25 25 16 18 9 21 16 42 41 13 9 36 18 9 25 18 7 17 19 22 26 24 39 28
18 25 27 20 26 18 0 11 28 32 0 9 23 10 25 25 8 27 22 29 27 26 8 15 3 13 31 12 10 21 21
18 26 37 15 36 25 11 0 39 33 11 18 34 21 32 33 12 34 11 39 34 37 19 24 10 9 42 1 1 28 32
38 37 9 45 10 25 28 39 0 38 28 24 5 18 33 32 31 24 50 11 24 3 20 19 29 38 7 40 38 34 14
15 7 29 24 28 16 32 33 38 0 32 24 36 32 57 56 24 14 41 28 14 40 33 23 29 24 34 33 33 53 44
18 25 27 20 26 18 0 11 28 32 0 9 23 10 25 25 8 27 22 29 27 26 8 15 3 13 31 12 10 21 21
15 19 19 21 18 9 9 18 24 24 9 0 19 8 33 32 7 18 29 21 18 23 9 6 8 14 24 19 17 30 21
33 33 9 40 8 21 23 34 5 36 23 19 0 13 31 30 26 22 45 11 22 4 15 14 24 33 9 35 33 31 12
23 27 17 28 16 16 10 21 18 32 10 8 13 0 26 25 14 23 32 19 23 16 2 9 11 21 21 22 20 24 13
43 50 40 45 39 42 25 32 33 57 25 33 31 26 0 1 33 49 40 42 49 30 24 35 28 38 40 33 31 4 19
43 50 39 45 38 41 25 33 32 56 25 32 30 25 1 0 33 48 41 41 48 29 24 34 28 38 39 34 32 5 18
10 17 26 14 25 13 8 12 31 24 8 7 26 14 33 33 0 22 23 28 22 30 14 13 5 7 31 13 11 29 27
21 15 15 30 14 9 27 34 24 14 27 18 22 23 49 48 22 0 45 14 0 26 25 14 26 28 20 35 33 47 33
26 34 48 18 47 36 22 11 50 41 22 29 45 32 40 41 23 45 0 50 45 48 30 35 21 17 53 10 12 36 43
31 29 2 40 3 18 29 39 11 28 29 21 11 19 42 41 28 14 50 0 14 14 21 15 29 35 6 40 38 42 23
21 15 15 30 14 9 27 34 24 14 27 18 22 23 49 48 22 0 45 14 0 26 25 14 26 28 20 35 33 47 33
37 37 12 44 12 25 26 37 3 40 26 23 4 16 30 29 30 26 48 14 26 0 18 18 27 37 10 38 36 31 11
24 28 19 28 18 18 8 19 20 33 8 9 15 2 24 24 14 25 30 21 25 18 0 11 11 21 23 20 18 22 13
19 19 13 26 12 7 15 24 19 23 15 6 14 9 35 34 13 14 35 15 14 18 11 0 14 20 18 25 23 33 21
15 22 27 17 26 17 3 10 29 29 3 8 24 11 28 28 5 26 21 29 26 27 11 14 0 10 32 11 9 24 24
9 17 33 7 32 19 13 9 38 24 13 14 33 21 38 38 7 28 17 35 28 37 21 20 10 0 38 9 9 34 34
35 34 5 44 6 22 31 42 7 34 31 24 9 21 40 39 31 20 53 6 20 10 23 18 32 38 0 43 41 40 21
18 26 38 14 37 26 12 1 40 33 12 19 35 22 33 34 13 35 10 40 35 38 20 25 11 9 43 0 2 29 33
18 26 36 15 35 24 10 1 38 33 10 17 33 20 31 32 11 33 12 38 33 36 18 23 9 9 41 2 0 27 31
39 46 40 41 39 39 21 28 34 53 21 30 31 24 4 5 29 47 36 42 47 31 22 33 24 34 40 29 27 0 20
36 40 21 41 20 28 21 32 14 44 21 21 12 13 19 18 27 33 43 23 33 11 13 21 24 34 21 33 31 20 0
0 234
65 158
84 177
1 94
70 163
30 123
15 108
130 223
27 120
109 202
104 197
48 141
95 188
126 219
67 160
75 168
82 175
9 102
34 127
85 178
139 232
40 133
66 159
52 145
18 111
34 127
81 174
128 221
71 164
4 97
10 103
0
16
42
67
61
74
26
63
59
67
43
69
52
44
18
43
58
28
49
45
43
59
67
37
39
66
77
57
47
43
40
