31
974
0 35 31 21 7 41 24 28 7 25 25 23 18 13 17 12 30 7 26 14 26 15 25 27 24 25 6 14 28 21 33
35 0 4 32 41 11 27 18 29 57 12 18 53 39 44 23 15 39 39 45 27 39 26 27 12 44 33 27 24 17 23
31 4 0 30 37 13 23 17 25 53 8 16 49 35 40 19 12 35 35 41 23 35 22 25 8 40 29 23 20 15 23
21 32 30 0 21 43 38 17 15 29 30 14 31 34 16 23 37 28 44 18 39 11 38 9 22 45 15 8 40 15 17
7 41 37 21 0 48 30 32 12 18 32 27 13 17 12 19 37 10 31 8 32 12 31 29 29 29 8 16 35 26 35
41 11 13 43 48 0 26 29 37 65 16 29 59 43 53 29 13 45 38 53 25 48 25 38 21 43 41 36 21 28 34
24 27 23 38 30 26 0 35 24 48 15 30 40 17 41 15 14 23 12 38 2 37 1 39 23 17 27 30 5 28 41
28 18 17 17 32 29 35 0 21 44 21 5 45 38 31 23 28 35 45 33 35 26 35 9 12 48 24 16 33 7 6
7 29 25 15 12 37 24 21 0 28 21 16 25 19 18 9 27 14 29 16 25 14 24 20 17 30 4 7 26 14 26
25 57 53 29 18 65 48 44 28 0 49 40 11 33 13 37 55 26 47 12 50 18 49 38 45 44 24 30 53 40 46
25 12 8 30 32 16 15 21 21 49 0 18 43 28 39 13 7 29 27 37 15 34 14 27 9 32 25 23 12 16 27
23 18 16 14 27 29 30 5 16 40 18 0 40 33 27 18 25 30 40 29 31 22 30 9 9 43 19 11 30 2 11
18 53 49 31 13 59 40 45 25 11 43 40 0 23 17 30 48 17 37 13 42 20 41 40 42 34 21 29 45 39 48
13 39 35 34 17 43 17 38 19 33 28 33 23 0 29 16 30 7 14 25 19 28 18 39 29 12 19 26 22 31 44
17 44 40 16 12 53 41 31 18 13 39 27 17 29 0 27 45 22 43 4 43 5 42 25 32 41 14 17 44 27 33
12 23 19 23 19 29 15 23 9 37 13 18 30 16 27 0 18 16 22 25 16 23 15 26 13 25 13 15 17 16 29
30 15 12 37 37 13 14 28 27 55 7 25 48 30 45 18 0 33 26 43 12 41 13 34 16 31 31 30 9 23 34
7 39 35 28 10 45 23 35 14 26 29 30 17 7 22 16 33 0 21 18 25 21 24 34 29 19 13 21 28 28 40
26 39 35 44 31 38 12 45 29 47 27 40 37 14 43 22 26 21 0 39 14 41 13 48 34 5 31 36 17 38 51
14 45 41 18 8 53 38 33 16 12 37 29 13 25 4 25 43 18 39 0 40 7 39 27 33 37 12 18 42 28 35
26 27 23 39 32 25 2 35 25 50 15 31 42 19 43 16 12 25 14 40 0 39 1 40 23 19 29 31 4 29 41
15 39 35 11 12 48 37 26 14 18 34 22 20 28 5 23 41 21 41 7 39 0 38 20 27 40 10 12 40 22 28
25 26 22 38 31 25 1 35 24 49 14 30 41 18 42 15 13 24 13 39 1 38 0 39 23 18 28 30 4 28 41
27 27 25 9 29 38 39 9 20 38 27 9 40 39 25 26 34 34 48 27 40 20 39 0 18 50 22 13 39 11 8
24 12 8 22 29 21 23 12 17 45 9 9 42 29 32 13 16 29 34 33 23 27 23 18 0 38 21 15 21 7 18
25 44 40 45 29 43 17 48 30 44 32 43 34 12 41 25 31 19 5 37 19 40 18 50 38 0 31 37 22 41 54
6 33 29 15 8 41 27 24 4 24 25 19 21 19 14 13 31 13 31 12 29 10 28 22 21 31 0 9 30 18 28
14 27 23 8 16 36 30 16 7 30 23 11 29 26 17 15 30 21 36 18 31 12 30 13 15 37 9 0 32 10 19
28 24 20 40 35 21 5 33 26 53 12 30 45 22 44 17 9 28 17 42 4 40 4 39 21 22 30 32 0 28 39
21 17 15 15 26 28 28 7 14 40 16 2 39 31 27 16 23 28 38 28 29 22 28 11 7 41 18 10 28 0 13
33 23 23 17 35 34 41 6 26 46 27 11 48 44 33 29 34 40 51 35 41 28 41 8 18 54 28 19 39 13 0
0 489
50 98
140 188
170 218
98 146
295 343
343 391
147 195
179 227
332 380
180 228
125 173
170 218
247 295
88 136
297 345
320 368
273 321
74 122
131 179
269 317
89 137
60 108
302 350
92 140
166 214
170 218
323 371
315 363
271 319
189 237
0
32
56
61
47
17
38
38
13
69
83
61
73
43
37
52
33
61
36
75
60
17
46
79
75
42
53
43
50
39
69
