31
975
0 43 47 43 35 49 28 42 36 38 21 47 40 23 22 33 4 33 19 10 48 44 4 28 16 41 25 28 31 40 26
43 0 21 16 18 19 22 14 26 21 35 19 30 37 22 23 46 31 37 42 22 18 47 15 27 32 19 29 26 11 26
47 21 0 5 12 5 19 35 12 41 29 3 12 30 25 14 48 18 31 41 1 3 49 22 33 14 24 45 16 32 21
43 16 5 0 8 6 15 30 12 36 28 4 14 29 21 12 44 18 30 38 6 2 45 17 29 16 19 40 15 27 18
35 18 12 8 0 14 7 28 9 33 20 12 13 22 13 5 36 13 22 30 13 9 37 11 21 15 12 34 8 25 10
49 19 5 6 14 0 21 33 16 40 33 2 17 34 27 17 50 22 35 44 4 5 51 23 35 19 25 46 20 30 24
28 22 19 15 7 21 0 30 10 32 13 19 15 15 8 6 29 12 15 23 20 16 30 10 16 17 8 32 7 27 4
42 14 35 30 28 33 30 0 37 8 42 33 41 44 27 33 46 41 43 45 36 32 46 20 27 43 24 18 36 3 34
36 26 12 12 9 16 10 37 0 41 18 14 5 18 18 4 37 6 20 30 13 12 38 19 26 7 17 41 5 34 10
38 21 41 36 33 40 32 8 41 0 42 40 46 44 27 37 42 44 42 42 42 38 42 22 24 48 25 11 39 10 35
21 35 29 28 20 33 13 42 18 42 0 31 21 2 15 16 20 13 2 12 30 28 21 22 19 21 18 38 13 39 10
47 19 3 4 12 2 19 33 14 40 31 0 15 32 25 15 48 20 33 42 3 3 49 21 33 17 23 44 18 30 22
40 30 12 14 13 17 15 41 5 46 21 15 0 20 23 9 41 8 23 33 13 13 42 24 30 2 22 46 9 38 14
23 37 30 29 22 34 15 44 18 44 2 32 20 0 17 17 21 12 4 13 31 29 22 24 21 20 20 40 14 41 12
22 22 25 21 13 27 8 27 18 27 15 25 23 17 0 14 24 18 16 20 26 22 25 7 8 24 3 24 14 24 9
33 23 14 12 5 17 6 33 4 37 16 15 9 17 14 0 34 8 18 27 15 12 35 15 22 11 13 37 3 30 7
4 46 48 44 36 50 29 46 37 42 20 48 41 21 24 34 0 33 18 8 49 45 1 31 20 41 27 32 32 44 27
33 31 18 18 13 22 12 41 6 44 13 20 8 12 18 8 33 0 15 25 19 18 34 22 25 8 19 42 5 38 9
19 37 31 30 22 35 15 43 20 42 2 33 23 4 16 18 18 15 0 10 32 30 19 23 18 23 19 37 15 40 12
10 42 41 38 30 44 23 45 30 42 12 42 33 13 20 27 8 25 10 0 42 39 9 27 18 33 23 35 25 43 20
48 22 1 6 13 4 20 36 13 42 30 3 13 31 26 15 49 19 32 42 0 4 50 23 34 15 25 46 17 33 22
44 18 3 2 9 5 16 32 12 38 28 3 13 29 22 12 45 18 30 39 4 0 46 19 30 15 21 42 15 29 19
4 47 49 45 37 51 30 46 38 42 21 49 42 22 25 35 1 34 19 9 50 46 0 32 20 42 28 32 33 44 28
28 15 22 17 11 23 10 20 19 22 22 21 24 24 7 15 31 22 23 27 23 19 32 0 12 26 4 23 17 17 14
16 27 33 29 21 35 16 27 26 24 19 33 30 21 8 22 20 25 18 18 34 30 20 12 0 31 10 19 21 25 16
41 32 14 16 15 19 17 43 7 48 21 17 2 20 24 11 41 8 23 33 15 15 42 26 31 0 24 48 10 40 15
25 19 24 19 12 25 8 24 17 25 18 23 22 20 3 13 27 19 19 23 25 21 28 4 10 24 0 24 15 21 10
28 29 45 40 34 46 32 18 41 11 38 44 46 40 24 37 32 42 37 35 46 42 32 23 19 48 24 0 38 19 33
31 26 16 15 8 20 7 36 5 39 13 18 9 14 14 3 32 5 15 25 17 15 33 17 21 10 15 38 0 33 5
40 11 32 27 25 30 27 3 34 10 39 30 38 41 24 30 44 38 40 43 33 29 44 17 25 40 21 19 33 0 31
26 26 21 18 10 24 4 34 10 35 10 22 14 12 9 7 27 9 12 20 22 19 28 14 16 15 10 33 5 31 0
0 511
333 333
329 329
129 129
58 58
506 506
259 259
133 133
500 500
381 381
331 331
386 386
434 434
239 239
502 502
253 253
461 461
136 136
73 73
118 118
41 41
261 261
159 159
506 506
331 331
91 91
58 58
67 67
262 262
186 186
496 496
0
81
79
35
16
40
26
57
37
36
73
63
39
34
77
39
29
44
48
79
48
51
41
87
39
87
47
11
63
39
55
