31
975
0 8 36 32 1 25 34 36 27 14 38 39 42 34 34 4 39 33 12 19 40 14 17 37 8 27 18 32 41 22 3
8 0 33 28 9 19 28 28 24 12 30 36 34 34 26 12 31 25 4 12 36 7 18 33 16 24 11 32 38 15 10
36 33 0 11 36 20 16 37 9 22 27 3 28 6 33 37 32 39 34 43 13 36 19 9 34 9 42 7 5 46 38
32 28 11 0 32 10 5 26 8 18 16 12 17 16 22 34 21 28 27 35 8 28 19 5 34 8 34 16 14 36 34
1 9 36 32 0 26 35 37 27 14 38 39 42 34 35 3 40 34 13 20 40 15 17 37 7 27 19 32 41 23 2
25 19 20 10 26 0 9 19 13 13 14 22 17 24 15 28 17 19 17 25 17 18 18 15 29 13 24 22 24 26 28
34 28 16 5 35 9 0 22 13 21 11 17 12 21 18 37 16 24 26 34 8 27 24 8 37 13 33 21 19 35 37
36 28 37 26 37 19 22 0 32 30 12 38 14 42 4 40 7 4 25 23 30 22 36 30 44 32 24 41 40 21 38
27 24 9 8 27 13 13 32 0 13 24 12 25 11 28 29 29 32 25 34 16 27 11 12 26 0 33 9 14 37 29
14 12 22 18 14 13 21 30 13 0 27 25 30 22 26 16 30 29 13 23 26 16 7 23 16 13 22 20 27 26 16
38 30 27 16 38 14 11 12 24 27 0 28 4 32 8 41 5 14 27 31 18 27 32 19 43 24 31 32 30 30 40
39 36 3 12 39 22 17 38 12 25 28 0 28 8 34 40 33 40 37 46 12 39 22 9 37 12 45 10 2 48 41
42 34 28 17 42 17 12 14 25 30 4 28 0 33 12 45 7 18 31 35 17 31 35 19 46 25 35 33 30 34 44
34 34 6 16 34 24 21 42 11 22 32 8 33 0 38 35 37 43 35 45 19 38 17 15 32 11 44 2 9 48 36
34 26 33 22 35 15 18 4 28 26 8 34 12 38 0 38 5 6 23 23 26 21 32 26 41 28 24 37 36 23 36
4 12 37 34 3 28 37 40 29 16 41 40 45 35 38 0 43 37 16 23 42 18 18 39 5 29 22 33 42 26 2
39 31 32 21 40 17 16 7 29 30 5 33 7 37 5 43 0 11 28 28 23 26 35 24 46 29 29 37 35 28 41
33 25 39 28 34 19 24 4 32 29 14 40 18 43 6 37 11 0 21 19 32 19 35 32 41 32 20 41 42 17 35
12 4 34 27 13 17 26 25 25 13 27 37 31 35 23 16 28 21 0 10 34 3 20 32 20 25 9 33 39 13 14
19 12 43 35 20 25 34 23 34 23 31 46 35 45 23 23 28 19 10 0 42 7 30 40 27 34 1 43 48 3 21
40 36 13 8 40 17 8 30 16 26 18 12 17 19 26 42 23 32 34 42 0 35 27 4 42 16 41 20 13 43 42
14 7 36 28 15 18 27 22 27 16 27 39 31 38 21 18 26 19 3 7 35 0 23 33 22 27 6 36 41 10 17
17 18 19 19 17 18 24 36 11 7 32 22 35 17 32 18 35 35 20 30 27 23 0 23 15 11 29 15 24 33 19
37 33 9 5 37 15 8 30 12 23 19 9 19 15 26 39 24 32 32 40 4 33 23 0 38 12 39 16 11 41 39
8 16 34 34 7 29 37 44 26 16 43 37 46 32 41 5 46 41 20 27 42 22 15 38 0 26 26 30 39 30 7
27 24 9 8 27 13 13 32 0 13 24 12 25 11 28 29 29 32 25 34 16 27 11 12 26 0 33 9 14 37 29
18 11 42 34 19 24 33 24 33 22 31 45 35 44 24 22 29 20 9 1 41 6 29 39 26 33 0 42 47 4 20
32 32 7 16 32 22 21 41 9 20 32 10 33 2 37 33 37 41 33 43 20 36 15 16 30 9 42 0 11 46 34
41 38 5 14 41 24 19 40 14 27 30 2 30 9 36 42 35 42 39 48 13 41 24 11 39 14 47 11 0 50 43
22 15 46 36 23 26 35 21 37 26 30 48 34 48 23 26 28 17 13 3 43 10 33 41 30 37 4 46 50 0 24
3 10 38 34 2 28 37 38 29 16 40 41 44 36 36 2 41 35 14 21 42 17 19 39 7 29 20 34 43 24 0
0 638
109 364
259 514
94 349
153 408
40 295
145 400
34 289
149 404
363 618
12 267
150 405
325 580
197 452
281 536
35 290
11 266
114 369
260 515
99 354
38 293
264 519
7 262
128 383
275 530
67 322
42 297
63 318
64 319
184 439
139 394
0
70
83
77
25
50
72
45
51
49
45
58
45
69
37
51
64
46
26
36
25
78
39
41
48
36
43
57
63
39
32
