31
975
0 27 29 41 29 33 35 9 15 24 23 22 23 18 48 34 31 46 23 34 47 39 42 10 48 13 15 30 41 14 3
27 0 27 14 11 13 8 28 24 29 11 25 4 28 21 21 10 25 4 17 20 12 15 30 21 32 13 13 31 13 27
29 27 0 33 17 39 33 37 38 46 16 42 23 42 45 46 36 52 23 17 40 31 40 39 43 42 18 38 56 20 27
41 14 33 0 16 21 9 42 38 42 20 38 18 42 13 30 19 27 18 16 8 2 12 44 11 46 27 22 39 27 41
29 11 17 16 0 24 16 33 31 38 6 34 10 35 28 32 21 36 10 6 23 14 23 35 26 38 14 24 42 16 29
33 13 39 21 24 0 12 29 22 23 23 19 16 24 18 9 3 13 16 30 21 19 12 30 19 30 25 3 18 24 35
35 8 33 9 16 12 0 35 30 33 17 29 12 34 13 21 10 20 12 19 12 7 7 37 13 38 21 13 30 21 35
9 28 37 42 33 29 35 0 7 15 27 14 24 9 46 27 28 41 24 38 47 40 40 2 47 5 19 26 33 17 12
15 24 38 38 31 22 30 7 0 10 27 7 21 4 39 20 21 34 21 37 42 36 33 8 40 8 20 19 26 18 18
24 29 46 42 38 23 33 15 10 0 34 4 28 6 41 16 23 30 28 44 44 40 35 15 42 13 28 20 19 26 27
23 11 16 20 6 23 17 27 27 34 0 30 7 31 30 30 20 36 7 11 27 18 24 29 30 32 8 22 40 10 23
22 25 42 38 34 19 29 14 7 4 30 0 24 6 37 14 19 28 24 40 40 36 31 15 38 13 24 16 19 22 25
23 4 23 18 10 16 12 24 21 28 7 24 0 25 25 23 13 29 0 16 24 16 19 26 25 29 9 15 33 9 23
18 28 42 42 35 24 34 9 4 6 31 6 25 0 42 20 24 34 25 41 45 40 36 9 43 7 24 21 25 22 21
48 21 45 13 28 18 13 46 39 41 30 37 25 42 0 26 18 16 25 29 6 14 6 47 3 47 34 21 32 34 48
34 21 46 30 32 9 21 27 20 16 30 14 23 20 26 0 11 14 23 38 30 28 21 28 28 27 30 8 10 28 36
31 10 36 19 21 3 10 28 21 23 20 19 13 24 18 11 0 16 13 27 21 17 12 29 19 29 22 3 21 21 33
46 25 52 27 36 13 20 41 34 30 36 28 29 34 16 14 16 0 29 39 22 26 15 42 19 41 38 16 16 37 48
23 4 23 18 10 16 12 24 21 28 7 24 0 25 25 23 13 29 0 16 24 16 19 26 25 29 9 15 33 9 23
34 17 17 16 6 30 19 38 37 44 11 40 16 41 29 38 27 39 16 0 24 15 26 40 27 43 19 30 48 21 34
47 20 40 8 23 21 12 47 42 44 27 40 24 45 6 30 21 22 24 24 0 9 9 49 3 50 33 24 37 33 47
39 12 31 2 14 19 7 40 36 40 18 36 16 40 14 28 17 26 16 15 9 0 11 42 12 44 25 20 37 25 39
42 15 40 12 23 12 7 40 33 35 24 31 19 36 6 21 12 15 19 26 9 11 0 41 7 41 28 15 28 28 42
10 30 39 44 35 30 37 2 8 15 29 15 26 9 47 28 29 42 26 40 49 42 41 0 48 3 21 27 34 19 13
48 21 43 11 26 19 13 47 40 42 30 38 25 43 3 28 19 19 25 27 3 12 7 48 0 48 34 22 34 34 48
13 32 42 46 38 30 38 5 8 13 32 13 29 7 47 27 29 41 29 43 50 44 41 3 48 0 24 27 32 22 16
15 13 18 27 14 25 21 19 20 28 8 24 9 24 34 30 22 38 9 19 33 25 28 21 34 24 0 22 39 2 15
30 13 38 22 24 3 13 26 19 20 22 16 15 21 21 8 3 16 15 30 24 20 15 27 22 27 22 0 18 21 32
41 31 56 39 42 18 30 33 26 19 40 19 33 25 32 10 21 16 33 48 37 37 28 34 34 32 39 18 0 37 44
14 13 20 27 16 24 21 17 18 26 10 22 9 22 34 28 21 37 9 21 33 25 28 19 34 22 2 21 37 0 14
3 27 27 41 29 35 35 12 18 27 23 25 23 21 48 36 33 48 23 34 47 39 42 13 48 16 15 32 44 14 0
0 575
339 511
132 304
28 200
108 280
333 505
353 525
244 416
140 312
386 558
374 546
132 304
81 253
243 415
402 574
156 328
235 407
336 508
134 306
318 490
79 251
328 500
108 280
159 331
311 483
377 549
388 560
191 363
123 295
86 258
378 550
0
54
41
61
41
20
31
72
73
56
32
13
64
50
69
61
67
57
37
40
58
58
34
23
51
67
75
79
33
45
38
