31
977
0 45 51 45 19 38 40 28 36 61 40 34 39 55 38 58 41 28 14 56 37 4 40 34 44 6 19 15 22 29 46
45 0 25 1 32 44 38 29 16 27 35 19 34 22 31 26 32 24 33 22 8 42 8 18 39 40 41 32 30 37 17
51 25 0 26 33 28 21 24 39 10 18 18 19 6 16 7 14 23 37 7 26 49 32 18 20 45 38 45 30 30 42
45 1 26 0 32 45 39 30 15 28 36 20 35 23 32 27 33 25 33 23 8 42 7 19 40 40 41 32 30 38 16
19 32 33 32 0 22 22 9 30 43 21 16 20 37 19 40 22 10 6 38 24 18 30 16 25 13 9 18 3 12 40
38 44 28 45 22 0 7 16 49 38 10 25 11 34 14 35 14 22 28 35 39 38 46 26 12 32 19 40 21 10 57
40 38 21 39 22 7 0 13 46 31 3 19 4 27 7 28 7 19 28 28 33 40 41 20 5 34 21 40 20 11 52
28 29 24 30 9 16 13 0 33 34 12 10 11 29 10 31 13 6 15 30 23 27 30 11 16 22 14 27 7 8 41
36 16 39 15 30 49 46 33 0 43 43 27 42 38 39 42 42 27 28 38 13 32 8 26 47 33 39 21 30 41 10
61 27 10 28 43 38 31 34 43 0 28 27 29 6 26 3 24 33 47 5 30 59 35 27 29 55 48 53 40 40 44
40 35 18 36 21 10 3 12 43 28 0 16 1 24 4 25 4 17 27 25 30 39 38 17 4 34 23 39 19 13 49
34 19 18 20 16 25 19 10 27 27 16 0 15 21 12 24 15 6 20 22 14 32 22 1 20 28 23 27 13 18 33
39 34 19 35 20 11 4 11 42 29 1 15 0 25 3 26 5 16 26 26 29 38 37 16 5 33 22 38 18 12 48
55 22 6 23 37 34 27 29 38 6 24 21 25 0 22 4 20 27 41 1 25 53 30 21 26 49 43 47 34 36 39
38 31 16 32 19 14 7 10 39 26 4 12 3 22 0 23 3 13 25 23 26 37 34 13 8 32 23 36 17 14 45
58 26 7 27 40 35 28 31 42 3 25 24 26 4 23 0 21 30 44 5 29 56 34 24 26 52 45 51 37 37 43
41 32 14 33 22 14 7 13 42 24 4 15 5 20 3 21 0 16 28 21 29 40 37 16 7 35 26 39 20 17 48
28 24 23 25 10 22 19 6 27 33 17 6 16 27 13 30 16 0 14 28 17 26 24 6 21 22 18 23 7 14 35
14 33 37 33 6 28 28 15 28 47 27 20 26 41 25 44 28 14 0 42 25 12 30 20 31 8 11 13 9 18 38
56 22 7 23 38 35 28 30 38 5 25 22 26 1 23 5 21 28 42 0 25 54 30 22 27 50 44 48 35 37 39
37 8 26 8 24 39 33 23 13 30 30 14 29 25 26 29 29 17 25 25 0 34 8 13 34 32 33 24 22 31 19
4 42 49 42 18 38 40 27 32 59 39 32 38 53 37 56 40 26 12 54 34 0 36 32 43 6 19 11 21 29 42
40 8 32 7 30 46 41 30 8 35 38 22 37 30 34 34 37 24 30 30 8 36 0 21 42 36 39 26 29 38 11
34 18 18 19 16 26 20 11 26 27 17 1 16 21 13 24 16 6 20 22 13 32 21 0 21 28 24 27 13 19 32
44 39 20 40 25 12 5 16 47 29 4 20 5 26 8 26 7 21 31 27 34 43 42 21 0 38 26 43 23 16 53
6 40 45 40 13 32 34 22 33 55 34 28 33 49 32 52 35 22 8 50 32 6 36 28 38 0 13 13 16 23 43
19 41 38 41 9 19 21 14 39 48 23 23 22 43 23 45 26 18 11 44 33 19 39 24 26 13 0 24 11 10 49
15 32 45 32 18 40 40 27 21 53 39 27 38 47 36 51 39 23 13 48 24 11 26 27 43 13 24 0 20 30 31
22 30 30 30 3 21 20 7 30 40 19 13 18 34 17 37 20 7 9 35 22 21 29 13 23 16 11 20 0 11 39
29 37 30 38 12 10 11 8 41 40 13 18 12 36 14 37 17 14 18 37 31 29 38 19 16 23 10 30 11 0 49
46 17 42 16 40 57 52 41 10 44 49 33 48 39 45 43 48 35 38 39 19 42 11 32 53 43 49 31 39 49 0
0 532
220 379
35 194
219 378
199 358
163 322
130 289
70 229
291 450
46 205
336 495
153 312
195 354
333 492
349 508
26 185
220 379
47 206
365 524
351 510
64 223
294 453
235 394
104 263
351 510
368 527
318 477
321 480
331 490
197 356
109 268
0
40
52
81
76
53
73
19
32
39
64
71
70
15
46
33
58
31
18
76
30
59
99
34
53
26
46
59
56
29
64
