31
977
0 17 29 30 14 27 11 28 12 24 30 8 35 20 25 16 21 29 26 34 18 9 23 21 22 8 13 23 21 27 26
17 0 19 16 31 12 17 12 16 37 15 25 23 11 36 25 5 18 25 22 31 26 21 25 20 25 21 20 8 19 11
29 19 0 31 42 26 20 12 19 53 30 37 6 9 53 42 22 36 44 5 47 35 11 18 39 34 24 10 27 5 26
30 16 31 0 42 5 33 20 32 41 2 37 33 25 40 29 11 6 21 32 36 39 35 40 18 38 37 34 9 33 5
14 31 42 42 0 40 22 42 23 17 43 6 48 34 19 16 35 40 30 47 12 7 34 29 29 8 21 34 34 38 39
27 12 26 5 40 0 29 15 28 42 4 35 28 21 41 30 7 11 24 27 36 36 31 36 20 35 33 30 7 28 1
11 17 20 33 22 29 0 23 1 35 32 17 26 12 36 27 22 35 36 25 29 15 12 10 31 14 4 12 25 16 28
28 12 12 20 42 15 23 0 22 49 18 36 13 11 48 37 12 25 36 12 43 37 20 27 31 36 27 19 17 15 15
12 16 19 32 23 28 1 22 0 36 31 18 25 11 37 28 21 34 36 24 30 16 11 10 31 15 5 11 24 15 27
24 37 53 41 17 42 35 49 36 0 42 19 59 44 2 12 38 36 23 58 6 22 47 44 23 23 36 47 35 51 41
30 15 30 2 43 4 32 18 31 42 0 37 31 24 41 31 10 8 23 30 38 39 34 39 19 38 36 33 9 32 4
8 25 37 37 6 35 17 36 18 19 37 0 43 28 20 15 29 35 29 42 13 3 29 25 25 4 17 29 28 33 34
35 23 6 33 48 28 26 13 25 59 31 43 0 15 59 48 25 38 48 1 53 41 16 23 43 40 29 15 30 10 28
20 11 9 25 34 21 12 11 11 44 24 28 15 0 44 33 15 29 36 14 38 27 10 16 31 26 16 9 19 8 20
25 36 53 40 19 41 36 48 37 2 41 20 59 44 0 11 37 35 21 58 7 23 48 45 22 24 37 48 34 52 40
16 25 42 29 16 30 27 37 28 12 31 15 48 33 11 0 26 25 14 47 7 18 39 37 13 19 29 39 23 41 29
21 5 22 11 35 7 22 12 21 38 10 29 25 15 37 26 0 15 24 24 33 30 25 30 19 29 26 24 5 23 6
29 18 36 6 40 11 35 25 34 36 8 35 38 29 35 25 15 0 15 37 32 38 39 43 13 37 39 38 10 37 10
26 25 44 21 30 24 36 36 36 23 23 29 48 36 21 14 24 15 0 47 21 32 45 46 5 33 39 44 19 44 23
34 22 5 32 47 27 25 12 24 58 30 42 1 14 58 47 24 37 47 0 52 40 16 23 42 39 29 15 29 10 27
18 31 47 36 12 36 29 43 30 6 38 13 53 38 7 7 33 32 21 52 0 16 41 38 20 17 30 41 29 45 35
9 26 35 39 7 36 15 37 16 22 39 3 41 27 23 18 30 38 32 40 16 0 27 22 28 1 14 27 30 31 35
23 21 11 35 34 31 12 20 11 47 34 29 16 10 48 39 25 39 45 16 41 27 0 7 40 26 13 1 29 6 30
21 25 18 40 29 36 10 27 10 44 39 25 23 16 45 37 30 43 46 23 38 22 7 0 41 21 8 8 33 13 35
22 20 39 18 29 20 31 31 31 23 19 25 43 31 22 13 19 13 5 42 20 28 40 41 0 29 34 39 14 39 19
8 25 34 38 8 35 14 36 15 23 38 4 40 26 24 19 29 37 33 39 17 1 26 21 29 0 13 26 29 30 34
13 21 24 37 21 33 4 27 5 36 36 17 29 16 37 29 26 39 39 29 30 14 13 8 34 13 0 14 29 19 32
23 20 10 34 34 30 12 19 11 47 33 29 15 9 48 39 24 38 44 15 41 27 1 8 39 26 14 0 28 5 29
21 8 27 9 34 7 25 17 24 35 9 28 30 19 34 23 5 10 19 29 29 30 29 33 14 29 29 28 0 27 6
27 19 5 33 38 28 16 15 15 51 32 33 10 8 52 41 23 37 44 10 45 31 6 13 39 30 19 5 27 0 28
26 11 26 5 39 1 28 15 27 41 4 34 28 20 40 29 6 10 23 27 35 35 30 35 19 34 32 29 6 28 0
0 234
123 193
37 107
64 134
142 212
34 104
52 122
126 196
138 208
92 162
143 213
115 185
125 195
3 73
99 169
73 143
96 166
123 193
133 203
21 91
61 131
46 116
14 84
123 193
83 153
119 189
106 176
160 230
117 187
0 70
40 110
0
22
30
29
80
33
42
51
69
90
45
75
22
67
66
67
12
76
77
62
41
42
40
41
72
40
81
27
49
37
17
