31
976
0 35 25 36 29 21 32 12 14 14 15 6 16 35 36 33 21 22 16 18 9 20 22 10 33 21 30 18 4 13 22
35 0 10 6 6 17 19 25 37 34 42 35 40 10 7 6 42 31 25 32 41 15 22 40 10 15 26 40 38 25 37
25 10 0 12 5 7 19 15 28 25 33 25 30 12 12 9 32 25 15 22 31 5 13 30 11 5 24 31 28 16 31
36 6 12 0 7 19 13 25 36 33 41 36 42 16 1 3 44 27 27 34 41 16 25 40 16 17 21 38 39 25 33
29 6 5 7 0 12 15 19 31 28 36 29 35 13 7 4 37 25 20 27 35 9 18 34 12 10 22 34 32 19 31
21 17 7 19 12 0 24 16 29 26 34 19 23 14 19 16 25 26 8 15 29 6 6 29 12 4 28 32 25 17 32
32 19 19 13 15 24 0 20 27 24 32 36 45 28 12 13 48 16 30 38 34 18 30 33 27 20 8 27 34 19 22
12 25 15 25 19 16 20 0 13 10 18 16 26 27 24 22 30 12 15 22 16 10 20 15 26 12 18 16 15 1 16
14 37 28 36 31 29 27 13 0 3 5 20 30 40 35 33 35 12 27 31 7 23 33 6 39 25 22 4 12 12 9
14 34 25 33 28 26 24 10 3 0 8 20 30 37 32 30 35 9 25 30 10 20 30 9 36 22 19 6 13 9 8
15 42 33 41 36 34 32 18 5 8 0 20 29 45 40 38 34 17 30 32 6 28 36 5 44 30 27 6 11 17 13
6 35 25 36 29 19 36 16 20 20 20 0 10 33 36 33 15 27 12 12 14 20 18 15 31 20 34 24 9 17 28
16 40 30 42 35 23 45 26 30 30 29 10 0 35 42 39 5 37 15 9 23 27 19 24 33 25 44 34 18 27 38
35 10 12 16 13 14 28 27 40 37 45 33 35 0 17 16 36 37 21 26 43 17 16 42 2 16 35 43 39 28 43
36 7 12 1 7 19 12 24 35 32 40 36 42 17 0 3 44 26 27 34 40 16 25 39 17 17 20 37 39 24 32
33 6 9 3 4 16 13 22 33 30 38 33 39 16 3 0 41 25 24 31 38 13 22 37 15 14 20 36 36 22 31
21 42 32 44 37 25 48 30 35 35 34 15 5 36 44 41 0 42 18 10 28 30 20 29 34 28 48 39 23 31 43
22 31 25 27 25 26 16 12 12 9 17 27 37 37 26 25 42 0 27 34 19 20 32 18 36 22 10 11 22 11 6
16 25 15 27 20 8 30 15 27 25 30 12 15 21 27 24 18 27 0 8 25 12 6 25 19 10 33 31 20 16 31
18 32 22 34 27 15 38 22 31 30 32 12 9 26 34 31 10 34 8 0 26 20 10 27 24 18 40 35 21 23 38
9 41 31 41 35 29 34 16 7 10 6 14 23 43 40 38 28 19 25 26 0 26 31 1 41 27 29 11 5 16 16
20 15 5 16 9 6 18 10 23 20 28 20 27 17 16 13 30 20 12 20 26 0 12 25 16 2 22 26 23 11 26
22 22 13 25 18 6 30 20 33 30 36 18 19 16 25 22 20 32 6 10 31 12 0 31 14 10 34 36 26 21 36
10 40 30 40 34 29 33 15 6 9 5 15 24 42 39 37 29 18 25 27 1 25 31 0 41 27 28 10 6 15 15
33 10 11 16 12 12 27 26 39 36 44 31 33 2 17 15 34 36 19 24 41 16 14 41 0 14 34 42 37 27 42
21 15 5 17 10 4 20 12 25 22 30 20 25 16 17 14 28 22 10 18 27 2 10 27 14 0 24 28 24 13 28
30 26 24 21 22 28 8 18 22 19 27 34 44 35 20 20 48 10 33 40 29 22 34 28 34 24 0 21 31 17 15
18 40 31 38 34 32 27 16 4 6 6 24 34 43 37 36 39 11 31 35 11 26 36 10 42 28 21 0 16 15 7
4 38 28 39 32 25 34 15 12 13 11 9 18 39 39 36 23 22 20 21 5 23 26 6 37 24 31 16 0 15 21
13 25 16 25 19 17 19 1 12 9 17 17 27 28 24 22 31 11 16 23 16 11 21 15 27 13 17 15 15 0 15
22 37 31 33 31 32 22 16 9 8 13 28 38 43 32 31 43 6 31 38 16 26 36 15 42 28 15 7 21 15 0
0 234
59 176
60 177
2 119
70 187
86 203
18 135
92 209
106 223
12 129
38 155
13 130
96 213
5 122
26 143
86 203
112 229
114 231
60 177
95 212
87 204
34 151
31 148
14 131
94 211
113 230
5 122
20 137
108 225
16 133
94 211
0
63
62
56
40
61
71
63
41
81
34
65
24
46
37
33
25
70
37
65
69
26
57
43
60
37
64
40
23
61
47
