31
975
0 35 14 25 27 39 15 47 34 35 34 42 29 16 29 14 16 43 16 32 12 28 27 34 41 24 24 45 20 13 43
35 0 26 22 15 4 22 23 1 0 1 16 6 37 13 28 31 8 19 29 27 7 13 1 11 11 20 26 18 32 10
14 26 0 11 14 30 14 34 25 26 25 30 20 27 17 2 23 34 9 18 2 20 15 25 35 17 24 31 8 21 36
25 22 11 0 7 24 20 24 21 22 21 21 16 36 10 11 30 29 13 9 13 18 9 21 33 16 28 20 9 30 32
27 15 14 7 0 17 18 21 14 15 14 16 9 34 4 15 28 22 11 14 15 11 2 14 26 10 23 19 7 28 25
39 4 30 24 17 0 26 19 5 4 5 12 10 41 14 32 35 5 23 29 31 11 15 5 15 15 24 22 22 36 13
15 22 14 20 18 26 0 38 21 22 21 33 17 16 20 16 10 30 7 29 13 15 18 21 26 11 10 37 11 10 28
47 23 34 24 21 19 38 0 22 23 22 7 23 54 18 35 48 21 31 21 36 26 20 22 34 28 41 5 27 48 32
34 1 25 21 14 5 21 22 0 1 0 15 5 36 12 27 30 9 18 28 26 6 12 0 12 10 19 25 17 31 11
35 0 26 22 15 4 22 23 1 0 1 16 6 37 13 28 31 8 19 29 27 7 13 1 11 11 20 26 18 32 10
34 1 25 21 14 5 21 22 0 1 0 15 5 36 12 27 30 9 18 28 26 6 12 0 12 10 19 25 17 31 11
42 16 30 21 16 12 33 7 15 16 15 0 16 49 13 31 43 14 26 21 31 19 15 15 27 22 34 10 22 43 25
29 6 20 16 9 10 17 23 5 6 5 16 0 33 7 22 27 14 13 23 21 3 7 5 17 6 18 24 12 27 16
16 37 27 36 34 41 16 54 36 37 36 49 33 0 36 28 6 45 23 45 25 30 34 36 37 27 18 53 27 6 39
29 13 17 10 4 14 20 18 12 13 12 13 7 36 0 19 30 19 13 16 18 10 2 12 24 10 23 17 9 30 23
14 28 2 11 15 32 16 35 27 28 27 31 22 28 19 0 24 36 11 18 3 22 17 27 37 19 26 31 10 22 38
16 31 23 30 28 35 10 48 30 31 30 43 27 6 30 24 0 39 17 39 21 24 28 30 31 21 12 47 21 3 33
43 8 34 29 22 5 30 21 9 8 9 14 14 45 19 36 39 0 27 34 35 15 20 9 14 19 28 24 26 40 12
16 19 9 13 11 23 7 31 18 19 18 26 13 23 13 11 17 27 0 22 9 12 11 18 27 8 15 30 4 17 28
32 29 18 9 14 29 29 21 28 29 28 21 23 45 16 18 39 34 22 0 20 25 16 28 40 24 37 16 18 39 39
12 27 2 13 15 31 13 36 26 27 26 31 21 25 18 3 21 35 9 20 0 21 16 26 36 17 23 33 9 19 37
28 7 20 18 11 11 15 26 6 7 6 19 3 30 10 22 24 15 12 25 21 0 9 6 15 4 15 27 12 25 16
27 13 15 9 2 15 18 20 12 13 12 15 7 34 2 17 28 20 11 16 16 9 0 12 24 8 21 19 7 28 23
34 1 25 21 14 5 21 22 0 1 0 15 5 36 12 27 30 9 18 28 26 6 12 0 12 10 19 25 17 31 11
41 11 35 33 26 15 26 34 12 11 12 27 17 37 24 37 31 14 27 40 36 15 24 12 0 19 19 37 27 33 2
24 11 17 16 10 15 11 28 10 11 10 22 6 27 10 19 21 19 8 24 17 4 8 10 19 0 13 27 9 21 20
24 20 24 28 23 24 10 41 19 20 19 34 18 18 23 26 12 28 15 37 23 15 21 19 19 13 0 40 19 14 21
45 26 31 20 19 22 37 5 25 26 25 10 24 53 17 31 47 24 30 16 33 27 19 25 37 27 40 0 26 47 35
20 18 8 9 7 22 11 27 17 18 17 22 12 27 9 10 21 26 4 18 9 12 7 17 27 9 19 26 0 21 28
13 32 21 30 28 36 10 48 31 32 31 43 27 6 30 22 3 40 17 39 19 25 28 31 33 21 14 47 21 0 35
43 10 36 32 25 13 28 32 11 10 11 25 16 39 23 38 33 12 28 39 37 16 23 11 2 20 21 35 28 35 0
0 298
118 237
50 169
158 277
121 240
166 285
75 194
149 268
112 231
86 205
46 165
140 259
72 191
123 242
35 154
169 288
19 138
88 207
16 135
84 203
165 284
109 228
130 249
109 228
104 223
170 289
49 168
151 270
77 196
57 176
147 266
0
80
81
31
85
56
57
45
44
31
27
49
41
24
60
88
43
33
28
23
26
23
50
56
46
28
77
62
69
70
67
