31
975
0 24 14 23 37 32 26 37 32 29 11 13 20 26 25 33 29 25 22 6 23 36 19 6 2 43 41 9 27 40 18
24 0 15 47 37 31 48 48 50 40 13 33 29 26 48 40 50 1 44 21 47 56 6 18 26 43 59 23 50 40 41
14 15 0 34 26 20 33 33 35 25 12 18 14 14 33 26 35 16 29 8 34 41 9 10 14 32 44 8 35 29 26
23 47 34 0 47 45 14 38 24 31 34 18 30 41 7 38 17 48 13 27 1 24 42 29 21 51 30 26 7 48 11
37 37 26 47 0 6 36 17 29 17 38 30 18 12 42 10 36 38 36 31 46 36 31 36 36 6 35 28 44 3 36
32 31 20 45 6 0 37 21 31 19 32 27 15 6 41 13 37 32 35 26 44 38 25 30 32 12 39 24 43 9 34
26 48 33 14 36 37 0 24 10 19 37 15 23 34 7 26 3 49 4 27 13 10 42 32 24 39 16 25 8 36 8
37 48 33 38 17 21 24 0 15 8 44 25 19 23 31 8 23 49 25 33 37 20 42 38 35 18 18 30 32 16 27
32 50 35 24 29 31 10 15 0 12 42 19 21 31 17 19 8 51 12 31 23 7 44 36 30 32 9 28 18 29 16
29 40 25 31 17 19 19 8 12 0 36 17 11 19 25 7 19 41 19 25 30 19 34 30 27 20 20 22 27 17 20
11 13 12 34 38 32 37 44 42 36 0 23 25 26 36 38 40 14 33 11 34 47 11 6 13 44 51 14 38 41 29
13 33 18 18 30 27 15 25 19 17 23 0 12 23 15 23 18 34 11 12 18 24 27 17 11 35 28 10 17 32 8
20 29 14 30 18 15 23 19 21 11 25 12 0 11 26 13 24 30 20 14 29 28 23 19 18 23 30 11 28 20 19
26 26 14 41 12 6 34 23 31 19 26 23 11 0 37 15 35 27 31 20 40 38 20 24 26 18 39 18 39 15 30
25 48 33 7 42 41 7 31 17 25 36 15 26 37 0 32 10 49 6 27 6 17 42 31 23 45 23 25 2 42 7
33 40 26 38 10 13 26 8 19 7 38 23 13 15 32 0 26 41 26 27 37 26 34 32 31 13 26 24 34 10 27
29 50 35 17 36 37 3 23 8 19 40 18 24 35 10 26 0 51 7 30 16 7 44 35 27 39 13 27 10 36 11
25 1 16 48 38 32 49 49 51 41 14 34 30 27 49 41 51 0 45 22 48 57 7 19 27 44 60 24 51 41 42
22 44 29 13 36 35 4 25 12 19 33 11 20 31 6 26 7 45 0 23 12 14 38 28 20 39 20 21 8 36 4
6 21 8 27 31 26 27 33 31 25 11 12 14 20 27 27 30 22 23 0 27 36 15 5 6 37 40 3 29 34 20
23 47 34 1 46 44 13 37 23 30 34 18 29 40 6 37 16 48 12 27 0 23 42 29 21 50 29 26 6 47 10
36 56 41 24 36 38 10 20 7 19 47 24 28 38 17 26 7 57 14 36 23 0 50 41 34 38 6 34 17 36 18
19 6 9 42 31 25 42 42 44 34 11 27 23 20 42 34 44 7 38 15 42 50 0 13 21 37 53 17 44 34 35
6 18 10 29 36 30 32 38 36 30 6 17 19 24 31 32 35 19 28 5 29 41 13 0 8 42 45 8 33 39 24
2 26 14 21 36 32 24 35 30 27 13 11 18 26 23 31 27 27 20 6 21 34 21 8 0 41 39 8 25 38 16
43 43 32 51 6 12 39 18 32 20 44 35 23 18 45 13 39 44 39 37 50 38 37 42 41 0 36 34 47 3 40
41 59 44 30 35 39 16 18 9 20 51 28 30 39 23 26 13 60 20 40 29 6 53 45 39 36 0 37 23 34 24
9 23 8 26 28 24 25 30 28 22 14 10 11 18 25 24 27 24 21 3 26 34 17 8 8 34 37 0 27 31 18
27 50 35 7 44 43 8 32 18 27 38 17 28 39 2 34 10 51 8 29 6 17 44 33 25 47 23 27 0 44 9
40 40 29 48 3 9 36 16 29 17 41 32 20 15 42 10 36 41 36 34 47 36 34 39 38 3 34 31 44 0 37
18 41 26 11 36 34 8 27 16 20 29 8 19 30 7 27 11 42 4 20 10 18 35 24 16 40 24 18 9 37 0
0 383
247 361
242 356
53 167
124 238
267 381
83 197
171 285
22 136
68 182
218 332
218 332
255 369
133 247
224 338
62 176
98 212
19 133
14 128
204 318
222 336
120 234
12 126
116 230
118 232
263 377
170 284
80 194
37 151
37 151
121 235
0
79
69
24
42
74
51
42
74
85
66
57
20
66
42
52
42
64
15
41
56
26
39
41
36
57
83
29
25
47
55
