31
974
0 52 45 38 36 38 51 47 57 58 20 20 29 18 9 47 32 61 50 33 30 41 10 28 34 29 34 25 47 36 42
52 0 26 19 16 16 4 15 14 11 32 41 38 36 43 25 39 24 5 32 22 50 45 37 18 23 37 28 5 27 11
45 26 0 31 18 16 22 11 19 23 29 26 18 34 37 44 16 17 21 12 23 24 41 18 20 22 14 27 23 38 19
38 19 31 0 13 15 20 24 30 28 20 32 32 20 29 13 35 39 20 29 11 47 29 31 13 12 34 15 16 8 15
36 16 18 13 0 2 15 12 22 22 16 25 23 20 27 26 25 27 14 18 6 36 29 22 2 7 23 12 11 20 6
38 16 16 15 2 0 14 10 20 21 18 25 22 22 29 28 23 25 13 16 8 34 31 21 4 9 21 14 11 22 5
51 4 22 20 15 14 0 11 11 9 31 39 36 35 42 28 36 21 1 29 21 46 44 35 17 22 34 27 4 28 9
47 15 11 24 12 10 11 0 10 13 28 32 26 32 38 35 25 15 10 19 18 35 41 25 14 19 23 24 12 32 9
57 14 19 30 22 20 11 10 0 4 38 42 36 42 48 39 35 10 10 29 28 43 51 35 24 29 33 34 14 38 16
58 11 23 28 22 21 9 13 4 0 38 45 39 42 49 36 38 14 8 32 28 47 51 38 24 29 36 34 12 36 16
20 32 29 20 16 18 31 28 38 38 0 15 19 5 11 32 22 43 30 19 10 34 13 18 14 9 23 5 27 21 22
20 41 26 32 25 25 39 32 42 45 15 0 9 19 14 45 12 43 38 14 21 22 20 8 23 20 14 19 36 36 30
29 38 18 32 23 22 36 26 36 39 19 9 0 24 22 45 3 35 35 7 21 15 28 1 22 20 5 21 33 37 27
18 36 34 20 20 22 35 32 42 42 5 19 24 0 9 30 27 47 34 24 14 39 9 23 18 13 28 8 31 19 26
9 43 37 29 27 29 42 38 48 49 11 14 22 9 0 39 25 52 41 25 21 36 6 21 25 20 27 16 38 28 33
47 25 44 13 26 28 28 35 39 36 32 45 45 30 39 0 48 49 29 42 24 60 37 44 26 25 47 27 25 11 26
32 39 16 35 25 23 36 25 35 38 22 12 3 27 25 48 0 33 35 7 24 13 31 4 24 23 2 24 34 40 28
61 24 17 39 27 25 21 15 10 14 43 43 35 47 52 49 33 0 20 29 33 38 56 35 29 34 31 39 24 47 24
50 5 21 20 14 13 1 10 10 8 30 38 35 34 41 29 35 20 0 28 20 45 43 34 16 21 33 26 4 28 8
33 32 12 29 18 16 29 19 29 32 19 14 7 24 25 42 7 29 28 0 18 18 30 6 17 17 5 19 27 34 21
30 22 23 11 6 8 21 18 28 28 10 21 21 14 21 24 24 33 20 18 0 36 23 20 4 1 23 6 17 16 12
41 50 24 47 36 34 46 35 43 47 34 22 15 39 36 60 13 38 45 18 36 0 42 16 35 35 13 36 45 52 39
10 45 41 29 29 31 44 41 51 51 13 20 28 9 6 37 31 56 43 30 23 42 0 27 27 22 33 17 40 26 35
28 37 18 31 22 21 35 25 35 38 18 8 1 23 21 44 4 35 34 6 20 16 27 0 21 19 6 20 32 36 26
34 18 20 13 2 4 17 14 24 24 14 23 22 18 25 26 24 29 16 17 4 35 27 21 0 5 22 10 13 19 8
29 23 22 12 7 9 22 19 29 29 9 20 20 13 20 25 23 34 21 17 1 35 22 19 5 0 22 5 18 17 13
34 37 14 34 23 21 34 23 33 36 23 14 5 28 27 47 2 31 33 5 23 13 33 6 22 22 0 24 32 39 26
25 28 27 15 12 14 27 24 34 34 5 19 21 8 16 27 24 39 26 19 6 36 17 20 10 5 24 0 23 17 18
47 5 23 16 11 11 4 12 14 12 27 36 33 31 38 25 34 24 4 27 17 45 40 32 13 18 32 23 0 24 6
36 27 38 8 20 22 28 32 38 36 21 36 37 19 28 11 40 47 28 34 16 52 26 36 19 17 39 17 24 0 23
42 11 19 15 6 5 9 9 16 16 22 30 27 26 33 26 28 24 8 21 12 39 35 26 8 13 26 18 6 23 0
0 404
160 362
3 205
161 363
3 205
18 220
59 261
104 306
117 319
58 260
22 224
198 400
123 325
150 352
160 362
174 376
2 204
161 363
186 388
193 395
76 278
118 320
31 233
195 397
152 354
53 255
98 300
78 280
142 344
102 304
122 324
0
32
63
45
80
53
63
82
71
21
43
89
20
51
50
53
40
68
52
29
41
59
54
54
43
51
21
68
47
41
14
