31
974
0 10 41 14 20 30 41 32 47 18 43 21 30 15 41 25 34 29 26 28 26 22 41 7 28 21 14 36 37 31 30
10 0 43 18 19 32 36 39 44 15 36 17 22 9 36 19 40 31 20 24 21 14 43 4 34 11 19 27 34 23 37
41 43 0 27 24 11 26 24 9 29 36 27 36 34 29 30 21 12 32 20 28 37 7 44 21 41 28 42 11 37 25
14 18 27 0 9 16 32 21 34 11 36 14 26 13 33 19 22 15 21 17 19 21 27 17 16 22 1 33 24 27 19
20 19 24 9 0 13 23 26 27 5 27 5 17 10 24 10 25 12 12 8 10 16 24 21 20 18 10 24 17 18 24
30 32 11 16 13 0 25 18 18 18 34 17 29 23 28 22 16 1 24 13 21 28 11 33 13 31 17 36 10 30 17
41 36 26 32 23 25 0 43 21 23 10 20 18 27 3 17 41 25 18 15 15 24 32 39 38 28 33 20 16 17 42
32 39 24 21 26 18 43 0 33 30 51 31 43 34 45 36 3 18 38 30 36 41 18 37 6 43 20 50 28 44 2
47 44 9 34 27 18 21 33 0 30 31 27 35 35 24 30 30 19 32 20 28 37 16 47 30 41 35 40 10 36 34
18 15 29 11 5 18 23 30 30 0 25 3 15 6 23 8 30 17 10 10 8 11 29 17 24 13 12 22 20 16 28
43 36 36 36 27 34 10 51 31 25 0 22 14 28 7 19 49 33 17 21 17 22 41 39 45 26 37 12 25 13 49
21 17 27 14 5 17 20 31 27 3 22 0 12 8 20 5 30 16 7 7 5 11 28 20 25 14 15 19 17 13 29
30 22 36 26 17 29 18 43 35 15 14 12 0 15 16 7 42 28 5 16 8 8 40 25 37 12 27 7 26 1 41
15 9 34 13 10 23 27 34 35 6 28 8 15 0 27 10 34 22 11 15 12 8 34 12 28 9 14 22 25 16 32
41 36 29 33 24 28 3 45 24 23 7 20 16 27 0 17 43 27 17 16 15 23 34 39 40 27 34 18 18 16 44
25 19 30 19 10 22 17 36 30 8 19 5 7 10 17 0 35 21 2 10 2 7 33 22 30 11 20 14 20 8 34
34 40 21 22 25 16 41 3 30 30 49 30 42 34 43 35 0 16 37 28 35 41 15 39 6 43 21 49 26 43 4
29 31 12 15 12 1 25 18 19 17 33 16 28 22 27 21 16 0 23 12 20 27 12 32 13 30 16 35 11 29 17
26 20 32 21 12 24 18 38 32 10 17 7 5 11 17 2 37 23 0 12 4 6 35 23 32 10 22 12 22 6 36
28 24 20 17 8 13 15 30 20 10 21 7 16 15 16 10 28 12 12 0 8 17 24 27 24 21 18 23 10 17 28
26 21 28 19 10 21 15 36 28 8 17 5 8 12 15 2 35 20 4 8 0 9 32 24 30 13 20 15 18 9 34
22 14 37 21 16 28 24 41 37 11 22 11 8 8 23 7 41 27 6 17 9 0 39 17 35 4 22 14 27 9 39
41 43 7 27 24 11 32 18 16 29 41 28 40 34 34 33 15 12 35 24 32 39 0 44 17 42 28 47 16 41 19
7 4 44 17 21 33 39 37 47 17 39 20 25 12 39 22 39 32 23 27 24 17 44 0 33 15 18 31 37 26 35
28 34 21 16 20 13 38 6 30 24 45 25 37 28 40 30 6 13 32 24 30 35 17 33 0 37 15 44 23 38 4
21 11 41 22 18 31 28 43 41 13 26 14 12 9 27 11 43 30 10 21 13 4 42 15 37 0 23 16 31 13 41
14 19 28 1 10 17 33 20 35 12 37 15 27 14 34 20 21 16 22 18 20 22 28 18 15 23 0 34 25 28 18
36 27 42 33 24 36 20 50 40 22 12 19 7 22 18 14 49 35 12 23 15 14 47 31 44 16 34 0 31 6 48
37 34 11 24 17 10 16 28 10 20 25 17 26 25 18 20 26 11 22 10 18 27 16 37 23 31 25 31 0 26 27
31 23 37 27 18 30 17 44 36 16 13 13 1 16 16 8 43 29 6 17 9 9 41 26 38 13 28 6 26 0 42
30 37 25 19 24 17 42 2 34 28 49 29 41 32 44 34 4 17 36 28 34 39 19 35 4 41 18 48 27 42 0
0 425
289 331
380 422
359 401
129 171
186 228
102 144
215 257
213 255
113 155
73 115
59 101
58 100
102 144
120 162
95 137
202 244
252 294
166 208
71 113
371 413
220 262
168 210
129 171
213 255
214 256
172 214
371 413
157 199
136 178
205 247
0
26
55
43
13
71
78
48
72
34
35
23
58
57
74
56
63
58
16
30
66
42
76
31
73
56
28
63
32
42
78
