31
975
0 17 30 26 25 38 5 36 37 34 28 8 54 19 5 38 28 23 13 8 11 41 51 2 11 34 46 19 44 12 43
17 0 33 16 22 45 18 20 41 30 35 15 44 22 16 26 23 26 24 9 10 35 41 15 17 29 43 23 29 17 38
30 33 0 21 13 15 25 36 10 13 10 22 33 11 25 27 15 7 20 31 37 21 32 32 19 16 19 11 36 18 20
26 16 21 0 8 36 23 15 31 15 28 18 29 15 21 12 8 18 25 20 25 19 26 26 18 13 28 18 18 16 22
25 22 13 8 0 28 22 23 23 9 21 17 29 9 20 15 3 11 22 23 29 16 26 27 15 9 22 12 24 13 18
38 45 15 36 28 0 33 51 5 27 10 32 45 23 34 41 30 19 26 41 47 34 45 40 29 30 27 22 50 29 32
5 18 25 23 22 33 0 35 32 31 23 5 51 16 2 35 25 18 8 10 15 38 48 7 7 31 42 14 41 9 40
36 20 36 15 23 51 35 0 46 26 43 30 30 30 33 13 22 33 38 28 30 25 27 34 31 23 37 32 10 29 29
37 41 10 31 23 5 32 46 0 22 9 30 40 19 33 36 25 15 25 39 45 29 40 39 27 25 22 19 45 26 27
34 30 13 15 9 27 31 26 22 0 23 26 21 16 29 14 7 16 29 32 38 8 19 36 24 3 13 19 23 22 9
28 35 10 28 21 10 23 43 9 23 0 22 43 14 24 36 23 10 16 31 37 31 42 30 19 26 28 12 45 19 30
8 15 22 18 17 32 5 30 30 26 22 0 46 11 3 30 20 15 9 9 15 33 43 10 3 26 38 11 36 4 35
54 44 33 29 29 45 51 30 40 21 43 46 0 37 49 18 26 37 50 49 54 13 3 55 44 20 19 40 21 42 13
19 22 11 15 9 23 16 30 19 16 14 11 37 0 14 24 12 4 13 20 26 24 35 21 9 17 27 3 33 7 25
5 16 25 21 20 34 2 33 33 29 24 3 49 14 0 33 23 18 9 8 14 36 46 7 6 29 41 14 39 7 38
38 26 27 12 15 41 35 13 36 14 36 30 18 24 33 0 13 26 36 32 36 12 15 38 29 11 24 27 9 27 16
28 23 15 8 3 30 25 22 25 7 23 20 26 12 23 13 0 13 25 26 32 13 23 30 18 6 20 15 22 16 15
23 26 7 18 11 19 18 33 15 16 10 15 37 4 18 26 13 0 14 24 30 24 35 25 12 18 24 4 35 11 24
13 24 20 25 22 26 8 38 25 29 16 9 50 13 9 36 25 14 0 17 23 37 48 15 8 30 38 10 43 9 38
8 9 31 20 23 41 10 28 39 32 31 9 49 20 8 32 26 24 17 0 6 39 46 6 12 32 45 20 36 13 41
11 10 37 25 29 47 15 30 45 38 37 15 54 26 14 36 32 30 23 6 0 44 51 9 18 38 51 26 39 19 47
41 35 21 19 16 34 38 25 29 8 31 33 13 24 36 12 13 24 37 39 44 0 11 43 31 7 12 27 20 29 4
51 41 32 26 26 45 48 27 40 19 42 43 3 35 46 15 23 35 48 46 51 11 0 52 41 18 20 38 18 39 13
2 15 32 26 27 40 7 34 39 36 30 10 55 21 7 38 30 25 15 6 9 43 52 0 13 36 48 21 42 14 45
11 17 19 18 15 29 7 31 27 24 19 3 44 9 6 29 18 12 8 12 18 31 41 13 0 24 36 8 36 2 33
34 29 16 13 9 30 31 23 25 3 26 26 20 17 29 11 6 18 30 32 38 7 18 36 24 0 15 20 20 22 9
46 43 19 28 22 27 42 37 22 13 28 38 19 27 41 24 20 24 38 45 51 12 20 48 36 15 0 28 32 34 8
19 23 11 18 12 22 14 32 19 19 12 11 40 3 14 27 15 4 10 20 26 27 38 21 8 20 28 0 36 7 28
44 29 36 18 24 50 41 10 45 23 45 36 21 33 39 9 22 35 43 36 39 20 18 42 36 20 32 36 0 34 24
12 17 18 16 13 29 9 29 26 22 19 4 42 7 7 27 16 11 9 13 19 29 39 14 2 22 34 7 34 0 31
43 38 20 22 18 32 40 29 27 9 30 35 13 25 38 16 15 24 38 41 47 4 13 45 33 9 8 28 24 31 0
0 489
180 375
133 328
194 389
47 242
13 208
89 284
169 364
249 444
176 371
118 313
115 310
57 252
118 313
106 301
211 406
124 319
206 401
23 218
20 215
208 403
22 217
198 393
169 364
46 241
263 458
248 443
225 420
122 317
261 456
90 285
0
43
42
59
21
44
64
76
80
78
55
57
39
39
39
86
46
66
28
66
63
45
51
19
56
60
20
32
27
57
41
