31
975
0 40 21 6 20 13 52 19 38 31 32 35 14 20 33 52 23 43 13 34 32 23 35 44 25 44 35 44 48 8 29
40 0 44 43 24 41 32 46 15 40 36 9 33 20 10 28 42 24 32 10 31 48 30 6 15 8 33 8 12 34 23
21 44 0 16 32 8 37 4 47 11 14 41 12 25 34 39 2 30 30 34 17 4 20 49 29 50 20 44 54 25 21
6 43 16 0 25 8 50 13 43 27 28 39 12 23 36 50 18 41 19 37 30 17 33 48 28 48 33 47 52 14 27
20 24 32 25 0 27 44 33 18 36 34 16 20 9 20 43 32 34 8 21 31 36 32 25 12 25 34 30 28 12 23
13 41 8 8 27 0 43 6 43 19 20 37 8 21 33 45 10 36 22 33 23 10 26 46 26 46 26 43 50 17 22
52 32 37 50 44 43 0 41 46 28 24 39 38 36 26 4 35 10 50 25 20 40 17 38 32 40 18 25 44 49 24
19 46 4 13 33 6 41 0 48 15 18 42 13 26 36 43 6 34 28 37 21 4 24 51 31 51 24 47 55 23 24
38 15 47 43 18 43 46 48 0 48 45 7 35 22 20 43 47 36 25 21 41 51 40 11 19 9 43 23 10 30 32
31 40 11 27 36 19 28 15 48 0 4 41 18 27 30 31 9 22 37 30 9 13 12 46 29 48 10 39 52 32 17
32 36 14 28 34 20 24 18 45 4 0 38 18 25 26 27 12 18 36 26 5 16 8 42 26 44 6 35 48 32 13
35 9 41 39 16 37 39 42 7 41 38 0 29 16 13 36 40 29 24 14 34 45 33 9 12 9 36 17 13 27 25
14 33 12 12 20 8 38 13 35 18 18 29 0 13 25 38 12 29 19 25 18 16 21 38 18 38 21 35 42 14 15
20 20 25 23 9 21 36 26 22 27 25 16 13 0 13 35 25 26 14 14 22 29 23 25 5 25 25 24 29 14 14
33 10 34 36 20 33 26 36 20 30 26 13 25 13 0 23 32 16 27 1 21 38 20 16 8 18 23 11 22 27 13
52 28 39 50 43 45 4 43 43 31 27 36 38 35 23 0 37 9 49 22 22 43 19 34 31 36 21 21 40 48 23
23 42 2 18 32 10 35 6 47 9 12 40 12 25 32 37 0 28 30 32 15 6 18 47 28 49 18 42 53 25 19
43 24 30 41 34 36 10 34 36 22 18 29 29 26 16 9 28 0 40 15 13 34 10 30 22 32 13 19 36 39 14
13 32 30 19 8 22 50 28 25 37 36 24 19 14 27 49 30 40 0 28 34 32 36 33 19 33 37 38 35 5 27
34 10 34 37 21 33 25 37 21 30 26 14 25 14 1 22 32 15 28 0 21 38 20 16 9 18 23 10 22 28 13
32 31 17 30 31 23 20 21 41 9 5 34 18 22 21 22 15 13 34 21 0 21 3 37 22 39 3 30 43 31 9
23 48 4 17 36 10 40 4 51 13 16 45 16 29 38 43 6 34 32 38 21 0 24 53 33 54 22 48 58 27 25
35 30 20 33 32 26 17 24 40 12 8 33 21 23 20 19 18 10 36 20 3 24 0 36 22 38 3 27 42 33 9
44 6 49 48 25 46 38 51 11 46 42 9 38 25 16 34 47 30 33 16 37 53 36 0 20 2 39 13 6 36 29
25 15 29 28 12 26 32 31 19 29 26 12 18 5 8 31 28 22 19 9 22 33 22 20 0 21 25 19 25 19 13
44 8 50 48 25 46 40 51 9 48 44 9 38 25 18 36 49 32 33 18 39 54 38 2 21 0 41 15 4 36 31
35 33 20 33 34 26 18 24 43 10 6 36 21 25 23 21 18 13 37 23 3 22 3 39 25 41 0 30 45 34 12
44 8 44 47 30 43 25 47 23 39 35 17 35 24 11 21 42 19 38 10 30 48 27 13 19 15 30 0 19 38 23
48 12 54 52 28 50 44 55 10 52 48 13 42 29 22 40 53 36 35 22 43 58 42 6 25 4 45 19 0 40 35
8 34 25 14 12 17 49 23 30 32 32 27 14 14 27 48 25 39 5 28 31 27 33 36 19 36 34 38 40 0 25
29 23 21 27 23 22 24 24 32 17 13 25 15 14 13 23 19 14 27 13 9 25 9 29 13 31 12 23 35 25 0
0 468
105 339
45 279
59 293
136 370
48 282
199 433
62 296
25 259
18 252
101 335
139 373
99 333
94 328
132 366
66 300
15 249
87 321
175 409
203 437
143 377
230 464
12 246
13 247
25 259
146 380
49 283
83 317
16 250
151 385
65 299
0
62
71
72
69
49
39
41
75
22
16
62
57
61
52
49
44
39
36
23
17
52
68
16
68
58
29
55
50
62
86
