31
975
0 30 49 38 28 15 38 35 39 45 37 14 49 10 43 17 25 43 10 38 36 12 50 15 41 22 49 12 55 18 18
30 0 30 39 7 18 8 5 9 48 11 21 38 21 47 24 5 40 20 26 23 18 22 25 36 15 25 23 29 13 25
49 30 0 28 25 34 31 29 31 34 37 35 14 45 34 33 28 24 42 13 13 39 17 36 20 27 9 37 13 33 33
38 39 28 0 32 27 46 43 47 9 50 24 17 39 8 21 34 5 36 16 19 34 42 23 8 24 35 26 41 31 21
28 7 25 32 0 14 14 11 15 41 18 17 31 21 40 18 3 33 19 19 16 16 22 21 29 9 22 19 27 10 19
15 18 34 27 14 0 26 23 27 36 29 3 36 13 34 6 13 32 10 24 21 7 36 7 30 7 34 5 40 5 7
38 8 31 46 14 26 0 3 1 55 6 29 42 29 54 32 13 45 28 31 28 26 17 33 41 23 23 31 25 21 33
35 5 29 43 11 23 3 0 4 52 8 26 40 26 51 29 10 42 25 28 25 23 18 30 38 20 22 28 26 18 30
39 9 31 47 15 27 1 4 0 56 7 30 43 30 55 33 14 46 29 32 29 27 17 34 42 24 23 32 25 22 34
45 48 34 9 41 36 55 52 56 0 59 33 22 48 2 30 43 10 45 24 27 43 50 31 14 33 42 35 47 40 29
37 11 37 50 18 29 6 8 7 59 0 32 48 28 58 35 16 50 27 36 33 27 23 36 46 26 29 34 31 24 36
14 21 35 24 17 3 29 26 30 33 32 0 35 15 31 3 16 29 12 24 22 10 38 4 27 9 36 2 42 8 4
49 38 14 17 31 36 42 40 43 22 48 35 0 48 22 32 34 12 45 12 15 42 31 35 9 29 23 37 27 36 32
10 21 45 39 21 13 29 26 30 48 28 15 48 0 46 18 18 44 3 36 33 6 43 18 42 19 43 14 48 12 19
43 47 34 8 40 34 54 51 55 2 58 31 22 46 0 28 42 10 43 24 27 41 50 29 14 32 42 33 47 39 27
17 24 33 21 18 6 32 29 33 30 35 3 32 18 28 0 19 26 15 21 20 13 38 4 24 9 35 5 41 11 1
25 5 28 34 3 13 13 10 14 43 16 16 34 18 42 19 0 36 16 22 19 13 25 20 32 10 25 18 30 8 20
43 40 24 5 33 32 45 42 46 10 50 29 12 44 10 26 36 0 41 14 17 39 40 28 4 27 32 31 37 34 25
10 20 42 36 19 10 28 25 29 45 27 12 45 3 43 15 16 41 0 33 30 3 41 16 39 16 41 12 46 9 16
38 26 13 16 19 24 31 28 32 24 36 24 12 36 24 21 22 14 33 0 3 30 26 24 10 17 19 26 25 24 21
36 23 13 19 16 21 28 25 29 27 33 22 15 33 27 20 19 17 30 3 0 27 23 23 13 14 17 24 23 21 20
12 18 39 34 16 7 26 23 27 43 27 10 42 6 41 13 13 39 3 30 27 0 38 14 37 13 38 10 43 6 14
50 22 17 42 22 36 17 18 17 50 23 38 31 43 50 38 25 40 41 26 23 38 0 42 36 29 8 40 8 32 39
15 25 36 23 21 7 33 30 34 31 36 4 35 18 29 4 20 28 16 24 23 14 42 0 27 13 39 4 45 12 3
41 36 20 8 29 30 41 38 42 14 46 27 9 42 14 24 32 4 39 10 13 37 36 27 0 24 28 29 33 31 24
22 15 27 24 9 7 23 20 24 33 26 9 29 19 32 9 10 27 16 17 14 13 29 13 24 0 27 11 33 7 10
49 25 9 35 22 34 23 22 23 42 29 36 23 43 42 35 25 32 41 19 17 38 8 39 28 27 0 38 6 32 36
12 23 37 26 19 5 31 28 32 35 34 2 37 14 33 5 18 31 12 26 24 10 40 4 29 11 38 0 44 10 6
55 29 13 41 27 40 25 26 25 47 31 42 27 48 47 41 30 37 46 25 23 43 8 45 33 33 6 44 0 37 42
18 13 33 31 10 5 21 18 22 40 24 8 36 12 39 11 8 34 9 24 21 6 32 12 31 7 32 10 37 0 12
18 25 33 21 19 7 33 30 34 29 36 4 32 19 27 1 20 25 16 21 20 14 39 3 24 10 36 6 42 12 0
0 468
207 347
145 285
291 431
105 245
94 234
187 327
154 294
247 387
20 160
35 175
183 323
192 332
4 144
309 449
94 234
294 434
268 408
116 256
258 398
188 328
193 333
2 142
274 414
17 157
148 288
58 198
104 244
149 289
1 141
230 370
0
51
78
54
29
54
34
41
49
52
47
18
63
75
26
68
65
50
57
19
79
85
30
17
51
60
33
49
83
58
25
