31
977
0 44 39 24 27 39 11 16 29 16 18 46 45 38 44 25 21 14 16 13 13 31 26 52 40 23 24 25 22 21 14
44 0 34 22 34 21 35 30 18 29 26 31 14 19 14 24 25 37 46 32 44 15 20 13 5 29 22 24 22 26 42
39 34 0 31 47 13 36 25 36 30 27 9 46 45 45 17 32 25 29 28 47 34 22 47 30 41 20 17 24 20 27
24 22 31 0 16 26 13 13 5 9 8 35 21 16 20 14 3 22 31 14 23 7 11 28 18 10 11 14 7 14 27
27 34 47 16 0 42 16 25 16 19 22 51 27 19 26 30 15 32 40 24 17 19 27 35 32 6 27 30 23 29 36
39 21 13 26 42 0 33 23 28 26 23 10 34 35 33 14 27 28 36 26 44 25 15 34 17 36 16 14 19 18 32
11 35 36 13 16 33 0 11 18 7 10 41 34 27 33 20 10 16 24 9 11 20 18 41 31 12 18 20 14 16 20
16 30 25 13 25 23 11 0 18 6 5 30 34 29 33 9 12 9 18 3 22 19 11 40 26 19 9 9 8 5 14
29 18 36 5 16 28 18 18 0 14 13 38 16 11 15 19 8 27 36 19 26 3 14 23 16 11 16 19 12 19 32
16 29 30 9 19 26 7 6 14 0 3 34 30 24 29 13 6 14 23 5 18 15 11 36 25 13 11 13 7 10 19
18 26 27 8 22 23 10 5 13 3 0 31 29 24 28 10 7 14 23 6 21 14 8 35 22 16 8 10 4 7 19
46 31 9 35 51 10 41 30 38 34 31 0 44 45 43 21 36 32 38 33 52 35 25 44 27 45 24 21 28 25 35
45 14 46 21 27 34 34 34 16 30 29 44 0 8 1 32 24 43 52 35 41 15 27 8 17 25 29 32 26 33 48
38 19 45 16 19 35 27 29 11 24 24 45 8 0 7 29 18 38 47 29 33 11 24 16 19 17 26 29 22 29 43
44 14 45 20 26 33 33 33 15 29 28 43 1 7 0 31 23 42 51 34 40 14 26 9 16 24 28 31 25 32 47
25 24 17 14 30 14 20 9 19 13 10 21 32 29 31 0 15 15 24 12 31 18 5 36 19 24 3 0 7 4 20
21 25 32 3 15 27 10 12 8 6 7 36 24 18 23 15 0 20 29 11 20 10 12 31 21 9 12 15 8 14 25
14 37 25 22 32 28 16 9 27 14 14 32 43 38 42 15 20 0 9 9 25 28 17 48 32 27 15 15 17 11 5
16 46 29 31 40 36 24 18 36 23 23 38 52 47 51 24 29 9 0 18 29 37 26 57 41 36 24 24 26 20 4
13 32 28 14 24 26 9 3 19 5 6 33 35 29 34 12 11 9 18 0 19 20 13 41 28 18 11 12 10 8 14
13 44 47 23 17 44 11 22 26 18 21 52 41 33 40 31 20 25 29 19 0 29 29 49 41 16 29 31 25 27 27
31 15 34 7 19 25 20 19 3 15 14 35 15 11 14 18 10 28 37 20 29 0 13 21 13 14 15 18 11 18 33
26 20 22 11 27 15 18 11 14 11 8 25 27 24 26 5 12 17 26 13 29 13 0 31 15 21 2 5 4 6 22
52 13 47 28 35 34 41 40 23 36 35 44 8 16 9 36 31 48 57 41 49 21 31 0 17 33 33 36 32 37 53
40 5 30 18 32 17 31 26 16 25 22 27 17 19 16 19 21 32 41 28 41 13 15 17 0 27 17 19 18 21 37
23 29 41 10 6 36 12 19 11 13 16 45 25 17 24 24 9 27 36 18 16 14 21 33 27 0 21 24 17 23 32
24 22 20 11 27 16 18 9 16 11 8 24 29 26 28 3 12 15 24 11 29 15 2 33 17 21 0 3 4 4 20
25 24 17 14 30 14 20 9 19 13 10 21 32 29 31 0 15 15 24 12 31 18 5 36 19 24 3 0 7 4 20
22 22 24 7 23 19 14 8 12 7 4 28 26 22 25 7 8 17 26 10 25 11 4 32 18 17 4 7 0 7 22
21 26 20 14 29 18 16 5 19 10 7 25 33 29 32 4 14 11 20 8 27 18 6 37 21 23 4 4 7 0 16
14 42 27 27 36 32 20 14 32 19 19 35 48 43 47 20 25 5 4 14 27 33 22 53 37 32 20 20 22 16 0
0 617
364 610
277 523
285 531
199 445
115 361
111 357
132 378
30 276
57 303
306 552
318 564
62 308
233 479
181 427
337 583
137 383
25 271
171 417
74 320
147 393
155 401
341 587
64 310
300 546
170 416
129 375
99 345
350 596
253 499
259 505
0
60
45
61
56
20
17
79
64
70
48
56
21
33
58
55
50
61
32
61
76
67
31
40
58
27
62
50
58
59
28
