31
976
0 31 57 22 22 8 28 48 27 43 17 20 37 41 25 30 16 49 44 15 34 23 6 37 34 40 12 22 34 46 22
31 0 30 9 13 24 22 18 4 16 17 16 22 15 14 7 16 22 18 18 15 14 28 10 4 33 25 10 16 15 21
57 30 0 37 43 51 34 13 33 35 40 37 26 16 44 27 45 8 13 43 41 34 55 33 26 35 47 39 24 21 38
22 9 37 0 7 15 19 26 5 23 8 9 24 21 10 10 8 29 24 9 18 9 19 17 12 32 16 3 18 24 15
22 13 43 7 0 14 26 31 10 21 15 16 31 27 3 17 6 35 30 14 12 16 18 15 17 39 21 4 25 27 22
8 24 51 15 14 0 25 41 20 35 12 15 33 35 17 24 8 43 38 9 26 18 4 29 27 37 10 14 29 39 19
28 22 34 19 26 25 0 29 21 38 14 11 9 19 29 15 24 26 21 17 37 10 29 32 22 13 16 22 10 34 6
48 18 13 26 31 41 29 0 21 22 31 29 25 10 32 18 33 7 10 34 28 26 45 20 14 36 39 27 19 8 33
27 4 33 5 10 20 21 21 0 19 13 12 22 17 13 7 12 25 20 14 16 11 24 13 7 33 21 6 16 19 18
43 16 35 23 21 35 38 22 19 0 31 31 38 27 19 23 27 29 30 32 10 30 39 6 17 49 39 21 32 14 37
17 17 40 8 15 12 14 31 13 31 0 3 21 24 18 13 10 32 27 3 26 6 16 25 19 27 8 11 17 31 9
20 16 37 9 16 15 11 29 12 31 3 0 18 21 19 11 13 29 24 6 27 3 19 25 18 24 10 12 14 30 6
37 22 26 24 31 33 9 25 22 38 21 18 0 15 34 15 30 20 15 24 37 15 37 32 21 11 25 27 6 30 15
41 15 16 21 27 35 19 10 17 27 24 21 15 0 29 11 29 8 3 27 29 18 39 22 12 26 31 23 9 16 23
25 14 44 10 3 17 29 32 13 19 18 19 34 29 0 20 9 36 32 17 9 19 20 14 18 42 24 7 28 27 25
30 7 27 10 17 24 15 18 7 23 13 11 15 11 20 0 18 19 14 16 22 8 28 17 7 26 21 13 9 19 15
16 16 45 8 6 8 24 33 12 27 10 13 30 29 9 18 0 37 32 8 18 15 12 21 19 37 15 6 25 31 19
49 22 8 29 35 43 26 7 25 29 32 29 20 8 36 19 37 0 5 35 35 26 47 27 18 31 39 31 16 15 30
44 18 13 24 30 38 21 10 20 30 27 24 15 3 32 14 32 5 0 30 32 21 42 25 15 26 34 26 11 17 25
15 18 43 9 14 9 17 34 14 32 3 6 24 27 17 16 8 35 30 0 26 9 13 26 21 29 7 11 20 33 11
34 15 41 18 12 26 37 28 16 10 26 27 37 29 9 22 18 35 32 26 0 27 29 8 17 48 33 15 31 21 33
23 14 34 9 16 18 10 26 11 30 6 3 15 18 19 8 15 26 21 9 27 0 22 24 15 23 13 12 11 27 7
6 28 55 19 18 4 29 45 24 39 16 19 37 39 20 28 12 47 42 13 29 22 0 33 31 41 14 18 33 43 23
37 10 33 17 15 29 32 20 13 6 25 25 32 22 14 17 21 27 25 26 8 24 33 0 11 43 33 15 26 13 31
34 4 26 12 17 27 22 14 7 17 19 18 21 12 18 7 19 18 15 21 17 15 31 11 0 32 27 13 15 12 22
40 33 35 32 39 37 13 36 33 49 27 24 11 26 42 26 37 31 26 29 48 23 41 43 32 0 28 35 17 41 18
12 25 47 16 21 10 16 39 21 39 8 10 25 31 24 21 15 39 34 7 33 13 14 33 27 28 0 18 24 39 10
22 10 39 3 4 14 22 27 6 21 11 12 27 23 7 13 6 31 26 11 15 12 18 15 13 35 18 0 21 25 18
34 16 24 18 25 29 10 19 16 32 17 14 6 9 28 9 25 16 11 20 31 11 33 26 15 17 24 21 0 24 14
46 15 21 24 27 39 34 8 19 14 31 30 30 16 27 19 31 15 17 33 21 27 43 13 12 41 39 25 24 0 34
22 21 38 15 22 19 6 33 18 37 9 6 15 23 25 15 19 30 25 11 33 7 23 31 22 18 10 18 14 34 0
0 425
243 413
140 310
202 372
37 207
76 246
47 217
49 219
31 201
55 225
186 356
167 337
246 416
9 179
213 383
147 317
2 172
30 200
75 245
177 347
14 184
119 289
253 423
227 397
101 271
230 400
90 260
186 356
223 393
23 193
245 415
0
43
60
63
62
44
47
21
60
47
32
57
62
61
56
40
58
21
83
44
39
43
55
37
72
37
23
86
59
63
26
