31
974
0 9 25 6 39 13 26 34 14 43 15 10 11 15 13 25 44 28 12 32 18 27 33 3 15 10 25 28 11 33 35
9 0 32 10 48 9 33 43 20 52 14 9 17 6 22 33 53 37 18 38 27 36 40 11 14 15 34 37 12 39 44
25 32 0 22 20 29 3 21 30 21 39 35 30 38 19 1 23 28 15 12 19 12 35 27 39 33 14 18 23 40 15
6 10 22 0 40 9 23 36 20 43 20 16 17 16 17 23 44 33 8 28 22 28 38 9 20 16 26 30 5 39 35
39 48 20 40 0 48 23 10 36 8 47 47 38 54 27 19 7 25 34 31 23 12 31 39 47 41 15 13 42 37 5
13 9 29 9 48 0 29 45 27 49 23 18 24 11 25 29 51 41 14 32 30 37 46 16 23 23 35 39 6 46 43
26 33 3 23 23 29 0 24 33 22 41 36 33 39 22 4 24 31 15 9 22 15 38 29 41 35 17 21 23 43 18
34 43 21 36 10 45 24 0 28 18 40 41 31 49 21 20 17 15 32 33 16 9 21 33 40 34 10 6 39 27 11
14 20 30 20 36 27 33 28 0 42 12 14 3 25 11 29 42 17 23 41 13 25 20 11 12 6 21 23 25 19 33
43 52 21 43 8 49 22 18 42 0 53 52 44 58 32 20 2 33 35 27 29 17 39 44 53 47 21 21 43 45 9
15 14 39 20 47 23 41 40 12 53 0 5 9 16 21 38 53 29 27 47 24 36 32 12 0 6 32 34 25 28 44
10 9 35 16 47 18 36 41 14 52 5 0 11 12 20 35 52 31 22 42 25 35 34 8 5 8 32 35 20 32 43
11 17 30 17 38 24 33 31 3 44 9 11 0 22 12 30 44 20 22 41 15 27 23 8 9 3 23 25 22 22 35
15 6 38 16 54 11 39 49 25 58 16 12 22 0 28 39 59 42 24 43 33 42 45 16 16 20 40 43 17 44 50
13 22 19 17 27 25 22 21 11 32 21 20 12 28 0 18 32 16 16 31 5 15 22 12 21 15 12 15 21 24 23
25 33 1 23 19 29 4 20 29 20 38 35 30 39 18 0 22 27 15 13 18 11 34 27 38 32 13 17 23 39 14
44 53 23 44 7 51 24 17 42 2 53 52 44 59 32 22 0 32 37 29 29 17 38 44 53 47 21 20 45 44 9
28 37 28 33 25 41 31 15 17 33 29 31 20 42 16 27 32 0 31 40 11 17 7 26 29 23 14 12 37 13 24
12 18 15 8 34 14 15 32 23 35 27 22 22 24 16 15 37 31 0 20 20 23 38 15 27 22 22 26 8 40 29
32 38 12 28 31 32 9 33 41 27 47 42 41 43 31 13 29 40 20 0 31 24 47 35 47 42 26 30 26 52 26
18 27 19 22 23 30 22 16 13 29 24 25 15 33 5 18 29 11 20 31 0 12 18 17 24 18 8 10 26 21 20
27 36 12 28 12 37 15 9 25 17 36 35 27 42 15 11 17 17 23 24 12 0 24 27 36 30 4 6 31 30 8
33 40 35 38 31 46 38 21 20 39 32 34 23 45 22 34 38 7 38 47 18 24 0 30 32 26 21 19 43 6 31
3 11 27 9 39 16 29 33 11 44 12 8 8 16 12 27 44 26 15 35 17 27 30 0 12 7 24 27 14 30 35
15 14 39 20 47 23 41 40 12 53 0 5 9 16 21 38 53 29 27 47 24 36 32 12 0 6 32 34 25 28 44
10 15 33 16 41 23 35 34 6 47 6 8 3 20 15 32 47 23 22 42 18 30 26 7 6 0 26 28 21 24 38
25 34 14 26 15 35 17 10 21 21 32 32 23 40 12 13 21 14 22 26 8 4 21 24 32 26 0 4 29 27 12
28 37 18 30 13 39 21 6 23 21 34 35 25 43 15 17 20 12 26 30 10 6 19 27 34 28 4 0 33 25 12
11 12 23 5 42 6 23 39 25 43 25 20 22 17 21 23 45 37 8 26 26 31 43 14 25 21 29 33 0 44 37
33 39 40 39 37 46 43 27 19 45 28 32 22 44 24 39 44 13 40 52 21 30 6 30 28 24 27 25 44 0 37
35 44 15 35 5 43 18 11 33 9 44 43 35 50 23 14 9 24 29 26 20 8 31 35 44 38 12 12 37 37 0
0 319
26 153
117 244
40 167
158 285
137 264
65 192
76 203
36 163
8 135
82 209
159 286
170 297
52 179
39 166
141 268
22 149
23 150
22 149
4 131
76 203
113 240
42 169
51 178
164 291
10 137
104 231
31 158
72 199
71 198
67 194
0
58
42
26
29
70
42
25
21
41
54
56
62
37
56
76
31
84
60
69
24
57
61
66
62
19
58
70
27
39
75
