31
975
0 50 15 57 26 37 26 44 36 26 43 30 40 16 54 34 44 33 26 23 16 29 40 40 10 42 33 31 36 45 19
50 0 36 7 24 24 26 42 22 24 17 20 14 36 7 16 37 38 37 36 35 25 14 39 47 14 22 19 34 31 31
15 36 0 43 12 22 17 31 21 12 28 16 26 12 40 21 30 32 25 22 1 22 26 27 11 32 18 17 22 30 5
57 7 43 0 31 29 33 45 27 31 21 27 19 43 5 23 40 44 44 43 42 32 19 43 54 20 27 26 39 34 38
26 24 12 31 0 13 11 29 11 2 17 4 14 16 28 9 27 30 25 23 11 16 14 25 23 21 7 5 20 23 7
37 24 22 29 13 0 24 18 2 15 8 12 10 29 24 18 14 43 38 36 21 29 10 15 31 30 6 15 10 10 20
26 26 17 33 11 24 0 40 22 9 26 13 21 10 32 10 38 19 14 13 16 5 21 36 27 16 18 10 31 34 12
44 42 31 45 29 18 40 0 20 31 25 29 28 42 41 36 5 59 54 51 30 45 28 4 34 48 24 32 9 11 31
36 22 21 27 11 2 22 20 0 13 7 10 8 27 23 16 16 41 36 34 20 27 8 17 31 28 4 13 12 12 18
26 24 12 31 2 15 9 31 13 0 19 5 15 15 29 9 29 28 23 21 11 14 15 27 23 20 9 5 22 25 7
43 17 28 21 17 8 26 25 7 19 0 14 5 33 16 17 20 45 40 39 27 30 5 22 38 26 10 16 18 14 24
30 20 16 27 4 12 13 29 10 5 14 0 10 20 24 7 26 32 27 26 15 17 10 25 27 19 6 3 20 22 11
40 14 26 19 14 10 21 28 8 15 5 10 0 29 15 12 24 40 35 34 25 25 0 25 36 21 8 11 20 18 21
16 36 12 43 16 29 10 42 27 15 33 20 29 0 42 20 41 20 13 10 13 13 29 38 19 26 23 18 33 39 11
54 7 40 5 28 24 32 41 23 29 16 24 15 42 0 22 36 45 44 43 39 32 15 38 51 21 23 24 34 30 35
34 16 21 23 9 18 10 36 16 9 17 7 12 20 22 0 32 28 24 23 20 13 12 32 32 12 12 4 27 28 16
44 37 30 40 27 14 38 5 16 29 20 26 24 41 36 32 0 57 52 50 29 43 24 6 35 44 20 29 8 6 30
33 38 32 44 30 43 19 59 41 28 45 32 40 20 45 28 57 0 7 10 32 15 40 55 39 24 37 29 50 53 30
26 37 25 44 25 38 14 54 36 23 40 27 35 13 44 24 52 7 0 3 25 12 35 50 32 24 32 24 45 48 23
23 36 22 43 23 36 13 51 34 21 39 26 34 10 43 23 50 10 3 0 23 11 34 47 29 24 30 23 42 46 20
16 35 1 42 11 21 16 30 20 11 27 15 25 13 39 20 29 32 25 23 0 21 25 26 12 31 17 16 21 29 4
29 25 22 32 16 29 5 45 27 14 30 17 25 13 32 13 43 15 12 11 21 0 25 41 32 13 23 14 36 39 17
40 14 26 19 14 10 21 28 8 15 5 10 0 29 15 12 24 40 35 34 25 25 0 25 36 21 8 11 20 18 21
40 39 27 43 25 15 36 4 17 27 22 25 25 38 38 32 6 55 50 47 26 41 25 0 30 44 20 28 5 11 27
10 47 11 54 23 31 27 34 31 23 38 27 36 19 51 32 35 39 32 29 12 32 36 30 0 43 28 28 27 37 16
42 14 32 20 21 30 16 48 28 20 26 19 21 26 21 12 44 24 24 24 31 13 21 44 43 0 24 16 39 39 27
33 22 18 27 7 6 18 24 4 9 10 6 8 23 23 12 20 37 32 30 17 23 8 20 28 24 0 9 15 16 14
31 19 17 26 5 15 10 32 13 5 16 3 11 18 24 4 29 29 24 23 16 14 11 28 28 16 9 0 23 25 12
36 34 22 39 20 10 31 9 12 22 18 20 20 33 34 27 8 50 45 42 21 36 20 5 27 39 15 23 0 10 22
45 31 30 34 23 10 34 11 12 25 14 22 18 39 30 28 6 53 48 46 29 39 18 11 37 39 16 25 10 0 29
19 31 5 38 7 20 12 31 18 7 24 11 21 11 35 16 30 30 23 20 4 17 21 27 16 27 14 12 22 29 0
0 638
109 172
537 600
426 489
543 606
190 253
411 474
322 385
215 278
428 491
167 230
298 361
38 101
165 228
303 366
155 218
5 68
530 593
409 472
123 186
14 77
452 515
416 479
158 221
49 112
176 239
167 230
98 161
106 169
405 468
399 462
0
36
55
55
44
46
31
60
68
83
29
41
44
56
17
29
58
55
33
63
59
27
31
50
50
27
85
81
76
61
49
