31
975
0 31 5 29 11 6 10 8 7 3 39 29 20 23 33 0 29 15 21 38 13 46 19 10 33 22 33 31 34 5 13
31 0 36 5 31 29 26 34 37 34 10 28 16 14 19 31 49 25 10 44 41 31 17 21 27 10 31 41 41 26 18
5 36 0 34 16 11 12 13 9 3 44 34 25 26 38 5 32 20 26 43 15 51 24 15 38 27 38 36 39 10 18
29 5 34 0 26 27 25 30 35 32 15 23 11 14 14 29 44 20 9 39 36 27 12 19 22 8 26 36 36 24 17
11 31 16 26 0 5 17 4 10 14 40 18 15 25 25 11 21 6 22 27 10 36 14 12 23 21 22 20 23 9 15
6 29 11 27 5 0 12 5 8 9 37 23 16 21 28 6 26 9 19 32 12 40 15 8 27 20 27 25 28 4 11
10 26 12 25 17 12 0 17 17 9 33 31 18 14 32 10 38 18 16 44 23 45 18 8 35 17 35 37 40 8 9
8 34 13 30 4 5 17 0 6 11 42 22 19 26 29 8 21 10 24 30 7 40 18 13 27 25 26 23 26 9 16
7 37 9 35 10 8 17 6 0 10 45 28 24 29 35 7 23 16 27 34 6 46 23 16 33 28 32 27 30 11 19
3 34 3 32 14 9 9 11 10 0 42 32 23 23 36 3 32 18 24 41 16 49 22 13 36 25 36 34 37 8 16
39 10 44 15 40 37 33 42 45 42 0 38 26 19 28 39 59 35 18 54 49 38 27 29 37 19 41 51 51 34 26
29 28 34 23 18 23 31 22 28 32 38 0 16 31 12 29 22 14 25 16 26 18 15 23 5 23 4 13 13 25 24
20 16 25 11 15 16 18 19 24 23 26 16 0 15 14 20 33 9 9 32 25 27 1 10 18 7 20 27 28 15 9
23 14 26 14 25 21 14 26 29 23 19 31 15 0 27 23 45 21 6 47 33 40 16 13 32 8 35 41 43 18 10
33 19 38 14 25 28 32 29 35 36 28 12 14 27 0 33 34 19 21 26 35 13 14 24 9 19 13 25 25 28 23
0 31 5 29 11 6 10 8 7 3 39 29 20 23 33 0 29 15 21 38 13 46 19 10 33 22 33 31 34 5 13
29 49 32 44 21 26 38 21 23 32 59 22 33 45 34 29 0 24 41 16 17 38 32 33 27 40 23 10 13 30 36
15 25 20 20 6 9 18 10 16 18 35 14 9 21 19 15 24 0 17 27 16 31 8 10 18 16 18 20 23 11 12
21 10 26 9 22 19 16 24 27 24 18 25 9 6 21 21 41 17 0 41 31 34 10 11 26 2 29 36 37 16 8
38 44 43 39 27 32 44 30 34 41 54 16 32 47 26 38 16 27 41 0 29 25 31 37 17 39 13 7 4 36 39
13 41 15 36 10 12 23 7 6 16 49 26 25 33 35 13 17 16 31 29 0 44 24 20 31 31 29 22 25 16 23
46 31 51 27 36 40 45 40 46 49 38 18 27 40 13 46 38 31 34 25 44 0 27 37 13 32 16 28 26 41 36
19 17 24 12 14 15 18 18 23 22 27 15 1 16 14 19 32 8 10 31 24 27 0 10 17 8 19 26 27 14 9
10 21 15 19 12 8 8 13 16 13 29 23 10 13 24 10 33 10 11 37 20 37 10 0 27 12 27 30 33 5 3
33 27 38 22 23 27 35 27 33 36 37 5 18 32 9 33 27 18 26 17 31 13 17 27 0 24 4 17 16 29 26
22 10 27 8 21 20 17 25 28 25 19 23 7 8 19 22 40 16 2 39 31 32 8 12 24 0 27 34 35 17 9
33 31 38 26 22 27 35 26 32 36 41 4 20 35 13 33 23 18 29 13 29 16 19 27 4 27 0 13 12 29 28
31 41 36 36 20 25 37 23 27 34 51 13 27 41 25 31 10 20 36 7 22 28 26 30 17 34 13 0 3 29 32
34 41 39 36 23 28 40 26 30 37 51 13 28 43 25 34 13 23 37 4 25 26 27 33 16 35 12 3 0 32 35
5 26 10 24 9 4 8 9 11 8 34 25 15 18 28 5 30 11 16 36 16 41 14 5 29 17 29 29 32 0 8
13 18 18 17 15 11 9 16 19 16 26 24 9 10 23 13 36 12 8 39 23 36 9 3 26 9 28 32 35 8 0
0 212
125 167
37 79
153 195
133 175
149 191
81 123
166 208
166 208
155 197
27 69
69 111
142 184
95 137
169 211
154 196
169 211
112 154
87 129
150 192
20 62
90 132
149 191
8 50
161 203
104 146
31 73
85 127
163 205
22 64
11 53
0
47
81
58
49
67
18
67
55
55
51
32
37
61
76
70
54
46
19
58
48
25
61
42
46
32
70
31
24
32
87
