31
976
0 19 10 4 33 17 11 29 32 13 25 32 8 20 39 18 25 32 31 23 24 41 10 20 33 9 32 24 38 22 12
19 0 15 17 35 29 16 36 37 6 21 20 27 27 33 35 40 36 41 30 43 53 18 37 38 20 29 43 46 36 9
10 15 0 12 24 14 1 21 24 10 15 22 16 12 29 28 25 24 26 15 32 38 3 22 25 17 22 32 31 21 13
4 17 12 0 36 21 13 32 35 12 27 32 12 23 41 18 29 35 35 26 27 45 13 24 36 5 34 27 42 26 8
33 35 24 36 0 20 23 7 3 32 15 23 33 13 16 47 29 2 15 11 45 28 23 29 3 41 7 45 14 26 37
17 29 14 21 20 0 13 14 18 24 22 32 14 8 33 28 12 19 14 9 25 24 11 10 19 26 23 25 21 8 27
11 16 1 13 23 13 0 20 23 11 15 22 15 11 29 28 24 23 25 14 31 37 2 21 24 18 21 31 30 20 14
29 36 21 32 7 14 20 0 4 31 18 28 28 9 23 42 22 5 8 6 38 22 19 22 5 37 13 38 10 19 34
32 37 24 35 3 18 23 4 0 33 17 26 32 12 19 46 26 1 12 10 42 25 22 26 1 40 10 42 11 23 37
13 6 10 12 32 24 11 31 33 0 20 21 21 22 33 30 35 33 36 25 37 48 13 32 34 16 28 37 41 31 6
25 21 15 27 15 22 15 18 17 20 0 10 30 14 14 43 33 16 26 16 46 40 17 32 18 32 8 46 28 29 26
32 20 22 32 23 32 22 28 26 21 10 0 37 24 13 50 43 25 36 26 53 50 24 42 26 37 16 53 37 39 27
8 27 16 12 33 14 15 28 32 21 30 37 0 20 43 14 18 32 28 22 16 35 13 13 33 15 34 16 35 15 20
20 27 12 23 13 8 11 9 12 22 14 24 20 0 25 34 19 12 14 3 33 27 10 18 13 28 15 33 19 15 25
39 33 29 41 16 33 29 23 19 33 14 13 43 25 0 57 43 18 31 24 58 44 30 42 19 46 10 58 30 39 39
18 35 28 18 47 28 28 42 46 30 43 50 14 34 57 0 28 46 41 36 12 45 27 23 47 16 48 12 48 26 26
25 40 25 29 29 12 24 22 26 35 33 43 18 19 43 28 0 27 16 19 20 17 22 5 27 33 33 20 23 4 37
32 36 24 35 2 19 23 5 1 33 16 25 32 12 18 46 27 0 13 10 43 26 22 27 2 40 9 43 12 24 37
31 41 26 35 15 14 25 8 12 36 26 36 28 14 31 41 16 13 0 11 34 14 24 18 13 40 21 34 7 15 39
23 30 15 26 11 9 14 6 10 25 16 26 22 3 24 36 19 10 11 0 34 25 13 18 11 31 14 34 16 15 28
24 43 32 27 45 25 31 38 42 37 46 53 16 33 58 12 20 43 34 34 0 37 29 16 43 26 48 0 41 19 35
41 53 38 45 28 24 37 22 25 48 40 50 35 27 44 45 17 26 14 25 37 0 35 22 26 50 35 37 15 20 51
10 18 3 13 23 11 2 19 22 13 17 24 13 10 30 27 22 22 24 13 29 35 0 19 23 18 22 29 29 18 16
20 37 22 24 29 10 21 22 26 32 32 42 13 18 42 23 5 27 18 18 16 22 19 0 27 28 32 16 25 3 32
33 38 25 36 3 19 24 5 1 34 18 26 33 13 19 47 27 2 13 11 43 26 23 27 0 41 10 43 11 24 38
9 20 17 5 41 26 18 37 40 16 32 37 15 28 46 16 33 40 40 31 26 50 18 28 41 0 39 26 47 30 11
32 29 22 34 7 23 21 13 10 28 8 16 34 15 10 48 33 9 21 14 48 35 22 32 10 39 0 48 21 29 34
24 43 32 27 45 25 31 38 42 37 46 53 16 33 58 12 20 43 34 34 0 37 29 16 43 26 48 0 41 19 35
38 46 31 42 14 21 30 10 11 41 28 37 35 19 30 48 23 12 7 16 41 15 29 25 11 47 21 41 0 22 44
22 36 21 26 26 8 20 19 23 31 29 39 15 15 39 26 4 24 15 15 19 20 18 3 24 30 29 19 22 0 33
12 9 13 8 37 27 14 34 37 6 26 27 20 25 39 26 37 37 39 28 35 51 16 32 38 11 34 35 44 33 0
0 425
37 249
48 260
142 354
190 402
189 401
31 243
74 286
96 308
145 357
67 279
93 305
17 229
23 235
85 297
18 230
189 401
57 269
69 281
159 371
128 340
194 406
32 244
78 290
205 417
161 373
210 422
116 328
177 389
143 355
95 307
0
16
20
63
54
65
26
23
60
55
61
68
53
68
47
64
40
71
81
30
61
11
65
65
18
32
27
50
70
64
73
