31
977
0 11 9 33 37 39 30 21 45 34 36 34 39 22 30 37 18 29 49 6 36 39 33 15 4 29 41 11 42 11 35
11 0 5 25 26 29 25 10 34 23 32 29 28 11 19 32 9 20 38 5 28 28 23 6 7 26 32 6 32 0 26
9 5 0 24 29 34 30 15 37 27 37 34 33 16 24 37 14 25 43 4 27 33 28 11 7 30 37 2 33 5 31
33 25 24 0 17 38 47 26 24 22 53 50 27 25 22 53 30 37 33 28 3 27 34 29 31 49 41 22 14 25 38
37 26 29 17 0 23 37 19 8 6 43 40 10 18 9 43 24 26 16 31 18 10 19 26 33 41 25 27 9 26 23
39 29 34 38 23 0 22 19 23 17 26 23 14 18 16 26 21 12 21 33 39 14 6 24 35 26 3 34 32 29 4
30 25 30 47 37 22 0 21 41 31 7 4 32 22 28 7 17 11 41 27 50 32 19 19 26 4 23 31 46 25 18
21 10 15 26 19 19 21 0 25 14 27 24 19 1 10 27 5 12 29 15 29 19 13 7 17 23 22 15 27 10 16
45 34 37 24 8 23 41 25 0 11 47 44 9 24 15 47 30 30 10 39 23 9 22 32 41 45 25 35 10 34 25
34 23 27 22 6 17 31 14 11 0 37 34 6 13 4 37 19 20 16 28 23 6 13 21 30 35 19 26 15 23 17
36 32 37 53 43 26 7 27 47 37 0 3 38 28 34 1 24 17 46 33 56 38 25 26 32 7 26 38 52 32 22
34 29 34 50 40 23 4 24 44 34 3 0 35 25 31 3 21 14 43 31 53 35 22 23 30 6 23 35 49 29 19
39 28 33 27 10 14 32 19 9 6 38 35 0 18 9 38 24 21 10 33 28 0 13 26 35 36 16 31 18 28 16
22 11 16 25 18 18 22 1 24 13 28 25 18 0 9 28 6 12 28 16 28 18 12 8 18 24 21 16 26 11 15
30 19 24 22 9 16 28 10 15 4 34 31 9 9 0 34 15 17 19 24 23 9 12 17 26 32 19 22 18 19 16
37 32 37 53 43 26 7 27 47 37 1 3 38 28 34 0 24 17 46 34 56 38 25 26 33 8 26 38 52 32 22
18 9 14 30 24 21 17 5 30 19 24 21 24 6 15 24 0 11 34 12 33 24 15 3 14 19 23 15 32 9 17
29 20 25 37 26 12 11 12 30 20 17 14 21 12 17 17 11 0 30 23 40 21 8 14 25 15 14 26 35 20 8
49 38 43 33 16 21 41 29 10 16 46 43 10 28 19 46 34 30 0 43 33 10 22 36 45 45 21 41 20 38 24
6 5 4 28 31 33 27 15 39 28 33 31 33 16 24 34 12 23 43 0 31 33 27 9 3 26 35 6 37 5 29
36 28 27 3 18 39 50 29 23 23 56 53 28 28 23 56 33 40 33 31 0 28 35 32 34 52 42 25 13 28 39
39 28 33 27 10 14 32 19 9 6 38 35 0 18 9 38 24 21 10 33 28 0 13 26 35 36 16 31 18 28 16
33 23 28 34 19 6 19 13 22 13 25 22 13 12 12 25 15 8 22 27 35 13 0 18 29 23 9 28 28 23 4
15 6 11 29 26 24 19 7 32 21 26 23 26 8 17 26 3 14 36 9 32 26 18 0 11 20 26 12 33 6 20
4 7 7 31 33 35 26 17 41 30 32 30 35 18 26 33 14 25 45 3 34 35 29 11 0 25 37 9 39 7 31
29 26 30 49 41 26 4 23 45 35 7 6 36 24 32 8 19 15 45 26 52 36 23 20 25 0 27 32 50 26 22
41 32 37 41 25 3 23 22 25 19 26 23 16 21 19 26 23 14 21 35 42 16 9 26 37 27 0 37 34 32 6
11 6 2 22 27 34 31 15 35 26 38 35 31 16 22 38 15 26 41 6 25 31 28 12 9 32 37 0 31 6 31
42 32 33 14 9 32 46 27 10 15 52 49 18 26 18 52 32 35 20 37 13 18 28 33 39 50 34 31 0 32 32
11 0 5 25 26 29 25 10 34 23 32 29 28 11 19 32 9 20 38 5 28 28 23 6 7 26 32 6 32 0 26
35 26 31 38 23 4 18 16 25 17 22 19 16 15 16 22 17 8 24 29 39 16 4 20 31 22 6 31 32 26 0
0 638
183 502
102 421
199 518
163 482
212 531
22 341
308 627
250 569
218 537
314 633
310 629
38 357
142 461
268 587
136 455
229 548
301 620
221 540
18 337
195 514
241 560
150 469
138 457
111 430
67 386
131 450
266 585
84 403
130 449
249 568
0
31
44
88
86
44
26
20
71
72
41
41
21
64
56
18
49
50
51
42
54
48
52
65
70
88
43
40
38
53
36
