31
976
0 18 40 10 39 5 20 30 19 32 19 22 29 7 20 17 31 5 19 11 19 39 28 30 39 21 20 13 14 35 11
18 0 48 18 44 14 37 42 33 50 34 37 47 24 38 15 43 13 37 28 37 46 25 26 48 36 27 25 26 34 14
40 48 0 50 6 39 32 14 26 44 27 26 43 47 40 33 17 40 38 36 38 2 26 26 2 26 21 27 26 20 50
10 18 50 0 49 12 29 40 29 37 29 32 34 8 25 24 41 11 25 20 25 49 35 37 49 31 30 23 24 43 4
39 44 6 49 0 37 34 16 26 46 27 28 45 46 42 29 19 38 40 36 40 4 21 21 8 27 19 26 25 14 48
5 14 39 12 37 0 24 30 20 37 20 23 34 12 25 12 31 1 24 15 24 38 23 25 39 22 18 13 14 31 11
20 37 32 29 34 24 0 18 9 15 8 6 12 21 8 30 16 24 6 9 6 32 35 37 30 7 21 16 16 38 31
30 42 14 40 16 30 18 0 12 30 13 12 29 34 26 28 3 31 24 22 24 14 27 28 12 12 15 17 16 25 41
19 33 26 29 26 20 9 12 0 23 1 4 21 22 17 22 12 21 15 10 15 25 26 28 24 3 12 8 8 29 30
32 50 44 37 46 37 15 30 23 0 22 19 3 29 12 45 27 37 13 22 13 44 49 51 42 20 35 31 31 52 41
19 34 27 29 27 20 8 13 1 22 0 3 20 22 16 23 12 21 14 10 14 26 27 29 25 2 13 9 9 30 30
22 37 26 32 28 23 6 12 4 19 3 0 17 24 14 26 10 24 12 12 12 26 30 32 24 1 16 12 12 33 33
29 47 43 34 45 34 12 29 21 3 20 17 0 26 9 42 26 34 10 19 10 43 47 49 41 18 33 28 28 50 38
7 24 47 8 46 12 21 34 22 29 22 24 26 0 17 24 33 12 17 12 17 46 35 37 46 23 27 20 21 42 12
20 38 40 25 42 25 8 26 17 12 16 14 9 17 0 34 24 25 2 11 2 40 41 43 38 15 28 21 22 45 29
17 15 33 24 29 12 30 28 22 45 23 26 42 24 34 0 30 13 32 23 32 31 11 13 33 25 13 14 14 20 23
31 43 17 41 19 31 16 3 12 27 12 10 26 33 24 30 0 32 22 21 22 17 30 31 15 10 17 18 17 28 42
5 13 40 11 38 1 24 31 21 37 21 24 34 12 25 13 32 0 24 15 24 39 24 26 40 23 19 14 15 32 10
19 37 38 25 40 24 6 24 15 13 14 12 10 17 2 32 22 24 0 9 0 38 39 41 36 13 26 19 20 43 29
11 28 36 20 36 15 9 22 10 22 10 12 19 12 11 23 21 15 9 0 9 35 31 33 34 11 18 11 12 35 22
19 37 38 25 40 24 6 24 15 13 14 12 10 17 2 32 22 24 0 9 0 38 39 41 36 13 26 19 20 43 29
39 46 2 49 4 38 32 14 25 44 26 26 43 46 40 31 17 39 38 35 38 0 24 24 4 25 20 26 25 18 49
28 25 26 35 21 23 35 27 26 49 27 30 47 35 41 11 30 24 39 31 39 24 0 2 27 29 14 20 19 9 34
30 26 26 37 21 25 37 28 28 51 29 32 49 37 43 13 31 26 41 33 41 24 2 0 28 31 16 22 21 8 36
39 48 2 49 8 39 30 12 24 42 25 24 41 46 38 33 15 40 36 34 36 4 27 28 0 24 21 26 25 22 50
21 36 26 31 27 22 7 12 3 20 2 1 18 23 15 25 10 23 13 11 13 25 29 31 24 0 15 11 11 32 32
20 27 21 30 19 18 21 15 12 35 13 16 33 27 28 13 17 19 26 18 26 20 14 16 21 15 0 7 6 17 29
13 25 27 23 26 13 16 17 8 31 9 12 28 20 21 14 18 14 19 11 19 26 20 22 26 11 7 0 1 24 24
14 26 26 24 25 14 16 16 8 31 9 12 28 21 22 14 17 15 20 12 20 25 19 21 25 11 6 1 0 23 25
35 34 20 43 14 31 38 25 29 52 30 33 50 42 45 20 28 32 43 35 43 18 9 8 22 32 17 24 23 0 42
11 14 50 4 48 11 31 41 30 41 30 33 38 12 29 23 42 10 29 22 29 49 34 36 50 32 29 24 25 42 0
0 447
84 262
130 308
175 353
252 430
15 193
204 382
110 288
20 198
89 267
205 383
100 278
229 407
65 243
12 190
10 188
167 345
143 321
247 425
242 420
96 274
159 337
249 427
73 251
193 371
12 190
191 369
106 284
126 304
160 338
167 345
0
50
71
53
23
60
76
46
56
27
34
57
24
56
44
34
57
21
59
42
26
68
54
80
46
66
80
24
51
44
72
