31
974
0 20 16 18 31 7 15 46 19 13 14 17 18 27 22 28 13 16 32 24 3 43 25 20 31 7 40 23 17 20 22
20 0 28 21 30 27 31 35 19 33 23 31 25 12 2 41 14 30 12 37 18 32 35 11 12 17 35 24 33 7 30
16 28 0 10 21 14 7 39 12 15 30 3 5 39 30 13 15 2 39 9 19 36 9 21 34 12 31 14 6 32 7
18 21 10 0 13 20 17 30 2 24 30 13 5 33 22 21 7 12 29 17 19 27 14 11 24 11 22 5 16 26 9
31 30 21 13 0 33 27 20 13 35 43 23 16 42 31 24 20 22 34 21 32 18 17 19 28 24 10 8 26 37 14
7 27 14 20 33 0 9 50 21 6 19 13 17 34 29 23 18 12 39 20 10 47 22 25 37 11 42 25 11 27 20
15 31 7 17 27 9 0 46 19 8 28 4 12 41 33 14 19 5 43 11 18 43 13 26 39 14 37 21 2 34 13
46 35 39 30 20 50 46 0 29 54 57 42 34 45 34 44 33 41 32 41 47 3 37 27 26 40 11 25 45 42 34
19 19 12 2 13 21 19 29 0 25 31 15 7 31 20 23 7 14 27 19 20 26 16 9 22 12 22 5 18 26 11
13 33 15 24 35 6 8 54 25 0 24 12 20 40 35 22 23 13 45 19 16 51 21 30 42 16 45 29 10 33 21
14 23 30 30 43 19 28 57 31 24 0 31 31 25 25 42 25 30 34 38 11 54 39 30 35 19 52 35 30 18 36
17 31 3 13 23 13 4 42 15 12 31 0 8 41 32 11 17 1 41 7 20 39 9 24 37 14 33 17 3 34 9
18 25 5 5 16 17 12 34 7 20 31 8 0 37 26 16 11 7 34 12 20 31 10 16 29 12 26 9 11 30 5
27 12 39 33 42 34 41 45 31 40 25 41 37 0 12 52 26 40 14 48 24 42 47 23 19 27 46 36 43 7 42
22 2 30 22 31 29 33 34 20 35 25 32 26 12 0 42 15 31 10 38 20 31 36 12 10 19 34 25 35 9 31
28 41 13 21 24 23 14 44 23 22 42 11 16 52 42 0 27 12 50 4 31 42 7 32 45 25 34 22 12 45 12
13 14 15 7 20 18 19 33 7 23 25 17 11 26 15 27 0 16 24 23 14 30 21 7 20 7 28 12 20 19 16
16 30 2 12 22 12 5 41 14 13 30 1 7 40 31 12 16 0 40 8 19 38 10 23 36 13 32 16 4 33 8
32 12 39 29 34 39 43 32 27 45 34 41 34 14 10 50 24 40 0 46 30 29 43 18 6 29 34 30 44 16 38
24 37 9 17 21 20 11 41 19 19 38 7 12 48 38 4 23 8 46 0 27 39 4 28 41 21 31 18 9 41 8
3 18 19 19 32 10 18 47 20 16 11 20 20 24 20 31 14 19 30 27 0 44 28 20 29 8 41 24 20 17 25
43 32 36 27 18 47 43 3 26 51 54 39 31 42 31 42 30 38 29 39 44 0 35 24 23 37 10 22 42 39 32
25 35 9 14 17 22 13 37 16 21 39 9 10 47 36 7 21 10 43 4 28 35 0 25 38 21 27 15 12 40 5
20 11 21 11 19 25 26 27 9 30 30 24 16 23 12 32 7 23 18 28 20 24 25 0 13 14 24 13 27 18 20
31 12 34 24 28 37 39 26 22 42 35 37 29 19 10 45 20 36 6 41 29 23 38 13 0 26 28 24 40 18 33
7 17 12 11 24 11 14 40 12 16 19 14 12 27 19 25 7 13 29 21 8 37 21 14 26 0 33 16 16 20 17
40 35 31 22 10 42 37 11 22 45 52 33 26 46 34 34 28 32 34 31 41 10 27 24 28 33 0 17 36 42 24
23 24 14 5 8 25 21 25 5 29 35 17 9 36 25 22 12 16 30 18 24 22 15 13 24 16 17 0 20 31 10
17 33 6 16 26 11 2 45 18 10 30 3 11 43 35 12 20 4 44 9 20 42 12 27 40 16 36 20 0 36 12
20 7 32 26 37 27 34 42 26 33 18 34 30 7 9 45 19 33 16 41 17 39 40 18 18 20 42 31 36 0 35
22 30 7 9 14 20 13 34 11 21 36 9 5 42 31 12 16 8 38 8 25 32 5 20 33 17 24 10 12 35 0
0 404
114 114
344 344
189 189
248 248
38 38
144 144
280 280
250 250
220 220
29 29
37 37
111 111
350 350
314 314
391 391
268 268
365 365
120 120
308 308
286 286
216 216
343 343
288 288
328 328
107 107
395 395
394 394
171 171
388 388
62 62
0
42
59
63
81
49
52
61
18
72
44
74
59
71
45
37
28
22
55
38
69
31
32
60
80
28
50
34
39
43
62
