31
975
0 12 6 28 23 23 16 22 30 20 21 5 19 27 27 24 9 13 17 21 27 27 7 10 31 25 28 33 11 37 20
12 0 13 16 14 11 21 29 18 16 23 14 18 15 18 16 21 25 10 17 32 15 19 22 19 29 26 21 16 25 29
6 13 0 28 27 23 10 28 28 26 15 1 13 27 31 20 10 16 13 27 33 27 13 13 32 31 22 34 17 37 16
28 16 28 0 15 5 31 43 7 24 31 29 25 1 18 14 37 41 17 24 42 1 35 38 8 39 29 8 31 9 42
23 14 27 15 0 16 35 29 22 9 37 27 32 16 4 26 32 34 24 9 27 16 27 32 12 24 40 14 19 19 43
23 11 23 5 16 0 26 40 7 23 26 24 20 4 19 10 32 36 12 24 41 4 30 33 13 38 25 13 27 14 37
16 21 10 31 35 26 0 38 29 36 5 11 8 30 39 20 18 25 14 37 43 30 23 22 39 41 13 39 27 40 11
22 29 28 43 29 40 38 0 47 20 43 27 41 43 30 45 24 19 39 21 8 43 17 20 41 9 50 43 13 48 39
30 18 28 7 22 7 29 47 0 30 27 29 21 6 24 9 38 43 15 30 48 6 37 40 15 45 24 15 34 14 40
20 16 26 24 9 23 36 20 30 0 39 25 34 24 10 31 28 28 26 1 18 24 21 26 21 15 42 23 12 28 40
21 23 15 31 37 26 5 43 27 39 0 16 6 30 41 18 23 30 14 40 48 30 28 27 39 46 8 39 32 40 16
5 14 1 29 27 24 11 27 29 25 16 0 14 28 31 21 9 15 14 26 32 28 12 12 33 30 23 35 16 38 16
19 18 13 25 32 20 8 41 21 34 6 14 0 24 36 12 23 29 8 35 46 24 26 26 33 44 9 33 30 34 19
27 15 27 1 16 4 30 43 6 24 30 28 24 0 18 13 36 40 16 24 42 0 34 37 9 39 28 9 30 10 41
27 18 31 18 4 19 39 30 24 10 41 31 36 18 0 29 36 37 28 9 27 18 30 35 12 24 43 14 22 19 47
24 16 20 14 26 10 20 45 9 31 18 21 12 13 29 0 30 36 7 32 48 13 31 33 22 45 15 22 32 23 31
9 21 10 37 32 32 18 24 38 28 23 9 23 36 36 30 0 7 23 29 30 36 7 4 40 29 31 42 16 46 15
13 25 16 41 34 36 25 19 43 28 30 15 29 40 37 36 7 0 29 29 27 40 7 3 44 27 38 46 16 50 20
17 10 13 17 24 12 14 39 15 26 14 14 8 16 28 7 23 29 0 27 42 16 24 26 25 39 16 25 26 26 25
21 17 27 24 9 24 37 21 30 1 40 26 35 24 9 32 29 29 27 0 18 24 22 27 21 15 43 23 13 28 41
27 32 33 42 27 41 43 8 48 18 48 32 46 42 27 48 30 27 42 18 0 42 23 27 39 3 55 41 16 46 45
27 15 27 1 16 4 30 43 6 24 30 28 24 0 18 13 36 40 16 24 42 0 34 37 9 39 28 9 30 10 41
7 19 13 35 27 30 23 17 37 21 28 12 26 34 30 31 7 7 24 22 23 34 0 5 37 22 35 39 9 43 22
10 22 13 38 32 33 22 20 40 26 27 12 26 37 35 33 4 3 26 27 27 37 5 0 41 27 35 43 14 47 19
31 19 32 8 12 13 39 41 15 21 39 33 33 9 12 22 40 44 25 21 39 9 37 41 0 36 37 2 31 7 48
25 29 31 39 24 38 41 9 45 15 46 30 44 39 24 45 29 27 39 15 3 39 22 27 36 0 53 38 14 43 44
28 26 22 29 40 25 13 50 24 42 8 23 9 28 43 15 31 38 16 43 55 28 35 35 37 53 0 37 39 38 24
33 21 34 8 14 13 39 43 15 23 39 35 33 9 14 22 42 46 25 23 41 9 39 43 2 38 37 0 33 5 50
11 16 17 31 19 27 27 13 34 12 32 16 30 30 22 32 16 16 26 13 16 30 9 14 31 14 39 33 0 38 31
37 25 37 9 19 14 40 48 14 28 40 38 34 10 19 23 46 50 26 28 46 10 43 47 7 43 38 5 38 0 51
20 29 16 42 43 37 11 39 40 40 16 16 19 41 47 31 15 20 25 41 45 41 22 19 48 44 24 50 31 51 0
0 340
99 201
5 107
177 279
75 177
106 208
75 177
13 115
228 330
43 145
91 193
219 321
172 274
130 232
203 305
212 314
105 207
99 201
222 324
125 227
78 180
131 233
94 196
21 123
170 272
161 263
75 177
73 175
20 122
108 210
184 286
0
32
58
38
69
78
53
50
58
29
61
51
55
31
45
69
54
34
44
24
41
31
56
37
77
52
61
42
80
29
60
