31
975
0 20 12 31 50 47 46 8 14 19 33 29 34 14 11 19 35 43 25 24 46 28 34 41 43 40 42 13 41 13 29
20 0 14 13 34 43 37 23 10 23 17 16 14 18 9 22 26 37 5 15 39 11 14 26 23 21 22 8 22 9 12
12 14 0 27 39 36 34 9 4 9 22 18 27 4 7 9 23 31 18 12 34 18 28 40 37 30 35 6 31 14 19
31 13 27 0 36 51 45 36 23 36 23 23 6 31 22 35 34 45 10 25 47 18 4 13 12 19 12 21 20 18 18
50 34 39 36 0 26 18 47 36 38 17 21 30 39 40 37 19 23 31 27 21 23 32 47 33 17 31 37 17 43 22
47 43 36 51 26 0 8 41 36 29 29 28 46 33 41 28 17 6 41 28 5 33 48 63 54 38 52 39 38 48 33
46 37 34 45 18 8 0 41 33 29 22 22 40 33 38 28 11 5 35 23 3 27 42 57 46 30 44 35 30 44 27
8 23 9 36 47 41 41 0 13 12 31 27 36 8 14 13 30 37 27 20 40 27 37 47 46 39 44 15 40 19 28
14 10 4 23 36 36 33 13 0 13 19 15 23 8 5 12 22 31 14 10 34 14 24 36 33 26 31 3 27 12 15
19 23 9 36 38 29 29 12 13 0 23 19 35 5 16 1 19 25 26 12 28 22 36 49 44 34 42 15 35 23 23
33 17 22 23 17 29 22 31 19 23 0 4 18 23 23 22 12 23 14 11 24 6 20 35 25 11 23 20 12 26 5
29 16 18 23 21 28 22 27 15 19 4 0 18 19 19 18 11 22 13 7 24 5 20 35 27 15 25 16 16 24 5
34 14 27 6 30 46 40 36 23 35 18 18 0 31 23 34 29 40 9 23 42 14 2 17 10 13 8 21 14 21 13
14 18 4 31 39 33 33 8 8 5 23 19 31 0 11 5 22 29 22 12 32 21 32 44 41 33 39 10 34 18 22
11 9 7 22 40 41 38 14 5 16 23 19 23 11 0 16 27 36 14 15 39 17 23 34 32 29 31 3 30 7 18
19 22 9 35 37 28 28 13 12 1 22 18 34 5 16 0 18 24 25 11 27 21 35 48 43 33 41 15 34 23 22
35 26 23 34 19 17 11 30 22 19 12 11 29 22 27 18 0 11 24 12 13 16 31 46 37 23 35 24 23 33 16
43 37 31 45 23 6 5 37 31 25 23 22 40 29 36 24 11 0 35 22 3 27 42 57 48 32 46 34 33 43 27
25 5 18 10 31 41 35 27 14 26 14 13 9 22 14 25 24 35 0 15 37 8 10 23 19 16 17 12 17 14 9
24 15 12 25 27 28 23 20 10 12 11 7 23 12 15 11 12 22 15 0 25 10 25 38 32 22 30 12 23 21 11
46 39 34 47 21 5 3 40 34 28 24 24 42 32 39 27 13 3 37 25 0 29 44 59 49 33 47 37 33 46 29
28 11 18 18 23 33 27 27 14 22 6 5 14 21 17 21 16 27 8 10 29 0 16 31 22 12 20 15 13 20 1
34 14 28 4 32 48 42 37 24 36 20 20 2 32 23 35 31 42 10 25 44 16 0 15 9 15 8 22 16 21 15
41 26 40 13 47 63 57 47 36 49 35 35 17 44 34 48 46 57 23 38 59 31 15 0 14 30 16 34 30 28 30
43 23 37 12 33 54 46 46 33 44 25 27 10 41 32 43 37 48 19 32 49 22 9 14 0 16 2 31 16 30 22
40 21 30 19 17 38 30 39 26 34 11 15 13 33 29 33 23 32 16 22 33 12 15 30 16 0 14 27 1 30 11
42 22 35 12 31 52 44 44 31 42 23 25 8 39 31 41 35 46 17 30 47 20 8 16 2 14 0 29 14 29 20
13 8 6 21 37 39 35 15 3 15 20 16 21 10 3 15 24 34 12 12 37 15 22 34 31 27 29 0 28 9 16
41 22 31 20 17 38 30 40 27 35 12 16 14 34 30 34 23 33 17 23 33 13 16 30 16 1 14 28 0 31 12
13 9 14 18 43 48 44 19 12 23 26 24 21 18 7 23 33 43 14 21 46 20 21 28 30 30 29 9 31 0 21
29 12 19 18 22 33 27 28 15 23 5 5 13 22 18 22 16 27 9 11 29 1 15 30 22 11 20 16 12 21 0
0 319
146 241
15 110
156 251
143 238
181 276
149 244
83 178
109 204
219 314
201 296
146 241
191 286
12 107
162 257
220 315
151 246
97 192
34 129
44 139
88 183
144 239
195 290
134 229
6 101
52 147
157 252
24 119
113 208
93 188
155 250
0
36
37
37
61
44
22
21
59
37
56
40
17
51
81
82
57
35
72
60
50
30
76
63
57
57
49
88
25
38
61
