31
976
0 31 3 26 39 44 2 14 8 33 12 31 29 49 17 39 47 44 26 46 44 24 33 16 26 21 12 19 35 31 27
31 0 33 7 14 34 33 18 36 7 32 11 13 18 24 29 16 13 22 25 17 14 23 16 16 23 33 16 11 27 11
3 33 0 26 42 47 4 17 10 33 15 34 29 51 16 42 49 46 29 49 47 24 32 19 26 24 15 19 38 34 27
26 7 26 0 21 39 28 16 32 7 30 16 8 25 17 34 23 20 24 32 24 7 17 14 9 23 31 9 18 29 4
39 14 42 21 0 23 41 25 43 21 37 8 27 12 38 20 10 9 20 12 5 28 37 23 30 24 38 30 4 22 25
44 34 47 39 23 0 45 31 43 41 36 23 47 33 50 5 31 32 18 12 26 46 56 31 48 23 37 44 23 14 43
2 33 4 28 41 45 0 16 6 35 12 33 31 51 19 40 49 46 27 47 46 26 35 18 28 22 11 21 37 32 29
14 18 17 16 25 31 16 0 18 23 14 17 23 35 19 26 33 30 13 32 30 19 30 2 21 10 15 15 21 19 19
8 36 10 32 43 43 6 18 0 39 7 35 36 53 25 38 51 48 26 47 48 31 41 20 33 21 6 26 39 29 34
33 7 33 7 21 41 35 23 39 0 37 18 6 22 21 36 20 17 29 32 22 10 16 21 11 30 38 15 18 34 7
12 32 15 30 37 36 12 14 7 37 0 29 37 48 28 31 46 44 19 40 42 32 43 16 34 14 1 27 33 22 33
31 11 34 16 8 23 33 17 35 18 29 0 24 19 31 18 17 16 12 16 13 23 33 15 25 16 30 23 4 16 20
29 13 29 8 27 47 31 23 36 6 37 24 0 28 16 42 26 23 32 38 28 5 10 21 5 31 37 10 24 37 4
49 18 51 25 12 33 51 35 53 22 48 19 28 0 42 32 2 5 31 21 7 31 38 33 33 35 49 34 15 34 28
17 24 16 17 38 50 19 19 25 21 28 31 16 42 0 45 40 37 32 47 41 11 16 19 12 29 28 8 34 38 14
39 29 42 34 20 5 40 26 38 36 31 18 42 32 45 0 30 29 13 12 25 41 51 26 43 18 32 39 19 9 38
47 16 49 23 10 31 49 33 51 20 46 17 26 2 40 30 0 3 29 19 5 29 36 31 31 33 47 32 13 32 26
44 13 46 20 9 32 46 30 48 17 44 16 23 5 37 29 3 0 28 20 6 26 33 28 28 32 45 29 12 31 23
26 22 29 24 20 18 27 13 26 29 19 12 32 31 32 13 29 28 0 21 25 30 41 13 32 5 20 27 16 6 28
46 25 49 32 12 12 47 32 47 32 40 16 38 21 47 12 19 20 21 0 14 39 48 30 41 26 41 39 14 19 36
44 17 47 24 5 26 46 30 48 22 42 13 28 7 41 25 5 6 25 14 0 31 38 28 33 29 43 33 9 27 28
24 14 24 7 28 46 26 19 31 10 32 23 5 31 11 41 29 26 30 39 31 0 11 17 2 27 32 5 25 36 3
33 23 32 17 37 56 35 30 41 16 43 33 10 38 16 51 36 33 41 48 38 11 0 28 9 38 43 16 34 46 13
16 16 19 14 23 31 18 2 20 21 16 15 21 33 19 26 31 28 13 30 28 17 28 0 19 10 17 14 19 19 17
26 16 26 9 30 48 28 21 33 11 34 25 5 33 12 43 31 28 32 41 33 2 9 19 0 29 34 7 27 38 5
21 23 24 23 24 23 22 10 21 30 14 16 31 35 29 18 33 32 5 26 29 27 38 10 29 0 15 24 20 10 27
12 33 15 31 38 37 11 15 6 38 1 30 37 49 28 32 47 45 20 41 43 32 43 17 34 15 0 27 34 23 34
19 16 19 9 30 44 21 15 26 15 27 23 10 34 8 39 32 29 27 39 33 5 16 14 7 24 27 0 26 33 8
35 11 38 18 4 23 37 21 39 18 33 4 24 15 34 19 13 12 16 14 9 25 34 19 27 20 34 26 0 19 22
31 27 34 29 22 14 32 19 29 34 22 16 37 34 38 9 32 31 6 19 27 36 46 19 38 10 23 33 19 0 33
27 11 27 4 25 43 29 19 34 7 33 20 4 28 14 38 26 23 28 36 28 3 13 17 5 27 34 8 22 33 0
0 468
330 423
72 165
150 243
177 270
234 327
244 337
26 119
260 353
206 299
18 111
51 144
211 304
24 117
230 323
46 139
290 383
110 203
50 143
220 313
315 408
310 403
285 378
87 180
315 408
220 313
22 115
166 259
208 301
243 336
157 250
0
19
88
24
78
76
66
23
55
54
36
53
27
45
80
52
67
53
54
33
65
50
34
18
70
27
39
18
68
45
84
