31
975
0 18 6 41 25 30 17 13 22 7 39 30 30 23 35 12 18 25 35 39 21 17 27 33 11 17 5 40 19 22 10
18 0 12 27 11 33 7 6 26 14 42 22 15 27 30 8 35 11 27 31 5 25 27 20 28 35 14 27 17 33 26
6 12 0 38 22 32 14 7 24 8 41 29 27 25 35 9 24 19 34 38 15 20 29 30 17 23 2 37 14 27 14
41 27 38 0 17 36 24 33 34 35 40 17 12 34 24 29 56 34 16 15 28 38 29 8 48 57 40 7 44 45 51
25 11 22 17 0 29 8 17 24 19 37 13 5 24 22 13 41 20 17 20 14 25 22 9 33 41 24 16 28 33 35
30 33 32 36 29 0 26 35 8 24 9 19 33 7 13 27 33 44 20 23 38 13 7 31 25 35 33 29 46 15 37
17 7 14 24 8 26 0 12 19 11 35 15 13 20 23 5 33 18 20 24 12 19 20 16 25 33 16 23 24 27 27
13 6 7 33 17 35 12 0 27 12 44 27 21 28 35 8 31 12 32 36 8 25 30 26 24 30 9 33 12 32 21
22 26 24 34 24 8 19 27 0 16 17 17 29 1 15 19 25 37 21 24 31 5 7 28 17 27 25 28 38 11 29
7 14 8 35 19 24 11 12 16 0 33 23 24 17 28 6 22 24 28 32 19 13 21 27 14 22 9 33 22 20 17
39 42 41 40 37 9 35 44 17 33 0 25 40 16 16 36 40 53 24 26 47 22 15 37 34 43 42 33 55 22 46
30 22 29 17 13 19 15 27 17 23 25 0 15 17 9 20 41 33 5 9 27 22 12 12 33 43 31 11 39 28 40
30 15 27 12 5 33 13 21 29 24 40 15 0 29 24 18 46 22 18 20 16 30 26 5 38 46 29 13 32 38 40
23 27 25 34 24 7 20 28 1 17 16 17 29 0 15 20 26 38 21 24 32 6 7 28 18 28 26 28 39 11 30
35 30 35 24 22 13 23 35 15 28 16 9 24 15 0 27 40 41 8 10 35 20 8 21 32 42 37 17 47 26 44
12 8 9 29 13 27 5 8 19 6 36 20 18 20 27 0 28 19 25 29 13 17 22 21 20 28 11 28 20 25 22
18 35 24 56 41 33 33 31 25 22 40 41 46 26 40 28 0 43 46 49 39 20 32 48 8 3 22 52 35 18 13
25 11 19 34 20 44 18 12 37 24 53 33 22 38 41 19 43 0 37 40 6 36 38 27 36 42 21 35 13 44 32
35 27 34 16 17 20 20 32 21 28 24 5 18 21 8 25 46 37 0 4 31 26 14 13 38 48 36 9 44 32 45
39 31 38 15 20 23 24 36 24 32 26 9 20 24 10 29 49 40 4 0 34 29 17 15 41 51 40 8 48 35 49
21 5 15 28 14 38 12 8 31 19 47 27 16 32 35 13 39 6 31 34 0 30 32 21 32 38 17 29 16 38 29
17 25 20 38 25 13 19 25 5 13 22 22 30 6 20 17 20 36 26 29 30 0 12 31 12 22 21 33 34 8 24
27 27 29 29 22 7 20 30 7 21 15 12 26 7 8 22 32 38 14 17 32 12 0 24 24 34 30 22 42 18 36
33 20 30 8 9 31 16 26 28 27 37 12 5 28 21 21 48 27 13 15 21 31 24 0 40 49 32 8 37 39 43
11 28 17 48 33 25 25 24 17 14 34 33 38 18 32 20 8 36 38 41 32 12 24 40 0 10 16 44 30 13 12
17 35 23 57 41 35 33 30 27 22 43 43 46 28 42 28 3 42 48 51 38 22 34 49 10 0 21 54 32 21 10
5 14 2 40 24 33 16 9 25 9 42 31 29 26 37 11 22 21 36 40 17 21 30 32 16 21 0 39 14 27 12
40 27 37 7 16 29 23 33 28 33 33 11 13 28 17 28 52 35 9 8 29 33 22 8 44 54 39 0 44 39 50
19 17 14 44 28 46 24 12 38 22 55 39 32 39 47 20 35 13 44 48 16 34 42 37 30 32 14 44 0 41 22
22 33 27 45 33 15 27 32 11 20 22 28 38 11 26 25 18 44 32 35 38 8 18 39 13 21 27 39 41 0 25
10 26 14 51 35 37 27 21 29 17 46 40 40 30 44 22 13 32 45 49 29 24 36 43 12 10 12 50 22 25 0
0 489
199 443
77 321
76 320
33 277
14 258
38 282
93 337
50 294
214 458
210 454
198 442
97 341
6 250
54 298
149 393
74 318
151 395
135 379
38 282
151 395
77 321
16 260
46 290
133 377
22 266
151 395
58 302
132 376
46 290
85 329
0
37
49
30
72
52
72
20
49
70
40
35
33
66
23
66
66
31
30
47
68
69
63
74
33
61
60
29
47
52
56
