31
975
0 29 41 11 36 55 17 8 45 43 20 18 46 46 1 35 52 36 24 26 39 11 26 43 36 47 21 46 20 41 16
29 0 14 28 8 26 13 28 16 14 20 12 32 19 30 12 23 17 25 12 25 19 17 22 7 19 11 18 9 23 21
41 14 0 37 6 22 24 39 15 16 34 23 24 5 42 7 19 27 39 26 35 30 21 29 8 20 25 5 22 33 30
11 28 37 0 33 54 15 3 44 42 28 16 36 41 12 30 51 39 34 29 45 10 17 46 34 47 23 42 19 45 7
36 8 6 33 0 23 19 34 13 12 28 18 27 11 37 6 20 22 33 20 30 25 19 24 3 17 19 10 16 28 26
55 26 22 54 23 0 39 54 10 13 41 38 45 23 56 28 3 26 44 32 32 45 41 22 20 11 35 18 35 28 47
17 13 24 15 19 39 0 15 29 27 19 1 31 29 18 18 36 25 25 17 33 6 10 32 20 32 11 29 4 31 8
8 28 39 3 34 54 15 0 44 42 26 16 39 43 9 32 51 38 31 28 44 9 19 45 35 47 22 44 19 44 9
45 16 15 44 13 10 29 44 0 3 31 28 39 18 46 19 7 18 34 22 25 35 31 15 10 5 25 13 25 21 37
43 14 16 42 12 13 27 42 3 0 28 26 39 20 43 18 10 15 31 19 23 33 30 13 9 5 22 15 23 19 35
20 20 34 28 28 41 19 26 31 28 0 19 49 39 20 31 38 17 6 9 19 18 29 24 27 31 9 38 16 21 25
18 12 23 16 18 38 1 16 28 26 19 0 31 28 19 17 35 24 25 16 32 7 10 31 19 31 10 28 3 30 9
46 32 24 36 27 45 31 39 39 39 49 31 0 22 47 21 43 49 55 44 57 36 21 51 30 44 40 27 33 55 30
46 19 5 41 11 23 29 43 18 20 39 28 22 0 47 11 21 32 44 31 40 35 24 33 13 23 30 5 27 38 34
1 30 42 12 37 56 18 9 46 43 20 19 47 47 0 36 53 36 23 26 39 12 27 43 37 47 21 47 21 41 17
35 12 7 30 6 28 18 32 19 18 31 17 21 11 36 0 25 28 37 24 36 24 14 30 9 23 22 12 17 34 23
52 23 19 51 20 3 36 51 7 10 38 35 43 21 53 25 0 23 41 29 29 42 38 19 17 8 32 16 32 25 44
36 17 27 39 22 26 25 38 18 15 17 24 49 32 36 28 23 0 18 10 8 29 34 7 19 15 16 30 21 6 33
24 25 39 34 33 44 25 31 34 31 6 25 55 44 23 37 41 18 0 13 16 24 35 25 31 33 15 42 22 20 31
26 12 26 29 20 32 17 28 22 19 9 16 44 31 26 24 29 10 13 0 16 19 26 17 18 22 6 29 13 16 24
39 25 35 45 30 32 33 44 25 23 19 32 57 40 39 36 29 8 16 16 0 35 42 10 27 21 22 38 29 4 40
11 19 30 10 25 45 6 9 35 33 18 7 36 35 12 24 42 29 24 19 35 0 15 36 26 38 13 35 10 35 7
26 17 21 17 19 41 10 19 31 30 29 10 21 24 27 14 38 34 35 26 42 15 0 39 21 35 20 26 13 40 10
43 22 29 46 24 22 32 45 15 13 24 31 51 33 43 30 19 7 25 17 10 36 39 0 21 11 23 28 28 6 40
36 7 8 34 3 20 20 35 10 9 27 19 30 13 37 9 17 19 31 18 27 26 21 21 0 14 18 11 16 25 27
47 19 20 47 17 11 32 47 5 5 31 31 44 23 47 23 8 15 33 22 21 38 35 11 14 0 26 18 28 17 40
21 11 25 23 19 35 11 22 25 22 9 10 40 30 21 22 32 16 15 6 22 13 20 23 18 26 0 29 7 22 18
46 18 5 42 10 18 29 44 13 15 38 28 27 5 47 12 16 30 42 29 38 35 26 28 11 18 29 0 26 34 35
20 9 22 19 16 35 4 19 25 23 16 3 33 27 21 17 32 21 22 13 29 10 13 28 16 28 7 26 0 27 12
41 23 33 45 28 28 31 44 21 19 21 30 55 38 41 34 25 6 20 16 4 35 40 6 25 17 22 34 27 0 39
16 21 30 7 26 47 8 9 37 35 25 9 30 34 17 23 44 33 31 24 40 7 10 40 27 40 18 35 12 39 0
0 617
19 80
475 536
221 282
411 472
418 479
45 106
186 247
302 363
93 154
429 490
84 145
14 75
220 281
312 373
341 402
122 183
200 261
126 187
149 210
99 160
121 182
117 178
136 197
508 569
427 488
1 62
44 105
106 167
374 435
330 391
0
39
66
77
12
68
64
30
56
57
33
52
49
55
55
37
71
63
57
39
38
68
37
56
21
48
54
60
44
56
37
