31
974
0 28 9 24 34 27 8 25 15 32 2 32 32 33 45 39 19 15 7 24 17 13 9 46 40 28 39 29 33 32 14
28 0 37 7 11 4 21 5 37 12 26 17 19 13 38 32 9 28 21 10 23 38 32 20 12 15 26 16 10 23 33
9 37 0 33 43 36 17 34 13 41 11 41 39 42 49 43 28 18 16 33 22 7 10 55 49 35 45 36 42 37 14
24 7 33 0 18 3 16 11 36 8 22 11 25 9 44 38 10 29 18 16 25 36 30 27 18 21 32 22 9 29 33
34 11 43 18 0 15 28 9 38 23 32 28 10 23 30 25 15 29 27 10 24 41 35 13 12 10 16 10 19 17 34
27 4 36 3 15 0 19 9 38 8 25 13 23 9 42 36 10 29 20 14 25 38 32 24 15 19 30 20 8 27 34
8 21 17 16 28 19 0 19 22 24 6 24 28 25 45 39 13 18 4 19 17 21 16 40 33 24 35 25 25 30 20
25 5 34 11 9 9 19 0 32 17 23 22 14 18 33 27 6 23 18 5 18 34 28 21 16 10 21 11 15 18 28
15 37 13 36 38 38 22 32 0 44 17 45 32 45 39 33 28 9 18 28 14 6 6 51 48 28 36 29 45 28 4
32 12 41 8 23 8 24 17 44 0 30 5 31 1 50 44 18 37 26 22 33 44 38 27 17 27 38 28 4 35 41
2 26 11 22 32 25 6 23 17 30 0 30 30 31 44 38 17 16 5 22 16 15 11 44 38 26 37 27 31 31 15
32 17 41 11 28 13 24 22 45 5 30 0 36 5 55 49 21 40 27 27 36 45 39 32 22 32 43 33 9 40 43
32 19 39 25 10 23 28 14 32 31 30 36 0 32 20 15 16 23 25 9 18 36 30 21 22 4 7 3 29 7 28
33 13 42 9 23 9 25 18 45 1 31 5 32 0 51 45 19 38 27 23 34 45 39 27 17 28 39 29 4 36 42
45 38 49 44 30 42 45 33 39 50 44 55 20 51 0 6 35 31 41 28 28 43 39 37 41 23 14 22 48 15 35
39 32 43 38 25 36 39 27 33 44 38 49 15 45 6 0 29 25 35 22 22 37 33 34 37 17 10 16 42 9 29
19 9 28 10 15 10 13 6 28 18 17 21 16 19 35 29 0 19 12 7 15 29 23 27 21 12 23 13 18 20 24
15 28 18 29 29 29 18 23 9 37 16 40 23 38 31 25 19 0 14 19 5 13 8 42 39 19 27 20 37 19 5
7 21 16 18 27 20 4 18 18 26 5 27 25 27 41 35 12 14 0 17 13 18 12 39 33 21 32 22 27 26 16
24 10 33 16 10 14 19 5 28 22 22 27 9 23 28 22 7 19 17 0 14 31 25 23 20 5 16 6 20 13 24
17 23 22 25 24 25 17 18 14 33 16 36 18 34 28 22 15 5 13 14 0 18 12 37 34 14 23 15 33 15 10
13 38 7 36 41 38 21 34 6 44 15 45 36 45 43 37 29 13 18 31 18 0 6 54 50 32 40 33 45 32 8
9 32 10 30 35 32 16 28 6 38 11 39 30 39 39 33 23 8 12 25 12 6 0 48 44 26 35 27 39 27 5
46 20 55 27 13 24 40 21 51 27 44 32 21 27 37 34 27 42 39 23 37 54 48 0 10 23 24 23 23 28 47
40 12 49 18 12 15 33 16 48 17 38 22 22 17 41 37 21 39 33 20 34 50 44 10 0 22 27 22 13 29 44
28 15 35 21 10 19 24 10 28 27 26 32 4 28 23 17 12 19 21 5 14 32 26 23 22 0 11 1 25 8 24
39 26 45 32 16 30 35 21 36 38 37 43 7 39 14 10 23 27 32 16 23 40 35 24 27 11 0 10 35 8 32
29 16 36 22 10 20 25 11 29 28 27 33 3 29 22 16 13 20 22 6 15 33 27 23 22 1 10 0 26 7 25
33 10 42 9 19 8 25 15 45 4 31 9 29 4 48 42 18 37 27 20 33 45 39 23 13 25 35 26 0 33 42
32 23 37 29 17 27 30 18 28 35 31 40 7 36 15 9 20 19 26 13 15 32 27 28 29 8 8 7 33 0 24
14 33 14 33 34 34 20 28 4 41 15 43 28 42 35 29 24 5 16 24 10 8 5 47 44 24 32 25 42 24 0
0 276
94 232
51 189
115 253
77 215
64 202
135 273
95 233
28 166
6 144
110 248
77 215
6 144
71 209
63 201
72 210
96 234
30 168
2 140
65 203
65 203
78 216
9 147
119 257
2 140
14 152
97 235
132 270
92 230
54 192
16 154
0
19
82
41
40
31
51
53
50
34
40
33
47
77
51
55
42
66
64
54
22
71
78
35
39
59
35
26
42
80
81
