31
977
0 11 40 32 38 52 19 36 16 11 27 26 54 14 16 32 52 38 40 54 38 36 15 36 49 54 40 25 24 44 16
11 0 29 21 27 42 8 27 5 1 22 15 43 3 11 23 41 28 29 43 29 26 4 30 38 43 29 14 15 33 6
40 29 0 9 9 17 21 14 24 29 27 14 14 26 30 27 13 25 13 15 15 12 25 25 9 14 12 15 26 15 26
32 21 9 0 7 25 14 16 16 21 24 7 23 18 23 20 22 20 11 24 18 14 17 27 17 22 11 7 17 15 18
38 27 9 7 0 26 20 21 22 27 31 14 19 24 30 18 21 16 4 23 23 19 23 32 13 18 4 13 19 8 23
52 42 17 25 26 0 34 16 38 41 29 27 15 40 37 44 6 42 29 7 14 16 38 23 17 16 28 29 42 30 40
19 8 21 14 20 34 0 19 5 8 17 7 35 6 11 22 33 26 24 35 21 18 4 25 30 35 24 7 15 28 7
36 27 14 16 21 16 19 0 24 26 13 13 26 25 21 35 19 36 25 21 2 2 23 11 23 27 25 16 30 29 26
16 5 24 16 22 38 5 24 0 6 22 12 38 2 14 18 37 23 24 39 26 23 2 30 33 38 24 9 10 28 2
11 1 29 21 27 41 8 26 6 0 21 15 43 4 10 24 41 29 29 43 28 25 4 29 38 43 30 14 16 33 7
27 22 27 24 31 29 17 13 22 21 0 17 39 22 11 39 32 42 35 34 15 15 20 9 36 40 35 20 32 39 24
26 15 14 7 14 27 7 13 12 15 17 0 28 13 16 22 26 25 18 28 15 12 11 22 23 28 18 3 17 22 14
54 43 14 23 19 15 35 26 38 43 39 28 0 40 44 36 9 33 20 9 25 24 39 36 6 1 19 29 38 18 40
14 3 26 18 24 40 6 25 2 4 22 13 40 0 13 20 39 25 26 41 27 24 2 30 35 40 26 11 12 30 3
16 11 30 23 30 37 11 21 14 10 11 16 44 13 0 32 38 37 34 40 23 21 12 20 39 44 34 17 24 38 16
32 23 27 20 18 44 22 35 18 24 39 22 36 20 32 0 39 6 16 41 37 34 20 44 30 35 17 19 8 19 17
52 41 13 22 21 6 33 19 37 41 32 26 9 39 38 39 0 37 24 2 17 17 37 28 11 10 23 28 39 24 39
38 28 25 20 16 42 26 36 23 29 42 25 33 25 37 6 37 0 13 38 38 34 25 47 27 32 14 22 14 15 22
40 29 13 11 4 29 24 25 24 29 35 18 20 26 34 16 24 13 0 25 27 23 25 36 14 19 1 17 19 4 25
54 43 15 24 23 7 35 21 39 43 34 28 9 41 40 41 2 38 25 0 19 19 39 29 12 10 24 30 41 25 41
38 29 15 18 23 14 21 2 26 28 15 15 25 27 23 37 17 38 27 19 0 4 25 11 22 26 27 18 32 30 28
36 26 12 14 19 16 18 2 23 25 15 12 24 24 21 34 17 34 23 19 4 0 22 13 21 25 23 15 29 27 25
15 4 25 17 23 38 4 23 2 4 20 11 39 2 12 20 37 25 25 39 25 22 0 28 34 39 26 10 12 29 4
36 30 25 27 32 23 25 11 30 29 9 22 36 30 20 44 28 47 36 29 11 13 28 0 33 37 36 25 39 40 32
49 38 9 17 13 17 30 23 33 38 36 23 6 35 39 30 11 27 14 12 22 21 34 33 0 5 13 24 32 13 35
54 43 14 22 18 16 35 27 38 43 40 28 1 40 44 35 10 32 19 10 26 25 39 37 5 0 18 29 37 17 40
40 29 12 11 4 28 24 25 24 30 35 18 19 26 34 17 23 14 1 24 27 23 26 36 13 18 0 17 20 4 26
25 14 15 7 13 29 7 16 9 14 20 3 29 11 17 19 28 22 17 30 18 15 10 25 24 29 17 0 14 21 11
24 15 26 17 19 42 15 30 10 16 32 17 38 12 24 8 39 14 19 41 32 29 12 39 32 37 20 14 0 23 9
44 33 15 15 8 30 28 29 28 33 39 22 18 30 38 19 24 15 4 25 30 27 29 40 13 17 4 21 23 0 29
16 6 26 18 23 40 7 26 2 7 24 14 40 3 16 17 39 22 25 41 28 25 4 32 35 40 26 11 9 29 0
0 276
221 221
184 184
74 74
101 101
186 186
125 125
182 182
12 12
257 257
73 73
49 49
103 103
41 41
14 14
142 142
30 30
272 272
133 133
32 32
84 84
65 65
8 8
107 107
250 250
159 159
87 87
185 185
166 166
3 3
15 15
0
26
22
65
61
32
66
55
60
33
21
36
47
91
46
50
54
39
91
22
67
62
29
54
71
66
70
45
35
61
25
