31
976
0 30 11 13 27 35 10 13 11 11 11 22 26 28 8 29 36 21 27 25 21 39 20 41 45 26 44 15 8 33 16
30 0 41 35 17 11 20 25 20 32 31 38 36 37 23 17 21 9 44 43 37 30 20 36 29 31 33 16 31 51 22
11 41 0 15 37 46 21 22 22 17 17 24 30 31 19 39 46 32 26 24 23 47 30 47 55 31 52 26 14 30 26
13 35 15 0 24 34 17 10 15 24 4 9 15 16 19 26 33 27 14 12 8 32 30 32 41 16 37 22 21 20 27
27 17 37 24 0 11 19 15 17 34 21 23 20 21 24 2 9 17 29 28 22 14 29 19 18 15 19 20 32 36 28
35 11 46 34 11 0 25 24 24 40 30 34 30 31 30 9 10 17 40 39 33 19 29 25 18 25 22 23 38 47 30
10 20 21 17 19 25 0 10 2 15 13 23 25 27 5 21 28 11 29 28 22 33 14 36 37 23 38 5 13 36 11
13 25 22 10 15 24 10 0 8 24 6 13 15 17 15 17 24 18 19 18 12 26 24 28 33 13 31 15 21 26 21
11 20 22 15 17 24 2 8 0 17 12 21 23 25 7 19 26 12 27 26 20 31 16 34 35 21 36 7 15 34 13
11 32 17 24 34 40 15 24 17 0 22 33 37 39 10 36 43 23 38 36 32 48 15 51 52 37 53 17 3 43 11
11 31 17 4 21 30 13 6 12 22 0 11 15 17 16 23 30 23 17 15 10 30 27 31 39 15 35 18 19 23 24
22 38 24 9 23 34 23 13 21 33 11 0 7 8 27 25 29 31 7 5 1 26 37 25 36 10 31 28 30 13 34
26 36 30 15 20 30 25 15 23 37 15 7 0 2 30 21 24 32 10 10 7 20 39 18 30 5 24 30 34 17 36
28 37 31 16 21 31 27 17 25 39 17 8 2 0 32 22 25 34 11 11 8 19 41 17 29 6 23 32 36 16 38
8 23 19 19 24 30 5 15 7 10 16 27 30 32 0 26 33 14 33 31 26 38 12 41 42 28 43 7 8 39 8
29 17 39 26 2 9 21 17 19 36 23 25 21 22 26 0 7 18 31 30 24 13 30 19 16 16 18 22 34 38 30
36 21 46 33 9 10 28 24 26 43 30 29 24 25 33 7 0 25 34 34 29 9 37 15 9 19 12 29 41 41 37
21 9 32 27 17 17 11 18 12 23 23 31 32 34 14 18 25 0 37 36 30 31 12 36 34 28 36 7 22 44 13
27 44 26 14 29 40 29 19 27 38 17 7 10 11 33 31 34 37 0 2 7 30 43 28 40 15 34 34 35 7 40
25 43 24 12 28 39 28 18 26 36 15 5 10 11 31 30 34 36 2 0 6 30 42 28 40 15 34 33 33 8 39
21 37 23 8 22 33 22 12 20 32 10 1 7 8 26 24 29 30 7 6 0 26 36 25 36 10 31 27 29 14 33
39 30 47 32 14 19 33 26 31 48 30 26 20 19 38 13 9 31 30 30 26 0 43 6 10 16 5 34 46 35 42
20 20 30 30 29 29 14 24 16 15 27 37 39 41 12 30 37 12 43 42 36 43 0 48 46 36 48 9 16 50 4
41 36 47 32 19 25 36 28 34 51 31 25 18 17 41 19 15 36 28 28 25 6 48 0 14 16 6 39 49 33 47
45 29 55 41 18 18 37 33 35 52 39 36 30 29 42 16 9 34 40 40 36 10 46 14 0 26 8 38 50 45 46
26 31 31 16 15 25 23 13 21 37 15 10 5 6 28 16 19 28 15 15 10 16 36 16 26 0 21 27 34 22 34
44 33 52 37 19 22 38 31 36 53 35 31 24 23 43 18 12 36 34 34 31 5 48 6 8 21 0 39 51 39 47
15 16 26 22 20 23 5 15 7 17 18 28 30 32 7 22 29 7 34 33 27 34 9 39 38 27 39 0 15 41 8
8 31 14 21 32 38 13 21 15 3 19 30 34 36 8 34 41 22 35 33 29 46 16 49 50 34 51 15 0 40 12
33 51 30 20 36 47 36 26 34 43 23 13 17 16 39 38 41 44 7 8 14 35 50 33 45 22 39 41 40 0 47
16 22 26 27 28 30 11 21 13 11 24 34 36 38 8 30 37 13 40 39 33 42 4 47 46 34 47 8 12 47 0
0 298
22 111
186 275
97 186
45 134
16 105
63 152
178 267
83 172
129 218
181 270
22 111
180 269
112 201
44 133
75 164
119 208
68 157
172 261
32 121
111 200
138 227
31 120
197 286
135 224
156 245
48 137
58 147
108 197
93 182
32 121
0
50
27
88
31
82
62
75
44
47
41
48
39
82
41
19
46
64
87
15
69
22
40
25
39
42
79
31
63
62
41
