31
976
0 19 14 8 19 9 20 14 10 12 12 16 23 7 22 32 10 17 29 3 25 19 22 13 16 24 23 5 19 15 18
19 0 17 13 38 21 2 12 27 31 18 19 34 26 18 41 15 33 36 17 18 14 19 8 20 31 5 24 29 34 6
14 17 0 17 32 7 16 23 14 23 23 2 17 21 31 24 20 18 19 11 12 6 8 9 3 14 22 19 33 26 12
8 13 17 0 25 15 15 6 18 19 6 19 30 14 14 39 3 25 35 8 25 19 24 10 20 30 17 12 17 22 15
19 38 32 25 0 25 39 29 18 9 23 33 30 12 35 38 25 22 37 22 44 38 40 32 32 36 42 14 19 6 37
9 21 7 15 25 0 21 21 7 16 21 8 15 14 29 24 18 12 20 7 19 13 15 13 7 15 26 12 28 19 17
20 2 16 15 39 21 0 14 27 32 20 18 33 27 20 40 17 33 35 18 16 12 17 8 19 30 6 25 31 35 4
14 12 23 6 29 21 14 0 24 25 6 25 36 19 8 45 4 31 41 14 29 23 28 14 26 36 13 18 17 28 17
10 27 14 18 18 7 27 24 0 9 22 15 14 11 32 23 20 7 20 10 26 20 22 19 14 18 32 9 27 12 24
12 31 23 19 9 16 32 25 9 0 21 24 21 7 33 29 21 13 28 15 35 29 31 25 23 27 35 7 21 3 30
12 18 23 6 23 21 20 6 22 21 0 25 35 14 12 44 3 29 41 14 31 25 30 16 26 36 19 14 11 23 21
16 19 2 19 33 8 18 25 15 24 25 0 15 22 33 22 22 17 17 13 12 7 7 11 1 12 24 20 35 27 14
23 34 17 30 30 15 33 36 14 21 35 15 0 25 44 9 33 8 7 22 27 22 21 26 14 7 39 23 41 24 29
7 26 21 14 12 14 27 19 11 7 14 22 25 0 26 33 15 17 31 10 32 26 29 20 21 28 30 2 16 10 25
22 18 31 14 35 29 20 8 32 33 12 33 44 26 0 53 12 39 49 22 36 31 36 22 34 44 16 26 18 35 24
32 41 24 39 38 24 40 45 23 29 44 22 9 33 53 0 42 16 5 31 31 29 25 33 21 10 46 32 49 32 36
10 15 20 3 25 18 17 4 20 21 3 22 33 15 12 42 0 27 38 11 28 22 27 13 23 33 17 14 14 24 18
17 33 18 25 22 12 33 31 7 13 29 17 8 17 39 16 27 0 15 17 29 24 24 25 16 14 38 16 33 16 29
29 36 19 35 37 20 35 41 20 28 41 17 7 31 49 5 38 15 0 27 26 24 20 28 16 5 41 29 47 31 31
3 17 11 8 22 7 18 14 10 15 14 13 22 10 22 31 11 17 27 0 22 16 19 10 13 22 22 8 22 18 15
25 18 12 25 44 19 16 29 26 35 31 12 27 32 36 31 28 29 26 22 0 6 6 15 13 21 22 30 42 38 12
19 14 6 19 38 13 12 23 20 29 25 7 22 26 31 29 22 24 24 16 6 0 5 9 8 19 18 24 36 32 8
22 19 8 24 40 15 17 28 22 31 30 7 21 29 36 25 27 24 20 19 6 5 0 14 8 15 23 27 41 34 13
13 8 9 10 32 13 8 14 19 25 16 11 26 20 22 33 13 25 28 10 15 9 14 0 12 23 13 18 27 28 5
16 20 3 20 32 7 19 26 14 23 26 1 14 21 34 21 23 16 16 13 13 8 8 12 0 11 25 19 35 26 15
24 31 14 30 36 15 30 36 18 27 36 12 7 28 44 10 33 14 5 22 21 19 15 23 11 0 36 26 43 30 26
23 5 22 17 42 26 6 13 32 35 19 24 39 30 16 46 17 38 41 22 22 18 23 13 25 36 0 28 30 38 10
5 24 19 12 14 12 25 18 9 7 14 20 23 2 26 32 14 16 29 8 30 24 27 18 19 26 28 0 18 10 23
19 29 33 17 19 28 31 17 27 21 11 35 41 16 18 49 14 33 47 22 42 36 41 27 35 43 30 18 0 22 32
15 34 26 22 6 19 35 28 12 3 23 27 24 10 35 32 24 16 31 18 38 32 34 28 26 30 38 10 22 0 33
18 6 12 15 37 17 4 17 24 30 21 14 29 25 24 36 18 29 31 15 12 8 13 5 15 26 10 23 32 33 0
0 575
363 478
280 395
174 289
32 147
36 151
384 499
60 175
354 469
216 331
305 420
199 314
141 256
122 237
42 157
228 343
236 351
28 143
27 142
43 158
185 300
109 224
205 320
243 358
278 393
62 177
316 431
391 506
242 357
359 474
407 522
0
38
48
31
74
55
45
63
74
78
42
48
67
48
77
60
69
40
65
23
35
42
35
25
50
12
71
44
66
24
52
