31
974
0 10 45 15 20 32 36 28 24 45 17 7 54 24 50 55 30 45 41 40 8 4 8 39 36 35 36 38 18 34 39
10 0 44 7 29 40 34 37 32 47 7 5 56 16 51 56 24 44 35 34 13 11 7 34 32 28 29 38 12 42 33
45 44 0 39 44 36 10 44 37 13 43 40 15 34 9 14 25 0 24 23 38 49 39 16 15 31 31 7 33 42 19
15 7 39 0 31 40 29 38 33 43 5 8 52 9 46 51 18 39 29 28 14 18 8 28 26 21 22 33 6 43 27
20 29 44 31 0 16 37 8 8 37 34 24 46 39 45 48 42 44 52 51 17 22 23 45 42 49 50 37 33 14 47
32 40 36 40 16 0 32 10 8 25 45 35 34 44 33 36 43 36 50 49 27 36 33 42 39 51 52 30 39 6 45
36 34 10 29 37 32 0 38 31 17 33 30 24 24 18 23 16 10 18 17 28 40 29 10 8 23 24 5 23 38 13
28 37 44 38 8 10 38 0 7 35 42 32 44 45 43 46 46 44 54 53 24 30 30 47 44 54 55 37 39 6 49
24 32 37 33 8 8 31 7 0 29 37 27 38 38 37 40 39 37 47 46 19 28 25 40 37 47 48 30 32 10 42
45 47 13 43 37 25 17 35 29 0 48 42 9 41 8 11 33 13 35 34 37 49 40 27 25 40 41 12 38 31 30
17 7 43 5 34 45 33 42 37 48 0 10 56 11 50 55 20 43 31 30 18 18 12 30 30 23 24 37 10 47 29
7 5 40 8 24 35 30 32 27 42 10 0 51 17 47 52 23 40 34 33 8 11 2 32 30 28 29 34 11 37 32
54 56 15 52 46 34 24 44 38 9 56 51 0 48 6 3 40 15 39 38 46 58 49 31 30 46 46 19 46 40 34
24 16 34 9 39 44 24 45 38 41 11 17 48 0 42 47 9 34 20 19 22 27 17 19 19 12 13 29 6 48 18
50 51 9 46 45 33 18 43 37 8 50 47 6 42 0 5 34 9 33 32 42 54 45 25 24 40 40 13 40 39 28
55 56 14 51 48 36 23 46 40 11 55 52 3 47 5 0 39 14 38 37 47 59 50 30 29 45 45 18 45 42 33
30 24 25 18 42 43 16 46 39 33 20 23 40 9 34 39 0 25 11 10 27 34 23 10 10 8 9 21 12 49 9
45 44 0 39 44 36 10 44 37 13 43 40 15 34 9 14 25 0 24 23 38 49 39 16 15 31 31 7 33 42 19
41 35 24 29 52 50 18 54 47 35 31 34 39 20 33 38 11 24 0 1 38 45 34 8 11 9 9 23 23 56 5
40 34 23 28 51 49 17 53 46 34 30 33 38 19 32 37 10 23 1 0 37 44 33 7 10 9 9 22 22 55 4
8 13 38 14 17 27 28 24 19 37 18 8 46 22 42 47 27 38 38 37 0 12 6 33 30 33 34 31 16 29 34
4 11 49 18 22 36 40 30 28 49 18 11 58 27 54 59 34 49 45 44 12 0 12 43 40 39 40 42 22 36 43
8 7 39 8 23 33 29 30 25 40 12 2 49 17 45 50 23 39 34 33 6 12 0 31 28 28 29 32 11 35 31
39 34 16 28 45 42 10 47 40 27 30 32 31 19 25 30 10 16 8 7 33 43 31 0 3 15 15 15 22 48 3
36 32 15 26 42 39 8 44 37 25 30 30 30 19 24 29 10 15 11 10 30 40 28 3 0 16 16 13 20 45 6
35 28 31 21 49 51 23 54 47 40 23 28 46 12 40 45 8 31 9 9 33 39 28 15 16 0 1 28 17 57 12
36 29 31 22 50 52 24 55 48 41 24 29 46 13 40 45 9 31 9 9 34 40 29 15 16 1 0 29 18 58 12
38 38 7 33 37 30 5 37 30 12 37 34 19 29 13 18 21 7 23 22 31 42 32 15 13 28 29 0 27 36 18
18 12 33 6 33 39 23 39 32 38 10 11 46 6 40 45 12 33 23 22 16 22 11 22 20 17 18 27 0 42 21
34 42 42 43 14 6 38 6 10 31 47 37 40 48 39 42 49 42 56 55 29 36 35 48 45 57 58 36 42 0 51
39 33 19 27 47 45 13 49 42 30 29 32 34 18 28 33 9 19 5 4 34 43 31 3 6 12 12 18 21 51 0
0 298
227 286
140 199
206 265
181 240
91 150
33 92
3 62
107 166
134 193
18 77
113 172
89 148
56 115
143 202
137 196
179 238
71 130
130 189
181 240
143 202
138 197
116 175
101 160
79 138
116 175
230 289
227 286
205 264
232 291
197 256
0
56
23
43
67
32
31
30
69
29
62
70
72
58
52
75
39
28
71
38
56
55
27
64
23
80
31
52
49
37
78
