31
976
0 18 36 30 3 21 28 30 27 18 26 20 27 11 26 20 21 25 24 10 17 14 8 27 4 3 30 34 32 25 13
18 0 32 19 21 27 33 13 21 0 42 37 9 29 32 36 7 40 7 8 34 21 11 22 15 15 34 47 21 40 17
36 32 0 13 39 19 16 42 11 32 42 43 31 43 18 56 25 38 28 32 43 49 37 10 32 33 13 36 11 38 45
30 19 13 0 33 19 21 29 4 19 43 43 18 39 22 50 12 39 15 22 42 39 27 5 26 27 20 40 2 39 35
3 21 39 33 0 24 31 32 30 21 25 18 30 9 29 17 24 25 27 13 15 12 10 30 7 6 33 35 35 25 12
21 27 19 19 24 0 8 40 15 27 24 24 30 24 6 40 22 20 26 21 24 34 24 14 17 18 9 22 20 20 31
28 33 16 21 31 8 0 46 17 33 26 28 36 30 2 46 28 22 32 29 29 42 32 16 25 26 3 20 22 22 39
30 13 42 29 32 40 46 0 31 13 55 50 12 41 45 43 18 53 14 21 47 27 22 32 28 28 46 60 31 53 23
27 21 11 4 30 15 17 31 0 21 39 39 21 36 18 47 14 35 17 21 38 38 26 1 23 24 16 36 5 35 34
18 0 32 19 21 27 33 13 21 0 42 37 9 29 32 36 7 40 7 8 34 21 11 22 15 15 34 47 21 40 17
26 42 42 43 25 24 26 55 39 42 0 7 50 16 24 30 42 4 46 34 10 36 34 38 27 28 29 14 44 4 37
20 37 43 43 18 24 28 50 39 37 7 0 46 9 26 23 39 10 43 29 3 29 28 38 22 22 31 21 44 10 30
27 9 31 18 30 30 36 12 21 9 50 46 0 38 36 45 8 47 4 17 43 30 20 22 24 24 36 52 20 47 26
11 29 43 39 9 24 30 41 36 29 16 9 38 0 28 16 32 18 35 21 6 20 19 35 14 14 33 29 41 18 21
26 32 18 22 29 6 2 45 18 32 24 26 36 28 0 44 28 20 32 27 27 40 30 17 23 24 5 18 23 20 37
20 36 56 50 17 40 46 43 47 36 30 23 45 16 44 0 41 33 43 30 20 16 25 47 24 23 49 44 52 33 20
21 7 25 12 24 22 28 18 14 7 42 39 8 32 28 41 0 39 4 11 37 28 16 15 18 18 28 44 14 39 24
25 40 38 39 25 20 22 53 35 40 4 10 47 18 20 33 39 0 43 32 13 37 32 34 25 26 25 11 40 0 37
24 7 28 15 27 26 32 14 17 7 46 43 4 35 32 43 4 43 0 14 40 28 18 18 21 21 32 48 17 43 24
10 8 32 22 13 21 29 21 21 8 34 29 17 21 27 30 11 32 14 0 26 17 5 22 7 7 30 40 24 32 13
17 34 43 42 15 24 29 47 38 34 10 3 43 6 27 20 37 13 40 26 0 26 25 37 19 19 32 24 43 13 27
14 21 49 39 12 34 42 27 38 21 36 29 30 20 40 16 28 37 28 17 26 0 12 39 17 16 43 47 41 37 4
8 11 37 27 10 24 32 22 26 11 34 28 20 19 30 25 16 32 18 5 25 12 0 27 7 6 33 40 29 32 8
27 22 10 5 30 14 16 32 1 22 38 38 22 35 17 47 15 34 18 22 37 39 27 0 23 24 15 35 6 34 35
4 15 32 26 7 17 25 28 23 15 27 22 24 14 23 24 18 25 21 7 19 17 7 23 0 1 26 33 28 25 14
3 15 33 27 6 18 26 28 24 15 28 22 24 14 24 23 18 26 21 7 19 16 6 24 1 0 27 34 29 26 13
30 34 13 20 33 9 3 46 16 34 29 31 36 33 5 49 28 25 32 30 32 43 33 15 26 27 0 23 21 25 40
34 47 36 40 35 22 20 60 36 47 14 21 52 29 18 44 44 11 48 40 24 47 40 35 33 34 23 0 41 11 47
32 21 11 2 35 20 22 31 5 21 44 44 20 41 23 52 14 40 17 24 43 41 29 6 28 29 21 41 0 40 37
25 40 38 39 25 20 22 53 35 40 4 10 47 18 20 33 39 0 43 32 13 37 32 34 25 26 25 11 40 0 37
13 17 45 35 12 31 39 23 34 17 37 30 26 21 37 20 24 37 24 13 27 4 8 35 14 13 40 47 37 37 0
0 255
4 55
23 74
141 192
91 142
133 184
127 178
3 54
164 215
34 85
10 61
137 188
46 97
95 146
66 117
180 231
47 98
124 175
143 194
56 107
21 72
12 63
165 216
110 161
91 142
68 119
65 116
92 143
185 236
82 133
17 68
0
61
59
49
27
41
58
45
37
52
70
41
61
40
42
59
73
42
70
62
19
58
45
28
37
77
83
53
37
28
47
