31
975
0 6 37 12 17 19 12 19 13 4 32 10 16 5 9 14 18 18 7 24 21 24 4 7 37 26 6 19 14 38 19
6 0 40 6 21 25 6 25 19 7 36 14 15 11 6 11 19 23 13 29 20 28 7 9 42 30 7 21 8 43 16
37 40 0 43 50 32 41 39 41 33 15 28 27 37 45 33 21 46 34 24 23 54 41 44 30 15 33 53 43 24 32
12 6 43 0 25 31 2 31 24 13 42 20 16 17 8 10 22 28 19 35 21 32 12 13 48 36 12 25 3 49 15
17 21 50 25 0 20 27 14 9 21 41 22 33 14 18 31 34 7 16 29 38 7 14 12 37 36 23 3 28 42 36
19 25 32 31 20 0 31 7 11 18 21 13 27 14 26 29 25 14 12 9 29 22 20 22 18 17 20 23 33 22 33
12 6 41 2 27 31 0 31 25 13 41 19 14 17 10 8 20 29 19 34 19 34 13 15 47 35 11 27 2 48 13
19 25 39 31 14 7 31 0 7 20 28 17 31 14 25 31 29 7 13 16 33 15 19 20 23 24 22 17 33 28 36
13 19 41 24 9 11 25 7 0 15 32 15 27 8 18 26 27 5 9 20 31 13 12 13 29 27 17 12 27 33 31
4 7 33 13 21 18 13 20 15 0 29 7 12 7 13 11 14 20 7 22 17 27 8 11 35 23 2 23 15 36 16
32 36 15 42 41 21 41 28 32 29 0 22 30 31 41 35 24 35 28 12 28 43 36 39 15 6 30 44 43 9 36
10 14 28 20 22 13 19 17 15 7 22 0 14 9 19 16 12 20 6 15 16 27 14 17 28 16 8 25 21 29 20
16 15 27 16 33 27 14 31 27 12 30 14 0 19 21 6 6 32 19 28 5 39 20 23 41 24 11 35 16 38 6
5 11 37 17 14 14 17 14 8 7 31 9 19 0 12 18 21 13 3 21 24 20 6 9 32 25 9 16 19 35 23
9 6 45 8 18 26 10 25 18 13 41 19 21 12 0 17 25 22 15 33 26 25 6 6 44 35 12 17 11 47 22
14 11 33 10 31 29 8 31 26 11 35 16 6 18 17 0 12 31 18 31 11 38 17 20 44 29 9 32 10 43 5
18 19 21 22 34 25 20 29 27 14 24 12 6 21 25 12 0 32 18 23 4 39 22 25 36 18 13 37 22 32 12
18 23 46 28 7 14 29 7 5 20 35 20 32 13 22 31 32 0 14 23 36 8 16 16 30 31 22 10 31 35 36
7 13 34 19 16 12 19 13 9 7 28 6 19 3 15 18 18 14 0 18 22 21 9 12 30 22 9 19 21 32 23
24 29 24 35 29 9 34 16 20 22 12 15 28 21 33 31 23 23 18 0 27 31 27 30 13 9 23 32 36 14 34
21 20 23 21 38 29 19 33 31 17 28 16 5 24 26 11 4 36 22 27 0 43 25 28 40 22 15 40 21 36 9
24 28 54 32 7 22 34 15 13 27 43 27 39 20 25 38 39 8 21 31 43 0 21 19 37 39 29 8 35 43 43
4 7 41 12 14 20 13 19 12 8 36 14 20 6 6 17 22 16 9 27 25 21 0 3 38 30 10 15 15 41 22
7 9 44 13 12 22 15 20 13 11 39 17 23 9 6 20 25 16 12 30 28 19 3 0 40 33 13 12 16 44 25
37 42 30 48 37 18 47 23 29 35 15 28 41 32 44 44 36 30 30 13 40 37 38 40 0 18 36 40 49 7 47
26 30 15 36 36 17 35 24 27 23 6 16 24 25 35 29 18 31 22 9 22 39 30 33 18 0 24 39 37 14 30
6 7 33 12 23 20 11 22 17 2 30 8 11 9 12 9 13 22 9 23 15 29 10 13 36 24 0 25 13 37 14
19 21 53 25 3 23 27 17 12 23 44 25 35 16 17 32 37 10 19 32 40 8 15 12 40 39 25 0 28 45 37
14 8 43 3 28 33 2 33 27 15 43 21 16 19 11 10 22 31 21 36 21 35 15 16 49 37 13 28 0 50 13
38 43 24 49 42 22 48 28 33 36 9 29 38 35 47 43 32 35 32 14 36 43 41 44 7 14 37 45 50 0 44
19 16 32 15 36 33 13 36 31 16 36 20 6 23 22 5 12 36 23 34 9 43 22 25 47 30 14 37 13 44 0
0 276
113 223
153 263
145 255
158 268
81 191
34 144
61 171
120 230
4 114
45 155
41 151
88 198
114 224
116 226
117 227
165 275
137 247
79 189
0 110
82 192
80 190
28 138
39 149
145 255
62 172
111 221
60 170
8 118
89 199
2 112
0
18
41
30
34
56
59
68
37
74
57
17
76
40
56
47
63
61
44
40
63
71
42
71
75
40
58
42
48
47
24
