31
975
0 24 28 18 27 20 9 1 6 25 9 38 31 7 24 18 16 11 24 28 29 2 35 3 30 35 6 21 48 44 7
24 0 4 17 3 23 30 25 27 15 33 15 7 24 14 13 26 14 18 31 23 26 23 21 30 25 27 24 26 24 28
28 4 0 21 2 27 34 29 31 15 37 12 4 28 16 17 30 18 21 34 23 30 25 25 33 24 31 28 23 23 32
18 17 21 0 19 6 19 18 16 28 26 26 23 23 8 4 9 8 6 14 36 19 17 15 15 39 16 7 33 28 17
27 3 2 19 0 25 33 28 30 17 36 12 4 27 14 15 28 17 19 32 25 29 23 24 31 26 30 26 23 21 31
20 23 27 6 25 0 18 19 16 34 27 31 29 26 13 10 5 14 9 8 42 20 18 18 10 45 16 1 38 32 17
9 30 34 19 33 18 0 8 3 34 10 43 37 16 27 21 13 16 25 25 38 8 36 11 28 44 3 19 52 47 2
1 25 29 18 28 19 8 0 5 26 8 39 32 8 25 19 16 12 24 27 30 1 35 4 29 36 5 20 49 45 6
6 27 31 16 30 16 3 5 0 31 11 40 34 13 24 18 11 13 22 23 35 5 33 8 26 41 0 17 49 44 1
25 15 15 28 17 34 34 26 31 0 32 27 19 20 28 24 34 21 31 42 8 27 38 23 43 11 31 35 38 38 32
9 33 37 26 36 27 10 8 11 32 0 47 40 12 33 27 22 20 32 34 34 7 43 12 37 40 11 28 57 53 10
38 15 12 26 12 31 43 39 40 27 47 0 8 39 18 22 35 27 23 36 35 40 20 35 33 36 40 31 11 11 41
31 7 4 23 4 29 37 32 34 19 40 8 0 31 17 19 32 21 22 35 27 33 23 28 33 28 34 30 19 19 35
7 24 28 23 27 26 16 8 13 20 12 39 31 0 28 22 23 15 29 34 22 8 39 8 36 28 13 27 50 47 14
24 14 16 8 14 13 27 25 24 28 33 18 17 28 0 6 17 13 5 18 36 26 11 21 17 39 24 13 25 20 25
18 13 17 4 15 10 21 19 18 24 27 22 19 22 6 0 13 7 7 18 32 20 17 15 19 35 18 11 31 26 19
16 26 30 9 28 5 13 16 11 34 22 35 32 23 17 13 0 13 13 12 41 16 23 15 15 45 11 6 42 36 12
11 14 18 8 17 14 16 12 13 21 20 27 21 15 13 7 13 0 14 22 28 13 24 8 23 32 13 15 37 33 14
24 18 21 6 19 9 25 24 22 31 32 23 22 29 5 7 13 14 0 13 39 25 11 21 12 42 22 8 29 23 23
28 31 34 14 32 8 25 27 23 42 34 36 35 34 18 18 12 22 13 0 50 28 18 26 4 53 23 7 39 33 24
29 23 23 36 25 42 38 30 35 8 34 35 27 22 36 32 41 28 39 50 0 30 46 27 51 6 35 43 46 46 36
2 26 30 19 29 20 8 1 5 27 7 40 33 8 26 20 16 13 25 28 30 0 36 5 30 36 5 21 50 46 6
35 23 25 17 23 18 36 35 33 38 43 20 23 39 11 17 23 24 11 18 46 36 0 32 14 48 33 17 21 15 34
3 21 25 15 24 18 11 4 8 23 12 35 28 8 21 15 15 8 21 26 27 5 32 0 28 33 8 19 45 41 9
30 30 33 15 31 10 28 29 26 43 37 33 33 36 17 19 15 23 12 4 51 30 14 28 0 54 26 9 35 29 27
35 25 24 39 26 45 44 36 41 11 40 36 28 28 39 35 45 32 42 53 6 36 48 33 54 0 41 46 47 47 42
6 27 31 16 30 16 3 5 0 31 11 40 34 13 24 18 11 13 22 23 35 5 33 8 26 41 0 17 49 44 1
21 24 28 7 26 1 19 20 17 35 28 31 30 27 13 11 6 15 8 7 43 21 17 19 9 46 17 0 37 31 18
48 26 23 33 23 38 52 49 49 38 57 11 19 50 25 31 42 37 29 39 46 50 21 45 35 47 49 37 0 6 50
44 24 23 28 21 32 47 45 44 38 53 11 19 47 20 26 36 33 23 33 46 46 15 41 29 47 44 31 6 0 45
7 28 32 17 31 17 2 6 1 32 10 41 35 14 25 19 12 14 23 24 36 6 34 9 27 42 1 18 50 45 0
0 319
197 228
109 140
104 135
187 218
230 261
151 182
34 65
169 200
139 170
92 123
181 212
199 230
243 274
112 143
170 201
209 240
230 261
95 126
144 175
91 122
120 151
121 152
137 168
202 233
97 128
51 82
251 282
255 286
106 137
0 31
0
45
61
70
19
55
66
14
36
65
57
45
38
81
67
54
32
44
52
59
45
64
70
59
24
93
34
57
48
24
21
