31
974
0 33 41 19 10 5 28 27 22 22 32 12 31 16 10 30 11 17 26 5 34 39 37 26 19 9 10 33 27 37 26
33 0 12 41 25 36 29 28 24 11 27 30 19 22 40 13 32 39 45 36 12 37 22 7 41 36 35 37 32 17 18
41 12 0 43 31 43 27 26 24 19 22 34 14 25 46 25 42 43 45 43 7 32 13 17 43 42 44 33 30 7 16
19 41 43 0 17 14 19 19 19 30 25 11 31 19 10 43 30 2 7 14 36 25 36 34 0 10 29 19 16 38 27
10 25 31 17 0 12 18 17 12 14 22 6 21 6 15 26 17 15 24 12 24 29 27 18 17 11 19 24 18 27 16
5 36 43 14 12 0 27 26 23 25 32 11 33 18 5 35 16 12 21 0 36 37 39 29 14 4 15 31 25 39 28
28 29 27 19 18 27 0 1 6 22 6 16 13 12 27 36 35 20 18 27 20 11 17 26 19 23 37 8 3 20 11
27 28 26 19 17 26 1 0 5 21 6 15 12 11 26 35 34 20 19 26 19 12 17 25 19 23 36 9 4 19 10
22 24 24 19 12 23 6 5 0 16 10 12 12 6 24 30 29 19 21 23 17 17 18 20 19 20 31 14 8 19 8
22 11 19 30 14 25 22 21 16 0 23 19 17 11 29 14 23 28 35 25 14 33 23 4 30 25 25 30 24 20 13
32 27 22 25 22 32 6 6 10 23 0 21 9 16 32 36 39 26 24 32 16 10 11 25 25 29 41 11 9 15 10
12 30 34 11 6 11 16 15 12 19 21 0 24 9 12 32 22 9 18 11 27 27 30 23 11 8 22 21 15 30 19
31 19 14 31 21 33 13 12 12 17 9 24 0 15 36 29 38 31 31 33 7 19 6 18 31 32 40 20 16 7 5
16 22 25 19 6 18 12 11 6 11 16 9 15 0 21 25 23 18 24 18 18 23 21 15 19 17 25 20 14 21 10
10 40 46 10 15 5 27 26 24 29 32 12 36 21 0 40 21 8 17 5 39 35 42 33 10 4 20 29 25 42 31
30 13 25 43 26 35 36 35 30 14 36 32 29 25 40 0 25 41 49 35 24 46 34 11 43 37 28 44 38 29 26
11 32 42 30 17 16 35 34 29 23 39 22 38 23 21 25 0 28 37 16 37 46 44 25 30 20 3 41 35 42 33
17 39 43 2 15 12 20 20 19 28 26 9 31 18 8 41 28 0 9 12 36 27 37 32 2 8 27 21 17 38 27
26 45 45 7 24 21 18 19 21 35 24 18 31 24 17 49 37 9 0 21 38 21 35 39 7 17 36 15 15 38 29
5 36 43 14 12 0 27 26 23 25 32 11 33 18 5 35 16 12 21 0 36 37 39 29 14 4 15 31 25 39 28
34 12 7 36 24 36 20 19 17 14 16 27 7 18 39 24 37 36 38 36 0 26 10 14 36 35 39 27 23 6 9
39 37 32 25 29 37 11 12 17 33 10 27 19 23 35 46 46 27 21 37 26 0 19 35 25 33 48 6 12 25 20
37 22 13 36 27 39 17 17 18 23 11 30 6 21 42 34 44 37 35 39 10 19 0 24 36 38 46 22 20 6 11
26 7 17 34 18 29 26 25 20 4 25 23 18 15 33 11 25 32 39 29 14 35 24 0 34 29 28 34 28 20 15
19 41 43 0 17 14 19 19 19 30 25 11 31 19 10 43 30 2 7 14 36 25 36 34 0 10 29 19 16 38 27
9 36 42 10 11 4 23 23 20 25 29 8 32 17 4 37 20 8 17 4 35 33 38 29 10 0 19 27 22 38 27
10 35 44 29 19 15 37 36 31 25 41 22 40 25 20 28 3 27 36 15 39 48 46 28 29 19 0 43 37 45 35
33 37 33 19 24 31 8 9 14 30 11 21 20 20 29 44 41 21 15 31 27 6 22 34 19 27 43 0 6 26 19
27 32 30 16 18 25 3 4 8 24 9 15 16 14 25 38 35 17 15 25 23 12 20 28 16 22 37 6 0 23 14
37 17 7 38 27 39 20 19 19 20 15 30 7 21 42 29 42 38 38 39 6 25 6 20 38 38 45 26 23 0 11
26 18 16 27 16 28 11 10 8 13 10 19 5 10 31 26 33 27 29 28 9 20 11 15 27 27 35 19 14 11 0
0 468
332 378
193 239
150 196
143 189
293 339
13 59
373 419
373 419
36 82
411 457
95 141
291 337
62 108
51 97
287 333
397 443
134 180
140 186
150 196
102 148
302 348
100 146
280 326
388 434
117 163
128 174
252 298
156 202
86 132
103 149
0
47
39
80
26
65
38
78
70
62
38
19
14
68
53
54
73
54
41
53
77
27
78
31
31
78
54
17
60
40
33
