31
975
0 8 29 1 17 22 33 49 29 45 34 34 17 48 2 39 54 46 37 41 38 39 33 18 27 36 44 33 16 33 28
8 0 37 8 14 18 40 53 28 43 35 32 16 52 6 44 57 43 44 42 37 42 38 21 31 40 43 38 21 40 31
29 37 0 29 39 43 15 35 41 57 35 46 35 33 31 21 41 57 18 39 48 33 18 25 25 24 49 18 22 14 28
1 8 29 0 16 21 33 48 28 44 33 33 16 47 2 38 53 45 37 40 37 38 32 17 26 35 43 32 15 33 27
17 14 39 16 0 5 35 44 14 29 23 18 4 44 16 38 47 29 39 30 23 32 33 15 23 32 29 33 17 36 22
22 18 43 21 5 0 39 46 13 25 25 15 8 46 21 42 49 26 43 31 20 34 37 19 27 36 27 37 21 40 25
33 40 15 33 35 39 0 21 32 45 23 37 31 19 35 7 27 45 4 25 36 19 4 20 14 10 37 4 19 1 17
49 53 35 48 44 46 21 0 34 40 22 36 41 2 50 14 6 39 17 17 32 12 19 32 22 14 29 19 33 22 23
29 28 41 28 14 13 32 34 0 16 12 5 12 34 29 33 36 17 34 18 9 22 28 16 18 26 15 28 19 33 15
45 43 57 44 29 25 45 40 16 0 22 11 28 41 45 44 40 1 46 23 9 30 41 32 32 37 11 41 35 46 29
34 35 35 33 23 25 23 22 12 22 0 15 20 22 34 22 25 22 24 7 13 10 19 16 10 15 14 19 19 24 7
34 32 46 33 18 15 37 36 5 11 15 0 17 36 34 37 37 12 39 19 5 24 33 21 23 30 12 33 24 38 20
17 16 35 16 4 8 31 41 12 28 20 17 0 40 17 34 44 29 35 27 21 29 29 11 19 28 27 29 13 32 18
48 52 33 47 44 46 19 2 34 41 22 36 40 0 49 12 8 40 15 18 33 12 17 31 21 12 30 17 32 20 22
2 6 31 2 16 21 35 50 29 45 34 34 17 49 0 40 54 45 39 41 38 39 34 18 28 37 44 34 17 35 28
39 44 21 38 38 42 7 14 33 44 22 37 34 12 40 0 20 44 3 22 35 15 6 24 15 7 34 6 23 8 18
54 57 41 53 47 49 27 6 36 40 25 37 44 8 54 20 0 39 23 18 33 15 25 36 27 19 29 25 38 28 26
46 43 57 45 29 26 45 39 17 1 22 12 29 40 45 44 39 0 46 22 9 29 41 33 32 37 10 41 36 46 29
37 44 18 37 39 43 4 17 34 46 24 39 35 15 39 3 23 46 0 25 37 18 6 24 16 10 37 6 23 5 19
41 42 39 40 30 31 25 17 18 23 7 19 27 18 41 22 18 22 25 0 15 7 21 23 16 16 12 21 25 26 13
38 37 48 37 23 20 36 32 9 9 13 5 21 33 38 35 33 9 37 15 0 22 32 25 23 28 7 32 28 37 20
39 42 33 38 32 34 19 12 22 30 10 24 29 12 39 15 15 29 18 7 22 0 15 21 12 9 19 15 23 20 11
33 38 18 32 33 37 4 19 28 41 19 33 29 17 34 6 25 41 6 21 32 15 0 18 10 6 33 0 17 5 13
18 21 25 17 15 19 20 32 16 32 16 21 11 31 18 24 36 33 24 23 25 21 18 0 10 19 29 18 3 21 10
27 31 25 26 23 27 14 22 18 32 10 23 19 21 28 15 27 32 16 16 23 12 10 10 0 9 24 10 11 15 3
36 40 24 35 32 36 10 14 26 37 15 30 28 12 37 7 19 37 10 16 28 9 6 19 9 0 28 6 20 11 11
44 43 49 43 29 27 37 29 15 11 14 12 27 30 44 34 29 10 37 12 7 19 33 29 24 28 0 33 32 38 21
33 38 18 32 33 37 4 19 28 41 19 33 29 17 34 6 25 41 6 21 32 15 0 18 10 6 33 0 17 5 13
16 21 22 15 17 21 19 33 19 35 19 24 13 32 17 23 38 36 23 25 28 23 17 3 11 20 32 17 0 19 12
33 40 14 33 36 40 1 22 33 46 24 38 32 20 35 8 28 46 5 26 37 20 5 21 15 11 38 5 19 0 18
28 31 28 27 22 25 17 23 15 29 7 20 18 22 28 18 26 29 19 13 20 11 13 10 3 11 21 13 12 18 0
0 447
185 274
182 271
82 171
17 106
322 411
43 132
132 221
310 399
285 374
210 299
36 125
220 309
215 304
294 383
202 291
228 317
187 276
15 104
74 163
164 253
199 288
173 262
329 418
176 265
13 102
17 106
20 109
332 421
80 169
306 395
0
45
21
65
33
51
53
64
61
67
44
36
54
58
38
71
18
58
53
48
39
37
62
34
61
47
74
40
72
57
38
