31
975
0 19 17 5 41 23 7 8 19 22 27 12 32 23 35 29 42 33 41 20 39 13 26 34 38 29 17 25 16 17 37
19 0 25 22 37 4 23 16 5 24 17 20 33 13 20 13 35 14 29 1 31 32 9 36 23 18 15 11 4 7 31
17 25 0 12 27 29 10 24 21 8 20 6 17 36 32 38 29 36 32 26 27 15 28 17 33 42 32 23 22 18 24
5 22 12 0 37 26 2 13 21 18 26 8 28 28 36 33 39 36 40 23 36 10 28 29 39 34 22 26 18 18 34
41 37 27 37 0 39 36 46 32 19 20 29 10 50 26 48 5 38 15 38 9 42 31 12 24 54 51 26 35 31 6
23 4 29 26 39 0 27 20 9 28 19 24 37 12 19 9 37 10 30 3 33 36 8 40 22 15 17 13 8 11 33
7 23 10 2 36 27 0 15 21 17 25 7 27 30 36 35 38 36 39 24 35 9 28 27 38 36 24 26 19 18 33
8 16 24 13 46 20 15 0 18 28 29 18 38 16 35 23 47 30 43 17 43 21 25 40 38 21 9 25 14 18 42
19 5 21 21 32 9 21 18 0 20 12 16 29 18 17 18 30 15 25 6 26 30 7 32 20 23 20 7 4 3 26
22 24 8 18 19 28 17 28 20 0 14 10 10 36 26 37 21 32 24 25 19 23 24 12 27 42 35 19 21 17 16
27 17 20 26 20 19 25 29 12 14 0 18 18 30 12 28 18 19 14 18 14 33 11 21 13 34 31 6 15 11 14
12 20 6 8 29 24 7 18 16 10 18 0 20 30 30 33 31 31 32 21 28 15 23 22 31 36 26 20 16 13 26
32 33 17 28 10 37 27 38 29 10 18 20 0 45 29 46 14 37 21 34 14 32 29 3 28 51 45 24 30 26 11
23 13 36 28 50 12 30 16 18 36 30 30 45 0 31 8 48 21 42 12 44 36 20 48 34 6 7 24 15 19 44
35 20 32 36 26 19 36 35 17 26 12 30 29 31 0 27 21 13 12 20 17 45 11 32 3 34 35 10 21 18 20
29 13 38 33 48 9 35 23 18 37 28 33 46 8 27 0 46 15 39 12 42 42 17 49 30 7 15 22 17 20 42
42 35 29 39 5 37 38 47 30 21 18 31 14 48 21 46 0 34 10 36 4 44 29 17 19 52 49 24 33 29 5
33 14 36 36 38 10 36 30 15 32 19 31 37 21 13 15 34 0 25 13 30 45 8 40 16 22 27 13 18 18 32
41 29 32 40 15 30 39 43 25 24 14 32 21 42 12 39 10 25 0 30 7 47 22 24 9 45 44 18 29 25 10
20 1 26 23 38 3 24 17 6 25 18 21 34 12 20 12 36 13 30 0 32 33 9 37 23 17 15 12 5 8 32
39 31 27 36 9 33 35 43 26 19 14 28 14 44 17 42 4 30 7 32 0 42 25 17 15 48 45 20 29 25 3
13 32 15 10 42 36 9 21 30 23 33 15 32 36 45 42 44 45 47 33 42 0 37 31 46 42 30 35 28 27 39
26 9 28 28 31 8 28 25 7 24 11 23 29 20 11 17 29 8 22 9 25 37 0 32 14 23 24 5 11 10 25
34 36 17 29 12 40 27 40 32 12 21 22 3 48 32 49 17 40 24 37 17 31 32 0 31 54 47 27 33 29 14
38 23 33 39 24 22 38 38 20 27 13 31 28 34 3 30 19 16 9 23 15 46 14 31 0 37 38 13 24 21 18
29 18 42 34 54 15 36 21 23 42 34 36 51 6 34 7 52 22 45 17 48 42 23 54 37 0 12 28 21 25 48
17 15 32 22 51 17 24 9 20 35 31 26 45 7 35 15 49 27 44 15 45 30 24 47 38 12 0 26 16 20 45
25 11 23 26 26 13 26 25 7 19 6 20 24 24 10 22 24 13 18 12 20 35 5 27 13 28 26 0 11 8 20
16 4 22 18 35 8 19 14 4 21 15 16 30 15 21 17 33 18 29 5 29 28 11 33 24 21 16 11 0 4 29
17 7 18 18 31 11 18 18 3 17 11 13 26 19 18 20 29 18 25 8 25 27 10 29 21 25 20 8 4 0 25
37 31 24 34 6 33 33 42 26 16 14 26 11 44 20 42 5 32 10 32 3 39 25 14 18 48 45 20 29 25 0
0 532
260 526
135 401
253 519
235 501
84 350
123 389
249 515
189 455
155 421
228 494
67 333
170 436
30 296
262 528
145 411
186 452
265 531
36 302
211 477
152 418
78 344
61 327
104 370
129 395
42 308
261 527
121 387
175 441
169 435
42 308
0
62
60
70
40
69
59
70
59
28
36
34
68
13
26
58
54
64
44
68
38
73
61
25
56
54
57
34
52
21
47
