31
977
0 30 29 18 40 38 27 34 20 28 37 9 19 36 12 30 40 25 14 11 34 15 35 19 32 27 19 33 27 16 20
30 0 42 12 40 44 9 52 33 28 43 21 32 18 39 34 40 5 40 19 20 24 53 12 29 21 13 34 30 19 40
29 42 0 32 18 10 33 14 10 14 9 31 11 31 23 8 18 37 43 30 28 19 13 30 17 21 29 12 12 23 13
18 12 32 0 35 38 10 42 23 22 37 9 22 21 27 28 35 7 28 7 20 14 43 2 24 16 3 28 23 9 30
40 40 18 35 0 11 31 30 22 13 11 39 23 24 38 11 0 38 54 36 21 26 29 33 11 19 32 7 13 27 30
38 44 10 38 11 0 35 19 18 16 1 39 19 31 33 10 11 42 52 37 28 26 18 36 17 23 35 11 15 29 23
27 9 33 10 31 35 0 45 26 19 34 19 25 12 35 25 31 8 38 17 12 18 46 8 20 12 8 25 21 13 34
34 52 14 42 30 19 45 0 19 28 19 39 20 45 23 22 30 47 44 39 42 28 1 40 31 35 39 26 26 33 14
20 33 10 23 22 18 26 19 0 12 17 21 1 28 16 11 22 28 34 20 25 9 20 21 16 17 20 15 10 14 9
28 28 14 22 13 16 19 28 12 0 15 26 12 17 27 6 13 26 42 23 14 13 27 20 4 7 19 6 2 14 21
37 43 9 37 11 1 34 19 17 15 0 38 18 30 32 9 11 41 51 36 27 25 18 35 16 22 34 10 14 28 22
9 21 31 9 39 39 19 39 21 26 38 0 20 30 20 30 39 16 19 3 29 13 40 11 30 23 12 32 26 12 25
19 32 11 22 23 19 25 20 1 12 18 20 0 27 15 12 23 27 33 19 24 8 21 20 16 16 19 16 10 13 10
36 18 31 21 24 31 12 45 28 17 30 30 27 0 41 23 24 19 49 27 3 24 44 19 14 11 19 20 19 20 37
12 39 23 27 38 33 35 23 16 27 32 20 15 41 0 27 38 34 21 21 38 17 24 28 31 30 27 31 25 22 10
30 34 8 28 11 10 25 22 11 6 9 30 12 23 27 0 11 32 44 28 20 17 21 26 9 13 25 4 5 19 19
40 40 18 35 0 11 31 30 22 13 11 39 23 24 38 11 0 38 54 36 21 26 29 33 11 19 32 7 13 27 30
25 5 37 7 38 42 8 47 28 26 41 16 27 19 34 32 38 0 35 14 20 19 48 7 27 19 8 32 27 14 35
14 40 43 28 54 52 38 44 34 42 51 19 33 49 21 44 54 35 0 22 48 29 45 30 46 41 31 47 41 30 31
11 19 30 7 36 37 17 39 20 23 36 3 19 27 21 28 36 14 22 0 26 11 39 9 27 20 9 29 23 9 25
34 20 28 20 21 28 12 42 25 14 27 29 24 3 38 20 21 20 48 26 0 21 41 18 11 8 17 17 16 18 34
15 24 19 14 26 26 18 28 9 13 25 13 8 24 17 17 26 19 29 11 21 0 29 12 17 13 11 19 13 5 16
35 53 13 43 29 18 46 1 20 27 18 40 21 44 24 21 29 48 45 39 41 29 0 41 30 34 40 25 25 34 15
19 12 30 2 33 36 8 40 21 20 35 11 20 19 28 26 33 7 30 9 18 12 41 0 22 14 1 26 21 7 28
32 29 17 24 11 17 20 31 16 4 16 30 16 14 31 9 11 27 46 27 11 17 30 22 0 8 21 6 6 18 25
27 21 21 16 19 23 12 35 17 7 22 23 16 11 30 13 19 19 41 20 8 13 34 14 8 0 13 13 9 11 26
19 13 29 3 32 35 8 39 20 19 34 12 19 19 27 25 32 8 31 9 17 11 40 1 21 13 0 25 20 6 27
33 34 12 28 7 11 25 26 15 6 10 32 16 20 31 4 7 32 47 29 17 19 25 26 6 13 25 0 6 20 23
27 30 12 23 13 15 21 26 10 2 14 26 10 19 25 5 13 27 41 23 16 13 25 21 6 9 20 6 0 15 19
16 19 23 9 27 29 13 33 14 14 28 12 13 20 22 19 27 14 30 9 18 5 34 7 18 11 6 20 15 0 21
20 40 13 30 30 23 34 14 9 21 22 25 10 37 10 19 30 35 31 25 34 16 15 28 25 26 27 23 19 21 0
0 319
144 303
84 243
145 304
97 256
40 199
7 166
100 259
108 267
78 237
41 200
3 162
19 178
157 316
46 205
34 193
21 180
51 210
148 307
142 301
75 234
98 257
156 315
135 294
155 314
106 265
151 310
55 214
35 194
22 181
127 286
0
39
25
43
47
75
17
39
77
77
41
67
60
75
44
39
55
17
81
40
48
45
65
19
75
21
83
24
55
40
70
