31
974
0 13 5 39 25 10 23 24 20 22 39 44 36 20 31 33 23 13 27 21 28 22 24 30 30 32 36 17 9 21 12
13 0 14 51 36 22 34 28 32 31 51 56 48 15 41 42 32 14 38 32 40 24 26 43 43 44 48 27 20 34 23
5 14 0 37 22 13 27 19 23 18 37 42 34 17 28 29 19 9 24 25 26 17 19 31 31 30 34 13 6 21 9
39 51 37 0 17 32 35 39 28 27 8 5 9 51 22 30 26 43 22 34 12 41 43 14 14 7 3 28 31 18 28
25 36 22 17 0 23 34 22 25 10 15 21 12 34 9 15 9 26 5 32 5 24 26 20 20 11 15 11 16 13 13
10 22 13 32 23 0 14 30 10 25 35 37 33 30 32 35 25 22 28 12 25 29 31 21 21 25 29 20 12 14 13
23 34 27 35 34 14 0 44 9 38 41 40 40 43 43 49 39 36 39 2 33 43 45 21 21 31 32 34 26 21 27
24 28 19 39 22 30 44 0 38 12 36 43 33 17 21 16 13 14 19 42 27 4 4 40 40 33 37 13 18 31 19
20 32 23 28 25 10 9 38 0 30 32 33 31 40 34 40 30 32 30 7 24 37 39 14 14 22 25 26 20 12 19
22 31 18 27 10 25 38 12 30 0 24 31 21 25 10 11 1 19 7 36 15 14 16 29 29 21 25 5 13 21 12
39 51 37 8 15 35 41 36 32 24 0 8 3 49 16 24 23 41 17 39 11 38 40 21 21 10 10 26 31 21 28
44 56 42 5 21 37 40 43 33 31 8 0 10 55 23 31 30 47 24 39 16 45 47 19 19 12 8 32 36 23 33
36 48 34 9 12 33 40 33 31 21 3 10 0 46 13 21 20 38 14 38 8 35 37 20 20 9 10 23 28 20 25
20 15 17 51 34 30 43 17 40 25 49 55 46 0 35 33 26 8 32 41 39 13 13 47 47 45 49 23 21 37 24
31 41 28 22 9 32 43 21 34 10 16 23 13 35 0 8 9 29 4 41 12 24 25 28 28 18 22 15 22 22 20
33 42 29 30 15 35 49 16 40 11 24 31 21 33 8 0 10 28 10 47 20 20 20 35 35 26 30 16 24 28 22
23 32 19 26 9 25 39 13 30 1 23 30 20 26 9 10 0 20 6 37 14 15 17 29 29 20 24 6 14 20 12
13 14 9 43 26 22 36 14 32 19 41 47 38 8 29 28 20 0 26 34 31 10 12 39 39 37 41 15 13 29 16
27 38 24 22 5 28 39 19 30 7 17 24 14 32 4 10 6 26 0 37 10 21 23 25 25 16 20 11 18 18 16
21 32 25 34 32 12 2 42 7 36 39 39 38 41 41 47 37 34 37 0 31 41 43 20 20 29 31 32 24 19 25
28 40 26 12 5 25 33 27 24 15 11 16 8 39 12 20 14 31 10 31 0 29 31 16 16 6 10 16 20 12 17
22 24 17 41 24 29 43 4 37 14 38 45 35 13 24 20 15 10 21 41 29 0 2 41 41 35 39 14 17 31 18
24 26 19 43 26 31 45 4 39 16 40 47 37 13 25 20 17 12 23 43 31 2 0 43 43 37 41 16 19 33 20
30 43 31 14 20 21 21 40 14 29 21 19 20 47 28 35 29 39 25 20 16 41 43 0 0 11 11 27 26 10 23
30 43 31 14 20 21 21 40 14 29 21 19 20 47 28 35 29 39 25 20 16 41 43 0 0 11 11 27 26 10 23
32 44 30 7 11 25 31 33 22 21 10 12 9 45 18 26 20 37 16 29 6 35 37 11 11 0 4 22 24 11 21
36 48 34 3 15 29 32 37 25 25 10 8 10 49 22 30 24 41 20 31 10 39 41 11 11 4 0 26 28 15 25
17 27 13 28 11 20 34 13 26 5 26 32 23 23 15 16 6 15 11 32 16 14 16 27 27 22 26 0 8 18 7
9 20 6 31 16 12 26 18 20 13 31 36 28 21 22 24 14 13 18 24 20 17 19 26 26 24 28 8 0 16 3
21 34 21 18 13 14 21 31 12 21 21 23 20 37 22 28 20 29 18 19 12 31 33 10 10 11 15 18 16 0 13
12 23 9 28 13 13 27 19 19 12 28 33 25 24 20 22 12 16 16 25 17 18 20 23 23 21 25 7 3 13 0
0 234
120 166
7 53
124 170
151 197
35 81
70 116
39 85
85 131
48 94
156 202
92 138
32 78
126 172
76 122
52 98
14 60
128 174
172 218
20 66
73 119
69 115
128 174
65 111
142 188
27 73
158 204
131 177
11 57
144 190
37 83
0
79
71
49
32
57
66
65
85
64
26
56
20
33
15
81
29
40
19
56
36
85
17
64
28
40
31
83
75
43
53
