31
975
0 15 25 1 31 34 19 27 6 33 35 14 27 36 25 34 12 33 33 13 45 8 26 35 22 18 39 33 31 37 24
15 0 25 16 41 39 34 27 21 38 41 21 33 38 40 36 8 27 24 24 53 13 41 35 37 20 32 37 42 47 39
25 25 0 26 25 15 35 2 31 14 17 13 12 13 39 11 31 10 13 18 30 32 39 10 37 7 15 12 28 28 41
1 16 26 0 32 35 18 28 5 34 36 15 28 37 24 35 12 34 34 14 46 7 26 36 21 19 40 34 32 38 24
31 41 25 32 0 16 25 23 33 16 14 20 13 21 23 21 42 34 38 18 14 39 21 24 24 24 38 19 3 6 30
34 39 15 35 16 0 37 13 39 1 2 20 7 5 37 6 43 23 27 23 15 42 36 9 37 19 24 4 19 14 43
19 34 35 18 25 37 0 36 14 37 37 22 31 41 6 40 30 44 46 17 39 24 8 43 3 28 50 38 23 31 6
27 27 2 28 23 13 36 0 33 12 15 14 10 11 39 9 33 11 15 19 28 34 38 8 38 9 15 10 26 26 42
6 21 31 5 33 39 14 33 0 38 39 20 32 42 20 40 16 39 39 16 47 10 22 41 17 24 45 39 32 39 19
33 38 14 34 16 1 37 12 38 0 3 19 6 5 37 5 42 22 26 22 16 41 35 8 36 18 23 3 19 15 42
35 41 17 36 14 2 37 15 39 3 0 21 8 7 36 8 44 25 29 23 13 43 35 11 36 21 26 6 17 12 42
14 21 13 15 20 20 22 14 20 19 21 0 13 22 26 20 23 22 24 5 32 22 26 21 24 6 28 19 21 26 28
27 33 12 28 13 7 31 10 32 6 8 13 0 10 31 9 36 21 25 16 20 35 30 12 31 13 25 7 16 16 37
36 38 13 37 21 5 41 11 42 5 7 22 10 0 41 2 43 19 23 26 20 44 40 4 41 19 19 3 24 19 47
25 40 39 24 23 37 6 39 20 37 36 26 31 41 0 40 36 48 50 21 37 30 2 43 3 32 54 38 20 29 7
34 36 11 35 21 6 40 9 40 5 8 20 9 2 40 0 41 17 21 24 21 42 39 3 40 17 18 2 24 20 46
12 8 31 12 42 43 30 33 16 42 44 23 36 43 36 41 0 34 32 24 55 6 38 41 33 24 40 41 42 48 34
33 27 10 34 34 23 44 11 39 22 25 22 21 19 48 17 34 0 4 27 38 37 48 15 46 16 6 19 37 37 50
33 24 13 34 38 27 46 15 39 26 29 24 25 23 50 21 32 4 0 29 42 36 50 19 48 18 8 23 41 41 52
13 24 18 14 18 23 17 19 16 22 23 5 16 26 21 24 24 27 29 0 32 21 21 26 19 11 33 23 18 24 23
45 53 30 46 14 15 39 28 47 16 13 32 20 20 37 21 55 38 42 32 0 53 35 24 38 33 39 19 17 8 44
8 13 32 7 39 42 24 34 10 41 43 22 35 44 30 42 6 37 36 21 53 0 32 42 27 25 43 41 39 45 28
26 41 39 26 21 36 8 38 22 35 35 26 30 40 2 39 38 48 50 21 35 32 0 42 5 32 53 37 18 27 9
35 35 10 36 24 9 43 8 41 8 11 21 12 4 43 3 41 15 19 26 24 42 42 0 43 17 15 5 27 23 49
22 37 37 21 24 37 3 38 17 36 36 24 31 41 3 40 33 46 48 19 38 27 5 43 0 30 52 38 21 30 6
18 20 7 19 24 19 28 9 24 18 21 6 13 19 32 17 24 16 18 11 33 25 32 17 30 0 22 17 26 28 34
39 32 15 40 38 24 50 15 45 23 26 28 25 19 54 18 40 6 8 33 39 43 53 15 52 22 0 20 41 38 56
33 37 12 34 19 4 38 10 39 3 6 19 7 3 38 2 41 19 23 23 19 41 37 5 38 17 20 0 22 18 44
31 42 28 32 3 19 23 26 32 19 17 21 16 24 20 24 42 37 41 18 17 39 18 27 21 26 41 22 0 9 27
37 47 28 38 6 14 31 26 39 15 12 26 16 19 29 20 48 37 41 24 8 45 27 23 30 28 38 18 9 0 36
24 39 41 24 30 43 6 42 19 42 42 28 37 47 7 46 34 50 52 23 44 28 9 49 6 34 56 44 27 36 0
0 404
196 276
110 190
315 395
16 96
305 385
94 174
302 382
60 140
250 330
196 276
70 150
246 326
61 141
156 236
111 191
161 241
185 265
281 361
61 141
112 192
303 383
209 289
212 292
284 364
35 115
209 289
202 282
112 192
285 365
207 287
0
70
27
46
51
68
58
26
60
46
28
41
62
39
40
78
100
69
37
62
69
55
77
27
13
30
48
46
50
18
59
