31
977
0 19 9 18 29 4 8 14 28 20 19 11 14 5 16 15 27 21 4 15 9 20 12 25 26 10 27 27 5 31 10
19 0 18 4 44 17 23 7 42 3 8 24 19 23 7 33 12 20 22 22 23 8 29 18 19 25 41 9 17 46 25
9 18 0 20 26 13 17 17 24 21 22 20 5 14 12 24 30 12 8 6 5 23 21 16 17 7 23 27 14 28 7
18 4 20 0 45 15 20 4 44 2 4 21 22 21 10 30 10 23 22 25 24 4 26 22 23 26 43 9 14 47 26
29 44 26 45 0 33 35 42 3 47 47 38 26 31 38 32 55 30 25 23 21 48 36 36 37 19 4 53 34 4 19
4 17 13 15 33 0 6 11 32 17 15 8 18 6 16 16 23 24 8 19 13 16 12 26 27 14 31 24 1 35 14
8 23 17 20 35 6 0 16 34 22 20 3 22 4 22 10 28 29 11 23 16 21 6 32 33 17 34 29 6 35 17
14 7 17 4 42 11 16 0 41 6 5 17 20 17 10 26 13 23 18 23 21 6 22 22 23 23 40 13 10 44 23
28 42 24 44 3 32 34 41 0 45 46 37 23 30 35 33 54 27 24 20 20 47 36 33 34 18 1 50 33 7 18
20 3 21 2 47 17 22 6 45 0 6 23 22 23 10 32 9 23 24 25 26 5 28 21 22 28 44 7 16 49 28
19 8 22 4 47 15 20 5 46 6 0 19 25 21 14 29 8 27 23 28 26 1 24 26 27 28 45 11 14 49 28
11 24 20 21 38 8 3 17 37 23 19 0 25 7 24 10 27 32 14 26 19 20 5 34 35 20 37 30 7 38 20
14 19 5 22 26 18 22 20 23 22 25 25 0 19 12 29 31 7 13 3 9 26 26 12 13 10 22 27 19 29 10
5 23 14 21 31 6 4 17 30 23 21 7 19 0 21 10 29 26 7 20 12 22 7 30 31 13 30 30 7 32 13
16 7 12 10 38 16 22 10 35 10 14 24 12 21 0 31 19 13 18 15 17 14 28 12 13 19 34 15 17 40 19
15 33 24 30 32 16 10 26 33 32 29 10 29 10 31 0 37 36 16 28 21 30 5 40 41 20 32 39 16 31 20
27 12 30 10 55 23 28 13 54 9 8 27 31 29 19 37 0 32 31 34 34 7 32 30 31 36 53 7 22 57 36
21 20 12 23 30 24 29 23 27 23 27 32 7 26 13 36 32 0 20 9 16 27 33 6 7 17 26 27 25 34 17
4 22 8 22 25 8 11 18 24 24 23 14 13 7 18 16 31 20 0 13 5 24 14 24 25 6 23 31 9 27 6
15 22 6 25 23 19 23 23 20 25 28 26 3 20 15 28 34 9 13 0 8 29 27 15 16 8 19 30 20 26 8
9 23 5 24 21 13 16 21 20 26 26 19 9 12 17 21 34 16 5 8 0 27 19 21 22 2 19 32 14 23 2
20 8 23 4 48 16 21 6 47 5 1 20 26 22 14 30 7 27 24 29 27 0 25 26 27 29 46 10 15 50 29
12 29 21 26 36 12 6 22 36 28 24 5 26 7 28 5 32 33 14 27 19 25 0 37 38 20 35 35 12 35 20
25 18 16 22 36 26 32 22 33 21 26 34 12 30 12 40 30 6 24 15 21 26 37 0 1 22 32 24 27 40 22
26 19 17 23 37 27 33 23 34 22 27 35 13 31 13 41 31 7 25 16 22 27 38 1 0 23 33 24 28 41 23
10 25 7 26 19 14 17 23 18 28 28 20 10 13 19 20 36 17 6 8 2 29 20 22 23 0 17 34 15 21 0
27 41 23 43 4 31 34 40 1 44 45 37 22 30 34 32 53 26 23 19 19 46 35 32 33 17 0 49 32 8 17
27 9 27 9 53 24 29 13 50 7 11 30 27 30 15 39 7 27 31 30 32 10 35 24 24 34 49 0 23 55 34
5 17 14 14 34 1 6 10 33 16 14 7 19 7 17 16 22 25 9 20 14 15 12 27 28 15 32 23 0 36 15
31 46 28 47 4 35 35 44 7 49 49 38 29 32 40 31 57 34 27 26 23 50 35 40 41 21 8 55 36 0 21
10 25 7 26 19 14 17 23 18 28 28 20 10 13 19 20 36 17 6 8 2 29 20 22 23 0 17 34 15 21 0
0 319
227 290
130 193
56 119
122 185
176 239
33 96
59 122
105 168
94 157
45 108
98 161
128 191
249 312
88 151
238 301
78 141
64 127
35 98
134 197
132 195
111 174
217 280
10 73
209 272
38 101
15 78
208 271
36 99
178 241
45 108
0
56
53
74
47
51
60
27
45
42
55
48
87
41
60
39
29
41
54
40
55
55
56
66
35
16
42
34
49
75
70
