31
976
0 24 47 14 32 25 13 7 32 33 7 11 13 20 20 5 1 40 42 26 19 25 20 35 42 14 24 3 36 41 8
24 0 29 17 34 43 31 30 42 15 20 13 12 20 21 29 23 45 28 11 15 31 37 23 28 38 18 23 40 42 19
47 29 0 33 31 52 45 54 45 14 46 39 34 29 30 51 46 41 8 21 28 37 47 14 7 60 24 47 37 33 45
14 17 33 0 21 26 14 21 28 19 17 12 7 7 8 18 13 32 28 12 5 17 20 21 28 27 10 15 27 30 16
32 34 31 21 0 23 22 38 14 26 38 33 28 14 13 34 32 12 23 24 19 8 19 18 24 39 16 34 7 9 37
25 43 52 26 23 0 12 27 12 42 31 34 31 24 23 23 25 22 44 36 29 15 6 38 45 22 29 27 22 28 32
13 31 45 14 22 12 0 16 19 33 19 22 19 16 15 12 13 28 38 26 19 14 7 31 38 17 21 15 25 30 20
7 30 54 21 38 27 16 0 35 40 10 17 20 27 27 4 8 44 49 33 26 30 23 42 49 10 31 7 41 46 11
32 42 45 28 14 12 19 35 0 39 38 39 35 22 21 31 32 10 37 34 27 11 12 32 38 33 27 34 10 16 39
33 15 14 19 26 42 33 40 39 0 32 25 20 18 19 37 32 38 13 7 15 29 36 10 13 46 13 33 33 33 31
7 20 46 17 38 31 19 10 38 32 0 7 12 24 25 11 6 46 43 25 21 31 26 37 43 20 26 4 42 47 1
11 13 39 12 33 34 22 17 39 25 7 0 5 19 20 16 10 44 36 18 14 29 29 30 36 25 19 10 39 42 6
13 12 34 7 28 31 19 20 35 20 12 5 0 14 15 18 12 39 31 13 9 24 26 25 31 27 14 13 34 37 11
20 20 29 7 14 24 16 27 22 18 24 19 14 0 1 24 20 25 22 12 5 11 18 15 22 32 5 22 20 23 23
20 21 30 8 13 23 15 27 21 19 25 20 15 1 0 24 20 24 23 13 6 10 17 16 23 31 6 22 19 22 24
5 29 51 18 34 23 12 4 31 37 11 16 18 24 24 0 6 40 46 30 23 26 19 39 46 9 28 7 37 42 12
1 23 46 13 32 25 13 8 32 32 6 10 12 20 20 6 0 40 41 25 18 25 20 34 41 15 23 2 36 41 7
40 45 41 32 12 22 28 44 10 38 46 44 39 25 24 40 40 0 33 36 30 15 22 30 34 43 28 42 5 9 46
42 28 8 28 23 44 38 49 37 13 43 36 31 22 23 46 41 33 0 18 23 29 39 7 1 54 18 43 29 25 42
26 11 21 12 24 36 26 33 34 7 25 18 13 12 13 30 25 36 18 0 8 23 30 12 18 39 8 26 31 32 24
19 15 28 5 19 29 19 26 27 15 21 14 9 5 6 23 18 30 23 8 0 16 23 16 23 32 5 20 25 28 20
25 31 37 17 8 15 14 30 11 29 31 29 24 11 10 26 25 15 29 23 16 0 11 23 30 31 16 27 11 16 31
20 37 47 20 19 6 7 23 12 36 26 29 26 18 17 19 20 22 39 30 23 11 0 33 40 21 23 22 20 26 27
35 23 14 21 18 38 31 42 32 10 37 30 25 15 16 39 34 30 7 12 16 23 33 0 7 47 11 36 25 23 36
42 28 7 28 24 45 38 49 38 13 43 36 31 22 23 46 41 34 1 18 23 30 40 7 0 54 18 43 30 26 42
14 38 60 27 39 22 17 10 33 46 20 25 27 32 31 9 15 43 54 39 32 31 21 47 54 0 37 16 41 47 21
24 18 24 10 16 29 21 31 27 13 26 19 14 5 6 28 23 28 18 8 5 16 23 11 18 37 0 25 23 24 25
3 23 47 15 34 27 15 7 34 33 4 10 13 22 22 7 2 42 43 26 20 27 22 36 43 16 25 0 38 43 5
36 40 37 27 7 22 25 41 10 33 42 39 34 20 19 37 36 5 29 31 25 11 20 25 30 41 23 38 0 6 42
41 42 33 30 9 28 30 46 16 33 47 42 37 23 22 42 41 9 25 32 28 16 26 23 26 47 24 43 6 0 46
8 19 45 16 37 32 20 11 39 31 1 6 11 23 24 12 7 46 42 24 20 31 27 36 42 21 25 5 42 46 0
0 255
158 183
84 109
148 173
84 109
124 149
199 224
205 230
214 239
3 28
228 253
154 179
108 133
113 138
51 76
185 210
6 31
130 155
172 197
6 31
190 215
115 140
15 40
181 206
4 29
72 97
26 51
167 192
80 105
10 35
74 99
0
27
69
21
51
66
43
61
47
27
59
50
30
44
81
40
45
51
54
44
30
63
76
84
68
50
39
34
63
35
49
