31
975
0 2 13 24 11 24 27 37 35 31 28 11 7 35 29 12 20 15 11 27 26 40 19 42 16 26 40 22 27 27 38
2 0 14 22 9 23 26 35 33 29 26 9 9 33 27 14 19 14 13 25 24 39 19 40 14 25 38 20 25 25 37
13 14 0 33 22 22 19 46 31 38 35 23 6 37 40 8 32 28 13 34 38 34 8 49 22 38 35 34 31 34 35
24 22 33 0 13 22 32 13 30 8 6 14 31 22 9 36 26 19 35 5 10 36 32 19 12 30 34 17 15 5 31
11 9 22 13 0 21 28 26 32 20 17 2 18 29 18 23 17 10 22 16 16 38 24 31 10 23 37 14 21 16 34
24 23 22 22 21 0 10 31 11 23 20 23 25 15 31 30 38 31 33 19 32 17 16 30 11 44 16 34 10 19 14
27 26 19 32 28 10 0 41 13 33 30 30 25 24 41 27 45 38 32 29 41 15 11 40 20 51 16 42 20 29 17
37 35 46 13 26 31 41 0 36 8 11 27 44 26 11 49 35 30 48 12 15 42 44 9 24 37 39 24 21 12 36
35 33 31 30 32 11 13 36 0 28 25 34 35 13 39 39 49 42 43 25 40 6 23 34 22 55 5 45 15 25 4
31 29 38 8 20 23 33 8 28 0 3 22 37 18 13 42 34 27 42 4 16 34 36 11 16 37 31 24 13 4 28
28 26 35 6 17 20 30 11 25 3 0 19 34 17 14 39 32 25 39 1 16 31 33 14 13 36 29 23 10 1 26
11 9 23 14 2 23 30 27 34 22 19 0 18 31 18 23 15 8 22 18 15 40 26 33 12 21 39 12 23 18 36
7 9 6 31 18 25 25 44 35 37 34 18 0 40 36 5 26 22 8 33 33 40 14 48 21 32 40 29 32 33 39
35 33 37 22 29 15 24 26 13 18 17 31 40 0 31 45 46 39 46 17 32 17 31 21 19 52 14 39 8 17 11
29 27 40 9 18 31 41 11 39 13 14 18 36 31 0 41 24 19 40 14 4 45 41 20 21 26 43 13 24 14 40
12 14 8 36 23 30 27 49 39 42 39 23 5 45 41 0 28 26 5 38 38 42 16 53 26 34 43 33 37 38 43
20 19 32 26 17 38 45 35 49 34 32 15 26 46 24 28 0 7 25 31 20 55 38 44 27 6 54 11 38 31 51
15 14 28 19 10 31 38 30 42 27 25 8 22 39 19 26 7 0 23 24 15 48 33 38 20 13 47 7 31 24 44
11 13 13 35 22 33 32 48 43 42 39 22 8 46 40 5 25 23 0 38 37 47 21 53 27 30 48 30 38 38 47
27 25 34 5 16 19 29 12 25 4 1 18 33 17 14 38 31 24 38 0 15 31 32 15 12 35 29 22 10 0 26
26 24 38 10 16 32 41 15 40 16 16 15 33 32 4 38 20 15 37 15 0 46 40 24 21 22 44 9 25 15 41
40 39 34 36 38 17 15 42 6 34 31 40 40 17 45 42 55 48 47 31 46 0 26 38 28 61 3 51 21 31 6
19 19 8 32 24 16 11 44 23 36 33 26 14 31 41 16 38 33 21 32 40 26 0 46 20 44 27 38 26 32 27
42 40 49 19 31 30 40 9 34 11 14 33 48 21 20 53 44 38 53 15 24 38 46 0 27 46 35 33 20 15 32
16 14 22 12 10 11 20 24 22 16 13 12 21 19 21 26 27 20 27 12 21 28 20 27 0 33 27 23 11 12 24
26 25 38 30 23 44 51 37 55 37 36 21 32 52 26 34 6 13 30 35 22 61 44 46 33 0 60 13 44 35 57
40 38 35 34 37 16 16 39 5 31 29 39 40 14 43 43 54 47 48 29 44 3 27 35 27 60 0 50 19 29 3
22 20 34 17 14 34 42 24 45 24 23 12 29 39 13 33 11 7 30 22 9 51 38 33 23 13 50 0 31 22 47
27 25 31 15 21 10 20 21 15 13 10 23 32 8 24 37 38 31 38 10 25 21 26 20 11 44 19 31 0 10 16
27 25 34 5 16 19 29 12 25 4 1 18 33 17 14 38 31 24 38 0 15 31 32 15 12 35 29 22 10 0 26
38 37 35 31 34 14 17 36 4 28 26 36 39 11 40 43 51 44 47 26 41 6 27 32 24 57 3 47 16 26 0
0 340
199 233
35 69
278 312
139 173
50 84
248 282
86 120
230 264
9 43
96 130
252 286
258 292
245 279
304 338
134 168
41 75
286 320
158 192
284 318
84 118
187 221
192 226
87 121
33 67
244 278
168 202
210 244
172 206
33 67
53 87
0
57
59
66
51
65
20
51
85
22
42
66
59
50
46
65
54
46
56
63
15
51
24
24
61
84
41
32
53
21
70
