31
975
0 16 31 28 13 38 27 38 18 14 34 30 4 26 6 8 6 34 14 34 41 28 22 27 25 15 18 13 29 14 23
16 0 17 22 16 27 41 33 5 17 20 31 12 12 10 14 18 29 4 38 35 14 31 28 17 16 5 26 13 8 29
31 17 0 20 33 15 53 29 19 34 3 32 28 5 26 31 31 25 17 42 27 3 41 30 16 26 13 42 7 19 38
28 22 20 0 36 12 37 11 27 37 23 12 27 18 26 31 23 7 19 22 13 20 23 10 5 13 17 41 23 15 20
13 16 33 36 0 43 40 47 14 1 36 41 10 28 10 5 19 43 18 46 49 30 35 38 32 26 21 13 27 21 36
38 27 15 12 43 0 49 15 31 44 16 22 36 17 35 40 34 12 26 32 12 17 35 22 13 25 22 50 21 24 32
27 41 53 37 40 49 0 41 45 40 56 30 31 48 33 35 23 39 37 24 45 50 14 28 38 27 40 32 51 34 17
38 33 29 11 47 15 41 0 38 48 31 11 38 28 37 42 33 4 30 20 4 29 27 13 16 23 28 51 33 26 24
18 5 19 27 14 31 45 38 0 15 22 36 14 15 12 13 22 34 9 43 40 16 36 33 22 21 10 25 13 13 34
14 17 34 37 1 44 40 48 15 0 37 42 11 29 11 6 20 44 19 47 50 31 36 39 33 27 22 12 28 22 37
34 20 3 23 36 16 56 31 22 37 0 35 31 8 29 34 34 27 20 45 28 6 44 33 19 29 16 45 9 22 41
30 31 32 12 41 22 30 11 36 42 35 0 31 29 31 36 25 10 27 10 15 31 16 3 16 15 27 43 34 23 13
4 12 28 27 10 36 31 38 14 11 31 31 0 23 2 5 9 34 11 36 40 25 25 28 23 16 15 14 25 12 26
26 12 5 18 28 17 48 28 15 29 8 29 23 0 21 26 26 24 12 39 27 2 36 27 13 22 8 37 5 14 34
6 10 26 26 10 35 33 37 12 11 29 31 2 21 0 5 10 33 9 37 39 23 26 28 22 16 13 16 23 11 27
8 14 31 31 5 40 35 42 13 6 34 36 5 26 5 0 14 38 14 41 44 28 30 33 27 21 18 12 26 16 31
6 18 31 23 19 34 23 33 22 20 34 25 9 26 10 14 0 29 14 28 36 28 16 22 21 10 18 18 29 12 17
34 29 25 7 43 12 39 4 34 44 27 10 34 24 33 38 29 0 26 20 7 25 25 11 12 19 24 47 29 22 22
14 4 17 19 18 26 37 30 9 19 20 27 11 12 9 14 14 26 0 34 32 14 27 24 14 12 4 25 15 4 25
34 38 42 22 46 32 24 20 43 47 45 10 36 39 37 41 28 20 34 0 24 41 13 12 26 22 36 45 44 30 11
41 35 27 13 49 12 45 4 40 50 28 15 40 27 39 44 36 7 32 24 0 28 31 17 18 26 30 54 32 28 28
28 14 3 20 30 17 50 29 16 31 6 31 25 2 23 28 28 25 14 41 28 0 38 29 15 24 10 39 4 16 36
22 31 41 23 35 35 14 27 36 36 44 16 25 36 26 30 16 25 27 13 31 38 0 14 25 15 29 32 40 23 3
27 28 30 10 38 22 28 13 33 39 33 3 28 27 28 33 22 11 24 12 17 29 14 0 14 12 24 40 32 20 11
25 17 16 5 32 13 38 16 22 33 19 16 23 13 22 27 21 12 14 26 18 15 25 14 0 12 12 37 18 11 22
15 16 26 13 26 25 27 23 21 27 29 15 16 22 16 21 10 19 12 22 26 24 15 12 12 0 14 28 25 8 13
18 5 13 17 21 22 40 28 10 22 16 27 15 8 13 18 18 24 4 36 30 10 29 24 12 14 0 29 11 6 27
13 26 42 41 13 50 32 51 25 12 45 43 14 37 16 12 18 47 25 45 54 39 32 40 37 28 29 0 38 26 34
29 13 7 23 27 21 51 33 13 28 9 34 25 5 23 26 29 29 15 44 32 4 40 32 18 25 11 38 0 17 38
14 8 19 15 21 24 34 26 13 22 22 23 12 14 11 16 12 22 4 30 28 16 23 20 11 8 6 26 17 0 21
23 29 38 20 36 32 17 24 34 37 41 13 26 34 27 31 17 22 25 11 28 36 3 11 22 13 27 34 38 21 0
0 383
3 3
129 129
320 320
209 209
108 108
255 255
183 183
120 120
287 287
14 14
192 192
30 30
237 237
64 64
70 70
102 102
292 292
328 328
347 347
49 49
17 17
134 134
330 330
17 17
305 305
285 285
87 87
50 50
61 61
161 161
0
27
63
66
76
45
18
24
52
45
40
44
64
96
56
78
22
66
21
74
40
19
30
68
34
66
43
61
48
62
51
