31
975
0 27 13 26 22 24 16 5 26 24 13 24 30 19 24 9 35 41 30 37 27 14 26 31 35 33 22 40 28 28 26
27 0 29 1 13 26 40 22 9 22 37 36 6 15 23 35 32 23 31 31 33 30 7 24 32 41 36 24 7 1 9
13 29 0 28 31 12 12 16 24 15 10 11 30 29 14 18 23 35 18 26 14 1 31 22 23 20 9 34 27 30 32
26 1 28 0 14 25 39 22 8 21 36 35 5 15 22 35 31 22 30 30 32 29 8 23 31 40 35 23 6 2 10
22 13 31 14 0 35 38 17 21 31 35 42 19 3 32 30 43 36 40 43 42 32 7 36 43 50 40 37 20 13 5
24 26 12 25 35 0 24 26 18 4 22 10 24 34 3 30 11 24 6 14 7 13 32 10 11 15 10 22 21 27 34
16 40 12 39 38 24 0 21 36 26 3 17 42 35 26 14 33 47 28 36 21 11 41 33 33 25 15 45 39 41 42
5 22 16 22 17 26 21 0 24 24 18 27 27 14 25 13 36 39 32 38 30 17 21 31 36 36 25 39 25 23 21
26 9 24 8 21 18 36 24 0 14 34 28 6 22 15 35 23 16 23 22 25 25 16 15 23 33 28 16 3 10 18
24 22 15 21 31 4 26 24 14 0 25 14 20 30 1 31 12 21 9 14 11 15 28 7 12 19 14 19 17 23 30
13 37 10 36 35 22 3 18 34 25 0 18 40 32 24 11 33 45 28 36 22 10 38 32 33 26 16 44 37 38 39
24 36 11 35 42 10 17 27 28 14 18 0 34 40 13 28 16 34 11 19 4 10 40 20 16 9 2 32 31 37 42
30 6 30 5 19 24 42 27 6 20 40 34 0 20 21 39 29 17 29 28 31 31 12 21 29 39 34 18 3 6 14
19 15 29 15 3 34 35 14 22 30 32 40 20 0 31 27 42 37 39 42 40 30 9 35 42 48 38 38 21 15 8
24 23 14 22 32 3 26 25 15 1 24 13 21 31 0 31 11 22 8 13 10 15 29 8 11 18 13 20 18 24 31
9 35 18 35 30 30 14 13 35 31 11 28 39 27 31 0 41 50 36 44 31 18 34 38 41 37 26 49 37 36 34
35 32 23 31 43 11 33 36 23 12 33 16 29 42 11 41 0 19 5 3 12 24 39 8 0 17 18 17 26 33 41
41 23 35 22 36 24 47 39 16 21 45 34 17 37 22 50 19 0 23 16 30 36 29 14 19 36 34 2 16 23 31
30 31 18 30 40 6 28 32 23 9 28 11 29 39 8 36 5 23 0 8 7 19 37 9 5 13 13 21 26 32 39
37 31 26 30 43 14 36 38 22 14 36 19 28 42 13 44 3 16 8 0 15 27 38 7 3 20 21 14 25 32 40
27 33 14 32 42 7 21 30 25 11 22 4 31 40 10 31 12 30 7 15 0 13 39 16 12 8 6 28 28 34 41
14 30 1 29 32 13 11 17 25 15 10 10 31 30 15 18 24 36 19 27 13 0 32 22 24 19 8 34 28 31 33
26 7 31 8 7 32 41 21 16 28 38 40 12 9 29 34 39 29 37 38 39 32 0 31 39 47 40 30 14 6 2
31 24 22 23 36 10 33 31 15 7 32 20 21 35 8 38 8 14 9 7 16 22 31 0 8 22 20 12 18 25 33
35 32 23 31 43 11 33 36 23 12 33 16 29 42 11 41 0 19 5 3 12 24 39 8 0 17 18 17 26 33 41
33 41 20 40 50 15 25 36 33 19 26 9 39 48 18 37 17 36 13 20 8 19 47 22 17 0 11 34 36 42 49
22 36 9 35 40 10 15 25 28 14 16 2 34 38 13 26 18 34 13 21 6 8 40 20 18 11 0 32 31 37 41
40 24 34 23 37 22 45 39 16 19 44 32 18 38 20 49 17 2 21 14 28 34 30 12 17 34 32 0 17 24 32
28 7 27 6 20 21 39 25 3 17 37 31 3 21 18 37 26 16 26 25 28 28 14 18 26 36 31 17 0 8 16
28 1 30 2 13 27 41 23 10 23 38 37 6 15 24 36 33 23 32 32 34 31 6 25 33 42 37 24 8 0 8
26 9 32 10 5 34 42 21 18 30 39 42 14 8 31 34 41 31 39 40 41 33 2 33 41 49 41 32 16 8 0
0 596
215 334
89 208
337 456
72 191
153 272
299 418
330 449
255 374
304 423
324 443
59 178
402 521
16 135
369 488
175 294
473 592
417 536
471 590
429 548
331 450
436 555
61 180
473 592
442 561
408 527
21 140
433 552
465 584
453 572
276 395
0
38
62
54
46
70
19
24
49
15
56
41
58
30
64
73
81
50
62
22
76
79
53
69
34
68
59
63
34
20
31
