31
975
0 17 33 10 7 30 17 15 27 13 3 29 28 37 24 30 35 29 31 16 15 37 28 43 32 33 11 37 8 30 11
17 0 21 27 19 30 3 32 14 25 15 43 40 22 15 44 50 31 24 31 6 29 39 41 41 48 6 26 9 16 27
33 21 0 40 38 19 24 45 7 32 33 48 41 12 9 49 55 24 10 39 19 8 40 27 39 54 23 5 28 8 44
10 27 40 0 11 34 27 5 36 12 12 23 24 47 31 24 28 30 37 10 25 44 24 45 28 25 21 44 18 40 5
7 19 38 11 0 37 19 16 31 19 5 34 34 41 29 35 39 36 37 21 19 43 34 50 38 36 15 42 10 34 10
30 30 19 34 37 0 33 37 21 22 32 30 22 31 15 30 36 5 9 28 24 15 21 13 20 36 27 18 32 26 39
17 3 24 27 19 33 0 32 17 27 15 45 42 23 18 46 52 34 27 33 9 32 42 44 44 50 8 29 9 18 27
15 32 45 5 16 37 32 0 41 15 17 22 25 52 36 23 25 33 41 11 30 48 25 48 29 22 26 49 23 45 6
27 14 7 36 31 21 17 41 0 29 26 46 39 12 6 46 52 25 13 36 12 15 38 30 39 51 16 12 21 5 38
13 25 32 12 19 22 27 15 29 0 16 18 15 41 23 19 25 18 26 7 20 33 15 33 19 23 19 35 20 34 17
3 15 33 12 5 32 15 17 26 16 0 32 31 36 24 33 38 31 32 19 14 38 31 45 35 36 10 37 6 29 12
29 43 48 23 34 30 45 22 46 18 32 0 8 58 40 1 7 25 39 13 38 45 9 38 13 6 37 48 37 51 27
28 40 41 24 34 22 42 25 39 15 31 8 0 51 33 8 14 17 31 14 34 37 1 30 5 14 34 40 35 44 29
37 22 12 47 41 31 23 52 12 41 36 58 51 0 18 58 64 36 22 48 22 20 50 39 51 63 26 16 31 7 48
24 15 9 31 29 15 18 36 6 23 24 40 33 18 0 41 47 19 9 30 10 14 32 26 33 46 14 13 19 11 35
30 44 49 24 35 30 46 23 46 19 33 1 8 58 41 0 6 25 39 14 39 45 9 38 13 6 38 48 38 51 28
35 50 55 28 39 36 52 25 52 25 38 7 14 64 47 6 0 31 45 19 45 51 15 44 19 3 44 54 43 57 31
29 31 24 30 36 5 34 33 25 18 31 25 17 36 19 25 31 0 14 23 25 20 16 15 15 31 28 23 32 30 35
31 24 10 37 37 9 27 41 13 26 32 39 31 22 9 39 45 14 0 33 19 7 30 17 29 45 23 9 28 17 41
16 31 39 10 21 28 33 11 36 7 19 13 14 48 30 14 19 23 33 0 27 40 14 38 18 17 25 41 24 41 15
15 6 19 25 19 24 9 30 12 20 14 38 34 22 10 39 45 25 19 27 0 24 34 36 35 43 4 23 9 15 26
37 29 8 44 43 15 32 48 15 33 38 45 37 20 14 45 51 20 7 40 24 0 36 19 35 51 28 4 33 16 48
28 39 40 24 34 21 42 25 38 15 31 9 1 50 32 9 15 16 30 14 34 36 0 29 4 15 34 39 35 43 29
43 41 27 45 50 13 44 48 30 33 45 38 30 39 26 38 44 15 17 38 36 19 29 0 25 44 40 23 45 34 50
32 41 39 28 38 20 44 29 39 19 35 13 5 51 33 13 19 15 29 18 35 35 4 25 0 19 36 38 38 44 33
33 48 54 25 36 36 50 22 51 23 36 6 14 63 46 6 3 31 45 17 43 51 15 44 19 0 42 54 41 56 28
11 6 23 21 15 27 8 26 16 19 10 37 34 26 14 38 44 28 23 25 4 28 34 40 36 42 0 27 5 19 22
37 26 5 44 42 18 29 49 12 35 37 48 40 16 13 48 54 23 9 41 23 4 39 23 38 54 27 0 32 13 48
8 9 28 18 10 32 9 23 21 20 6 37 35 31 19 38 43 32 28 24 9 33 35 45 38 41 5 32 0 24 18
30 16 8 40 34 26 18 45 5 34 29 51 44 7 11 51 57 30 17 41 15 16 43 34 44 56 19 13 24 0 41
11 27 44 5 10 39 27 6 38 17 12 27 29 48 35 28 31 35 41 15 26 48 29 50 33 28 22 48 18 41 0
0 511
247 451
183 387
65 269
12 216
23 227
4 208
250 454
23 227
90 294
144 348
87 291
24 228
299 503
219 423
157 361
217 421
57 261
170 374
120 324
87 291
68 272
210 414
76 280
57 261
20 224
223 427
232 436
259 463
174 378
63 267
0
18
43
34
31
42
66
58
23
49
53
40
58
69
68
42
47
72
67
33
52
70
62
33
33
52
71
52
57
44
60
