31
975
0 16 20 25 17 34 30 24 16 23 24 14 8 18 28 24 18 8 19 4 29 18 25 13 11 16 32 24 28 16 15
16 0 29 41 26 39 46 26 6 23 40 11 23 2 27 29 15 16 19 19 13 31 41 13 22 31 40 39 43 6 25
20 29 0 29 3 14 28 11 33 43 28 32 12 31 16 7 37 13 39 16 38 8 27 33 30 13 12 19 24 33 5
25 41 29 0 27 42 9 39 41 38 1 37 21 43 44 36 39 29 36 23 54 22 4 35 25 16 39 14 11 41 26
17 26 3 27 0 17 27 12 30 40 26 29 9 28 17 9 34 10 36 13 36 7 25 30 27 11 15 18 23 30 2
34 39 14 42 17 0 38 13 44 56 41 45 26 41 16 10 50 26 52 30 44 20 39 46 44 26 4 29 34 44 19
30 46 28 9 27 38 0 39 46 45 8 43 24 48 44 35 45 32 42 27 59 20 5 41 31 16 34 9 4 46 26
24 26 11 39 12 13 39 0 32 46 38 34 21 28 5 4 39 16 42 22 31 19 37 35 35 23 15 30 35 32 14
16 6 33 41 30 44 46 32 0 17 40 5 24 6 33 34 9 20 13 20 16 34 41 8 18 32 45 40 44 0 29
23 23 43 38 40 56 45 46 17 0 37 13 31 23 48 46 9 30 4 27 33 41 40 11 14 38 55 44 45 17 38
24 40 28 1 26 41 8 38 40 37 0 36 20 42 43 35 38 28 35 22 53 21 3 34 24 15 38 13 10 40 25
14 11 32 37 29 45 43 34 5 13 36 0 22 11 36 35 5 19 9 18 21 32 38 3 13 30 44 38 42 5 28
8 23 12 21 9 26 24 21 24 31 20 22 0 25 26 18 26 8 27 4 35 10 20 21 18 8 24 16 20 24 7
18 2 31 43 28 41 48 28 6 23 42 11 25 0 28 31 15 18 19 21 11 33 43 14 24 33 42 41 45 6 27
28 27 16 44 17 16 44 5 33 48 43 36 26 28 0 9 41 20 44 26 29 24 42 37 39 28 19 35 40 33 19
24 29 7 36 9 10 35 4 34 46 35 35 18 31 9 0 40 16 42 21 35 15 34 36 35 20 11 26 31 34 11
18 15 37 39 34 50 45 39 9 9 38 5 26 15 41 40 0 24 5 22 25 36 40 5 14 34 49 42 45 9 33
8 16 13 29 10 26 32 16 20 30 28 19 8 18 20 16 24 0 26 6 27 15 28 20 19 16 25 24 28 20 9
19 19 39 36 36 52 42 42 13 4 35 9 27 19 44 42 5 26 0 23 29 37 37 7 11 35 51 41 42 13 34
4 19 16 23 13 30 27 22 20 27 22 18 4 21 26 21 22 6 23 0 32 14 23 17 14 12 28 20 24 20 11
29 13 38 54 36 44 59 31 16 33 53 21 35 11 29 35 25 27 29 32 0 42 54 24 34 43 46 51 55 16 35
18 31 8 22 7 20 20 19 34 41 21 32 10 33 24 15 36 15 37 14 42 0 19 31 28 6 17 11 16 34 7
25 41 27 4 25 39 5 37 41 40 3 38 20 43 42 34 40 28 37 23 54 19 0 36 26 14 35 10 7 41 24
13 13 33 35 30 46 41 35 8 11 34 3 21 14 37 36 5 20 7 17 24 31 36 0 10 29 45 37 40 8 28
11 22 30 25 27 44 31 35 18 14 24 13 18 24 39 35 14 19 11 14 34 28 26 10 0 24 42 30 31 18 25
16 31 13 16 11 26 16 23 32 38 15 30 8 33 28 20 34 16 35 12 43 6 14 29 24 0 23 8 12 32 10
32 40 12 39 15 4 34 15 45 55 38 44 24 42 19 11 49 25 51 28 46 17 35 45 42 23 0 25 30 45 17
24 39 19 14 18 29 9 30 40 44 13 38 16 41 35 26 42 24 41 20 51 11 10 37 30 8 25 0 5 40 18
28 43 24 11 23 34 4 35 44 45 10 42 20 45 40 31 45 28 42 24 55 16 7 40 31 12 30 5 0 44 22
16 6 33 41 30 44 46 32 0 17 40 5 24 6 33 34 9 20 13 20 16 34 41 8 18 32 45 40 44 0 29
15 25 5 26 2 19 26 14 29 38 25 28 7 27 19 11 33 9 34 11 35 7 24 28 25 10 17 18 22 29 0
0 255
65 192
12 139
97 224
82 209
106 233
96 223
28 155
8 135
57 184
60 187
126 253
36 163
49 176
50 177
77 204
94 221
59 186
94 221
91 218
77 204
43 170
12 139
67 194
127 254
48 175
21 148
126 253
36 163
28 155
91 218
0
78
67
63
12
79
48
73
26
59
70
49
55
30
83
23
71
30
27
77
50
28
33
14
47
72
41
51
49
37
57
