31
975
0 41 21 22 40 46 47 46 41 22 41 33 25 36 34 32 10 27 28 25 29 46 42 19 25 14 5 25 19 39 40
41 0 27 24 54 12 25 38 13 24 15 41 21 44 11 14 31 22 21 44 17 15 35 28 44 46 37 44 22 7 23
21 27 0 3 30 27 27 25 22 3 21 17 6 20 16 13 18 6 8 17 10 26 21 3 17 20 16 17 14 30 20
22 24 3 0 33 24 25 26 19 0 19 20 3 23 13 10 17 5 6 20 7 24 22 4 20 22 17 20 12 27 18
40 54 30 33 0 51 43 28 47 33 45 13 34 11 43 40 43 32 34 15 37 49 27 32 15 26 36 15 44 58 38
46 12 27 24 51 0 13 29 5 24 6 38 21 40 12 14 37 21 19 44 17 3 26 28 44 46 41 44 28 19 14
47 25 27 25 43 13 0 17 13 25 11 32 22 33 20 19 42 21 19 40 21 10 16 29 40 47 42 40 33 32 7
46 38 25 26 28 29 17 0 25 26 23 19 23 18 29 26 43 21 21 29 25 26 4 28 29 40 41 29 36 44 15
41 13 22 19 47 5 13 25 0 19 2 34 16 36 8 9 32 16 14 39 12 5 22 23 39 41 36 39 23 19 10
22 24 3 0 33 24 25 26 19 0 19 20 3 23 13 10 17 5 6 20 7 24 22 4 20 22 17 20 12 27 18
41 15 21 19 45 6 11 23 2 19 0 32 16 34 9 10 33 15 13 38 12 5 20 23 38 41 36 38 24 21 8
33 41 17 20 13 38 32 19 34 20 32 0 21 3 30 27 33 19 21 10 24 37 17 19 10 21 28 10 31 45 26
25 21 6 3 34 21 22 23 16 3 16 21 0 24 10 7 20 2 3 23 4 21 19 7 23 25 20 23 13 25 15
36 44 20 23 11 40 33 18 36 23 34 3 24 0 33 30 36 22 23 12 27 38 17 22 12 23 31 12 34 48 27
34 11 16 13 43 12 20 29 8 13 9 30 10 33 0 3 25 11 10 33 6 13 25 17 33 35 29 33 16 15 14
32 14 13 10 40 14 19 26 9 10 10 27 7 30 3 0 23 8 7 30 3 14 22 14 30 32 27 30 14 18 13
10 31 18 17 43 37 42 43 32 17 33 33 20 36 25 23 0 22 23 28 22 37 39 15 28 21 8 28 9 29 35
27 22 6 5 32 21 21 21 16 5 15 19 2 22 11 8 22 0 2 23 5 20 17 9 23 26 22 23 15 26 14
28 21 8 6 34 19 19 21 14 6 13 21 3 23 10 7 23 2 0 25 4 18 17 10 25 28 23 25 16 25 12
25 44 17 20 15 44 40 29 39 20 38 10 23 12 33 30 28 23 25 0 27 43 27 18 0 11 21 0 30 47 33
29 17 10 7 37 17 21 25 12 7 12 24 4 27 6 3 22 5 4 27 0 17 21 11 27 29 24 27 13 21 14
46 15 26 24 49 3 10 26 5 24 5 37 21 38 13 14 37 20 18 43 17 0 23 28 43 46 41 43 28 22 11
42 35 21 22 27 26 16 4 22 22 20 17 19 17 25 22 39 17 17 27 21 23 0 24 27 37 37 27 32 40 12
19 28 3 4 32 28 29 28 23 4 23 19 7 22 17 14 15 9 10 18 11 28 24 0 18 19 14 18 12 30 22
25 44 17 20 15 44 40 29 39 20 38 10 23 12 33 30 28 23 25 0 27 43 27 18 0 11 21 0 30 47 33
14 46 20 22 26 46 47 40 41 22 41 21 25 23 35 32 21 26 28 11 29 46 37 19 11 0 13 11 27 47 40
5 37 16 17 36 41 42 41 36 17 36 28 20 31 29 27 8 22 23 21 24 41 37 14 21 13 0 21 15 35 35
25 44 17 20 15 44 40 29 39 20 38 10 23 12 33 30 28 23 25 0 27 43 27 18 0 11 21 0 30 47 33
19 22 14 12 44 28 33 36 23 12 24 31 13 34 16 14 9 15 16 30 13 28 32 12 30 27 15 30 0 20 27
39 7 30 27 58 19 32 44 19 27 21 45 25 48 15 18 29 26 25 47 21 22 40 30 47 47 35 47 20 0 29
40 23 20 18 38 14 7 15 10 18 8 26 15 27 14 13 35 14 12 33 14 11 12 22 33 40 35 33 27 29 0
0 532
184 290
14 120
134 240
386 492
75 181
203 309
338 444
106 212
128 234
361 467
382 488
393 499
215 321
333 439
392 498
360 466
277 383
161 267
336 442
12 118
365 471
31 137
240 346
11 117
170 276
166 272
61 167
127 233
21 127
263 369
0
45
42
92
62
78
48
31
66
23
23
52
18
33
29
68
33
44
45
48
59
67
42
59
52
58
65
29
33
78
78
