31
975
0 21 14 47 13 26 36 28 29 37 30 16 33 17 2 24 29 9 30 1 6 25 25 8 40 0 45 26 11 29 28
21 0 23 27 9 10 16 23 14 24 10 13 37 9 23 16 9 20 34 20 18 32 28 22 20 21 29 23 28 9 21
14 23 0 45 15 33 33 16 37 27 28 10 19 26 15 35 32 5 16 15 20 11 11 6 38 14 35 14 10 27 40
47 27 45 0 34 28 12 33 30 23 17 35 48 36 49 37 24 44 48 46 45 48 43 46 7 47 18 35 52 18 41
13 9 15 34 0 18 23 19 22 25 17 6 30 11 15 20 18 11 27 12 12 25 21 13 27 13 32 18 19 16 25
26 10 33 28 18 0 22 33 4 33 16 23 47 9 28 9 4 29 44 25 21 42 38 31 22 26 35 33 37 15 14
36 16 33 12 23 22 0 22 25 14 6 23 37 25 38 30 18 32 36 35 34 36 31 34 6 36 13 23 40 7 35
28 23 16 33 19 33 22 0 37 11 21 13 15 30 30 39 31 20 15 29 31 15 10 22 28 28 19 2 26 21 44
29 14 37 30 22 4 25 37 0 36 19 27 51 12 31 7 7 33 48 28 24 46 42 35 25 29 38 37 40 18 11
37 24 27 23 25 33 14 11 36 0 17 21 25 33 39 40 29 30 26 37 37 26 21 32 20 37 8 13 37 18 45
30 10 28 17 17 16 6 21 19 17 0 18 36 19 32 24 12 27 35 29 28 35 30 29 10 30 19 22 35 1 29
16 13 10 35 6 23 23 13 27 21 18 0 24 17 18 26 22 9 21 16 18 19 15 11 28 16 29 12 17 17 31
33 37 19 48 30 47 37 15 51 25 36 24 0 41 34 50 45 24 3 34 39 9 9 25 43 33 33 14 27 36 55
17 9 26 36 11 9 25 30 12 33 19 17 41 0 19 9 12 21 38 16 12 36 32 23 29 17 38 29 28 18 14
2 23 15 49 15 28 38 30 31 39 32 18 34 19 0 26 31 11 31 3 8 26 26 9 42 2 47 28 10 31 30
24 16 35 37 20 9 30 39 7 40 24 26 50 9 26 0 13 30 47 23 18 45 41 31 31 24 43 38 35 23 5
29 9 32 24 18 4 18 31 7 29 12 22 45 12 31 13 0 29 43 28 24 41 37 31 18 29 31 31 37 11 18
9 20 5 44 11 29 32 20 33 30 27 9 24 21 11 30 29 0 21 10 15 16 16 2 37 9 38 18 8 26 35
30 34 16 48 27 44 36 15 48 26 35 21 3 38 31 47 43 21 0 31 36 6 6 22 42 30 34 13 24 35 52
1 20 15 46 12 25 35 29 28 37 29 16 34 16 3 23 28 10 31 0 5 26 26 9 39 1 44 27 12 28 27
6 18 20 45 12 21 34 31 24 37 28 18 39 12 8 18 24 15 36 5 0 31 30 14 38 6 44 30 17 27 22
25 32 11 48 25 42 36 15 46 26 35 19 9 36 26 45 41 16 6 26 31 0 5 17 42 25 34 13 18 34 50
25 28 11 43 21 38 31 10 42 21 30 15 9 32 26 41 37 16 6 26 30 5 0 17 37 25 29 8 20 29 46
8 22 6 46 13 31 34 22 35 32 29 11 25 23 9 31 31 2 22 9 14 17 17 0 39 8 40 20 6 28 36
40 20 38 7 27 22 6 28 25 20 10 28 43 29 42 31 18 37 42 39 38 42 37 39 0 40 17 29 45 11 36
0 21 14 47 13 26 36 28 29 37 30 16 33 17 2 24 29 9 30 1 6 25 25 8 40 0 45 26 11 29 28
45 29 35 18 32 35 13 19 38 8 19 29 33 38 47 43 31 38 34 44 44 34 29 40 17 45 0 21 45 20 48
26 23 14 35 18 33 23 2 37 13 22 12 14 29 28 38 31 18 13 27 30 13 8 20 29 26 21 0 24 22 43
11 28 10 52 19 37 40 26 40 37 35 17 27 28 10 35 37 8 24 12 17 18 20 6 45 11 45 24 0 34 39
29 9 27 18 16 15 7 21 18 18 1 17 36 18 31 23 11 26 35 28 27 34 29 28 11 29 20 22 34 0 28
28 21 40 41 25 14 35 44 11 45 29 31 55 14 30 5 18 35 52 27 22 50 46 36 36 28 48 43 39 28 0
0 212
88 88
5 5
103 103
79 79
25 25
83 83
21 21
135 135
143 143
27 27
193 193
172 172
36 36
19 19
78 78
116 116
120 120
67 67
1 1
118 118
176 176
36 36
27 27
197 197
33 33
111 111
85 85
65 65
86 86
77 77
0
79
25
21
60
82
71
51
27
27
13
70
73
46
28
45
73
75
60
38
47
50
36
27
62
87
62
53
27
34
50
