31
977
0 34 36 32 22 19 28 26 18 24 22 43 34 25 34 31 23 14 21 28 1 11 14 15 11 39 1 33 25 17 29
34 0 14 47 12 39 51 8 25 17 36 31 54 47 12 28 14 24 16 10 33 24 26 19 23 31 33 26 9 47 11
36 14 0 38 21 33 43 19 20 12 28 17 46 39 26 16 24 32 25 21 35 25 23 26 27 17 35 13 19 44 23
32 47 38 0 41 13 9 44 23 30 12 33 8 9 53 22 44 43 44 47 31 32 25 39 35 28 31 25 43 20 49
22 12 21 41 0 30 42 4 18 14 29 36 47 38 12 27 3 12 4 6 21 12 17 7 11 33 21 27 3 36 8
19 39 33 13 30 0 12 34 14 22 6 33 17 8 42 20 33 30 32 36 18 20 13 26 22 28 18 23 33 11 38
28 51 43 9 42 12 0 46 26 34 15 41 6 4 54 29 45 41 44 48 28 32 25 38 34 36 28 32 45 12 50
26 8 19 44 4 34 46 0 21 15 32 35 50 42 9 28 6 16 8 3 25 16 21 11 15 34 25 28 1 40 5
18 25 20 23 18 14 26 21 0 8 11 25 29 22 30 13 21 22 21 24 17 11 4 17 14 21 17 15 20 24 26
24 17 12 30 14 22 34 15 8 0 19 23 37 30 24 13 17 23 18 18 23 14 11 17 16 19 23 13 14 32 20
22 36 28 12 29 6 15 32 11 19 0 27 18 11 41 14 32 31 32 35 21 20 13 27 23 22 21 17 31 17 37
43 31 17 33 36 33 41 35 25 23 27 0 41 38 43 13 39 46 40 38 42 36 29 40 39 5 42 10 35 44 40
34 54 46 8 47 17 6 50 29 37 18 41 0 9 59 30 50 46 49 53 33 37 30 43 39 36 33 33 49 18 55
25 47 39 9 38 8 4 42 22 30 11 38 9 0 50 25 41 37 40 44 24 28 21 34 30 33 24 28 41 11 46
34 12 26 53 12 42 54 9 30 24 41 43 59 50 0 37 11 22 14 6 33 24 29 19 23 43 33 37 10 48 5
31 28 16 22 27 20 29 28 13 13 14 13 30 25 37 0 30 35 31 31 30 24 17 30 27 8 30 3 27 31 33
23 14 24 44 3 33 45 6 21 17 32 39 50 41 11 30 0 11 3 5 22 14 20 8 12 36 22 30 5 38 6
14 24 32 43 12 30 41 16 22 23 31 46 46 37 22 35 11 0 8 16 13 11 19 6 8 42 13 36 15 30 17
21 16 25 44 4 32 44 8 21 18 32 40 49 40 14 31 3 8 0 8 20 12 19 6 10 37 20 31 7 36 9
28 10 21 47 6 36 48 3 24 18 35 38 53 44 6 31 5 16 8 0 27 18 23 13 17 37 27 31 4 42 2
1 33 35 31 21 18 28 25 17 23 21 42 33 24 33 30 22 13 20 27 0 10 13 14 10 38 0 32 24 17 28
11 24 25 32 12 20 32 16 11 14 20 36 37 28 24 24 14 11 12 18 10 0 8 7 3 32 10 26 15 24 20
14 26 23 25 17 13 25 21 4 11 13 29 30 21 29 17 20 19 19 23 13 8 0 14 11 25 13 19 20 21 25
15 19 26 39 7 26 38 11 17 17 27 40 43 34 19 30 8 6 6 13 14 7 14 0 4 36 14 30 10 30 14
11 23 27 35 11 22 34 15 14 16 23 39 39 30 23 27 12 8 10 17 10 3 11 4 0 35 10 29 14 26 18
39 31 17 28 33 28 36 34 21 19 22 5 36 33 43 8 36 42 37 37 38 32 25 36 35 0 38 6 33 39 39
1 33 35 31 21 18 28 25 17 23 21 42 33 24 33 30 22 13 20 27 0 10 13 14 10 38 0 32 24 17 28
33 26 13 25 27 23 32 28 15 13 17 10 33 28 37 3 30 36 31 31 32 26 19 30 29 6 32 0 27 34 33
25 9 19 43 3 33 45 1 20 14 31 35 49 41 10 27 5 15 7 4 24 15 20 10 14 33 24 27 0 39 6
17 47 44 20 36 11 12 40 24 32 17 44 18 11 48 31 38 30 36 42 17 24 21 30 26 39 17 34 39 0 44
29 11 23 49 8 38 50 5 26 20 37 40 55 46 5 33 6 17 9 2 28 20 25 14 18 39 28 33 6 44 0
0 638
275 466
130 321
153 344
46 237
398 589
177 368
5 196
293 484
31 222
295 486
62 253
167 358
2 193
415 606
362 553
120 311
50 241
88 279
8 199
373 564
237 428
289 480
382 573
26 217
91 282
160 351
412 603
83 274
203 394
23 214
0
40
38
78
48
56
42
70
47
64
43
50
73
19
25
72
41
46
40
39
64
75
66
35
29
57
64
35
31
84
31
