31
977
0 30 22 13 8 33 13 35 10 29 26 16 14 26 13 26 9 14 20 17 20 19 39 21 14 35 1 13 36 33 25
30 0 21 43 31 26 43 29 35 2 25 14 43 33 27 43 21 40 47 29 12 42 18 9 38 11 29 43 28 15 8
22 21 0 35 29 40 35 43 32 19 5 15 36 12 29 22 18 24 42 10 21 41 18 14 21 16 21 35 43 12 22
13 43 35 0 13 39 1 39 9 42 39 29 2 37 19 33 22 18 7 29 32 13 52 34 20 48 14 1 42 46 37
8 31 29 13 0 26 14 28 4 31 33 18 12 34 6 34 11 22 16 25 19 13 43 23 22 37 9 14 29 37 24
33 26 40 39 26 0 40 3 30 28 45 25 38 51 20 56 26 47 40 43 19 30 44 26 46 37 33 40 3 40 19
13 43 35 1 14 40 0 40 10 42 38 29 3 36 20 32 22 17 8 28 33 14 52 34 19 48 14 0 43 46 38
35 29 43 39 28 3 40 0 30 31 48 28 38 54 22 59 29 49 40 46 22 30 47 29 49 40 35 40 3 43 22
10 35 32 9 4 30 10 30 0 35 36 22 8 36 10 36 15 22 12 27 23 9 47 27 24 41 11 10 33 41 28
29 2 19 42 31 28 42 31 35 0 23 13 42 31 28 41 20 39 47 28 13 43 16 8 37 9 28 42 30 13 9
26 25 5 39 33 45 38 48 36 23 0 20 40 9 34 20 23 25 46 11 26 45 18 19 22 17 25 38 48 13 27
16 14 15 29 18 25 29 28 22 13 20 0 29 26 16 33 7 27 34 19 6 31 25 5 25 19 15 29 28 19 10
14 43 36 2 12 38 3 38 8 42 40 29 0 39 18 35 22 20 6 30 31 11 53 34 22 48 15 3 41 47 36
26 33 12 37 34 51 36 54 36 31 9 26 39 0 37 11 26 20 44 9 32 45 27 26 17 26 25 36 54 22 34
13 27 29 19 6 20 20 22 10 28 34 16 18 37 0 39 11 27 22 28 15 15 41 21 27 35 13 20 23 35 20
26 43 22 33 34 56 32 59 36 41 20 33 35 11 39 0 30 15 40 14 39 45 38 34 13 37 26 32 59 33 42
9 21 18 22 11 26 22 29 15 20 23 7 22 26 11 30 0 21 27 17 11 24 32 12 20 26 8 22 29 26 16
14 40 24 18 22 47 17 49 22 39 25 27 20 20 27 15 21 0 25 14 32 31 42 31 3 40 14 17 50 36 37
20 47 42 7 16 40 8 40 12 47 46 34 6 44 22 40 27 25 0 36 35 10 59 39 27 53 21 8 42 53 40
17 29 10 29 25 43 28 46 27 28 11 19 30 9 28 14 17 14 36 0 25 36 28 20 11 26 16 28 46 22 28
20 12 21 32 19 19 33 22 23 13 26 6 31 32 15 39 11 32 35 25 0 30 27 7 31 21 19 33 22 21 5
19 42 41 13 13 30 14 30 9 43 45 31 11 45 15 45 24 31 10 36 30 0 56 36 32 50 20 14 32 50 35
39 18 18 52 43 44 52 47 47 16 18 25 53 27 41 38 32 42 59 28 27 56 0 20 39 7 38 52 46 6 25
21 9 14 34 23 26 34 29 27 8 19 5 34 26 21 34 12 31 39 20 7 36 20 0 29 14 20 34 29 14 8
14 38 21 20 22 46 19 49 24 37 22 25 22 17 27 13 20 3 27 11 31 32 39 29 0 37 14 19 49 33 35
35 11 16 48 37 37 48 40 41 9 17 19 48 26 35 37 26 40 53 26 21 50 7 14 37 0 34 48 39 4 18
1 29 21 14 9 33 14 35 11 28 25 15 15 25 13 26 8 14 21 16 19 20 38 20 14 34 0 14 36 32 24
13 43 35 1 14 40 0 40 10 42 38 29 3 36 20 32 22 17 8 28 33 14 52 34 19 48 14 0 43 46 38
36 28 43 42 29 3 43 3 33 30 48 28 41 54 23 59 29 50 42 46 22 32 46 29 49 39 36 43 0 43 22
33 15 12 46 37 40 46 43 41 13 13 19 47 22 35 33 26 36 53 22 21 50 6 14 33 4 32 46 43 0 21
25 8 22 37 24 19 38 22 28 9 27 10 36 34 20 42 16 37 40 28 5 35 25 8 35 18 24 38 22 21 0
0 383
172 325
87 240
59 212
24 177
120 273
182 335
38 191
150 303
42 195
93 246
224 377
89 242
94 247
94 247
75 228
128 281
172 325
58 211
0 153
191 344
214 367
26 179
166 319
40 193
182 335
127 280
18 171
163 316
140 293
212 365
0
52
35
89
69
51
49
70
59
59
51
68
36
19
26
52
38
58
31
73
47
28
26
63
20
75
72
12
33
50
91
