31
974
0 37 10 46 20 13 45 27 40 22 35 16 18 36 12 21 34 37 31 15 20 46 9 48 38 37 16 18 22 14 7
37 0 27 27 46 24 31 10 19 47 5 35 19 31 42 27 13 10 11 44 17 10 34 17 30 11 26 19 17 31 37
10 27 0 37 23 3 37 17 30 25 25 14 8 29 17 16 24 27 21 19 10 36 9 38 31 27 11 8 12 9 13
46 27 37 0 39 34 4 28 9 37 32 32 35 12 43 46 16 37 19 42 29 34 37 44 10 16 43 35 35 32 50
20 46 23 39 0 25 36 36 37 2 45 11 31 27 8 39 37 49 36 5 29 56 14 59 29 42 34 31 35 16 27
13 24 3 34 25 0 35 14 27 26 23 14 6 27 19 17 21 25 18 21 7 34 11 36 29 24 12 6 10 9 16
45 31 37 4 36 35 0 31 12 34 36 29 36 9 40 48 19 41 22 39 30 38 36 48 7 20 44 36 38 31 50
27 10 17 28 36 14 31 0 19 37 9 25 9 28 32 18 12 13 9 34 7 20 24 23 28 15 16 9 7 21 27
40 19 30 9 37 27 12 19 0 37 24 28 26 14 39 37 7 29 10 39 20 26 31 36 12 8 34 26 26 26 43
22 47 25 37 2 26 34 37 37 0 46 12 32 25 10 41 37 50 37 7 30 57 16 60 27 42 36 32 36 17 29
35 5 25 32 45 23 36 9 24 46 0 34 17 35 41 22 17 5 14 43 16 11 33 14 34 16 23 17 14 30 35
16 35 14 32 11 14 29 25 28 12 34 0 20 20 11 30 26 38 25 11 18 45 7 48 22 31 25 20 24 5 23
18 19 8 35 31 6 36 9 26 32 17 20 0 30 25 12 20 19 17 27 6 28 17 30 31 23 8 0 4 15 18
36 31 29 12 27 27 9 28 14 25 35 20 30 0 31 42 18 40 21 30 24 40 27 48 2 22 38 30 32 22 42
12 42 17 43 8 19 40 32 39 10 41 11 25 31 0 32 36 44 35 3 25 52 8 55 33 41 27 25 29 13 19
21 27 16 46 39 17 48 18 37 41 22 30 12 42 32 0 30 21 27 35 18 33 25 32 43 33 5 12 11 25 17
34 13 24 16 37 21 19 12 7 37 17 26 20 18 36 30 0 22 3 37 14 22 28 30 17 5 28 20 19 23 37
37 10 27 37 49 25 41 13 29 50 5 38 19 40 44 21 22 0 19 46 20 12 36 11 39 21 23 19 15 34 36
31 11 21 19 36 18 22 9 10 37 14 25 17 21 35 27 3 19 0 36 11 20 27 28 20 6 25 17 16 22 34
15 44 19 42 5 21 39 34 39 7 43 11 27 30 3 35 37 46 36 0 27 54 10 57 32 42 30 27 31 14 22
20 17 10 29 29 7 30 7 20 30 16 18 6 24 25 18 14 20 11 27 0 27 17 30 25 17 14 6 8 14 23
46 10 36 34 56 34 38 20 26 57 11 45 28 40 52 33 22 12 20 54 27 0 44 10 38 18 34 28 25 41 46
9 34 9 37 14 11 36 24 31 16 33 7 17 27 8 25 28 36 27 10 17 44 0 47 29 33 20 17 21 5 16
48 17 38 44 59 36 48 23 36 60 14 48 30 48 55 32 30 11 28 57 30 10 47 0 47 28 34 30 26 44 47
38 30 31 10 29 29 7 28 12 27 34 22 31 2 33 43 17 39 20 32 25 38 29 47 0 20 39 31 33 24 44
37 11 27 16 42 24 20 15 8 42 16 31 23 22 41 33 5 21 6 42 17 18 33 28 20 0 31 23 22 28 40
16 26 11 43 34 12 44 16 34 36 23 25 8 38 27 5 28 23 25 30 14 34 20 34 39 31 0 8 9 20 13
18 19 8 35 31 6 36 9 26 32 17 20 0 30 25 12 20 19 17 27 6 28 17 30 31 23 8 0 4 15 18
22 17 12 35 35 10 38 7 26 36 14 24 4 32 29 11 19 15 16 31 8 25 21 26 33 22 9 4 0 19 22
14 31 9 32 16 9 31 21 26 17 30 5 15 22 13 25 23 34 22 14 14 41 5 44 24 28 20 15 19 0 20
7 37 13 50 27 16 50 27 43 29 35 23 18 42 19 17 37 36 34 22 23 46 16 47 44 40 13 18 22 20 0
0 638
200 327
315 442
236 363
30 157
138 265
373 500
22 149
469 596
470 597
280 407
136 263
128 255
73 200
181 308
156 283
315 442
186 313
55 182
199 326
251 378
35 162
185 312
490 617
479 606
241 368
462 589
468 595
234 361
300 427
160 287
0
72
44
53
74
32
32
51
56
56
17
49
32
61
57
60
21
76
49
61
54
47
32
52
62
28
43
77
41
59
50
