31
976
0 32 25 6 14 44 17 8 26 16 44 22 29 8 15 45 38 33 13 3 0 37 4 29 34 48 40 2 19 13 25
32 0 17 37 23 32 28 24 31 17 16 43 39 30 42 44 13 33 19 31 32 9 33 39 9 44 32 34 42 40 7
25 17 0 25 11 21 30 18 14 17 19 27 22 28 29 29 13 17 18 26 25 15 28 22 12 31 19 25 27 27 12
6 37 25 0 15 41 23 13 22 22 44 16 24 14 9 40 38 29 19 9 6 40 10 24 37 44 37 4 13 7 30
14 23 11 15 0 30 24 8 14 14 30 21 21 18 19 33 24 21 12 15 14 25 17 21 22 36 27 14 19 17 16
44 32 21 41 30 0 51 38 19 38 21 33 22 48 40 16 19 13 39 45 44 23 47 22 23 13 4 43 35 39 32
17 28 30 23 24 51 0 16 38 13 43 39 44 9 32 56 37 44 12 14 17 36 16 44 33 59 49 19 36 30 22
8 24 18 13 8 38 16 0 22 9 36 26 28 10 21 41 30 29 6 8 8 29 10 28 26 44 35 10 23 19 17
26 31 14 22 14 19 38 22 0 28 30 15 8 32 21 19 24 7 26 29 26 28 30 8 25 22 15 24 17 20 26
16 17 17 22 14 38 13 9 28 0 31 35 35 14 30 45 25 33 3 15 16 24 17 35 21 48 36 18 32 28 10
44 16 19 44 30 21 43 36 30 31 0 45 38 44 48 36 6 29 33 44 44 7 46 38 10 34 23 44 46 46 21
22 43 27 16 21 33 39 26 15 35 45 0 11 30 9 26 39 20 32 25 22 42 26 11 39 30 29 20 3 9 37
29 39 22 24 21 22 44 28 8 35 38 11 0 37 19 16 32 9 33 32 29 36 33 0 33 20 18 27 13 19 34
8 30 28 14 18 48 9 10 32 14 44 30 37 0 23 51 38 39 11 5 8 37 7 37 34 54 45 10 27 21 23
15 42 29 9 19 40 32 21 21 30 48 9 19 23 0 35 42 27 27 18 15 44 19 19 41 39 36 13 6 2 35
45 44 29 40 33 16 56 41 19 45 36 26 16 51 35 0 33 12 44 48 45 37 49 16 36 4 13 43 29 35 41
38 13 13 38 24 19 37 30 24 25 6 39 32 38 42 33 0 24 27 38 38 4 40 32 4 32 20 38 40 40 15
33 33 17 29 21 13 44 29 7 33 29 20 9 39 27 12 24 0 32 36 33 28 37 9 26 15 9 31 22 26 29
13 19 18 19 12 39 12 6 26 3 33 32 33 11 27 44 27 32 0 12 13 26 14 33 23 47 37 15 29 25 12
3 31 26 9 15 45 14 8 29 15 44 25 32 5 18 48 38 36 12 0 3 37 2 32 34 51 42 5 22 16 24
0 32 25 6 14 44 17 8 26 16 44 22 29 8 15 45 38 33 13 3 0 37 4 29 34 48 40 2 19 13 25
37 9 15 40 25 23 36 29 28 24 7 42 36 37 44 37 4 28 26 37 37 0 39 36 3 36 24 38 42 42 14
4 33 28 10 17 47 16 10 30 17 46 26 33 7 19 49 40 37 14 2 4 39 0 33 36 52 44 6 23 17 26
29 39 22 24 21 22 44 28 8 35 38 11 0 37 19 16 32 9 33 32 29 36 33 0 33 20 18 27 13 19 34
34 9 12 37 22 23 33 26 25 21 10 39 33 34 41 36 4 26 23 34 34 3 36 33 0 35 23 35 39 39 11
48 44 31 44 36 13 59 44 22 48 34 30 20 54 39 4 32 15 47 51 48 36 52 20 35 0 12 46 33 39 43
40 32 19 37 27 4 49 35 15 36 23 29 18 45 36 13 20 9 37 42 40 24 44 18 23 12 0 39 31 35 31
2 34 25 4 14 43 19 10 24 18 44 20 27 10 13 43 38 31 15 5 2 38 6 27 35 46 39 0 17 11 27
19 42 27 13 19 35 36 23 17 32 46 3 13 27 6 29 40 22 29 22 19 42 23 13 39 33 31 17 0 6 35
13 40 27 7 17 39 30 19 20 28 46 9 19 21 2 35 40 26 25 16 13 42 17 19 39 39 35 11 6 0 33
25 7 12 30 16 32 22 17 26 10 21 37 34 23 35 41 15 29 12 24 25 14 26 34 11 43 31 27 35 33 0
0 276
35 117
122 204
112 194
1 83
121 203
102 184
66 148
122 204
107 189
168 250
112 194
49 131
11 93
101 183
16 98
172 254
104 186
16 98
123 205
179 261
148 230
0 82
121 203
147 229
5 87
169 251
119 201
166 248
152 234
40 122
0
63
46
83
64
22
41
54
68
82
62
37
38
53
84
42
37
47
32
51
20
59
48
62
60
29
41
30
38
44
64
