31
975
0 28 13 31 42 39 23 9 6 32 6 11 31 27 38 42 28 13 36 24 40 25 9 43 43 11 10 42 16 23 25
28 0 15 3 55 37 43 36 33 12 33 38 46 3 54 32 29 40 49 31 53 41 36 26 30 38 18 40 43 7 35
13 15 0 18 46 36 31 21 18 20 18 23 36 14 44 35 25 25 40 23 44 30 21 33 35 23 3 39 28 10 26
31 3 18 0 56 36 45 39 36 11 36 41 47 4 55 31 30 42 50 32 54 43 39 25 29 41 21 39 45 10 36
42 55 46 56 0 26 19 33 36 47 44 33 11 52 6 34 27 29 6 24 2 17 35 42 36 31 46 24 29 55 20
39 37 36 36 26 0 29 37 37 25 45 39 24 34 28 8 11 36 22 16 25 25 39 16 10 37 37 3 37 41 17
23 43 31 45 19 29 0 14 17 39 25 14 8 41 15 35 20 10 13 16 17 4 16 40 36 12 29 29 10 41 12
9 36 21 39 33 37 14 0 3 36 11 2 22 35 29 41 26 4 27 21 31 17 2 44 42 2 18 39 7 31 20
6 33 18 36 36 37 17 3 0 34 9 5 25 32 32 41 26 7 30 21 34 19 3 43 42 5 15 40 10 28 21
32 12 20 11 47 25 39 36 34 0 38 38 38 9 46 20 20 39 41 23 45 35 37 14 18 38 23 28 41 18 27
6 33 18 36 44 45 25 11 9 38 0 11 33 32 40 48 34 15 38 29 42 28 9 49 49 13 15 48 18 28 30
11 38 23 41 33 39 14 2 5 38 11 0 22 37 29 43 28 4 27 23 31 18 2 46 44 2 20 41 7 33 22
31 46 36 47 11 24 8 22 25 38 33 22 0 43 8 32 19 18 5 15 9 6 24 39 34 20 35 23 18 46 11
27 3 14 4 52 34 41 35 32 9 32 37 43 0 51 29 26 38 46 28 50 39 35 23 27 37 17 37 41 9 32
38 54 44 55 6 28 15 29 32 46 40 29 8 51 0 36 27 25 6 23 6 14 31 44 38 27 43 27 24 54 19
42 32 35 31 34 8 35 41 41 20 48 43 32 29 36 0 15 40 30 20 33 31 43 8 2 41 37 11 42 38 23
28 29 25 30 27 11 20 26 26 20 34 28 19 26 27 15 0 25 21 5 25 16 28 20 16 26 26 14 27 32 8
13 40 25 42 29 36 10 4 7 39 15 4 18 38 25 40 25 0 23 20 27 14 6 45 41 2 22 38 3 35 19
36 49 40 50 6 22 13 27 30 41 38 27 5 46 6 30 21 23 0 18 4 11 29 38 32 25 40 21 23 49 14
24 31 23 32 24 16 16 21 21 23 29 23 15 28 23 20 5 20 18 0 22 12 23 25 21 21 23 19 22 31 4
40 53 44 54 2 25 17 31 34 45 42 31 9 50 6 33 25 27 4 22 0 15 33 41 35 29 44 23 27 53 18
25 41 30 43 17 25 4 17 19 35 28 18 6 39 14 31 16 14 11 12 15 0 19 36 32 16 29 25 14 40 8
9 36 21 39 35 39 16 2 3 37 9 2 24 35 31 43 28 6 29 23 33 19 0 46 44 4 18 41 9 31 22
43 26 33 25 42 16 40 44 43 14 49 46 39 23 44 8 20 45 38 25 41 36 46 0 6 46 36 19 47 32 28
43 30 35 29 36 10 36 42 42 18 49 44 34 27 38 2 16 41 32 21 35 32 44 6 0 42 37 13 43 36 24
11 38 23 41 31 37 12 2 5 38 13 2 20 37 27 41 26 2 25 21 29 16 4 46 42 0 20 39 5 33 20
10 18 3 21 46 37 29 18 15 23 15 20 35 17 43 37 26 22 40 23 44 29 18 36 37 20 0 40 25 13 26
42 40 39 39 24 3 29 39 40 28 48 41 23 37 27 11 14 38 21 19 23 25 41 19 13 39 40 0 39 44 19
16 43 28 45 29 37 10 7 10 41 18 7 18 41 24 42 27 3 23 22 27 14 9 47 43 5 25 39 0 38 20
23 7 10 10 55 41 41 31 28 18 28 33 46 9 54 38 32 35 49 31 53 40 31 32 36 33 13 44 38 0 35
25 35 26 36 20 17 12 20 21 27 30 22 11 32 19 23 8 19 14 4 18 8 22 28 24 20 26 19 20 35 0
0 532
88 141
243 296
0 53
368 421
12 65
327 380
313 366
289 342
294 347
57 110
302 355
385 438
184 237
392 445
197 250
359 412
340 393
408 461
352 405
336 389
374 427
138 191
476 529
142 195
424 477
42 95
91 144
240 293
448 501
274 327
0
70
44
67
19
38
63
39
71
46
72
58
31
51
58
33
65
44
30
58
23
20
74
74
59
55
44
20
37
59
78
