31
975
0 20 52 28 25 6 21 22 23 33 37 20 29 59 30 42 5 54 45 41 50 24 26 31 56 27 53 40 42 41 49
20 0 33 23 10 15 12 7 12 20 21 5 9 40 23 37 21 34 27 27 30 6 6 17 36 9 33 26 27 25 29
52 33 0 31 39 48 44 39 43 20 15 38 30 9 28 33 54 12 7 47 21 35 27 42 8 34 11 45 43 41 13
28 23 31 0 33 29 35 30 35 11 16 28 28 39 3 15 33 37 24 50 41 29 21 40 37 32 36 49 49 47 34
25 10 39 33 0 19 5 3 4 28 28 5 9 42 33 47 25 35 32 18 28 4 13 8 38 5 34 17 19 17 30
6 15 48 29 19 0 15 16 17 32 35 14 23 55 31 44 6 49 42 35 44 18 21 25 51 21 48 34 36 35 44
21 12 44 35 5 15 0 5 2 32 33 7 14 47 35 49 21 40 37 20 33 9 18 10 43 10 39 19 21 20 35
22 7 39 30 3 16 5 0 5 27 28 2 9 42 30 44 22 35 32 21 30 4 13 11 38 7 34 20 22 20 30
23 12 43 35 4 17 2 5 0 32 32 7 13 46 35 49 23 39 36 18 32 8 17 8 42 9 38 17 19 18 34
33 20 20 11 28 32 32 27 32 0 5 25 21 28 9 20 37 26 13 44 30 24 15 34 26 25 25 42 42 40 23
37 21 15 16 28 35 33 28 32 5 0 26 20 23 14 24 41 21 8 43 25 24 15 33 21 24 20 41 39 38 18
20 5 38 28 5 14 7 2 7 25 26 0 9 42 28 42 20 35 32 23 30 4 11 13 38 7 34 22 24 22 30
29 9 30 28 9 23 14 9 13 21 20 9 0 33 27 41 29 26 23 23 21 5 7 13 29 4 25 21 21 19 21
59 40 9 39 42 55 47 42 46 28 23 42 33 0 37 42 61 8 15 47 19 38 34 43 4 37 8 45 42 41 12
30 23 28 3 33 31 35 30 35 9 14 28 27 37 0 14 35 35 22 50 39 29 20 40 35 31 34 48 48 46 32
42 37 33 15 47 44 49 44 49 20 24 42 41 42 14 0 47 44 30 64 49 43 34 54 41 45 43 62 62 60 42
5 21 54 33 25 6 21 22 23 37 41 20 29 61 35 47 0 55 48 41 50 24 27 31 57 27 54 40 42 41 50
54 34 12 37 35 49 40 35 39 26 21 35 26 8 35 44 55 0 14 39 11 31 28 36 4 30 1 37 34 33 5
45 27 7 24 32 42 37 32 36 13 8 32 23 15 22 30 48 14 0 43 20 28 21 36 13 27 13 41 39 37 12
41 27 47 50 18 35 20 21 18 44 43 23 23 47 50 64 41 39 43 0 29 21 30 10 43 19 39 2 6 6 35
50 30 21 41 28 44 33 30 32 30 25 30 21 19 39 49 50 11 20 29 0 26 25 27 15 23 11 27 23 23 8
24 6 35 29 4 18 9 4 8 24 24 4 5 38 29 43 24 31 28 21 26 0 9 11 34 3 30 20 21 19 26
26 6 27 21 13 21 18 13 17 15 15 11 7 34 20 34 27 28 21 30 25 9 0 20 30 11 27 28 28 26 23
31 17 42 40 8 25 10 11 8 34 33 13 13 43 40 54 31 36 36 10 27 11 20 0 39 9 35 9 11 10 31
56 36 8 37 38 51 43 38 42 26 21 38 29 4 35 41 57 4 13 43 15 34 30 39 0 33 4 41 38 37 8
27 9 34 32 5 21 10 7 9 25 24 7 4 37 31 45 27 30 27 19 23 3 11 9 33 0 29 17 18 16 25
53 33 11 36 34 48 39 34 38 25 20 34 25 8 34 43 54 1 13 39 11 30 27 35 4 29 0 37 34 33 4
40 26 45 49 17 34 19 20 17 42 41 22 21 45 48 62 40 37 41 2 27 20 28 9 41 17 37 0 4 4 33
42 27 43 49 19 36 21 22 19 42 39 24 21 42 48 62 42 34 39 6 23 21 28 11 38 18 34 4 0 2 30
41 25 41 47 17 35 20 20 18 40 38 22 19 41 46 60 41 33 37 6 23 19 26 10 37 16 33 4 2 0 29
49 29 13 34 30 44 35 30 34 23 18 30 21 12 32 42 50 5 12 35 8 26 23 31 8 25 4 33 30 29 0
0 362
165 273
120 228
105 213
203 311
178 286
211 319
8 116
91 199
8 116
52 160
142 250
170 278
240 348
20 128
104 212
248 356
87 195
111 219
244 352
172 280
147 255
83 191
11 119
95 203
70 178
114 222
173 281
93 201
150 258
117 225
0
68
45
38
76
40
47
30
61
81
54
43
56
31
27
32
70
36
46
76
74
53
20
22
36
60
81
19
83
58
36
