31
975
0 6 6 37 14 12 18 20 27 38 17 19 30 39 12 27 28 30 41 33 39 14 10 9 36 18 41 28 19 19 16
6 0 3 39 8 18 23 18 28 39 23 21 33 40 18 28 30 33 43 35 41 11 10 12 39 12 39 29 16 22 22
6 3 0 42 10 18 24 21 31 42 23 24 36 43 18 31 33 36 46 38 44 14 13 9 42 14 42 32 19 25 21
37 39 42 0 42 31 23 26 13 12 28 18 11 13 35 15 9 7 7 7 8 32 29 44 13 42 20 14 27 18 38
14 8 10 42 0 26 29 17 29 38 31 24 38 39 26 27 33 36 44 35 41 10 13 19 44 4 38 28 15 27 30
12 18 18 31 26 0 8 25 25 36 5 17 21 37 4 26 25 24 37 30 36 22 16 16 26 30 40 26 24 13 8
18 23 24 23 29 8 0 23 19 30 5 12 13 31 12 21 18 16 29 23 29 23 17 24 18 32 34 20 23 6 15
20 18 21 26 17 25 23 0 13 22 28 11 26 23 28 11 17 22 28 19 25 7 10 29 32 17 21 12 2 17 32
27 28 31 13 29 25 19 13 0 11 24 8 17 12 29 2 5 10 16 7 13 19 18 36 22 29 15 1 14 13 33
38 39 42 12 38 36 30 22 11 0 35 19 22 1 40 11 12 15 9 7 6 28 29 47 25 39 8 10 24 24 44
17 23 23 28 31 5 5 28 24 35 0 17 17 36 9 26 23 21 34 28 34 26 20 21 21 35 39 25 27 11 11
19 21 24 18 24 17 12 11 8 19 17 0 15 20 21 9 9 12 22 14 20 14 11 28 21 25 23 9 12 6 25
30 33 36 11 38 21 13 26 17 22 17 15 0 23 25 19 12 7 18 15 19 29 25 37 6 40 29 18 27 11 28
39 40 43 13 39 37 31 23 12 1 36 20 23 0 41 12 13 16 9 8 6 29 30 48 26 40 7 11 25 25 45
12 18 18 35 26 4 12 28 29 40 9 21 25 41 0 30 29 28 41 34 40 25 19 13 30 30 44 30 27 17 4
27 28 31 15 27 26 21 11 2 11 26 9 19 12 30 0 7 12 17 8 14 17 18 36 24 28 14 1 13 15 34
28 30 33 9 33 25 18 17 5 12 23 9 12 13 29 7 0 5 13 5 11 23 20 37 17 34 18 6 19 12 33
30 33 36 7 36 24 16 22 10 15 21 12 7 16 28 12 5 0 13 8 13 26 23 37 12 37 22 11 23 11 31
41 43 46 7 44 37 29 28 16 9 34 22 18 9 41 17 13 13 0 9 3 34 33 50 20 45 16 16 30 24 44
33 35 38 7 35 30 23 19 7 7 28 14 15 8 34 8 5 8 9 0 6 25 25 42 19 36 14 7 21 17 38
39 41 44 8 41 36 29 25 13 6 34 20 19 6 40 14 11 13 3 6 0 31 31 48 21 42 13 13 27 23 44
14 11 14 32 10 22 23 7 19 28 26 14 29 29 25 17 23 26 34 25 31 0 6 23 35 11 28 18 5 19 29
10 10 13 29 13 16 17 10 18 29 20 11 25 30 19 18 20 23 33 25 31 6 0 19 31 16 31 19 9 14 23
9 12 9 44 19 16 24 29 36 47 21 28 37 48 13 36 37 37 50 42 48 23 19 0 42 23 50 37 28 26 14
36 39 42 13 44 26 18 32 22 25 21 21 6 26 30 24 17 12 20 19 21 35 31 42 0 46 33 23 33 17 32
18 12 14 42 4 30 32 17 29 39 35 25 40 40 30 28 34 37 45 36 42 11 16 23 46 0 37 29 15 30 34
41 39 42 20 38 40 34 21 15 8 39 23 29 7 44 14 18 22 16 14 13 28 31 50 33 37 0 14 23 28 48
28 29 32 14 28 26 20 12 1 10 25 9 18 11 30 1 6 11 16 7 13 18 19 37 23 29 14 0 14 14 34
19 16 19 27 15 24 23 2 14 24 27 12 27 25 27 13 19 23 30 21 27 5 9 28 33 15 23 14 0 18 31
19 22 25 18 27 13 6 17 13 24 11 6 11 25 17 15 12 11 24 17 23 19 14 26 17 30 28 14 18 0 21
16 22 21 38 30 8 15 32 33 44 11 25 28 45 4 34 33 31 44 38 44 29 23 14 32 34 48 34 31 21 0
0 489
73 170
42 139
181 278
78 175
135 232
41 138
290 387
339 436
117 214
312 409
272 369
144 241
275 372
277 374
212 309
273 370
214 311
304 401
99 196
173 270
330 427
183 280
176 273
321 418
73 170
225 322
11 108
74 171
4 101
50 147
0
24
43
64
39
24
29
34
65
81
53
67
43
61
54
63
65
35
59
78
59
44
50
79
30
34
42
23
47
63
48
