31
974
0 19 17 37 14 11 41 12 32 30 41 26 9 13 36 19 36 14 31 21 24 33 33 1 10 36 25 23 17 4 19
19 0 11 43 29 25 36 30 13 36 34 10 23 8 39 9 21 5 43 36 29 42 20 18 13 48 7 37 3 23 24
17 11 0 50 23 19 47 28 19 43 45 11 25 5 47 4 32 11 47 38 36 48 31 17 7 52 12 39 8 19 31
37 43 50 0 48 47 20 34 54 7 25 53 28 45 8 50 38 40 11 25 14 7 34 37 46 13 50 18 44 39 19
14 29 23 48 0 4 54 14 41 42 55 34 21 21 49 27 50 27 39 25 37 42 47 15 16 43 34 31 26 10 32
11 25 19 47 4 0 52 16 37 40 52 30 19 17 47 23 46 23 40 27 35 42 44 12 12 45 30 32 22 8 30
41 36 47 20 54 52 0 43 41 20 5 45 33 42 12 45 22 36 30 39 19 27 18 40 46 33 42 32 39 44 22
12 30 28 34 14 16 43 0 43 28 45 38 10 25 36 31 44 25 25 11 25 28 40 12 21 29 37 17 29 9 21
32 13 19 54 41 37 41 43 0 47 37 9 36 20 47 15 21 18 55 49 40 54 23 31 25 60 7 49 15 36 36
30 36 43 7 42 40 20 28 47 0 24 46 21 38 9 43 33 33 10 20 7 7 29 30 39 14 43 13 37 32 12
41 34 45 25 55 52 5 45 37 24 0 41 35 40 17 43 17 34 34 41 21 31 14 40 45 38 38 35 37 45 24
26 10 11 53 34 30 45 38 9 46 41 0 32 13 49 7 26 14 52 45 39 52 27 26 18 58 3 46 10 30 34
9 23 25 28 21 19 33 10 36 21 35 32 0 21 28 27 34 18 22 13 16 24 30 9 19 27 30 14 22 11 11
13 8 5 45 21 17 42 25 20 38 40 13 21 0 42 6 29 6 42 34 31 43 28 13 5 48 13 35 5 17 26
36 39 47 8 49 47 12 36 47 9 17 49 28 42 0 47 30 37 19 29 12 15 26 35 44 21 46 22 41 39 17
19 9 4 50 27 23 45 31 15 43 43 7 27 6 47 0 29 10 48 40 36 49 29 19 11 54 8 41 6 23 31
36 21 32 38 50 46 22 44 21 33 17 26 34 29 30 29 0 24 43 45 27 40 4 35 34 47 23 40 24 40 26
14 5 11 40 27 23 36 25 18 33 34 14 18 6 37 10 24 0 38 31 26 39 22 13 11 44 12 32 4 18 21
31 43 47 11 39 40 30 25 55 10 34 52 22 42 19 48 43 38 0 14 16 4 39 31 41 6 50 8 42 32 19
21 36 38 25 25 27 39 11 49 20 41 45 13 34 29 40 45 31 14 0 20 18 41 21 31 18 43 7 35 20 19
24 29 36 14 37 35 19 25 40 7 21 39 16 31 12 36 27 26 16 20 0 14 23 23 32 21 36 14 30 27 5
33 42 48 7 42 42 27 28 54 7 31 52 24 43 15 49 40 39 4 18 14 0 36 33 43 7 49 11 43 34 18
33 20 31 34 47 44 18 40 23 29 14 27 30 28 26 29 4 22 39 41 23 36 0 32 33 43 24 36 23 37 22
1 18 17 37 15 12 40 12 31 30 40 26 9 13 35 19 35 13 31 21 23 33 32 0 10 36 25 23 17 5 18
10 13 7 46 16 12 46 21 25 39 45 18 19 5 44 11 34 11 41 31 32 43 33 10 0 46 18 33 10 12 27
36 48 52 13 43 45 33 29 60 14 38 58 27 48 21 54 47 44 6 18 21 7 43 36 46 0 55 13 48 37 24
25 7 12 50 34 30 42 37 7 43 38 3 30 13 46 8 23 12 50 43 36 49 24 25 18 55 0 44 8 29 31
23 37 39 18 31 32 32 17 49 13 35 46 14 35 22 41 40 32 8 7 14 11 36 23 33 13 44 0 36 24 14
17 3 8 44 26 22 39 29 15 37 37 10 22 5 41 6 24 4 42 35 30 43 23 17 10 48 8 36 0 21 25
4 23 19 39 10 8 44 9 36 32 45 30 11 17 39 23 40 18 32 20 27 34 37 5 12 37 29 24 21 0 22
19 24 31 19 32 30 22 21 36 12 24 34 11 26 17 31 26 21 19 19 5 18 22 18 27 24 31 14 25 22 0
0 362
10 46
148 184
137 173
134 170
279 315
287 323
323 359
253 289
62 98
91 127
156 192
22 58
22 58
172 208
180 216
61 97
238 274
298 334
315 351
2 38
285 321
171 207
165 201
50 86
88 124
65 101
254 290
212 248
119 155
181 217
0
65
38
49
41
20
46
64
60
42
22
66
68
47
75
47
59
42
62
70
34
55
11
49
39
72
43
61
12
64
75
