31
975
0 3 29 34 18 27 39 31 17 10 33 17 61 53 38 28 36 19 43 21 41 29 32 35 44 23 43 29 41 49 42
3 0 32 34 21 26 40 30 18 13 36 20 61 54 39 30 34 20 44 20 42 29 31 35 44 22 45 32 42 50 41
29 32 0 29 12 30 15 37 16 19 6 16 40 29 27 5 42 21 30 30 17 18 32 30 36 31 17 6 27 36 41
34 34 29 0 33 8 22 12 20 30 35 36 31 28 7 24 17 15 12 14 23 11 5 1 10 12 27 35 10 18 12
18 21 12 33 0 30 24 37 13 8 15 4 49 38 32 13 42 19 37 27 26 22 34 34 41 29 28 11 35 43 44
27 26 30 8 30 0 27 7 17 27 36 33 39 36 15 25 12 11 20 6 28 13 5 9 18 4 32 36 18 26 15
39 40 15 22 24 27 0 34 22 30 18 28 25 14 16 11 39 23 18 30 2 14 27 23 24 30 5 21 15 22 33
31 30 37 12 37 7 34 0 24 32 43 39 43 40 19 32 5 18 23 10 35 20 7 12 19 8 39 43 22 29 12
17 18 16 20 13 17 22 24 0 10 22 16 44 36 22 13 29 6 27 14 24 12 21 21 30 16 27 20 25 33 31
10 13 19 30 8 27 30 32 10 0 23 8 54 44 32 19 37 16 37 22 32 22 31 31 40 24 34 19 35 43 41
33 36 6 35 15 36 18 43 22 23 0 18 42 30 33 11 48 27 35 36 20 24 38 36 41 37 18 4 32 40 47
17 20 16 36 4 33 28 39 16 8 18 0 53 42 36 17 44 22 41 29 30 26 37 37 45 31 32 14 39 47 47
61 61 40 31 49 39 25 43 44 54 42 53 0 12 24 36 46 42 20 45 23 32 36 31 24 43 24 46 21 14 35
53 54 29 28 38 36 14 40 36 44 30 42 12 0 21 25 45 36 20 42 12 26 33 28 26 40 12 34 18 18 37
38 39 27 7 32 15 16 19 22 32 33 36 24 21 0 22 24 19 5 21 17 10 12 7 9 19 21 33 3 11 17
28 30 5 24 13 25 11 32 13 19 11 17 36 25 22 0 37 16 25 25 13 13 27 25 31 26 15 11 22 31 36
36 34 42 17 42 12 39 5 29 37 48 44 46 45 24 37 0 23 27 15 40 25 12 17 22 13 44 48 27 32 13
19 20 21 15 19 11 23 18 6 16 27 22 42 36 19 16 23 0 24 9 24 10 15 16 25 10 28 26 22 30 25
43 44 30 12 37 20 18 23 27 37 35 41 20 20 5 25 27 24 0 26 18 15 16 11 6 24 22 36 3 6 17
21 20 30 14 27 6 30 10 14 22 36 29 45 42 21 25 15 9 26 0 31 16 11 15 24 2 35 34 24 32 21
41 42 17 23 26 28 2 35 24 32 20 30 23 12 17 13 40 24 18 31 0 15 28 24 24 31 4 23 15 21 34
29 29 18 11 22 13 14 20 12 22 24 26 32 26 10 13 25 10 15 16 15 0 14 12 19 16 19 24 13 21 23
32 31 32 5 34 5 27 7 21 31 38 37 36 33 12 27 12 15 16 11 28 14 0 5 13 9 32 38 15 22 10
35 35 30 1 34 9 23 12 21 31 36 37 31 28 7 25 17 16 11 15 24 12 5 0 9 13 28 36 10 17 11
44 44 36 10 41 18 24 19 30 40 41 45 24 26 9 31 22 25 6 24 24 19 13 9 0 22 28 42 9 10 11
23 22 31 12 29 4 30 8 16 24 37 31 43 40 19 26 13 10 24 2 31 16 9 13 22 0 35 36 22 30 19
43 45 17 27 28 32 5 39 27 34 18 32 24 12 21 15 44 28 22 35 4 19 32 28 28 35 0 22 19 24 38
29 32 6 35 11 36 21 43 20 19 4 14 46 34 33 11 48 26 36 34 23 24 38 36 42 36 22 0 33 42 47
41 42 27 10 35 18 15 22 25 35 32 39 21 18 3 22 27 22 3 24 15 13 15 10 9 22 19 33 0 9 20
49 50 36 18 43 26 22 29 33 43 40 47 14 18 11 31 32 30 6 32 21 21 22 17 10 30 24 42 9 0 21
42 41 41 12 44 15 33 12 31 41 47 47 35 37 17 36 13 25 17 21 34 23 10 11 11 19 38 47 20 21 0
0 511
205 358
292 445
284 437
245 398
292 445
95 248
31 184
190 343
15 168
146 299
205 358
344 497
102 255
277 430
63 216
160 313
302 455
40 193
131 284
99 252
317 470
151 304
256 409
325 478
74 227
326 479
340 493
213 366
170 323
147 300
0
52
31
80
58
19
52
59
49
49
46
60
24
75
65
53
59
62
28
60
53
41
49
57
21
64
11
69
57
69
28
