31
975
0 13 20 13 23 33 25 5 24 5 25 16 25 29 30 6 38 26 13 18 27 16 15 5 5 27 16 32 16 29 16
13 0 7 26 19 31 38 16 37 12 36 25 38 39 41 10 49 37 24 28 40 4 20 13 10 36 9 33 14 42 14
20 7 0 31 17 29 43 23 44 17 40 29 43 42 45 15 53 41 29 32 45 7 26 20 17 43 8 33 19 47 14
13 26 31 0 31 35 12 13 15 14 14 11 12 21 19 16 25 15 5 10 14 29 24 16 18 28 26 31 28 16 24
23 19 17 31 0 12 43 28 46 19 34 23 41 32 39 17 47 35 26 26 43 23 38 28 26 50 10 17 33 45 7
33 31 29 35 12 0 45 38 50 28 33 24 42 28 37 27 45 34 30 27 44 35 48 38 36 60 22 7 45 46 17
25 38 43 12 43 45 0 23 9 26 15 21 5 23 17 28 17 14 17 18 5 41 32 26 29 29 38 40 38 7 36
5 16 23 13 28 38 23 0 21 10 27 20 25 32 32 11 38 28 15 21 27 18 12 3 6 22 21 37 15 29 21
24 37 44 15 46 50 9 21 0 28 23 26 14 31 26 30 26 23 20 24 14 39 27 24 27 20 40 46 35 15 39
5 12 17 14 19 28 26 10 28 0 24 13 26 27 29 2 37 25 12 16 28 16 20 10 9 32 12 27 20 30 12
25 36 40 14 34 33 15 27 23 24 0 11 10 8 5 26 13 1 12 8 11 40 38 29 30 41 32 27 41 13 28
16 25 29 11 23 24 21 20 26 13 11 0 18 14 16 15 24 12 6 3 20 29 31 21 21 39 21 20 32 22 17
25 38 43 12 41 42 5 25 14 26 10 18 0 18 12 28 14 9 15 15 2 41 35 28 30 34 38 37 40 4 34
29 39 42 21 32 28 23 32 31 27 8 14 18 0 9 29 17 9 17 11 19 43 44 34 34 49 34 21 45 21 28
30 41 45 19 39 37 17 32 26 29 5 16 12 9 0 31 8 4 17 13 12 45 43 34 35 45 37 30 46 12 33
6 10 15 16 17 27 28 11 30 2 26 15 28 29 31 0 39 27 14 18 30 14 21 11 9 33 10 27 20 32 10
38 49 53 25 47 45 17 38 26 37 13 24 14 17 8 39 0 12 25 21 12 53 49 41 43 46 45 38 53 11 41
26 37 41 15 35 34 14 28 23 25 1 12 9 9 4 27 12 0 13 9 10 41 39 30 31 41 33 28 42 12 29
13 24 29 5 26 30 17 15 20 12 12 6 15 17 17 14 25 13 0 6 17 28 27 17 18 33 23 26 29 19 19
18 28 32 10 26 27 18 21 24 16 8 3 15 11 13 18 21 9 6 0 17 32 33 23 23 38 24 22 34 19 20
27 40 45 14 43 44 5 27 14 28 11 20 2 19 12 30 12 10 17 17 0 43 37 30 32 34 40 38 42 2 36
16 4 7 29 23 35 41 18 39 16 40 29 41 43 45 14 53 41 28 32 43 0 19 15 12 36 13 37 12 45 18
15 20 26 24 38 48 32 12 27 20 38 31 35 44 43 21 49 39 27 33 37 19 0 10 12 17 29 47 9 39 31
5 13 20 16 28 38 26 3 24 10 29 21 28 34 34 11 41 30 17 23 30 15 10 0 3 24 20 37 12 32 21
5 10 17 18 26 36 29 6 27 9 30 21 30 34 35 9 43 31 18 23 32 12 12 3 0 26 17 36 11 34 19
27 36 43 28 50 60 29 22 20 32 41 39 34 49 45 33 46 41 33 38 34 36 17 24 26 0 43 59 26 35 43
16 9 8 26 10 22 38 21 40 12 32 21 38 34 37 10 45 33 23 24 40 13 29 20 17 43 0 25 23 42 6
32 33 33 31 17 7 40 37 46 27 27 20 37 21 30 27 38 28 26 22 38 37 47 37 36 59 25 0 47 40 19
16 14 19 28 33 45 38 15 35 20 41 32 40 45 46 20 53 42 29 34 42 12 9 12 11 26 23 47 0 44 28
29 42 47 16 45 46 7 29 15 30 13 22 4 21 12 32 11 12 19 19 2 45 39 32 34 35 42 40 44 0 38
16 14 14 24 7 17 36 21 39 12 28 17 34 28 33 10 41 29 19 20 36 18 31 21 19 43 6 19 28 38 0
0 255
59 135
81 157
177 253
43 119
151 227
165 241
43 119
38 114
55 131
7 83
6 82
103 179
20 96
59 135
111 187
130 206
76 152
87 163
19 95
86 162
27 103
116 192
159 235
120 196
105 181
173 249
46 122
82 158
97 173
167 243
0
32
67
49
45
20
45
38
44
76
25
49
87
72
48
49
51
52
77
40
74
54
58
37
48
24
53
35
34
82
34
