31
977
0 12 23 23 12 22 7 19 3 22 41 3 17 30 33 15 12 20 21 17 8 37 24 32 18 18 23 3 13 7 3
12 0 24 15 13 32 6 25 10 30 47 9 18 27 43 24 0 8 22 7 18 43 32 43 26 29 26 12 11 7 13
23 24 0 17 33 20 26 9 25 14 24 22 38 9 29 38 24 23 2 20 31 20 16 36 13 28 4 20 13 18 26
23 15 17 0 28 35 21 24 23 30 41 20 33 14 45 38 15 9 15 8 31 37 32 50 28 38 20 22 12 16 26
12 13 33 28 0 34 7 31 9 34 53 12 5 38 44 14 13 21 31 20 12 49 36 41 30 27 35 15 21 15 10
22 32 20 35 34 0 29 11 25 7 24 24 39 29 11 29 32 36 21 33 24 21 6 16 7 11 17 20 24 25 24
7 6 26 21 7 29 0 25 4 29 48 6 12 31 40 18 6 14 24 13 12 44 31 39 25 25 28 10 14 8 7
19 25 9 24 31 11 25 0 22 6 23 19 36 18 21 32 25 27 10 24 25 19 8 27 4 19 6 16 15 18 22
3 10 25 23 9 25 4 22 0 25 44 3 14 30 36 15 10 18 23 17 8 40 27 35 21 21 26 6 13 7 3
22 30 14 30 34 7 29 6 25 0 19 23 39 23 15 33 30 33 15 30 27 15 2 22 4 18 10 19 21 23 25
41 47 24 41 53 24 48 23 44 19 0 42 58 30 23 52 47 47 26 44 46 4 18 33 23 35 21 38 36 41 44
3 9 22 20 12 24 6 19 3 23 42 0 17 27 35 18 9 17 20 14 11 38 25 35 19 21 23 4 10 4 6
17 18 38 33 5 39 12 36 14 39 58 17 0 43 48 16 18 25 36 25 16 54 41 45 35 31 40 20 26 20 15
30 27 9 14 38 29 31 18 30 23 30 27 43 0 38 45 27 23 9 21 38 26 25 45 22 37 13 27 17 23 33
33 43 29 45 44 11 40 21 36 15 23 35 48 38 0 35 43 47 30 44 32 23 13 10 18 17 25 31 35 36 34
15 24 38 38 14 29 18 32 15 33 52 18 16 45 35 0 24 32 36 31 7 48 34 31 29 18 37 18 28 22 12
12 0 24 15 13 32 6 25 10 30 47 9 18 27 43 24 0 8 22 7 18 43 32 43 26 29 26 12 11 7 13
20 8 23 9 21 36 14 27 18 33 47 17 25 23 47 32 8 0 21 3 26 43 35 50 29 36 26 19 12 13 21
21 22 2 15 31 21 24 10 23 15 26 20 36 9 30 36 22 21 0 18 29 22 17 37 14 28 5 18 11 16 24
17 7 20 8 20 33 13 24 17 30 44 14 25 21 44 31 7 3 18 0 25 40 32 47 26 33 23 16 9 10 20
8 18 31 31 12 24 12 25 8 27 46 11 16 38 32 7 18 26 29 25 0 42 28 29 23 15 30 11 21 15 5
37 43 20 37 49 21 44 19 40 15 4 38 54 26 23 48 43 43 22 40 42 0 15 33 19 32 17 34 32 37 40
24 32 16 32 36 6 31 8 27 2 18 25 41 25 13 34 32 35 17 32 28 15 0 20 6 17 12 21 23 25 27
32 43 36 50 41 16 39 27 35 22 33 35 45 45 10 31 43 50 37 47 29 33 20 0 23 14 32 31 39 37 32
18 26 13 28 30 7 25 4 21 4 23 19 35 22 18 29 26 29 14 26 23 19 6 23 0 15 10 15 17 19 21
18 29 28 38 27 11 25 19 21 18 35 21 31 37 17 18 29 36 28 33 15 32 17 14 15 0 25 17 26 23 18
23 26 4 20 35 17 28 6 26 10 21 23 40 13 25 37 26 26 5 23 30 17 12 32 10 25 0 20 15 20 26
3 12 20 22 15 20 10 16 6 19 38 4 20 27 31 18 12 19 18 16 11 34 21 31 15 17 20 0 10 6 6
13 11 13 12 21 24 14 15 13 21 36 10 26 17 35 28 11 12 11 9 21 32 23 39 17 26 15 10 0 6 16
7 7 18 16 15 25 8 18 7 23 41 4 20 23 36 22 7 13 16 10 15 37 25 37 19 23 20 6 6 0 10
3 13 26 26 10 24 7 22 3 25 44 6 15 33 34 12 13 21 24 20 5 40 27 32 21 18 26 6 16 10 0
0 511
51 153
204 306
96 198
252 354
238 340
205 307
164 266
268 370
76 178
312 414
230 332
231 333
401 503
322 424
84 186
275 377
258 360
398 500
244 346
317 419
116 218
255 357
163 265
327 429
27 129
115 217
306 408
135 237
324 426
257 359
0
34
41
59
40
89
64
14
56
52
54
61
56
37
59
38
43
27
27
81
42
62
46
33
46
48
48
50
79
41
75
