31
974
0 26 13 23 11 40 27 30 27 7 31 29 13 33 37 23 9 16 3 40 26 36 28 8 35 41 34 17 13 22 38
26 0 25 14 18 33 3 8 2 31 17 28 16 12 38 30 24 10 28 28 13 11 18 18 15 33 39 25 14 12 14
13 25 0 14 7 27 24 31 27 20 22 16 9 35 24 10 4 16 16 30 17 31 18 12 26 28 21 4 11 15 39
23 14 14 0 12 22 11 22 16 30 8 15 10 26 25 16 17 12 26 19 3 17 7 16 12 22 26 13 11 2 28
11 18 7 12 0 30 17 24 20 18 20 20 2 28 30 16 6 9 14 29 15 26 17 6 24 31 27 9 4 11 32
40 33 27 22 30 0 30 41 35 47 17 11 30 45 10 18 31 34 43 10 20 31 15 36 22 1 15 23 32 24 47
27 3 24 11 17 30 0 11 5 32 14 25 15 15 35 27 23 11 29 25 10 9 15 19 12 30 36 23 14 9 17
30 8 31 22 24 41 11 0 6 32 25 36 22 4 46 38 30 15 30 36 21 17 26 22 23 41 47 32 20 20 8
27 2 27 16 20 35 5 6 0 31 19 30 18 10 40 32 26 11 29 30 15 12 20 19 17 35 41 27 16 14 12
7 31 20 30 18 47 32 32 31 0 38 36 20 34 44 30 16 21 4 47 33 41 35 14 42 48 41 24 19 29 40
31 17 22 8 20 17 14 25 19 38 0 14 18 29 23 19 25 19 34 11 5 15 4 24 7 16 25 19 19 9 31
29 28 16 15 20 11 25 36 30 36 14 0 20 40 10 7 20 26 32 16 15 29 10 26 21 12 11 12 22 17 42
13 16 9 10 2 30 15 22 18 20 18 20 0 26 30 17 8 7 16 28 13 24 16 6 22 30 28 10 2 9 30
33 12 35 26 28 45 15 4 10 34 29 40 26 0 50 42 34 19 33 40 25 21 30 26 27 45 51 36 24 24 6
37 38 24 25 30 10 35 46 40 44 23 10 30 50 0 14 28 36 40 20 25 38 20 36 30 11 6 21 32 27 52
23 30 10 16 16 18 27 38 32 30 19 7 17 42 14 0 14 24 26 23 19 33 15 22 26 19 11 7 19 18 44
9 24 4 17 6 31 23 30 26 16 25 20 8 34 28 14 0 15 12 33 20 32 21 9 29 32 25 8 10 17 38
16 10 16 12 9 34 11 15 11 21 19 26 7 19 36 24 15 0 18 30 14 20 19 8 22 34 35 17 5 10 23
3 28 16 26 14 43 29 30 29 4 34 32 16 33 40 26 12 18 0 43 29 38 31 10 38 44 37 20 15 25 38
40 28 30 19 29 10 25 36 30 47 11 16 28 40 20 23 33 30 43 0 16 22 12 34 13 9 25 26 30 20 40
26 13 17 3 15 20 10 21 15 33 5 15 13 25 25 19 20 14 29 16 0 14 5 19 9 20 26 16 14 4 27
36 11 31 17 26 31 9 17 12 41 15 29 24 21 38 33 32 20 38 22 14 0 19 28 9 30 40 30 23 16 18
28 18 18 7 17 15 15 26 20 35 4 10 16 30 20 15 21 19 31 12 5 19 0 22 11 15 21 15 18 9 32
8 18 12 16 6 36 19 22 19 14 24 26 6 26 36 22 9 8 10 34 19 28 22 0 28 36 33 15 5 15 30
35 15 26 12 24 22 12 23 17 42 7 21 22 27 30 26 29 22 38 13 9 9 11 28 0 21 32 25 23 13 27
41 33 28 22 31 1 30 41 35 48 16 12 30 45 11 19 32 34 44 9 20 30 15 36 21 0 16 24 32 24 47
34 39 21 26 27 15 36 47 41 41 25 11 28 51 6 11 25 35 37 25 26 40 21 33 32 16 0 18 30 28 53
17 25 4 13 9 23 23 32 27 24 19 12 10 36 21 7 8 17 20 26 16 30 15 15 25 24 18 0 12 14 39
13 14 11 11 4 32 14 20 16 19 19 22 2 24 32 19 10 5 15 30 14 23 18 5 23 32 30 12 0 10 28
22 12 15 2 11 24 9 20 14 29 9 17 9 24 27 18 17 10 25 20 4 16 9 15 13 24 28 14 10 0 26
38 14 39 28 32 47 17 8 12 40 31 42 30 6 52 44 38 23 38 40 27 18 32 30 27 47 53 39 28 26 0
0 596
64 362
92 390
13 311
236 534
202 500
177 475
81 379
159 457
249 547
37 335
251 549
270 568
94 392
51 349
146 444
282 580
127 425
26 324
132 430
88 386
153 451
170 468
137 435
81 379
126 424
5 303
188 486
181 479
118 416
19 317
0
65
67
59
58
50
67
67
64
62
56
66
33
19
42
31
23
16
60
46
41
54
39
57
53
75
24
55
54
52
43
