31
976
0 28 32 4 17 7 22 38 16 14 37 40 12 41 11 31 33 11 23 23 31 16 26 26 11 42 21 16 19 13 35
28 0 16 28 18 30 21 18 26 21 12 27 32 13 19 4 21 21 23 25 18 12 32 16 26 14 22 25 29 34 15
32 16 0 34 31 37 36 6 21 18 28 11 41 19 28 20 5 30 13 15 2 18 46 6 23 24 36 20 23 31 3
4 28 34 0 14 3 19 40 20 17 35 43 8 41 9 30 36 8 26 27 33 17 22 28 15 42 18 20 23 17 37
17 18 31 14 0 15 6 35 28 22 22 41 15 30 7 18 34 6 29 31 31 13 15 26 24 30 5 27 31 30 32
7 30 37 3 15 0 18 43 23 20 36 46 5 43 11 31 39 9 29 30 36 20 19 31 18 43 17 23 26 20 40
22 21 36 19 6 18 0 39 34 28 21 47 17 32 13 20 40 11 35 37 37 19 11 32 30 30 1 33 37 35 36
38 18 6 40 35 43 39 0 27 24 28 10 46 17 33 21 9 35 19 21 8 23 50 12 29 22 39 26 29 37 3
16 26 21 20 28 23 34 27 0 6 38 27 28 37 21 30 20 23 8 7 19 16 41 15 5 40 33 1 3 10 24
14 21 18 17 22 20 28 24 6 0 33 26 25 32 15 25 19 17 9 10 17 10 35 12 5 35 27 5 9 13 21
37 12 28 35 22 36 21 28 38 33 0 38 37 13 26 8 33 27 35 37 30 23 32 28 37 10 22 37 41 45 26
40 27 11 43 41 46 47 10 27 26 38 0 51 27 38 31 7 40 19 20 10 28 56 15 31 32 46 26 28 37 12
12 32 41 8 15 5 17 46 28 25 37 51 0 45 13 33 44 11 34 35 41 23 15 36 23 45 16 28 31 25 43
41 13 19 41 30 43 32 17 37 32 13 27 45 0 32 12 24 34 31 33 21 25 43 23 37 5 33 36 40 45 16
11 19 28 9 7 11 13 33 21 15 26 38 13 32 0 21 31 2 24 25 28 10 20 23 17 33 12 20 24 23 30
31 4 20 30 18 31 20 21 30 25 8 31 33 12 21 0 25 22 27 29 22 15 31 20 29 12 21 29 33 37 19
33 21 5 36 34 39 40 9 20 19 33 7 44 24 31 25 0 33 12 13 3 21 49 8 24 29 39 19 21 30 8
11 21 30 8 6 9 11 35 23 17 27 40 11 34 2 22 33 0 26 27 30 12 18 25 19 34 10 22 26 24 32
23 23 13 26 29 29 35 19 8 9 35 19 34 31 24 27 12 26 0 2 11 16 44 8 12 35 34 7 10 18 16
23 25 15 27 31 30 37 21 7 10 37 20 35 33 25 29 13 27 2 0 13 18 45 10 12 37 36 7 8 17 18
31 18 2 33 31 36 37 8 19 17 30 10 41 21 28 22 3 30 11 13 0 18 46 5 22 26 36 18 21 29 5
16 12 18 17 13 20 19 23 16 10 23 28 23 25 10 15 21 12 16 18 18 0 28 13 14 26 18 15 19 22 20
26 32 46 22 15 19 11 50 41 35 32 56 15 43 20 31 49 18 44 45 46 28 0 41 36 41 11 40 44 39 47
26 16 6 28 26 31 32 12 15 12 28 15 36 23 23 20 8 25 8 10 5 13 41 0 17 27 31 14 18 25 9
11 26 23 15 24 18 30 29 5 5 37 31 23 37 17 29 24 19 12 12 22 14 36 17 0 40 29 5 8 8 26
42 14 24 42 30 43 30 22 40 35 10 32 45 5 33 12 29 34 35 37 26 26 41 27 40 0 31 39 43 48 21
21 22 36 18 5 17 1 39 33 27 22 46 16 33 12 21 39 10 34 36 36 18 11 31 29 31 0 32 36 34 36
16 25 20 20 27 23 33 26 1 5 37 26 28 36 20 29 19 22 7 7 18 15 40 14 5 39 32 0 4 11 23
19 29 23 23 31 26 37 29 3 9 41 28 31 40 24 33 21 26 10 8 21 19 44 18 8 43 36 4 0 9 26
13 34 31 17 30 20 35 37 10 13 45 37 25 45 23 37 30 24 18 17 29 22 39 25 8 48 34 11 9 0 34
35 15 3 37 32 40 36 3 24 21 26 12 43 16 30 19 8 32 16 18 5 20 47 9 26 21 36 23 26 34 0
0 638
467 467
134 134
23 23
357 357
29 29
11 11
253 253
151 151
341 341
531 531
476 476
545 545
425 425
435 435
556 556
367 367
502 502
594 594
499 499
515 515
496 496
252 252
173 173
171 171
171 171
321 321
592 592
482 482
441 441
320 320
0
75
42
62
59
63
23
69
37
59
59
22
62
47
44
78
30
39
21
53
40
32
37
68
51
30
59
58
42
74
66
