31
977
0 47 8 14 31 43 21 26 26 38 26 36 20 11 34 15 31 11 32 46 27 32 46 1 25 20 33 45 37 22 6
47 0 39 38 46 36 39 27 23 31 47 32 39 36 43 33 43 36 51 14 47 45 12 46 27 45 21 16 10 31 46
8 39 0 13 26 35 15 18 20 30 21 28 14 3 28 10 25 3 27 38 22 27 38 7 20 16 25 37 29 19 12
14 38 13 0 38 45 27 26 15 39 34 38 26 11 40 6 37 14 40 42 35 39 41 14 12 29 31 42 29 8 10
31 46 26 38 0 17 12 20 40 17 5 15 12 27 4 34 3 24 5 35 4 1 37 30 43 11 25 33 36 43 37
43 36 35 45 17 0 23 19 40 7 22 7 24 35 13 39 16 32 22 23 21 16 25 42 44 28 18 21 29 46 47
21 39 15 27 12 23 0 12 29 19 8 17 1 16 13 23 10 13 14 33 9 12 34 20 32 7 20 32 29 32 27
26 27 18 26 20 19 12 0 21 13 20 12 13 17 18 20 17 15 25 21 20 19 22 25 25 19 8 20 17 27 30
26 23 20 15 40 40 29 21 0 33 37 33 29 17 39 11 37 19 43 30 38 39 28 26 5 34 22 30 16 9 24
38 31 30 39 17 7 19 13 33 0 21 2 19 29 13 33 15 27 22 19 21 16 20 37 37 25 11 17 23 40 42
26 47 21 34 5 22 8 20 37 21 0 19 8 23 9 30 7 20 6 39 1 6 40 25 39 6 26 37 37 39 32
36 32 28 38 15 7 17 12 33 2 19 0 18 28 11 32 13 25 20 20 19 14 22 35 37 23 11 18 23 39 40
20 39 14 26 12 24 1 13 29 19 8 18 0 15 14 22 11 12 14 33 9 13 34 19 31 6 20 32 29 31 26
11 36 3 11 27 35 16 17 17 29 23 28 15 0 29 7 26 3 29 37 24 28 36 10 17 19 24 35 26 16 13
34 43 28 40 4 13 13 18 39 13 9 11 14 29 0 36 3 26 9 31 8 3 33 33 43 15 22 29 34 44 40
15 33 10 6 34 39 23 20 11 33 30 32 22 7 36 0 33 10 36 36 31 35 36 15 10 26 25 36 24 9 13
31 43 25 37 3 16 10 17 37 15 7 13 11 26 3 33 0 23 8 33 6 2 35 30 41 12 22 31 33 41 37
11 36 3 14 24 32 13 15 19 27 20 25 12 3 26 10 23 0 26 35 21 25 35 10 20 16 22 34 26 19 15
32 51 27 40 5 22 14 25 43 22 6 20 14 29 9 36 8 26 0 40 5 6 42 31 45 12 30 38 41 45 38
46 14 38 42 35 23 33 21 30 19 39 20 33 37 31 36 33 35 40 0 39 34 2 45 35 39 13 2 14 39 49
27 47 22 35 4 21 9 20 38 21 1 19 9 24 8 31 6 21 5 39 0 5 40 26 40 7 26 37 37 40 33
32 45 27 39 1 16 12 19 39 16 6 14 13 28 3 35 2 25 6 34 5 0 36 31 43 12 24 32 35 43 38
46 12 38 41 37 25 34 22 28 20 40 22 34 36 33 36 35 35 42 2 40 36 0 45 33 40 14 4 12 37 49
1 46 7 14 30 42 20 25 26 37 25 35 19 10 33 15 30 10 31 45 26 31 45 0 25 19 32 44 36 22 7
25 27 20 12 43 44 32 25 5 37 39 37 31 17 43 10 41 20 45 35 40 43 33 25 0 36 27 35 21 4 22
20 45 16 29 11 28 7 19 34 25 6 23 6 19 15 26 12 16 12 39 7 12 40 19 36 0 26 38 35 35 26
33 21 25 31 25 18 20 8 22 11 26 11 20 24 22 25 22 22 30 13 26 24 14 32 27 26 0 12 12 30 37
45 16 37 42 33 21 32 20 30 17 37 18 32 35 29 36 31 34 38 2 37 32 4 44 35 38 12 0 14 38 48
37 10 29 29 36 29 29 17 16 23 37 23 29 26 34 24 33 26 41 14 37 35 12 36 21 35 12 14 0 25 37
22 31 19 8 43 46 32 27 9 40 39 39 31 16 44 9 41 19 45 39 40 43 37 22 4 35 30 38 25 0 18
6 46 12 10 37 47 27 30 24 42 32 40 26 13 40 13 37 15 38 49 33 38 49 7 22 26 37 48 37 18 0
0 532
302 302
275 275
461 461
61 61
514 514
120 120
436 436
127 127
207 207
245 245
85 85
115 115
114 114
118 118
192 192
133 133
298 298
527 527
494 494
279 279
287 287
43 43
294 294
433 433
187 187
41 41
211 211
150 150
423 423
313 313
0
71
32
53
67
28
52
27
64
79
26
54
67
26
76
77
56
36
47
26
78
37
50
16
54
35
75
41
28
60
64
