31
975
0 28 24 27 12 31 22 33 30 27 42 26 21 15 33 29 46 17 27 26 24 35 30 7 29 3 18 28 46 33 32
28 0 28 27 17 6 31 5 19 13 30 17 28 40 6 25 41 35 13 15 6 17 8 35 1 28 10 20 41 25 9
24 28 0 4 18 34 44 31 12 35 54 38 41 38 34 6 63 41 35 36 29 43 34 30 27 26 22 10 63 47 36
27 27 4 0 20 33 46 30 9 36 55 39 43 42 33 2 64 44 36 37 29 44 34 34 26 30 23 7 64 48 36
12 17 18 20 0 21 26 22 20 20 39 21 23 25 23 21 45 24 20 20 14 28 20 19 18 12 7 18 45 30 22
31 6 34 33 21 0 28 7 25 8 24 12 25 41 3 31 35 34 8 10 7 11 2 37 7 30 14 26 35 20 3
22 31 44 46 26 28 0 35 44 20 25 16 3 18 31 47 25 8 20 18 25 25 26 21 32 19 25 44 25 17 26
33 5 31 30 22 7 35 0 21 15 31 19 32 45 4 28 42 40 15 17 11 18 9 40 4 33 15 23 42 27 10
30 19 12 9 20 25 44 21 0 30 49 34 41 45 25 7 58 44 30 32 23 36 27 37 18 32 19 2 58 42 28
27 13 35 36 20 8 20 15 30 0 19 4 17 34 11 35 28 26 0 2 7 8 6 32 14 25 13 31 28 12 6
42 30 54 55 39 24 25 31 49 19 0 18 23 43 27 54 11 33 19 19 26 13 23 45 31 39 32 50 11 9 21
26 17 38 39 21 12 16 19 34 4 18 0 13 31 15 39 25 22 4 2 11 10 10 29 18 23 16 35 25 9 10
21 28 41 43 23 25 3 32 41 17 23 13 0 20 28 44 25 10 17 15 22 22 23 22 29 18 22 41 25 15 23
15 40 38 42 25 41 18 45 45 34 43 31 20 0 44 44 43 10 34 32 35 41 39 8 41 13 30 43 43 35 40
33 6 34 33 23 3 31 4 25 11 27 15 28 44 0 31 38 37 11 13 9 14 5 39 7 32 16 26 38 23 6
29 25 6 2 21 31 47 28 7 35 54 39 44 44 31 0 63 45 35 37 28 42 33 36 24 31 23 5 63 47 34
46 41 63 64 45 35 25 42 58 28 11 25 25 43 38 63 0 33 28 27 35 24 34 46 42 43 41 59 0 16 32
17 35 41 44 24 34 8 40 44 26 33 22 10 10 37 45 33 0 26 24 29 32 32 14 36 15 27 42 33 25 32
27 13 35 36 20 8 20 15 30 0 19 4 17 34 11 35 28 26 0 2 7 8 6 32 14 25 13 31 28 12 6
26 15 36 37 20 10 18 17 32 2 19 2 15 32 13 37 27 24 2 0 9 9 8 30 16 24 14 33 27 11 8
24 6 29 29 14 7 25 11 23 7 26 11 22 35 9 28 35 29 7 9 0 15 6 30 7 23 7 24 35 19 8
35 17 43 44 28 11 25 18 36 8 13 10 22 41 14 42 24 32 8 9 15 0 10 39 18 33 21 37 24 10 8
30 8 34 34 20 2 26 9 27 6 23 10 23 39 5 33 34 32 6 8 6 10 0 35 9 28 13 28 34 18 2
7 35 30 34 19 37 21 40 37 32 45 29 22 8 39 36 46 14 32 30 30 39 35 0 36 7 25 35 46 36 37
29 1 27 26 18 7 32 4 18 14 31 18 29 41 7 24 42 36 14 16 7 18 9 36 0 29 11 19 42 26 10
3 28 26 30 12 30 19 33 32 25 39 23 18 13 32 31 43 15 25 24 23 33 28 7 29 0 18 30 43 30 30
18 10 22 23 7 14 25 15 19 13 32 16 22 30 16 23 41 27 13 14 7 21 13 25 11 18 0 19 41 25 15
28 20 10 7 18 26 44 23 2 31 50 35 41 43 26 5 59 42 31 33 24 37 28 35 19 30 19 0 59 43 29
46 41 63 64 45 35 25 42 58 28 11 25 25 43 38 63 0 33 28 27 35 24 34 46 42 43 41 59 0 16 32
33 25 47 48 30 20 17 27 42 12 9 9 15 35 23 47 16 25 12 11 19 10 18 36 26 30 25 43 16 0 17
32 9 36 36 22 3 26 10 28 6 21 10 23 40 6 34 32 32 6 8 8 8 2 37 10 30 15 29 32 17 0
0 575
16 303
180 467
88 375
92 379
63 350
190 477
65 352
116 403
11 298
145 432
233 520
201 488
278 565
201 488
189 476
279 566
181 468
284 571
115 402
109 396
264 551
219 506
29 316
218 505
111 398
285 572
112 399
192 479
25 312
249 536
0
13
15
51
79
72
98
61
55
59
32
66
58
28
39
68
27
67
29
43
68
48
100
28
55
32
31
56
36
58
28
