31
977
0 30 25 15 5 56 25 13 46 42 6 10 18 25 43 13 24 36 16 35 27 12 44 47 38 43 53 21 42 38 29
30 0 20 24 32 27 20 26 18 24 36 24 22 20 19 30 34 21 17 5 20 18 16 18 23 13 24 23 13 17 13
25 20 0 10 30 47 0 13 38 44 29 26 30 34 19 16 42 11 23 25 35 19 36 38 13 27 44 4 22 37 30
15 24 10 0 20 51 10 3 42 44 19 18 24 29 29 7 35 21 17 29 31 12 40 42 23 34 48 6 30 38 29
5 32 30 20 0 56 30 18 46 41 9 9 17 24 46 18 20 41 16 37 26 14 44 47 43 45 53 26 44 37 28
56 27 47 51 56 0 47 53 10 19 62 47 40 33 36 57 48 44 40 22 32 44 12 9 44 24 3 50 29 19 28
25 20 0 10 30 47 0 13 38 44 29 26 30 34 19 16 42 11 23 25 35 19 36 38 13 27 44 4 22 37 30
13 26 13 3 18 53 13 0 44 45 16 18 25 30 32 4 35 24 18 31 32 13 42 44 26 37 50 9 33 39 30
46 18 38 42 46 10 38 44 0 13 52 37 31 24 30 48 39 36 30 13 23 34 2 2 38 18 7 41 23 10 18
42 24 44 44 41 19 44 45 13 0 48 32 24 17 40 49 30 45 28 22 15 33 14 15 47 30 17 45 33 7 15
6 36 29 19 9 62 29 16 52 48 0 16 24 31 48 14 29 40 22 41 33 18 50 53 42 49 59 25 48 44 35
10 24 26 18 9 47 26 18 37 32 16 0 8 15 39 20 17 35 7 29 17 7 35 38 37 37 44 24 36 28 19
18 22 30 24 17 40 30 25 31 24 24 8 0 7 40 28 12 38 7 26 9 12 29 32 40 35 38 29 35 21 13
25 20 34 29 24 33 34 30 24 17 31 15 7 0 39 33 15 39 12 22 2 17 23 26 41 31 31 33 33 14 7
43 19 19 29 46 36 19 32 30 40 48 39 40 39 0 35 52 9 34 18 39 32 28 29 9 12 33 23 7 33 32
13 30 16 7 18 57 16 4 48 49 14 20 28 33 35 0 37 27 21 35 35 16 46 48 29 41 54 12 37 43 34
24 34 42 35 20 48 42 35 39 30 29 17 12 15 52 37 0 50 19 37 16 24 38 41 52 46 46 41 47 29 22
36 21 11 21 41 44 11 24 36 45 40 35 38 39 9 27 50 0 31 23 40 28 34 36 2 20 41 15 15 38 34
16 17 23 17 16 40 23 18 30 28 22 7 7 12 34 21 19 31 0 22 14 5 28 31 33 30 37 22 30 22 13
35 5 25 29 37 22 25 31 13 22 41 29 26 22 18 35 37 23 22 0 22 23 11 13 25 9 19 28 11 15 15
27 20 35 31 26 32 35 32 23 15 33 17 9 2 39 35 16 40 14 22 0 19 22 25 42 31 30 35 33 13 7
12 18 19 12 14 44 19 13 34 33 18 7 12 17 32 16 24 28 5 23 19 0 32 35 30 31 41 17 30 27 18
44 16 36 40 44 12 36 42 2 14 50 35 29 23 28 46 38 34 28 11 22 32 0 3 36 16 9 39 21 9 16
47 18 38 42 47 9 38 44 2 15 53 38 32 26 29 48 41 36 31 13 25 35 3 0 37 17 6 41 22 12 19
38 23 13 23 43 44 13 26 38 47 42 37 40 41 9 29 52 2 33 25 42 30 36 37 0 20 41 17 15 40 36
43 13 27 34 45 24 27 37 18 30 49 37 35 31 12 41 46 20 30 9 31 31 16 17 20 0 21 31 5 24 24
53 24 44 48 53 3 44 50 7 17 59 44 38 31 33 54 46 41 37 19 30 41 9 6 41 21 0 47 26 17 25
21 23 4 6 26 50 4 9 41 45 25 24 29 33 23 12 41 15 22 28 35 17 39 41 17 31 47 0 26 38 31
42 13 22 30 44 29 22 33 23 33 48 36 35 33 7 37 47 15 30 11 33 30 21 22 15 5 26 26 0 26 26
38 17 37 38 37 19 37 39 10 7 44 28 21 14 33 43 29 38 22 15 13 27 9 12 40 24 17 38 26 0 9
29 13 30 29 28 28 30 30 18 15 35 19 13 7 32 34 22 34 13 15 7 18 16 19 36 24 25 31 26 9 0
0 212
97 203
54 160
6 112
29 135
42 148
59 165
79 185
24 130
49 155
59 165
44 150
72 178
53 159
78 184
100 206
73 179
15 121
72 178
5 111
99 205
37 143
12 118
42 148
35 141
88 194
81 187
19 125
3 109
97 203
61 167
0
66
31
53
56
47
39
13
57
30
48
70
62
50
22
26
74
56
60
37
77
68
47
63
67
53
62
34
28
66
40
