31
975
0 44 48 21 45 13 21 12 37 38 20 60 42 38 16 37 24 35 50 60 37 3 33 17 30 13 20 52 20 26 25
44 0 28 25 12 31 25 36 43 25 36 28 21 26 36 7 20 25 28 27 26 41 18 27 43 38 24 14 24 21 21
48 28 0 42 40 35 41 36 24 10 30 14 8 10 32 32 30 13 2 15 11 45 42 31 30 35 38 19 38 41 40
21 25 42 0 24 14 1 20 42 32 26 50 34 32 23 18 12 29 43 50 31 19 12 13 36 22 4 39 4 5 5
45 12 40 24 0 35 24 40 53 36 42 40 33 37 41 10 24 35 40 39 37 43 12 31 51 42 25 26 25 19 20
13 31 35 14 35 0 13 6 29 25 12 47 29 25 9 25 11 22 37 47 24 10 24 4 22 8 10 39 10 17 16
21 25 41 1 24 13 0 19 41 31 25 49 33 31 22 18 11 28 42 49 30 19 12 12 35 21 3 38 3 5 4
12 36 36 20 40 6 19 0 25 26 8 49 31 26 4 30 16 23 38 50 25 9 30 9 18 2 16 43 16 23 22
37 43 24 42 53 29 41 25 0 19 17 38 24 18 21 43 32 18 26 39 18 34 49 29 8 24 38 40 38 44 43
38 25 10 32 36 25 31 26 19 0 20 24 6 1 22 26 20 3 12 24 1 35 35 21 21 25 28 22 28 32 31
20 36 30 26 42 12 25 8 17 20 0 43 25 20 4 32 18 17 32 44 19 17 35 13 10 7 22 40 22 29 28
60 28 14 50 40 47 49 49 38 24 43 0 18 23 45 35 39 26 12 1 24 57 46 43 44 48 47 14 47 48 47
42 21 8 34 33 29 33 31 24 6 25 18 0 6 27 24 22 8 9 19 7 39 34 25 27 30 30 16 30 33 32
38 26 10 32 37 25 31 26 18 1 20 23 6 0 22 27 20 3 12 24 1 35 36 21 21 25 28 22 28 32 31
16 36 32 23 41 9 22 4 21 22 4 45 27 22 0 31 17 19 34 46 21 13 33 10 14 3 19 41 19 26 25
37 7 32 18 10 25 18 30 43 26 32 35 24 27 31 0 14 25 33 34 27 35 11 21 41 32 17 21 17 14 14
24 20 30 12 24 11 11 16 32 20 18 39 22 20 17 14 0 17 31 38 19 21 17 7 28 18 8 29 8 12 11
35 25 13 29 35 22 28 23 18 3 17 26 8 3 19 25 17 0 15 27 2 32 33 18 19 22 25 24 25 29 28
50 28 2 43 40 37 42 38 26 12 32 12 9 12 34 33 31 15 0 13 13 47 43 33 32 37 39 18 39 42 41
60 27 15 50 39 47 49 50 39 24 44 1 19 24 46 34 38 27 13 0 25 57 45 43 45 49 46 13 46 47 46
37 26 11 31 37 24 30 25 18 1 19 24 7 1 21 27 19 2 13 25 0 34 35 20 20 24 27 23 27 31 30
3 41 45 19 43 10 19 9 34 35 17 57 39 35 13 35 21 32 47 57 34 0 31 14 27 10 18 49 18 24 23
33 18 42 12 12 24 12 30 49 35 35 46 34 36 33 11 17 33 43 45 35 31 0 23 45 32 14 32 14 7 8
17 27 31 13 31 4 12 9 29 21 13 43 25 21 10 21 7 18 33 43 20 14 23 0 23 11 9 35 9 16 15
30 43 30 36 51 22 35 18 8 21 10 44 27 21 14 41 28 19 32 45 20 27 45 23 0 17 32 43 32 39 38
13 38 35 22 42 8 21 2 24 25 7 48 30 25 3 32 18 22 37 49 24 10 32 11 17 0 18 44 18 25 24
20 24 38 4 25 10 3 16 38 28 22 47 30 28 19 17 8 25 39 46 27 18 14 9 32 18 0 36 0 7 6
52 14 19 39 26 39 38 43 40 22 40 14 16 22 41 21 29 24 18 13 23 49 32 35 43 44 36 0 36 35 35
20 24 38 4 25 10 3 16 38 28 22 47 30 28 19 17 8 25 39 46 27 18 14 9 32 18 0 36 0 7 6
26 21 41 5 19 17 5 23 44 32 29 48 33 32 26 14 12 29 42 47 31 24 7 16 39 25 7 35 7 0 1
25 21 40 5 20 16 4 22 43 31 28 47 32 31 25 14 11 28 41 46 30 23 8 15 38 24 6 35 6 1 0
0 255
45 45
106 106
16 16
178 178
243 243
47 47
153 153
189 189
107 107
3 3
200 200
180 180
156 156
136 136
128 128
5 5
124 124
39 39
242 242
13 13
206 206
1 1
60 60
162 162
119 119
113 113
88 88
78 78
82 82
75 75
0
67
21
63
24
23
71
92
32
47
39
39
74
54
48
26
81
51
51
20
38
40
35
51
74
48
84
51
36
35
85
