31
975
0 36 20 37 7 39 38 40 30 14 36 36 14 10 25 34 26 21 11 7 9 20 19 22 17 15 35 19 3 32 15
36 0 22 35 34 3 37 15 31 33 12 0 48 44 53 24 47 22 32 29 40 38 37 40 24 30 34 33 33 4 39
20 22 0 45 22 25 45 34 37 27 30 22 34 30 44 35 42 1 11 14 19 16 33 36 3 26 43 11 17 18 31
37 35 45 0 30 38 3 23 8 24 23 35 39 37 35 11 25 46 45 36 46 55 21 20 43 22 2 52 38 36 27
7 34 22 30 0 37 31 35 23 7 31 34 14 10 22 27 20 23 16 8 16 26 12 15 19 8 28 24 8 30 9
39 3 25 38 37 0 40 18 34 36 15 3 51 47 56 27 50 24 35 32 43 40 40 43 27 33 37 35 36 7 42
38 37 45 3 31 40 0 25 8 24 25 37 38 36 33 13 23 46 45 36 47 55 20 19 44 23 3 52 39 38 26
40 15 34 23 35 18 25 0 21 31 4 15 48 45 50 12 41 34 41 34 46 48 33 34 34 28 22 43 38 18 37
30 31 37 8 23 34 8 21 0 17 20 31 32 30 30 9 21 38 37 28 39 47 14 14 36 15 6 44 31 31 20
14 33 27 24 7 36 24 31 17 0 28 33 17 14 20 22 16 28 23 14 23 33 6 9 24 3 22 30 15 31 6
36 12 30 23 31 15 25 4 20 28 0 12 45 41 47 12 39 30 37 30 42 44 30 32 30 25 22 39 34 14 34
36 0 22 35 34 3 37 15 31 33 12 0 48 44 53 24 47 22 32 29 40 38 37 40 24 30 34 33 33 4 39
14 48 34 39 14 51 38 48 32 17 45 48 0 4 13 39 19 35 24 20 18 31 18 19 31 20 37 32 17 44 12
10 44 30 37 10 47 36 45 30 14 41 44 4 0 15 36 19 31 21 16 16 29 16 18 27 17 35 29 13 40 10
25 53 44 35 22 56 33 50 30 20 47 53 13 15 0 39 10 45 36 30 31 44 17 16 41 23 34 44 28 51 14
34 24 35 11 27 27 13 12 9 22 12 24 39 36 39 0 30 36 39 30 42 48 22 23 35 19 10 44 34 25 27
26 47 42 25 20 50 23 41 21 16 39 47 19 19 10 30 0 43 36 28 34 46 10 7 39 17 24 44 28 45 11
21 22 1 46 23 24 46 34 38 28 30 22 35 31 45 36 43 0 12 15 20 16 34 37 4 27 44 11 18 18 32
11 32 11 45 16 35 45 41 37 23 37 32 24 21 36 39 36 12 0 9 8 10 28 31 8 23 43 8 8 28 25
7 29 14 36 8 32 36 34 28 14 30 29 20 16 30 30 28 15 9 0 12 19 20 23 11 14 34 16 4 25 17
9 40 19 46 16 43 47 46 39 23 42 40 18 16 31 42 34 20 8 12 0 13 28 31 16 24 44 14 8 36 23
20 38 16 55 26 40 55 48 47 33 44 38 31 29 44 48 46 16 10 19 13 0 38 41 14 33 53 5 18 34 35
19 37 33 21 12 40 20 33 14 6 30 37 18 16 17 22 10 34 28 20 28 38 0 3 30 7 19 36 20 35 6
22 40 36 20 15 43 19 34 14 9 32 40 19 18 16 23 7 37 31 23 31 41 3 0 33 10 18 39 23 38 8
17 24 3 43 19 27 44 34 36 24 30 24 31 27 41 35 39 4 8 11 16 14 30 33 0 23 41 9 14 20 28
15 30 26 22 8 33 23 28 15 3 25 30 20 17 23 19 17 27 23 14 24 33 7 10 23 0 20 30 16 28 9
35 34 43 2 28 37 3 22 6 22 22 34 37 35 34 10 24 44 43 34 44 53 19 18 41 20 0 50 36 35 25
19 33 11 52 24 35 52 43 44 30 39 33 32 29 44 44 44 11 8 16 14 5 36 39 9 30 50 0 16 29 33
3 33 17 38 8 36 39 38 31 15 34 33 17 13 28 34 28 18 8 4 8 18 20 23 14 16 36 16 0 29 17
32 4 18 36 30 7 38 18 31 31 14 4 44 40 51 25 45 18 28 25 36 34 35 38 20 28 35 29 29 0 37
15 39 31 27 9 42 26 37 20 6 34 39 12 10 14 27 11 32 25 17 23 35 6 8 28 9 25 33 17 37 0
0 575
391 391
414 414
317 317
539 539
472 472
90 90
3 3
194 194
31 31
535 535
549 549
286 286
255 255
309 309
512 512
1 1
24 24
422 422
376 376
186 186
316 316
507 507
67 67
68 68
508 508
299 299
263 263
453 453
361 361
489 489
0
24
43
49
16
63
43
61
71
31
66
32
65
37
53
63
37
65
46
44
57
45
50
65
38
31
77
70
48
56
53
