31
975
0 37 34 17 12 45 31 39 22 35 14 54 21 28 19 23 15 25 4 14 19 29 38 9 29 19 25 13 38 23 31
37 0 17 20 29 36 38 37 32 53 32 36 47 49 33 25 37 29 33 40 41 17 47 42 17 35 29 41 45 14 11
34 17 0 21 33 19 25 20 20 40 23 21 36 37 22 13 28 16 30 31 30 5 33 42 5 24 16 32 29 16 25
17 20 21 0 12 37 29 34 20 40 15 42 30 34 19 15 20 20 13 23 25 16 38 23 16 20 20 23 36 6 15
12 29 33 12 0 48 38 44 28 44 21 54 31 37 26 25 23 30 10 23 28 28 46 13 28 26 30 23 45 18 21
45 36 19 37 48 0 19 7 23 32 31 11 37 33 26 23 32 20 43 36 33 22 22 54 22 28 20 37 18 33 44
31 38 25 29 38 19 0 12 10 15 17 30 18 14 12 14 16 9 29 19 14 21 9 40 21 12 9 20 7 27 40
39 37 20 34 44 7 12 0 17 25 25 18 30 26 20 19 26 14 37 30 26 21 15 48 21 22 14 31 11 31 43
22 32 20 20 28 23 10 17 0 22 8 33 17 18 3 7 9 4 20 13 11 15 19 31 15 5 4 14 17 20 33
35 53 40 40 44 32 15 25 22 0 25 43 14 7 22 29 21 24 34 21 16 36 10 43 36 20 24 22 14 42 55
14 32 23 15 21 31 17 25 8 25 0 40 15 19 5 10 5 11 12 8 10 18 25 23 18 5 11 9 24 18 30
54 36 21 42 54 11 30 18 33 43 40 0 48 44 36 31 42 29 51 46 44 26 33 63 26 38 29 47 29 37 46
21 47 36 30 31 37 18 30 17 14 15 48 0 7 14 23 10 21 21 8 6 31 20 29 31 12 21 8 22 33 45
28 49 37 34 37 33 14 26 18 7 19 44 7 0 16 25 14 21 27 14 9 33 14 36 33 14 21 15 17 37 49
19 33 22 19 26 26 12 20 3 22 5 36 14 16 0 9 6 7 17 10 8 17 20 28 17 2 7 11 19 21 34
23 25 13 15 25 23 14 19 7 29 10 31 23 25 9 0 15 5 20 18 17 8 23 32 8 11 5 19 21 13 26
15 37 28 20 23 32 16 26 9 21 5 42 10 14 6 15 0 13 13 4 5 23 23 24 23 4 13 5 23 23 35
25 29 16 20 30 20 9 14 4 24 11 29 21 21 7 5 13 0 23 17 15 12 18 34 12 9 0 18 16 18 31
4 33 30 13 10 43 29 37 20 34 12 51 21 27 17 20 13 23 0 13 18 25 36 12 25 17 23 13 36 19 28
14 40 31 23 23 36 19 30 13 21 8 46 8 14 10 18 4 17 13 0 6 26 25 22 26 8 17 1 26 26 38
19 41 30 25 28 33 14 26 11 16 10 44 6 9 8 17 5 15 18 6 0 25 19 27 25 6 15 6 20 28 40
29 17 5 16 28 22 21 21 15 36 18 26 31 33 17 8 23 12 25 26 25 0 30 37 0 19 12 27 28 11 22
38 47 33 38 46 22 9 15 19 10 25 33 20 14 20 23 23 18 36 25 19 30 0 46 30 20 18 25 4 36 49
9 42 42 23 13 54 40 48 31 43 23 63 29 36 28 32 24 34 12 22 27 37 46 0 37 28 34 21 47 29 34
29 17 5 16 28 22 21 21 15 36 18 26 31 33 17 8 23 12 25 26 25 0 30 37 0 19 12 27 28 11 22
19 35 24 20 26 28 12 22 5 20 5 38 12 14 2 11 4 9 17 8 6 19 20 28 19 0 9 9 19 23 35
25 29 16 20 30 20 9 14 4 24 11 29 21 21 7 5 13 0 23 17 15 12 18 34 12 9 0 18 16 18 31
13 41 32 23 23 37 20 31 14 22 9 47 8 15 11 19 5 18 13 1 6 27 25 21 27 9 18 0 26 27 38
38 45 29 36 45 18 7 11 17 14 24 29 22 17 19 21 23 16 36 26 20 28 4 47 28 19 16 26 0 34 47
23 14 16 6 18 33 27 31 20 42 18 37 33 37 21 13 23 18 19 26 28 11 36 29 11 23 18 27 34 0 13
31 11 25 15 21 44 40 43 33 55 30 46 45 49 34 26 35 31 28 38 40 22 49 34 22 35 31 38 47 13 0
0 447
47 270
188 411
109 332
223 446
117 340
33 256
192 415
102 325
181 404
137 360
134 357
200 423
18 241
167 390
74 297
40 263
78 301
29 252
16 239
192 415
158 381
21 244
9 232
9 232
180 403
92 315
32 255
217 440
151 374
14 237
0
45
42
70
27
15
63
54
57
48
55
74
68
26
62
56
22
37
35
51
51
30
37
56
73
79
53
45
63
29
76
