31
975
0 26 19 17 19 39 24 32 43 17 25 27 26 0 47 20 22 23 43 1 11 34 31 21 27 19 24 23 35 31 40
26 0 18 12 10 34 10 24 21 9 8 16 23 26 34 7 20 12 17 25 15 9 20 19 9 15 32 11 11 10 34
19 18 0 21 8 47 25 38 39 16 12 9 34 19 51 19 30 7 32 18 17 27 12 2 27 25 38 8 29 18 48
17 12 21 0 15 26 7 17 26 6 17 23 13 17 31 5 9 19 29 16 6 19 27 23 10 4 21 19 20 22 27
19 10 8 15 0 41 18 31 31 9 6 8 28 19 44 12 24 4 26 18 13 19 12 9 19 19 34 4 21 12 41
39 34 47 26 41 0 24 10 31 32 42 49 13 39 11 29 17 45 42 38 30 33 53 49 25 22 22 44 32 44 1
24 10 25 7 18 24 0 14 20 10 18 26 13 24 26 6 10 22 23 23 13 13 30 27 4 7 23 21 14 20 24
32 24 38 17 31 10 14 0 24 23 32 39 7 32 15 19 10 35 33 31 23 24 43 40 15 14 20 34 23 34 10
43 21 39 26 31 31 20 24 0 28 27 35 29 43 24 24 29 32 13 42 32 12 37 39 16 27 42 31 10 24 31
17 9 16 6 9 32 10 23 28 0 12 17 19 17 36 4 15 13 26 16 6 17 21 17 12 10 26 13 19 17 33
25 8 12 17 6 42 18 32 27 12 0 8 30 25 42 13 26 5 20 24 18 15 12 12 17 21 38 4 17 6 42
27 16 9 23 8 49 26 39 35 17 8 0 36 27 50 20 32 4 25 26 21 23 4 8 25 27 42 5 25 11 49
26 23 34 13 28 13 13 7 29 19 30 36 0 26 21 17 4 32 35 25 17 25 40 36 16 9 13 32 26 33 14
0 26 19 17 19 39 24 32 43 17 25 27 26 0 47 20 22 23 43 1 11 34 31 21 27 19 24 23 35 31 40
47 34 51 31 44 11 26 15 24 36 42 50 21 47 0 32 25 46 37 46 37 31 54 53 25 28 33 45 29 43 11
20 7 19 5 12 29 6 19 24 4 13 20 17 20 32 0 13 16 24 19 9 14 24 21 8 8 25 15 15 17 29
22 20 30 9 24 17 10 10 29 15 26 32 4 22 25 13 0 28 33 21 13 23 36 32 14 5 13 28 24 30 18
23 12 7 19 4 45 22 35 32 13 5 4 32 23 46 16 28 0 25 22 17 20 8 7 21 23 38 1 22 11 45
43 17 32 29 26 42 23 33 13 26 20 25 35 43 37 24 33 25 0 42 32 10 27 32 19 30 46 24 10 14 42
1 25 18 16 18 38 23 31 42 16 24 26 25 1 46 19 21 22 42 0 10 33 30 20 26 18 23 22 34 30 39
11 15 17 6 13 30 13 23 32 6 18 21 17 11 37 9 13 17 32 10 0 23 25 19 16 9 21 17 24 23 31
34 9 27 19 19 33 13 24 12 17 15 23 25 34 31 14 23 20 10 33 23 0 26 27 9 20 36 19 2 13 34
31 20 12 27 12 53 30 43 37 21 12 4 40 31 54 24 36 8 27 30 25 26 0 10 29 31 46 9 28 13 53
21 19 2 23 9 49 27 40 39 17 12 8 36 21 53 21 32 7 32 20 19 27 10 0 28 27 40 8 29 18 50
27 9 27 10 19 25 4 15 16 12 17 25 16 27 25 8 14 21 19 26 16 9 29 28 0 11 27 20 10 19 25
19 15 25 4 19 22 7 14 27 10 21 27 9 19 28 8 5 23 30 18 9 20 31 27 11 0 17 23 21 25 23
24 32 38 21 34 22 23 20 42 26 38 42 13 24 33 25 13 38 46 23 21 36 46 40 27 17 0 38 37 42 23
23 11 8 19 4 44 21 34 31 13 4 5 32 23 45 15 28 1 24 22 17 19 9 8 20 23 38 0 21 10 44
35 11 29 20 21 32 14 23 10 19 17 25 26 35 29 15 24 22 10 34 24 2 28 29 10 21 37 21 0 15 32
31 10 18 22 12 44 20 34 24 17 6 11 33 31 43 17 30 11 14 30 23 13 13 18 19 25 42 10 15 0 44
40 34 48 27 41 1 24 10 31 33 42 49 14 40 11 29 18 45 42 39 31 34 53 50 25 23 23 44 32 44 0
0 425
126 211
275 360
24 109
96 181
251 336
255 340
54 139
189 274
51 136
206 291
38 123
338 423
61 146
129 214
43 128
281 366
34 119
139 224
142 227
170 255
182 267
131 216
151 236
300 385
291 376
311 396
254 339
280 365
24 109
324 409
0
74
52
62
47
69
51
27
53
47
56
54
22
64
76
40
67
50
49
66
47
70
39
30
36
53
42
56
55
11
35
