31
977
0 37 30 9 25 16 23 25 21 18 8 21 37 27 33 14 30 31 30 35 30 8 16 23 14 36 20 21 7 15 33
37 0 23 28 13 30 19 52 26 27 31 27 7 47 38 32 22 24 44 31 11 39 44 16 30 6 28 35 41 22 17
30 23 0 24 14 15 10 33 9 12 29 35 17 27 15 34 1 1 21 8 26 36 28 13 32 17 11 16 28 21 6
9 28 24 0 16 13 15 30 16 14 5 16 28 30 31 11 23 25 30 30 21 12 21 14 10 27 16 20 14 6 25
25 13 14 16 0 17 6 39 13 14 19 22 12 34 28 23 13 15 31 22 12 27 31 3 21 11 15 22 28 10 11
16 30 15 13 17 0 11 22 6 3 17 28 27 18 18 24 15 16 17 19 28 23 14 14 23 27 4 7 13 14 19
23 19 10 15 6 11 0 33 7 8 19 25 16 28 22 24 9 11 25 18 18 27 25 4 22 16 9 16 23 11 10
25 52 33 30 39 22 33 0 26 25 33 46 48 7 22 39 34 34 14 31 50 33 9 36 39 48 24 18 18 35 39
21 26 9 16 13 6 7 26 0 3 21 29 22 21 16 27 9 10 18 14 25 28 19 11 26 22 2 9 19 15 13
18 27 12 14 14 3 8 25 3 0 19 27 24 20 17 25 12 13 18 17 26 25 17 11 23 24 2 8 16 13 16
8 31 29 5 19 17 19 33 21 19 0 13 31 33 35 7 28 30 34 35 23 8 24 18 6 30 21 24 15 9 29
21 27 35 16 22 28 25 46 29 27 13 0 31 46 44 8 34 36 45 43 16 17 37 22 7 30 29 35 28 14 33
37 7 17 28 12 27 16 48 22 24 31 31 0 43 32 34 16 18 38 25 16 39 41 14 32 1 24 31 39 22 11
27 47 27 30 34 18 28 7 21 20 33 46 43 0 15 40 27 27 7 24 46 35 11 31 39 43 19 12 20 32 32
33 38 15 31 28 18 22 22 16 17 35 44 32 15 0 42 16 14 8 9 40 41 22 26 40 32 15 12 28 30 21
14 32 34 11 23 24 24 39 27 25 7 8 34 40 42 0 33 35 41 41 22 9 30 22 2 33 27 31 21 13 33
30 22 1 23 13 15 9 34 9 12 28 34 16 27 16 33 0 2 22 9 25 35 28 12 31 16 11 16 28 20 5
31 24 1 25 15 16 11 34 10 13 30 36 18 27 14 35 2 0 21 7 27 37 29 14 33 18 12 17 29 22 7
30 44 21 30 31 17 25 14 18 18 34 45 38 7 8 41 22 21 0 17 43 38 15 29 40 38 16 10 23 31 27
35 31 8 30 22 19 18 31 14 17 35 43 25 24 9 41 9 7 17 0 34 42 28 21 40 25 15 16 32 29 14
30 11 26 21 12 28 18 50 25 26 23 16 16 46 40 22 25 27 43 34 0 30 41 15 20 15 27 34 34 15 23
8 39 36 12 27 23 27 33 28 25 8 17 39 35 41 9 35 37 38 42 30 0 24 26 10 38 27 29 15 17 37
16 44 28 21 31 14 25 9 19 17 24 37 41 11 22 30 28 29 15 28 41 24 0 28 30 41 17 12 9 26 32
23 16 13 14 3 14 4 36 11 11 18 22 14 31 26 22 12 14 29 21 15 26 28 0 20 14 13 19 25 9 11
14 30 32 10 21 23 22 39 26 23 6 7 32 39 40 2 31 33 40 40 20 10 30 20 0 31 25 30 21 11 31
36 6 17 27 11 27 16 48 22 24 30 30 1 43 32 33 16 18 38 25 15 38 41 14 31 0 24 31 39 21 11
20 28 11 16 15 4 9 24 2 2 21 29 24 19 15 27 11 12 16 15 27 27 17 13 25 24 0 7 17 15 15
21 35 16 20 22 7 16 18 9 8 24 35 31 12 12 31 16 17 10 16 34 29 12 19 30 31 7 0 16 21 21
7 41 28 14 28 13 23 18 19 16 15 28 39 20 28 21 28 29 23 32 34 15 9 25 21 39 17 16 0 19 32
15 22 21 6 10 14 11 35 15 13 9 14 22 32 30 13 20 22 31 29 15 17 26 9 11 21 15 21 19 0 20
33 17 6 25 11 19 10 39 13 16 29 33 11 32 21 33 5 7 27 14 23 37 32 11 31 11 15 21 32 20 0
0 553
16 292
151 427
254 530
21 297
63 339
15 291
124 400
84 360
259 535
90 366
249 525
205 481
140 416
237 513
56 332
136 412
228 504
16 292
29 305
99 375
274 550
171 447
188 464
170 446
4 280
181 457
51 327
104 380
244 520
194 470
0
59
43
27
35
19
51
28
74
83
66
51
53
34
55
59
58
56
67
56
44
40
43
26
73
34
80
52
70
26
40
