31
977
0 14 30 2 14 21 16 18 35 1 21 36 14 22 21 25 40 20 20 28 24 28 23 19 15 31 24 26 21 12 26
14 0 35 12 0 35 22 32 31 13 8 43 1 35 25 12 31 26 34 24 31 36 27 22 18 38 38 36 35 25 35
30 35 0 30 35 38 14 22 22 29 36 8 36 45 10 39 35 10 33 22 6 6 8 13 45 5 20 13 36 37 9
2 12 30 0 12 23 16 20 34 1 19 36 12 24 20 23 38 20 22 27 24 28 23 18 16 31 26 27 23 14 26
14 0 35 12 0 35 22 32 31 13 8 43 1 35 25 12 31 26 34 24 31 36 27 22 18 38 38 36 35 25 35
21 35 38 23 35 0 31 16 53 22 42 39 35 7 35 46 61 32 5 48 32 32 37 35 24 35 21 26 2 11 29
16 22 14 16 22 31 0 17 22 15 24 21 23 35 5 28 30 4 26 17 9 14 7 4 31 16 20 16 29 26 13
18 32 22 20 32 16 17 0 38 19 38 23 32 23 20 42 47 17 11 34 16 16 21 21 31 19 6 10 14 19 13
35 31 22 34 31 53 22 38 0 34 27 30 32 57 18 27 13 21 48 7 24 27 17 18 48 27 39 33 51 47 29
1 13 29 1 13 22 15 19 34 0 20 35 13 23 20 24 39 19 21 27 23 28 22 18 16 30 25 26 22 13 25
21 8 36 19 8 42 24 38 27 20 0 44 9 43 26 4 24 28 41 20 33 38 28 23 26 40 43 40 42 33 37
36 43 8 36 43 39 21 23 30 35 44 0 44 46 18 47 43 17 34 30 12 8 16 21 51 5 19 13 37 41 10
14 1 36 12 1 35 23 32 32 13 9 44 0 35 26 13 32 27 34 25 32 37 28 23 17 39 38 37 35 25 36
22 35 45 24 35 7 35 23 57 23 43 46 35 0 40 47 62 38 12 50 39 39 42 39 20 42 28 33 9 10 36
21 25 10 20 25 35 5 20 18 20 26 18 26 40 0 29 28 3 30 15 7 12 3 3 36 14 21 16 33 31 12
25 12 39 23 12 46 28 42 27 24 4 47 13 47 29 0 22 31 45 20 36 41 31 26 30 43 47 44 46 37 40
40 31 35 38 31 61 30 47 13 39 24 43 32 62 28 22 0 31 56 13 35 39 28 26 49 40 49 44 59 52 40
20 26 10 20 26 32 4 17 21 19 28 17 27 38 3 31 31 0 27 18 5 10 5 5 35 12 18 13 30 29 9
20 34 33 22 34 5 26 11 48 21 41 34 34 12 30 45 56 27 0 43 27 27 32 30 27 30 16 21 3 13 24
28 24 22 27 24 48 17 34 7 27 20 30 25 50 15 20 13 18 43 0 22 26 15 13 41 27 36 31 46 40 27
24 31 6 24 31 32 9 16 24 23 33 12 32 39 7 36 35 5 27 22 0 5 7 10 39 7 15 9 30 31 5
28 36 6 28 36 32 14 16 27 28 38 8 37 39 12 41 39 10 27 26 5 0 11 15 43 3 14 7 30 34 3
23 27 8 23 27 37 7 21 17 22 28 16 28 42 3 31 28 5 32 15 7 11 0 5 38 12 22 16 35 33 12
19 22 13 18 22 35 4 21 18 18 23 21 23 39 3 26 26 5 30 13 10 15 5 0 34 17 23 18 33 30 14
15 18 45 16 18 24 31 31 48 16 26 51 17 20 36 30 49 35 27 41 39 43 38 34 0 46 37 40 26 14 41
31 38 5 31 38 35 16 19 27 30 40 5 39 42 14 43 40 12 30 27 7 3 12 17 46 0 16 9 33 37 6
24 38 20 26 38 21 20 6 39 25 43 19 38 28 21 47 49 18 16 36 15 14 22 23 37 16 0 7 19 25 11
26 36 13 27 36 26 16 10 33 26 40 13 37 33 16 44 44 13 21 31 9 7 16 18 40 9 7 0 24 29 4
21 35 36 23 35 2 29 14 51 22 42 37 35 9 33 46 59 30 3 46 30 30 35 33 26 33 19 24 0 12 27
12 25 37 14 25 11 26 19 47 13 33 41 25 10 31 37 52 29 13 40 31 34 33 30 14 37 25 29 12 0 31
26 35 9 26 35 29 13 13 29 25 37 10 36 36 12 40 40 9 24 27 5 3 12 14 41 6 11 4 27 31 0
0 489
93 93
324 324
338 338
158 158
387 387
473 473
352 352
10 10
318 318
205 205
4 4
453 453
162 162
306 306
119 119
288 288
441 441
72 72
414 414
324 324
247 247
366 366
16 16
371 371
255 255
123 123
252 252
64 64
186 186
366 366
0
58
69
47
79
41
65
61
27
47
48
21
82
39
82
90
56
26
33
22
35
42
11
81
84
47
33
34
34
58
51
