31
977
0 19 30 5 15 20 32 15 38 36 13 14 30 27 23 8 13 15 22 31 32 14 27 20 39 32 10 21 19 29 25
19 0 24 23 30 29 30 34 19 36 14 15 11 15 19 14 30 17 24 18 27 33 31 29 20 33 9 2 21 35 6
30 24 0 35 24 20 7 39 23 12 34 16 30 39 7 31 26 15 9 10 3 38 15 20 22 12 25 24 12 19 27
5 23 35 0 19 25 37 14 42 41 12 19 34 26 28 9 18 20 27 36 37 13 32 25 43 37 14 25 24 34 28
15 30 24 19 0 6 24 16 42 25 27 15 40 40 19 22 2 13 15 31 26 15 14 6 42 20 21 31 12 15 35
20 29 20 25 6 0 19 22 40 19 31 14 40 43 16 26 8 12 11 28 21 21 8 0 40 14 24 31 9 9 35
32 30 7 37 24 19 0 40 30 6 38 19 37 45 11 34 26 17 10 17 4 39 11 19 29 6 29 30 13 14 34
15 34 39 14 16 22 40 0 53 41 26 26 45 40 34 23 14 26 30 44 41 1 30 22 54 36 25 36 27 31 40
38 19 23 42 42 40 30 53 0 35 33 28 13 28 24 33 43 29 29 13 26 52 37 40 1 35 28 17 31 41 16
36 36 12 41 25 19 6 41 35 0 42 23 42 51 17 38 27 21 14 22 9 40 11 19 34 5 33 36 17 13 39
13 14 34 12 27 31 38 26 33 42 0 19 24 14 27 5 26 21 28 32 37 25 35 31 34 38 9 16 25 39 18
14 15 16 19 15 14 19 26 28 23 19 0 26 29 9 15 15 2 9 18 19 25 16 14 28 19 10 17 6 20 21
30 11 30 34 40 40 37 45 13 42 24 26 0 15 27 25 40 28 32 20 33 44 40 40 14 41 20 9 32 44 6
27 15 39 26 40 43 45 40 28 51 14 29 15 0 34 19 40 31 38 32 42 39 45 43 29 48 19 15 35 49 13
23 19 7 28 19 16 11 34 24 17 27 9 27 34 0 24 21 8 5 12 10 33 13 16 24 14 18 19 7 17 23
8 14 31 9 22 26 34 23 33 38 5 15 25 19 24 0 21 17 24 29 34 22 31 26 34 34 6 16 21 35 19
13 30 26 18 2 8 26 14 43 27 26 15 40 40 21 21 0 14 17 32 28 13 16 8 43 22 21 31 14 17 35
15 17 15 20 13 12 17 26 29 21 21 2 28 31 8 17 14 0 7 18 17 25 14 12 29 17 12 19 4 18 23
22 24 9 27 15 11 10 30 29 14 28 9 32 38 5 24 17 7 0 17 11 29 8 11 29 10 19 24 3 12 28
31 18 10 36 31 28 17 44 13 22 32 18 20 32 12 29 32 18 17 0 13 43 25 28 12 22 23 17 19 29 19
32 27 3 37 26 21 4 41 26 9 37 19 33 42 10 34 28 17 11 13 0 40 14 21 25 10 28 27 14 18 30
14 33 38 13 15 21 39 1 52 40 25 25 44 39 33 22 13 25 29 43 40 0 29 21 53 35 24 35 26 30 39
27 31 15 32 14 8 11 30 37 11 35 16 40 45 13 31 16 14 8 25 14 29 0 8 37 6 26 32 10 4 36
20 29 20 25 6 0 19 22 40 19 31 14 40 43 16 26 8 12 11 28 21 21 8 0 40 14 24 31 9 9 35
39 20 22 43 42 40 29 54 1 34 34 28 14 29 24 34 43 29 29 12 25 53 37 40 0 34 29 18 31 41 17
32 33 12 37 20 14 6 36 35 5 38 19 41 48 14 34 22 17 10 22 10 35 6 14 34 0 29 33 13 8 37
10 9 25 14 21 24 29 25 28 33 9 10 20 19 18 6 21 12 19 23 28 24 26 24 29 29 0 11 16 30 15
21 2 24 25 31 31 30 36 17 36 16 17 9 15 19 16 31 19 24 17 27 35 32 31 18 33 11 0 23 36 4
19 21 12 24 12 9 13 27 31 17 25 6 32 35 7 21 14 4 3 19 14 26 10 9 31 13 16 23 0 14 27
29 35 19 34 15 9 14 31 41 13 39 20 44 49 17 35 17 18 12 29 18 30 4 9 41 8 30 36 14 0 40
25 6 27 28 35 35 34 40 16 39 18 21 6 13 23 19 35 23 28 19 30 39 36 35 17 37 15 4 27 40 0
0 596
496 555
423 482
385 444
454 513
406 465
494 553
321 380
35 94
381 440
486 545
462 521
463 522
528 587
403 462
330 389
123 182
424 483
234 293
473 532
353 412
351 410
502 561
19 78
337 396
80 139
313 372
419 478
200 259
17 76
476 535
0
54
42
62
75
48
55
46
55
44
35
15
49
74
41
29
61
34
37
58
64
74
71
34
72
45
46
28
62
41
51
