31
975
0 35 31 6 13 6 4 17 17 37 23 21 26 42 23 8 32 31 34 30 18 11 17 19 38 38 11 23 22 13 20
35 0 5 39 48 36 39 21 35 10 41 25 30 43 38 42 35 14 1 37 26 46 48 32 21 42 33 38 52 37 52
31 5 0 35 44 34 35 16 34 15 40 25 31 46 38 38 37 17 5 38 21 42 46 32 24 44 31 38 50 32 50
6 39 35 0 10 10 5 20 22 42 27 27 31 47 28 3 37 37 38 35 19 9 18 24 44 43 16 28 23 9 19
13 48 44 10 0 13 9 30 25 50 26 31 34 48 29 7 39 43 47 36 29 2 11 27 48 44 19 29 15 19 10
6 36 34 10 13 0 6 21 12 37 17 18 21 37 18 11 27 30 35 25 23 11 12 14 35 33 6 18 17 19 16
4 39 35 5 9 6 0 21 18 41 23 24 27 43 24 5 33 35 38 31 22 7 13 20 41 39 12 24 18 14 16
17 21 16 20 30 21 21 0 28 27 34 23 29 46 34 23 36 24 20 36 6 28 33 27 32 43 22 34 38 16 37
17 35 34 22 25 12 18 28 0 30 6 10 10 25 6 23 15 23 34 13 32 23 17 3 27 21 6 6 20 30 21
37 10 15 42 50 37 41 27 30 0 35 20 23 35 32 45 28 7 10 30 33 48 47 27 11 34 32 32 50 43 51
23 41 40 27 26 17 23 34 6 35 0 16 12 22 3 27 13 28 40 10 38 24 16 9 29 18 12 3 17 36 20
21 25 25 27 31 18 24 23 10 20 16 0 6 23 13 29 13 13 24 13 29 29 27 7 17 20 12 13 30 32 31
26 30 31 31 34 21 27 29 10 23 12 6 0 17 9 32 7 16 29 7 35 32 27 7 17 14 15 9 29 38 31
42 43 46 47 48 37 43 46 25 35 22 23 17 0 19 48 10 29 42 12 52 46 38 23 24 4 31 19 39 55 42
23 38 38 28 29 18 24 34 6 32 3 13 9 19 0 29 10 25 37 7 38 27 19 7 26 15 12 0 20 36 23
8 42 38 3 7 11 5 23 23 45 27 29 32 48 29 0 38 39 41 36 22 6 15 25 46 44 17 29 20 12 16
32 35 37 37 39 27 33 36 15 28 13 13 7 10 10 38 0 21 34 3 42 37 29 13 19 7 21 10 30 45 33
31 14 17 37 43 30 35 24 23 7 28 13 16 29 25 39 21 0 13 23 30 41 40 20 8 28 25 25 43 38 44
34 1 5 38 47 35 38 20 34 10 40 24 29 42 37 41 34 13 0 36 25 45 47 31 20 41 32 37 51 36 51
30 37 38 35 36 25 31 36 13 30 10 13 7 12 7 36 3 23 36 0 42 34 26 11 22 8 19 7 27 43 30
18 26 21 19 29 23 22 6 32 33 38 29 35 52 38 22 42 30 25 42 0 28 35 31 38 49 26 38 40 12 38
11 46 42 9 2 11 7 28 23 48 24 29 32 46 27 6 37 41 45 34 28 0 10 25 46 42 17 27 14 18 10
17 48 46 18 11 12 13 33 17 47 16 27 27 38 19 15 29 40 47 26 35 10 0 20 44 34 15 19 5 27 4
19 32 32 24 27 14 20 27 3 27 9 7 7 23 7 25 13 20 31 11 31 25 20 0 24 19 8 7 23 32 24
38 21 24 44 48 35 41 32 27 11 29 17 17 24 26 46 19 8 20 22 38 46 44 24 0 24 29 26 46 46 48
38 42 44 43 44 33 39 43 21 34 18 20 14 4 15 44 7 28 41 8 49 42 34 19 24 0 27 15 35 51 38
11 33 31 16 19 6 12 22 6 32 12 12 15 31 12 17 21 25 32 19 26 17 15 8 29 27 0 12 19 24 19
23 38 38 28 29 18 24 34 6 32 3 13 9 19 0 29 10 25 37 7 38 27 19 7 26 15 12 0 20 36 23
22 52 50 23 15 17 18 38 20 50 17 30 29 39 20 20 30 43 51 27 40 14 5 23 46 35 19 20 0 32 5
13 37 32 9 19 19 14 16 30 43 36 32 38 55 36 12 45 38 36 43 12 18 27 32 46 51 24 36 32 0 28
20 52 50 19 10 16 16 37 21 51 20 31 31 42 23 16 33 44 51 30 38 10 4 24 48 38 19 23 5 28 0
0 553
63 228
270 435
368 533
327 492
350 515
342 507
88 253
272 437
60 225
95 260
230 395
15 180
333 498
187 352
230 395
232 397
345 510
357 522
55 220
99 264
328 493
47 212
206 371
362 527
213 378
55 220
178 343
32 197
339 504
277 442
0
51
34
61
68
32
29
30
96
26
21
78
68
41
60
56
59
62
56
37
49
78
52
44
67
23
47
14
27
73
61
