31
975
0 17 31 21 13 5 21 34 10 9 25 39 0 30 18 28 23 10 34 28 25 9 16 39 17 17 5 23 9 13 27
17 0 29 32 30 15 5 36 27 20 19 28 17 21 1 13 8 8 40 11 11 25 28 24 0 8 12 32 9 5 23
31 29 0 24 39 36 34 7 36 24 48 18 31 50 28 26 37 24 17 36 24 30 25 28 29 21 33 20 25 26 6
21 32 24 0 21 26 37 21 19 13 46 40 21 51 33 40 40 24 15 43 37 13 5 48 32 29 26 4 24 27 25
13 30 39 21 0 16 34 40 3 15 35 51 13 42 31 41 36 23 36 41 38 10 17 52 30 30 18 25 22 26 37
5 15 36 26 16 0 18 39 13 14 20 41 5 27 16 28 20 12 39 26 26 14 21 39 15 19 3 28 11 13 31
21 5 34 37 34 18 0 41 31 25 15 32 21 16 6 15 3 13 45 8 14 30 33 26 5 13 16 37 14 10 28
34 36 7 21 40 39 41 0 37 26 54 25 34 57 35 33 44 29 10 43 31 30 24 35 36 28 37 17 30 31 13
10 27 36 19 3 13 31 37 0 12 33 48 10 40 28 38 33 20 34 38 35 7 15 49 27 27 15 23 19 23 34
9 20 24 13 15 14 25 26 12 0 34 36 9 39 21 29 28 12 25 31 26 6 8 40 20 18 14 14 11 15 22
25 19 48 46 35 20 15 54 33 34 0 47 25 7 20 30 13 25 57 20 29 34 41 41 19 27 20 48 25 23 42
39 28 18 40 51 41 32 25 48 36 47 0 39 47 27 18 35 29 35 29 18 42 39 12 28 22 38 37 30 28 15
0 17 31 21 13 5 21 34 10 9 25 39 0 30 18 28 23 10 34 28 25 9 16 39 17 17 5 23 9 13 27
30 21 50 51 42 27 16 57 40 39 7 47 30 0 22 29 13 29 61 18 30 39 46 39 21 29 25 53 29 26 44
18 1 28 33 31 16 6 35 28 21 20 27 18 22 0 12 9 9 40 10 10 26 29 23 1 7 13 33 10 6 22
28 13 26 40 41 28 15 33 38 29 30 18 28 29 12 0 17 18 42 11 3 35 36 11 13 11 25 38 19 17 20
23 8 37 40 36 20 3 44 33 28 13 35 23 13 9 17 0 16 48 7 17 32 36 28 8 16 18 40 17 13 31
10 8 24 24 23 12 13 29 20 12 25 29 10 29 9 18 16 0 32 19 15 17 20 29 8 7 9 24 1 3 19
34 40 17 15 36 39 45 10 34 25 57 35 34 61 40 42 48 32 0 49 39 27 19 45 40 33 38 11 32 35 22
28 11 36 43 41 26 8 43 38 31 20 29 28 18 10 11 7 19 49 0 12 36 39 21 11 16 23 43 20 16 30
25 11 24 37 38 26 14 31 35 26 29 18 25 30 10 3 17 15 39 12 0 32 33 14 11 8 23 35 16 14 18
9 25 30 13 10 14 30 30 7 6 34 42 9 39 26 35 32 17 27 36 32 0 8 46 25 24 14 16 16 20 28
16 28 25 5 17 21 33 24 15 8 41 39 16 46 29 36 36 20 19 39 33 8 0 45 28 25 21 8 19 23 24
39 24 28 48 52 39 26 35 49 40 41 12 39 39 23 11 28 29 45 21 14 46 45 0 24 22 36 45 30 28 23
17 0 29 32 30 15 5 36 27 20 19 28 17 21 1 13 8 8 40 11 11 25 28 24 0 8 12 32 9 5 23
17 8 21 29 30 19 13 28 27 18 27 22 17 29 7 11 16 7 33 16 8 24 25 22 8 0 16 28 8 6 15
5 12 33 26 18 3 16 37 15 14 20 38 5 25 13 25 18 9 38 23 23 14 21 36 12 16 0 28 8 10 28
23 32 20 4 25 28 37 17 23 14 48 37 23 53 33 38 40 24 11 43 35 16 8 45 32 28 28 0 24 27 22
9 9 25 24 22 11 14 30 19 11 25 30 9 29 10 19 17 1 32 20 16 16 19 30 9 8 8 24 0 4 20
13 5 26 27 26 13 10 31 23 15 23 28 13 26 6 17 13 3 35 16 14 20 23 28 5 6 10 27 4 0 20
27 23 6 25 37 31 28 13 34 22 42 15 27 44 22 20 31 19 22 30 18 28 24 23 23 15 28 22 20 20 0
0 298
73 73
50 50
233 233
177 177
94 94
233 233
193 193
179 179
253 253
50 50
120 120
25 25
106 106
199 199
81 81
85 85
187 187
76 76
231 231
5 5
166 166
14 14
257 257
223 223
145 145
196 196
44 44
193 193
117 117
4 4
0
27
77
61
84
69
17
56
27
63
43
34
32
27
49
57
76
88
29
40
44
34
52
16
40
58
58
44
69
69
59
