31
975
0 50 37 43 44 38 40 30 48 40 14 29 26 33 53 7 26 48 27 40 23 38 48 41 45 15 3 39 51 46 37
50 0 23 9 11 28 12 27 15 19 41 37 24 29 11 43 31 14 45 10 43 16 2 32 12 46 47 11 10 10 22
37 23 0 24 28 39 25 33 32 4 37 42 17 6 33 31 12 32 47 18 44 8 21 43 29 42 34 21 32 13 33
43 9 24 0 4 19 3 18 8 20 33 28 17 28 11 36 28 8 36 6 34 16 7 23 5 38 40 4 9 15 13
44 11 28 4 0 18 4 18 4 24 34 27 20 32 9 38 31 4 35 10 34 20 10 21 1 39 42 7 7 19 12
38 28 39 19 18 0 16 8 16 37 24 11 24 41 24 33 37 17 19 23 19 33 26 4 17 27 36 20 22 33 6
40 12 25 3 4 16 0 15 8 21 30 25 16 29 13 34 28 8 33 7 31 17 10 20 5 35 38 4 11 17 10
30 27 33 18 18 8 15 0 19 32 16 10 16 33 26 25 29 20 18 20 16 28 25 12 18 21 28 17 24 30 7
48 15 32 8 4 16 8 19 0 28 35 27 24 36 8 42 35 1 35 14 35 24 14 18 3 40 45 11 6 23 12
40 19 4 20 24 37 21 32 28 0 38 42 18 10 29 33 15 28 48 14 45 4 17 41 25 43 37 17 28 9 31
14 41 37 33 34 24 30 16 35 38 0 15 20 35 42 13 28 36 13 32 9 34 39 27 34 5 14 30 40 41 23
29 37 42 28 27 11 25 10 27 42 15 0 25 42 34 27 37 28 8 30 8 38 35 13 26 16 29 27 32 40 15
26 24 17 17 20 24 16 16 24 18 20 25 0 17 28 19 13 24 30 14 27 14 22 28 21 25 23 13 26 21 19
33 29 6 28 32 41 29 33 36 10 35 42 17 0 39 26 7 36 47 22 44 13 27 45 33 40 30 25 37 19 36
53 11 33 11 9 24 13 26 8 29 42 34 28 39 0 47 39 7 42 17 42 26 12 26 8 47 51 15 2 21 19
7 43 31 36 38 33 34 25 42 33 13 27 19 26 47 0 19 42 26 33 22 31 41 37 39 16 4 32 45 39 32
26 31 12 28 31 37 28 29 35 15 28 37 13 7 39 19 0 35 41 22 37 16 29 41 32 33 23 24 37 24 32
48 14 32 8 4 17 8 20 1 28 36 28 24 36 7 42 35 0 36 14 36 24 14 19 3 41 46 11 5 23 13
27 45 47 36 35 19 33 18 35 48 13 8 30 47 42 26 41 36 0 38 4 44 43 21 34 12 27 35 40 48 23
40 10 18 6 10 23 7 20 14 14 32 30 14 22 17 33 22 14 38 0 36 10 8 27 11 37 37 3 15 10 17
23 43 44 34 34 19 31 16 35 45 9 8 27 44 42 22 37 36 4 36 0 41 41 21 34 8 23 33 40 46 23
38 16 8 16 20 33 17 28 24 4 34 38 14 13 26 31 16 24 44 10 41 0 14 37 21 39 35 13 25 8 27
48 2 21 7 10 26 10 25 14 17 39 35 22 27 12 41 29 14 43 8 41 14 0 30 11 44 45 9 11 9 20
41 32 43 23 21 4 20 12 18 41 27 13 28 45 26 37 41 19 21 27 21 37 30 0 20 29 40 24 24 37 10
45 12 29 5 1 17 5 18 3 25 34 26 21 33 8 39 32 3 34 11 34 21 11 20 0 39 43 8 6 20 11
15 46 42 38 39 27 35 21 40 43 5 16 25 40 47 16 33 41 12 37 8 39 44 29 39 0 16 35 45 46 28
3 47 34 40 42 36 38 28 45 37 14 29 23 30 51 4 23 46 27 37 23 35 45 40 43 16 0 36 49 43 35
39 11 21 4 7 20 4 17 11 17 30 27 13 25 15 32 24 11 35 3 33 13 9 24 8 35 36 0 13 13 14
51 10 32 9 7 22 11 24 6 28 40 32 26 37 2 45 37 5 40 15 40 25 11 24 6 45 49 13 0 20 17
46 10 13 15 19 33 17 30 23 9 41 40 21 19 21 39 24 23 48 10 46 8 9 37 20 46 43 13 20 0 27
37 22 33 13 12 6 10 7 12 31 23 15 19 36 19 32 32 13 23 17 23 27 20 10 11 28 35 14 17 27 0
0 511
193 448
123 378
166 421
53 308
172 427
103 358
253 508
153 408
74 329
204 459
54 309
221 476
70 325
231 486
30 285
139 394
94 349
116 371
233 488
223 478
203 458
36 291
247 502
48 303
173 428
146 401
181 436
181 436
241 496
236 491
0
52
81
57
57
20
41
21
47
38
18
40
68
32
41
71
62
56
89
89
54
52
36
69
57
37
25
41
40
47
61
