31
975
0 34 39 33 12 28 10 26 2 13 21 35 19 34 23 36 19 14 32 44 26 5 45 41 25 18 19 15 40 9 25
34 0 11 5 40 33 25 8 34 31 17 12 39 15 40 18 15 45 5 14 42 37 29 16 24 43 19 29 16 26 40
39 11 0 7 41 28 29 14 39 32 18 23 38 7 37 9 20 46 8 25 38 42 19 27 20 43 20 36 27 30 36
33 5 7 0 37 28 24 7 33 28 14 17 36 10 36 13 14 42 1 19 37 36 24 21 19 40 16 29 21 25 35
12 40 41 37 0 22 16 33 14 9 23 44 9 35 13 35 26 5 36 52 16 17 42 50 23 6 21 27 49 15 15
28 33 28 28 22 0 23 28 30 15 18 42 14 21 11 19 23 27 28 47 10 33 21 47 9 19 17 38 47 22 9
10 25 29 24 16 23 0 17 10 9 11 28 18 24 21 26 10 20 23 36 24 13 36 34 16 20 9 15 33 1 22
26 8 14 7 33 28 17 0 26 24 11 14 33 15 34 18 7 37 6 20 36 29 29 19 19 36 13 22 19 18 34
2 34 39 33 14 30 10 26 0 15 21 33 21 34 25 36 19 16 32 42 28 3 46 39 26 20 19 13 38 10 27
13 31 32 28 9 15 9 24 15 0 14 36 9 26 12 26 17 14 27 44 15 18 34 42 14 12 12 24 41 8 13
21 17 18 14 23 18 11 11 21 14 0 24 22 13 23 15 6 28 13 31 25 24 25 30 9 26 2 23 29 12 23
35 12 23 17 44 42 28 14 33 36 24 0 45 27 46 30 19 48 17 9 48 35 41 6 33 48 25 23 5 29 46
19 39 38 36 9 14 18 33 21 9 22 45 0 31 4 30 26 14 35 53 7 24 35 51 18 5 20 33 50 17 6
34 15 7 10 35 21 24 15 34 26 13 27 31 0 30 3 17 40 10 29 31 37 14 31 13 36 15 35 31 25 29
23 40 37 36 13 11 21 34 25 12 23 46 4 30 0 29 27 17 36 54 3 28 32 52 17 8 21 36 51 20 2
36 18 9 13 35 19 26 18 36 26 15 30 30 3 29 0 20 40 13 32 29 39 11 34 12 35 17 38 34 27 28
19 15 20 14 26 23 10 7 19 17 6 19 26 17 27 20 0 30 13 27 29 22 31 25 14 29 6 18 24 11 27
14 45 46 42 5 27 20 37 16 14 28 48 14 40 17 40 30 0 41 56 20 17 47 54 28 9 26 29 53 19 19
32 5 8 1 36 28 23 6 32 27 13 17 35 10 36 13 13 41 0 19 37 35 24 21 19 39 15 28 21 24 35
44 14 25 19 52 47 36 20 42 44 31 9 53 29 54 32 27 56 19 0 56 44 43 4 38 56 33 32 6 37 54
26 42 38 37 16 10 24 36 28 15 25 48 7 31 3 29 29 20 37 56 0 31 31 54 18 11 23 39 53 23 2
5 37 42 36 17 33 13 29 3 18 24 35 24 37 28 39 22 17 35 44 31 0 49 41 29 23 22 12 40 13 30
45 29 19 24 42 21 36 29 46 34 25 41 35 14 32 11 31 47 24 43 31 49 0 45 20 40 27 48 45 36 30
41 16 27 21 50 47 34 19 39 42 30 6 51 31 52 34 25 54 21 4 54 41 45 0 38 54 31 29 2 35 52
25 24 20 19 23 9 16 19 26 14 9 33 18 13 17 12 14 28 19 38 18 29 20 38 0 23 8 31 38 16 16
18 43 43 40 6 19 20 36 20 12 26 48 5 36 8 35 29 9 39 56 11 23 40 54 23 0 24 33 53 19 10
19 19 20 16 21 17 9 13 19 12 2 25 20 15 21 17 6 26 15 33 23 22 27 31 8 24 0 23 30 10 21
15 29 36 29 27 38 15 22 13 24 23 23 33 35 36 38 18 29 28 32 39 12 48 29 31 33 23 0 28 16 37
40 16 27 21 49 47 33 19 38 41 29 5 50 31 51 34 24 53 21 6 53 40 45 2 38 53 30 28 0 34 51
9 26 30 25 15 22 1 18 10 8 12 29 17 25 20 27 11 19 24 37 23 13 36 35 16 19 10 16 34 0 21
25 40 36 35 15 9 22 34 27 13 23 46 6 29 2 28 27 19 35 54 2 30 30 52 16 10 21 37 51 21 0
0 362
18 162
187 331
11 155
148 292
15 159
17 161
21 165
117 261
142 286
21 165
10 154
151 295
184 328
6 150
148 292
195 339
118 262
13 157
76 220
136 280
51 195
70 214
171 315
96 240
77 221
13 157
3 147
175 319
67 211
99 243
0
54
50
85
77
54
40
27
60
57
24
31
25
58
81
43
61
70
27
95
38
19
63
26
31
65
38
37
59
37
68
