31
975
0 32 29 37 38 42 32 24 11 35 26 39 39 47 46 34 31 46 33 47 34 21 32 40 45 40 46 30 35 31 48
32 0 16 21 14 22 10 8 27 19 16 18 23 34 14 4 17 14 5 16 25 27 26 25 15 25 14 28 19 25 18
29 16 0 8 10 38 6 14 19 6 3 34 10 50 26 20 2 26 21 21 9 35 39 41 31 41 27 40 34 38 33
37 21 8 0 9 43 11 21 27 2 11 39 2 55 28 25 6 28 26 19 6 43 46 46 36 46 29 47 40 45 36
38 14 10 9 0 36 6 17 28 7 12 32 11 48 19 18 8 19 19 11 14 39 40 39 27 39 20 42 33 39 27
42 22 38 43 36 0 32 26 43 41 37 4 45 12 24 18 39 24 17 35 47 23 12 4 15 4 23 16 7 13 18
32 10 6 11 6 32 0 11 23 9 7 28 13 44 20 14 7 20 15 15 15 33 35 35 25 35 21 37 29 34 27
24 8 14 21 17 26 11 0 19 19 11 22 23 36 22 10 16 22 10 23 23 22 25 27 22 27 22 26 20 24 25
11 27 19 27 28 43 23 19 0 25 16 39 28 51 41 29 21 41 29 38 23 27 36 42 41 42 41 36 36 35 44
35 19 6 2 7 41 9 19 25 0 9 37 4 53 26 23 4 26 24 17 7 41 44 44 34 44 27 45 38 43 34
26 16 3 11 12 37 7 11 16 9 0 33 13 47 27 20 5 27 20 22 12 32 36 38 31 38 28 37 31 35 34
39 18 34 39 32 4 28 22 39 37 33 0 41 16 22 14 35 22 13 32 43 21 12 7 12 7 21 15 5 12 15
39 23 10 2 11 45 13 23 28 4 13 41 0 57 30 27 8 30 28 20 6 45 48 48 38 48 31 49 42 47 38
47 34 50 55 48 12 44 36 51 53 47 16 57 0 36 30 51 36 29 47 59 26 15 9 26 9 35 18 16 16 29
46 14 26 28 19 24 20 22 41 26 27 22 30 36 0 13 27 0 14 11 33 38 32 28 10 28 1 35 25 32 8
34 4 20 25 18 18 14 10 29 23 20 14 27 30 13 0 21 13 1 19 29 25 22 21 12 21 13 25 15 22 15
31 17 2 6 8 39 7 16 21 4 5 35 8 51 27 21 0 27 22 19 8 37 41 42 32 42 28 42 36 40 34
46 14 26 28 19 24 20 22 41 26 27 22 30 36 0 13 27 0 14 11 33 38 32 28 10 28 1 35 25 32 8
33 5 21 26 19 17 15 10 29 24 20 13 28 29 14 1 22 14 0 20 30 24 21 20 12 20 14 24 14 21 15
47 16 21 19 11 35 15 23 38 17 22 32 20 47 11 19 19 11 20 0 24 43 41 39 21 39 12 44 34 41 19
34 25 9 6 14 47 15 23 23 7 12 43 6 59 33 29 8 33 30 24 0 44 48 50 40 50 34 49 43 47 41
21 27 35 43 39 23 33 22 27 41 32 21 45 26 38 25 37 38 24 43 44 0 11 19 32 19 38 9 16 10 35
32 26 39 46 40 12 35 25 36 44 36 12 48 15 32 22 41 32 21 41 48 11 0 8 24 8 31 4 7 1 27
40 25 41 46 39 4 35 27 42 44 38 7 48 9 28 21 42 28 20 39 50 19 8 0 19 0 27 12 7 9 22
45 15 31 36 27 15 25 22 41 34 31 12 38 26 10 12 32 10 12 21 40 32 24 19 0 19 9 27 17 24 3
40 25 41 46 39 4 35 27 42 44 38 7 48 9 28 21 42 28 20 39 50 19 8 0 19 0 27 12 7 9 22
46 14 27 29 20 23 21 22 41 27 28 21 31 35 1 13 28 1 14 12 34 38 31 27 9 27 0 34 24 31 7
30 28 40 47 42 16 37 26 36 45 37 15 49 18 35 25 42 35 24 44 49 9 4 12 27 12 34 0 10 3 30
35 19 34 40 33 7 29 20 36 38 31 5 42 16 25 15 36 25 14 34 43 16 7 7 17 7 24 10 0 7 20
31 25 38 45 39 13 34 24 35 43 35 12 47 16 32 22 40 32 21 41 47 10 1 9 24 9 31 3 7 0 27
48 18 33 36 27 18 27 25 44 34 34 15 38 29 8 15 34 8 15 19 41 35 27 22 3 22 7 30 20 27 0
0 617
140 448
292 600
146 454
1 309
79 387
3 311
115 423
35 343
249 557
0 308
296 604
214 522
271 579
218 526
73 381
263 571
299 607
136 444
76 384
108 416
85 393
145 453
127 435
112 420
245 553
179 487
302 610
22 330
81 389
135 443
0
44
55
43
77
18
50
53
14
32
41
52
77
46
51
53
29
42
26
39
87
30
63
40
54
43
59
56
89
75
62
