31
975
0 23 39 35 15 8 20 17 1 14 28 28 15 13 39 26 26 19 12 43 23 28 28 32 17 28 26 22 28 11 34
23 0 30 13 30 15 28 24 24 30 36 10 8 11 32 13 17 23 11 33 38 7 25 22 27 27 11 10 6 19 14
39 30 0 30 29 36 22 50 39 52 23 39 29 29 2 17 14 50 34 6 33 36 11 8 25 12 41 21 33 28 24
35 13 30 0 39 28 36 36 36 43 42 15 20 23 32 16 21 34 24 28 47 12 29 22 36 31 19 17 9 29 6
15 30 29 39 0 20 7 32 14 29 13 38 22 19 28 25 21 34 22 35 8 36 18 26 4 17 37 22 36 11 36
8 15 36 28 20 0 22 14 9 16 30 20 8 7 37 20 22 15 4 39 28 20 27 28 19 28 18 16 20 11 27
20 28 22 36 7 22 0 36 19 34 9 37 21 18 21 20 15 37 23 28 12 35 11 19 3 10 36 19 34 11 32
17 24 50 36 32 14 36 0 18 9 44 22 21 21 51 33 36 3 16 53 40 24 41 42 33 42 18 29 27 25 38
1 24 39 36 14 9 19 18 0 15 27 29 16 13 39 26 26 20 13 43 22 29 28 32 16 28 27 22 29 11 35
14 30 52 43 29 16 34 9 15 0 42 30 24 23 53 36 38 12 20 55 37 32 42 44 31 42 26 32 34 25 43
28 36 23 42 13 30 9 44 27 42 0 46 30 27 21 26 21 45 31 29 11 43 14 23 11 12 45 26 41 19 38
28 10 39 15 38 20 37 22 29 30 46 0 16 19 41 22 27 20 17 40 46 3 35 31 35 37 4 20 6 27 19
15 8 29 20 22 8 21 21 16 24 30 16 0 3 30 12 15 21 5 32 30 14 22 21 19 24 16 8 14 11 19
13 11 29 23 19 7 18 21 13 23 27 19 3 0 30 13 15 22 5 32 27 17 21 21 16 22 18 9 17 8 22
39 32 2 32 28 37 21 51 39 53 21 41 30 30 0 19 15 51 35 8 32 38 11 10 24 11 43 22 35 28 26
26 13 17 16 25 20 20 33 26 36 26 22 12 13 19 0 5 33 17 20 32 19 13 9 21 15 24 4 17 16 12
26 17 14 21 21 22 15 36 26 38 21 27 15 15 15 5 0 36 20 17 27 24 8 6 17 10 28 7 22 15 17
19 23 50 34 34 15 37 3 20 12 45 20 21 22 51 33 36 0 17 53 42 22 42 42 34 43 16 29 25 26 37
12 11 34 24 22 4 23 16 13 20 31 17 5 5 35 17 20 17 0 37 30 16 26 26 20 27 15 13 16 12 24
43 33 6 28 35 39 28 53 43 55 29 40 32 32 8 20 17 53 37 0 39 37 17 11 31 18 44 24 34 32 22
23 38 33 47 8 28 12 40 22 37 11 46 30 27 32 32 27 42 30 39 0 44 22 31 11 21 45 30 44 19 44
28 7 36 12 36 20 35 24 29 32 43 3 14 17 38 19 24 22 16 37 44 0 32 28 33 34 7 17 3 25 16
28 25 11 29 18 27 11 41 28 42 14 35 22 21 11 13 8 42 26 17 22 32 0 9 14 2 36 15 30 17 25
32 22 8 22 26 28 19 42 32 44 23 31 21 21 10 9 6 42 26 11 31 28 9 0 22 11 33 13 25 21 16
17 27 25 36 4 19 3 33 16 31 11 35 19 16 24 21 17 34 20 31 11 33 14 22 0 13 34 19 33 8 33
28 27 12 31 17 28 10 42 28 42 12 37 24 22 11 15 10 43 27 18 21 34 2 11 13 0 38 17 32 17 27
26 11 41 19 37 18 36 18 27 26 45 4 16 18 43 24 28 16 15 44 45 7 36 33 34 38 0 21 10 26 23
22 10 21 17 22 16 19 29 22 32 26 20 8 9 22 4 7 29 13 24 30 17 15 13 19 17 21 0 15 13 14
28 6 33 9 36 20 34 27 29 34 41 6 14 17 35 17 22 25 16 34 44 3 30 25 33 32 10 15 0 25 13
11 19 28 29 11 11 11 25 11 25 19 27 11 8 28 16 15 26 12 32 19 25 17 21 8 17 26 13 25 0 27
34 14 24 6 36 27 32 38 35 43 38 19 19 22 26 12 17 37 24 22 44 16 25 16 33 27 23 14 13 27 0
0 553
81 302
291 512
209 430
310 531
63 284
230 451
213 434
63 284
279 500
263 484
30 251
56 277
309 530
249 470
121 342
286 507
110 331
91 312
312 533
153 374
12 233
328 549
33 254
56 277
109 330
130 351
8 229
281 502
167 388
5 226
0
41
38
64
50
63
73
27
63
62
62
61
67
42
76
32
52
46
40
31
25
58
36
57
44
55
74
71
24
21
45
