31
975
0 41 35 39 40 8 28 8 23 14 17 39 32 5 36 14 20 18 28 4 16 22 22 17 18 25 44 26 31 29 36
41 0 17 35 1 33 36 38 47 50 43 23 22 44 5 27 21 29 13 43 30 22 21 43 27 24 47 42 10 38 5
35 17 0 18 16 27 19 34 34 39 31 8 5 35 12 23 15 18 16 37 29 13 22 31 17 10 30 26 11 21 17
39 35 18 0 34 33 11 41 25 34 26 12 13 36 30 32 25 22 33 43 39 22 34 26 23 17 12 17 28 11 35
40 1 16 34 0 32 35 37 46 49 42 23 21 43 4 26 20 28 12 42 29 21 20 42 26 23 46 41 9 37 4
8 33 27 33 32 0 23 8 24 19 18 31 24 11 28 6 12 11 20 10 10 14 14 18 10 17 40 24 23 25 28
28 36 19 11 35 23 0 31 15 23 15 19 14 25 31 24 20 12 29 32 31 17 29 15 15 12 17 7 26 2 34
8 38 34 41 37 8 31 0 29 22 23 39 32 13 33 11 19 19 25 6 9 21 17 23 18 25 48 32 28 33 33
23 47 34 25 46 24 15 29 0 12 6 34 29 18 42 29 27 18 37 27 34 25 36 6 21 24 26 8 37 14 45
14 50 39 34 49 19 23 22 12 0 8 42 35 9 45 25 29 21 39 18 29 28 33 8 23 29 36 18 40 23 47
17 43 31 26 42 18 15 23 6 8 0 34 27 12 38 23 23 14 33 21 28 21 31 0 17 21 28 10 33 15 41
39 23 8 12 23 31 19 39 34 42 34 0 7 39 19 29 22 22 24 41 36 19 30 34 21 14 24 26 19 20 24
32 22 5 13 21 24 14 32 29 35 27 7 0 32 17 22 15 15 20 34 29 12 24 27 14 7 25 21 15 16 22
5 44 35 36 43 11 25 13 18 9 12 39 32 0 39 17 23 17 31 9 20 23 25 12 18 25 40 22 34 26 39
36 5 12 30 4 28 31 33 42 45 38 19 17 39 0 22 16 24 10 38 26 17 18 38 22 19 42 37 5 33 5
14 27 23 32 26 6 24 11 29 25 23 29 22 17 22 0 8 12 14 16 7 10 8 23 9 15 41 27 17 26 22
20 21 15 25 20 12 20 19 27 29 23 22 15 23 16 8 0 9 10 22 14 3 9 23 6 8 36 24 11 22 18
18 29 18 22 28 11 12 19 18 21 14 22 15 17 24 12 9 0 19 21 19 7 18 14 3 8 29 15 19 14 27
28 13 16 33 12 20 29 25 37 39 33 24 20 31 10 14 10 19 0 30 17 13 8 33 16 17 45 34 5 31 8
4 43 37 43 42 10 32 6 27 18 21 41 34 9 38 16 22 21 30 0 15 24 23 21 20 27 48 30 33 33 38
16 30 29 39 29 10 31 9 34 29 28 36 29 20 26 7 14 19 17 15 0 17 9 28 16 22 48 34 21 33 25
22 22 13 22 21 14 17 21 25 28 21 19 12 23 17 10 3 7 13 24 17 0 12 21 5 5 33 22 12 19 20
22 21 22 34 20 14 29 17 36 33 31 30 24 25 18 8 9 18 8 23 9 12 0 31 15 17 45 33 13 31 16
17 43 31 26 42 18 15 23 6 8 0 34 27 12 38 23 23 14 33 21 28 21 31 0 17 21 28 10 33 15 41
18 27 17 23 26 10 15 18 21 23 17 21 14 18 22 9 6 3 16 20 16 5 15 17 0 7 32 18 17 17 24
25 24 10 17 23 17 12 25 24 29 21 14 7 25 19 15 8 8 17 27 22 5 17 21 7 0 28 18 14 14 22
44 47 30 12 46 40 17 48 26 36 28 24 25 40 42 41 36 29 45 48 48 33 45 28 32 28 0 18 40 16 47
26 42 26 17 41 24 7 32 8 18 10 26 21 22 37 27 24 15 34 30 34 22 33 10 18 18 18 0 32 6 40
31 10 11 28 9 23 26 28 37 40 33 19 15 34 5 17 11 19 5 33 21 12 13 33 17 14 40 32 0 28 8
29 38 21 11 37 25 2 33 14 23 15 20 16 26 33 26 22 14 31 33 33 19 31 15 17 14 16 6 28 0 36
36 5 17 35 4 28 34 33 45 47 41 24 22 39 5 22 18 27 8 38 25 20 16 41 24 22 47 40 8 36 0
0 575
114 344
190 420
123 353
77 307
250 480
153 383
113 343
203 433
53 283
97 327
77 307
103 333
35 265
88 318
22 252
78 308
247 477
305 535
94 324
324 554
92 322
38 268
47 277
60 290
310 540
203 433
204 434
209 439
133 363
135 365
0
42
56
46
44
53
32
62
52
27
36
43
50
46
47
62
39
51
65
24
72
36
67
52
41
55
63
58
72
52
54
