31
976
0 20 29 14 39 23 26 43 41 20 36 34 16 38 45 27 23 47 23 14 11 40 24 28 33 42 44 49 3 36 42
20 0 40 33 48 38 41 56 45 21 34 38 27 34 55 29 27 45 20 21 26 50 35 48 30 39 47 57 18 51 33
29 40 0 20 10 10 9 16 15 19 23 11 13 28 16 15 13 30 22 19 18 11 5 27 23 29 19 20 28 13 35
14 33 20 0 30 10 13 30 34 21 34 28 11 37 33 24 19 45 24 15 8 30 16 15 32 40 38 39 15 22 43
39 48 10 30 0 20 18 12 9 27 23 11 23 28 8 20 21 26 29 29 28 3 15 35 25 27 13 10 38 16 36
23 38 10 10 20 0 3 20 25 21 30 20 11 33 23 20 16 39 24 17 12 20 8 18 28 36 29 29 23 13 40
26 41 9 13 18 3 0 17 24 23 31 20 14 34 21 21 18 39 26 20 15 17 9 18 29 37 28 26 26 10 41
43 56 16 30 12 20 17 0 21 35 35 23 29 40 6 30 29 38 38 35 32 9 21 30 37 39 25 14 43 9 48
41 45 15 34 9 25 24 21 0 24 16 7 25 20 17 16 19 17 25 28 30 12 18 42 19 18 4 13 39 25 28
20 21 19 21 27 21 23 35 24 0 16 17 10 18 34 8 6 27 3 7 13 29 15 36 13 22 26 36 17 32 22
36 34 23 34 23 30 31 35 16 16 0 12 23 5 31 10 15 11 15 23 28 26 22 48 4 6 15 29 33 36 13
34 38 11 28 11 20 20 23 7 17 12 0 18 17 19 9 12 19 18 21 23 14 12 38 14 18 10 19 32 24 25
16 27 13 11 23 11 14 29 25 10 23 18 0 26 29 13 8 34 13 6 5 24 8 26 21 29 28 33 15 24 32
38 34 28 37 28 33 34 40 20 18 5 17 26 0 36 13 18 11 15 24 30 31 25 51 5 5 19 33 35 41 8
45 55 16 33 8 23 21 6 17 34 31 19 29 36 0 28 28 34 37 35 34 5 21 35 33 35 20 8 44 15 44
27 29 15 24 20 20 21 30 16 8 10 9 13 13 28 0 5 21 9 13 18 23 12 38 8 16 18 28 24 28 20
23 27 13 19 21 16 18 29 19 6 15 12 8 18 28 5 0 26 9 9 13 23 9 33 13 21 22 31 20 26 25
47 45 30 45 26 39 39 38 17 27 11 19 34 11 34 21 26 0 26 34 39 29 31 57 15 6 14 29 44 42 16
23 20 22 24 29 24 26 38 25 3 15 18 13 15 37 9 9 26 0 10 16 32 18 39 11 20 27 37 20 35 19
14 21 19 15 29 17 20 35 28 7 23 21 6 24 35 13 9 34 10 0 7 30 14 30 19 28 31 39 11 30 29
11 26 18 8 28 12 15 32 30 13 28 23 5 30 34 18 13 39 16 7 0 29 13 23 25 34 33 38 11 25 35
40 50 11 30 3 20 17 9 12 29 26 14 24 31 5 23 23 29 32 30 29 0 16 34 28 30 16 9 39 14 39
24 35 5 16 15 8 9 21 18 15 22 12 8 25 21 12 9 31 18 14 13 16 0 26 20 28 22 25 23 17 32
28 48 27 15 35 18 18 30 42 36 48 38 26 51 35 38 33 57 39 30 23 34 26 0 46 54 46 43 30 21 58
33 30 23 32 25 28 29 37 19 13 4 14 21 5 33 8 13 15 11 19 25 28 20 46 0 9 19 32 30 36 12
42 39 29 40 27 36 37 39 18 22 6 18 29 5 35 16 21 6 20 28 34 30 28 54 9 0 16 31 39 42 11
44 47 19 38 13 29 28 25 4 26 15 10 28 19 20 18 22 14 27 31 33 16 22 46 19 16 0 15 42 29 27
49 57 20 39 10 29 26 14 13 36 29 19 33 33 8 28 31 29 37 39 38 9 25 43 32 31 15 0 48 23 41
3 18 28 15 38 23 26 43 39 17 33 32 15 35 44 24 20 44 20 11 11 39 23 30 30 39 42 48 0 36 39
36 51 13 22 16 13 10 9 25 32 36 24 24 41 15 28 26 42 35 30 25 14 17 21 36 42 29 23 36 0 48
42 33 35 43 36 40 41 48 28 22 13 25 32 8 44 20 25 16 19 29 35 39 32 58 12 11 27 41 39 48 0
0 553
338 338
111 111
166 166
410 410
420 420
383 383
373 373
396 396
447 447
528 528
283 283
89 89
1 1
45 45
267 267
365 365
50 50
397 397
500 500
59 59
401 401
386 386
125 125
98 98
320 320
519 519
350 350
536 536
234 234
99 99
0
51
92
56
66
43
75
44
42
48
25
38
46
22
22
51
75
49
86
42
17
54
34
39
62
50
88
54
60
23
47
