31
976
0 18 18 28 42 53 45 10 23 17 44 59 62 14 14 44 33 33 30 43 47 59 28 22 26 33 48 22 44 30 15
18 0 3 16 25 35 28 8 6 7 32 42 45 12 15 26 19 16 27 26 30 42 19 8 24 29 31 5 31 14 4
18 3 0 19 28 36 31 10 8 10 35 45 48 15 18 26 22 15 30 28 32 45 22 11 27 32 34 8 34 12 3
28 16 19 0 20 34 21 19 14 12 16 34 38 14 15 30 6 26 12 21 25 36 3 8 12 13 25 13 16 26 20
42 25 28 20 0 14 3 32 20 27 20 17 20 32 34 14 14 20 32 1 5 17 23 21 32 31 6 20 16 22 29
53 35 36 34 14 0 16 43 30 39 34 21 21 44 47 10 28 21 46 13 12 14 37 33 46 45 13 31 30 24 39
45 28 31 21 3 16 0 35 23 29 18 14 18 34 36 17 15 23 32 4 4 15 24 23 33 30 4 23 14 25 32
10 8 10 19 32 43 35 0 13 7 35 49 52 7 10 34 23 24 25 33 37 49 20 12 20 28 38 12 35 22 7
23 6 8 14 20 30 23 13 0 9 27 37 40 14 17 21 14 13 26 20 24 37 17 6 24 27 26 1 26 12 10
17 7 10 12 27 39 29 7 9 0 28 43 47 5 8 30 16 22 20 28 32 44 13 6 17 22 33 8 28 21 10
44 32 35 16 20 34 18 35 27 28 0 24 28 30 30 34 13 36 18 21 22 30 16 24 22 15 21 27 4 37 36
59 42 45 34 17 21 14 49 37 43 24 0 4 47 49 27 28 35 42 17 13 9 36 37 45 39 11 37 20 38 46
62 45 48 38 20 21 18 52 40 47 28 4 0 51 53 29 32 38 46 20 16 7 40 41 49 43 14 40 24 41 49
14 12 15 14 32 44 34 7 14 5 30 47 51 0 3 35 19 27 18 33 37 49 14 11 13 21 38 13 30 26 14
14 15 18 15 34 47 36 10 17 8 30 49 53 3 0 38 21 30 16 35 39 51 14 14 12 19 40 16 31 29 17
44 26 26 30 14 10 17 34 21 30 34 27 29 35 38 0 25 11 42 13 14 23 33 26 42 42 16 22 30 14 29
33 19 22 6 14 28 15 23 14 16 13 28 32 19 21 25 0 24 18 15 19 30 9 11 18 17 19 14 12 24 23
33 16 15 26 20 21 23 24 13 22 36 35 38 27 30 11 24 0 38 19 22 34 29 19 37 39 24 14 33 3 18
30 27 30 12 32 46 32 25 26 20 18 42 46 18 16 42 18 38 0 33 36 47 9 20 5 3 36 25 22 38 30
43 26 28 21 1 13 4 33 20 28 21 17 20 33 35 13 15 19 33 0 4 17 24 22 33 32 6 21 17 21 30
47 30 32 25 5 12 4 37 24 32 22 13 16 37 39 14 19 22 36 4 0 13 28 26 37 34 2 25 18 25 34
59 42 45 36 17 14 15 49 37 44 30 9 7 49 51 23 30 34 47 17 13 0 39 38 48 45 11 37 26 37 46
28 19 22 3 23 37 24 20 17 13 16 36 40 14 14 33 9 29 9 24 28 39 0 11 9 10 28 16 18 29 23
22 8 11 8 21 33 23 12 6 6 24 37 41 11 14 26 11 19 20 22 26 38 11 0 18 21 27 5 23 18 12
26 24 27 12 32 46 33 20 24 17 22 45 49 13 12 42 18 37 5 33 37 48 9 18 0 8 37 23 25 36 27
33 29 32 13 31 45 30 28 27 22 15 39 43 21 19 42 17 39 3 32 34 45 10 21 8 0 34 26 19 39 32
48 31 34 25 6 13 4 38 26 33 21 11 14 38 40 16 19 24 36 6 2 11 28 27 37 34 0 26 17 27 35
22 5 8 13 20 31 23 12 1 8 27 37 40 13 16 22 14 14 25 21 25 37 16 5 23 26 26 0 26 13 9
44 31 34 16 16 30 14 35 26 28 4 20 24 30 31 30 12 33 22 17 18 26 18 23 25 19 17 26 0 35 35
30 14 12 26 22 24 25 22 12 21 37 38 41 26 29 14 24 3 38 21 25 37 29 18 36 39 27 13 35 0 15
15 4 3 20 29 39 32 7 10 10 36 46 49 14 17 29 23 18 30 30 34 46 23 12 27 32 35 9 35 15 0
0 532
112 324
121 333
134 346
303 515
241 453
271 483
266 478
143 355
305 517
181 393
317 529
12 224
159 371
210 422
272 484
275 487
83 295
19 231
122 334
212 424
231 443
71 283
97 309
285 497
263 475
144 356
208 420
277 489
153 365
114 326
0
44
37
64
40
75
37
19
57
45
27
53
71
72
52
68
70
72
17
68
55
63
74
20
24
49
43
45
43
36
61
