31
975
0 31 40 5 27 19 27 7 10 2 29 29 10 40 18 15 9 17 11 33 23 24 30 30 4 42 16 30 31 22 18
31 0 28 26 4 32 25 35 32 29 8 33 39 22 48 16 36 38 25 26 14 19 12 7 32 50 47 19 10 45 13
40 28 0 39 30 26 50 39 48 41 20 19 50 7 55 32 49 33 29 7 20 44 40 21 44 31 53 11 38 40 33
5 26 39 0 22 21 23 11 9 3 26 29 13 37 22 10 11 20 11 33 20 19 25 26 6 44 21 28 26 26 13
27 4 30 22 0 30 21 31 28 25 10 32 35 24 44 12 32 35 22 27 13 15 10 9 28 49 43 20 8 42 9
19 32 26 21 30 0 41 15 29 21 26 10 26 29 29 21 28 7 10 19 18 36 38 27 23 23 27 19 37 14 24
27 25 50 23 21 41 0 34 20 25 31 48 32 45 40 21 25 43 31 46 31 6 14 30 25 64 40 40 16 49 18
7 35 39 11 31 15 34 0 16 9 31 25 11 40 16 19 14 11 11 32 23 30 36 32 10 36 14 30 35 15 22
10 32 48 9 28 29 20 16 0 8 33 38 12 46 20 17 5 27 20 42 29 19 28 33 6 52 20 37 28 31 19
2 29 41 3 25 21 25 9 8 0 29 30 10 40 19 13 8 19 12 34 23 22 28 29 3 44 18 30 29 24 16
29 8 20 26 10 26 31 31 33 29 0 25 39 14 47 16 37 32 20 18 8 25 20 1 32 42 45 11 18 39 15
29 33 19 29 32 10 48 25 38 30 25 0 36 23 39 28 38 17 18 12 19 42 42 26 33 17 37 15 40 22 30
10 39 50 13 35 26 32 11 12 10 39 36 0 50 9 23 7 21 21 43 33 31 38 39 8 47 8 40 39 23 26
40 22 7 37 24 29 45 40 46 40 14 23 50 0 56 29 48 36 29 11 17 39 34 15 43 37 54 10 32 43 29
18 48 55 22 44 29 40 16 20 19 47 39 9 56 0 32 15 22 27 48 39 39 47 48 17 46 2 46 48 21 35
15 16 32 10 12 21 21 19 17 13 16 28 23 29 32 0 21 24 11 27 12 15 17 16 16 44 31 21 16 31 3
9 36 49 11 32 28 25 14 5 8 37 38 7 48 15 21 0 25 20 42 31 24 33 37 5 50 15 38 33 29 23
17 38 33 20 35 7 43 11 27 19 32 17 21 36 22 24 25 0 13 26 24 39 41 33 21 26 20 26 40 7 27
11 25 29 11 22 10 31 11 20 12 20 18 21 29 27 11 20 13 0 22 12 26 28 21 15 33 25 19 27 20 14
33 26 7 33 27 19 46 32 42 34 18 12 43 11 48 27 42 26 22 0 15 40 37 19 37 26 46 7 35 33 28
23 14 20 20 13 18 31 23 29 23 8 19 33 17 39 12 31 24 12 15 0 25 23 9 26 36 37 9 21 31 13
24 19 44 19 15 36 6 30 19 22 25 42 31 39 39 15 24 39 26 40 25 0 9 24 23 59 39 34 11 45 12
30 12 40 25 10 38 14 36 28 28 20 42 38 34 47 17 33 41 28 37 23 9 0 19 31 59 46 30 2 48 14
30 7 21 26 9 27 30 32 33 29 1 26 39 15 48 16 37 33 21 19 9 24 19 0 32 43 46 12 17 40 14
4 32 44 6 28 23 25 10 6 3 32 33 8 43 17 16 5 21 15 37 26 23 31 32 0 46 16 33 31 25 19
42 50 31 44 49 23 64 36 52 44 42 17 47 37 46 44 50 26 33 26 36 59 59 43 46 0 44 32 57 25 47
16 47 53 21 43 27 40 14 20 18 45 37 8 54 2 31 15 20 25 46 37 39 46 46 16 44 0 44 47 19 34
30 19 11 28 20 19 40 30 37 30 11 15 40 10 46 21 38 26 19 7 9 34 30 12 33 32 44 0 28 33 22
31 10 38 26 8 37 16 35 28 29 18 40 39 32 48 16 33 40 27 35 21 11 2 17 31 57 47 28 0 47 13
22 45 40 26 42 14 49 15 31 24 39 22 23 43 21 31 29 7 20 33 31 45 48 40 25 25 19 33 47 0 34
18 13 33 13 9 24 18 22 19 16 15 30 26 29 35 3 23 27 14 28 13 12 14 14 19 47 34 22 13 34 0
0 255
47 149
37 139
74 176
75 177
128 230
40 142
130 232
108 210
36 138
52 154
66 168
134 236
29 131
124 226
106 208
33 135
9 111
35 137
56 158
49 151
89 191
74 176
86 188
101 203
62 164
81 183
58 160
42 144
29 131
44 146
0
44
40
27
17
23
73
22
80
62
56
86
35
82
74
59
19
74
40
24
36
52
40
51
86
35
65
54
56
38
50
