31
976
0 17 24 16 34 31 10 23 12 22 32 34 26 31 19 18 27 17 12 31 35 18 23 14 22 22 15 19 37 31 25
17 0 37 30 17 14 7 26 21 10 16 18 22 14 31 30 12 20 27 23 24 7 35 29 5 27 28 32 20 22 14
24 37 0 33 48 51 31 47 16 44 53 55 29 51 37 36 49 20 13 35 41 40 40 31 42 45 9 5 57 37 48
16 30 33 0 47 40 23 16 26 29 40 42 42 42 4 3 35 32 20 47 51 27 7 2 32 14 25 28 45 47 30
34 17 48 47 0 15 24 41 33 23 19 21 21 12 48 47 20 28 41 16 13 22 52 46 17 43 40 43 20 14 27
31 14 51 40 15 0 21 30 35 11 4 6 32 3 39 39 6 33 41 30 27 14 44 40 9 32 42 46 7 28 13
10 7 31 23 24 21 0 23 15 13 23 25 22 21 25 24 18 16 20 25 28 9 29 22 12 24 22 26 27 25 17
23 26 47 16 41 30 23 0 35 19 27 29 45 33 13 13 24 39 34 48 50 19 17 18 24 2 38 42 32 48 17
12 21 16 26 33 35 15 35 0 28 37 39 17 35 30 29 33 6 9 23 28 24 33 24 26 34 7 11 41 24 32
22 10 44 29 23 11 13 19 28 0 11 13 32 14 28 28 6 29 33 32 32 4 33 29 6 21 35 39 16 31 4
32 16 53 40 19 4 23 27 37 11 0 2 36 7 38 38 5 36 43 34 31 14 43 40 11 29 44 48 5 32 10
34 18 55 42 21 6 25 29 39 13 2 0 38 9 40 40 7 38 45 36 33 16 45 42 13 31 46 50 3 34 12
26 22 29 42 21 32 22 45 17 32 36 38 0 29 45 44 33 11 26 6 12 29 49 40 26 46 24 26 38 8 36
31 14 51 42 12 3 21 33 35 14 7 9 29 0 42 41 9 32 41 27 24 15 46 41 10 35 42 46 9 25 16
19 31 37 4 48 39 25 13 30 28 38 40 45 42 0 1 34 36 24 50 53 27 5 6 32 11 29 32 43 50 28
18 30 36 3 47 39 24 13 29 28 38 40 44 41 1 0 34 35 23 49 52 26 5 5 31 11 28 31 43 49 28
27 12 49 35 20 6 18 24 33 6 5 7 33 9 34 34 0 32 38 32 31 9 39 35 7 26 40 44 10 30 7
17 20 20 32 28 33 16 39 6 29 36 38 11 32 36 35 32 0 15 17 22 25 39 30 25 38 13 15 40 18 33
12 27 13 20 41 41 20 34 9 33 43 45 26 41 24 23 38 15 0 32 37 29 27 18 32 32 5 8 47 33 37
31 23 35 47 16 30 25 48 23 32 34 36 6 27 50 49 32 17 32 0 6 30 54 45 26 49 30 32 36 2 36
35 24 41 51 13 27 28 50 28 32 31 33 12 24 53 52 31 22 37 6 0 31 57 49 26 51 35 37 33 4 36
18 7 40 27 22 14 9 19 24 4 14 16 29 15 27 26 9 25 29 30 31 0 31 26 5 21 31 35 19 29 8
23 35 40 7 52 44 29 17 33 33 43 45 49 46 5 5 39 39 27 54 57 31 0 9 36 15 32 35 48 54 33
14 29 31 2 46 40 22 18 24 29 40 42 40 41 6 5 35 30 18 45 49 26 9 0 31 16 23 26 45 45 30
22 5 42 32 17 9 12 24 26 6 11 13 26 10 32 31 7 25 32 26 26 5 36 31 0 26 33 37 15 25 10
22 27 45 14 43 32 24 2 34 21 29 31 46 35 11 11 26 38 32 49 51 21 15 16 26 0 37 40 34 48 19
15 28 9 25 40 42 22 38 7 35 44 46 24 42 29 28 40 13 5 30 35 31 32 23 33 37 0 4 48 31 39
19 32 5 28 43 46 26 42 11 39 48 50 26 46 32 31 44 15 8 32 37 35 35 26 37 40 4 0 52 33 43
37 20 57 45 20 7 27 32 41 16 5 3 38 9 43 43 10 40 47 36 33 19 48 45 15 34 48 52 0 34 15
31 22 37 47 14 28 25 48 24 31 32 34 8 25 50 49 30 18 33 2 4 29 54 45 25 48 31 33 34 0 35
25 14 48 30 27 13 17 17 32 4 10 12 36 16 28 28 7 33 37 36 36 8 33 30 10 19 39 43 15 35 0
0 596
144 382
10 248
192 430
127 365
182 420
174 412
347 585
254 492
108 346
59 297
98 336
107 345
297 535
18 256
28 266
84 322
60 298
186 424
79 317
287 525
99 337
281 519
313 551
19 257
269 507
348 586
157 395
218 456
328 566
81 319
0
36
17
52
59
37
31
28
54
47
77
42
69
65
55
38
47
72
63
53
38
21
43
28
64
73
53
50
67
57
65
