31
974
0 13 23 14 18 31 25 10 10 7 39 39 22 36 33 32 24 4 38 26 19 34 35 9 26 13 42 6 11 39 9
13 0 17 18 7 36 28 11 23 18 32 28 12 30 41 27 34 16 30 18 31 30 41 5 22 26 38 12 24 38 11
23 17 0 14 22 25 16 27 27 22 17 22 8 14 34 10 30 21 16 4 33 14 30 15 6 31 22 17 29 22 26
14 18 14 0 25 18 11 23 14 9 28 36 20 25 23 21 16 10 30 18 19 21 23 13 15 18 29 8 16 25 22
18 7 22 25 0 43 35 11 28 25 37 28 16 35 48 32 41 22 34 23 37 36 48 12 28 31 44 19 29 44 12
31 36 25 18 43 0 9 41 27 25 29 46 33 27 11 24 14 27 32 28 26 18 5 31 20 30 22 26 29 14 40
25 28 16 11 35 9 0 34 23 19 23 37 24 20 18 16 16 21 25 19 26 13 14 23 11 27 20 19 25 14 33
10 11 27 23 11 41 34 0 20 17 43 39 23 41 43 37 34 14 41 29 28 39 45 12 31 22 47 15 20 47 1
10 23 27 14 28 27 23 20 0 5 42 47 30 39 26 35 17 7 43 31 9 35 30 18 29 4 43 11 2 37 19
7 18 22 9 25 25 19 17 5 0 37 42 25 34 26 30 17 3 38 26 13 30 28 13 24 9 38 6 7 33 16
39 32 17 28 37 29 23 43 42 37 0 20 21 3 40 7 39 37 4 14 47 11 34 31 13 46 12 33 44 19 42
39 28 22 36 28 46 37 39 47 42 20 0 17 21 55 23 52 40 16 18 55 29 51 30 26 51 32 36 49 38 39
22 12 8 20 16 33 24 23 30 25 21 17 0 19 42 16 36 23 18 7 38 22 38 13 14 34 29 19 32 30 23
36 30 14 25 35 27 20 41 39 34 3 21 19 0 38 4 36 34 5 12 44 9 32 29 10 43 12 30 41 18 40
33 41 34 23 48 11 18 43 26 26 40 55 42 38 0 34 9 29 43 37 22 29 7 36 29 26 33 30 27 24 42
32 27 10 21 32 24 16 37 35 30 7 23 16 4 34 0 32 30 9 9 40 6 29 25 6 39 13 26 37 15 36
24 34 30 16 41 14 16 34 17 17 39 52 36 36 9 32 0 20 41 34 13 29 14 29 27 17 36 22 18 27 33
4 16 21 10 22 27 21 14 7 3 37 40 23 34 29 30 20 0 37 25 16 31 31 11 24 11 39 4 9 35 13
38 30 16 30 34 32 25 41 43 38 4 16 18 5 43 9 41 37 0 12 49 14 37 29 15 47 16 33 45 23 40
26 18 4 18 23 28 19 29 31 26 14 18 7 12 37 9 34 25 12 0 37 15 33 17 8 35 22 21 33 24 28
19 31 33 19 37 26 26 28 9 13 47 55 38 44 22 40 13 16 49 37 0 39 27 26 34 6 46 19 8 39 27
34 30 14 21 36 18 13 39 35 30 11 29 22 9 29 6 29 31 14 15 39 0 23 27 8 39 8 28 37 9 38
35 41 30 23 48 5 14 45 30 28 34 51 38 32 7 29 14 31 37 33 27 23 0 36 25 31 26 31 32 17 44
9 5 15 13 12 31 23 12 18 13 31 30 13 29 36 25 29 11 29 17 26 27 36 0 19 22 35 7 20 35 11
26 22 6 15 28 20 11 31 29 24 13 26 14 10 29 6 27 24 15 8 34 8 25 19 0 33 16 20 31 16 30
13 26 31 18 31 30 27 22 4 9 46 51 34 43 26 39 17 11 47 35 6 39 31 22 33 0 47 15 2 41 21
42 38 22 29 44 22 20 47 43 38 12 32 29 12 33 13 36 39 16 22 46 8 26 35 16 47 0 36 45 9 46
6 12 17 8 19 26 19 15 11 6 33 36 19 30 30 26 22 4 33 21 19 28 31 7 20 15 36 0 13 33 14
11 24 29 16 29 29 25 20 2 7 44 49 32 41 27 37 18 9 45 33 8 37 32 20 31 2 45 13 0 39 19
39 38 22 25 44 14 14 47 37 33 19 38 30 18 24 15 27 35 23 24 39 9 17 35 16 41 9 33 39 0 46
9 11 26 22 12 40 33 1 19 16 42 39 23 40 42 36 33 13 40 28 27 38 44 11 30 21 46 14 19 46 0
0 383
207 245
319 357
337 375
41 79
299 337
176 214
142 180
297 335
169 207
191 229
21 59
251 289
156 194
257 295
121 159
224 262
126 164
141 179
137 175
338 376
319 357
90 128
190 228
242 280
4 42
43 81
240 278
135 173
19 57
236 274
0
55
40
73
41
15
68
28
61
48
47
26
73
71
38
37
62
78
41
43
13
72
77
58
22
60
52
67
33
41
58
