31
976
0 37 25 37 51 41 36 21 12 8 14 34 37 48 45 37 12 38 11 28 42 40 45 46 25 42 9 10 42 36 18
37 0 12 5 31 11 51 47 27 40 26 37 46 36 42 22 28 3 29 44 19 20 18 20 44 15 28 27 6 25 31
25 12 0 12 33 16 42 36 15 28 14 29 38 35 38 19 17 14 17 34 22 20 22 24 34 19 16 15 17 21 20
37 5 12 0 26 6 47 45 27 40 26 33 42 31 37 17 29 8 29 41 14 15 13 15 42 10 28 27 5 20 29
51 31 33 26 0 20 36 44 41 49 38 23 31 10 18 15 49 34 40 35 12 13 13 12 38 16 45 44 29 15 35
41 11 16 6 20 0 42 43 29 41 27 28 37 25 32 12 33 14 30 38 8 9 7 9 40 4 32 31 9 15 28
36 51 42 47 36 42 0 16 33 28 31 14 5 26 18 30 41 54 30 9 35 33 38 39 11 38 36 37 51 27 23
21 47 36 45 44 43 16 0 22 13 22 21 18 36 30 34 30 49 19 9 39 37 42 43 6 42 25 26 50 31 16
12 27 15 27 41 29 33 22 0 14 3 26 32 39 37 26 9 29 3 24 31 29 33 35 23 30 4 4 32 26 10
8 40 28 40 49 41 28 13 14 0 14 29 29 44 40 35 19 42 11 20 40 38 43 44 17 42 14 15 45 34 14
14 26 14 26 38 27 31 22 3 14 0 24 30 36 35 24 12 28 3 22 29 27 31 33 21 28 7 7 31 23 8
34 37 29 33 23 28 14 21 26 29 24 0 9 15 11 16 34 40 23 12 21 19 24 25 15 24 29 30 37 13 16
37 46 38 42 31 37 5 18 32 29 30 9 0 21 13 25 40 49 29 9 30 28 33 34 12 33 35 36 46 22 22
48 36 35 31 10 25 26 36 39 44 36 15 21 0 8 16 47 39 37 27 17 17 20 19 30 21 43 43 34 14 30
45 42 38 37 18 32 18 30 37 40 35 11 13 8 0 20 45 45 34 21 24 23 27 27 24 28 40 41 41 17 27
37 22 19 17 15 12 30 34 26 35 24 16 25 16 20 0 34 25 26 27 5 3 8 9 29 8 30 30 21 3 21
12 28 17 29 49 33 41 30 9 19 12 34 40 47 45 34 0 29 11 32 38 36 39 41 31 36 5 5 34 34 18
38 3 14 8 34 14 54 49 29 42 28 40 49 39 45 25 29 0 31 46 22 23 21 23 47 18 29 28 8 28 33
11 29 17 29 40 30 30 19 3 11 3 23 29 37 34 26 11 31 0 21 31 29 34 35 20 31 6 7 34 25 7
28 44 34 41 35 38 9 9 24 20 22 12 9 27 21 27 32 46 21 0 32 30 35 36 3 35 27 28 46 24 14
42 19 22 14 12 8 35 39 31 40 29 21 30 17 24 5 38 22 31 32 0 2 3 4 34 4 35 34 17 8 26
40 20 20 15 13 9 33 37 29 38 27 19 28 17 23 3 36 23 29 30 2 0 5 6 32 5 33 32 18 6 24
45 18 22 13 13 7 38 42 33 43 31 24 33 20 27 8 39 21 34 35 3 5 0 2 37 3 36 35 16 11 29
46 20 24 15 12 9 39 43 35 44 33 25 34 19 27 9 41 23 35 36 4 6 2 0 38 5 38 37 17 12 30
25 44 34 42 38 40 11 6 23 17 21 15 12 30 24 29 31 47 20 3 34 32 37 38 0 37 26 27 47 26 14
42 15 19 10 16 4 38 42 30 42 28 24 33 21 28 8 36 18 31 35 4 5 3 5 37 0 33 32 13 11 28
9 28 16 28 45 32 36 25 4 14 7 29 35 43 40 30 5 29 6 27 35 33 36 38 26 33 0 1 33 30 13
10 27 15 27 44 31 37 26 4 15 7 30 36 43 41 30 5 28 7 28 34 32 35 37 27 32 1 0 32 29 14
42 6 17 5 29 9 51 50 32 45 31 37 46 34 41 21 34 8 34 46 17 18 16 17 47 13 33 32 0 24 34
36 25 21 20 15 15 27 31 26 34 23 13 22 14 17 3 34 28 25 24 8 6 11 12 26 11 30 29 24 0 20
18 31 20 29 35 28 23 16 10 14 8 16 22 30 27 21 18 33 7 14 26 24 29 30 14 28 13 14 34 20 0
0 212
46 130
46 130
34 118
39 123
94 178
77 161
74 158
13 97
62 146
84 168
95 179
111 195
10 94
108 192
75 159
83 167
40 124
46 130
50 134
42 126
78 162
58 142
110 194
73 157
55 139
13 97
75 159
8 92
77 161
75 159
0
64
58
89
56
43
29
37
61
67
34
37
32
39
39
57
69
49
39
43
82
83
99
56
14
38
52
50
20
33
32
