31
977
0 6 14 12 20 20 41 25 28 11 18 30 5 11 24 38 32 22 13 38 18 10 39 45 27 19 20 23 27 20 15
6 0 9 7 25 20 36 31 28 8 24 32 1 10 24 36 36 17 18 38 23 16 34 47 26 14 25 18 22 16 21
14 9 0 2 30 18 28 39 23 15 32 30 10 8 21 28 37 9 25 34 28 24 26 45 21 6 30 10 13 20 29
12 7 2 0 28 16 29 37 22 14 30 28 8 6 19 29 35 10 23 33 26 22 27 43 20 7 28 11 15 20 27
20 25 30 28 0 19 48 17 26 31 9 20 24 22 23 40 15 35 7 31 2 15 48 31 26 32 0 34 40 40 15
20 20 18 16 19 0 29 35 8 28 26 12 19 10 4 21 20 19 20 18 17 26 29 27 7 17 19 17 24 36 30
41 36 28 29 48 29 0 64 25 43 55 35 37 31 27 10 46 19 48 29 46 51 2 43 23 22 48 18 18 46 56
25 31 39 37 17 35 64 0 43 34 9 37 30 34 39 56 31 47 16 48 19 15 64 47 42 44 17 47 52 43 10
28 28 23 22 26 8 25 43 0 36 34 10 27 18 4 16 21 20 28 11 24 34 25 23 2 19 26 17 25 42 38
11 8 15 14 31 28 43 34 36 0 29 40 9 18 32 43 43 24 24 46 29 19 41 55 34 21 31 25 27 9 24
18 24 32 30 9 26 55 9 34 29 0 29 23 25 30 47 24 39 7 40 10 10 55 40 33 36 9 38 44 38 7
30 32 30 28 20 12 35 37 10 40 29 0 31 22 11 25 11 30 25 11 19 33 35 15 12 29 20 27 35 48 35
5 1 10 8 24 19 37 30 27 9 23 31 0 9 23 36 35 18 17 37 22 15 35 46 25 15 24 19 23 17 20
11 10 8 6 22 10 31 34 18 18 25 22 9 0 14 27 29 14 18 28 20 21 30 37 16 11 22 13 19 26 26
24 24 21 19 23 4 27 39 4 32 30 11 23 14 0 18 21 19 24 15 21 30 27 25 4 18 23 17 24 39 34
38 36 28 29 40 21 10 56 16 43 47 25 36 27 18 0 36 20 41 19 38 47 12 33 14 22 40 18 22 47 51
32 36 37 35 15 20 46 31 21 43 24 11 35 29 21 36 0 39 22 21 15 30 46 16 23 37 15 37 44 52 30
22 17 9 10 35 19 19 47 20 24 39 30 18 14 19 20 39 0 32 31 33 32 17 43 18 3 35 3 5 27 37
13 18 25 23 7 20 48 16 28 24 7 25 17 18 24 41 22 32 0 35 7 8 48 37 27 29 7 31 37 33 10
38 38 34 33 31 18 29 48 11 46 40 11 37 28 15 19 21 31 35 0 30 43 31 14 13 30 31 28 36 53 45
18 23 28 26 2 17 46 19 24 29 10 19 22 20 21 38 15 33 7 30 0 15 46 31 24 30 2 32 38 38 16
10 16 24 22 15 26 51 15 34 19 10 33 15 21 30 47 30 32 8 43 15 0 49 45 33 29 15 33 37 28 5
39 34 26 27 48 29 2 64 25 41 55 35 35 30 27 12 46 17 48 31 46 49 0 45 23 20 48 17 16 44 54
45 47 45 43 31 27 43 47 23 55 40 15 46 37 25 33 16 43 37 14 31 45 45 0 25 42 31 40 48 63 46
27 26 21 20 26 7 23 42 2 34 33 12 25 16 4 14 23 18 27 13 24 33 23 25 0 17 26 15 23 40 37
19 14 6 7 32 17 22 44 19 21 36 29 15 11 18 22 37 3 29 30 30 29 20 42 17 0 32 4 8 25 34
20 25 30 28 0 19 48 17 26 31 9 20 24 22 23 40 15 35 7 31 2 15 48 31 26 32 0 34 40 40 15
23 18 10 11 34 17 18 47 17 25 38 27 19 13 17 18 37 3 31 28 32 33 17 40 15 4 34 0 8 29 38
27 22 13 15 40 24 18 52 25 27 44 35 23 19 24 22 44 5 37 36 38 37 16 48 23 8 40 8 0 28 42
20 16 20 20 40 36 46 43 42 9 38 48 17 26 39 47 52 27 33 53 38 28 44 63 40 25 40 29 28 0 33
15 21 29 27 15 30 56 10 38 24 7 35 20 26 34 51 30 37 10 45 16 5 54 46 37 34 15 38 42 33 0
0 617
586 586
261 261
172 172
461 461
298 298
171 171
160 160
267 267
381 381
194 194
28 28
370 370
325 325
163 163
28 28
13 13
17 17
520 520
166 166
560 560
15 15
535 535
3 3
256 256
551 551
45 45
1 1
338 338
22 22
236 236
0
25
55
47
92
18
61
73
46
62
69
27
85
49
70
61
15
56
21
56
38
57
52
39
39
54
24
45
31
76
59
