31
974
0 41 26 48 23 16 35 6 37 26 4 7 6 28 27 5 46 21 16 48 37 24 50 12 6 11 26 29 2 16 8
41 0 30 19 18 27 47 46 42 35 39 36 35 39 40 41 15 34 29 20 39 17 20 34 37 30 29 14 42 35 33
26 30 0 26 19 27 17 28 14 5 22 19 25 9 10 22 26 6 10 25 12 16 27 14 27 20 1 29 25 35 23
48 19 26 0 27 39 37 51 30 31 44 41 43 34 36 46 4 32 33 1 27 24 2 38 45 37 25 31 47 49 41
23 18 19 27 0 12 36 28 33 24 21 18 18 28 28 23 25 19 14 28 30 3 29 18 20 12 18 10 24 22 16
16 27 27 39 12 0 41 21 40 29 15 15 10 33 33 18 37 24 17 40 39 15 41 18 10 8 26 13 17 10 8
35 47 17 37 36 41 0 34 7 12 31 29 36 8 8 30 39 17 24 36 10 33 38 24 38 34 18 46 33 47 35
6 46 28 51 28 21 34 0 37 27 7 10 12 28 26 6 50 22 19 51 38 29 53 14 12 16 29 34 4 22 13
37 42 14 30 33 40 7 37 0 11 33 30 37 9 11 32 32 16 23 29 3 30 31 25 39 33 15 43 35 48 36
26 35 5 31 24 29 12 27 11 0 22 19 26 4 5 21 31 5 12 30 11 21 32 14 28 22 6 34 24 37 25
4 39 22 44 21 15 31 7 33 22 0 3 7 24 23 3 43 17 12 44 33 22 46 8 8 9 22 28 3 18 7
7 36 19 41 18 15 29 10 30 19 3 0 8 22 21 5 40 14 9 41 30 19 43 5 10 7 19 26 6 19 7
6 35 25 43 18 10 36 12 37 26 7 8 0 29 28 10 41 21 15 44 37 19 45 12 2 6 25 23 8 12 2
28 39 9 34 28 33 8 28 9 4 24 22 29 0 2 23 35 9 16 33 10 25 35 17 31 26 10 38 26 40 28
27 40 10 36 28 33 8 26 11 5 23 21 28 2 0 22 36 9 16 35 12 26 37 16 30 26 11 38 25 39 27
5 41 22 46 23 18 30 6 32 21 3 5 10 23 22 0 45 16 13 46 32 24 48 8 11 12 23 31 3 21 10
46 15 26 4 25 37 39 50 32 31 43 40 41 35 36 45 0 32 32 5 29 22 5 37 43 35 25 27 46 47 39
21 34 6 32 19 24 17 22 16 5 17 14 21 9 9 16 32 0 7 31 16 17 33 9 23 17 7 29 19 32 20
16 29 10 33 14 17 24 19 23 12 12 9 15 16 16 13 32 7 0 33 22 12 35 5 17 10 10 24 15 25 13
48 20 25 1 28 40 36 51 29 30 44 41 44 33 35 46 5 31 33 0 26 25 2 38 46 38 24 32 47 50 42
37 39 12 27 30 39 10 38 3 11 33 30 37 10 12 32 29 16 22 26 0 27 28 25 39 32 13 40 35 47 35
24 17 16 24 3 15 33 29 30 21 22 19 19 25 26 24 22 17 12 25 27 0 26 17 21 13 15 13 25 25 17
50 20 27 2 29 41 38 53 31 32 46 43 45 35 37 48 5 33 35 2 28 26 0 40 47 39 26 32 49 51 43
12 34 14 38 18 18 24 14 25 14 8 5 12 17 16 8 37 9 5 38 25 17 40 0 14 10 15 27 11 23 11
6 37 27 45 20 10 38 12 39 28 8 10 2 31 30 11 43 23 17 46 39 21 47 14 0 8 27 23 8 10 4
11 30 20 37 12 8 34 16 33 22 9 7 6 26 26 12 35 17 10 38 32 13 39 10 8 0 20 19 12 15 4
26 29 1 25 18 26 18 29 15 6 22 19 25 10 11 23 25 7 10 24 13 15 26 15 27 20 0 28 25 35 23
29 14 29 31 10 13 46 34 43 34 28 26 23 38 38 31 27 29 24 32 40 13 32 27 23 19 28 0 30 21 21
2 42 25 47 24 17 33 4 35 24 3 6 8 26 25 3 46 19 15 47 35 25 49 11 8 12 25 30 0 18 9
16 35 35 49 22 10 47 22 48 37 18 19 12 40 39 21 47 32 25 50 47 25 51 23 10 15 35 21 18 0 12
8 33 23 41 16 8 35 13 36 25 7 7 2 28 27 10 39 20 13 42 35 17 43 11 4 4 23 21 9 12 0
0 298
27 176
108 257
12 161
51 200
8 157
108 257
70 219
137 286
124 273
134 283
111 260
101 250
41 190
43 192
32 181
95 244
80 229
110 259
29 178
44 193
46 195
90 239
70 219
19 168
123 272
90 239
143 292
86 235
45 194
137 286
0
80
30
39
51
45
51
55
47
61
68
63
30
58
59
60
78
50
45
16
71
49
51
36
15
50
30
64
51
70
24
