31
975
0 13 12 17 38 32 36 11 10 28 11 33 1 50 36 36 54 23 44 35 31 42 28 36 38 8 7 15 7 35 28
13 0 1 16 35 19 25 3 15 25 16 24 12 37 24 23 41 11 31 22 24 29 21 23 25 15 6 10 6 30 25
12 1 0 17 36 20 25 3 15 26 16 24 11 38 25 24 42 12 32 23 25 30 22 24 26 15 5 11 5 31 26
17 16 17 0 21 29 40 14 7 11 6 40 18 42 39 31 46 15 43 27 16 32 13 37 39 9 17 6 17 18 11
38 35 36 21 0 37 53 33 28 11 27 56 39 41 52 36 44 26 51 30 14 30 15 48 48 30 37 25 37 6 10
32 19 20 29 37 0 16 22 32 32 33 22 31 18 15 4 22 14 14 9 23 15 24 11 11 33 25 23 25 31 32
36 25 25 40 53 16 0 28 40 46 41 8 35 29 1 19 33 27 12 25 39 30 38 5 7 40 29 34 29 47 45
11 3 3 14 33 22 28 0 12 23 13 27 11 39 27 25 43 12 34 24 23 31 20 26 28 12 5 8 5 29 23
10 15 15 7 28 32 40 12 0 18 1 39 11 45 39 34 49 18 46 30 23 37 20 38 40 2 13 9 13 25 18
28 25 26 11 11 32 46 23 18 0 17 48 29 40 45 32 43 19 46 26 11 29 9 43 43 20 27 15 27 8 1
11 16 16 6 27 33 41 13 1 17 0 40 12 46 40 35 50 19 47 31 22 38 19 39 41 3 14 10 14 24 17
33 24 24 40 56 22 8 27 39 48 40 0 32 37 9 26 41 30 20 31 42 37 41 13 15 38 26 34 26 50 48
1 12 11 18 39 31 35 11 11 29 12 32 0 49 35 35 53 23 43 34 31 41 28 35 37 9 6 15 6 36 29
50 37 38 42 41 18 29 39 45 40 46 37 49 0 28 14 4 27 19 15 29 11 32 24 23 47 43 36 43 36 39
36 24 25 39 52 15 1 27 39 45 40 9 35 28 0 18 32 26 11 24 38 29 37 4 6 39 29 33 29 46 44
36 23 24 31 36 4 19 25 34 32 35 26 35 14 18 0 18 16 15 6 22 11 23 14 13 36 29 25 29 30 31
54 41 42 46 44 22 33 43 49 43 50 41 53 4 32 18 0 31 22 19 32 14 35 28 26 51 47 40 47 39 42
23 11 12 15 26 14 27 12 18 19 19 30 23 27 26 16 31 0 28 12 13 19 11 24 24 20 17 9 17 20 18
44 31 32 43 51 14 12 34 46 46 47 20 43 19 11 15 22 28 0 21 37 24 38 8 6 46 37 37 37 45 46
35 22 23 27 30 9 25 24 30 26 31 31 34 15 24 6 19 12 21 0 16 7 17 20 19 32 28 21 28 24 25
31 24 25 16 14 23 39 23 23 11 22 42 31 29 38 22 32 13 37 16 0 18 3 34 34 25 28 16 28 8 10
42 29 30 32 30 15 30 31 37 29 38 37 41 11 29 11 14 19 24 7 18 0 21 25 24 39 35 28 35 25 28
28 21 22 13 15 24 38 20 20 9 19 41 28 32 37 23 35 11 38 17 3 21 0 34 35 22 25 13 25 9 8
36 23 24 37 48 11 5 26 38 43 39 13 35 24 4 14 28 24 8 20 34 25 34 0 2 38 29 31 29 42 42
38 25 26 39 48 11 7 28 40 43 41 15 37 23 6 13 26 24 6 19 34 24 35 2 0 40 31 33 31 42 42
8 15 15 9 30 33 40 12 2 20 3 38 9 47 39 36 51 20 46 32 25 39 22 38 40 0 12 11 12 27 20
7 6 5 17 37 25 29 5 13 27 14 26 6 43 29 29 47 17 37 28 28 35 25 29 31 12 0 12 0 33 27
15 10 11 6 25 23 34 8 9 15 10 34 15 36 33 25 40 9 37 21 16 28 13 31 33 11 12 0 12 21 15
7 6 5 17 37 25 29 5 13 27 14 26 6 43 29 29 47 17 37 28 28 35 25 29 31 12 0 12 0 33 27
35 30 31 18 6 31 47 29 25 8 24 50 36 36 46 30 39 20 45 24 8 25 9 42 42 27 33 21 33 0 7
28 25 26 11 10 32 45 23 18 1 17 48 29 39 44 31 42 18 46 25 10 28 8 42 42 20 27 15 27 7 0
0 468
240 240
149 149
79 79
4 4
184 184
231 231
418 418
218 218
218 218
248 248
254 254
198 198
442 442
137 137
204 204
365 365
381 381
79 79
309 309
240 240
420 420
209 209
203 203
77 77
463 463
431 431
315 315
233 233
225 225
173 173
0
63
28
54
53
49
28
43
27
80
23
43
45
82
52
41
31
16
33
87
58
39
51
62
59
46
74
82
69
16
66
