31
974
0 36 12 17 35 42 40 4 30 46 15 42 7 30 49 31 5 37 41 19 31 24 35 36 18 28 46 48 20 29 30
36 0 36 38 35 8 23 35 11 12 21 6 34 17 34 30 32 23 35 39 9 16 26 36 18 17 14 33 24 11 6
12 36 0 5 23 40 33 8 34 44 16 42 5 24 39 20 16 29 30 31 29 21 25 24 21 36 50 38 30 33 30
17 38 5 0 19 41 31 13 38 44 20 44 10 24 35 16 21 27 26 36 30 22 23 20 25 40 52 34 35 37 32
35 35 23 19 0 34 18 31 40 36 27 40 28 18 18 5 36 14 8 51 26 21 10 1 31 45 49 17 43 39 32
42 8 40 41 34 0 18 41 19 4 27 6 39 17 29 30 38 20 32 47 11 19 24 35 24 25 17 28 32 19 12
40 23 33 31 18 18 0 38 31 19 26 24 35 10 11 15 38 4 14 51 15 16 8 19 27 37 35 10 39 30 21
4 35 8 13 31 41 38 0 31 45 14 41 3 28 45 27 9 34 37 23 30 23 31 32 19 31 48 44 24 31 29
30 11 34 38 40 19 31 31 0 23 18 16 31 24 42 35 25 30 42 28 16 19 33 41 13 6 17 41 13 1 10
46 12 44 44 36 4 19 45 23 0 31 9 43 20 29 33 42 22 33 51 15 23 26 37 28 29 19 28 36 23 16
15 21 16 20 27 27 26 14 18 31 0 27 13 16 36 22 12 23 32 25 16 10 23 28 5 20 34 35 16 17 15
42 6 42 44 40 6 24 41 16 9 27 0 40 22 35 35 38 26 38 43 14 22 30 41 24 22 11 34 28 15 12
7 34 5 10 28 39 35 3 31 43 13 40 0 25 42 24 11 31 34 26 28 21 28 29 18 32 47 41 25 30 28
30 17 24 24 18 17 10 28 24 20 16 22 25 0 20 13 28 7 18 41 8 6 9 19 17 30 31 19 29 23 14
49 34 39 35 18 29 11 45 42 29 36 35 42 20 0 19 48 13 10 61 26 26 14 17 37 48 46 1 49 41 32
31 30 20 16 5 30 15 27 35 33 22 35 24 13 19 0 32 11 10 47 21 16 7 6 26 40 44 18 38 34 27
5 32 16 21 36 38 38 9 25 42 12 38 11 28 48 32 0 35 42 15 28 22 35 37 14 23 41 47 15 24 26
37 23 29 27 14 20 4 34 30 22 23 26 31 7 13 11 35 0 12 48 14 13 4 15 24 36 37 12 36 29 20
41 35 30 26 8 32 14 37 42 33 32 38 34 18 10 10 42 12 0 57 26 23 9 7 34 47 49 9 46 41 32
19 39 31 36 51 47 51 23 28 51 25 43 26 41 61 47 15 48 57 0 39 35 48 52 24 23 44 60 15 28 35
31 9 29 30 26 11 15 30 16 15 16 14 28 8 26 21 28 14 26 39 0 8 17 27 15 22 23 25 25 15 6
24 16 21 22 21 19 16 23 19 23 10 22 21 6 26 16 22 13 23 35 8 0 14 22 11 24 30 25 23 18 11
35 26 25 23 10 24 8 31 33 26 23 30 28 9 14 7 35 4 9 48 17 14 0 11 25 38 40 13 37 32 23
36 36 24 20 1 35 19 32 41 37 28 41 29 19 17 6 37 15 7 52 27 22 11 0 32 46 50 16 44 40 33
18 18 21 25 31 24 27 19 13 28 5 24 18 17 37 26 14 24 34 24 15 11 25 32 0 15 29 36 12 12 12
28 17 36 40 45 25 37 31 6 29 20 22 32 30 48 40 23 36 47 23 22 24 38 46 15 0 21 47 8 7 16
46 14 50 52 49 17 35 48 17 19 34 11 47 31 46 44 41 37 49 44 23 30 40 50 29 21 0 45 29 17 20
48 33 38 34 17 28 10 44 41 28 35 34 41 19 1 18 47 12 9 60 25 25 13 16 36 47 45 0 48 40 31
20 24 30 35 43 32 39 24 13 36 16 28 25 29 49 38 15 36 46 15 25 23 37 44 12 8 29 48 0 13 20
29 11 33 37 39 19 30 31 1 23 17 15 30 23 41 34 24 29 41 28 15 18 32 40 12 7 17 40 13 0 9
30 6 30 32 32 12 21 29 10 16 15 12 28 14 32 27 26 20 32 35 6 11 23 33 12 16 20 31 20 9 0
0 340
196 332
82 218
138 274
145 281
83 219
43 179
156 292
166 302
193 329
100 236
186 322
45 181
3 139
12 148
122 258
107 243
89 225
86 222
144 280
16 152
192 328
195 331
93 229
184 320
50 186
179 315
14 150
133 269
72 208
58 194
0
64
74
75
70
41
16
28
79
63
50
39
66
20
34
26
47
25
58
75
50
15
81
52
51
78
30
53
54
20
64
