31
977
0 10 22 30 13 47 4 35 14 10 11 34 26 9 17 47 42 38 16 39 20 33 19 22 25 46 29 26 28 11 28
10 0 14 23 7 39 9 34 14 6 6 25 19 3 20 39 35 29 14 29 12 26 9 12 16 38 21 17 19 8 21
22 14 0 10 9 25 18 28 18 12 11 22 7 17 23 25 22 16 15 17 2 12 9 4 18 24 7 16 16 21 9
30 23 10 0 17 18 26 20 19 20 19 30 4 26 24 18 12 15 16 20 12 4 19 14 28 19 7 26 26 31 2
13 7 9 17 0 34 9 28 10 3 2 26 13 10 16 34 29 25 9 26 7 20 10 10 19 33 16 18 20 15 15
47 39 25 18 34 0 43 30 37 37 36 36 21 42 42 0 11 15 34 21 27 14 33 28 40 6 18 37 35 46 20
4 9 18 26 9 43 0 31 10 6 7 34 22 10 13 43 38 34 12 35 16 29 18 19 25 42 25 26 28 14 24
35 34 28 20 28 30 31 0 21 28 29 49 21 37 21 30 19 35 20 40 28 23 36 31 45 35 27 43 43 42 20
14 14 18 19 10 37 10 21 0 8 9 36 16 17 6 37 29 32 3 35 16 23 20 19 29 38 23 28 30 22 17
10 6 12 20 3 37 6 28 8 0 1 29 16 9 14 37 32 28 8 29 10 23 13 13 22 36 19 21 23 14 18
11 6 11 19 2 36 7 29 9 1 0 28 15 9 15 36 31 27 9 28 9 22 12 12 21 35 18 20 22 14 17
34 25 22 30 26 36 34 49 36 29 28 0 28 25 42 36 39 21 35 15 21 29 16 18 10 30 23 8 6 25 30
26 19 7 4 13 21 22 21 16 16 15 28 0 22 21 21 16 16 13 20 8 7 16 11 25 22 7 23 23 27 2
9 3 17 26 10 42 10 37 17 9 9 25 22 0 22 42 38 32 17 31 15 29 11 15 16 41 24 17 19 5 24
17 20 23 24 16 42 13 21 6 14 15 42 21 22 0 42 33 37 8 40 22 28 26 25 35 43 28 34 36 27 22
47 39 25 18 34 0 43 30 37 37 36 36 21 42 42 0 11 15 34 21 27 14 33 28 40 6 18 37 35 46 20
42 35 22 12 29 11 38 19 29 32 31 39 16 38 33 11 0 20 27 26 24 11 31 26 40 16 17 37 36 43 14
38 29 16 15 25 15 34 35 32 28 27 21 16 32 37 15 20 0 29 6 18 12 22 17 25 10 9 22 20 36 17
16 14 15 16 9 34 12 20 3 8 9 35 13 17 8 34 27 29 0 32 14 20 19 17 28 35 20 27 29 22 14
39 29 17 20 26 21 35 40 35 29 28 15 20 31 40 21 26 6 32 0 19 17 20 17 21 15 13 18 16 34 21
20 12 2 12 7 27 16 28 16 10 9 21 8 15 22 27 24 18 14 19 0 14 8 3 17 26 9 15 15 19 10
33 26 12 4 20 14 29 23 23 23 22 29 7 29 28 14 11 12 20 17 14 0 21 16 29 15 6 26 25 33 6
19 9 9 19 10 33 18 36 20 13 12 16 16 11 26 33 31 22 19 20 8 21 0 5 9 32 15 8 10 14 18
22 12 4 14 10 28 19 31 19 13 12 18 11 15 25 28 26 17 17 17 3 16 5 0 14 27 10 12 12 19 13
25 16 18 28 19 40 25 45 29 22 21 10 25 16 35 40 40 25 28 21 17 29 9 14 0 35 23 3 5 15 27
46 38 24 19 33 6 42 35 38 36 35 30 22 41 43 6 16 10 35 15 26 15 32 27 35 0 17 32 30 45 21
29 21 7 7 16 18 25 27 23 19 18 23 7 24 28 18 17 9 20 13 9 6 15 10 23 17 0 20 19 28 8
26 17 16 26 18 37 26 43 28 21 20 8 23 17 34 37 37 22 27 18 15 26 8 12 3 32 20 0 2 18 25
28 19 16 26 20 35 28 43 30 23 22 6 23 19 36 35 36 20 29 16 15 25 10 12 5 30 19 2 0 20 25
11 8 21 31 15 46 14 42 22 14 14 25 27 5 27 46 43 36 22 34 19 33 14 19 15 45 28 18 20 0 29
28 21 9 2 15 20 24 20 17 18 17 30 2 24 22 20 14 17 14 21 10 6 18 13 27 21 8 25 25 29 0
0 298
220 249
191 220
154 183
143 172
164 193
262 291
160 189
12 41
166 195
51 80
112 141
187 216
76 105
175 204
160 189
151 180
170 199
236 265
74 103
21 50
83 112
117 146
135 164
58 87
169 198
74 103
100 129
235 264
5 34
67 96
0
55
85
38
52
29
30
63
26
58
28
47
57
57
20
78
45
48
88
67
74
34
34
52
57
65
32
43
50
46
44
