31
974
0 15 20 29 38 28 29 20 33 35 26 25 17 20 33 20 30 7 19 33 15 2 13 15 8 30 40 18 23 36 11
15 0 29 24 44 43 44 34 41 50 38 37 2 6 44 20 42 11 31 46 29 14 25 24 13 28 48 32 21 46 6
20 29 0 49 58 31 33 20 52 39 42 39 31 35 49 40 45 27 9 43 13 18 31 5 16 50 59 19 43 53 29
29 24 49 0 29 49 50 46 29 52 37 38 22 18 38 9 41 22 48 47 44 31 29 44 34 7 33 44 6 38 21
38 44 58 29 0 39 38 45 6 37 21 25 44 42 16 25 23 35 52 30 47 40 27 53 46 22 4 44 26 13 38
28 43 31 49 39 0 2 11 33 8 18 14 45 47 25 40 18 33 22 13 18 29 20 29 34 48 38 13 43 29 38
29 44 33 50 38 2 0 13 32 6 17 13 46 48 23 41 16 34 24 11 20 31 21 31 36 48 37 15 44 27 39
20 34 20 46 45 11 13 0 39 19 25 21 36 40 32 37 26 26 11 24 7 20 19 18 23 47 45 2 40 36 31
33 41 52 29 6 33 32 39 0 31 15 19 41 40 11 23 17 30 46 24 41 35 21 47 41 23 7 38 25 9 35
35 50 39 52 37 8 6 19 31 0 17 14 51 53 21 43 14 39 30 7 26 37 25 37 42 49 35 21 46 25 44
26 38 42 37 21 18 17 25 15 17 0 4 39 41 7 28 4 27 34 11 29 28 13 38 34 33 20 25 31 11 32
25 37 39 38 25 14 13 21 19 14 4 0 38 40 11 29 6 26 31 9 26 27 12 35 33 35 24 21 32 15 31
17 2 31 22 44 45 46 36 41 51 39 38 0 4 45 19 43 12 33 47 31 16 26 26 15 27 48 34 20 47 7
20 6 35 18 42 47 48 40 40 53 41 40 4 0 46 17 45 14 37 49 35 20 28 30 19 24 46 38 18 48 9
33 44 49 38 16 25 23 32 11 21 7 11 45 46 0 31 7 33 41 14 36 35 20 45 41 33 14 32 33 4 38
20 20 40 9 25 40 41 37 23 43 28 29 19 17 31 0 32 13 39 38 35 22 20 35 26 10 29 35 3 31 14
30 42 45 41 23 18 16 26 17 14 4 6 43 45 7 32 0 31 36 7 32 32 17 41 38 37 21 26 35 11 36
7 11 27 22 35 33 34 26 30 39 27 26 12 14 33 13 31 0 26 35 22 9 14 22 13 23 37 24 16 35 5
19 31 9 48 52 22 24 11 46 30 34 31 33 37 41 39 36 26 0 34 5 18 25 8 18 49 53 10 42 45 29
33 46 43 47 30 13 11 24 24 7 11 9 47 49 14 38 7 35 34 0 30 35 21 41 41 44 28 24 41 18 40
15 29 13 44 47 18 20 7 41 26 29 26 31 35 36 35 32 22 5 30 0 15 20 11 17 45 48 6 38 40 26
2 14 18 31 40 29 31 20 35 37 28 27 16 20 35 22 32 9 18 35 15 0 15 13 6 32 42 18 25 38 11
13 25 31 29 27 20 21 19 21 25 13 12 26 28 20 20 17 14 25 21 20 15 0 26 21 28 28 17 23 23 19
15 24 5 44 53 29 31 18 47 37 38 35 26 30 45 35 41 22 8 41 11 13 26 0 11 45 54 17 38 49 24
8 13 16 34 46 34 36 23 41 42 34 33 15 19 41 26 38 13 18 41 17 6 21 11 0 36 48 21 29 44 13
30 28 50 7 22 48 48 47 23 49 33 35 27 24 33 10 37 23 49 44 45 32 28 45 36 0 26 45 7 32 24
40 48 59 33 4 38 37 45 7 35 20 24 48 46 14 29 21 37 53 28 48 42 28 54 48 26 0 44 30 10 42
18 32 19 44 44 13 15 2 38 21 25 21 34 38 32 35 26 24 10 24 6 18 17 17 21 45 44 0 38 36 29
23 21 43 6 26 43 44 40 25 46 31 32 20 18 33 3 35 16 42 41 38 25 23 38 29 7 30 38 0 33 17
36 46 53 38 13 29 27 36 9 25 11 15 47 48 4 31 11 35 45 18 40 38 23 49 44 32 10 36 33 0 40
11 6 29 21 38 38 39 31 35 44 32 31 7 9 38 14 36 5 29 40 26 11 19 24 13 24 42 29 17 40 0
0 234
41 64
126 149
12 35
132 155
159 182
186 209
157 180
178 201
48 71
40 63
44 67
60 83
43 66
48 71
131 154
4 27
169 192
56 79
173 196
188 211
69 92
58 81
155 178
55 78
23 46
176 199
178 201
209 232
122 145
194 217
0
85
86
52
31
20
73
63
80
46
63
53
25
47
28
31
37
64
17
36
61
81
39
47
80
32
36
12
55
31
86
