31
974
0 35 5 11 30 39 42 20 39 28 43 32 38 42 47 31 17 46 19 18 37 18 13 10 12 14 17 13 36 9 16
35 0 35 27 44 5 17 15 10 42 44 4 33 44 47 28 20 12 31 50 43 36 35 28 34 21 26 26 26 43 25
5 35 0 15 35 39 45 20 40 33 48 32 42 47 52 35 19 46 24 21 42 23 18 14 8 14 21 11 40 12 14
11 27 15 0 24 30 31 12 28 22 34 24 27 33 38 20 7 36 10 23 29 12 8 1 19 9 6 13 25 16 16
30 44 35 24 0 44 36 34 39 2 15 44 19 14 19 19 29 47 15 25 9 12 17 23 42 33 20 37 24 29 40
39 5 39 30 44 0 13 19 6 42 41 9 30 41 44 26 23 7 32 53 41 37 37 31 38 25 27 30 23 46 30
42 17 45 31 36 13 0 25 7 34 30 20 19 30 33 17 26 11 28 51 31 33 35 32 44 31 26 36 12 47 36
20 15 20 12 34 19 25 0 20 32 41 12 31 40 44 24 5 26 19 35 37 24 20 13 19 6 14 11 26 28 11
39 10 40 28 39 6 7 20 0 37 35 13 24 35 38 21 22 8 28 50 36 33 34 29 39 26 24 31 17 44 31
28 42 33 22 2 42 34 32 37 0 15 42 18 14 19 17 27 45 13 25 9 10 15 21 40 31 18 35 23 27 38
43 44 48 34 15 41 30 41 35 15 0 46 11 1 4 17 37 41 24 40 6 25 30 34 53 42 28 47 18 42 49
32 4 32 24 44 9 20 12 13 42 46 0 35 45 49 29 17 16 29 47 44 34 32 25 30 18 24 22 28 40 21
38 33 42 27 19 30 19 31 24 18 11 35 0 11 14 7 28 30 20 41 12 23 27 28 46 33 21 38 7 40 40
42 44 47 33 14 41 30 40 35 14 1 45 11 0 5 16 36 41 23 39 5 24 29 33 52 41 27 46 18 41 48
47 47 52 38 19 44 33 44 38 19 4 49 14 5 0 20 41 44 28 44 10 29 34 38 57 46 32 51 21 46 53
31 28 35 20 19 26 17 24 21 17 17 29 7 16 20 0 21 28 14 36 15 18 21 21 39 26 14 31 6 34 33
17 20 19 7 29 23 26 5 22 27 37 17 28 36 41 21 0 29 14 30 33 19 15 8 18 5 9 10 24 23 12
46 12 46 36 47 7 11 26 8 45 41 16 30 41 44 28 29 0 36 58 42 41 42 37 45 32 32 37 23 52 37
19 31 24 10 15 32 28 19 28 13 24 29 20 23 28 14 14 36 0 23 19 5 7 10 29 19 5 23 20 20 26
18 50 21 23 25 53 51 35 50 25 40 47 41 39 44 36 30 58 23 0 34 18 16 22 29 31 26 31 42 9 34
37 43 42 29 9 41 31 37 36 9 6 44 12 5 10 15 33 42 19 34 0 19 24 29 48 38 24 42 19 36 45
18 36 23 12 12 37 33 24 33 10 25 34 23 24 29 18 19 41 5 18 19 0 5 11 30 21 10 25 24 18 28
13 35 18 8 17 37 35 20 34 15 30 32 27 29 34 21 15 42 7 16 24 5 0 7 25 17 10 21 27 13 24
10 28 14 1 23 31 32 13 29 21 34 25 28 33 38 21 8 37 10 22 29 11 7 0 19 10 7 14 26 15 17
12 34 8 19 42 38 44 19 39 40 53 30 46 52 57 39 18 45 29 29 48 30 25 19 0 13 25 8 42 20 9
14 21 14 9 33 25 31 6 26 31 42 18 33 41 46 26 5 32 19 31 38 21 17 10 13 0 14 5 29 23 7
17 26 21 6 20 27 26 14 24 18 28 24 21 27 32 14 9 32 5 26 24 10 10 7 25 14 0 19 19 22 21
13 26 11 13 37 30 36 11 31 35 47 22 38 46 51 31 10 37 23 31 42 25 21 14 8 5 19 0 34 22 3
36 26 40 25 24 23 12 26 17 23 18 28 7 18 21 6 24 23 20 42 19 24 27 26 42 29 19 34 0 40 36
9 43 12 16 29 46 47 28 44 27 42 40 40 41 46 34 23 52 20 9 36 18 13 15 20 23 22 22 40 0 25
16 25 14 16 40 30 36 11 31 38 49 21 40 48 53 33 12 37 26 34 45 28 24 17 9 7 21 3 36 25 0
0 340
93 263
111 281
4 174
68 238
167 337
148 318
107 277
166 336
162 332
79 249
94 264
108 278
161 331
112 282
150 320
146 316
126 296
34 204
130 300
47 217
32 202
19 189
94 264
3 173
91 261
117 287
87 257
130 300
15 185
56 226
0
28
57
28
45
46
40
78
28
26
26
39
50
59
65
72
39
43
54
85
78
31
65
44
47
52
49
42
66
46
69
