31
973
0 9 29 26 50 44 26 38 23 24 23 9 31 16 17 21 40 18 42 35 16 9 21 22 47 33 37 25 24 44 35
9 0 35 29 53 43 34 37 31 16 17 13 34 24 21 25 43 14 48 36 18 17 21 28 48 37 31 19 27 47 38
29 35 0 17 31 36 9 31 12 42 36 22 18 14 14 10 22 30 13 25 21 32 24 7 31 9 42 37 15 25 22
26 29 17 0 24 21 23 16 23 29 21 17 5 19 13 10 14 17 26 10 11 34 9 15 21 11 25 22 3 18 9
50 53 31 24 0 17 40 19 43 49 41 41 19 41 36 32 10 40 32 17 35 57 32 35 5 22 33 39 26 6 15
44 43 36 21 17 0 44 6 44 35 27 35 18 40 34 31 17 29 43 11 28 52 23 36 12 28 17 25 24 18 15
26 34 9 23 40 44 0 39 3 45 39 22 27 10 15 13 31 33 19 33 24 25 28 8 40 18 47 40 20 34 31
38 37 31 16 19 6 39 0 39 30 22 29 13 35 29 26 15 23 38 6 22 46 17 31 14 23 14 20 19 18 10
23 31 12 23 43 44 3 39 0 42 37 19 27 7 13 13 34 31 22 33 22 22 27 8 43 21 46 38 20 37 32
24 16 42 29 49 35 45 30 42 0 8 23 33 35 30 32 40 12 55 32 21 33 20 37 44 40 20 10 29 44 35
23 17 36 21 41 27 39 22 37 8 0 19 25 30 24 26 32 6 47 24 15 32 12 31 36 32 14 2 21 36 27
9 13 22 17 41 35 22 29 19 23 19 0 22 12 8 12 31 13 35 26 7 17 12 15 38 24 31 21 15 35 26
31 34 18 5 19 18 27 13 27 33 25 22 0 23 17 14 9 21 25 7 16 38 13 19 17 10 25 25 7 13 5
16 24 14 19 41 40 10 35 7 35 30 12 23 0 7 9 31 24 27 29 15 18 20 7 40 20 39 31 16 35 28
17 21 14 13 36 34 15 29 13 30 24 8 17 7 0 4 26 18 27 23 9 22 14 7 34 16 33 25 10 30 22
21 25 10 10 32 31 13 26 13 32 26 12 14 9 4 0 22 20 23 20 11 26 15 5 31 12 34 27 7 26 19
40 43 22 14 10 17 31 15 34 40 32 31 9 31 26 22 0 30 26 9 25 47 22 26 9 13 29 31 16 4 5
18 14 30 17 40 29 33 23 31 12 6 13 21 24 18 20 30 0 43 23 9 27 8 25 35 28 19 8 17 34 25
42 48 13 26 32 43 19 38 22 55 47 35 25 27 27 23 26 43 0 32 34 44 35 20 34 15 50 48 26 27 28
35 36 25 10 17 11 33 6 33 32 24 26 7 29 23 20 9 23 32 0 19 43 15 25 12 17 20 22 13 13 4
16 18 21 11 35 28 24 22 22 21 15 7 16 15 9 11 25 9 34 19 0 24 5 16 31 20 24 16 9 29 20
9 17 32 34 57 52 25 46 22 33 32 17 38 18 22 26 47 27 44 43 24 0 29 25 55 38 46 34 31 51 43
21 21 24 9 32 23 28 17 27 20 12 12 13 20 14 15 22 8 35 15 5 29 0 20 27 20 19 13 9 26 17
22 28 7 15 35 36 8 31 8 37 31 15 19 7 7 5 26 25 20 25 16 25 20 0 35 13 39 32 12 29 24
47 48 31 21 5 12 40 14 43 44 36 38 17 40 34 31 9 35 34 12 31 55 27 35 0 22 28 34 24 7 12
33 37 9 11 22 28 18 23 21 40 32 24 10 20 16 12 13 28 15 17 20 38 20 13 22 0 35 33 11 16 13
37 31 42 25 33 17 47 14 46 20 14 31 25 39 33 34 29 19 50 20 24 46 19 39 28 35 0 12 27 32 24
25 19 37 22 39 25 40 20 38 10 2 21 25 31 25 27 31 8 48 22 16 34 13 32 34 33 12 0 22 35 26
24 27 15 3 26 24 20 19 20 29 21 15 7 16 10 7 16 17 26 13 9 31 9 12 24 11 27 22 0 20 12
44 47 25 18 6 18 34 18 37 44 36 35 13 35 30 26 4 34 27 13 29 51 26 29 7 16 32 35 20 0 9
35 38 22 9 15 15 31 10 32 35 27 26 5 28 22 19 5 25 28 4 20 43 17 24 12 13 24 26 12 9 0
0 362
140 212
242 314
197 269
21 93
265 337
25 97
165 237
123 195
219 291
164 236
178 250
23 95
134 206
172 244
87 159
229 301
34 106
100 172
196 268
241 313
77 149
244 316
45 117
17 89
254 326
106 178
286 358
68 140
142 214
217 289
0
45
45
56
45
48
100
69
53
72
54
42
92
48
33
41
31
36
45
43
56
25
26
85
51
60
34
32
55
42
32
