41
1300
0 13 14 8 6 21 27 29 23 24 9 17 24 19 25 4 30 15 7 10 20 20 30 27 7 7 21 23 25 15 17 20 24 11 17 25 20 4 17 22 16
13 0 16 10 19 11 27 27 17 31 19 20 20 32 30 17 39 25 6 23 32 16 43 26 15 18 34 35 38 8 24 14 32 19 22 21 33 9 15 25 28
14 16 0 19 18 14 13 15 11 15 23 30 35 29 14 13 23 29 15 15 19 31 41 13 7 9 26 22 36 10 8 8 16 6 31 11 32 13 4 9 16
8 10 19 0 13 20 32 33 25 31 10 11 16 26 32 12 38 16 5 18 28 12 34 32 14 15 29 31 29 15 24 22 31 18 12 28 24 6 20 28 24
6 19 18 13 0 27 30 33 28 26 7 18 29 13 27 5 29 12 13 8 19 25 24 31 11 9 17 21 19 21 19 25 25 13 16 29 14 10 21 25 15
21 11 14 20 27 0 19 19 9 29 28 31 30 40 26 23 37 34 15 28 33 26 51 18 18 21 39 36 46 6 22 7 30 20 32 13 41 17 11 20 30
27 27 13 32 30 19 0 3 10 12 36 43 47 40 9 25 21 42 28 26 22 43 52 1 20 21 32 25 47 20 13 13 14 17 44 6 44 26 13 5 22
29 27 15 33 33 19 3 0 10 15 38 44 47 43 12 28 24 44 28 29 25 43 55 2 22 24 35 28 50 20 16 13 17 20 45 6 47 28 13 8 25
23 17 11 25 28 9 10 10 0 21 31 36 37 40 18 23 30 37 20 26 29 33 52 9 17 20 37 32 47 10 18 3 23 17 37 4 42 20 7 12 27
24 31 15 31 26 29 12 15 21 0 32 41 47 31 3 21 9 37 28 18 10 43 43 13 17 17 21 13 38 25 7 22 2 13 41 18 37 25 18 9 12
9 19 23 10 7 28 36 38 31 32 0 11 23 17 33 11 36 6 13 15 26 19 24 36 16 15 24 28 19 22 25 28 32 19 9 34 14 11 26 31 22
17 20 30 11 18 31 43 44 36 41 11 0 13 27 42 21 47 13 16 26 37 10 31 43 24 24 35 39 27 26 34 33 41 28 4 39 22 17 31 39 33
24 20 35 16 29 30 47 47 37 47 23 13 0 40 48 28 54 26 20 34 44 4 44 46 30 31 45 47 40 28 40 34 47 34 17 41 35 22 35 44 40
19 32 29 26 13 40 40 43 40 31 17 27 40 0 34 17 31 15 26 14 21 36 12 41 23 21 12 21 7 34 27 37 29 23 24 40 7 23 33 35 19
25 30 14 32 27 26 9 12 18 3 33 42 48 34 0 22 12 39 29 21 13 44 46 10 18 18 24 16 41 23 8 19 5 14 42 15 40 26 16 6 15
4 17 13 12 5 23 25 28 23 21 11 21 28 17 22 0 26 17 11 6 16 24 29 26 6 4 17 19 24 17 14 20 21 8 20 24 19 8 16 20 12
30 39 23 38 29 37 21 24 30 9 36 47 54 31 12 26 0 40 35 21 10 50 43 22 24 23 19 10 38 33 15 31 7 20 45 27 38 32 27 18 14
15 25 29 16 12 34 42 44 37 37 6 13 26 15 39 17 40 0 19 19 30 22 19 42 22 21 25 31 14 28 31 34 36 25 9 40 9 17 32 37 26
7 6 15 5 13 15 28 28 20 28 13 16 20 26 29 11 35 19 0 17 26 16 37 27 11 12 28 29 32 10 21 17 28 15 17 23 27 3 15 24 22
10 23 15 18 8 28 26 29 26 18 15 26 34 14 21 6 21 19 17 0 11 30 26 27 10 7 11 13 21 22 13 23 17 9 24 26 19 14 19 21 7
20 32 19 28 19 33 22 25 29 10 26 37 44 21 13 16 10 30 26 11 0 40 33 23 17 14 11 3 28 28 11 27 8 13 35 27 28 23 23 18 4
20 16 31 12 25 26 43 43 33 43 19 10 4 36 44 24 50 22 16 30 40 0 41 42 26 27 41 43 36 24 36 30 43 30 14 37 31 18 31 40 36
30 43 41 34 24 51 52 55 52 43 24 31 44 12 46 29 43 19 37 26 33 41 0 53 35 33 24 33 5 45 39 49 41 35 27 52 10 34 45 47 31
27 26 13 32 31 18 1 2 9 13 36 43 46 41 10 26 22 42 27 27 23 42 53 0 20 22 33 26 48 19 14 12 15 18 44 5 45 26 12 6 23
7 15 7 14 11 18 20 22 17 17 16 24 30 23 18 6 24 22 11 10 17 26 35 20 0 3 21 20 30 12 10 14 17 4 24 18 25 8 10 15 13
7 18 9 15 9 21 21 24 20 17 15 24 31 21 18 4 23 21 12 7 14 27 33 22 3 0 18 17 28 15 10 17 17 4 24 20 23 9 13 16 10
21 34 26 29 17 39 32 35 37 21 24 35 45 12 24 17 19 25 28 11 11 41 24 33 21 18 0 9 19 33 19 34 19 20 33 35 19 25 30 27 10
23 35 22 31 21 36 25 28 32 13 28 39 47 21 16 19 10 31 29 13 3 43 33 26 20 17 9 0 28 31 14 30 11 16 37 30 28 26 26 21 7
25 38 36 29 19 46 47 50 47 38 19 27 40 7 41 24 38 14 32 21 28 36 5 48 30 28 19 28 0 40 34 44 36 30 23 47 5 29 40 42 26
15 8 10 15 21 6 20 20 10 25 22 26 28 34 23 17 33 28 10 22 28 24 45 19 12 15 33 31 40 0 18 7 26 15 27 14 35 11 7 17 25
17 24 8 24 19 22 13 16 18 7 25 34 40 27 8 14 15 31 21 13 11 36 39 14 10 10 19 14 34 18 0 16 8 6 34 16 32 18 12 8 9
20 14 8 22 25 7 13 13 3 22 28 33 34 37 19 20 31 34 17 23 27 30 49 12 14 17 34 30 44 7 16 0 24 14 34 7 39 17 4 13 24
24 32 16 31 25 30 14 17 23 2 32 41 47 29 5 21 7 36 28 17 8 43 41 15 17 17 19 11 36 26 8 24 0 13 41 20 35 25 20 11 10
11 19 6 18 13 20 17 20 17 13 19 28 34 23 14 8 20 25 15 9 13 30 35 18 4 4 20 16 30 15 6 14 13 0 28 17 27 12 10 12 10
17 22 31 12 16 32 44 45 37 41 9 4 17 24 42 20 45 9 17 24 35 14 27 44 24 24 33 37 23 27 34 34 41 28 0 40 18 18 32 39 31
25 21 11 28 29 13 6 6 4 18 34 39 41 40 15 24 27 40 23 26 27 37 52 5 18 20 35 30 47 14 16 7 20 17 40 0 43 23 8 10 25
20 33 32 24 14 41 44 47 42 37 14 22 35 7 40 19 38 9 27 19 28 31 10 45 25 23 19 28 5 35 32 39 35 27 18 43 0 24 35 39 25
4 9 13 6 10 17 26 28 20 25 11 17 22 23 26 8 32 17 3 14 23 18 34 26 8 9 25 26 29 11 18 17 25 12 18 23 24 0 15 22 19
17 15 4 20 21 11 13 13 7 18 26 31 35 33 16 16 27 32 15 19 23 31 45 12 10 13 30 26 40 7 12 4 20 10 32 8 35 15 0 10 20
22 25 9 28 25 20 5 8 12 9 31 39 44 35 6 20 18 37 24 21 18 40 47 6 15 16 27 21 42 17 8 13 11 12 39 10 39 22 10 0 17
16 28 16 24 15 30 22 25 27 12 22 33 40 19 15 12 14 26 22 7 4 36 31 23 13 10 10 7 26 25 9 24 10 10 31 25 25 19 20 17 0
0 416
59 183
156 280
160 284
259 383
49 173
257 381
261 385
220 344
279 403
171 295
132 256
190 314
169 293
216 340
170 294
18 142
246 370
22 146
85 209
291 415
218 342
264 388
173 297
45 169
56 180
63 187
235 359
218 342
122 246
149 273
1 125
54 178
233 357
182 306
248 372
240 364
113 237
167 291
167 291
268 392
0
38
35
43
50
59
52
70
64
42
29
60
49
29
81
36
65
45
31
40
47
53
42
63
64
71
73
75
31
54
72
81
17
23
16
71
49
49
20
65
46
