41
1300
0 41 34 27 32 17 17 13 16 26 40 15 18 22 33 20 16 43 21 39 22 11 30 9 41 25 41 19 33 6 15 1 7 25 16 19 36 36 27 13 46
41 0 12 15 21 31 29 29 25 23 33 39 23 25 11 22 25 32 42 28 37 34 39 34 30 38 11 39 23 44 47 40 44 31 46 51 33 38 15 39 10
34 12 0 14 9 19 27 23 18 23 37 35 16 24 15 19 18 37 41 33 25 24 39 28 35 38 7 27 26 38 42 33 38 31 42 47 36 40 13 27 12
27 15 14 0 22 22 14 14 11 9 23 24 11 10 6 7 11 23 27 19 29 23 25 19 21 24 20 30 12 29 32 27 29 17 31 36 22 26 1 28 23
32 21 9 22 0 15 29 25 20 31 45 37 18 30 24 24 20 45 43 41 17 21 45 30 43 42 12 21 34 38 44 31 39 37 44 49 44 48 21 23 17
17 31 19 22 15 0 22 17 13 27 43 28 12 24 27 19 13 44 34 40 7 6 38 19 42 35 25 8 34 23 32 16 24 31 33 36 40 42 21 8 30
17 29 27 14 29 22 0 5 9 9 24 10 11 5 20 8 9 26 14 22 29 18 16 8 24 13 33 28 16 17 18 17 17 9 17 22 20 20 15 23 37
13 29 23 14 25 17 5 0 5 13 28 12 7 9 20 7 5 30 18 26 24 13 21 5 28 18 30 23 20 15 19 13 15 14 19 24 25 25 14 18 35
16 25 18 11 20 13 9 5 0 14 30 17 2 11 17 6 0 31 23 27 20 12 25 10 29 22 25 21 21 20 24 16 20 18 24 29 27 29 11 17 30
26 23 23 9 31 27 9 13 14 0 16 18 15 4 12 8 14 17 20 13 34 26 16 17 15 15 29 35 7 26 26 26 26 8 25 30 14 17 10 31 32
40 33 37 23 45 43 24 28 30 16 0 27 31 19 23 24 30 5 24 5 50 41 13 31 4 18 42 51 11 38 32 40 37 15 31 35 4 8 24 46 43
15 39 35 24 37 28 10 12 17 18 27 0 19 14 29 18 17 31 6 27 34 23 15 9 29 10 42 33 24 11 8 16 10 12 7 12 23 21 25 27 47
18 23 16 11 18 12 11 7 2 15 31 19 0 13 16 7 2 32 25 28 19 12 27 12 30 24 23 20 22 22 26 17 22 20 26 31 29 31 10 17 28
22 25 24 10 30 24 5 9 11 4 19 14 13 0 15 6 11 21 17 17 31 22 15 13 19 14 30 32 11 22 22 22 22 7 21 26 16 18 11 27 33
33 11 15 6 24 27 20 20 17 12 23 29 16 15 0 13 17 23 32 19 34 28 28 25 21 27 19 35 12 35 37 33 35 20 36 41 22 27 6 33 20
20 22 19 7 24 19 8 7 6 8 24 18 7 6 13 0 6 25 22 21 26 18 21 12 23 20 25 27 15 22 26 20 22 13 25 30 22 24 7 23 29
16 25 18 11 20 13 9 5 0 14 30 17 2 11 17 6 0 31 23 27 20 12 25 10 29 22 25 21 21 20 24 16 20 18 24 29 27 29 11 17 30
43 32 37 23 45 44 26 30 31 17 5 31 32 21 23 25 31 0 29 4 51 43 18 34 2 23 42 52 11 42 37 43 41 19 36 40 9 13 24 48 42
21 42 41 27 43 34 14 18 23 20 24 6 25 17 32 22 23 29 0 26 40 29 11 15 27 6 47 39 24 16 8 22 15 12 7 11 20 17 28 33 50
39 28 33 19 41 40 22 26 27 13 5 27 28 17 19 21 27 4 26 0 47 39 15 30 2 20 38 48 7 38 34 39 37 15 33 37 6 11 20 44 38
22 37 25 29 17 7 29 24 20 34 50 34 19 31 34 26 20 51 40 47 0 11 45 25 49 42 29 4 41 28 37 21 29 38 38 41 47 49 28 9 34
11 34 24 23 21 6 18 13 12 26 41 23 12 22 28 18 12 43 29 39 11 0 34 14 41 31 31 10 33 17 26 10 18 27 27 30 38 38 22 5 36
30 39 39 25 45 38 16 21 25 16 13 15 27 15 28 21 25 18 11 15 45 34 0 22 16 5 45 44 17 26 19 31 25 8 18 22 9 6 26 39 48
9 34 28 19 30 19 8 5 10 17 31 9 12 13 25 12 10 34 15 30 25 14 22 0 32 18 35 24 24 10 14 9 10 16 14 19 27 27 19 18 40
41 30 35 21 43 42 24 28 29 15 4 29 30 19 21 23 29 2 27 2 49 41 16 32 0 21 40 50 9 40 35 41 39 17 34 38 7 12 22 46 40
25 38 38 24 42 35 13 18 22 15 18 10 24 14 27 20 22 23 6 20 42 31 5 18 21 0 44 41 19 21 14 26 20 7 13 17 14 11 25 36 47
41 11 7 20 12 25 33 30 25 29 42 42 23 30 19 25 25 42 47 38 29 31 45 35 40 44 0 33 31 45 49 40 45 37 49 54 41 46 19 33 5
19 39 27 30 21 8 28 23 21 35 51 33 20 32 35 27 21 52 39 48 4 10 44 24 50 41 33 0 42 25 34 18 26 37 35 38 48 48 29 6 38
33 23 26 12 34 34 16 20 21 7 11 24 22 11 12 15 21 11 24 7 41 33 17 24 9 19 31 42 0 33 31 33 33 12 30 35 10 15 13 38 32
6 44 38 29 38 23 17 15 20 26 38 11 22 22 35 22 20 42 16 38 28 17 26 10 40 21 45 25 33 0 9 7 1 23 10 13 34 32 29 19 50
15 47 42 32 44 32 18 19 24 26 32 8 26 22 37 26 24 37 8 34 37 26 19 14 35 14 49 34 31 9 0 16 8 19 1 5 28 25 33 28 54
1 40 33 27 31 16 17 13 16 26 40 16 17 22 33 20 16 43 22 39 21 10 31 9 41 26 40 18 33 7 16 0 8 25 17 20 36 36 27 12 45
7 44 38 29 39 24 17 15 20 26 37 10 22 22 35 22 20 41 15 37 29 18 25 10 39 20 45 26 33 1 8 8 0 22 9 12 33 31 29 20 50
25 31 31 17 37 31 9 14 18 8 15 12 20 7 20 13 18 19 12 15 38 27 8 16 17 7 37 37 12 23 19 25 22 0 18 23 11 11 18 32 40
16 46 42 31 44 33 17 19 24 25 31 7 26 21 36 25 24 36 7 33 38 27 18 14 34 13 49 35 30 10 1 17 9 18 0 5 27 24 32 29 54
19 51 47 36 49 36 22 24 29 30 35 12 31 26 41 30 29 40 11 37 41 30 22 19 38 17 54 38 35 13 5 20 12 23 5 0 31 28 37 32 59
36 33 36 22 44 40 20 25 27 14 4 23 29 16 22 22 27 9 20 6 47 38 9 27 7 14 41 48 10 34 28 36 33 11 27 31 0 5 23 43 42
36 38 40 26 48 42 20 25 29 17 8 21 31 18 27 24 29 13 17 11 49 38 6 27 12 11 46 48 15 32 25 36 31 11 24 28 5 0 27 43 47
27 15 13 1 21 21 15 14 11 10 24 25 10 11 6 7 11 24 28 20 28 22 26 19 22 25 19 29 13 29 33 27 29 18 32 37 23 27 0 27 22
13 39 27 28 23 8 23 18 17 31 46 27 17 27 33 23 17 48 33 44 9 5 39 18 46 36 33 6 38 19 28 12 20 32 29 32 43 43 27 0 38
46 10 12 23 17 30 37 35 30 32 43 47 28 33 20 29 30 42 50 38 34 36 48 40 40 47 5 38 32 50 54 45 50 40 54 59 42 47 22 38 0
0 342
131 199
168 236
12 80
46 114
174 242
226 294
213 281
118 186
241 309
90 158
86 154
196 264
19 87
0 68
74 142
198 266
212 280
208 276
167 235
133 201
17 85
72 140
169 237
233 301
151 219
217 285
93 161
43 111
145 213
97 165
7 75
115 183
193 261
211 279
129 197
257 325
176 244
121 189
87 155
178 246
0
50
68
53
17
24
75
38
81
53
63
74
77
61
60
67
25
65
41
39
32
46
44
62
56
36
67
26
41
47
19
83
17
21
35
31
79
54
24
71
77
