41
1301
0 27 20 34 7 38 20 29 36 9 24 39 17 20 12 34 21 34 21 26 32 5 15 14 29 27 35 39 20 22 37 34 34 29 7 23 10 31 21 21 14
27 0 34 30 34 36 28 25 10 36 29 13 22 32 16 28 25 27 6 25 10 26 39 41 17 13 14 13 47 29 20 7 12 19 28 11 17 33 7 27 23
20 34 0 20 24 20 6 17 44 26 43 38 12 40 20 22 40 22 29 13 31 25 13 20 43 39 29 38 24 42 28 41 30 45 13 35 23 13 31 7 33
34 30 20 0 40 7 15 5 36 42 50 26 17 50 26 2 47 3 28 8 20 37 33 39 45 41 16 26 44 49 11 32 18 47 28 37 29 8 31 14 40
7 34 24 40 0 43 25 36 43 2 25 46 24 20 19 41 24 41 28 32 39 8 15 11 32 32 42 46 16 23 44 41 41 32 12 28 17 36 28 26 17
38 36 20 7 43 0 18 11 42 45 56 32 22 56 32 8 53 9 34 13 26 42 33 40 51 47 22 32 44 55 17 38 24 53 31 43 35 7 37 17 46
20 28 6 15 25 18 0 11 38 27 40 32 6 39 16 16 37 16 23 7 25 24 18 24 39 35 23 32 29 39 22 35 24 41 13 31 19 11 25 1 30
29 25 17 5 36 11 11 0 34 38 45 25 12 45 21 5 42 5 23 4 18 32 29 35 40 36 15 25 40 44 11 30 16 42 24 32 24 9 26 10 35
36 10 44 36 43 42 38 34 0 45 32 13 32 35 26 34 28 33 16 35 16 35 49 50 18 14 20 13 56 32 26 4 18 20 38 15 26 43 15 37 28
9 36 26 42 2 45 27 38 45 0 25 48 26 20 21 43 25 43 30 34 41 10 16 11 34 34 44 48 15 23 46 43 43 34 14 30 19 38 30 28 19
24 29 43 50 25 56 40 45 32 25 0 42 34 5 24 50 4 50 26 43 39 19 39 36 15 18 43 42 40 2 48 34 41 13 30 18 21 49 24 39 10
39 13 38 26 46 32 32 25 13 48 42 0 28 45 27 24 38 23 18 27 7 38 48 52 29 25 10 0 58 42 16 9 9 31 38 24 29 34 20 31 36
17 22 12 17 24 22 6 12 32 26 34 28 0 34 10 17 31 17 17 9 21 20 20 25 33 29 21 28 30 33 21 29 20 35 12 25 13 15 19 5 24
20 32 40 50 20 56 39 45 35 20 5 45 34 0 24 50 7 50 28 43 41 15 35 31 19 21 45 45 35 3 50 37 43 17 27 21 21 49 26 39 10
12 16 20 26 19 32 16 21 26 21 24 27 10 24 0 26 21 26 10 19 20 12 23 25 23 19 23 27 31 23 26 23 22 25 12 15 3 25 11 15 14
34 28 22 2 41 8 16 5 34 43 50 24 17 50 26 0 47 1 27 9 18 37 34 40 44 40 14 24 45 49 9 30 16 46 29 36 29 10 30 15 40
21 25 40 47 24 53 37 42 28 25 4 38 31 7 21 47 0 47 22 40 35 16 36 35 12 14 39 38 40 4 44 30 37 10 27 14 18 46 20 36 7
34 27 22 3 41 9 16 5 33 43 50 23 17 50 26 1 47 0 26 9 17 37 34 40 43 39 13 23 45 49 8 29 15 45 29 35 29 11 29 15 40
21 6 29 28 28 34 23 23 16 30 26 18 17 28 10 27 22 26 0 22 13 20 33 35 17 13 17 18 41 26 22 13 15 19 22 9 11 30 3 22 18
26 25 13 8 32 13 7 4 35 34 43 27 9 43 19 9 40 9 22 0 20 29 25 31 39 35 17 27 36 42 15 31 18 41 20 31 22 8 25 6 33
32 10 31 20 39 26 25 18 16 41 39 7 21 41 20 18 35 17 13 20 0 32 41 45 27 23 4 7 51 39 10 12 2 29 31 21 23 27 16 24 31
5 26 25 37 8 42 24 32 35 10 19 38 20 15 12 37 16 37 20 29 32 0 20 19 24 24 35 38 24 17 38 33 34 24 12 20 9 35 20 25 9
15 39 13 33 15 33 18 29 49 16 39 48 20 35 23 34 36 34 33 25 41 20 0 7 44 41 41 48 11 37 40 46 40 44 11 37 23 26 34 19 29
14 41 20 39 11 40 24 35 50 11 36 52 25 31 25 40 35 40 35 31 45 19 7 0 43 41 46 52 6 34 46 48 45 43 14 37 24 33 35 25 28
29 17 43 45 32 51 39 40 18 34 15 29 33 19 23 44 12 43 17 39 27 24 44 43 0 4 31 29 48 16 37 20 29 2 33 8 21 47 14 38 15
27 13 39 41 32 47 35 36 14 34 18 25 29 21 19 40 14 39 13 35 23 24 41 41 4 0 27 25 47 18 33 16 25 6 30 4 18 43 10 34 16
35 14 29 16 42 22 23 15 20 44 43 10 21 45 23 14 39 13 17 17 4 35 41 46 31 27 0 10 51 43 6 16 2 33 32 25 26 24 20 22 35
39 13 38 26 46 32 32 25 13 48 42 0 28 45 27 24 38 23 18 27 7 38 48 52 29 25 10 0 58 42 16 9 9 31 38 24 29 34 20 31 36
20 47 24 44 16 44 29 40 56 15 40 58 30 35 31 45 40 45 41 36 51 24 11 6 48 47 51 58 0 38 51 54 50 48 20 43 30 37 41 30 33
22 29 42 49 23 55 39 44 32 23 2 42 33 3 23 49 4 49 26 42 39 17 37 34 16 18 43 42 38 0 48 34 41 14 29 18 20 48 24 38 9
37 20 28 11 44 17 22 11 26 46 48 16 21 50 26 9 44 8 22 15 10 38 40 46 37 33 6 16 51 48 0 22 8 39 33 31 29 19 25 21 40
34 7 41 32 41 38 35 30 4 43 34 9 29 37 23 30 30 29 13 31 12 33 46 48 20 16 16 9 54 34 22 0 14 22 35 16 24 39 14 34 29
34 12 30 18 41 24 24 16 18 43 41 9 20 43 22 16 37 15 15 18 2 34 40 45 29 25 2 9 50 41 8 14 0 31 31 23 25 25 18 23 33
29 19 45 47 32 53 41 42 20 34 13 31 35 17 25 46 10 45 19 41 29 24 44 43 2 6 33 31 48 14 39 22 31 0 34 10 22 49 16 40 15
7 28 13 28 12 31 13 24 38 14 30 38 12 27 12 29 27 29 22 20 31 12 11 14 33 30 32 38 20 29 33 35 31 34 0 26 12 24 23 14 20
23 11 35 37 28 43 31 32 15 30 18 24 25 21 15 36 14 35 9 31 21 20 37 37 8 4 25 24 43 18 31 16 23 10 26 0 14 39 6 30 13
10 17 23 29 17 35 19 24 26 19 21 29 13 21 3 29 18 29 11 22 23 9 23 24 21 18 26 29 30 20 29 24 25 22 12 14 0 28 11 18 11
31 33 13 8 36 7 11 9 43 38 49 34 15 49 25 10 46 11 30 8 27 35 26 33 47 43 24 34 37 48 19 39 25 49 24 39 28 0 33 10 39
21 7 31 31 28 37 25 26 15 30 24 20 19 26 11 30 20 29 3 25 16 20 34 35 14 10 20 20 41 24 25 14 18 16 23 6 11 33 0 24 16
21 27 7 14 26 17 1 10 37 28 39 31 5 39 15 15 36 15 22 6 24 25 19 25 38 34 22 31 30 38 21 34 23 40 14 30 18 10 24 0 29
14 23 33 40 17 46 30 35 28 19 10 36 24 10 14 40 7 40 18 33 31 9 29 28 15 16 35 36 33 9 40 29 33 15 20 13 11 39 16 29 0
0 514
192 192
429 429
11 11
16 16
144 144
152 152
197 197
398 398
282 282
503 503
299 299
329 329
277 277
229 229
19 19
351 351
157 157
178 178
301 301
330 330
442 442
134 134
397 397
169 169
251 251
257 257
73 73
261 261
74 74
433 433
105 105
17 17
196 196
201 201
165 165
326 326
237 237
178 178
329 329
180 180
0
41
39
40
26
80
70
76
51
24
35
36
39
77
55
63
52
77
53
48
54
53
23
42
51
82
61
13
45
64
20
32
68
46
69
74
22
28
63
80
29
