41
1300
0 9 24 22 21 16 27 15 26 23 9 24 33 32 33 31 31 21 27 23 23 31 23 10 14 25 27 23 37 32 19 9 24 25 17 23 30 25 31 12 32
9 0 18 30 14 25 33 24 29 23 14 22 40 41 31 31 37 30 23 22 21 31 16 8 20 34 29 19 44 34 12 18 33 32 26 32 24 34 28 18 38
24 18 0 37 4 37 33 38 25 14 21 9 40 50 17 19 37 41 9 12 11 19 2 14 38 45 20 5 45 26 6 31 44 36 38 39 6 45 13 36 37
22 30 37 0 35 11 10 17 17 25 17 29 13 13 33 29 12 8 32 27 27 29 37 24 27 10 23 32 16 24 34 16 10 5 11 2 38 10 35 26 13
21 14 4 35 0 34 33 35 26 15 18 11 40 48 20 21 37 38 11 13 12 21 2 11 34 42 21 7 45 27 2 28 41 35 35 37 10 42 16 32 38
16 25 37 11 34 0 21 6 26 30 16 33 24 16 40 37 23 5 36 31 31 37 36 23 16 9 31 33 26 33 33 7 8 16 1 11 40 9 40 16 24
27 33 33 10 33 21 0 27 9 19 19 24 7 21 25 21 4 18 27 21 22 21 35 26 36 19 15 28 12 14 33 24 19 5 21 11 33 19 27 34 5
15 24 38 17 35 6 27 0 32 34 19 36 30 21 44 42 29 11 39 34 34 42 37 24 11 14 36 36 32 39 34 7 13 22 7 17 43 14 43 11 30
26 29 25 17 26 26 9 32 0 11 17 16 15 29 16 12 12 25 19 13 14 12 27 21 38 27 6 20 20 7 27 26 27 13 26 19 25 27 18 36 12
23 23 14 25 15 30 19 34 11 0 15 5 26 38 10 8 23 32 8 2 3 8 16 15 37 35 6 9 31 12 17 27 34 23 31 27 14 35 10 35 23
9 14 21 17 18 16 19 19 17 15 0 17 26 30 25 23 23 20 20 15 15 23 20 7 22 24 18 17 30 23 17 12 23 18 17 19 24 24 24 20 24
24 22 9 29 11 33 24 36 16 5 17 0 31 42 9 10 28 36 3 3 2 10 11 15 38 39 11 4 36 17 12 29 39 27 34 31 9 39 7 36 28
33 40 40 13 40 24 7 30 15 26 26 31 0 18 31 27 3 20 34 28 29 27 42 33 40 20 21 35 5 18 40 28 21 8 23 13 40 20 33 38 3
32 41 50 13 48 16 21 21 29 38 30 42 18 0 45 41 20 11 45 40 40 41 50 37 32 7 35 45 17 35 47 23 8 16 15 11 51 7 47 32 21
33 31 17 33 20 40 25 44 16 10 25 9 31 45 0 4 28 41 9 10 10 4 19 24 47 43 10 13 36 13 21 37 43 29 41 35 13 43 4 45 28
31 31 19 29 21 37 21 42 12 8 23 10 27 41 4 0 24 37 11 9 10 0 21 23 45 39 6 14 32 9 22 35 39 25 38 31 17 39 8 43 24
31 37 37 12 37 23 4 29 12 23 23 28 3 20 28 24 0 20 31 25 26 24 39 30 39 21 18 32 8 15 37 27 21 7 23 13 37 21 30 37 1
21 30 41 8 38 5 18 11 25 32 20 36 20 11 41 37 20 0 39 33 34 37 40 27 21 4 31 37 22 32 37 12 3 13 4 7 44 4 42 21 21
27 23 9 32 11 36 27 39 19 8 20 3 34 45 9 11 31 39 0 6 5 11 11 17 41 42 13 4 39 19 12 32 42 30 37 34 7 42 5 39 31
23 22 12 27 13 31 21 34 13 2 15 3 28 40 10 9 25 33 6 0 1 9 14 14 37 37 8 7 33 14 15 27 36 25 32 29 12 37 9 35 25
23 21 11 27 12 31 22 34 14 3 15 2 29 40 10 10 26 34 5 1 0 10 13 14 37 37 9 6 34 15 14 27 37 25 32 29 11 37 9 35 26
31 31 19 29 21 37 21 42 12 8 23 10 27 41 4 0 24 37 11 9 10 0 21 23 45 39 6 14 32 9 22 35 39 25 38 31 17 39 8 43 24
23 16 2 37 2 36 35 37 27 16 20 11 42 50 19 21 39 40 11 14 13 21 0 13 36 44 22 7 47 28 4 30 43 37 37 39 8 44 15 34 39
10 8 14 24 11 23 26 24 21 15 7 15 33 37 24 23 30 27 17 14 14 23 13 0 24 31 21 13 37 26 10 17 30 25 24 26 20 31 22 22 31
14 20 38 27 34 16 36 11 38 37 22 38 40 32 47 45 39 21 41 37 37 45 36 24 0 25 40 37 42 45 32 12 24 32 17 27 44 25 45 2 40
25 34 45 10 42 9 19 14 27 35 24 39 20 7 43 39 21 4 42 37 37 39 44 31 25 0 33 41 20 33 41 16 1 14 8 8 48 0 45 25 22
27 29 20 23 21 31 15 36 6 6 18 11 21 35 10 6 18 31 13 8 9 6 22 21 40 33 0 15 26 6 23 30 33 19 32 25 20 33 12 38 18
23 19 5 32 7 33 28 36 20 9 17 4 35 45 13 14 32 37 4 7 6 14 7 13 37 41 15 0 40 21 8 29 40 31 34 34 7 41 9 35 32
37 44 45 16 45 26 12 32 20 31 30 36 5 17 36 32 8 22 39 33 34 32 47 37 42 20 26 40 0 23 45 32 21 12 25 15 45 20 38 42 8
32 34 26 24 27 33 14 39 7 12 23 17 18 35 13 9 15 32 19 14 15 9 28 26 45 33 6 21 23 0 29 33 33 19 33 25 25 33 17 43 15
19 12 6 34 2 33 33 34 27 17 17 12 40 47 21 22 37 37 12 15 14 22 4 10 32 41 23 8 45 29 0 27 40 34 34 36 12 41 17 30 38
9 18 31 16 28 7 24 7 26 27 12 29 28 23 37 35 27 12 32 27 27 35 30 17 12 16 30 29 32 33 27 0 15 20 8 17 36 16 36 10 28
24 33 44 10 41 8 19 13 27 34 23 39 21 8 43 39 21 3 42 36 37 39 43 30 24 1 33 40 21 33 40 15 0 14 7 8 47 1 44 24 22
25 32 36 5 35 16 5 22 13 23 18 27 8 16 29 25 7 13 30 25 25 25 37 25 32 14 19 31 12 19 34 20 14 0 16 6 36 14 31 30 8
17 26 38 11 35 1 21 7 26 31 17 34 23 15 41 38 23 4 37 32 32 38 37 24 17 8 32 34 25 33 34 8 7 16 0 10 41 8 41 17 24
23 32 39 2 37 11 11 17 19 27 19 31 13 11 35 31 13 7 34 29 29 31 39 26 27 8 25 34 15 25 36 17 8 6 10 0 40 8 37 27 14
30 24 6 38 10 40 33 43 25 14 24 9 40 51 13 17 37 44 7 12 11 17 8 20 44 48 20 7 45 25 12 36 47 36 41 40 0 48 9 42 37
25 34 45 10 42 9 19 14 27 35 24 39 20 7 43 39 21 4 42 37 37 39 44 31 25 0 33 41 20 33 41 16 1 14 8 8 48 0 45 25 22
31 28 13 35 16 40 27 43 18 10 24 7 33 47 4 8 30 42 5 9 9 8 15 22 45 45 12 9 38 17 17 36 44 31 41 37 9 45 0 43 30
12 18 36 26 32 16 34 11 36 35 20 36 38 32 45 43 37 21 39 35 35 43 34 22 2 25 38 35 42 43 30 10 24 30 17 27 42 25 43 0 38
32 38 37 13 38 24 5 30 12 23 24 28 3 21 28 24 1 21 31 25 26 24 39 31 40 22 18 32 8 15 38 28 22 8 24 14 37 22 30 38 0
0 440
69 289
159 379
79 299
16 236
42 262
170 390
14 234
63 283
13 233
50 270
118 338
86 306
153 373
213 433
149 369
152 372
77 297
209 429
37 257
194 414
147 367
147 367
104 324
136 356
57 277
23 243
219 439
85 305
141 361
191 411
190 410
80 300
215 435
83 303
134 354
54 274
179 399
83 303
61 281
124 344
0
30
71
57
40
22
46
72
44
59
85
48
70
50
70
53
48
81
42
40
27
37
46
72
35
27
28
40
15
62
58
69
41
77
27
37
40
39
43
84
67
