41
1303
0 43 45 1 22 17 26 10 51 32 29 30 42 41 37 13 42 8 32 18 3 20 42 29 10 40 51 29 17 37 30 22 28 19 14 20 16 34 36 5 39
43 0 4 42 22 30 34 34 8 16 15 21 24 12 12 33 28 35 12 26 46 29 25 35 40 14 8 20 29 26 22 29 16 24 35 24 28 43 39 44 22
45 4 0 44 23 31 34 35 7 20 16 25 28 16 10 34 25 37 13 27 48 30 22 34 41 11 7 24 32 23 26 30 19 27 38 27 29 41 36 46 26
1 42 44 0 21 16 25 9 50 31 28 29 41 40 36 12 41 7 31 17 4 19 41 28 10 39 50 28 16 36 29 21 27 18 13 19 15 34 35 5 38
22 22 23 21 0 8 14 12 30 19 7 22 32 26 15 11 23 16 10 4 25 7 21 16 18 18 30 21 17 18 23 8 13 9 23 14 9 24 23 25 29
17 30 31 16 8 0 9 8 38 26 15 27 39 34 23 4 25 12 18 4 19 3 25 12 11 25 38 26 18 20 27 5 20 13 21 17 9 19 19 21 36
26 34 34 25 14 9 0 17 41 33 21 35 46 40 24 13 20 21 22 12 27 8 21 3 16 25 41 34 27 16 36 6 27 21 30 26 18 10 10 30 43
10 34 35 9 12 8 17 0 42 25 19 24 36 34 27 4 33 4 22 8 13 11 33 20 9 30 42 23 13 28 24 13 20 11 13 14 7 27 27 13 33
51 8 7 50 30 38 41 42 0 24 23 29 29 17 17 41 30 43 20 34 54 37 27 41 48 17 0 28 37 29 30 37 24 32 43 32 36 47 42 52 27
32 16 20 31 19 26 33 25 24 0 15 5 13 9 21 27 37 24 16 22 35 26 34 35 34 25 24 4 17 33 6 27 6 14 23 12 18 43 42 32 10
29 15 16 28 7 15 21 19 23 15 0 18 28 20 9 18 23 21 3 11 32 14 20 22 25 13 23 17 19 18 19 15 9 11 25 15 13 30 27 30 25
30 21 25 29 22 27 35 24 29 5 18 0 12 13 26 27 41 22 20 23 33 27 38 37 33 30 29 1 14 36 1 29 9 14 19 10 18 45 44 29 9
42 24 28 41 32 39 46 36 29 13 28 12 0 12 33 39 50 34 29 35 45 39 47 48 45 37 29 13 25 46 12 40 19 26 30 22 30 56 55 40 3
41 12 16 40 26 34 40 34 17 9 20 13 12 0 21 36 38 33 19 30 44 33 35 42 43 25 17 13 26 35 14 34 14 23 32 21 27 50 46 41 10
37 12 10 36 15 23 24 27 17 21 9 26 33 21 0 26 17 30 6 19 40 20 14 24 33 4 17 25 28 14 27 20 17 20 34 24 22 31 27 39 30
13 33 34 12 11 4 13 4 41 27 18 27 39 36 26 0 29 8 21 7 15 7 29 16 7 29 41 26 17 24 27 9 22 13 17 17 9 23 23 17 36
42 28 25 41 23 25 20 33 30 37 23 41 50 38 17 29 0 37 21 25 44 22 3 18 36 14 30 40 40 5 42 21 32 32 45 37 31 20 15 46 47
8 35 37 7 16 12 21 4 43 24 21 22 34 33 30 8 37 0 24 12 11 15 37 24 12 34 43 21 9 32 22 17 20 11 9 12 8 31 31 9 31
32 12 13 31 10 18 22 22 20 16 3 20 29 19 6 21 21 24 0 14 35 17 18 23 28 10 20 19 22 17 21 17 11 14 28 18 16 31 27 33 26
18 26 27 17 4 4 12 8 34 22 11 23 35 30 19 7 25 12 14 0 21 4 25 14 14 22 34 22 15 20 24 6 16 9 20 14 6 22 21 21 32
3 46 48 4 25 19 27 13 54 35 32 33 45 44 40 15 44 11 35 21 0 22 44 30 11 43 54 32 20 39 33 24 31 22 17 23 19 34 37 8 42
20 29 30 19 7 3 8 11 37 26 14 27 39 33 20 7 22 15 17 4 22 0 22 10 14 22 37 26 19 17 28 2 20 13 24 18 10 18 17 24 36
42 25 22 41 21 25 21 33 27 34 20 38 47 35 14 29 3 37 18 25 44 22 0 19 36 11 27 37 38 5 39 21 29 30 44 35 30 22 17 46 44
29 35 34 28 16 12 3 20 41 35 22 37 48 42 24 16 18 24 23 14 30 10 19 0 19 24 41 36 29 14 38 8 29 23 33 28 20 8 7 33 45
10 40 41 10 18 11 16 9 48 34 25 33 45 43 33 7 36 12 28 14 11 14 36 19 0 36 48 32 21 31 33 15 29 20 21 23 16 24 26 15 42
40 14 11 39 18 25 25 30 17 25 13 30 37 25 4 29 14 34 10 22 43 22 11 24 36 0 17 29 32 12 31 22 21 24 38 28 26 30 25 43 34
51 8 7 50 30 38 41 42 0 24 23 29 29 17 17 41 30 43 20 34 54 37 27 41 48 17 0 28 37 29 30 37 24 32 43 32 36 47 42 52 27
29 20 24 28 21 26 34 23 28 4 17 1 13 13 25 26 40 21 19 22 32 26 37 36 32 29 28 0 13 35 2 28 8 13 19 9 17 44 43 28 10
17 29 32 16 17 18 27 13 37 17 19 14 25 26 28 17 40 9 22 15 20 19 38 29 21 32 37 13 0 35 13 21 13 8 6 5 9 37 36 15 23
37 26 23 36 18 20 16 28 29 33 18 36 46 35 14 24 5 32 17 20 39 17 5 14 31 12 29 35 35 0 37 16 27 27 40 32 26 18 13 41 43
30 22 26 29 23 27 36 24 30 6 19 1 12 14 27 27 42 22 21 24 33 28 39 38 33 31 30 2 13 37 0 30 10 15 18 10 18 46 45 28 10
22 29 30 21 8 5 6 13 37 27 15 29 40 34 20 9 21 17 17 6 24 2 21 8 15 22 37 28 21 16 30 0 21 15 26 20 12 16 15 26 37
28 16 19 27 13 20 27 20 24 6 9 9 19 14 17 22 32 20 11 16 31 20 29 29 29 21 24 8 13 27 10 21 0 9 19 8 13 37 36 28 16
19 24 27 18 9 13 21 11 32 14 11 14 26 23 20 13 32 11 14 9 22 13 30 23 20 24 32 13 8 27 15 15 9 0 14 5 4 31 30 20 23
14 35 38 13 23 21 30 13 43 23 25 19 30 32 34 17 45 9 28 20 17 24 44 33 21 38 43 19 6 40 18 26 19 14 0 11 14 40 40 10 28
20 24 27 19 14 17 26 14 32 12 15 10 22 21 24 17 37 12 18 14 23 18 35 28 23 28 32 9 5 32 10 20 8 5 11 0 8 36 35 20 19
16 28 29 15 9 9 18 7 36 18 13 18 30 27 22 9 31 8 16 6 19 10 30 20 16 26 36 17 9 26 18 12 13 4 14 8 0 28 27 17 27
34 43 41 34 24 19 10 27 47 43 30 45 56 50 31 23 20 31 31 22 34 18 22 8 24 30 47 44 37 18 46 16 37 31 40 36 28 0 5 39 53
36 39 36 35 23 19 10 27 42 42 27 44 55 46 27 23 15 31 27 21 37 17 17 7 26 25 42 43 36 13 45 15 36 30 40 35 27 5 0 40 52
5 44 46 5 25 21 30 13 52 32 30 29 40 41 39 17 46 9 33 21 8 24 46 33 15 43 52 28 15 41 28 26 28 20 10 20 17 39 40 0 38
39 22 26 38 29 36 43 33 27 10 25 9 3 10 30 36 47 31 26 32 42 36 44 45 42 34 27 10 23 43 10 37 16 23 28 19 27 53 52 38 0
0 367
185 258
171 244
286 359
187 260
112 185
53 126
114 187
7 80
244 317
27 100
231 304
191 264
199 272
107 180
113 186
265 338
78 151
238 311
9 82
143 216
96 169
169 242
221 294
27 100
53 126
282 355
145 218
190 263
94 167
200 273
14 87
247 320
270 343
34 107
57 130
116 189
122 195
65 138
205 278
158 231
0
48
40
47
56
43
70
47
76
51
59
31
32
49
58
82
85
62
57
57
35
70
27
62
66
36
42
72
27
36
71
73
29
34
26
53
31
31
28
23
82
