41
1302
0 8 13 37 36 43 21 31 41 26 14 33 28 6 43 34 9 20 31 46 33 14 27 21 43 44 18 23 47 26 11 10 18 25 40 23 36 14 38 14 19
8 0 17 29 31 39 14 25 36 26 7 27 23 4 38 26 15 14 23 45 27 8 20 25 39 40 11 16 42 19 12 4 14 19 39 17 31 20 33 21 14
13 17 0 40 34 35 25 31 39 17 24 33 24 13 36 38 4 31 38 36 32 25 37 8 35 36 28 33 43 36 7 21 15 25 30 34 34 5 36 10 19
37 29 40 0 19 32 16 10 22 34 25 12 23 31 30 3 40 26 8 45 14 28 17 47 32 33 22 18 28 15 33 29 26 15 41 25 18 45 20 48 21
36 31 34 19 0 13 19 9 5 19 32 7 10 30 11 19 35 36 23 26 5 35 31 37 13 14 31 30 11 29 28 34 19 13 23 37 1 39 2 43 17
43 39 35 32 13 0 30 22 11 18 42 20 16 37 2 32 39 47 36 13 18 45 44 36 0 1 42 43 9 42 32 43 25 24 12 49 14 40 12 45 26
21 14 25 16 19 30 0 11 23 23 13 13 14 15 28 13 25 17 13 39 14 16 15 32 30 31 12 13 29 13 18 16 11 6 33 19 18 30 20 33 7
31 25 31 10 9 22 11 0 13 24 24 2 13 25 20 10 31 28 14 35 4 27 22 38 22 23 23 21 19 20 24 27 17 6 31 28 8 36 10 39 12
41 36 39 22 5 11 23 13 0 24 36 11 15 35 9 23 40 40 27 24 9 39 35 42 11 12 35 34 6 33 33 39 24 17 23 41 5 44 3 48 22
26 26 17 34 19 18 23 24 24 0 30 22 11 23 19 32 21 37 34 20 20 33 38 18 18 19 33 35 26 36 15 30 12 19 14 40 20 22 21 27 16
14 7 24 25 32 42 13 24 36 30 0 26 26 11 41 22 22 7 18 49 27 3 13 32 42 43 4 9 42 12 19 4 18 19 43 10 31 27 33 28 16
33 27 33 12 7 20 13 2 11 22 26 0 11 27 18 12 33 30 16 33 2 29 24 38 20 21 25 23 17 22 26 29 18 8 29 30 6 38 8 41 14
28 23 24 23 10 16 14 13 15 11 26 11 0 22 15 22 25 31 24 25 9 29 29 27 16 17 26 27 20 27 18 27 10 9 19 33 10 29 12 33 10
6 4 13 31 30 37 15 25 35 23 11 27 22 0 37 28 11 18 26 43 27 12 24 21 37 38 15 20 41 23 8 8 12 19 37 21 30 16 32 18 13
43 38 36 30 11 2 28 20 9 19 41 18 15 37 0 30 39 45 34 15 16 44 42 37 2 3 40 41 7 40 32 42 25 22 14 47 12 41 10 46 25
34 26 38 3 19 32 13 10 23 32 22 12 22 28 30 0 38 23 5 45 14 25 14 45 32 33 19 15 29 12 31 26 24 13 41 22 18 43 20 46 19
9 15 4 40 35 39 25 31 40 21 22 33 25 11 39 38 0 29 37 40 33 23 35 12 39 40 26 31 45 34 7 19 16 25 34 32 35 5 37 8 19
20 14 31 26 36 47 17 28 40 37 7 30 31 18 45 23 29 0 18 56 31 6 11 39 47 48 5 8 46 11 26 10 25 23 50 3 35 34 37 34 22
31 23 38 8 23 36 13 14 27 34 18 16 24 26 34 5 37 18 0 49 18 21 9 45 36 37 15 10 33 7 31 22 24 15 43 17 22 42 24 44 20
46 45 36 45 26 13 39 35 24 20 49 33 25 43 15 45 40 56 49 0 31 52 54 33 13 12 51 52 22 52 35 49 31 34 6 58 27 40 25 45 34
33 27 32 14 5 18 14 4 9 20 27 2 9 27 16 14 33 31 18 31 0 30 26 36 18 19 26 25 15 24 26 30 17 8 27 32 4 37 6 41 14
14 8 25 28 35 45 16 27 39 33 3 29 29 12 44 25 23 6 21 52 30 0 15 33 45 46 6 11 45 14 20 4 21 22 46 9 34 28 36 28 19
27 20 37 17 31 44 15 22 35 38 13 24 29 24 42 14 35 11 9 54 26 15 0 45 44 45 9 4 41 2 31 17 26 20 48 9 30 40 32 41 22
21 25 8 47 37 36 32 38 42 18 32 38 27 21 37 45 12 39 45 33 36 33 45 0 36 37 36 41 44 43 14 29 21 32 28 42 37 8 39 13 26
43 39 35 32 13 0 30 22 11 18 42 20 16 37 2 32 39 47 36 13 18 45 44 36 0 1 42 43 9 42 32 43 25 24 12 49 14 40 12 45 26
44 40 36 33 14 1 31 23 12 19 43 21 17 38 3 33 40 48 37 12 19 46 45 37 1 0 43 44 10 43 33 44 26 25 11 50 15 41 13 46 27
18 11 28 22 31 42 12 23 35 33 4 25 26 15 40 19 26 5 15 51 26 6 9 36 42 43 0 5 41 8 22 8 21 18 45 7 30 31 32 32 17
23 16 33 18 30 43 13 21 34 35 9 23 27 20 41 15 31 8 10 52 25 11 4 41 43 44 5 0 40 3 27 13 23 19 46 7 29 36 31 37 19
47 42 43 28 11 9 29 19 6 26 42 17 20 41 7 29 45 46 33 22 15 45 41 44 9 10 41 40 0 39 38 45 30 23 21 47 11 48 9 53 28
26 19 36 15 29 42 13 20 33 36 12 22 27 23 40 12 34 11 7 52 24 14 2 43 42 43 8 3 39 0 29 16 24 18 46 10 28 39 30 40 20
11 12 7 33 28 32 18 24 33 15 19 26 18 8 32 31 7 26 31 35 26 20 31 14 32 33 22 27 38 29 0 16 9 18 29 29 28 12 30 15 12
10 4 21 29 34 43 16 27 39 30 4 29 27 8 42 26 19 10 22 49 30 4 17 29 43 44 8 13 45 16 16 0 18 22 43 13 34 24 36 24 17
18 14 15 26 19 25 11 17 24 12 18 18 10 12 25 24 16 25 24 31 17 21 26 21 25 26 21 23 30 24 9 18 0 11 25 28 19 20 21 24 5
25 19 25 15 13 24 6 6 17 19 19 8 9 19 22 13 25 23 15 34 8 22 20 32 24 25 18 19 23 18 18 22 11 0 28 25 12 30 14 33 6
40 39 30 41 23 12 33 31 23 14 43 29 19 37 14 41 34 50 43 6 27 46 48 28 12 11 45 46 21 46 29 43 25 28 0 52 24 35 23 40 28
23 17 34 25 37 49 19 28 41 40 10 30 33 21 47 22 32 3 17 58 32 9 9 42 49 50 7 7 47 10 29 13 28 25 52 0 36 37 38 37 24
36 31 34 18 1 14 18 8 5 20 31 6 10 30 12 18 35 35 22 27 4 34 30 37 14 15 30 29 11 28 28 34 19 12 24 36 0 39 2 43 17
14 20 5 45 39 40 30 36 44 22 27 38 29 16 41 43 5 34 42 40 37 28 40 8 40 41 31 36 48 39 12 24 20 30 35 37 39 0 41 5 24
38 33 36 20 2 12 20 10 3 21 33 8 12 32 10 20 37 37 24 25 6 36 32 39 12 13 32 31 9 30 30 36 21 14 23 38 2 41 0 45 19
14 21 10 48 43 45 33 39 48 27 28 41 33 18 46 46 8 34 44 45 41 28 41 13 45 46 32 37 53 40 15 24 24 33 40 37 43 5 45 0 27
19 14 19 21 17 26 7 12 22 16 16 14 10 13 25 19 19 22 20 34 14 19 22 26 26 27 17 19 28 20 12 17 5 6 28 24 17 24 19 27 0
0 685
271 545
59 333
146 420
209 483
257 531
325 599
347 621
383 657
295 569
324 598
308 582
108 382
145 419
173 447
232 506
343 617
102 376
314 588
360 634
384 658
313 587
157 431
219 493
373 647
231 505
8 282
325 599
170 444
249 523
159 433
2 276
224 498
238 512
292 566
86 360
327 601
249 523
159 433
405 679
232 506
0
50
61
73
59
41
46
36
23
82
58
52
39
24
52
49
43
43
70
86
69
16
19
51
41
22
40
73
57
20
76
49
45
71
27
56
38
60
60
76
49
