41
1301
0 22 44 26 35 41 1 12 10 26 23 29 35 5 42 22 7 31 17 13 36 19 22 45 46 10 45 27 23 21 16 54 11 48 26 34 48 45 2 52 49
22 0 27 8 17 28 21 17 18 12 10 9 21 20 31 19 15 17 8 26 29 25 2 37 28 23 24 7 2 1 6 32 12 28 9 27 26 23 22 30 27
44 27 0 20 40 7 43 44 45 38 21 33 10 39 11 23 39 41 35 38 17 32 29 17 3 38 9 31 28 28 33 24 39 7 19 53 17 20 42 23 22
26 8 20 0 25 20 25 24 25 20 4 17 14 21 24 13 19 25 16 24 22 21 10 30 21 22 19 15 10 9 13 31 19 22 2 35 23 22 24 29 26
35 17 40 25 0 44 34 24 26 9 27 8 38 35 48 36 28 5 19 42 46 42 16 54 39 39 33 10 15 17 21 32 24 37 26 15 28 24 36 30 27
41 28 7 20 44 0 42 44 45 40 20 36 7 36 4 19 38 44 36 34 10 28 30 10 10 34 16 34 30 29 33 31 39 14 19 55 24 27 39 30 29
1 21 43 25 34 42 0 11 9 25 22 28 35 6 43 23 6 30 16 14 37 20 21 46 45 11 44 26 22 20 15 53 10 47 25 33 47 44 3 51 48
12 17 44 24 24 44 11 0 2 15 24 20 37 15 47 29 8 20 9 23 42 28 16 51 45 20 41 19 17 16 11 49 5 45 25 22 43 40 14 47 44
10 18 45 25 26 45 9 2 0 17 25 22 38 15 48 29 8 22 11 23 43 28 18 52 46 20 42 21 19 17 12 50 6 46 26 24 44 41 12 48 45
26 12 38 20 9 40 25 15 17 0 22 6 33 26 43 31 19 5 10 34 41 36 10 49 38 31 33 7 10 12 13 36 15 37 21 15 31 27 27 34 31
23 10 21 4 27 20 22 24 25 22 0 19 13 18 23 9 18 27 16 20 19 17 12 28 23 18 22 17 12 11 13 35 19 25 3 37 27 26 21 33 30
29 9 33 17 8 36 28 20 22 6 19 0 30 28 40 28 22 8 12 34 38 34 8 46 33 31 27 2 7 9 13 30 18 31 18 20 25 21 29 28 25
35 21 10 14 38 7 35 37 38 33 13 30 0 30 10 13 31 38 29 28 9 22 23 16 13 28 17 28 23 22 26 33 32 17 12 48 24 26 33 31 29
5 20 39 21 35 36 6 15 15 26 18 28 30 0 37 17 7 31 17 8 31 14 20 40 41 5 40 26 21 19 15 52 11 43 21 36 44 43 3 50 47
42 31 11 24 48 4 43 47 48 43 23 40 10 37 0 20 41 48 39 34 7 28 33 6 14 35 20 38 33 32 36 35 42 18 22 58 28 31 40 34 33
22 19 23 13 36 19 23 29 29 31 9 28 13 17 20 0 21 36 23 15 14 9 21 23 26 15 28 26 21 20 20 44 24 30 12 45 35 35 20 42 39
7 15 39 19 28 38 6 8 8 19 18 22 31 7 41 21 0 24 10 15 35 20 15 44 40 12 38 20 16 14 9 47 4 41 20 29 41 38 8 45 42
31 17 41 25 5 44 30 20 22 5 27 8 38 31 48 36 24 0 15 39 46 41 15 54 41 36 35 10 15 17 18 36 20 39 26 12 32 28 32 34 31
17 8 35 16 19 36 16 9 11 10 16 12 29 17 39 23 10 15 0 24 35 26 7 44 36 21 32 10 8 7 3 40 6 36 17 22 34 31 18 38 35
13 26 38 24 42 34 14 23 23 34 20 34 28 8 34 15 15 39 24 0 27 6 27 36 41 3 42 32 27 25 21 55 19 45 23 44 47 46 11 53 50
36 29 17 22 46 10 37 42 43 41 19 38 9 31 7 14 35 46 35 27 0 21 31 9 20 29 26 36 31 30 32 41 37 24 20 56 33 35 34 40 38
19 25 32 21 42 28 20 28 28 36 17 34 22 14 28 9 20 41 26 6 21 0 27 30 35 9 37 32 27 25 23 52 24 39 20 48 44 43 17 50 47
22 2 29 10 16 30 21 16 18 10 12 8 23 20 33 21 15 15 7 27 31 27 0 39 30 24 26 6 1 2 6 33 12 30 11 25 27 24 22 31 28
45 37 17 30 54 10 46 51 52 49 28 46 16 40 6 23 44 54 44 36 9 30 39 0 20 38 26 44 39 38 41 41 46 24 28 64 34 37 43 40 39
46 28 3 21 39 10 45 45 46 38 23 33 13 41 14 26 40 41 36 41 20 35 30 20 0 41 7 31 29 29 34 21 40 4 21 53 14 18 44 20 19
10 23 38 22 39 34 11 20 20 31 18 31 28 5 35 15 12 36 21 3 29 9 24 38 41 0 40 29 24 22 18 53 16 43 21 41 45 44 8 51 48
45 24 9 19 33 16 44 41 42 33 22 27 17 40 20 28 38 35 32 42 26 37 26 26 7 40 0 26 25 25 30 16 36 4 19 47 8 11 43 15 13
27 7 31 15 10 34 26 19 21 7 17 2 28 26 38 26 20 10 10 32 36 32 6 44 31 29 26 0 5 7 11 30 16 30 16 22 25 21 27 28 25
23 2 28 10 15 30 22 17 19 10 12 7 23 21 33 21 16 15 8 27 31 27 1 39 29 24 25 5 0 2 7 32 13 29 11 25 26 23 23 30 27
21 1 28 9 17 29 20 16 17 12 11 9 22 19 32 20 14 17 7 25 30 25 2 38 29 22 25 7 2 0 5 33 11 29 10 27 27 24 21 31 28
16 6 33 13 21 33 15 11 12 13 13 13 26 15 36 20 9 18 3 21 32 23 6 41 34 18 30 11 7 5 0 38 6 34 14 25 32 29 16 36 33
54 32 24 31 32 31 53 49 50 36 35 30 33 52 35 44 47 36 40 55 41 52 33 41 21 53 16 30 32 33 38 0 44 17 32 47 9 9 54 2 5
11 12 39 19 24 39 10 5 6 15 19 18 32 11 42 24 4 20 6 19 37 24 12 46 40 16 36 16 13 11 6 44 0 40 20 25 38 35 12 42 39
48 28 7 22 37 14 47 45 46 37 25 31 17 43 18 30 41 39 36 45 24 39 30 24 4 43 4 30 29 29 34 17 40 0 22 51 10 14 46 16 15
26 9 19 2 26 19 25 25 26 21 3 18 12 21 22 12 20 26 17 23 20 20 11 28 21 21 19 16 11 10 14 32 20 22 0 36 24 23 24 30 27
34 27 53 35 15 55 33 22 24 15 37 20 48 36 58 45 29 12 22 44 56 48 25 64 53 41 47 22 25 27 25 47 25 51 36 0 43 39 36 45 42
48 26 17 23 28 24 47 43 44 31 27 25 24 44 28 35 41 32 34 47 33 44 27 34 14 45 8 25 26 27 32 9 38 10 24 43 0 4 47 7 5
45 23 20 22 24 27 44 40 41 27 26 21 26 43 31 35 38 28 31 46 35 43 24 37 18 44 11 21 23 24 29 9 35 14 23 39 4 0 45 7 4
2 22 42 24 36 39 3 14 12 27 21 29 33 3 40 20 8 32 18 11 34 17 22 43 44 8 43 27 23 21 16 54 12 46 24 36 47 45 0 52 49
52 30 23 29 30 30 51 47 48 34 33 28 31 50 34 42 45 34 38 53 40 50 31 40 20 51 15 28 30 31 36 2 42 16 30 45 7 7 52 0 3
49 27 22 26 27 29 48 44 45 31 30 25 29 47 33 39 42 31 35 50 38 47 28 39 19 48 13 25 27 28 33 5 39 15 27 42 5 4 49 3 0
0 440
229 405
256 432
139 315
70 246
232 408
117 293
139 315
161 337
148 324
31 207
185 361
238 414
118 294
189 365
179 355
242 418
96 272
135 311
18 194
25 201
107 283
30 206
2 178
55 231
100 276
182 358
41 217
120 296
86 262
138 314
12 188
240 416
139 315
60 236
97 273
160 336
107 283
152 328
232 408
219 395
0
33
29
77
72
56
47
12
46
27
45
29
75
33
34
63
52
70
27
49
66
43
86
86
43
19
87
75
27
44
31
36
30
76
62
82
36
38
57
39
62
