41
1300
0 14 29 34 15 23 24 27 21 49 41 19 50 36 22 10 6 39 25 52 27 40 34 50 16 30 20 31 27 13 40 27 37 13 49 14 40 41 4 22 30
14 0 23 26 2 11 17 15 17 36 27 17 36 23 14 7 8 25 11 38 14 30 20 37 10 21 6 23 15 12 32 19 28 11 36 13 30 29 11 14 21
29 23 0 9 25 15 6 36 8 27 28 10 43 21 9 29 25 31 27 41 17 18 36 28 33 10 24 5 34 16 13 8 15 16 27 15 18 49 25 9 10
34 26 9 0 28 15 10 35 13 18 22 17 37 15 12 32 29 25 24 35 14 9 33 19 36 5 25 4 32 21 7 7 6 21 18 21 9 46 30 12 5
15 2 25 28 0 13 19 13 19 37 27 19 36 24 16 6 9 25 11 38 16 32 19 38 8 23 6 25 13 14 34 21 30 13 37 15 32 27 12 16 23
23 11 15 15 13 0 9 22 10 26 19 13 33 13 6 18 17 20 12 32 4 19 21 27 21 10 10 13 20 13 22 8 17 12 26 14 19 34 19 6 10
24 17 6 10 19 9 0 30 3 27 26 7 41 19 3 23 20 28 21 39 12 18 30 28 27 8 18 7 28 11 16 5 15 11 27 11 18 43 20 3 8
27 15 36 35 13 22 30 0 31 38 26 32 29 26 27 17 22 22 11 32 21 36 9 39 12 30 12 35 3 27 42 30 35 26 38 28 36 14 25 27 30
21 17 8 13 19 10 3 31 0 30 28 4 42 22 4 22 17 29 22 41 13 21 31 31 27 11 19 10 29 8 19 8 18 8 30 8 21 44 17 4 11
49 36 27 18 37 26 27 38 30 0 12 34 22 13 27 43 43 16 28 18 22 9 30 1 44 19 32 22 35 37 20 22 12 36 0 37 9 43 45 27 19
41 27 28 22 27 19 26 26 28 12 0 31 15 7 24 33 35 4 16 13 15 15 18 13 33 18 21 24 23 32 26 21 17 31 12 33 15 31 38 24 18
19 17 10 17 19 13 7 32 4 34 31 0 45 25 7 20 15 32 24 44 16 25 33 35 26 15 20 14 30 6 23 12 22 6 34 5 25 45 15 7 15
50 36 43 37 36 33 41 29 42 22 15 45 0 22 38 42 44 13 25 4 29 29 20 22 40 33 30 39 27 46 40 36 32 45 22 47 29 27 47 38 33
36 23 21 15 24 13 19 26 22 13 7 25 22 0 18 30 30 10 15 20 9 10 20 14 31 11 19 17 23 26 20 14 11 25 13 27 10 34 32 18 11
22 14 9 12 16 6 3 27 4 27 24 7 38 18 0 20 17 25 18 37 9 18 27 28 24 8 15 9 25 10 18 5 15 9 27 10 18 40 18 0 8
10 7 29 32 6 18 23 17 22 43 33 20 42 30 20 0 6 31 17 44 21 37 24 44 6 28 12 29 17 15 38 25 35 14 43 16 37 31 9 20 28
6 8 25 29 9 17 20 22 17 43 35 15 44 30 17 6 0 33 19 46 21 35 28 44 12 25 14 26 22 10 35 22 32 9 43 11 35 36 3 17 25
39 25 31 25 25 20 28 22 29 16 4 32 13 10 25 31 33 0 14 13 16 19 14 17 31 21 19 27 19 33 29 23 20 32 16 34 19 27 36 25 21
25 11 27 24 11 12 21 11 22 28 16 24 25 15 18 17 19 14 0 27 10 25 9 29 17 19 5 24 8 22 31 19 24 21 28 23 25 22 22 18 19
52 38 41 35 38 32 39 32 41 18 13 44 4 20 37 44 46 13 27 0 28 26 23 18 43 31 32 37 30 45 37 34 29 44 18 46 26 31 49 37 31
27 14 17 14 16 4 12 21 13 22 15 16 29 9 9 21 21 16 10 28 0 16 19 23 23 9 11 14 18 17 21 9 15 16 22 18 16 32 23 9 9
40 30 18 9 32 19 18 36 21 9 15 25 29 10 18 37 35 19 25 26 16 0 30 10 39 10 27 13 33 28 11 13 3 27 9 28 0 44 36 18 10
34 20 36 33 19 21 30 9 31 30 18 33 20 20 27 24 28 14 9 23 19 30 0 31 20 28 14 33 7 31 40 28 31 30 30 32 30 14 31 27 28
50 37 28 19 38 27 28 39 31 1 13 35 22 14 28 44 44 17 29 18 23 10 31 0 45 20 33 23 36 38 21 23 13 37 1 38 10 44 46 28 20
16 10 33 36 8 21 27 12 27 44 33 26 40 31 24 6 12 31 17 43 23 39 20 45 0 31 12 33 13 21 42 29 38 20 44 22 39 25 15 24 31
30 21 10 5 23 10 8 30 11 19 18 15 33 11 8 28 25 21 19 31 9 10 28 20 31 0 20 6 27 18 12 3 7 17 19 18 10 41 26 8 0
20 6 24 25 6 10 18 12 19 32 21 20 30 19 15 12 14 19 5 32 11 27 14 33 12 20 0 23 10 17 32 18 26 16 32 18 27 25 17 15 20
31 23 5 4 25 13 7 35 10 22 24 14 39 17 9 29 26 27 24 37 14 13 33 23 33 6 23 0 32 18 9 5 10 18 22 18 13 46 27 9 6
27 15 34 32 13 20 28 3 29 35 23 30 27 23 25 17 22 19 8 30 18 33 7 36 13 27 10 32 0 27 39 27 32 26 35 28 33 15 25 25 27
13 12 16 21 14 13 11 27 8 37 32 6 46 26 10 15 10 33 22 45 17 28 31 38 21 18 17 18 27 0 27 15 25 1 37 1 28 41 9 10 18
40 32 13 7 34 22 16 42 19 20 26 23 40 20 18 38 35 29 31 37 21 11 40 21 42 12 32 9 39 27 0 14 9 27 20 27 11 53 36 18 12
27 19 8 7 21 8 5 30 8 22 21 12 36 14 5 25 22 23 19 34 9 13 28 23 29 3 18 5 27 15 14 0 10 14 22 15 13 41 23 5 3
37 28 15 6 30 17 15 35 18 12 17 22 32 11 15 35 32 20 24 29 15 3 31 13 38 7 26 10 32 25 9 10 0 24 12 25 3 45 33 15 7
13 11 16 21 13 12 11 26 8 36 31 6 45 25 9 14 9 32 21 44 16 27 30 37 20 17 16 18 26 1 27 14 24 0 36 2 27 40 9 9 17
49 36 27 18 37 26 27 38 30 0 12 34 22 13 27 43 43 16 28 18 22 9 30 1 44 19 32 22 35 37 20 22 12 36 0 37 9 43 45 27 19
14 13 15 21 15 14 11 28 8 37 33 5 47 27 10 16 11 34 23 46 18 28 32 38 22 18 18 18 28 1 27 15 25 2 37 0 28 42 10 10 18
40 30 18 9 32 19 18 36 21 9 15 25 29 10 18 37 35 19 25 26 16 0 30 10 39 10 27 13 33 28 11 13 3 27 9 28 0 44 36 18 10
41 29 49 46 27 34 43 14 44 43 31 45 27 34 40 31 36 27 22 31 32 44 14 44 25 41 25 46 15 41 53 41 45 40 43 42 44 0 39 40 41
4 11 25 30 12 19 20 25 17 45 38 15 47 32 18 9 3 36 22 49 23 36 31 46 15 26 17 27 25 9 36 23 33 9 45 10 36 39 0 18 26
22 14 9 12 16 6 3 27 4 27 24 7 38 18 0 20 17 25 18 37 9 18 27 28 24 8 15 9 25 10 18 5 15 9 27 10 18 40 18 0 8
30 21 10 5 23 10 8 30 11 19 18 15 33 11 8 28 25 21 19 31 9 10 28 20 31 0 20 6 27 18 12 3 7 17 19 18 10 41 26 8 0
0 416
147 355
105 313
85 293
165 373
86 294
150 358
72 280
203 411
67 275
70 278
82 290
74 282
166 374
101 309
30 238
110 318
179 387
46 254
134 342
29 237
34 242
2 210
62 270
75 283
195 403
193 401
52 260
157 365
41 249
69 277
9 217
6 214
189 397
126 334
75 283
82 290
4 212
186 394
80 288
192 400
0
26
51
29
67
42
27
49
67
57
61
78
39
52
33
58
25
25
53
42
66
71
55
20
62
69
46
50
42
80
68
58
66
54
30
60
65
43
24
18
71
