41
1299
0 9 29 46 24 34 19 19 37 34 39 37 38 20 4 45 26 42 14 22 23 27 16 26 26 29 15 15 43 12 26 8 27 15 24 36 29 41 18 26 26
9 0 34 44 18 37 11 11 40 35 42 36 30 27 10 43 18 34 5 14 25 25 19 33 18 28 6 13 44 17 33 1 21 14 27 37 21 40 21 30 29
29 34 0 38 34 18 39 39 21 24 24 31 53 12 25 37 44 56 39 40 19 28 17 5 44 27 40 26 30 17 6 33 37 25 12 24 47 33 15 8 11
46 44 38 0 27 21 38 38 20 14 18 9 33 45 42 1 38 31 45 37 24 19 31 41 38 17 46 32 11 37 42 43 26 31 27 15 36 5 30 30 27
24 18 34 27 0 28 11 11 30 22 29 20 19 34 21 27 13 22 18 11 16 10 18 35 13 13 19 9 29 22 36 18 3 10 23 24 14 24 19 27 25
34 37 18 21 28 0 38 38 3 8 6 15 45 27 30 20 41 45 40 39 13 18 18 22 41 15 41 25 12 24 23 36 30 24 10 6 41 16 16 11 8
19 11 39 38 11 38 0 0 41 33 40 31 19 36 19 38 7 23 7 3 25 21 23 40 7 24 8 13 40 24 40 11 12 14 30 35 10 35 24 33 32
19 11 39 38 11 38 0 0 41 33 40 31 19 36 19 38 7 23 7 3 25 21 23 40 7 24 8 13 40 24 40 11 12 14 30 35 10 35 24 33 32
37 40 21 20 30 3 41 41 0 8 3 15 46 30 33 19 43 46 43 41 16 20 21 25 43 17 44 28 10 27 26 39 32 27 13 6 43 15 19 14 11
34 35 24 14 22 8 33 33 8 0 7 8 38 31 30 13 35 38 37 33 11 12 18 27 35 9 38 22 9 24 28 34 24 21 13 2 35 9 16 16 13
39 42 24 18 29 6 40 40 3 7 0 13 45 33 35 17 42 44 44 40 17 19 23 28 42 16 45 29 7 29 29 41 31 28 16 5 42 13 21 17 14
37 36 31 9 20 15 31 31 15 8 13 0 32 37 33 8 32 31 38 31 15 11 22 34 32 8 39 23 10 28 35 35 20 22 20 9 31 4 21 23 20
38 30 53 33 19 45 19 19 46 38 45 32 0 53 38 34 12 4 26 16 35 27 37 54 12 30 27 28 41 41 55 30 16 29 42 40 9 34 38 46 44
20 27 12 45 34 27 36 36 30 31 33 37 53 0 17 44 43 56 32 39 22 31 16 7 43 30 33 25 39 12 7 26 37 24 18 32 46 40 17 16 19
4 10 25 42 21 30 19 19 33 30 35 33 38 17 0 41 26 42 15 22 19 24 12 23 26 25 16 12 39 8 23 9 24 12 20 32 29 37 14 22 22
45 43 37 1 27 20 38 38 19 13 17 8 34 44 41 0 38 32 45 37 23 18 30 40 38 16 46 31 10 36 41 42 26 30 26 14 36 4 29 29 26
26 18 44 38 13 41 7 7 43 35 42 32 12 43 26 38 0 16 14 4 29 23 28 45 0 26 15 18 42 31 46 18 12 19 35 37 3 36 29 38 37
42 34 56 31 22 45 23 23 46 38 44 31 4 56 42 32 16 0 30 20 37 28 40 57 16 30 31 31 40 44 58 34 19 32 44 40 13 33 41 48 46
14 5 39 45 18 40 7 7 43 37 44 38 26 32 15 45 14 30 0 10 27 27 24 38 14 30 1 15 46 22 38 6 19 16 32 39 17 42 26 35 34
22 14 40 37 11 39 3 3 41 33 40 31 16 39 22 37 4 20 10 0 26 21 24 41 4 24 11 14 40 27 42 14 11 15 31 35 7 35 25 34 33
23 25 19 24 16 13 25 25 16 11 17 15 35 22 19 23 29 37 27 26 0 9 7 21 29 8 28 12 20 13 22 24 19 11 7 13 30 19 6 11 9
27 25 28 19 10 18 21 21 20 12 19 11 27 31 24 18 23 28 27 21 9 0 15 30 23 3 28 13 19 21 31 24 12 12 16 14 23 15 14 20 18
16 19 17 31 18 18 23 23 21 18 23 22 37 16 12 30 28 40 24 24 7 15 0 17 28 15 25 10 27 6 18 18 21 9 8 20 31 26 2 11 10
26 33 5 41 35 22 40 40 25 27 28 34 54 7 23 40 45 57 38 41 21 30 17 0 45 29 39 27 34 16 1 32 38 26 15 28 48 36 17 11 14
26 18 44 38 13 41 7 7 43 35 42 32 12 43 26 38 0 16 14 4 29 23 28 45 0 26 15 18 42 31 46 18 12 19 35 37 3 36 29 38 37
29 28 27 17 13 15 24 24 17 9 16 8 30 30 25 16 26 30 30 24 8 3 15 29 26 0 31 15 16 21 30 27 15 14 15 11 26 12 14 19 16
15 6 40 46 19 41 8 8 44 38 45 39 27 33 16 46 15 31 1 11 28 28 25 39 15 31 0 16 47 23 39 7 20 17 33 40 18 43 27 36 35
15 13 26 32 9 25 13 13 28 22 29 23 28 25 12 31 18 31 15 14 12 13 10 27 18 15 16 0 31 13 28 12 12 1 17 24 21 27 11 20 19
43 44 30 11 29 12 40 40 10 9 7 10 41 39 39 10 42 40 46 40 20 19 27 34 42 16 47 31 0 33 35 43 30 30 21 7 41 7 25 23 20
12 17 17 37 22 24 24 24 27 24 29 28 41 12 8 36 31 44 22 27 13 21 6 16 31 21 23 13 33 0 16 16 25 12 14 26 34 32 8 14 16
26 33 6 42 36 23 40 40 26 28 29 35 55 7 23 41 46 58 38 42 22 31 18 1 46 30 39 28 35 16 0 32 39 27 16 29 49 37 18 12 15
8 1 33 43 18 36 11 11 39 34 41 35 30 26 9 42 18 34 6 14 24 24 18 32 18 27 7 12 43 16 32 0 21 13 26 36 21 39 20 29 28
27 21 37 26 3 30 12 12 32 24 31 20 16 37 24 26 12 19 19 11 19 12 21 38 12 15 20 12 30 25 39 21 0 13 26 26 11 24 22 30 28
15 14 25 31 10 24 14 14 27 21 28 22 29 24 12 30 19 32 16 15 11 12 9 26 19 14 17 1 30 12 27 13 13 0 16 23 22 26 10 19 18
24 27 12 27 23 10 30 30 13 13 16 20 42 18 20 26 35 44 32 31 7 16 8 15 35 15 33 17 21 14 16 26 26 16 0 14 37 22 6 4 2
36 37 24 15 24 6 35 35 6 2 5 9 40 32 32 14 37 40 39 35 13 14 20 28 37 11 40 24 7 26 29 36 26 23 14 0 37 10 18 17 14
29 21 47 36 14 41 10 10 43 35 42 31 9 46 29 36 3 13 17 7 30 23 31 48 3 26 18 21 41 34 49 21 11 22 37 37 0 35 32 41 39
41 40 33 5 24 16 35 35 15 9 13 4 34 40 37 4 36 33 42 35 19 15 26 36 36 12 43 27 7 32 37 39 24 26 22 10 35 0 25 25 22
18 21 15 30 19 16 24 24 19 16 21 21 38 17 14 29 29 41 26 25 6 14 2 17 29 14 27 11 25 8 18 20 22 10 6 18 32 25 0 9 8
26 30 8 30 27 11 33 33 14 16 17 23 46 16 22 29 38 48 35 34 11 20 11 11 38 19 36 20 23 14 12 29 30 19 4 17 41 25 9 0 3
26 29 11 27 25 8 32 32 11 13 14 20 44 19 22 26 37 46 34 33 9 18 10 14 37 16 35 19 20 16 15 28 28 18 2 14 39 22 8 3 0
0 514
39 296
73 330
33 290
213 470
9 266
95 352
112 369
207 464
101 358
88 345
197 454
64 321
211 468
107 364
251 508
205 462
131 388
0 257
76 333
40 297
22 279
46 303
54 311
198 455
190 447
103 360
249 506
30 287
24 281
91 348
128 385
232 489
20 277
244 501
48 305
68 325
110 367
57 314
132 389
182 439
0
41
58
36
51
16
64
52
68
37
33
42
44
59
52
65
18
33
89
64
25
45
62
74
71
58
89
18
26
21
84
27
70
50
57
45
41
76
49
55
33
