41
1302
0 15 29 25 20 42 29 30 37 19 16 14 41 34 28 20 36 6 34 38 10 15 6 17 27 23 16 36 24 11 6 16 17 18 49 23 29 20 42 38 14
15 0 16 25 7 27 19 25 23 20 18 1 26 24 13 8 21 20 29 23 6 11 20 19 25 21 5 22 15 15 21 15 3 15 34 11 20 8 27 23 17
29 16 0 19 9 19 33 14 11 19 19 16 26 38 22 23 16 30 44 19 19 27 31 35 40 37 13 10 30 31 35 16 13 31 25 26 35 23 22 14 19
25 25 19 0 20 38 44 7 30 6 9 25 45 49 36 33 35 23 54 38 22 34 24 41 48 44 20 29 40 35 31 11 23 38 44 36 45 33 41 33 11
20 7 9 20 0 23 25 19 17 17 15 7 26 30 16 14 17 23 35 20 10 18 24 26 31 28 4 16 21 22 26 12 4 22 30 17 26 14 24 18 15
42 27 19 38 23 0 29 33 8 38 38 28 11 33 19 26 6 46 41 6 32 33 46 41 40 40 27 9 30 40 48 35 25 36 7 26 32 26 5 5 38
29 19 33 44 25 29 0 44 31 38 36 19 20 5 11 11 25 35 12 23 24 14 35 18 11 13 24 30 5 21 31 33 21 14 35 8 3 11 26 28 35
30 25 14 7 19 33 44 0 25 11 14 25 40 49 35 33 30 28 54 33 25 36 29 44 50 46 20 24 40 39 36 14 23 40 39 36 45 33 36 28 16
37 23 11 30 17 8 31 25 0 30 30 23 17 36 20 25 7 40 43 10 27 32 41 41 41 41 21 1 31 38 43 27 20 36 14 27 34 25 12 4 30
19 20 19 6 17 38 38 11 30 0 3 19 43 43 32 27 34 17 48 37 16 28 18 35 42 38 15 29 34 29 25 5 18 32 44 30 39 27 41 33 5
16 18 19 9 15 38 36 14 30 3 0 17 41 41 30 25 32 14 46 35 14 26 15 32 40 36 13 29 32 26 22 3 16 30 44 28 37 25 39 33 2
14 1 16 25 7 28 19 25 23 19 17 0 27 24 14 8 22 19 29 24 5 11 19 19 25 21 5 22 15 15 20 14 3 15 35 11 20 8 28 24 16
41 26 26 45 26 11 20 40 17 43 41 27 0 23 14 22 10 46 31 7 32 29 46 36 31 33 29 17 23 36 45 38 26 31 15 21 23 22 6 13 41
34 24 38 49 30 33 5 49 36 43 41 24 23 0 16 16 29 40 8 28 29 19 40 21 11 15 29 35 10 24 35 38 26 17 38 13 5 16 29 32 40
28 13 22 36 16 19 11 35 20 32 30 14 14 16 0 8 14 33 23 13 19 15 33 22 21 21 17 19 11 22 31 27 14 17 25 7 14 8 17 17 29
20 8 23 33 14 26 11 33 25 27 25 8 22 16 8 0 20 26 21 21 13 7 26 16 17 16 13 24 7 14 23 22 10 11 33 3 12 0 25 23 24
36 21 16 35 17 6 25 30 7 34 32 22 10 29 14 20 0 40 37 3 26 27 40 36 35 35 21 7 25 34 42 29 19 31 13 21 28 20 7 3 32
6 20 30 23 23 46 35 28 40 17 14 19 46 40 33 26 40 0 40 42 14 21 1 23 33 29 19 39 30 17 9 15 21 24 53 29 35 26 46 41 12
34 29 44 54 35 41 12 54 43 48 46 29 31 8 23 21 37 40 0 35 33 21 40 17 7 11 34 42 14 23 33 43 31 17 46 18 9 21 37 40 45
38 23 19 38 20 6 23 33 10 37 35 24 7 28 13 21 3 42 35 0 28 28 42 35 34 34 24 10 24 35 44 32 21 30 12 20 26 21 4 6 35
10 6 19 22 10 32 24 25 27 16 14 5 32 29 19 13 26 14 33 28 0 12 14 19 26 22 6 26 20 14 16 11 7 16 39 16 25 13 32 28 12
15 11 27 34 18 33 14 36 32 28 26 11 29 19 15 7 27 21 21 28 12 0 21 9 14 10 16 31 9 7 17 23 14 4 40 8 14 7 32 30 24
6 20 31 24 24 46 35 29 41 18 15 19 46 40 33 26 40 1 40 42 14 21 0 23 33 29 20 40 30 17 9 16 21 24 53 29 35 26 46 42 13
17 19 35 41 26 41 18 44 41 35 32 19 36 21 22 16 36 23 17 35 19 9 23 0 10 6 24 40 14 6 16 30 22 5 47 15 16 16 39 39 30
27 25 40 48 31 40 11 50 41 42 40 25 31 11 21 17 35 33 7 34 26 14 33 10 0 4 30 40 10 16 26 37 27 10 46 14 8 17 37 38 38
23 21 37 44 28 40 13 46 41 38 36 21 33 15 21 16 35 29 11 34 22 10 29 6 4 0 26 40 10 12 22 33 24 6 46 14 10 16 38 38 34
16 5 13 20 4 27 24 20 21 15 13 5 29 29 17 13 21 19 34 24 6 16 20 24 30 26 0 20 20 20 22 10 3 20 34 16 25 13 28 22 12
36 22 10 29 16 9 30 24 1 29 29 22 17 35 19 24 7 39 42 10 26 31 40 40 40 40 20 0 30 37 42 26 19 35 15 26 33 24 12 4 29
24 15 30 40 21 30 5 40 31 34 32 15 23 10 11 7 25 30 14 24 20 9 30 14 10 10 20 30 0 16 26 29 17 9 36 4 5 7 28 28 31
11 15 31 35 22 40 21 39 38 29 26 15 36 24 22 14 34 17 23 35 14 7 17 6 16 12 20 37 16 0 11 25 18 7 47 15 19 14 39 37 24
6 21 35 31 26 48 31 36 43 25 22 20 45 35 31 23 42 9 33 44 16 17 9 16 26 22 22 42 26 11 0 22 23 18 55 25 30 23 48 44 20
16 15 16 11 12 35 33 14 27 5 3 14 38 38 27 22 29 15 43 32 11 23 16 30 37 33 10 26 29 25 22 0 13 27 41 25 34 22 36 30 3
17 3 13 23 4 25 21 23 20 18 16 3 26 26 14 10 19 21 31 21 7 14 21 22 27 24 3 19 17 18 23 13 0 18 32 13 22 10 25 21 15
18 15 31 38 22 36 14 40 36 32 30 15 31 17 17 11 31 24 17 30 16 4 24 5 10 6 20 35 9 7 18 27 18 0 42 10 12 11 34 34 28
49 34 25 44 30 7 35 39 14 44 44 35 15 38 25 33 13 53 46 12 39 40 53 47 46 46 34 15 36 47 55 41 32 42 0 32 38 33 9 12 44
23 11 26 36 17 26 8 36 27 30 28 11 21 13 7 3 21 29 18 20 16 8 29 15 14 14 16 26 4 15 25 25 13 10 32 0 9 3 24 24 27
29 20 35 45 26 32 3 45 34 39 37 20 23 5 14 12 28 35 9 26 25 14 35 16 8 10 25 33 5 19 30 34 22 12 38 9 0 12 29 31 36
20 8 23 33 14 26 11 33 25 27 25 8 22 16 8 0 20 26 21 21 13 7 26 16 17 16 13 24 7 14 23 22 10 11 33 3 12 0 25 23 24
42 27 22 41 24 5 26 36 12 41 39 28 6 29 17 25 7 46 37 4 32 32 46 39 37 38 28 12 28 39 48 36 25 34 9 24 29 25 0 8 39
38 23 14 33 18 5 28 28 4 33 33 24 13 32 17 23 3 41 40 6 28 30 42 39 38 38 22 4 28 37 44 30 21 34 12 24 31 23 8 0 33
14 17 19 11 15 38 35 16 30 5 2 16 41 40 29 24 32 12 45 35 12 24 13 30 38 34 12 29 31 24 20 3 15 28 44 27 36 24 39 33 0
0 416
324 407
21 104
296 379
35 118
132 215
285 368
220 303
135 218
267 350
233 316
229 312
230 313
47 130
68 151
70 153
257 340
226 309
192 275
0 83
288 371
282 365
131 214
18 101
110 193
289 372
96 179
122 205
65 148
214 297
171 254
151 234
37 120
146 229
55 138
62 145
236 319
1 84
208 291
230 313
53 136
0
59
51
61
53
30
79
55
70
29
63
74
61
54
16
53
28
28
47
44
58
69
45
53
51
71
35
48
38
78
28
38
46
60
73
23
76
38
39
36
44
