41
1299
0 26 16 8 24 20 33 12 32 34 23 28 40 15 41 27 29 23 35 36 35 23 22 14 29 14 25 6 16 38 32 33 19 34 13 26 8 36 19 20 18
26 0 23 33 33 20 25 18 22 43 43 31 45 17 47 20 33 41 47 30 18 19 39 30 25 39 28 25 12 30 35 32 28 32 38 34 34 39 45 13 9
16 23 0 23 10 30 18 6 18 21 22 12 26 6 27 34 14 18 24 20 24 31 16 9 13 27 9 10 20 22 17 17 5 18 27 12 21 21 32 26 14
8 33 23 0 30 23 41 20 40 38 21 35 46 23 46 30 36 24 37 43 43 26 23 18 36 6 32 13 22 45 39 40 26 41 5 32 3 42 13 26 26
24 33 10 30 0 40 18 16 20 11 19 7 16 16 17 44 6 14 14 16 28 41 12 12 13 33 6 18 30 20 9 11 5 12 33 2 27 12 35 36 24
20 20 30 23 40 0 42 24 39 51 43 42 56 26 57 7 44 43 53 46 38 3 41 32 39 28 39 25 10 47 47 46 35 46 27 42 26 51 35 7 21
33 25 18 41 18 42 0 21 3 26 37 12 23 18 25 44 14 32 30 5 11 42 30 27 5 45 12 28 32 5 13 10 18 9 45 18 39 17 50 36 21
12 18 6 20 16 24 21 0 20 27 25 18 32 3 33 28 20 23 30 25 23 25 21 12 18 25 15 8 14 26 23 23 11 24 25 18 19 27 30 20 9
32 22 18 40 20 39 3 20 0 28 39 14 26 17 28 42 16 34 32 8 8 40 32 27 7 45 14 28 29 8 16 13 19 12 45 20 39 20 50 34 18
34 43 21 38 11 51 26 27 28 0 20 14 9 27 8 55 13 14 4 21 36 52 15 20 21 40 15 28 41 25 13 16 16 17 40 9 35 10 38 47 34
23 43 22 21 19 43 37 25 39 20 0 26 29 27 28 50 25 6 19 35 46 46 7 13 32 21 25 19 37 39 28 30 20 31 22 21 18 29 18 42 34
28 31 12 35 7 42 12 18 14 14 26 0 15 16 17 46 2 21 18 10 22 43 19 18 7 39 3 22 32 14 5 5 9 6 39 6 33 9 41 38 23
40 45 26 46 16 56 23 32 26 9 29 15 0 31 2 60 13 23 12 18 34 57 24 28 20 49 18 34 46 22 10 13 21 14 49 14 43 6 47 52 38
15 17 6 23 16 26 18 3 17 27 27 16 31 0 33 30 18 24 30 22 20 27 22 14 15 28 13 11 16 23 21 20 11 21 28 18 22 25 33 22 8
41 47 27 46 17 57 25 33 28 8 28 17 2 33 0 61 15 22 10 20 36 58 23 28 22 48 20 35 47 24 12 15 22 16 48 15 43 8 46 53 40
27 20 34 30 44 7 44 28 42 55 50 46 60 30 61 0 48 49 58 49 38 4 47 39 43 35 43 31 14 49 51 50 39 50 34 46 33 55 42 8 24
29 33 14 36 6 44 14 20 16 13 25 2 13 18 15 48 0 20 17 10 24 45 18 18 9 39 5 23 34 14 3 5 10 6 39 5 33 7 41 40 25
23 41 18 24 14 43 32 23 34 14 6 21 23 24 22 49 20 0 13 30 41 45 2 11 27 26 20 18 36 34 23 25 15 26 26 15 21 23 24 41 32
35 47 24 37 14 53 30 30 32 4 19 18 12 30 10 58 17 13 0 25 40 55 14 21 25 39 19 29 44 29 17 20 19 21 39 13 34 14 37 50 38
36 30 20 43 16 46 5 25 8 21 35 10 18 22 20 49 10 30 25 0 16 47 28 27 7 47 12 30 36 4 8 5 18 4 47 15 41 12 50 41 25
35 18 24 43 28 38 11 23 8 36 46 22 34 20 36 38 24 41 40 16 0 37 39 33 15 48 22 31 28 15 24 21 26 20 48 28 42 28 53 31 18
23 19 31 26 41 3 42 25 40 52 46 43 57 27 58 4 45 45 55 47 37 0 43 35 40 31 40 27 11 47 48 47 36 47 30 43 29 52 38 6 22
22 39 16 23 12 41 30 21 32 15 7 19 24 22 23 47 18 2 14 28 39 43 0 9 25 25 18 16 34 32 21 23 13 24 26 14 20 22 24 39 30
14 30 9 18 12 32 27 12 27 20 13 18 28 14 28 39 18 11 21 27 33 35 9 0 22 21 15 8 25 31 21 23 9 24 21 14 15 24 23 31 21
29 25 13 36 13 39 5 18 7 21 32 7 20 15 22 43 9 27 25 7 15 40 25 22 0 40 7 23 29 9 10 7 13 7 40 13 34 14 45 35 19
14 39 27 6 33 28 45 25 45 40 21 39 49 28 48 35 39 26 39 47 48 31 25 21 40 0 36 17 28 49 42 44 30 45 1 35 6 45 7 32 32
25 28 9 32 6 39 12 15 14 15 25 3 18 13 20 43 5 20 19 12 22 40 18 15 7 36 0 19 29 16 8 8 6 9 36 6 30 12 38 35 20
6 25 10 13 18 25 28 8 28 28 19 22 34 11 35 31 23 18 29 30 31 27 16 8 23 17 19 0 18 32 26 27 13 28 17 20 11 30 22 23 17
16 12 20 22 30 10 32 14 29 41 37 32 46 16 47 14 34 36 44 36 28 11 34 25 29 28 29 18 0 37 37 36 25 36 27 32 24 41 35 6 11
38 30 22 45 20 47 5 26 8 25 39 14 22 23 24 49 14 34 29 4 15 47 32 31 9 49 16 32 37 0 12 9 22 8 49 19 43 16 54 41 26
32 35 17 39 9 47 13 23 16 13 28 5 10 21 12 51 3 23 17 8 24 48 21 21 10 42 8 26 37 12 0 3 13 4 42 8 36 4 44 43 28
33 32 17 40 11 46 10 23 13 16 30 5 13 20 15 50 5 25 20 5 21 47 23 23 7 44 8 27 36 9 3 0 14 1 44 10 38 7 46 42 26
19 28 5 26 5 35 18 11 19 16 20 9 21 11 22 39 10 15 19 18 26 36 13 9 13 30 6 13 25 22 13 14 0 15 30 7 24 17 32 31 19
34 32 18 41 12 46 9 24 12 17 31 6 14 21 16 50 6 26 21 4 20 47 24 24 7 45 9 28 36 8 4 1 15 0 45 11 39 8 47 42 26
13 38 27 5 33 27 45 25 45 40 22 39 49 28 48 34 39 26 39 47 48 30 26 21 40 1 36 17 27 49 42 44 30 45 0 35 6 45 8 31 31
26 34 12 32 2 42 18 18 20 9 21 6 14 18 15 46 5 15 13 15 28 43 14 14 13 35 6 20 32 19 8 10 7 11 35 0 29 10 37 38 25
8 34 21 3 27 26 39 19 39 35 18 33 43 22 43 33 33 21 34 41 42 29 20 15 34 6 30 11 24 43 36 38 24 39 6 29 0 39 11 28 26
36 39 21 42 12 51 17 27 20 10 29 9 6 25 8 55 7 23 14 12 28 52 22 24 14 45 12 30 41 16 4 7 17 8 45 10 39 0 46 47 32
19 45 32 13 35 35 50 30 50 38 18 41 47 33 46 42 41 24 37 50 53 38 24 23 45 7 38 22 35 54 44 46 32 47 8 37 11 46 0 39 37
20 13 26 26 36 7 36 20 34 47 42 38 52 22 53 8 40 41 50 41 31 6 39 31 35 32 35 23 6 41 43 42 31 42 31 38 28 47 39 0 16
18 9 14 26 24 21 21 9 18 34 34 23 38 8 40 24 25 32 38 25 18 22 30 21 19 32 20 17 11 26 28 26 19 26 31 25 26 32 37 16 0
0 661
172 172
513 513
452 452
277 277
516 516
162 162
370 370
514 514
146 146
454 454
619 619
552 552
190 190
426 426
246 246
587 587
657 657
40 40
314 314
487 487
427 427
166 166
540 540
17 17
565 565
314 314
376 376
577 577
491 491
347 347
497 497
254 254
546 546
638 638
573 573
289 289
68 68
429 429
514 514
152 152
0
62
40
14
28
53
22
39
67
35
76
59
64
33
86
81
63
29
40
82
68
75
73
49
63
37
46
21
46
65
49
34
68
40
34
15
47
29
55
36
75
