41
1300
0 13 16 29 28 28 42 14 9 25 16 10 20 35 25 34 8 19 11 8 8 14 18 24 8 28 17 29 20 22 15 12 14 17 34 16 16 26 27 16 33
13 0 5 33 41 38 42 12 22 38 6 14 7 48 38 44 17 22 23 11 19 16 31 29 19 16 25 18 31 35 12 15 22 17 44 27 13 26 19 15 46
16 5 0 30 43 38 39 9 25 39 11 19 10 49 40 44 17 19 27 16 23 21 32 26 23 12 23 13 31 37 9 20 27 14 44 32 10 23 14 12 47
29 33 30 0 32 19 16 22 34 25 39 39 40 29 31 21 21 11 37 37 36 43 23 5 36 37 12 35 18 28 21 41 42 16 21 41 21 11 28 18 30
28 41 43 32 0 14 48 36 23 7 44 33 48 11 3 16 26 30 24 34 27 37 11 28 27 54 25 53 15 6 37 35 30 33 16 24 38 38 49 35 9
28 38 38 19 14 0 34 30 27 7 43 36 45 12 15 6 21 20 29 36 30 40 10 16 30 45 15 44 8 13 29 38 35 24 6 32 29 26 40 26 11
42 42 39 16 48 34 0 31 49 41 48 52 48 44 47 36 34 23 52 49 49 56 39 20 49 38 27 35 34 44 30 54 55 25 36 56 29 16 28 27 45
14 12 9 22 36 30 31 0 23 31 18 21 19 41 33 36 10 11 25 18 22 25 25 18 22 18 15 17 23 30 1 23 28 6 36 30 2 15 13 4 39
9 22 25 34 23 27 49 23 0 24 22 10 28 33 20 33 15 26 3 12 4 14 17 29 4 37 22 38 20 17 24 12 9 25 33 7 25 33 36 25 31
25 38 39 25 7 7 41 31 24 0 41 33 45 10 8 10 22 23 26 33 27 37 7 21 27 48 18 47 8 7 32 35 32 27 10 27 32 31 43 29 8
16 6 11 39 44 43 48 18 22 41 0 13 6 51 41 49 22 28 22 10 18 12 34 35 18 20 31 22 36 38 18 12 20 23 49 26 19 32 25 21 49
10 14 19 39 33 36 52 21 10 33 13 0 19 43 30 42 18 29 10 3 6 4 26 34 6 30 27 32 29 27 22 2 8 27 42 14 23 36 33 25 41
20 7 10 40 48 45 48 19 28 45 6 19 0 55 45 51 24 29 28 16 24 18 38 36 24 15 32 18 38 42 19 18 26 24 51 32 20 33 22 22 53
35 48 49 29 11 12 44 41 33 10 51 43 55 0 14 8 32 32 35 43 37 47 17 28 37 57 27 56 18 16 41 45 41 36 8 35 41 38 52 38 2
25 38 40 31 3 15 47 33 20 8 41 30 45 14 0 18 23 28 21 31 24 34 9 27 24 51 23 50 13 3 34 32 27 31 18 21 35 36 46 33 12
34 44 44 21 16 6 36 36 33 10 49 42 51 8 18 0 27 26 35 42 36 46 16 20 36 51 21 50 14 17 35 44 41 30 0 37 35 30 46 32 10
8 17 17 21 26 21 34 10 15 22 22 18 24 32 23 27 0 11 18 16 15 22 15 16 15 28 9 27 14 20 11 20 21 10 27 22 12 18 23 10 30
19 22 19 11 30 20 23 11 26 23 28 29 29 32 28 26 11 0 29 27 26 33 19 7 26 26 5 25 15 25 10 31 32 5 26 33 10 8 21 7 31
11 23 27 37 24 29 52 25 3 26 22 10 28 35 21 35 18 29 0 12 4 13 19 32 4 39 25 40 23 19 26 12 6 28 35 5 27 36 38 27 33
8 11 16 37 34 36 49 18 12 33 10 3 16 43 31 42 16 27 12 0 8 7 26 32 8 27 25 29 28 28 19 5 11 24 42 16 20 33 30 22 41
8 19 23 36 27 30 49 22 4 27 18 6 24 37 24 36 15 26 4 8 0 10 20 31 0 35 24 36 23 21 23 8 6 25 36 9 24 33 35 24 35
14 16 21 43 37 40 56 25 14 37 12 4 18 47 34 46 22 33 13 7 10 0 30 38 10 32 31 34 33 31 26 2 9 31 46 15 27 40 35 29 45
18 31 32 23 11 10 39 25 17 7 34 26 38 17 9 16 15 19 19 26 20 30 0 19 20 43 14 42 5 6 26 28 25 22 16 22 27 27 38 24 15
24 29 26 5 28 16 20 18 29 21 35 34 36 28 27 20 16 7 32 32 31 38 19 0 31 33 7 32 14 24 17 36 37 12 20 36 17 10 27 14 27
8 19 23 36 27 30 49 22 4 27 18 6 24 37 24 36 15 26 4 8 0 10 20 31 0 35 24 36 23 21 23 8 6 25 36 9 24 33 35 24 35
28 16 12 37 54 45 38 18 37 48 20 30 15 57 51 51 28 26 39 27 35 32 43 33 35 0 30 3 40 48 17 31 38 21 51 43 16 27 10 19 56
17 25 23 12 25 15 27 15 22 18 31 27 32 27 23 21 9 5 25 25 24 31 14 7 24 30 0 29 10 20 14 29 30 9 21 29 14 13 25 11 26
29 18 13 35 53 44 35 17 38 47 22 32 18 56 50 50 27 25 40 29 36 34 42 32 36 3 29 0 39 47 16 33 40 20 50 45 15 24 7 18 55
20 31 31 18 15 8 34 23 20 8 36 29 38 18 13 14 14 15 23 28 23 33 5 14 23 40 10 39 0 10 24 31 29 19 14 26 24 23 35 21 16
22 35 37 28 6 13 44 30 17 7 38 27 42 16 3 17 20 25 19 28 21 31 6 24 21 48 20 47 10 0 31 29 25 28 17 20 32 33 43 30 14
15 12 9 21 37 29 30 1 24 32 18 22 19 41 34 35 11 10 26 19 23 26 26 17 23 17 14 16 24 31 0 24 29 5 35 31 1 14 12 3 40
12 15 20 41 35 38 54 23 12 35 12 2 18 45 32 44 20 31 12 5 8 2 28 36 8 31 29 33 31 29 24 0 8 29 44 14 25 38 34 27 43
14 22 27 42 30 35 55 28 9 32 20 8 26 41 27 41 21 32 6 11 6 9 25 37 6 38 30 40 29 25 29 8 0 31 41 6 30 39 41 30 39
17 17 14 16 33 24 25 6 25 27 23 27 24 36 31 30 10 5 28 24 25 31 22 12 25 21 9 20 19 28 5 29 31 0 30 32 5 9 16 2 35
34 44 44 21 16 6 36 36 33 10 49 42 51 8 18 0 27 26 35 42 36 46 16 20 36 51 21 50 14 17 35 44 41 30 0 37 35 30 46 32 10
16 27 32 41 24 32 56 30 7 27 26 14 32 35 21 37 22 33 5 16 9 15 22 36 9 43 29 45 26 20 31 14 6 32 37 0 32 40 43 32 33
16 13 10 21 38 29 29 2 25 32 19 23 20 41 35 35 12 10 27 20 24 27 27 17 24 16 14 15 24 32 1 25 30 5 35 32 0 13 11 3 40
26 26 23 11 38 26 16 15 33 31 32 36 33 38 36 30 18 8 36 33 33 40 27 10 33 27 13 24 23 33 14 38 39 9 30 40 13 0 17 11 37
27 19 14 28 49 40 28 13 36 43 25 33 22 52 46 46 23 21 38 30 35 35 38 27 35 10 25 7 35 43 12 34 41 16 46 43 11 17 0 14 51
16 15 12 18 35 26 27 4 25 29 21 25 22 38 33 32 10 7 27 22 24 29 24 14 24 19 11 18 21 30 3 27 30 2 32 32 3 11 14 0 37
33 46 47 30 9 11 45 39 31 8 49 41 53 2 12 10 30 31 33 41 35 45 15 27 35 56 26 55 16 14 40 43 39 35 10 33 40 37 51 37 0
0 587
267 501
43 277
291 525
32 266
304 538
126 360
199 433
147 381
118 352
327 561
156 390
298 532
139 373
251 485
11 245
174 408
116 350
85 319
9 243
171 405
167 401
143 377
23 257
199 433
169 403
257 491
107 341
77 311
233 467
25 259
192 426
198 432
314 548
221 455
37 271
318 552
18 252
85 319
98 332
315 549
0
46
39
43
49
66
38
18
69
42
90
45
43
29
28
45
64
87
25
38
38
82
88
78
71
28
65
31
43
37
32
19
58
72
26
52
39
60
45
78
54
