41
1301
0 14 26 15 23 38 22 37 27 37 45 36 5 37 27 48 45 38 33 19 2 20 19 16 27 17 16 19 9 26 14 15 28 36 34 35 11 27 13 20 42
14 0 22 29 28 47 9 35 40 35 41 43 16 29 36 44 41 43 41 9 12 11 5 30 23 14 30 28 18 22 20 23 28 43 30 39 24 15 19 34 51
26 22 0 38 13 35 17 14 36 14 19 29 30 11 28 22 19 24 29 14 24 11 20 37 2 9 38 24 20 1 16 19 9 25 8 20 37 14 17 38 38
15 29 38 0 30 34 37 44 17 44 53 35 15 49 24 57 54 41 30 34 17 35 34 1 37 30 1 18 18 37 22 20 35 38 45 40 8 42 21 7 38
23 28 13 30 0 22 26 14 24 14 23 16 28 24 15 27 24 15 16 23 23 20 29 29 11 14 30 12 14 12 9 10 6 15 19 12 31 27 10 27 25
38 47 35 34 22 0 48 29 17 29 38 6 42 44 11 42 39 15 6 45 39 42 50 33 33 36 33 19 30 34 27 24 26 11 38 18 41 49 28 27 4
22 9 17 37 26 48 0 30 42 30 34 42 25 20 38 36 34 40 42 3 20 6 5 38 18 12 38 30 22 17 22 25 25 41 23 36 33 6 21 41 51
37 35 14 44 14 29 30 0 37 0 9 23 42 17 27 13 10 15 26 27 36 24 33 43 12 22 44 26 28 13 23 24 9 18 10 11 45 28 24 41 32
27 40 36 17 24 17 42 37 0 37 46 20 30 47 10 50 47 28 15 39 29 36 43 16 35 30 16 12 22 35 20 17 30 24 43 29 25 44 21 10 21
37 35 14 44 14 29 30 0 37 0 9 23 42 17 27 13 10 15 26 27 36 24 33 43 12 22 44 26 28 13 23 24 9 18 10 11 45 28 24 41 32
45 41 19 53 23 38 34 9 46 9 0 32 49 16 36 4 1 23 35 32 43 30 38 52 18 28 53 35 37 19 32 33 18 27 11 20 54 30 33 50 40
36 43 29 35 16 6 42 23 20 23 32 0 41 38 11 36 33 9 5 39 36 36 45 34 27 30 35 18 27 28 23 21 20 5 32 12 41 43 24 29 9
5 16 30 15 28 42 25 42 30 42 49 41 0 41 31 52 49 43 37 23 6 24 21 16 31 21 16 23 14 30 19 20 33 41 38 40 8 31 18 22 46
37 29 11 49 24 44 20 17 47 17 16 38 41 0 39 16 15 31 40 20 35 18 25 48 13 20 49 35 31 12 27 30 19 34 7 27 48 15 28 49 47
27 36 28 24 15 11 38 27 10 27 36 11 31 39 0 40 37 18 6 35 28 32 39 23 26 26 24 8 19 27 16 13 21 14 34 19 30 40 17 18 15
48 44 22 57 27 42 36 13 50 13 4 36 52 16 40 0 3 27 39 35 46 33 41 56 22 31 57 39 41 23 36 37 22 31 14 24 58 31 37 54 44
45 41 19 54 24 39 34 10 47 10 1 33 49 15 37 3 0 24 36 32 43 30 38 53 19 28 54 36 38 20 33 34 19 28 11 21 55 30 34 51 41
38 43 24 41 15 15 40 15 28 15 23 9 43 31 18 27 24 0 13 37 38 34 43 40 22 29 41 23 29 23 24 23 15 4 24 4 45 38 25 36 17
33 41 29 30 16 6 42 26 15 26 35 5 37 40 6 39 36 13 0 39 33 36 44 29 27 30 30 14 24 28 21 18 21 9 34 16 36 43 22 24 10
19 9 14 34 23 45 3 27 39 27 32 39 23 20 35 35 32 37 39 0 17 3 6 35 15 9 35 27 19 14 19 22 22 38 21 33 30 8 18 38 48
2 12 24 17 23 39 20 36 29 36 43 36 6 35 28 46 43 38 33 17 0 18 17 18 25 15 18 20 9 24 14 15 28 36 32 35 13 25 13 22 43
20 11 11 35 20 42 6 24 36 24 30 36 24 18 32 33 30 34 36 3 18 0 9 34 12 6 35 24 17 11 16 19 19 35 19 30 31 8 16 36 45
19 5 20 34 29 50 5 33 43 33 38 45 21 25 39 41 38 43 44 6 17 9 0 35 21 15 35 31 22 20 23 26 28 44 27 39 29 11 22 39 54
16 30 37 1 29 33 38 43 16 43 52 34 16 48 23 56 53 40 29 35 18 34 35 0 36 29 1 17 17 36 21 19 34 37 44 39 9 42 20 6 37
27 23 2 37 11 33 18 12 35 12 18 27 31 13 26 22 19 22 27 15 25 12 21 36 0 10 37 23 20 1 15 18 7 23 8 18 37 16 16 37 36
17 14 9 30 14 36 12 22 30 22 28 30 21 20 26 31 28 29 30 9 15 6 15 29 10 0 30 18 12 9 10 13 14 29 17 25 28 14 10 31 39
16 30 38 1 30 33 38 44 16 44 53 35 16 49 24 57 54 41 30 35 18 35 35 1 37 30 0 18 18 37 22 20 35 38 45 40 9 43 21 6 37
19 28 24 18 12 19 30 26 12 26 35 18 23 35 8 39 36 23 14 27 20 24 31 17 23 18 18 0 11 23 8 5 18 20 31 22 23 32 9 15 23
9 18 20 18 14 30 22 28 22 28 37 27 14 31 19 41 38 29 24 19 9 17 22 17 20 12 18 11 0 19 5 6 19 27 28 26 17 25 4 19 34
26 22 1 37 12 34 17 13 35 13 19 28 30 12 27 23 20 23 28 14 24 11 20 36 1 9 37 23 19 0 15 18 8 24 9 19 36 15 16 37 37
14 20 16 22 9 27 22 23 20 23 32 23 19 27 16 36 33 24 21 19 14 16 23 21 15 10 22 8 5 15 0 3 14 23 23 21 22 24 1 22 31
15 23 19 20 10 24 25 24 17 24 33 21 20 30 13 37 34 23 18 22 15 19 26 19 18 13 20 5 6 18 3 0 15 21 26 21 22 27 4 19 28
28 28 9 35 6 26 25 9 30 9 18 20 33 19 21 22 19 15 21 22 28 19 28 34 7 14 35 18 19 8 14 15 0 16 13 11 36 23 15 33 29
36 43 25 38 15 11 41 18 24 18 27 5 41 34 14 31 28 4 9 38 36 35 44 37 23 29 38 20 27 24 23 21 16 0 27 7 43 39 24 32 14
34 30 8 45 19 38 23 10 43 10 11 32 38 7 34 14 11 24 34 21 32 19 27 44 8 17 45 31 28 9 23 26 13 27 0 20 45 19 24 45 41
35 39 20 40 12 18 36 11 29 11 20 12 40 27 19 24 21 4 16 33 35 30 39 39 18 25 40 22 26 19 21 21 11 7 20 0 43 34 22 36 21
11 24 37 8 31 41 33 45 25 45 54 41 8 48 30 58 55 45 36 30 13 31 29 9 37 28 9 23 17 36 22 22 36 43 45 43 0 38 21 15 45
27 15 14 42 27 49 6 28 44 28 30 43 31 15 40 31 30 38 43 8 25 8 11 42 16 14 43 32 25 15 24 27 23 39 19 34 38 0 24 44 52
13 19 17 21 10 28 21 24 21 24 33 24 18 28 17 37 34 25 22 18 13 16 22 20 16 10 21 9 4 16 1 4 15 24 24 22 21 24 0 21 32
20 34 38 7 27 27 41 41 10 41 50 29 22 49 18 54 51 36 24 38 22 36 39 6 37 31 6 15 19 37 22 19 33 32 45 36 15 44 21 0 31
42 51 38 38 25 4 51 32 21 32 40 9 46 47 15 44 41 17 10 48 43 45 54 37 36 39 37 23 34 37 31 28 29 14 41 21 45 52 32 31 0
0 612
0 183
399 582
364 547
16 199
53 236
388 571
81 264
7 190
210 393
144 327
426 609
218 401
424 607
250 433
388 571
342 525
320 503
372 555
12 195
407 590
211 394
323 506
398 581
197 380
249 432
372 555
65 248
251 434
208 391
133 316
346 529
395 578
162 345
122 305
341 524
406 589
354 537
232 415
87 270
253 436
0
75
27
59
70
83
25
50
43
47
41
53
51
57
63
45
22
26
50
53
53
49
72
21
15
15
63
59
69
76
18
64
64
69
45
67
41
66
60
30
45
