41
1301
0 33 25 37 21 22 15 7 36 20 4 56 25 19 42 27 33 29 44 41 24 50 32 31 35 25 24 13 25 15 22 25 35 33 46 21 42 33 39 41 48
33 0 28 24 13 23 28 40 12 20 30 23 16 22 31 15 21 7 14 8 18 19 8 19 9 23 9 20 16 21 31 23 9 7 19 15 11 21 27 13 16
25 28 0 15 23 36 33 27 20 32 25 45 34 32 17 33 11 28 42 34 36 37 31 39 23 39 20 21 34 27 4 39 23 22 29 15 29 41 15 40 36
37 24 15 0 27 42 41 41 12 37 36 34 37 38 7 36 4 29 37 28 39 25 32 42 15 44 22 29 37 34 19 44 15 17 16 19 20 44 3 36 26
21 13 23 27 0 15 16 28 19 10 18 36 11 12 34 10 23 8 23 20 13 32 11 16 17 18 5 8 11 9 24 18 17 15 28 8 23 18 30 20 29
22 23 36 42 15 0 7 29 34 5 18 44 7 4 49 9 38 16 27 28 5 41 16 12 31 3 20 15 7 9 36 3 31 29 42 23 34 14 45 23 38
15 28 33 41 16 7 0 22 35 8 11 50 13 6 48 15 37 21 33 34 11 47 22 18 33 10 21 12 13 7 32 10 33 31 44 22 39 20 44 29 44
7 40 27 41 28 29 22 0 42 27 11 63 32 26 44 34 37 36 51 48 31 56 39 38 41 32 31 20 32 22 23 32 41 39 52 27 48 40 42 48 55
36 12 20 12 19 34 35 42 0 29 34 25 27 31 19 26 10 18 25 16 29 17 20 31 3 34 14 25 27 28 24 34 3 5 11 15 9 33 15 24 16
20 20 32 37 10 5 8 27 29 0 16 42 5 2 44 7 33 13 25 26 4 39 14 11 26 8 15 11 5 5 32 8 26 24 37 18 31 13 40 21 36
4 30 25 36 18 18 11 11 34 16 0 53 21 15 42 23 32 26 41 38 20 48 28 27 33 21 21 10 21 11 23 21 33 31 44 19 39 29 39 37 45
56 23 45 34 36 44 50 63 25 42 53 0 37 44 40 35 35 29 19 16 39 9 28 37 23 44 32 43 37 44 49 44 23 24 18 36 16 37 37 23 9
25 16 34 37 11 7 13 32 27 5 21 37 0 7 44 2 33 9 20 21 2 34 9 6 24 7 15 15 0 10 35 7 24 22 35 19 27 8 40 16 31
19 22 32 38 12 4 6 26 31 2 15 44 7 0 45 9 34 15 27 28 5 41 16 12 28 7 17 11 7 5 32 7 28 26 39 19 33 14 41 23 38
42 31 17 7 34 49 48 44 19 44 42 40 44 45 0 43 11 36 44 35 46 31 39 49 22 51 29 36 44 41 21 51 22 24 22 26 27 51 4 43 33
27 15 33 36 10 9 15 34 26 7 23 35 2 9 43 0 32 8 18 19 4 32 7 6 23 9 14 16 2 12 34 9 23 21 34 18 26 8 39 14 29
33 21 11 4 23 38 37 37 10 33 32 35 33 34 11 32 0 26 35 26 35 27 29 38 13 40 18 25 33 30 15 40 13 14 18 15 19 40 7 34 26
29 7 28 29 8 16 21 36 18 13 26 29 9 15 36 8 26 0 15 13 11 26 3 13 15 16 8 16 9 15 30 16 15 13 26 14 18 15 32 12 23
44 14 42 37 23 27 33 51 25 25 41 19 20 27 44 18 35 15 0 9 22 20 13 18 22 27 23 31 20 30 45 27 22 21 27 29 18 18 40 4 17
41 8 34 28 20 28 34 48 16 26 38 16 21 28 35 19 26 13 9 0 23 13 12 23 13 28 17 28 21 28 37 28 13 12 18 23 9 23 31 10 10
24 18 36 39 13 5 11 31 29 4 20 39 2 5 46 4 35 11 22 23 0 36 11 7 26 5 17 15 2 9 36 5 26 24 37 21 29 9 42 18 33
50 19 37 25 32 41 47 56 17 39 48 9 34 41 31 32 27 26 20 13 36 0 25 36 15 41 27 38 34 40 41 41 15 17 9 29 9 36 28 23 3
32 8 31 32 11 16 22 39 20 14 28 28 9 16 39 7 29 3 13 12 11 25 0 11 17 16 11 19 9 17 33 16 17 15 27 17 19 13 35 9 22
31 19 39 42 16 12 18 38 31 11 27 37 6 12 49 6 38 13 18 23 7 36 11 0 28 9 20 21 6 16 40 9 28 26 38 24 30 2 45 14 33
35 9 23 15 17 31 33 41 3 26 33 23 24 28 22 23 13 15 22 13 26 15 17 28 0 31 12 23 24 26 26 31 0 2 11 14 7 30 18 21 14
25 23 39 44 18 3 10 32 34 8 21 44 7 7 51 9 40 16 27 28 5 41 16 9 31 0 22 18 7 12 39 0 31 29 42 26 34 11 47 23 38
24 9 20 22 5 20 21 31 14 15 21 32 15 17 29 14 18 8 23 17 17 27 11 20 12 22 0 11 15 14 22 22 12 10 23 6 18 22 25 20 24
13 20 21 29 8 15 12 20 25 11 10 43 15 11 36 16 25 16 31 28 15 38 19 21 23 18 11 0 15 6 21 18 23 21 34 10 29 23 32 28 35
25 16 34 37 11 7 13 32 27 5 21 37 0 7 44 2 33 9 20 21 2 34 9 6 24 7 15 15 0 10 35 7 24 22 35 19 27 8 40 16 31
15 21 27 34 9 9 7 22 28 5 11 44 10 5 41 12 30 15 30 28 9 40 17 16 26 12 14 6 10 0 27 12 26 24 37 15 32 18 37 26 37
22 31 4 19 24 36 32 23 24 32 23 49 35 32 21 34 15 30 45 37 36 41 33 40 26 39 22 21 35 27 0 39 26 25 33 16 33 42 19 42 40
25 23 39 44 18 3 10 32 34 8 21 44 7 7 51 9 40 16 27 28 5 41 16 9 31 0 22 18 7 12 39 0 31 29 42 26 34 11 47 23 38
35 9 23 15 17 31 33 41 3 26 33 23 24 28 22 23 13 15 22 13 26 15 17 28 0 31 12 23 24 26 26 31 0 2 11 14 7 30 18 21 14
33 7 22 17 15 29 31 39 5 24 31 24 22 26 24 21 14 13 21 12 24 17 15 26 2 29 10 21 22 24 25 29 2 0 13 12 9 28 20 20 16
46 19 29 16 28 42 44 52 11 37 44 18 35 39 22 34 18 26 27 18 37 9 27 38 11 42 23 34 35 37 33 42 11 13 0 25 9 40 19 28 11
21 15 15 19 8 23 22 27 15 18 19 36 19 19 26 18 15 14 29 23 21 29 17 24 14 26 6 10 19 15 16 26 14 12 25 0 21 26 22 26 28
42 11 29 20 23 34 39 48 9 31 39 16 27 33 27 26 19 18 18 9 29 9 19 30 7 34 18 29 27 32 33 34 7 9 9 21 0 32 23 19 7
33 21 41 44 18 14 20 40 33 13 29 37 8 14 51 8 40 15 18 23 9 36 13 2 30 11 22 23 8 18 42 11 30 28 40 26 32 0 47 14 33
39 27 15 3 30 45 44 42 15 40 39 37 40 41 4 39 7 32 40 31 42 28 35 45 18 47 25 32 40 37 19 47 18 20 19 22 23 47 0 39 29
41 13 40 36 20 23 29 48 24 21 37 23 16 23 43 14 34 12 4 10 18 23 9 14 21 23 20 28 16 26 42 23 21 20 28 26 19 14 39 0 20
48 16 36 26 29 38 44 55 16 36 45 9 31 38 33 29 26 23 17 10 33 3 22 33 14 38 24 35 31 37 40 38 14 16 11 28 7 33 29 20 0
0 734
179 325
262 408
63 209
290 436
66 212
139 285
7 153
493 639
417 563
399 545
379 525
533 679
148 294
136 282
74 220
185 331
50 196
264 410
348 494
200 346
228 374
232 378
547 693
488 634
211 357
121 267
153 299
276 422
169 315
524 670
148 294
309 455
411 557
391 537
33 179
305 451
134 280
383 529
61 207
129 275
0
52
84
29
51
52
51
25
30
53
80
46
61
63
40
66
45
20
37
75
64
59
39
41
54
42
33
72
34
68
55
58
59
62
71
26
24
23
82
44
31
