41
1299
0 29 35 9 12 38 15 8 4 10 8 9 9 41 9 34 7 5 30 18 2 44 17 44 28 33 31 20 17 35 23 39 35 20 37 26 33 27 37 32 19
29 0 51 20 39 45 44 26 25 34 37 20 21 33 38 28 35 30 50 16 27 29 13 29 12 44 49 44 38 29 11 35 51 12 54 3 35 28 34 26 23
35 51 0 42 25 14 33 32 37 25 37 42 37 34 32 30 31 30 7 51 35 39 43 39 42 10 4 17 18 30 40 27 0 40 3 49 21 25 26 31 28
9 20 42 0 21 41 24 10 5 17 17 0 5 38 18 31 15 12 37 9 7 38 8 38 20 37 38 28 24 32 15 38 42 12 44 17 33 26 36 29 18
12 39 25 21 0 31 10 13 16 6 12 21 18 41 7 34 6 9 18 30 14 44 26 44 35 26 21 8 9 35 30 36 25 27 26 36 29 26 34 32 20
38 45 14 41 31 0 41 32 40 28 41 41 36 21 38 19 35 33 19 47 38 26 38 26 34 5 15 25 22 19 34 14 14 35 17 43 10 17 13 20 23
15 44 33 24 10 41 0 19 19 16 9 24 24 51 6 44 9 15 26 33 17 54 32 54 41 36 30 17 19 45 36 46 33 33 34 41 39 36 44 42 30
8 26 32 10 13 32 19 0 8 8 15 10 5 33 13 26 10 4 27 19 7 36 13 36 22 28 28 19 14 27 17 31 32 14 34 23 25 19 29 24 11
4 25 37 5 16 40 19 8 0 12 12 5 6 40 13 33 10 7 32 14 2 42 13 42 25 35 33 23 19 34 20 39 37 17 39 22 33 27 37 31 19
10 34 25 17 6 28 16 8 12 0 13 17 13 35 10 28 7 5 20 26 10 38 21 38 29 24 21 11 7 29 24 32 25 22 27 31 25 20 30 26 14
8 37 37 17 12 41 9 15 12 13 0 17 17 48 5 41 6 11 30 26 10 51 25 51 36 37 33 20 20 42 31 45 37 28 38 34 38 33 43 39 26
9 20 42 0 21 41 24 10 5 17 17 0 5 38 18 31 15 12 37 9 7 38 8 38 20 37 38 28 24 32 15 38 42 12 44 17 33 26 36 29 18
9 21 37 5 18 36 24 5 6 13 17 5 0 34 18 27 15 9 32 14 7 36 8 36 19 32 33 24 19 28 14 33 37 11 39 18 28 21 31 25 13
41 33 34 38 41 21 51 33 40 35 48 38 34 0 45 7 42 37 38 42 40 5 33 5 21 24 35 39 33 6 25 7 34 28 37 31 14 15 9 9 22
9 38 32 18 7 38 6 13 13 10 5 18 18 45 0 38 3 9 25 27 11 48 26 48 35 33 28 15 16 39 30 42 32 27 33 35 35 30 40 36 24
34 28 30 31 34 19 44 26 33 28 41 31 27 7 38 0 35 30 33 35 33 10 26 10 16 20 30 32 26 1 18 7 30 21 33 26 9 8 7 2 15
7 35 31 15 6 35 9 10 10 7 6 15 15 42 3 35 0 6 24 24 8 45 23 45 32 31 27 14 14 36 27 39 31 24 32 32 32 27 37 33 21
5 30 30 12 9 33 15 4 7 5 11 12 9 37 9 30 6 0 25 21 5 40 17 40 26 28 26 16 12 31 21 34 30 18 32 27 28 22 32 28 15
30 50 7 37 18 19 26 27 32 20 30 37 32 38 25 33 24 25 0 46 30 42 39 42 42 14 4 10 13 33 39 31 7 39 8 48 24 26 29 32 27
18 16 51 9 30 47 33 19 14 26 26 9 14 42 27 35 24 21 46 0 16 40 9 40 22 45 47 37 33 36 17 42 51 14 53 14 39 32 41 33 24
2 27 35 7 14 38 17 7 2 10 10 7 7 40 11 33 8 5 30 16 0 42 15 42 26 33 31 21 17 34 21 38 35 18 37 24 32 26 36 31 18
44 29 39 38 44 26 54 36 42 38 51 38 36 5 48 10 45 40 42 40 42 0 31 0 19 29 39 42 36 9 23 12 39 26 42 29 18 18 14 12 25
17 13 43 8 26 38 32 13 13 21 25 8 8 33 26 26 23 17 39 9 15 31 0 31 13 36 40 32 26 27 8 33 43 5 46 10 30 23 32 24 15
44 29 39 38 44 26 54 36 42 38 51 38 36 5 48 10 45 40 42 40 42 0 31 0 19 29 39 42 36 9 23 12 39 26 42 29 18 18 14 12 25
28 12 42 20 35 34 41 22 25 29 36 20 19 21 35 16 32 26 42 22 26 19 13 19 0 33 41 36 30 17 5 23 42 8 45 10 24 17 22 14 15
33 44 10 37 26 5 36 28 35 24 37 37 32 24 33 20 31 28 14 45 33 29 36 29 33 0 11 20 17 20 33 17 10 33 13 42 11 16 16 21 21
31 49 4 38 21 15 30 28 33 21 33 38 33 35 28 30 27 26 4 47 31 39 40 39 41 11 0 13 14 30 38 28 4 38 6 47 21 24 26 30 26
20 44 17 28 8 25 17 19 23 11 20 28 24 39 15 32 14 16 10 37 21 42 32 42 36 20 13 0 6 33 33 33 17 32 18 41 26 24 31 30 21
17 38 18 24 9 22 19 14 19 7 20 24 19 33 16 26 14 12 13 33 17 36 26 36 30 17 14 6 0 27 27 27 18 26 20 35 20 18 25 24 15
35 29 30 32 35 19 45 27 34 29 42 32 28 6 39 1 36 31 33 36 34 9 27 9 17 20 30 33 27 0 19 6 30 22 33 27 9 9 6 3 16
23 11 40 15 30 34 36 17 20 24 31 15 14 25 30 18 27 21 39 17 21 23 8 23 5 33 38 33 27 19 0 25 40 3 43 9 24 17 24 16 12
39 35 27 38 36 14 46 31 39 32 45 38 33 7 42 7 39 34 31 42 38 12 33 12 23 17 28 33 27 6 25 0 27 28 30 33 7 12 2 9 20
35 51 0 42 25 14 33 32 37 25 37 42 37 34 32 30 31 30 7 51 35 39 43 39 42 10 4 17 18 30 40 27 0 40 3 49 21 25 26 31 28
20 12 40 12 27 35 33 14 17 22 28 12 11 28 27 21 24 18 39 14 18 26 5 26 8 33 38 32 26 22 3 28 40 0 43 9 26 19 27 19 12
37 54 3 44 26 17 34 34 39 27 38 44 39 37 33 33 32 32 8 53 37 42 46 42 45 13 6 18 20 33 43 30 3 43 0 52 24 28 29 34 31
26 3 49 17 36 43 41 23 22 31 34 17 18 31 35 26 32 27 48 14 24 29 10 29 10 42 47 41 35 27 9 33 49 9 52 0 33 26 32 24 21
33 35 21 33 29 10 39 25 33 25 38 33 28 14 35 9 32 28 24 39 32 18 30 18 24 11 21 26 20 9 24 7 21 26 24 33 0 7 5 10 15
27 28 25 26 26 17 36 19 27 20 33 26 21 15 30 8 27 22 26 32 26 18 23 18 17 16 24 24 18 9 17 12 25 19 28 26 7 0 10 6 8
37 34 26 36 34 13 44 29 37 30 43 36 31 9 40 7 37 32 29 41 36 14 32 14 22 16 26 31 25 6 24 2 26 27 29 32 5 10 0 8 18
32 26 31 29 32 20 42 24 31 26 39 29 25 9 36 2 33 28 32 33 31 12 24 12 14 21 30 30 24 3 16 9 31 19 34 24 10 6 8 0 13
19 23 28 18 20 23 30 11 19 14 26 18 13 22 24 15 21 15 27 24 18 25 15 25 15 21 26 21 15 16 12 20 28 12 31 21 15 8 18 13 0
0 244
108 205
142 239
140 237
51 148
69 166
90 187
4 101
7 104
117 214
54 151
124 221
51 148
114 211
140 237
16 113
105 202
97 194
81 178
142 239
92 189
90 187
141 238
7 104
49 146
130 227
65 162
63 160
21 118
123 220
139 236
65 162
133 230
129 226
123 220
56 153
97 194
5 102
114 211
133 230
44 141
0
62
80
49
16
46
27
47
56
77
28
63
13
36
43
40
71
77
63
32
28
82
53
22
33
25
32
88
68
70
46
83
16
50
88
33
84
66
60
20
24
