41
1301
0 31 12 51 14 16 7 19 9 28 57 28 16 21 20 28 10 21 8 19 16 28 32 27 25 40 30 9 8 7 49 44 16 21 40 44 56 34 34 35 37
31 0 29 20 18 15 25 24 23 16 27 25 16 20 22 14 22 30 24 19 35 20 13 14 8 13 23 24 27 26 19 13 21 23 11 18 25 3 27 26 6
12 29 0 46 18 17 13 8 8 19 52 17 13 12 28 21 16 9 15 25 6 34 36 20 21 41 20 7 4 16 44 42 23 10 40 36 51 32 23 41 35
51 20 46 0 38 35 45 38 42 27 7 36 35 34 41 26 42 44 44 38 50 37 29 26 26 21 32 43 46 46 2 12 41 37 19 11 5 18 33 41 14
14 18 18 38 0 4 7 19 10 22 45 26 9 18 10 20 4 25 6 7 24 16 18 19 14 26 27 11 15 8 37 31 6 20 26 34 43 20 31 23 24
16 15 17 35 4 0 10 16 9 18 42 23 6 15 14 16 7 22 9 11 23 19 19 15 10 25 24 10 14 11 34 28 10 17 24 30 40 18 28 26 21
7 25 13 45 7 10 0 17 7 25 52 26 12 19 15 24 3 22 2 13 19 22 25 23 20 33 28 7 9 3 44 38 10 19 33 40 50 27 32 29 31
19 24 8 38 19 16 17 0 11 11 44 9 10 4 29 13 19 6 19 26 12 35 33 12 16 37 12 10 11 20 36 37 25 2 35 28 43 27 15 42 30
9 23 8 42 10 9 7 11 0 19 48 20 7 13 20 19 8 16 9 17 14 26 28 18 16 34 22 1 5 10 40 36 15 13 33 35 47 26 26 33 29
28 16 19 27 22 18 25 11 19 0 33 9 13 7 31 2 24 17 26 28 23 33 29 3 10 29 7 19 21 28 25 28 28 10 27 17 32 19 11 40 21
57 27 52 7 45 42 52 44 48 33 0 42 41 40 48 32 49 50 51 45 56 42 34 32 32 26 38 49 52 53 8 17 48 43 24 17 2 25 39 46 21
28 25 17 36 26 23 26 9 20 9 42 0 17 8 36 11 28 10 28 33 19 41 38 12 19 38 4 19 20 29 34 37 32 7 36 25 41 28 6 48 30
16 16 13 35 9 6 12 10 7 13 41 17 0 9 19 12 11 16 13 16 19 25 23 11 9 28 18 8 11 15 33 29 15 11 27 28 40 19 22 32 22
21 20 12 34 18 15 19 4 13 7 40 8 9 0 28 9 20 10 21 25 16 34 31 8 12 33 9 12 14 22 32 33 24 3 31 24 39 23 13 41 26
20 22 28 41 10 14 15 29 20 31 48 36 19 28 0 29 12 35 13 3 34 9 15 28 21 24 37 21 24 13 40 32 5 30 25 40 46 23 41 15 27
28 14 21 26 20 16 24 13 19 2 32 11 12 9 29 0 23 19 25 26 25 31 27 1 8 27 9 19 22 27 24 26 26 12 25 16 31 17 13 38 19
10 22 16 42 4 7 3 19 8 24 49 28 11 20 12 23 0 24 2 10 22 19 22 22 17 30 29 9 12 4 41 35 7 21 30 37 47 24 33 26 28
21 30 9 44 25 22 22 6 16 17 50 10 16 10 35 19 24 0 24 32 9 41 39 18 22 43 14 15 13 25 42 43 31 7 41 34 49 33 16 48 36
8 24 15 44 6 9 2 19 9 26 51 28 13 21 13 25 2 24 0 11 21 20 24 24 19 32 30 9 11 2 43 37 8 21 32 39 49 26 34 27 30
19 19 25 38 7 11 13 26 17 28 45 33 16 25 3 26 10 32 11 0 31 9 13 25 18 22 34 18 22 12 37 30 3 27 23 37 43 20 38 16 24
16 35 6 50 24 23 19 12 14 23 56 19 19 16 34 25 22 9 21 31 0 40 42 24 27 47 23 13 10 22 48 48 29 14 46 40 55 38 25 47 41
28 20 34 37 16 19 22 35 26 33 42 41 25 34 9 31 19 41 20 9 40 0 8 30 23 17 40 27 31 21 37 25 12 36 18 38 40 20 44 7 24
32 13 36 29 18 19 25 33 28 29 34 38 23 31 15 27 22 39 24 13 42 8 0 26 19 9 36 29 33 25 29 17 16 34 10 31 32 12 40 13 16
27 14 20 26 19 15 23 12 18 3 32 12 11 8 28 1 22 18 24 25 24 30 26 0 7 27 10 18 21 26 24 25 25 11 25 17 31 17 14 37 18
25 8 21 26 14 10 20 16 16 10 32 19 9 12 21 8 17 22 19 18 27 23 19 7 0 21 17 17 20 21 24 21 19 15 19 20 31 11 21 30 14
40 13 41 21 26 25 33 37 34 29 26 38 28 33 24 27 30 43 32 22 47 17 9 27 21 0 36 35 39 34 22 9 25 36 2 26 24 10 40 20 10
30 23 20 32 27 24 28 12 22 7 38 4 18 9 37 9 29 14 30 34 23 40 36 10 17 36 0 21 23 31 30 35 33 10 34 21 37 26 4 47 28
9 24 7 43 11 10 7 10 1 19 49 19 8 12 21 19 9 15 9 18 13 27 29 18 17 35 21 0 4 10 41 37 16 12 34 35 48 27 25 34 30
8 27 4 46 15 14 9 11 5 21 52 20 11 14 24 22 12 13 11 22 10 31 33 21 20 39 23 4 0 12 44 40 19 13 38 38 51 30 26 38 33
7 26 16 46 8 11 3 20 10 28 53 29 15 22 13 27 4 25 2 12 22 21 25 26 21 34 31 10 12 0 45 39 9 22 34 41 51 28 35 28 32
49 19 44 2 37 34 44 36 40 25 8 34 33 32 40 24 41 42 43 37 48 37 29 24 24 22 30 41 44 45 0 13 40 35 20 9 7 17 31 42 13
44 13 42 12 31 28 38 37 36 28 17 37 29 33 32 26 35 43 37 30 48 25 17 25 21 9 35 37 40 39 13 0 33 36 7 20 15 11 39 29 7
16 21 23 41 6 10 10 25 15 28 48 32 15 24 5 26 7 31 8 3 29 12 16 25 19 25 33 16 19 9 40 33 0 26 26 39 46 23 37 19 27
21 23 10 37 20 17 19 2 13 10 43 7 11 3 30 12 21 7 21 27 14 36 34 11 15 36 10 12 13 22 35 36 26 0 34 27 42 26 13 43 29
40 11 40 19 26 24 33 35 33 27 24 36 27 31 25 25 30 41 32 23 46 18 10 25 19 2 34 34 38 34 20 7 26 34 0 24 22 8 38 22 8
44 18 36 11 34 30 40 28 35 17 17 25 28 24 40 16 37 34 39 37 40 38 31 17 20 26 21 35 38 41 9 20 39 27 24 0 16 19 22 44 16
56 25 51 5 43 40 50 43 47 32 2 41 40 39 46 31 47 49 49 43 55 40 32 31 31 24 37 48 51 51 7 15 46 42 22 16 0 23 38 44 19
34 3 32 18 20 18 27 27 26 19 25 28 19 23 23 17 24 33 26 20 38 20 12 17 11 10 26 27 30 28 17 11 23 26 8 19 23 0 30 25 4
34 27 23 33 31 28 32 15 26 11 39 6 22 13 41 13 33 16 34 38 25 44 40 14 21 40 4 25 26 35 31 39 37 13 38 22 38 30 0 51 32
35 26 41 41 23 26 29 42 33 40 46 48 32 41 15 38 26 48 27 16 47 7 13 37 30 20 47 34 38 28 42 29 19 43 22 44 44 25 51 0 29
37 6 35 14 24 21 31 30 29 21 21 30 22 26 27 19 28 36 30 24 41 24 16 18 14 10 28 30 33 32 13 7 27 29 8 16 19 4 32 29 0
0 318
212 307
214 309
180 275
56 151
134 229
61 156
139 234
187 282
0 95
142 237
38 133
218 313
180 275
136 231
214 309
176 271
147 242
124 219
135 230
190 285
0 95
124 219
23 118
96 191
192 287
42 137
18 113
6 101
72 167
27 122
8 103
180 275
140 235
161 256
116 211
49 144
202 297
21 116
189 284
136 231
0
54
46
89
77
40
22
58
40
61
59
56
83
80
45
49
19
14
22
39
18
25
55
67
66
55
83
25
65
39
30
36
52
76
48
48
83
30
41
69
37
