41
1299
0 28 22 7 8 42 39 9 15 47 52 17 24 2 42 14 50 16 38 42 4 34 49 44 24 42 33 53 39 28 30 32 35 10 7 13 27 41 45 11 49
28 0 22 21 22 35 24 30 28 27 40 11 6 30 15 34 31 30 11 43 29 7 29 40 15 31 23 39 17 35 17 4 42 18 24 17 2 19 38 31 38
22 22 0 18 14 20 19 18 10 28 30 21 16 22 30 16 30 12 26 22 26 25 30 22 7 20 12 32 22 13 11 25 20 17 15 13 24 22 23 17 27
7 21 18 0 4 38 32 12 13 40 47 10 17 9 35 16 43 15 31 40 9 27 42 40 17 37 28 47 32 26 23 25 33 3 6 6 20 34 41 13 44
8 22 14 4 0 34 31 8 9 39 44 13 17 9 35 12 42 11 31 36 12 28 41 36 16 34 25 45 31 22 22 26 29 6 2 5 22 33 37 9 41
42 35 20 38 34 0 14 36 28 20 12 40 30 42 32 33 19 29 32 10 46 34 22 5 23 8 12 16 24 20 18 36 19 37 35 33 37 22 3 35 9
39 24 19 32 31 14 0 36 28 9 16 31 21 39 18 34 11 30 18 24 41 21 11 19 15 7 7 15 10 27 9 24 30 30 32 26 26 8 17 35 14
9 30 18 12 8 36 36 0 8 45 47 21 25 7 43 5 47 8 39 34 13 36 47 37 22 38 29 49 38 20 28 34 27 14 6 13 30 39 38 2 44
15 28 10 13 9 28 28 8 0 37 39 22 22 15 38 6 39 2 34 27 19 33 39 29 15 30 21 41 31 13 21 31 20 15 9 12 29 32 30 7 36
47 27 28 40 39 20 9 45 37 0 16 35 25 47 16 43 4 39 18 30 49 21 2 25 23 12 16 12 10 36 17 25 38 38 40 34 29 8 23 44 15
52 40 30 47 44 12 16 47 39 16 0 46 36 52 32 44 12 40 33 20 56 36 17 15 30 10 19 5 25 32 24 40 30 45 45 41 42 23 12 46 3
17 11 21 10 13 40 31 21 22 35 46 0 10 19 26 25 39 24 22 43 18 18 37 43 17 36 28 46 25 34 22 15 41 7 15 10 10 27 43 22 43
24 6 16 17 17 30 21 25 22 25 36 10 0 26 18 28 29 24 14 37 26 11 27 35 9 26 18 36 15 29 12 9 36 14 19 12 8 17 33 26 33
2 30 22 9 9 42 39 7 15 47 52 19 26 0 44 12 50 15 40 41 6 36 49 44 24 42 34 54 40 27 30 34 34 12 7 14 29 41 45 9 49
42 15 30 35 35 32 18 43 38 16 32 26 18 44 0 44 20 40 4 42 44 8 16 37 23 25 22 28 8 42 19 12 46 32 37 30 17 10 35 44 31
14 34 16 16 12 33 34 5 6 43 44 25 28 12 44 0 45 4 40 30 18 39 45 33 21 35 27 47 37 16 27 37 22 18 10 17 34 38 35 3 41
50 31 30 43 42 19 11 47 39 4 12 39 29 50 20 45 0 41 22 29 52 25 5 24 26 12 18 8 14 36 20 29 38 41 43 37 33 12 21 46 12
16 30 12 15 11 29 30 8 2 39 40 24 24 15 40 4 41 0 36 26 20 35 41 29 17 31 23 43 33 12 23 33 19 17 10 14 31 34 31 6 37
38 11 26 31 31 32 18 39 34 18 33 22 14 40 4 40 22 36 0 42 40 4 19 37 19 25 22 30 8 39 16 8 45 28 33 26 13 10 35 40 31
42 43 22 40 36 10 24 34 27 30 20 43 37 41 42 30 29 26 42 0 46 42 32 5 28 18 20 24 34 14 26 44 10 39 36 35 45 32 8 32 17
4 29 26 9 12 46 41 13 19 49 56 18 26 6 44 18 52 20 40 46 0 36 51 48 26 46 37 56 41 32 32 33 39 12 11 15 28 43 49 15 53
34 7 25 27 28 34 21 36 33 21 36 18 11 36 8 39 25 35 4 42 36 0 23 39 18 28 22 33 11 38 16 4 45 24 30 23 9 13 37 37 34
49 29 30 42 41 22 11 47 39 2 17 37 27 49 16 45 5 41 19 32 51 23 0 27 25 14 18 13 12 38 19 27 40 40 42 36 31 10 25 46 17
44 40 22 40 36 5 19 37 29 25 15 43 35 44 37 33 24 29 37 5 48 39 27 0 26 13 17 19 29 17 23 41 15 39 37 35 42 27 3 35 12
24 15 7 17 16 23 15 22 15 23 30 17 9 24 23 21 26 17 19 28 26 18 25 26 0 20 11 30 16 20 6 18 27 15 17 11 17 17 26 22 27
42 31 20 37 34 8 7 38 30 12 10 36 26 42 25 35 12 31 25 18 46 28 14 13 20 0 9 12 17 24 14 31 26 35 35 31 33 15 11 37 7
33 23 12 28 25 12 7 29 21 16 19 28 18 34 22 27 18 23 22 20 37 22 18 17 11 9 0 20 14 20 6 24 24 26 27 22 25 14 15 28 16
53 39 32 47 45 16 15 49 41 12 5 46 36 54 28 47 8 43 30 24 56 33 13 19 30 12 20 0 22 35 24 37 34 45 47 41 41 20 16 48 7
39 17 22 32 31 24 10 38 31 10 25 25 15 40 8 37 14 33 8 34 41 11 12 29 16 17 14 22 0 34 11 15 38 29 33 26 19 2 27 38 23
28 35 13 26 22 20 27 20 13 36 32 34 29 27 42 16 36 12 39 14 32 38 38 17 20 24 20 35 34 0 23 38 7 28 22 24 37 34 20 18 29
30 17 11 23 22 18 9 28 21 17 24 22 12 30 19 27 20 23 16 26 32 16 19 23 6 14 6 24 11 23 0 18 29 21 23 17 19 11 21 28 21
32 4 25 25 26 36 24 34 31 25 40 15 9 34 12 37 29 33 8 44 33 4 27 41 18 31 24 37 15 38 18 0 45 22 28 21 5 17 39 35 38
35 42 20 33 29 19 30 27 20 38 30 41 36 34 46 22 38 19 45 10 39 45 40 15 27 26 24 34 38 7 29 45 0 35 29 31 44 38 18 25 27
10 18 17 3 6 37 30 14 15 38 45 7 14 12 32 18 41 17 28 39 12 24 40 39 15 35 26 45 29 28 21 22 35 0 8 4 17 31 40 15 42
7 24 15 6 2 35 32 6 9 40 45 15 19 7 37 10 43 10 33 36 11 30 42 37 17 35 27 47 33 22 23 28 29 8 0 7 24 34 38 7 42
13 17 13 6 5 33 26 13 12 34 41 10 12 14 30 17 37 14 26 35 15 23 36 35 11 31 22 41 26 24 17 21 31 4 7 0 17 28 36 14 38
27 2 24 20 22 37 26 30 29 29 42 10 8 29 17 34 33 31 13 45 28 9 31 42 17 33 25 41 19 37 19 5 44 17 24 17 0 21 40 31 40
41 19 22 34 33 22 8 39 32 8 23 27 17 41 10 38 12 34 10 32 43 13 10 27 17 15 14 20 2 34 11 17 38 31 34 28 21 0 25 39 21
45 38 23 41 37 3 17 38 30 23 12 43 33 45 35 35 21 31 35 8 49 37 25 3 26 11 15 16 27 20 21 39 18 40 38 36 40 25 0 37 9
11 31 17 13 9 35 35 2 7 44 46 22 26 9 44 3 46 6 40 32 15 37 46 35 22 37 28 48 38 18 28 35 25 15 7 14 31 39 37 0 43
49 38 27 44 41 9 14 44 36 15 3 43 33 49 31 41 12 37 31 17 53 34 17 12 27 7 16 7 23 29 21 38 27 42 42 38 40 21 9 43 0
0 416
115 281
188 354
1 167
58 224
198 364
10 176
51 217
108 274
226 392
154 320
87 253
45 211
117 283
121 287
176 342
56 222
11 177
127 293
50 216
75 241
45 211
194 360
8 174
19 185
118 284
148 314
59 225
83 249
242 408
215 381
113 279
107 273
122 288
248 414
32 198
109 275
111 277
126 292
207 373
71 237
0
37
64
41
33
49
58
30
62
31
82
28
66
47
94
57
20
39
15
89
29
58
31
37
64
53
21
40
42
93
72
32
56
48
56
43
89
23
32
65
72
