41
1301
0 9 10 19 40 19 11 32 35 37 9 4 17 24 38 10 21 23 33 12 25 13 18 17 4 30 26 26 25 19 16 18 12 4 31 31 31 11 23 14 10
9 0 15 16 34 23 17 24 27 32 11 13 18 30 34 9 12 16 26 21 16 20 25 21 11 23 30 32 16 19 24 19 11 7 22 22 25 5 14 23 19
10 15 0 13 34 28 3 39 41 31 4 13 9 15 32 7 23 23 41 10 27 22 26 27 14 29 16 17 27 11 10 10 8 14 31 33 25 12 25 12 8
19 16 13 0 21 38 16 37 37 18 11 23 7 24 19 9 18 12 39 23 21 32 37 35 23 17 19 24 21 6 22 7 7 21 21 27 12 11 20 25 21
40 34 34 21 0 57 37 43 42 3 32 44 27 43 4 30 27 18 45 44 25 52 57 54 43 13 36 41 25 25 43 26 28 40 20 28 9 29 25 46 42
19 23 28 38 57 0 28 34 37 55 28 15 36 38 57 29 33 39 33 25 37 7 8 3 15 46 43 41 37 38 30 37 31 17 43 42 48 28 35 24 24
11 17 3 16 37 28 0 41 44 34 7 13 11 13 35 10 26 26 43 7 30 21 25 27 14 32 15 15 30 13 7 12 11 15 34 36 28 15 28 9 5
32 24 39 37 43 34 41 0 3 43 35 34 42 54 45 33 19 26 2 44 18 36 41 31 32 30 54 56 18 42 48 43 35 28 23 16 36 28 18 46 42
35 27 41 37 42 37 44 3 0 42 37 37 43 56 44 34 19 26 5 47 17 39 44 34 35 29 55 57 17 43 51 44 36 31 22 14 36 29 18 49 45
37 32 31 18 3 55 34 43 42 0 29 41 24 40 2 27 26 17 45 41 25 50 55 52 41 13 33 38 25 22 40 23 25 38 20 28 7 27 25 43 39
9 11 4 11 32 28 7 35 37 29 0 13 8 19 30 3 19 19 37 14 23 22 27 26 13 25 19 21 23 10 14 9 4 13 27 29 23 8 21 16 12
4 13 13 23 44 15 13 34 37 41 13 0 21 24 42 14 25 27 35 12 29 9 14 14 2 34 28 27 29 23 16 22 16 6 35 35 35 15 27 13 10
17 18 9 7 27 36 11 42 43 24 8 21 0 17 24 9 24 19 43 18 28 30 35 34 21 24 13 17 28 2 16 1 7 21 28 34 19 14 26 20 16
24 30 15 24 43 38 13 54 56 40 19 24 17 0 39 22 38 36 56 13 42 31 33 38 26 41 8 3 42 18 8 17 22 28 45 48 35 27 40 15 14
38 34 32 19 4 57 35 45 44 2 30 42 24 39 0 28 28 19 47 42 27 51 56 54 42 15 32 37 27 22 40 23 26 40 22 30 9 29 27 44 40
10 9 7 9 30 29 10 33 34 27 3 14 9 22 28 0 16 16 34 16 20 23 28 26 14 22 21 23 20 10 17 10 2 12 24 26 21 5 18 18 14
21 12 23 18 27 33 26 19 19 26 19 25 24 38 28 16 0 9 21 32 4 32 37 30 23 14 37 39 4 24 33 25 17 19 10 10 19 11 2 34 30
23 16 23 12 18 39 26 26 26 17 19 27 19 36 19 16 9 0 28 32 9 35 40 37 26 7 31 36 9 18 32 19 15 23 9 15 10 12 8 34 30
33 26 41 39 45 33 43 2 5 45 37 35 43 56 47 34 21 28 0 45 20 36 41 30 33 32 55 57 20 44 49 44 36 29 25 18 38 29 20 47 43
12 21 10 23 44 25 7 44 47 41 14 12 18 13 42 16 32 32 45 0 36 18 20 25 14 38 19 16 36 20 5 19 18 16 40 42 35 21 34 2 2
25 16 27 21 25 37 30 18 17 25 23 29 28 42 27 20 4 9 20 36 0 36 41 34 27 12 40 43 0 27 37 28 21 23 6 6 19 15 2 38 34
13 20 22 32 52 7 21 36 39 50 22 9 30 31 51 23 32 35 36 18 36 0 5 8 9 42 36 34 36 32 23 31 25 13 42 42 43 23 34 17 17
18 25 26 37 57 8 25 41 44 55 27 14 35 33 56 28 37 40 41 20 41 5 0 11 14 47 39 36 41 37 25 36 30 18 47 47 48 28 39 18 20
17 21 27 35 54 3 27 31 34 52 26 14 34 38 54 26 30 37 30 25 34 8 11 0 13 44 42 41 34 36 30 35 28 14 40 39 45 25 32 25 24
4 11 14 23 43 15 14 32 35 41 13 2 21 26 42 14 23 26 33 14 27 9 14 13 0 33 29 29 27 23 18 22 16 4 33 33 34 14 25 15 12
30 23 29 17 13 46 32 30 29 13 25 34 24 41 15 22 14 7 32 38 12 42 47 44 33 0 36 41 12 23 38 24 21 30 7 15 8 19 12 40 36
26 30 16 19 36 43 15 54 55 33 19 28 13 8 32 21 37 31 55 19 40 36 39 42 29 36 0 5 40 13 14 12 20 30 40 46 30 26 38 21 19
26 32 17 24 41 41 15 56 57 38 21 27 17 3 37 23 39 36 57 16 43 34 36 41 29 41 5 0 43 18 11 17 22 30 45 49 35 28 41 18 17
25 16 27 21 25 37 30 18 17 25 23 29 28 42 27 20 4 9 20 36 0 36 41 34 27 12 40 43 0 27 37 28 21 23 6 6 19 15 2 38 34
19 19 11 6 25 38 13 42 43 22 10 23 2 18 22 10 24 18 44 20 27 32 37 36 23 23 13 18 27 0 18 1 8 22 27 33 17 15 25 22 18
16 24 10 22 43 30 7 48 51 40 14 16 16 8 40 17 33 32 49 5 37 23 25 30 18 38 14 11 37 18 0 17 17 20 41 43 34 22 35 7 6
18 19 10 7 26 37 12 43 44 23 9 22 1 17 23 10 25 19 44 19 28 31 36 35 22 24 12 17 28 1 17 0 8 22 28 34 18 15 26 21 17
12 11 8 7 28 31 11 35 36 25 4 16 7 22 26 2 17 15 36 18 21 25 30 28 16 21 20 22 21 8 17 8 0 14 24 27 19 7 19 20 16
4 7 14 21 40 17 15 28 31 38 13 6 21 28 40 12 19 23 29 16 23 13 18 14 4 30 30 30 23 22 20 22 14 0 29 29 31 11 21 18 14
31 22 31 21 20 43 34 23 22 20 27 35 28 45 22 24 10 9 25 40 6 42 47 40 33 7 40 45 6 27 41 28 24 29 0 8 15 20 8 42 38
31 22 33 27 28 42 36 16 14 28 29 35 34 48 30 26 10 15 18 42 6 42 47 39 33 15 46 49 6 33 43 34 27 29 8 0 23 21 8 44 40
31 25 25 12 9 48 28 36 36 7 23 35 19 35 9 21 19 10 38 35 19 43 48 45 34 8 30 35 19 17 34 18 19 31 15 23 0 20 18 37 33
11 5 12 11 29 28 15 28 29 27 8 15 14 27 29 5 11 12 29 21 15 23 28 25 14 19 26 28 15 15 22 15 7 11 20 21 20 0 13 23 19
23 14 25 20 25 35 28 18 18 25 21 27 26 40 27 18 2 8 20 34 2 34 39 32 25 12 38 41 2 25 35 26 19 21 8 8 18 13 0 36 32
14 23 12 25 46 24 9 46 49 43 16 13 20 15 44 18 34 34 47 2 38 17 18 25 15 40 21 18 38 22 7 21 20 18 42 44 37 23 36 0 4
10 19 8 21 42 24 5 42 45 39 12 10 16 14 40 14 30 30 43 2 34 17 20 24 12 36 19 17 34 18 6 17 16 14 38 40 33 19 32 4 0
0 636
558 558
135 135
224 224
174 174
107 107
585 585
615 615
429 429
618 618
160 160
407 407
518 518
47 47
624 624
5 5
439 439
552 552
475 475
112 112
167 167
301 301
381 381
597 597
417 417
154 154
335 335
430 430
169 169
27 27
184 184
548 548
314 314
465 465
587 587
245 245
268 268
599 599
614 614
345 345
116 116
0
45
52
48
57
59
47
38
46
57
59
56
36
66
36
49
26
29
57
74
16
43
57
75
63
61
41
55
29
75
48
54
38
38
70
32
62
33
46
64
64
