41
1299
0 11 38 26 23 10 23 22 24 36 29 16 20 19 10 18 32 20 5 29 14 22 38 28 19 16 14 25 28 25 33 8 21 21 29 10 8 16 29 29 24
11 0 34 17 18 2 12 14 14 30 20 27 31 29 1 29 26 18 16 26 9 25 27 17 29 11 6 14 17 14 22 5 12 15 26 14 6 12 20 18 23
38 34 0 20 16 32 31 22 40 5 47 42 45 41 35 43 12 52 40 9 43 59 48 26 42 23 28 37 40 37 26 32 24 20 9 29 40 46 18 31 14
26 17 20 0 9 16 11 5 20 15 27 38 42 39 18 40 9 35 31 16 26 42 28 6 39 11 12 17 20 17 9 18 5 6 16 23 23 29 3 11 17
23 18 16 9 0 16 16 6 25 13 32 32 36 32 19 34 10 36 27 9 27 43 35 15 33 7 12 22 25 22 18 16 8 4 9 17 24 30 10 19 8
10 2 32 16 16 0 13 12 16 28 22 25 29 27 3 27 24 20 15 24 11 27 29 18 27 9 4 16 19 16 23 3 11 13 24 12 8 14 19 19 21
23 12 31 11 16 13 0 10 9 26 16 38 42 40 13 40 20 28 28 25 19 37 19 6 40 15 11 6 9 6 11 16 8 12 25 25 18 22 14 6 24
22 14 22 5 6 12 10 0 19 17 26 33 37 34 15 35 12 32 27 15 23 39 29 9 34 6 8 16 19 16 13 14 2 2 15 18 20 26 7 13 14
24 14 40 20 25 16 9 19 0 35 7 40 44 43 14 42 29 21 29 34 14 31 15 15 43 22 16 3 5 3 19 19 17 21 34 28 17 16 23 13 33
36 30 5 15 13 28 26 17 35 0 42 41 44 40 31 42 7 48 39 8 39 55 43 21 41 20 24 32 35 32 21 29 19 15 8 28 36 42 13 26 13
29 20 47 27 32 22 16 26 7 42 0 45 49 48 20 47 36 19 34 41 16 29 14 22 48 29 23 10 9 10 25 25 24 28 41 34 21 16 30 19 40
16 27 42 38 32 25 38 33 40 41 45 0 4 4 26 2 42 34 11 33 29 31 54 42 3 27 28 41 44 41 46 22 35 32 33 15 24 31 40 44 28
20 31 45 42 36 29 42 37 44 44 49 4 0 4 30 2 46 38 15 36 33 34 58 46 3 31 32 45 48 45 50 26 39 36 36 19 28 35 44 48 31
19 29 41 39 32 27 40 34 43 40 48 4 4 0 29 2 42 38 15 32 33 34 56 43 1 28 30 43 46 43 47 24 36 33 32 16 27 35 41 46 27
10 1 35 18 19 3 13 15 14 31 20 26 30 29 0 28 27 17 15 27 8 24 28 18 29 12 7 15 18 15 23 6 13 16 27 15 5 11 21 19 24
18 29 43 40 34 27 40 35 42 42 47 2 2 2 28 0 44 36 13 34 31 32 56 44 1 29 30 43 46 43 48 24 37 34 34 17 26 33 42 46 29
32 26 12 9 10 24 20 12 29 7 36 42 46 42 27 44 0 44 37 11 35 51 36 14 43 16 20 26 28 26 14 25 14 11 11 27 32 38 6 19 16
20 18 52 35 36 20 28 32 21 48 19 34 38 38 17 36 44 0 23 44 9 10 33 34 37 29 24 24 26 24 39 22 30 33 44 30 14 6 38 34 41
5 16 40 31 27 15 28 27 29 39 34 11 15 15 15 13 37 23 0 31 18 22 43 33 14 21 19 30 33 30 38 13 26 26 31 11 13 20 34 34 26
29 26 9 16 9 24 25 15 34 8 41 33 36 32 27 34 11 44 31 0 35 50 44 22 33 15 21 31 34 31 24 23 17 13 0 20 31 38 16 27 5
14 9 43 26 27 11 19 23 14 39 16 29 33 33 8 31 35 9 18 35 0 18 29 25 32 20 15 17 19 17 30 14 21 24 35 22 6 3 29 25 32
22 25 59 42 43 27 37 39 31 55 29 31 34 34 24 32 51 10 22 50 18 0 43 42 33 36 31 34 36 34 47 27 37 40 50 32 19 15 45 43 46
38 27 48 28 35 29 19 29 15 43 14 54 58 56 28 56 36 33 43 44 29 43 0 22 56 33 28 13 10 13 22 32 27 31 44 41 32 30 30 17 43
28 17 26 6 15 18 6 9 15 21 22 42 46 43 18 44 14 34 33 22 25 42 22 0 43 15 14 12 14 12 5 20 7 11 22 27 23 28 8 5 23
19 29 42 39 33 27 40 34 43 41 48 3 3 1 29 1 43 37 14 33 32 33 56 43 0 28 30 43 46 43 47 24 36 33 33 16 27 34 41 46 28
16 11 23 11 7 9 15 6 22 20 29 27 31 28 12 29 16 29 21 15 20 36 33 15 28 0 6 20 23 20 19 9 8 5 15 12 17 23 13 19 12
14 6 28 12 12 4 11 8 16 24 23 28 32 30 7 30 20 24 19 21 15 31 28 14 30 6 0 15 18 15 19 6 7 9 21 14 12 18 15 17 18
25 14 37 17 22 16 6 16 3 32 10 41 45 43 15 43 26 24 30 31 17 34 13 12 43 20 15 0 3 0 16 19 14 18 31 28 19 19 20 10 30
28 17 40 20 25 19 9 19 5 35 9 44 48 46 18 46 28 26 33 34 19 36 10 14 46 23 18 3 0 3 16 22 17 21 34 31 22 21 22 10 33
25 14 37 17 22 16 6 16 3 32 10 41 45 43 15 43 26 24 30 31 17 34 13 12 43 20 15 0 3 0 16 19 14 18 31 28 19 19 20 10 30
33 22 26 9 18 23 11 13 19 21 25 46 50 47 23 48 14 39 38 24 30 47 22 5 47 19 19 16 16 16 0 25 12 15 24 31 28 33 8 6 26
8 5 32 18 16 3 16 14 19 29 25 22 26 24 6 24 25 22 13 23 14 27 32 20 24 9 6 19 22 19 25 0 13 14 23 9 8 17 21 22 19
21 12 24 5 8 11 8 2 17 19 24 35 39 36 13 37 14 30 26 17 21 37 27 7 36 8 7 14 17 14 12 13 0 4 17 20 18 24 8 11 16
21 15 20 6 4 13 12 2 21 15 28 32 36 33 16 34 11 33 26 13 24 40 31 11 33 5 9 18 21 18 15 14 4 0 13 17 21 27 8 15 12
29 26 9 16 9 24 25 15 34 8 41 33 36 32 27 34 11 44 31 0 35 50 44 22 33 15 21 31 34 31 24 23 17 13 0 20 31 38 16 27 5
10 14 29 23 17 12 25 18 28 28 34 15 19 16 15 17 27 30 11 20 22 32 41 27 16 12 14 28 31 28 31 9 20 17 20 0 16 25 25 31 15
8 6 40 23 24 8 18 20 17 36 21 24 28 27 5 26 32 14 13 31 6 19 32 23 27 17 12 19 22 19 28 8 18 21 31 16 0 9 26 24 27
16 12 46 29 30 14 22 26 16 42 16 31 35 35 11 33 38 6 20 38 3 15 30 28 34 23 18 19 21 19 33 17 24 27 38 25 9 0 32 28 35
29 20 18 3 10 19 14 7 23 13 30 40 44 41 21 42 6 38 34 16 29 45 30 8 41 13 15 20 22 20 8 21 8 8 16 25 26 32 0 13 18
29 18 31 11 19 19 6 13 13 26 19 44 48 46 19 46 19 34 34 27 25 43 17 5 46 19 17 10 10 10 6 22 11 15 27 31 24 28 13 0 27
24 23 14 17 8 21 24 14 33 13 40 28 31 27 24 29 16 41 26 5 32 46 43 23 28 12 18 30 33 30 26 19 16 12 5 15 27 35 18 27 0
0 538
77 184
399 506
214 321
76 183
120 227
235 342
418 525
39 146
422 529
99 206
104 211
212 319
136 243
37 144
49 156
55 162
91 198
86 193
175 282
386 493
102 209
249 356
89 196
35 142
15 122
113 220
275 382
293 400
285 392
243 350
218 325
195 302
384 491
299 406
369 476
387 494
224 331
240 347
35 142
278 385
0
36
68
66
80
35
69
67
33
27
58
50
64
30
69
33
19
49
67
56
67
34
42
75
72
58
38
21
77
55
18
60
51
23
55
56
21
41
54
42
61
