41
1300
0 24 35 32 15 19 25 8 7 36 22 27 12 17 20 2 16 11 25 29 8 18 13 13 31 10 19 14 14 36 38 16 27 16 25 9 17 37 24 18 18
24 0 29 8 29 33 26 30 29 12 21 16 29 31 39 23 33 19 6 5 28 12 34 24 13 23 41 21 11 12 30 26 18 8 38 31 8 30 11 28 35
35 29 0 35 24 53 10 33 32 40 13 13 27 23 35 35 50 24 35 32 30 35 47 45 42 25 38 43 27 39 4 48 11 28 59 33 29 2 18 18 52
32 8 35 0 37 37 33 38 37 5 28 22 37 39 47 31 39 27 9 3 36 17 40 30 10 31 49 26 19 4 34 30 24 16 41 39 16 35 18 36 41
15 29 24 37 0 34 14 10 9 41 15 23 3 2 11 17 30 10 31 34 7 28 26 28 38 6 14 29 18 41 28 31 22 21 40 9 22 26 23 6 32
19 33 53 37 34 0 44 26 26 38 40 42 31 36 37 18 5 29 28 36 27 21 9 9 30 29 35 12 28 40 56 7 44 27 6 27 26 55 38 37 5
25 26 10 33 14 44 0 23 22 38 5 12 17 13 25 26 41 15 31 30 20 29 38 36 38 15 28 35 19 37 14 39 10 22 50 23 23 12 15 8 43
8 30 33 38 10 26 23 0 1 42 21 27 7 12 12 10 21 12 32 35 3 26 17 21 39 8 11 22 20 42 37 24 27 22 31 1 23 35 26 15 23
7 29 32 37 9 26 22 1 0 41 20 26 6 11 13 9 21 11 31 34 2 25 17 20 38 7 12 21 19 41 36 23 26 21 31 2 22 34 25 14 23
36 12 40 5 41 38 38 42 41 0 33 27 41 43 51 34 40 31 11 8 40 19 42 31 8 35 53 27 23 3 39 31 29 20 41 43 19 40 23 40 42
22 21 13 28 15 40 5 21 20 33 0 8 17 14 26 22 37 11 26 25 18 24 34 32 33 13 29 30 14 32 16 35 7 17 46 21 18 15 10 9 39
27 16 13 22 23 42 12 27 26 27 8 0 24 22 34 26 41 16 22 19 24 22 38 33 29 19 36 30 14 26 14 35 2 15 47 27 16 14 5 17 43
12 29 27 37 3 31 17 7 6 41 17 24 0 5 10 14 27 10 31 34 4 28 23 25 38 6 12 26 18 41 31 28 24 21 37 6 22 29 24 9 29
17 31 23 39 2 36 13 12 11 43 14 22 5 0 12 19 32 12 33 36 9 30 28 30 40 8 15 31 20 43 27 33 21 23 42 11 24 25 23 5 34
20 39 35 47 11 37 25 12 13 51 26 34 10 12 0 22 32 20 41 44 13 37 28 33 48 16 3 34 28 51 39 36 33 31 42 11 32 37 34 17 34
2 23 35 31 17 18 26 10 9 34 22 26 14 19 22 0 15 11 23 28 10 16 12 11 29 12 21 12 13 35 38 14 27 15 24 11 15 37 23 20 17
16 33 50 39 30 5 41 21 21 40 37 41 27 32 32 15 0 26 30 37 23 22 4 9 32 26 30 13 27 42 53 10 42 27 10 22 26 52 37 34 2
11 19 24 27 10 29 15 12 11 31 11 16 10 12 20 11 26 0 21 24 9 18 23 21 28 4 22 20 8 31 27 24 17 11 35 12 12 26 14 10 28
25 6 35 9 31 28 31 32 31 11 26 22 31 33 41 23 30 21 0 8 30 8 31 21 7 25 43 17 13 12 36 21 24 10 33 33 9 36 17 31 32
29 5 32 3 34 36 30 35 34 8 25 19 34 36 44 28 37 24 8 0 33 15 38 28 11 28 46 24 16 7 31 29 21 13 41 36 13 32 15 33 39
8 28 30 36 7 27 20 3 2 40 18 24 4 9 13 10 23 9 30 33 0 24 19 21 37 5 13 22 17 40 34 24 24 20 33 3 21 32 23 12 25
18 12 35 17 28 21 29 26 25 19 24 22 28 30 37 16 22 18 8 15 24 0 23 13 13 22 37 9 10 20 36 14 24 7 26 27 6 36 18 28 24
13 34 47 40 26 9 38 17 17 42 34 38 23 28 28 12 4 23 31 38 19 23 0 11 34 23 26 15 25 43 50 13 39 26 14 18 26 49 35 31 6
13 24 45 30 28 9 36 21 20 31 32 33 25 30 33 11 9 21 21 28 21 13 11 0 23 23 32 4 19 33 47 3 35 18 14 22 17 47 29 31 11
31 13 42 10 38 30 38 39 38 8 33 29 38 40 48 29 32 28 7 11 37 13 34 23 0 32 50 20 20 11 42 23 31 17 33 40 16 43 24 38 34
10 23 25 31 6 29 15 8 7 35 13 19 6 8 16 12 26 4 25 28 5 22 23 23 32 0 18 23 12 35 29 26 19 15 35 8 16 27 18 8 28
19 41 38 49 14 35 28 11 12 53 29 36 12 15 3 21 30 22 43 46 13 37 26 32 50 18 0 33 30 53 42 35 36 33 40 11 34 40 36 20 32
14 21 43 26 29 12 35 22 21 27 30 30 26 31 34 12 13 20 17 24 22 9 15 4 20 23 33 0 16 29 44 5 32 15 17 23 14 44 26 30 15
14 11 27 19 18 28 19 20 19 23 14 14 18 20 28 13 27 8 13 16 17 10 25 19 20 12 30 16 0 23 28 21 16 3 33 20 4 28 10 18 29
36 12 39 4 41 40 37 42 41 3 32 26 41 43 51 35 42 31 12 7 40 20 43 33 11 35 53 29 23 0 37 33 28 20 44 43 20 38 22 40 44
38 30 4 34 28 56 14 37 36 39 16 14 31 27 39 38 53 27 36 31 34 36 50 47 42 29 42 44 28 37 0 49 12 29 61 37 30 2 19 22 55
16 26 48 30 31 7 39 24 23 31 35 35 28 33 36 14 10 24 21 29 24 14 13 3 23 26 35 5 21 33 49 0 37 20 12 25 19 49 31 34 11
27 18 11 24 22 44 10 27 26 29 7 2 24 21 33 27 42 17 24 21 24 24 39 35 31 19 36 32 16 28 12 37 0 17 49 27 18 12 7 16 44
16 8 28 16 21 27 22 22 21 20 17 15 21 23 31 15 27 11 10 13 20 7 26 18 17 15 33 15 3 20 29 20 17 0 32 23 1 29 11 21 29
25 38 59 41 40 6 50 31 31 41 46 47 37 42 42 24 10 35 33 41 33 26 14 14 33 35 40 17 33 44 61 12 49 32 0 32 31 61 43 43 8
9 31 33 39 9 27 23 1 2 43 21 27 6 11 11 11 22 12 33 36 3 27 18 22 40 8 11 23 20 43 37 25 27 23 32 0 24 35 26 15 24
17 8 29 16 22 26 23 23 22 19 18 16 22 24 32 15 26 12 9 13 21 6 26 17 16 16 34 14 4 20 30 19 18 1 31 24 0 30 12 22 28
37 30 2 35 26 55 12 35 34 40 15 14 29 25 37 37 52 26 36 32 32 36 49 47 43 27 40 44 28 38 2 49 12 29 61 35 30 0 19 20 54
24 11 18 18 23 38 15 26 25 23 10 5 24 23 34 23 37 14 17 15 23 18 35 29 24 18 36 26 10 22 19 31 7 11 43 26 12 19 0 18 39
18 28 18 36 6 37 8 15 14 40 9 17 9 5 17 20 34 10 31 33 12 28 31 31 38 8 20 30 18 40 22 34 16 21 43 15 22 20 18 0 36
18 35 52 41 32 5 43 23 23 42 39 43 29 34 34 17 2 28 32 39 25 24 6 11 34 28 32 15 29 44 55 11 44 29 8 24 28 54 39 36 0
0 661
12 342
280 610
128 458
60 390
129 459
134 464
257 587
177 507
134 464
250 580
293 623
81 411
58 388
168 498
272 602
75 405
313 643
261 591
116 446
233 563
233 563
275 605
58 388
68 398
10 340
251 581
31 361
110 440
203 533
20 350
156 486
153 483
84 414
15 345
266 596
97 427
78 408
253 583
258 588
168 498
0
51
46
17
42
81
41
82
52
45
37
50
27
76
79
54
54
82
76
67
19
33
20
63
74
47
40
29
48
39
19
19
56
56
58
92
41
51
43
46
47
