41
1300
0 27 20 51 14 42 37 23 32 23 22 45 28 42 25 45 11 33 38 45 44 26 34 30 30 31 17 36 24 45 46 33 30 44 56 56 57 9 54 18 33
27 0 7 24 13 31 16 11 20 8 5 20 1 19 26 18 16 6 16 18 31 6 11 13 12 4 18 9 14 21 19 6 7 18 30 30 32 22 30 23 16
20 7 0 31 6 29 22 13 17 10 2 27 8 22 20 25 10 13 18 25 36 6 14 18 17 11 12 16 16 28 26 13 10 25 36 36 37 15 34 17 21
51 24 31 0 37 41 22 33 35 30 29 17 23 14 45 7 40 18 22 6 37 27 19 28 27 21 42 15 34 18 10 19 22 14 7 7 9 46 11 46 27
14 13 6 37 0 31 27 15 20 13 8 33 14 28 18 31 4 19 24 31 39 12 20 21 21 17 8 22 18 34 32 19 16 31 42 42 43 9 40 13 24
42 31 29 41 31 0 45 42 12 39 29 48 32 27 17 40 35 32 20 37 62 25 25 44 43 34 26 33 45 49 44 33 26 46 41 41 39 33 35 24 47
37 16 22 22 27 45 0 14 35 14 21 8 15 26 42 15 27 13 26 18 17 22 21 7 7 12 34 14 14 8 12 12 19 8 29 29 31 36 32 39 5
23 11 13 33 15 42 14 0 30 3 13 22 12 29 33 26 14 15 27 27 24 17 22 7 7 12 23 18 3 22 25 14 18 21 39 39 41 23 39 28 10
32 20 17 35 20 12 35 30 0 27 17 38 21 21 11 31 24 22 13 30 51 14 16 33 32 24 15 23 33 39 34 23 16 36 36 36 37 23 33 16 36
23 8 10 30 13 39 14 3 27 0 10 22 9 26 30 23 13 12 24 24 26 14 19 8 8 9 21 15 6 22 23 11 15 21 36 36 38 22 36 26 11
22 5 2 29 8 29 21 13 17 10 0 25 6 20 21 23 12 11 16 23 36 4 12 18 17 9 13 14 16 26 24 11 8 23 34 34 35 17 32 18 21
45 20 27 17 33 48 8 22 38 22 25 0 19 25 46 11 35 16 29 14 20 26 24 15 15 16 38 16 22 1 7 16 22 3 24 24 26 42 28 43 13
28 1 8 23 14 32 15 12 21 9 6 19 0 18 27 17 17 5 15 17 31 7 10 13 12 3 19 8 15 20 18 5 6 17 29 29 31 23 29 24 16
42 19 22 14 28 27 26 29 21 26 20 25 18 0 32 14 32 14 8 11 43 17 8 28 27 17 31 12 32 26 18 15 12 22 15 15 16 37 12 35 30
25 26 20 45 18 17 42 33 11 30 21 46 27 32 0 41 21 30 24 40 56 20 26 38 37 30 10 32 36 47 43 31 25 44 47 47 48 16 44 7 41
45 18 25 7 31 40 15 26 31 23 23 11 17 14 41 0 34 12 20 3 31 21 15 21 20 14 36 9 27 12 4 12 16 8 14 14 16 40 17 40 20
11 16 10 40 4 35 27 14 24 13 12 35 17 32 21 34 0 22 28 34 37 16 24 21 21 20 11 25 16 35 35 22 20 34 46 46 47 9 44 15 24
33 6 13 18 19 32 13 15 22 12 11 16 5 14 30 12 22 0 13 12 30 10 8 14 13 3 24 3 18 17 14 1 6 14 24 24 26 28 24 29 16
38 16 18 22 24 20 26 27 13 24 16 29 15 8 24 20 28 13 0 18 43 12 5 27 26 16 23 13 30 30 24 14 9 26 23 23 24 31 20 27 29
45 18 25 6 31 37 18 27 30 24 23 14 17 11 40 3 34 12 18 0 34 21 14 23 22 15 36 9 29 15 7 13 16 11 12 12 14 40 14 40 23
44 31 36 37 39 62 17 24 51 26 36 20 31 43 56 31 37 30 43 34 0 37 38 18 19 29 47 31 21 19 27 29 36 23 44 44 46 46 48 52 15
26 6 6 27 12 25 22 17 14 14 4 26 7 17 20 21 16 10 12 21 37 0 9 19 18 10 15 12 20 27 23 11 5 24 31 31 32 21 29 19 22
34 11 14 19 20 25 21 22 16 19 12 24 10 8 26 15 24 8 5 14 38 9 0 22 21 11 23 8 25 25 19 9 4 21 23 23 24 29 20 27 24
30 13 18 28 21 44 7 7 33 8 18 15 13 28 38 21 21 14 27 23 18 19 22 0 1 11 29 17 7 15 19 13 19 15 35 35 37 30 37 34 3
30 12 17 27 21 43 7 7 32 8 17 15 12 27 37 20 21 13 26 22 19 18 21 1 0 10 29 16 8 15 18 12 18 14 34 34 36 30 36 34 4
31 4 11 21 17 34 12 12 24 9 9 16 3 17 30 14 20 3 16 15 29 10 11 11 10 0 22 6 15 17 15 2 8 14 27 27 29 26 27 27 14
17 18 12 42 8 26 34 23 15 21 13 38 19 31 10 36 11 24 23 36 47 15 23 29 29 22 0 27 26 39 37 24 20 36 46 46 47 8 43 5 32
36 9 16 15 22 33 14 18 23 15 14 16 8 12 32 9 25 3 13 9 31 12 8 17 16 6 27 0 21 17 11 4 7 13 21 21 23 31 21 31 18
24 14 16 34 18 45 14 3 33 6 16 22 15 32 36 27 16 18 30 29 21 20 25 7 8 15 26 21 0 22 26 17 21 22 41 41 43 25 42 31 10
45 21 28 18 34 49 8 22 39 22 26 1 20 26 47 12 35 17 30 15 19 27 25 15 15 17 39 17 22 0 8 17 23 4 25 25 27 43 29 44 13
46 19 26 10 32 44 12 25 34 23 24 7 18 18 43 4 35 14 24 7 27 23 19 19 18 15 37 11 26 8 0 14 18 4 17 17 19 41 21 42 17
33 6 13 19 19 33 12 14 23 11 11 16 5 15 31 12 22 1 14 13 29 11 9 13 12 2 24 4 17 17 14 0 7 13 25 25 27 28 25 29 15
30 7 10 22 16 26 19 18 16 15 8 22 6 12 25 16 20 6 9 16 36 5 4 19 18 8 20 7 21 23 18 7 0 20 26 26 27 25 24 24 22
44 18 25 14 31 46 8 21 36 21 23 3 17 22 44 8 34 14 26 11 23 24 21 15 14 14 36 13 22 4 4 13 20 0 21 21 23 40 25 41 13
56 30 36 7 42 41 29 39 36 36 34 24 29 15 47 14 46 24 23 12 44 31 23 35 34 27 46 21 41 25 17 25 26 21 0 0 2 51 6 50 34
56 30 36 7 42 41 29 39 36 36 34 24 29 15 47 14 46 24 23 12 44 31 23 35 34 27 46 21 41 25 17 25 26 21 0 0 2 51 6 50 34
57 32 37 9 43 39 31 41 37 38 35 26 31 16 48 16 47 26 24 14 46 32 24 37 36 29 47 23 43 27 19 27 27 23 2 2 0 52 4 51 36
9 22 15 46 9 33 36 23 23 22 17 42 23 37 16 40 9 28 31 40 46 21 29 30 30 26 8 31 25 43 41 28 25 40 51 51 52 0 49 9 33
54 30 34 11 40 35 32 39 33 36 32 28 29 12 44 17 44 24 20 14 48 29 20 37 36 27 43 21 42 29 21 25 24 25 6 6 4 49 0 47 37
18 23 17 46 13 24 39 28 16 26 18 43 24 35 7 40 15 29 27 40 52 19 27 34 34 27 5 31 31 44 42 29 24 41 50 50 51 9 47 0 37
33 16 21 27 24 47 5 10 36 11 21 13 16 30 41 20 24 16 29 23 15 22 24 3 4 14 32 18 10 13 17 15 22 13 34 34 36 33 37 37 0
0 342
64 235
124 295
137 308
109 280
150 321
139 310
94 265
164 335
157 328
60 231
54 225
53 224
2 173
37 208
141 312
98 269
133 304
82 253
19 190
108 279
132 303
63 234
44 215
26 197
114 285
102 273
78 249
12 183
155 326
72 243
132 303
161 332
50 221
114 285
73 244
80 251
36 207
12 183
86 257
36 207
0
54
67
31
53
76
44
31
45
66
58
69
45
27
79
20
17
83
52
36
64
45
40
53
59
42
26
13
48
36
67
58
47
59
73
47
75
89
34
28
43
