41
1299
0 13 15 24 39 23 39 23 15 58 28 46 6 57 36 34 36 30 60 48 49 23 40 48 56 18 25 46 38 42 52 39 34 44 41 41 29 37 23 44 26
13 0 18 12 36 20 32 20 2 48 25 41 7 46 29 24 26 29 50 35 36 20 38 36 46 15 22 43 28 39 42 36 21 34 29 28 19 34 20 34 19
15 18 0 22 26 10 26 10 20 48 15 33 13 49 24 25 28 15 50 48 48 10 25 46 46 7 12 31 30 29 42 26 34 35 36 41 21 24 10 34 17
24 12 22 0 30 18 23 18 10 36 22 32 18 34 20 14 14 27 39 26 26 18 36 24 35 16 18 38 16 30 31 31 12 23 17 19 9 28 18 23 12
39 36 26 30 0 16 8 16 37 30 11 7 35 33 10 18 21 13 32 47 45 16 8 39 28 21 14 8 22 3 24 1 39 20 29 44 21 2 16 19 18
23 20 10 18 16 0 16 0 22 38 5 23 19 39 14 16 19 9 40 43 42 0 18 38 36 5 2 23 21 19 32 16 30 25 28 37 13 14 0 24 8
39 32 26 23 8 16 0 16 32 24 11 9 34 26 3 11 14 17 26 39 37 16 16 31 22 21 14 16 14 7 18 9 32 12 21 37 14 6 16 11 13
23 20 10 18 16 0 16 0 22 38 5 23 19 39 14 16 19 9 40 43 42 0 18 38 36 5 2 23 21 19 32 16 30 25 28 37 13 14 0 24 8
15 2 20 10 37 22 32 22 0 46 27 41 9 44 29 23 24 31 49 33 34 22 40 34 45 17 23 45 26 39 41 38 19 33 27 26 18 35 22 33 19
58 48 48 36 30 38 24 38 46 0 35 24 52 6 25 24 22 41 3 34 31 38 38 25 2 42 36 36 20 27 6 31 36 14 21 36 29 30 38 14 32
28 25 15 22 11 5 11 5 27 35 0 18 24 36 10 15 18 7 37 44 43 5 14 37 33 10 4 18 20 14 29 11 32 22 27 39 14 9 5 21 10
46 41 33 32 7 23 9 23 41 24 18 0 42 28 12 19 22 20 25 46 44 23 15 38 22 28 21 12 22 4 18 8 40 17 28 44 23 9 23 16 22
6 7 13 18 35 19 34 19 9 52 24 42 0 51 31 28 30 28 54 42 43 19 37 42 50 14 21 42 32 38 46 35 28 38 35 35 23 33 19 38 21
57 46 49 34 33 39 26 39 44 6 36 28 51 0 26 24 21 43 9 28 25 39 41 19 8 42 37 40 19 31 10 34 31 14 17 30 28 32 39 15 32
36 29 24 20 10 14 3 14 29 25 10 12 31 26 0 8 11 17 27 37 35 14 18 29 23 18 12 18 12 10 19 11 29 12 19 34 11 8 14 11 10
34 24 25 14 18 16 11 16 23 24 15 19 28 24 8 0 3 22 26 29 28 16 26 22 22 18 14 26 5 18 18 19 21 10 12 26 5 16 16 10 8
36 26 28 14 21 19 14 19 24 22 18 22 30 21 11 3 0 25 25 26 25 19 29 19 21 21 17 29 2 21 17 22 18 9 9 23 7 19 19 9 11
30 29 15 27 13 9 17 9 31 41 7 20 28 43 17 22 25 0 43 51 50 9 10 44 39 14 10 16 27 16 35 12 39 29 34 46 21 12 9 28 17
60 50 50 39 32 40 26 40 49 3 37 25 54 9 27 26 25 43 0 37 34 40 40 28 4 44 38 37 23 29 8 33 39 16 24 39 31 32 40 16 34
48 35 48 26 47 43 39 43 33 34 44 46 42 28 37 29 26 51 37 0 3 43 55 9 35 42 42 55 25 46 33 48 14 29 18 7 30 45 43 30 35
49 36 48 26 45 42 37 42 34 31 43 44 43 25 35 28 25 50 34 3 0 42 53 6 32 42 41 53 23 44 30 46 15 27 16 9 29 43 42 28 34
23 20 10 18 16 0 16 0 22 38 5 23 19 39 14 16 19 9 40 43 42 0 18 38 36 5 2 23 21 19 32 16 30 25 28 37 13 14 0 24 8
40 38 25 36 8 18 16 18 40 38 14 15 37 41 18 26 29 10 40 55 53 18 0 47 36 23 18 6 30 11 32 7 46 28 37 52 28 10 18 27 24
48 36 46 24 39 38 31 38 34 25 37 38 42 19 29 22 19 44 28 9 6 38 47 0 26 39 36 47 17 38 24 40 15 21 10 12 25 37 38 22 30
56 46 46 35 28 36 22 36 45 2 33 22 50 8 23 22 21 39 4 35 32 36 36 26 0 40 34 34 19 25 4 29 36 12 21 36 27 28 36 12 30
18 15 7 16 21 5 21 5 17 42 10 28 14 42 18 18 21 14 44 42 42 5 23 39 40 0 7 28 23 24 36 21 28 28 29 35 14 19 5 28 10
25 22 12 18 14 2 14 2 23 36 4 21 21 37 12 14 17 10 38 42 41 2 18 36 34 7 0 22 19 17 30 15 30 23 26 37 12 12 2 22 7
46 43 31 38 8 23 16 23 45 36 18 12 42 40 18 26 29 16 37 55 53 23 6 47 34 28 22 0 30 9 30 7 47 27 37 52 29 10 23 26 26
38 28 30 16 22 21 14 21 26 20 20 22 32 19 12 5 2 27 23 25 23 21 30 17 19 23 19 30 0 21 15 23 19 7 7 23 9 20 21 7 13
42 39 29 30 3 19 7 19 39 27 14 4 38 31 10 18 21 16 29 46 44 19 11 38 25 24 17 9 21 0 21 4 39 18 28 44 21 5 19 17 20
52 42 42 31 24 32 18 32 41 6 29 18 46 10 19 18 17 35 8 33 30 32 32 24 4 36 30 30 15 21 0 25 32 8 17 33 23 24 32 8 26
39 36 26 31 1 16 9 16 38 31 11 8 35 34 11 19 22 12 33 48 46 16 7 40 29 21 15 7 23 4 25 0 40 21 30 45 22 3 16 20 19
34 21 34 12 39 30 32 30 19 36 32 40 28 31 29 21 18 39 39 14 15 30 46 15 36 28 30 47 19 39 32 40 0 25 15 7 18 37 30 26 23
44 34 35 23 20 25 12 25 33 14 22 17 38 14 12 10 9 29 16 29 27 25 28 21 12 28 23 27 7 18 8 21 25 0 11 27 15 18 25 1 18
41 29 36 17 29 28 21 28 27 21 27 28 35 17 19 12 9 34 24 18 16 28 37 10 21 29 26 37 7 28 17 30 15 11 0 16 15 27 28 12 20
41 28 41 19 44 37 37 37 26 36 39 44 35 30 34 26 23 46 39 7 9 37 52 12 36 35 37 52 23 44 33 45 7 27 16 0 25 42 37 28 30
29 19 21 9 21 13 14 13 18 29 14 23 23 28 11 5 7 21 31 30 29 13 28 25 27 14 12 29 9 21 23 22 18 15 15 25 0 19 13 15 5
37 34 24 28 2 14 6 14 35 30 9 9 33 32 8 16 19 12 32 45 43 14 10 37 28 19 12 10 20 5 24 3 37 18 27 42 19 0 14 17 16
23 20 10 18 16 0 16 0 22 38 5 23 19 39 14 16 19 9 40 43 42 0 18 38 36 5 2 23 21 19 32 16 30 25 28 37 13 14 0 24 8
44 34 34 23 19 24 11 24 33 14 21 16 38 15 11 10 9 28 16 30 28 24 27 22 12 28 22 26 7 17 8 20 26 1 12 28 15 17 24 0 18
26 19 17 12 18 8 13 8 19 32 10 22 21 32 10 8 11 17 34 35 34 8 24 30 30 10 7 26 13 20 26 19 23 18 20 30 5 16 8 18 0
0 563
69 125
425 481
297 353
292 348
36 92
230 286
267 323
204 260
158 214
124 180
389 445
385 441
276 332
153 209
294 350
500 556
218 274
23 79
292 348
33 89
147 203
276 332
391 447
326 382
448 504
465 521
279 335
440 496
122 178
447 503
140 196
477 533
503 559
66 122
320 376
410 466
62 118
445 501
326 382
460 516
0
76
58
37
34
83
56
38
39
60
74
17
53
43
85
70
82
31
45
46
34
41
58
77
49
28
38
46
48
59
42
23
38
82
50
24
53
14
73
39
54
