41
1301
0 21 30 25 25 17 12 20 16 24 25 25 9 17 26 18 26 3 6 17 17 8 21 22 13 26 10 16 31 21 15 11 25 23 25 33 20 24 16 14 24
21 0 10 27 40 28 27 1 17 36 4 20 26 38 22 39 23 24 16 24 18 24 39 34 24 11 27 37 13 16 36 10 23 31 27 41 11 28 14 29 8
30 10 0 27 42 30 36 11 27 37 6 19 35 47 21 47 22 33 25 34 28 33 48 36 27 20 36 43 4 16 45 19 33 31 27 41 11 28 24 32 6
25 27 27 0 19 10 37 26 38 12 26 8 34 36 6 32 5 26 28 41 39 33 43 12 12 38 35 26 24 11 33 26 45 5 0 14 16 1 35 15 21
25 40 42 19 0 12 35 39 40 7 41 26 32 26 25 20 24 24 30 42 41 31 33 7 16 49 33 14 41 28 23 33 49 14 19 15 31 18 40 11 36
17 28 30 10 12 0 29 27 31 8 29 15 26 26 14 22 14 18 21 34 32 25 33 6 4 38 27 16 29 16 23 22 40 6 10 16 19 9 31 5 24
12 27 36 37 35 29 0 26 12 34 31 36 3 15 38 21 38 11 11 7 11 4 15 32 25 26 2 22 38 32 16 17 18 35 37 44 29 36 15 24 31
20 1 11 26 39 27 26 0 16 35 5 19 25 37 21 38 22 23 15 23 17 23 38 33 23 12 26 36 14 15 35 9 22 30 26 40 10 27 13 28 8
16 17 27 38 40 31 12 16 0 39 21 33 15 27 35 32 36 19 10 7 1 13 27 37 27 14 14 32 30 29 27 12 9 37 38 47 24 37 3 29 24
24 36 37 12 7 8 34 35 39 0 36 20 31 30 18 24 17 23 29 41 40 30 37 2 12 46 32 18 35 22 27 30 48 7 12 10 26 11 39 10 31
25 4 6 26 41 29 31 5 21 36 0 19 30 42 21 43 22 28 20 28 22 28 43 35 25 15 31 39 9 15 40 14 27 30 26 40 10 27 18 30 5
25 20 19 8 26 15 36 19 33 20 19 0 34 40 2 37 3 27 25 38 34 33 45 19 15 31 35 31 16 4 37 21 40 13 8 22 9 9 30 20 14
9 26 35 34 32 26 3 25 15 31 30 34 0 13 35 18 35 8 10 10 14 2 13 29 22 28 1 19 37 30 13 16 21 32 34 41 28 33 17 21 30
17 38 47 36 26 26 15 37 27 30 42 40 13 0 40 7 40 14 22 22 26 14 7 28 25 40 13 12 48 38 3 28 33 32 36 40 37 35 29 21 41
26 22 21 6 25 14 38 21 35 18 21 2 35 40 0 36 1 28 27 40 36 34 46 18 15 33 36 30 18 6 37 23 42 11 6 20 11 7 32 19 16
18 39 47 32 20 22 21 38 32 24 43 37 18 7 36 0 36 15 24 28 32 19 14 22 22 44 19 6 47 36 5 29 39 28 32 34 36 31 34 17 41
26 23 22 5 24 14 38 22 36 17 22 3 35 40 1 36 0 28 27 40 37 34 46 17 15 34 36 30 19 7 37 24 43 10 5 19 12 6 33 19 17
3 24 33 26 24 18 11 23 19 23 28 27 8 14 28 15 28 0 9 18 19 7 18 21 14 29 9 13 34 24 12 14 28 24 26 33 23 25 19 13 27
6 16 25 28 30 21 11 15 10 29 20 25 10 22 27 24 27 9 0 13 11 8 23 27 17 20 11 22 27 21 21 6 19 27 28 37 18 27 10 19 20
17 24 34 41 42 34 7 23 7 41 28 38 10 22 40 28 40 18 13 0 6 11 21 39 30 21 9 29 37 34 23 18 11 40 41 50 31 40 10 31 31
17 18 28 39 41 32 11 17 1 40 22 34 14 26 36 32 37 19 11 6 0 13 26 38 28 15 13 32 31 30 27 13 9 38 39 48 25 38 4 30 25
8 24 33 33 31 25 4 23 13 30 28 33 2 14 34 19 34 7 8 11 13 0 15 28 21 26 3 19 35 29 14 14 21 31 33 40 26 32 15 20 28
21 39 48 43 33 33 15 38 27 37 43 45 13 7 46 14 46 18 23 21 26 15 0 35 31 41 13 19 50 42 10 29 32 39 43 47 41 42 30 28 43
22 34 36 12 7 6 32 33 37 2 35 19 29 28 18 22 17 21 27 39 38 28 35 0 10 44 30 16 34 21 25 28 46 7 12 12 25 11 37 8 30
13 24 27 12 16 4 25 23 27 12 25 15 22 25 15 22 15 14 17 30 28 21 31 10 0 34 23 16 27 14 22 18 36 10 12 20 16 11 27 5 21
26 11 20 38 49 38 26 12 14 46 15 31 28 40 33 44 34 29 20 21 15 26 41 44 34 0 28 42 24 27 40 16 14 42 38 52 22 39 11 38 19
10 27 36 35 33 27 2 26 14 32 31 35 1 13 36 19 36 9 11 9 13 3 13 30 23 28 0 20 38 31 14 17 20 33 35 42 29 34 17 22 31
16 37 43 26 14 16 22 36 32 18 39 31 19 12 30 6 30 13 22 29 32 19 19 16 16 42 20 0 43 30 9 27 40 22 26 28 32 25 32 11 37
31 13 4 24 41 29 38 14 30 35 9 16 37 48 18 47 19 34 27 37 31 35 50 34 27 24 38 43 0 13 46 21 36 28 24 38 11 25 27 32 7
21 16 16 11 28 16 32 15 29 22 15 4 30 38 6 36 7 24 21 34 30 29 42 21 14 27 31 30 13 0 35 17 36 15 11 25 5 12 26 19 10
15 36 45 33 23 23 16 35 27 27 40 37 13 3 37 5 37 12 21 23 27 14 10 25 22 40 14 9 46 35 0 26 34 29 33 37 35 32 29 18 39
11 10 19 26 33 22 17 9 12 30 14 21 16 28 23 29 24 14 6 18 13 14 29 28 18 16 17 27 21 17 26 0 19 27 26 38 13 26 9 22 14
25 23 33 45 49 40 18 22 9 48 27 40 21 33 42 39 43 28 19 11 9 21 32 46 36 14 20 40 36 36 34 19 0 46 45 56 31 45 10 38 30
23 31 31 5 14 6 35 30 37 7 30 13 32 32 11 28 10 24 27 40 38 31 39 7 10 42 33 22 28 15 29 27 46 0 5 11 20 4 36 11 25
25 27 27 0 19 10 37 26 38 12 26 8 34 36 6 32 5 26 28 41 39 33 43 12 12 38 35 26 24 11 33 26 45 5 0 14 16 1 35 15 21
33 41 41 14 15 16 44 40 47 10 40 22 41 40 20 34 19 33 37 50 48 40 47 12 20 52 42 28 38 25 37 38 56 11 14 0 30 14 47 20 35
20 11 11 16 31 19 29 10 24 26 10 9 28 37 11 36 12 23 18 31 25 26 41 25 16 22 29 32 11 5 35 13 31 20 16 30 0 17 21 21 5
24 28 28 1 18 9 36 27 37 11 27 9 33 35 7 31 6 25 27 40 38 32 42 11 11 39 34 25 25 12 32 26 45 4 1 14 17 0 35 14 22
16 14 24 35 40 31 15 13 3 39 18 30 17 29 32 34 33 19 10 10 4 15 30 37 27 11 17 32 27 26 29 9 10 36 35 47 21 35 0 29 21
14 29 32 15 11 5 24 28 29 10 30 20 21 21 19 17 19 13 19 31 30 20 28 8 5 38 22 11 32 19 18 22 38 11 15 20 21 14 29 0 26
24 8 6 21 36 24 31 8 24 31 5 14 30 41 16 41 17 27 20 31 25 28 43 30 21 19 31 37 7 10 39 14 30 25 21 35 5 22 21 26 0
0 514
18 172
353 507
314 468
321 475
22 176
147 301
102 256
183 337
296 450
99 253
239 393
139 293
181 335
272 426
205 359
268 422
351 505
114 268
103 257
117 271
189 343
253 407
341 495
358 512
97 251
196 350
25 179
187 341
122 276
254 408
342 496
35 189
55 209
330 484
281 435
117 271
304 458
192 346
2 156
261 415
0
33
78
48
35
60
62
47
32
45
42
34
51
78
59
66
51
39
70
45
43
45
48
20
40
46
53
39
73
25
64
56
34
36
68
75
42
48
63
61
47
