41
1300
0 6 8 17 27 33 27 13 6 13 13 22 26 20 22 27 17 15 8 18 24 23 7 8 29 14 20 24 22 19 21 24 8 21 2 28 13 26 7 11 18
6 0 14 23 21 30 22 19 1 9 7 27 26 17 19 27 11 9 14 19 18 17 1 2 26 19 20 19 20 25 22 24 14 25 8 22 19 20 13 16 12
8 14 0 9 35 40 35 5 14 19 20 20 24 24 24 31 23 23 4 21 32 31 15 16 36 14 21 32 29 12 24 22 4 21 6 34 5 31 3 6 26
17 23 9 0 42 49 44 7 22 23 26 27 20 26 25 40 27 31 12 30 40 39 23 25 45 22 20 41 38 13 33 19 12 29 15 38 4 34 12 7 34
27 21 35 42 0 32 14 40 21 20 16 46 37 23 26 36 16 12 35 34 4 4 20 20 29 38 31 16 27 46 36 35 35 42 29 13 40 18 34 35 9
33 30 40 49 32 0 18 44 31 39 35 34 56 46 49 11 38 30 38 20 28 29 31 28 4 29 50 17 11 46 18 54 38 28 34 44 45 46 37 44 27
27 22 35 44 14 18 0 40 22 25 21 39 44 31 34 24 23 15 34 24 10 11 21 20 15 32 37 3 15 45 25 42 34 33 29 26 40 30 33 37 11
13 19 5 7 40 44 40 0 19 24 25 20 26 29 28 34 28 28 6 24 37 36 20 21 40 16 24 37 33 7 27 24 6 22 11 39 3 36 7 9 31
6 1 14 22 21 31 22 19 0 8 7 27 25 16 18 28 11 9 14 20 18 17 1 3 27 19 19 20 21 25 23 23 14 26 8 22 19 20 13 15 12
13 9 19 23 20 39 25 24 8 0 4 35 19 8 10 36 4 10 20 28 19 18 8 11 35 27 12 24 29 31 31 17 20 34 15 15 22 13 19 16 14
13 7 20 26 16 35 21 25 7 4 0 34 23 11 14 33 4 6 21 26 15 14 6 8 31 26 16 20 25 32 29 21 21 32 15 15 24 13 20 19 10
22 27 20 27 46 34 39 20 27 35 34 0 44 42 43 23 38 35 16 15 43 42 28 27 32 8 40 36 26 16 16 42 16 6 21 49 23 47 17 26 37
26 26 24 20 37 56 44 26 25 19 23 44 0 14 11 53 22 29 28 44 37 36 26 28 52 38 7 43 46 33 47 2 28 45 26 27 23 22 27 18 33
20 17 24 26 23 46 31 29 16 8 11 42 14 0 3 44 8 16 27 36 23 22 16 19 42 34 8 30 36 36 39 12 27 41 22 13 26 8 26 20 20
22 19 24 25 26 49 34 28 18 10 14 43 11 3 0 46 11 19 27 38 26 25 18 21 45 36 5 33 39 35 41 9 27 43 23 16 25 11 26 19 23
27 27 31 40 36 11 24 34 28 36 33 23 53 44 46 0 37 30 28 10 32 32 28 25 10 19 47 21 9 36 7 51 28 17 28 46 36 46 28 37 28
17 11 23 27 16 38 23 28 11 4 4 38 22 8 11 37 0 8 24 30 16 15 10 12 34 30 15 22 29 35 33 20 24 36 18 11 26 9 23 20 12
15 9 23 31 12 30 15 28 9 10 6 35 29 16 19 30 8 0 23 25 9 8 8 8 26 27 22 14 21 34 28 27 23 32 17 16 28 16 22 24 4
8 14 4 12 35 38 34 6 14 20 21 16 28 27 27 28 24 23 0 18 32 31 15 16 34 10 24 31 27 11 21 26 0 17 6 35 8 33 1 10 26
18 19 21 30 34 20 24 24 20 28 26 15 44 36 38 10 30 25 18 0 30 30 20 18 17 9 38 21 11 26 3 42 18 9 18 41 26 39 18 27 25
24 18 32 40 4 28 10 37 18 19 15 43 37 23 26 32 16 9 32 30 0 1 17 17 25 35 31 12 23 43 32 35 32 39 26 16 37 20 31 33 6
23 17 31 39 4 29 11 36 17 18 14 42 36 22 25 32 15 8 31 30 1 0 16 16 25 34 30 12 23 42 32 34 31 38 25 15 36 19 30 32 5
7 1 15 23 20 31 21 20 1 8 6 28 26 16 18 28 10 8 15 20 17 16 0 3 27 20 19 19 21 26 23 24 15 26 9 21 20 19 14 16 11
8 2 16 25 20 28 20 21 3 11 8 27 28 19 21 25 12 8 16 18 17 16 3 0 24 19 22 17 18 27 21 26 16 24 10 23 21 21 15 18 11
29 26 36 45 29 4 15 40 27 35 31 32 52 42 45 10 34 26 34 17 25 25 27 24 0 26 46 13 7 43 16 50 34 26 30 40 41 42 33 40 23
14 19 14 22 38 29 32 16 19 27 26 8 38 34 36 19 30 27 10 9 35 34 20 19 26 0 34 29 20 17 12 36 10 7 13 41 18 39 11 20 29
20 20 21 20 31 50 37 24 19 12 16 40 7 8 5 47 15 22 24 38 31 30 19 22 46 34 0 36 40 31 41 5 24 41 21 21 21 16 23 15 26
24 19 32 41 16 17 3 37 20 24 20 36 43 30 33 21 22 14 31 21 12 12 19 17 13 29 36 0 12 42 22 41 31 30 26 27 37 29 30 35 10
22 20 29 38 27 11 15 33 21 29 25 26 46 36 39 9 29 21 27 11 23 23 21 18 7 20 40 12 0 37 11 44 27 20 23 37 34 37 26 33 19
19 25 12 13 46 46 45 7 25 31 32 16 33 36 35 36 35 34 11 26 43 42 26 27 43 17 31 42 37 0 29 31 11 21 17 46 10 43 12 16 37
21 22 24 33 36 18 25 27 23 31 29 16 47 39 41 7 33 28 21 3 32 32 23 21 16 12 41 22 11 29 0 45 21 10 21 44 29 42 21 30 27
24 24 22 19 35 54 42 24 23 17 21 42 2 12 9 51 20 27 26 42 35 34 24 26 50 36 5 41 44 31 45 0 26 43 24 25 21 20 25 16 31
8 14 4 12 35 38 34 6 14 20 21 16 28 27 27 28 24 23 0 18 32 31 15 16 34 10 24 31 27 11 21 26 0 17 6 35 8 33 1 10 26
21 25 21 29 42 28 33 22 26 34 32 6 45 41 43 17 36 32 17 9 39 38 26 24 26 7 41 30 20 21 10 43 17 0 20 47 25 45 18 27 33
2 8 6 15 29 34 29 11 8 15 15 21 26 22 23 28 18 17 6 18 26 25 9 10 30 13 21 26 23 17 21 24 6 20 0 29 11 27 5 10 20
28 22 34 38 13 44 26 39 22 15 15 49 27 13 16 46 11 16 35 41 16 15 21 23 40 41 21 27 37 46 44 25 35 47 29 0 37 5 34 31 18
13 19 5 4 40 45 40 3 19 22 24 23 23 26 25 36 26 28 8 26 37 36 20 21 41 18 21 37 34 10 29 21 8 25 11 37 0 34 8 6 31
26 20 31 34 18 46 30 36 20 13 13 47 22 8 11 46 9 16 33 39 20 19 19 21 42 39 16 29 37 43 42 20 33 45 27 5 34 0 32 28 19
7 13 3 12 34 37 33 7 13 19 20 17 27 26 26 28 23 22 1 18 31 30 14 15 33 11 23 30 26 12 21 25 1 18 5 34 8 32 0 9 25
11 16 6 7 35 44 37 9 15 16 19 26 18 20 19 37 20 24 10 27 33 32 16 18 40 20 15 35 33 16 30 16 10 27 10 31 6 28 9 0 27
18 12 26 34 9 27 11 31 12 14 10 37 33 20 23 28 12 4 26 25 6 5 11 11 23 29 26 10 19 37 27 31 26 33 20 18 31 19 25 27 0
0 391
162 357
157 352
15 210
121 316
168 363
39 234
75 270
102 297
16 211
127 322
100 295
20 215
115 310
106 301
105 300
155 350
33 228
153 348
41 236
34 229
176 371
116 311
105 300
81 276
167 362
84 279
178 373
99 294
22 217
9 204
158 353
70 265
91 286
30 225
27 222
180 375
75 270
4 199
38 233
70 265
0
58
64
46
65
47
52
51
75
56
36
28
80
22
31
48
71
22
49
53
23
32
25
78
81
44
49
64
61
19
59
61
44
86
38
37
48
79
71
23
23
