41
1300
0 9 10 34 19 12 13 16 30 15 33 7 12 7 32 15 23 24 40 19 17 32 23 38 9 18 11 25 19 31 21 12 24 25 34 24 32 23 12 17 34
9 0 12 26 10 19 4 21 21 7 24 9 5 9 37 13 23 18 35 13 26 31 17 32 18 9 9 17 17 34 15 20 20 30 26 18 24 16 9 15 26
10 12 0 38 20 7 16 26 33 14 32 3 11 3 42 10 33 19 47 14 14 41 18 44 18 21 19 29 27 41 27 8 32 35 31 30 36 18 7 25 38
34 26 38 0 19 45 22 36 5 26 20 35 28 35 46 34 27 34 16 32 51 30 33 9 40 17 25 9 20 41 15 46 17 40 29 13 2 32 33 21 1
19 10 20 19 0 27 6 29 14 7 14 17 9 17 44 15 28 15 33 13 34 34 14 27 28 6 16 12 20 41 15 28 21 37 17 17 17 13 14 19 19
12 19 7 45 27 0 23 25 40 21 39 10 18 10 41 17 35 26 52 21 7 44 25 50 16 28 23 36 31 40 33 1 36 34 38 36 43 25 14 29 45
13 4 16 22 6 23 0 24 17 6 20 13 6 13 39 14 24 17 33 13 30 31 16 28 22 5 11 13 17 36 13 24 19 32 23 16 20 15 11 15 22
16 21 26 36 29 25 24 0 33 28 42 23 26 23 16 31 13 39 37 34 25 21 38 36 9 24 13 28 16 15 21 25 21 9 46 23 34 37 28 15 36
30 21 33 5 14 40 17 33 0 21 16 30 23 30 44 29 25 29 20 27 47 29 28 13 36 12 21 5 18 39 12 41 15 38 25 11 3 27 28 18 5
15 7 14 26 7 21 6 28 21 0 19 11 3 11 44 8 30 11 39 7 28 37 10 33 24 11 16 18 23 41 19 22 25 37 19 22 24 9 7 21 26
33 24 32 20 14 39 20 42 16 19 0 30 22 30 57 24 40 18 36 20 46 44 18 29 42 18 29 19 32 54 26 40 30 50 9 26 19 17 25 31 21
7 9 3 35 17 10 13 23 30 11 30 0 8 0 39 8 30 17 44 12 17 38 16 41 16 18 16 26 24 38 24 11 29 32 29 27 33 16 5 22 35
12 5 11 28 9 18 6 26 23 3 22 8 0 8 42 8 28 13 39 8 25 36 12 34 21 11 14 19 22 39 19 19 25 35 22 22 26 12 5 20 28
7 9 3 35 17 10 13 23 30 11 30 0 8 0 39 8 30 17 44 12 17 38 16 41 16 18 16 26 24 38 24 11 29 32 29 27 33 16 5 22 35
32 37 42 46 44 41 39 16 44 44 57 39 42 39 0 47 19 55 40 50 40 20 54 44 25 39 28 40 27 6 33 41 29 7 61 33 44 53 44 27 45
15 13 10 34 15 17 14 31 29 8 24 8 8 8 47 0 36 9 47 4 24 44 8 41 24 19 22 26 30 46 27 18 33 40 21 30 32 8 4 28 34
23 23 33 27 28 35 24 13 25 30 40 30 28 30 19 36 0 41 24 36 37 9 40 25 21 22 14 21 8 14 14 35 10 13 45 14 25 39 32 9 26
24 18 19 34 15 26 17 39 29 11 18 17 13 17 55 9 41 0 48 5 33 48 1 42 33 21 27 27 34 52 30 27 36 48 13 32 32 2 12 32 34
40 35 47 16 33 52 33 37 20 39 36 44 39 44 40 47 24 48 0 45 57 20 47 7 43 28 29 21 21 34 20 52 16 37 45 17 17 46 44 23 15
19 13 14 32 13 21 13 34 27 7 20 12 8 12 50 4 36 5 45 0 28 44 4 40 28 17 22 25 30 47 26 22 32 43 17 29 30 4 7 28 32
17 26 14 51 34 7 30 25 47 28 46 17 25 17 40 24 37 33 57 28 0 46 32 55 16 35 28 42 36 40 38 6 41 34 45 41 49 32 21 34 51
32 31 41 30 34 44 31 21 29 37 44 38 36 38 20 44 9 48 20 44 46 0 47 24 30 28 22 25 14 14 19 44 14 17 51 18 28 46 40 16 29
23 17 18 33 14 25 16 38 28 10 18 16 12 16 54 8 40 1 47 4 32 47 0 41 32 20 26 26 33 51 29 26 35 47 13 31 31 1 11 31 33
38 32 44 9 27 50 28 36 13 33 29 41 34 41 44 41 25 42 7 40 55 24 41 0 42 23 27 15 20 38 17 50 15 38 38 14 10 40 39 22 8
9 18 18 40 28 16 22 9 36 24 42 16 21 16 25 24 21 33 43 28 16 30 32 42 0 25 15 31 22 24 25 16 27 18 43 28 38 32 21 20 40
18 9 21 17 6 28 5 24 12 11 18 18 11 18 39 19 22 21 28 17 35 28 20 23 25 0 11 8 14 36 9 29 15 32 23 12 15 19 16 13 17
11 9 19 25 16 23 11 13 21 16 29 16 14 16 28 22 14 27 29 22 28 22 26 27 15 11 0 16 8 25 10 23 13 21 33 13 23 25 18 6 25
25 17 29 9 12 36 13 28 5 18 19 26 19 26 40 26 21 27 21 25 42 25 26 15 31 8 16 0 13 35 7 37 11 33 26 7 7 25 24 13 9
19 17 27 20 20 31 17 16 18 23 32 24 22 24 27 30 8 34 21 30 36 14 33 20 22 14 8 13 0 22 6 31 5 20 37 7 18 32 26 2 20
31 34 41 41 41 40 36 15 39 41 54 38 39 38 6 46 14 52 34 47 40 14 51 38 24 36 25 35 22 0 28 40 24 6 58 28 39 50 43 23 40
21 15 27 15 15 33 13 21 12 19 26 24 19 24 33 27 14 30 20 26 38 19 29 17 25 9 10 7 6 28 0 33 6 26 32 3 13 28 24 6 15
12 20 8 46 28 1 24 25 41 22 40 11 19 11 41 18 35 27 52 22 6 44 26 50 16 29 23 37 31 40 33 0 36 34 39 36 44 26 15 29 46
24 20 32 17 21 36 19 21 15 25 30 29 25 29 29 33 10 36 16 32 41 14 35 15 27 15 13 11 5 24 6 36 0 23 37 4 15 34 29 7 16
25 30 35 40 37 34 32 9 38 37 50 32 35 32 7 40 13 48 37 43 34 17 47 38 18 32 21 33 20 6 26 34 23 0 54 27 38 46 37 20 39
34 26 31 29 17 38 23 46 25 19 9 29 22 29 61 21 45 13 45 17 45 51 13 38 43 23 33 26 37 58 32 39 37 54 0 33 28 13 24 36 30
24 18 30 13 17 36 16 23 11 22 26 27 22 27 33 30 14 32 17 29 41 18 31 14 28 12 13 7 7 28 3 36 4 27 33 0 11 30 27 8 13
32 24 36 2 17 43 20 34 3 24 19 33 26 33 44 32 25 32 17 30 49 28 31 10 38 15 23 7 18 39 13 44 15 38 28 11 0 30 31 19 2
23 16 18 32 13 25 15 37 27 9 17 16 12 16 53 8 39 2 46 4 32 46 1 40 32 19 25 25 32 50 28 26 34 46 13 30 30 0 11 30 32
12 9 7 33 14 14 11 28 28 7 25 5 5 5 44 4 32 12 44 7 21 40 11 39 21 16 18 24 26 43 24 15 29 37 24 27 31 11 0 24 33
17 15 25 21 19 29 15 15 18 21 31 22 20 22 27 28 9 32 23 28 34 16 31 22 20 13 6 13 2 23 6 29 7 20 36 8 19 30 24 0 21
34 26 38 1 19 45 22 36 5 26 21 35 28 35 45 34 26 34 15 32 51 29 33 8 40 17 25 9 20 40 15 46 16 39 30 13 2 32 33 21 0
0 318
15 142
126 253
119 246
190 317
69 196
106 233
23 150
81 208
185 312
99 226
174 301
163 290
48 175
44 171
126 253
69 196
178 305
29 156
183 310
98 225
190 317
178 305
24 151
28 155
157 284
180 307
19 146
180 307
162 289
95 222
126 253
116 243
5 132
31 158
105 232
185 312
120 247
89 216
125 252
138 265
0
32
85
42
73
77
51
30
78
53
61
49
28
68
42
38
47
50
42
40
70
80
54
26
22
72
73
46
53
45
36
26
48
42
52
65
23
43
62
27
49
