41
1300
0 20 14 24 10 33 28 28 21 35 29 19 26 29 24 19 9 12 18 26 16 13 9 28 12 23 14 13 23 18 24 11 7 8 18 16 31 8 5 29 20
20 0 10 33 28 44 47 46 22 47 12 30 45 30 14 27 20 8 2 45 10 30 11 47 24 25 32 21 40 21 42 28 26 24 29 36 43 19 25 46 40
14 10 0 35 24 44 39 38 26 47 22 30 40 21 23 17 19 9 8 37 2 22 10 39 23 29 28 11 37 24 38 20 21 16 29 30 43 11 19 43 34
24 33 35 0 18 11 41 44 11 15 29 5 31 53 22 43 16 27 33 40 37 34 25 42 12 8 19 37 18 12 24 32 21 32 6 29 12 32 26 19 32
10 28 24 18 0 24 24 27 19 26 33 13 18 38 27 25 9 20 26 23 26 16 17 25 7 20 4 22 13 16 14 14 3 14 12 12 22 17 8 19 15
33 44 44 11 24 0 41 46 22 4 40 14 28 62 33 49 25 37 43 41 46 40 35 43 21 19 23 46 15 23 21 38 27 38 15 33 3 41 32 12 33
28 47 39 41 24 41 0 7 43 40 56 36 13 41 50 28 32 40 45 2 41 18 37 2 31 44 22 30 26 40 20 19 23 23 36 12 38 28 23 30 9
28 46 38 44 27 46 7 0 46 46 57 39 19 37 52 25 35 40 44 5 40 16 37 5 34 47 25 28 31 43 26 18 26 22 39 15 43 27 23 36 13
21 22 26 11 19 22 43 46 0 26 18 11 36 47 11 39 12 17 22 42 28 33 17 44 12 3 22 33 26 3 31 31 21 29 10 31 23 28 25 29 34
35 47 47 15 26 4 40 46 26 0 44 17 27 64 37 51 28 40 46 41 49 42 38 42 24 23 24 48 15 27 20 40 29 40 18 33 4 43 34 10 33
29 12 22 29 33 40 56 57 18 44 0 29 51 42 7 39 24 17 14 55 22 41 20 57 28 21 37 33 43 19 47 39 33 36 28 44 41 31 34 47 48
19 30 30 5 13 14 36 39 11 17 29 0 27 48 22 38 11 23 29 35 32 29 21 37 7 10 14 32 15 10 20 27 16 27 1 24 13 27 21 18 27
26 45 40 31 18 28 13 19 36 27 51 27 0 47 45 34 27 37 43 14 42 22 34 15 24 36 14 33 13 33 7 22 19 25 27 11 25 30 21 17 8
29 30 21 53 38 62 41 37 47 64 42 48 47 0 44 13 38 30 28 39 20 25 30 41 41 50 41 16 51 45 49 25 35 24 47 36 60 21 30 57 39
24 14 23 22 27 33 50 52 11 37 7 22 45 44 0 38 18 14 16 49 24 37 16 51 21 14 31 32 36 12 41 35 27 32 21 38 34 28 29 40 42
19 27 17 43 25 49 28 25 39 51 39 38 34 13 38 0 28 24 25 26 19 12 22 28 31 41 28 6 38 36 36 12 22 11 37 23 47 11 17 44 26
9 20 19 16 9 25 32 35 12 28 24 11 27 38 18 28 0 12 18 31 21 21 10 33 4 14 13 22 20 9 23 19 9 17 10 20 24 17 13 26 24
12 8 9 27 20 37 40 40 17 40 17 23 37 30 14 24 12 0 6 38 11 24 3 40 16 20 24 18 32 15 34 22 18 19 22 28 36 14 17 38 32
18 2 8 33 26 43 45 44 22 46 14 29 43 28 16 25 18 6 0 43 8 28 9 45 22 25 30 19 38 21 40 26 24 22 28 34 42 17 23 44 38
26 45 37 40 23 41 2 5 42 41 55 35 14 39 49 26 31 38 43 0 39 16 35 2 30 43 21 28 26 39 21 17 22 21 35 11 38 26 21 31 8
16 10 2 37 26 46 41 40 28 49 22 32 42 20 24 19 21 11 8 39 0 24 12 41 25 31 30 13 39 26 40 22 23 18 31 32 45 13 21 45 36
13 30 22 34 16 40 18 16 33 42 41 29 22 25 37 12 21 24 28 16 24 0 21 18 22 35 18 12 28 30 25 2 13 6 28 11 38 11 8 34 14
9 11 10 25 17 35 37 37 17 38 20 21 34 30 16 22 10 3 9 35 12 21 0 37 14 20 21 16 30 15 31 19 15 16 20 25 34 12 14 36 29
28 47 39 42 25 43 2 5 44 42 57 37 15 41 51 28 33 40 45 2 41 18 37 0 32 45 23 30 28 41 22 19 24 23 37 13 40 28 23 32 10
12 24 23 12 7 21 31 34 12 24 28 7 24 41 21 31 4 16 22 30 25 22 14 32 0 13 10 25 16 9 20 20 9 20 6 19 20 20 14 22 22
23 25 29 8 20 19 44 47 3 23 21 10 36 50 14 41 14 20 25 43 31 35 20 45 13 0 23 35 25 5 30 33 22 31 9 32 20 30 27 27 35
14 32 28 19 4 23 22 25 22 24 37 14 14 41 31 28 13 24 30 21 30 18 21 23 10 23 0 26 10 19 10 16 7 18 14 10 20 21 12 16 13
13 21 11 37 22 46 30 28 33 48 33 32 33 16 32 6 22 18 19 28 13 12 16 30 25 35 26 0 35 30 35 11 19 8 31 22 44 5 14 41 25
23 40 37 18 13 15 26 31 26 15 43 15 13 51 36 38 20 32 38 26 39 28 30 28 16 25 10 35 0 24 6 26 16 27 16 18 12 30 21 6 18
18 21 24 12 16 23 40 43 3 27 19 10 33 45 12 36 9 15 21 39 26 30 15 41 9 5 19 30 24 0 29 28 18 26 9 28 23 25 22 28 31
24 42 38 24 14 21 20 26 31 20 47 20 7 49 41 36 23 34 40 21 40 25 31 22 20 30 10 35 6 29 0 24 17 27 21 14 18 30 21 10 13
11 28 20 32 14 38 19 18 31 40 39 27 22 25 35 12 19 22 26 17 22 2 19 19 20 33 16 11 26 28 24 0 11 4 26 11 36 9 6 32 14
7 26 21 21 3 27 23 26 21 29 33 16 19 35 27 22 9 18 24 22 23 13 15 24 9 22 7 19 16 18 17 11 0 11 15 11 25 14 5 22 15
8 24 16 32 14 38 23 22 29 40 36 27 25 24 32 11 17 19 22 21 18 6 16 23 20 31 18 8 27 26 27 4 11 0 26 14 36 5 6 33 18
18 29 29 6 12 15 36 39 10 18 28 1 27 47 21 37 10 22 28 35 31 28 20 37 6 9 14 31 16 9 21 26 15 26 0 24 14 26 20 19 27
16 36 30 29 12 33 12 15 31 33 44 24 11 36 38 23 20 28 34 11 32 11 25 13 19 32 10 22 18 28 14 11 11 14 24 0 30 19 11 24 4
31 43 43 12 22 3 38 43 23 4 41 13 25 60 34 47 24 36 42 38 45 38 34 40 20 20 20 44 12 23 18 36 25 36 14 30 0 39 30 9 30
8 19 11 32 17 41 28 27 28 43 31 27 30 21 28 11 17 14 17 26 13 11 12 28 20 30 21 5 30 25 30 9 14 5 26 19 39 0 9 36 23
5 25 19 26 8 32 23 23 25 34 34 21 21 30 29 17 13 17 23 21 21 8 14 23 14 27 12 14 21 22 21 6 5 6 20 11 30 9 0 27 15
29 46 43 19 19 12 30 36 29 10 47 18 17 57 40 44 26 38 44 31 45 34 36 32 22 27 16 41 6 28 10 32 22 33 19 24 9 36 27 0 23
20 40 34 32 15 33 9 13 34 33 48 27 8 39 42 26 24 32 38 8 36 14 29 10 22 35 13 25 18 31 13 14 15 18 27 4 30 23 15 23 0
0 514
229 331
181 283
36 138
173 275
403 505
216 318
355 457
150 252
50 152
210 312
339 441
210 312
163 265
319 421
293 395
199 301
191 293
1 103
336 438
3 105
356 458
364 466
381 483
216 318
125 227
85 187
381 483
263 365
308 410
98 200
344 446
328 430
221 323
105 207
177 279
50 152
184 286
78 180
116 218
15 117
0
53
28
41
15
26
23
73
42
31
68
61
53
60
58
47
71
80
71
25
39
32
23
18
67
66
62
56
88
33
52
42
65
43
55
55
37
87
45
56
53
