41
1299
0 32 42 10 20 47 16 13 43 40 29 27 12 38 38 41 46 16 40 17 43 23 26 31 16 30 26 27 32 32 49 19 47 10 37 12 31 21 15 14 20
32 0 29 36 15 29 37 25 19 9 27 13 27 6 28 40 21 22 38 28 42 34 8 28 19 40 7 40 22 29 48 16 27 25 32 23 38 21 17 40 27
42 29 0 38 23 7 36 44 17 25 15 39 32 28 5 18 19 27 16 27 20 28 34 13 26 29 33 31 10 14 23 23 12 32 11 30 24 22 30 42 24
10 36 38 0 21 45 6 23 44 42 23 35 9 41 33 34 47 14 34 11 36 14 32 25 17 20 32 17 30 26 42 20 48 11 31 13 23 19 19 4 14
20 15 23 21 0 27 22 21 23 21 13 20 12 20 19 28 26 7 26 13 30 19 15 15 4 25 14 25 13 16 36 1 27 10 21 8 23 6 7 25 12
47 29 7 45 27 0 43 48 12 22 22 40 38 25 12 25 13 33 23 34 27 35 35 20 31 36 34 38 16 21 30 28 5 37 18 35 31 28 34 49 31
16 37 36 6 22 43 0 29 45 43 21 39 11 42 31 28 48 15 28 10 30 8 35 23 18 14 35 11 29 22 36 21 47 15 27 16 17 18 22 7 13
13 25 44 23 21 48 29 0 42 34 32 15 19 31 40 47 45 20 45 24 49 31 17 34 19 38 18 36 34 35 55 21 48 15 40 16 38 24 14 27 26
43 19 17 44 23 12 45 42 0 10 26 31 35 13 20 34 3 30 32 35 36 39 26 25 27 41 25 43 18 26 40 24 8 33 26 31 36 27 30 48 33
40 9 25 42 21 22 43 34 10 0 29 22 33 3 26 40 12 28 38 34 42 40 17 29 25 45 16 46 22 30 47 22 18 31 32 29 40 27 25 46 33
29 27 15 23 13 22 21 32 26 29 0 33 17 30 10 15 29 13 13 12 17 13 28 2 13 16 27 17 8 3 23 13 26 19 8 17 12 8 19 27 9
27 13 39 35 20 40 39 15 31 22 33 0 28 19 37 48 34 25 46 31 50 38 5 35 23 45 6 44 31 36 56 21 39 24 41 23 43 26 17 39 31
12 27 32 9 12 38 11 19 35 33 17 28 0 32 27 29 38 5 28 5 31 12 24 19 8 19 24 17 22 20 37 11 39 4 25 5 19 10 11 13 8
38 6 28 41 20 25 42 31 13 3 30 19 32 0 29 42 15 27 40 33 44 39 14 31 24 45 13 45 24 32 50 21 21 30 34 28 42 26 23 45 32
38 28 5 33 19 12 31 40 20 26 10 37 27 29 0 14 23 22 12 22 16 23 32 8 22 24 31 26 6 9 21 19 17 28 6 26 19 17 26 37 19
41 40 18 34 28 25 28 47 34 40 15 48 29 42 14 0 37 27 2 24 2 20 43 13 28 16 42 19 18 12 8 28 30 33 8 31 11 23 34 35 22
46 21 19 47 26 13 48 45 3 12 29 34 38 15 23 37 0 33 35 38 39 42 29 28 30 44 28 46 21 29 42 27 9 36 29 34 39 30 33 51 36
16 22 27 14 7 33 15 20 30 28 13 25 5 27 22 27 33 0 26 6 29 13 21 15 3 20 20 19 17 16 35 6 34 6 21 4 19 5 8 18 6
40 38 16 34 26 23 28 45 32 38 13 46 28 40 12 2 35 26 0 23 4 20 41 11 26 16 40 19 16 10 10 26 28 31 6 30 11 21 32 35 20
17 28 27 11 13 34 10 24 35 34 12 31 5 33 22 24 38 6 23 0 26 7 27 14 9 14 26 13 19 15 32 12 37 9 20 9 14 8 14 15 3
43 42 20 36 30 27 30 49 36 42 17 50 31 44 16 2 39 29 4 26 0 22 45 15 30 17 44 20 20 14 6 30 32 35 10 33 13 25 36 37 24
23 34 28 14 19 35 8 31 39 40 13 38 12 39 23 20 42 13 20 7 22 0 34 15 16 7 33 6 21 14 28 18 39 16 19 16 9 13 21 15 7
26 8 34 32 15 35 35 17 26 17 28 5 24 14 32 43 29 21 41 27 45 34 0 30 18 40 1 40 26 31 51 16 34 21 36 19 38 21 13 36 27
31 28 13 25 15 20 23 34 25 29 2 35 19 31 8 13 28 15 11 14 15 15 30 0 15 16 29 18 7 1 21 15 25 21 6 19 11 10 21 29 11
16 19 26 17 4 31 18 19 27 25 13 23 8 24 22 28 30 3 26 9 30 16 18 15 0 23 17 22 16 16 36 3 31 6 21 4 22 5 6 21 9
30 40 29 20 25 36 14 38 41 45 16 45 19 45 24 16 44 20 16 14 17 7 40 16 23 0 39 3 23 15 22 24 40 23 18 23 5 19 28 21 14
26 7 33 32 14 34 35 18 25 16 27 6 24 13 31 42 28 20 40 26 44 33 1 29 17 39 0 39 25 30 50 15 33 21 35 19 37 20 13 36 26
27 40 31 17 25 38 11 36 43 46 17 44 17 45 26 19 46 19 19 13 20 6 40 18 22 3 39 0 25 17 25 24 42 21 21 22 8 19 27 18 13
32 22 10 30 13 16 29 34 18 22 8 31 22 24 6 18 21 17 16 19 20 21 26 7 16 23 25 25 0 8 26 13 18 22 10 20 18 12 20 34 16
32 29 14 26 16 21 22 35 26 30 3 36 20 32 9 12 29 16 10 15 14 14 31 1 16 15 30 17 8 0 20 16 25 22 5 20 10 11 22 29 12
49 48 23 42 36 30 36 55 40 47 23 56 37 50 21 8 42 35 10 32 6 28 51 21 36 22 50 25 26 20 0 36 35 41 16 39 19 31 42 43 30
19 16 23 20 1 28 21 21 24 22 13 21 11 21 19 28 27 6 26 12 30 18 16 15 3 24 15 24 13 16 36 0 28 9 21 7 22 5 7 24 11
47 27 12 48 27 5 47 48 8 18 26 39 39 21 17 30 9 34 28 37 32 39 34 25 31 40 33 42 18 25 35 28 0 37 23 35 35 30 34 52 34
10 25 32 11 10 37 15 15 33 31 19 24 4 30 28 33 36 6 31 9 35 16 21 21 6 23 21 21 22 22 41 9 37 0 27 2 23 11 8 15 11
37 32 11 31 21 18 27 40 26 32 8 41 25 34 6 8 29 21 6 20 10 19 36 6 21 18 35 21 10 5 16 21 23 27 0 25 13 16 27 34 17
12 23 30 13 8 35 16 16 31 29 17 23 5 28 26 31 34 4 30 9 33 16 19 19 4 23 19 22 20 20 39 7 35 2 25 0 23 9 6 17 10
31 38 24 23 23 31 17 38 36 40 12 43 19 42 19 11 39 19 11 14 13 9 38 11 22 5 37 8 18 10 19 22 35 23 13 23 0 17 27 24 13
21 21 22 19 6 28 18 24 27 27 8 26 10 26 17 23 30 5 21 8 25 13 21 10 5 19 20 19 12 11 31 5 30 11 16 9 17 0 11 23 6
15 17 30 19 7 34 22 14 30 25 19 17 11 23 26 34 33 8 32 14 36 21 13 21 6 28 13 27 20 22 42 7 34 8 27 6 27 11 0 23 14
14 40 42 4 25 49 7 27 48 46 27 39 13 45 37 35 51 18 35 15 37 15 36 29 21 21 36 18 34 29 43 24 52 15 34 17 24 23 23 0 18
20 27 24 14 12 31 13 26 33 33 9 31 8 32 19 22 36 6 20 3 24 7 27 11 9 14 26 13 16 12 30 11 34 11 17 10 13 6 14 18 0
0 269
179 179
252 252
191 191
80 80
197 197
144 144
220 220
81 81
47 47
166 166
2 2
157 157
198 198
8 8
139 139
215 215
160 160
110 110
21 21
25 25
215 215
262 262
205 205
190 190
190 190
198 198
246 246
85 85
75 75
18 18
9 9
47 47
146 146
107 107
105 105
5 5
60 60
166 166
172 172
0 0
0
46
28
35
72
40
51
29
32
11
83
52
87
35
61
69
54
66
51
90
60
36
55
52
59
61
40
36
16
66
56
57
36
60
67
72
45
34
34
34
29
