41
1302
0 14 33 21 40 32 8 37 16 31 29 44 24 25 15 35 4 20 35 36 13 35 24 36 33 3 40 33 33 17 37 16 2 25 39 33 24 20 34 29 35
14 0 43 31 43 32 19 25 12 19 39 42 31 16 28 32 10 7 41 23 7 42 11 39 20 14 42 45 40 24 39 30 12 27 42 31 28 7 37 32 33
33 43 0 12 23 25 38 52 33 48 4 37 13 41 18 34 35 44 12 53 36 7 46 18 50 36 25 3 9 19 24 18 33 20 20 32 17 44 21 19 30
21 31 12 0 24 20 27 44 22 38 8 33 7 31 7 27 23 32 16 43 24 14 35 18 40 24 25 14 12 8 22 10 21 13 21 25 10 32 19 14 25
40 43 23 24 0 12 47 41 31 40 21 16 18 35 31 19 41 42 11 44 36 16 41 6 42 43 3 26 14 23 5 34 40 16 3 18 16 42 6 11 15
32 32 25 20 12 0 40 31 20 28 21 13 13 23 26 9 33 30 16 33 25 19 29 10 30 34 10 28 17 16 7 29 31 7 11 7 10 30 6 6 5
8 19 38 27 47 40 0 44 23 38 34 52 31 32 20 43 10 26 42 42 20 41 30 43 39 6 47 37 39 24 44 20 9 33 46 41 31 26 41 36 43
37 25 52 44 41 31 44 0 23 6 48 29 39 13 45 22 34 18 46 4 24 49 14 41 6 38 38 55 47 36 36 48 35 32 41 24 35 18 37 36 26
16 12 33 22 31 20 23 23 0 17 29 30 20 10 22 20 14 11 30 22 5 31 13 27 19 17 30 36 29 14 27 25 14 15 30 19 17 11 25 20 21
31 19 48 38 40 28 38 6 17 0 44 30 35 7 39 21 28 12 42 5 18 45 8 38 2 32 37 51 43 30 35 42 29 28 39 22 31 12 34 32 25
29 39 4 8 21 21 34 48 29 44 0 34 9 37 14 30 31 40 11 49 32 7 42 16 46 32 23 7 7 15 21 15 29 16 18 28 13 40 18 15 26
44 42 37 33 16 13 52 29 30 30 34 0 26 27 39 10 44 36 26 33 35 30 34 20 32 46 13 40 28 29 14 42 43 20 18 11 23 36 16 19 9
24 31 13 7 18 13 31 39 20 35 9 26 0 28 14 21 26 31 11 40 24 11 33 12 37 27 18 16 9 7 15 17 24 7 15 19 4 31 12 7 18
25 16 41 31 35 23 32 13 10 7 37 27 28 0 32 17 22 9 36 12 12 38 7 33 9 26 33 44 36 23 30 35 23 21 34 18 24 9 29 26 21
15 28 18 7 31 26 20 45 22 39 14 39 14 32 0 32 18 31 23 44 23 21 34 25 41 18 32 18 19 10 29 3 16 19 28 30 16 31 26 21 31
35 32 34 27 19 9 43 22 20 21 30 10 21 17 32 0 34 26 25 25 25 28 24 19 23 37 16 37 26 22 14 35 34 14 19 2 17 26 15 15 4
4 10 35 23 41 33 10 34 14 28 31 44 26 22 18 34 0 16 37 32 10 37 20 37 29 4 41 36 35 19 38 20 2 26 40 33 25 16 35 30 35
20 7 44 32 42 30 26 18 11 12 40 36 31 9 31 26 16 0 41 16 8 42 4 38 13 20 40 46 40 25 37 34 18 26 41 26 28 0 36 31 29
35 41 12 16 11 16 42 46 30 42 11 26 11 36 23 25 37 41 0 47 34 5 42 6 44 38 13 15 4 18 12 25 35 15 8 23 13 41 10 10 21
36 23 53 43 44 33 42 4 22 5 49 33 40 12 44 25 32 16 47 0 23 50 12 43 3 36 41 56 48 35 39 47 34 33 44 27 36 16 39 37 29
13 7 36 24 36 25 20 24 5 18 32 35 24 12 23 25 10 8 34 23 0 35 11 32 20 14 35 38 33 17 32 26 11 20 35 24 21 8 30 25 26
35 42 7 14 16 19 41 49 31 45 7 30 11 38 21 28 37 42 5 50 35 0 43 11 47 38 18 10 2 18 17 22 35 17 13 26 14 42 14 13 24
24 11 46 35 41 29 30 14 13 8 42 34 33 7 34 24 20 4 42 12 11 43 0 39 9 24 39 49 41 27 36 37 22 27 40 25 29 4 35 32 28
36 39 18 18 6 10 43 41 27 38 16 20 12 33 25 19 37 38 6 43 32 11 39 0 40 39 8 21 9 19 6 28 36 12 3 17 12 38 4 7 15
33 20 50 40 42 30 39 6 19 2 46 32 37 9 41 23 29 13 44 3 20 47 9 40 0 33 39 53 45 32 37 44 31 30 41 24 33 13 36 34 27
3 14 36 24 43 34 6 38 17 32 32 46 27 26 18 37 4 20 38 36 14 38 24 39 33 0 42 36 36 20 39 19 3 27 42 35 27 20 37 32 37
40 42 25 25 3 10 47 38 30 37 23 13 18 33 32 16 41 40 13 41 35 18 39 8 39 42 0 28 16 23 3 35 39 15 5 15 16 40 6 11 12
33 45 3 14 26 28 37 55 36 51 7 40 16 44 18 37 36 46 15 56 38 10 49 21 53 36 28 0 12 22 27 17 34 23 23 35 20 46 24 22 33
33 40 9 12 14 17 39 47 29 43 7 28 9 36 19 26 35 40 4 48 33 2 41 9 45 36 16 12 0 16 15 22 33 15 11 24 12 40 12 11 22
17 24 19 8 23 16 24 36 14 30 15 29 7 23 10 22 19 25 18 35 17 18 27 19 32 20 23 22 16 0 20 13 17 9 22 20 7 25 17 12 21
37 39 24 22 5 7 44 36 27 35 21 14 15 30 29 14 38 37 12 39 32 17 36 6 37 39 3 27 15 20 0 32 36 12 5 13 13 37 3 8 10
16 30 18 10 34 29 20 48 25 42 15 42 17 35 3 35 20 34 25 47 26 22 37 28 44 19 35 17 22 13 32 0 18 22 31 33 19 34 29 24 34
2 12 33 21 40 31 9 35 14 29 29 43 24 23 16 34 2 18 35 34 11 35 22 36 31 3 39 34 33 17 36 18 0 24 39 32 24 18 34 29 34
25 27 20 13 16 7 33 32 15 28 16 20 7 21 19 14 26 26 15 33 20 17 27 12 30 27 15 23 15 9 12 22 24 0 15 12 3 26 10 5 12
39 42 20 21 3 11 46 41 30 39 18 18 15 34 28 19 40 41 8 44 35 13 40 3 41 42 5 23 11 22 5 31 39 15 0 18 15 41 5 10 15
33 31 32 25 18 7 41 24 19 22 28 11 19 18 30 2 33 26 23 27 24 26 25 17 24 35 15 35 24 20 13 33 32 12 18 0 15 26 13 13 3
24 28 17 10 16 10 31 35 17 31 13 23 4 24 16 17 25 28 13 36 21 14 29 12 33 27 16 20 12 7 13 19 24 3 15 15 0 28 10 5 15
20 7 44 32 42 30 26 18 11 12 40 36 31 9 31 26 16 0 41 16 8 42 4 38 13 20 40 46 40 25 37 34 18 26 41 26 28 0 36 31 29
34 37 21 19 6 6 41 37 25 34 18 16 12 29 26 15 35 36 10 39 30 14 35 4 36 37 6 24 12 17 3 29 34 10 5 13 10 36 0 5 11
29 32 19 14 11 6 36 36 20 32 15 19 7 26 21 15 30 31 10 37 25 13 32 7 34 32 11 22 11 12 8 24 29 5 10 13 5 31 5 0 11
35 33 30 25 15 5 43 26 21 25 26 9 18 21 31 4 35 29 21 29 26 24 28 15 27 37 12 33 22 21 10 34 34 12 15 3 15 29 11 11 0
0 489
106 350
143 387
239 483
111 355
243 487
141 385
20 264
76 320
210 454
117 361
206 450
177 421
164 408
88 332
161 405
204 448
176 420
136 380
3 247
161 405
66 310
160 404
79 323
205 449
11 255
236 480
151 395
23 267
216 460
187 431
120 364
34 278
205 449
158 402
96 340
113 357
232 476
234 478
88 332
193 437
0
67
77
60
77
75
48
29
40
65
34
56
20
30
23
30
63
43
34
37
24
51
47
35
30
68
57
26
39
68
76
51
80
49
59
63
54
69
50
64
34
