41
1299
0 26 32 48 35 21 24 6 30 21 46 26 3 27 40 25 17 20 10 34 30 26 19 19 21 39 7 32 47 37 31 17 18 38 12 42 15 37 7 47 22
26 0 8 30 22 33 6 20 11 28 38 8 26 29 46 37 25 7 21 19 15 28 9 26 26 25 24 8 37 22 12 16 9 38 22 34 11 15 21 39 35
32 8 0 31 26 41 8 26 16 36 42 15 32 36 53 45 33 12 29 23 20 35 17 34 34 29 30 10 41 26 16 24 14 43 30 38 17 15 27 43 43
48 30 31 0 14 41 36 44 19 36 17 23 50 28 40 43 35 36 38 14 18 27 30 34 31 11 49 22 15 12 18 31 38 26 37 17 38 16 46 18 43
35 22 26 14 0 27 28 32 11 22 16 14 38 15 30 30 21 27 25 3 7 14 20 20 17 4 37 16 16 2 10 18 29 17 23 12 28 14 34 17 29
21 33 41 41 27 0 36 24 30 5 34 28 24 14 20 5 9 33 14 29 27 14 24 7 10 30 28 35 35 29 31 17 32 23 13 30 29 37 26 34 2
24 6 8 36 28 36 0 18 17 31 44 14 24 34 51 40 28 4 23 25 21 33 12 29 29 31 22 14 43 28 18 19 6 44 25 40 9 21 19 45 38
6 20 26 44 32 24 18 0 25 21 46 21 6 27 41 29 17 14 10 31 27 26 14 19 21 36 5 27 47 34 26 15 12 38 12 42 9 32 2 47 26
30 11 16 19 11 30 17 25 0 25 27 4 31 22 39 34 23 17 22 8 5 21 11 23 21 14 30 6 26 11 1 15 19 28 22 23 19 7 27 28 32
21 28 36 36 22 5 31 21 25 0 29 23 24 9 20 9 4 28 11 24 22 9 19 2 5 25 26 30 30 24 26 12 28 20 9 25 25 32 23 29 7
46 38 42 17 16 34 44 46 27 29 0 30 49 20 25 33 30 43 36 19 23 20 36 28 25 13 51 32 2 16 26 31 45 12 34 4 44 29 48 1 35
26 8 15 23 14 28 14 21 4 23 30 0 27 21 38 32 20 13 18 11 7 20 7 21 19 17 26 7 29 14 5 11 15 30 18 26 15 11 23 31 30
3 26 32 50 38 24 24 6 31 24 49 27 0 30 43 28 20 20 13 37 33 29 20 22 24 42 4 33 50 40 32 20 18 41 15 45 15 38 5 50 25
27 29 36 28 15 14 34 27 22 9 20 21 30 0 17 15 11 31 17 17 17 1 22 9 6 17 32 27 21 17 21 15 31 11 15 16 29 27 29 20 15
40 46 53 40 30 20 51 41 39 20 25 38 43 17 0 15 24 48 31 33 34 18 39 22 22 31 46 44 27 32 38 32 48 14 29 23 45 44 43 24 18
25 37 45 43 30 5 40 29 34 9 33 32 28 15 15 0 13 37 19 32 31 16 28 11 14 32 32 39 35 32 35 21 37 22 18 30 34 41 31 33 3
17 25 33 35 21 9 28 17 23 4 30 20 20 11 24 13 0 25 7 23 20 10 16 2 5 25 22 27 31 23 24 9 24 22 5 26 21 30 19 31 11
20 7 12 36 27 33 4 14 17 28 43 13 20 31 48 37 25 0 19 24 20 30 9 26 26 30 18 15 42 27 18 16 2 41 21 39 5 22 15 44 35
10 21 29 38 25 14 23 10 22 11 36 18 13 17 31 19 7 19 0 24 20 16 12 9 11 29 15 25 37 27 23 7 18 28 2 32 15 29 12 37 16
34 19 23 14 3 29 25 31 8 24 19 11 37 17 33 32 23 24 24 0 4 16 17 22 19 6 36 13 18 3 7 17 26 20 24 15 25 11 33 20 31
30 15 20 18 7 27 21 27 5 22 23 7 33 17 34 31 20 20 20 4 0 16 13 20 17 10 32 10 22 7 4 13 22 23 20 19 21 10 29 24 29
26 28 35 27 14 14 33 26 21 9 20 20 29 1 18 16 10 30 16 16 16 0 21 8 5 16 31 26 21 16 20 14 30 12 14 16 28 26 28 21 16
19 9 17 30 20 24 12 14 11 19 36 7 20 22 39 28 16 9 12 17 13 21 0 17 17 23 19 13 35 20 12 7 9 32 13 32 8 18 16 37 26
19 26 34 34 20 7 29 19 23 2 28 21 22 9 22 11 2 26 9 22 20 8 17 0 3 23 24 28 29 22 24 10 26 20 7 24 23 30 21 29 9
21 26 34 31 17 10 29 21 21 5 25 19 24 6 22 14 5 26 11 19 17 5 17 3 0 20 26 26 26 19 21 10 26 17 9 21 24 27 23 26 12
39 25 29 11 4 30 31 36 14 25 13 17 42 17 31 32 25 30 29 6 10 16 23 23 20 0 41 19 12 3 13 22 32 17 27 10 31 16 38 14 32
7 24 30 49 37 28 22 5 30 26 51 26 4 32 46 32 22 18 15 36 32 31 19 24 26 41 0 32 52 39 31 20 16 43 17 47 13 37 3 52 29
32 8 10 22 16 35 14 27 6 30 32 7 33 27 44 39 27 15 25 13 10 26 13 28 26 19 32 0 31 16 6 18 17 33 25 28 19 7 29 33 37
47 37 41 15 16 35 43 47 26 30 2 29 50 21 27 35 31 42 37 18 22 21 35 29 26 12 52 31 0 15 25 32 44 14 35 5 43 28 49 3 36
37 22 26 12 2 29 28 34 11 24 16 14 40 17 32 32 23 27 27 3 7 16 20 22 19 3 39 16 15 0 10 20 29 19 25 13 28 13 36 17 31
31 12 16 18 10 31 18 26 1 26 26 5 32 21 38 35 24 18 23 7 4 20 12 24 21 13 31 6 25 10 0 16 20 27 23 22 20 6 28 27 33
17 16 24 31 18 17 19 15 15 12 31 11 20 15 32 21 9 16 7 17 13 14 7 10 10 22 20 18 32 20 16 0 16 26 7 27 14 22 17 32 19
18 9 14 38 29 32 6 12 19 28 45 15 18 31 48 37 24 2 18 26 22 30 9 26 26 32 16 17 44 29 20 16 0 41 19 41 3 24 13 46 34
38 38 43 26 17 23 44 38 28 20 12 30 41 11 14 22 22 41 28 20 23 12 32 20 17 17 43 33 14 19 27 26 41 0 26 9 40 31 40 11 24
12 22 30 37 23 13 25 12 22 9 34 18 15 15 29 18 5 21 2 24 20 14 13 7 9 27 17 25 35 25 23 7 19 26 0 30 16 29 14 35 15
42 34 38 17 12 30 40 42 23 25 4 26 45 16 23 30 26 39 32 15 19 16 32 24 21 10 47 28 5 13 22 27 41 9 30 0 40 26 44 5 31
15 11 17 38 28 29 9 9 19 25 44 15 15 29 45 34 21 5 15 25 21 28 8 23 24 31 13 19 43 28 20 14 3 40 16 40 0 26 10 45 31
37 15 15 16 14 37 21 32 7 32 29 11 38 27 44 41 30 22 29 11 10 26 18 30 27 16 37 7 28 13 6 22 24 31 29 26 26 0 34 30 39
7 21 27 46 34 26 19 2 27 23 48 23 5 29 43 31 19 15 12 33 29 28 16 21 23 38 3 29 49 36 28 17 13 40 14 44 10 34 0 49 28
47 39 43 18 17 34 45 47 28 29 1 31 50 20 24 33 31 44 37 20 24 21 37 29 26 14 52 33 3 17 27 32 46 11 35 5 45 30 49 0 35
22 35 43 43 29 2 38 26 32 7 35 30 25 15 18 3 11 35 16 31 29 16 26 9 12 32 29 37 36 31 33 19 34 24 15 31 31 39 28 35 0
0 685
101 443
127 469
100 442
334 676
330 672
119 461
190 532
278 620
108 450
91 433
57 399
26 368
26 368
130 472
307 649
220 562
25 367
213 555
304 646
98 440
114 456
23 365
112 454
34 376
112 454
156 498
265 607
333 675
64 406
20 362
220 562
135 477
110 452
301 643
312 654
233 575
315 657
117 459
269 611
41 383
0
32
43
55
61
44
85
29
71
15
32
39
18
37
74
55
26
66
35
38
36
60
16
70
53
42
62
42
58
80
54
67
17
26
59
83
75
62
80
60
41
