41
1300
0 8 13 17 19 19 37 24 42 38 36 38 13 29 10 23 24 19 52 23 32 26 23 28 34 50 39 11 40 33 9 17 16 47 56 51 14 20 27 46 31
8 0 12 10 14 14 30 16 36 33 32 30 8 21 8 18 19 19 46 18 25 20 21 22 33 44 34 9 37 26 5 10 10 39 48 43 17 20 20 40 26
13 12 0 20 8 8 40 20 34 27 23 34 7 23 20 15 29 7 44 10 34 30 10 20 21 42 44 21 27 25 7 20 21 39 48 43 7 8 29 38 36
17 10 20 0 19 18 20 11 33 33 36 22 13 17 10 18 9 27 42 23 15 10 26 20 39 41 24 9 42 22 13 0 2 34 43 38 26 28 10 37 16
19 14 8 19 0 1 37 15 27 20 18 29 6 16 22 8 28 12 37 4 31 29 7 13 20 35 41 23 23 18 10 19 21 32 41 36 15 12 26 31 35
19 14 8 18 1 0 36 14 26 19 18 28 6 15 22 7 27 13 36 5 30 28 8 12 21 34 40 23 24 17 10 18 20 31 40 35 15 13 25 30 34
37 30 40 20 37 36 0 22 38 43 49 18 33 26 27 32 13 47 41 40 6 11 43 31 56 42 4 26 57 30 33 20 21 33 42 37 46 48 11 41 7
24 16 20 11 15 14 22 0 22 22 27 14 13 6 21 10 18 27 31 18 16 17 21 9 34 30 26 20 35 11 16 11 13 24 33 28 27 27 12 26 22
42 36 34 33 27 26 38 22 0 11 20 20 29 16 43 19 40 36 10 25 33 37 27 14 32 8 42 42 28 11 33 33 35 9 15 11 41 36 31 4 41
38 33 27 33 20 19 43 22 11 0 9 27 25 17 40 15 40 27 20 17 37 39 18 13 21 17 47 40 17 13 29 33 35 20 25 22 33 27 34 13 44
36 32 23 36 18 18 49 27 20 9 0 35 24 23 40 18 45 22 29 14 43 44 13 18 12 26 53 41 8 21 28 36 38 29 34 31 28 21 39 22 49
38 30 34 22 29 28 18 14 20 27 35 0 27 13 32 21 24 41 23 30 14 21 33 18 45 24 22 31 43 14 30 22 24 15 24 19 41 41 15 23 22
13 8 7 13 6 6 33 13 29 25 24 27 0 16 16 10 22 14 39 10 27 23 13 15 26 37 37 17 29 20 4 13 15 34 43 38 14 15 22 33 29
29 21 23 17 16 15 26 6 16 17 23 13 16 0 27 8 24 28 25 17 20 22 20 5 32 24 30 26 31 5 20 17 19 18 27 22 30 28 17 20 27
10 8 20 10 22 22 27 21 43 40 40 32 16 27 0 25 14 27 52 26 24 16 29 29 41 51 29 1 45 32 13 10 8 44 53 48 23 28 20 47 21
23 18 15 18 8 7 32 10 19 15 18 21 10 8 25 0 27 20 29 9 26 26 12 5 24 27 36 25 26 10 14 18 20 24 33 28 22 20 22 23 32
24 19 29 9 28 27 13 18 40 40 45 24 22 24 14 27 0 36 47 32 11 3 35 27 48 47 15 13 51 29 22 9 9 39 48 43 35 37 9 44 7
19 19 7 27 12 13 47 27 36 27 22 41 14 28 27 20 36 0 46 11 41 37 9 24 15 44 51 28 23 29 14 27 28 43 51 47 6 1 36 40 43
52 46 44 42 37 36 41 31 10 20 29 23 39 25 52 29 47 46 0 35 37 44 37 24 41 3 45 51 37 20 43 42 44 8 5 5 51 46 38 7 45
23 18 10 23 4 5 40 18 25 17 14 30 10 17 26 9 32 11 35 0 34 33 3 13 16 33 44 27 19 18 14 23 25 32 40 36 16 11 30 29 39
32 25 34 15 31 30 6 16 33 37 43 14 27 20 24 26 11 41 37 34 0 8 37 25 50 38 10 23 51 24 28 15 16 29 38 33 41 42 5 37 8
26 20 30 10 29 28 11 17 37 39 44 21 23 22 16 26 3 37 44 33 8 0 36 26 49 44 14 15 52 27 23 10 10 36 45 40 36 38 6 41 6
23 21 10 26 7 8 43 21 27 18 13 33 13 20 29 12 35 9 37 3 37 36 0 16 13 35 47 30 17 21 16 26 28 35 42 38 15 9 33 31 42
28 22 20 20 13 12 31 9 14 13 18 18 15 5 29 5 27 24 24 13 25 26 16 0 27 22 35 28 26 5 19 20 22 19 28 23 27 24 21 18 31
34 33 21 39 20 21 56 34 32 21 12 45 26 32 41 24 48 15 41 16 50 49 13 27 0 38 60 42 8 31 28 39 41 41 46 43 21 14 46 34 55
50 44 42 41 35 34 42 30 8 17 26 24 37 24 51 27 47 44 3 33 38 44 35 22 38 0 46 50 34 19 41 41 43 9 8 7 49 44 38 4 46
39 34 44 24 41 40 4 26 42 47 53 22 37 30 29 36 15 51 45 44 10 14 47 35 60 46 0 28 61 34 37 24 24 37 46 41 50 52 15 45 8
11 9 21 9 23 23 26 20 42 40 41 31 17 26 1 25 13 28 51 27 23 15 30 28 42 50 28 0 46 31 14 9 7 43 52 47 24 29 19 46 20
40 37 27 42 23 24 57 35 28 17 8 43 29 31 45 26 51 23 37 19 51 52 17 26 8 34 61 46 0 29 33 42 44 37 42 39 29 22 47 30 57
33 26 25 22 18 17 30 11 11 13 21 14 20 5 32 10 29 29 20 18 24 27 21 5 31 19 34 31 29 0 24 22 24 14 23 18 32 29 21 15 31
9 5 7 13 10 10 33 16 33 29 28 30 4 20 13 14 22 14 43 14 28 23 16 19 28 41 37 14 33 24 0 13 14 38 47 42 13 15 23 37 29
17 10 20 0 19 18 20 11 33 33 36 22 13 17 10 18 9 27 42 23 15 10 26 20 39 41 24 9 42 22 13 0 2 34 43 38 26 28 10 37 16
16 10 21 2 21 20 21 13 35 35 38 24 15 19 8 20 9 28 44 25 16 10 28 22 41 43 24 7 44 24 14 2 0 36 45 40 27 29 12 39 16
47 39 39 34 32 31 33 24 9 20 29 15 34 18 44 24 39 43 8 32 29 36 35 19 41 9 37 43 37 14 38 34 36 0 9 4 46 43 30 10 37
56 48 48 43 41 40 42 33 15 25 34 24 43 27 53 33 48 51 5 40 38 45 42 28 46 8 46 52 42 23 47 43 45 9 0 5 55 51 39 12 46
51 43 43 38 36 35 37 28 11 22 31 19 38 22 48 28 43 47 5 36 33 40 38 23 43 7 41 47 39 18 42 38 40 4 5 0 50 47 34 10 41
14 17 7 26 15 15 46 27 41 33 28 41 14 30 23 22 35 6 51 16 41 36 15 27 21 49 50 24 29 32 13 26 27 46 55 50 0 7 36 45 42
20 20 8 28 12 13 48 27 36 27 21 41 15 28 28 20 37 1 46 11 42 38 9 24 14 44 52 29 22 29 15 28 29 43 51 47 7 0 37 40 44
27 20 29 10 26 25 11 12 31 34 39 15 22 17 20 22 9 36 38 30 5 6 33 21 46 38 15 19 47 21 23 10 12 30 39 34 36 37 0 35 10
46 40 38 37 31 30 41 26 4 13 22 23 33 20 47 23 44 40 7 29 37 41 31 18 34 4 45 46 30 15 37 37 39 10 12 10 45 40 35 0 45
31 26 36 16 35 34 7 22 41 44 49 22 29 27 21 32 7 43 45 39 8 6 42 31 55 46 8 20 57 31 29 16 16 37 46 41 42 44 10 45 0
0 318
271 271
7 7
81 81
275 275
309 309
67 67
143 143
131 131
24 24
81 81
136 136
259 259
213 213
316 316
33 33
156 156
208 208
47 47
119 119
123 123
0 0
93 93
130 130
33 33
265 265
314 314
177 177
68 68
49 49
8 8
88 88
245 245
142 142
204 204
164 164
212 212
86 86
132 132
102 102
84 84
0
36
68
40
61
30
61
58
36
59
77
59
46
67
61
37
26
60
59
55
63
51
51
48
49
79
51
48
55
26
56
21
29
34
79
37
33
74
46
12
62
