41
1301
0 24 35 13 15 27 26 26 34 10 3 3 15 31 19 33 30 10 7 11 17 26 22 17 24 30 15 28 22 40 39 40 14 28 38 28 23 21 23 33 34
24 0 43 13 39 15 37 24 23 33 21 22 36 22 18 39 6 15 22 35 7 50 35 25 41 13 21 13 24 20 34 19 31 4 36 9 31 29 31 19 21
35 43 0 31 30 30 9 20 28 29 35 37 24 25 51 5 48 41 41 39 41 32 13 19 16 36 22 34 19 44 20 46 21 47 15 38 13 14 12 33 31
13 13 31 0 26 14 25 17 22 20 11 13 23 19 20 29 19 11 16 24 10 37 23 13 28 17 9 15 14 27 30 27 18 17 30 15 19 17 19 20 21
15 39 30 26 0 38 21 32 41 6 18 18 6 38 34 31 45 25 22 10 32 11 18 21 15 43 23 41 27 53 42 53 12 43 38 41 23 22 21 44 44
27 15 30 14 38 0 28 10 8 32 25 27 33 7 31 25 18 25 30 38 19 47 26 18 33 6 15 4 13 15 19 17 27 17 21 8 20 20 22 6 7
26 37 9 25 21 28 0 19 28 20 28 29 15 25 44 11 43 34 33 30 35 24 4 13 8 34 16 32 15 43 25 45 12 41 20 35 8 8 6 32 31
26 24 20 17 32 10 19 0 9 27 26 28 26 6 37 15 28 28 32 36 25 40 17 11 24 16 11 14 5 24 13 26 20 27 13 18 11 11 13 13 12
34 23 28 22 41 8 28 9 0 36 33 35 35 3 39 23 25 33 38 44 27 49 26 20 33 11 19 11 14 16 12 18 29 24 16 15 20 20 22 5 3
10 33 29 20 6 32 20 27 36 0 13 13 5 33 29 29 39 20 17 10 27 17 16 16 15 37 17 35 22 47 39 47 8 37 35 35 20 18 18 38 38
3 21 35 11 18 25 28 26 33 13 0 2 18 30 17 34 27 7 6 14 14 29 24 17 26 28 15 26 22 38 39 38 16 25 38 26 24 22 23 31 32
3 22 37 13 18 27 29 28 35 13 2 0 18 32 16 36 28 7 4 13 15 29 25 19 27 30 17 28 24 40 41 40 17 26 40 28 26 24 25 33 34
15 36 24 23 6 33 15 26 35 5 18 18 0 32 34 25 42 25 22 15 31 14 12 15 10 38 18 36 21 48 36 49 6 40 32 38 17 16 15 39 38
31 22 25 19 38 7 25 6 3 33 30 32 32 0 38 20 25 30 35 41 26 46 23 17 30 12 16 11 11 19 12 21 26 24 14 15 17 17 19 8 6
19 18 51 20 34 31 44 37 39 29 17 16 34 38 0 49 23 10 12 26 12 45 40 32 43 31 29 30 34 38 50 37 33 21 50 27 39 37 39 36 38
33 39 5 29 31 25 11 15 23 29 34 36 25 20 49 0 43 39 40 39 39 35 13 17 19 31 20 29 15 39 15 41 21 42 10 33 10 12 11 28 26
30 6 48 19 45 18 43 28 25 39 27 28 42 25 23 43 0 21 28 41 13 56 41 31 47 14 27 14 30 17 37 15 37 2 39 10 37 35 37 20 22
10 15 41 11 25 25 34 28 33 20 7 7 25 30 10 39 21 0 7 20 8 36 30 22 33 26 19 25 25 35 41 34 23 19 41 23 29 27 29 31 32
7 22 41 16 22 30 33 32 38 17 6 4 22 35 12 40 28 7 0 14 15 33 29 23 31 33 21 31 28 42 45 41 21 26 44 30 30 28 29 36 37
11 35 39 24 10 38 30 36 44 10 14 13 15 41 26 39 41 20 14 0 28 20 26 25 25 41 25 39 31 51 48 51 18 39 45 39 30 28 28 44 45
17 7 41 10 32 19 35 25 27 27 14 15 31 26 12 39 13 8 15 28 0 43 33 23 38 19 19 18 24 27 38 26 28 11 38 15 29 27 29 24 26
26 50 32 37 11 47 24 40 49 17 29 29 14 46 45 35 56 36 33 20 43 0 23 29 16 52 32 50 35 62 48 63 20 54 44 52 29 29 27 53 52
22 35 13 23 18 26 4 17 26 16 24 25 12 23 40 13 41 30 29 26 33 23 0 10 7 32 14 30 13 41 25 43 8 39 21 33 6 6 4 30 29
17 25 19 13 21 18 13 11 20 16 17 19 15 17 32 17 31 22 23 25 23 29 10 0 17 24 4 22 6 33 23 35 9 29 21 24 7 5 7 24 23
24 41 16 28 15 33 8 24 33 15 26 27 10 30 43 19 47 33 31 25 38 16 7 17 0 39 20 37 20 48 32 50 10 45 28 40 13 13 11 37 36
30 13 36 17 43 6 34 16 11 37 28 30 38 12 31 31 14 26 33 41 19 52 32 24 39 0 20 2 19 10 23 11 32 13 26 4 26 26 28 6 8
15 21 22 9 23 15 16 11 19 17 15 17 18 16 29 20 27 19 21 25 19 32 14 4 20 20 0 18 7 30 24 31 12 25 23 20 10 8 10 21 21
28 13 34 15 41 4 32 14 11 35 26 28 36 11 30 29 14 25 31 39 18 50 30 22 37 2 18 0 17 12 23 13 30 13 25 4 24 24 26 6 8
22 24 19 14 27 13 15 5 14 22 22 24 21 11 34 15 30 25 28 31 24 35 13 6 20 19 7 17 0 28 17 30 15 28 16 21 7 7 9 18 17
40 20 44 27 53 15 43 24 16 47 38 40 48 19 38 39 17 35 42 51 27 62 41 33 48 10 30 12 28 0 28 3 42 18 32 12 35 35 37 11 13
39 34 20 30 42 19 25 13 12 39 39 41 36 12 50 15 37 41 45 48 38 48 25 23 32 23 24 23 17 28 0 30 31 36 5 27 19 21 21 17 15
40 19 46 27 53 17 45 26 18 47 38 40 49 21 37 41 15 34 41 51 26 63 43 35 50 11 31 13 30 3 30 0 43 17 34 12 37 37 39 13 15
14 31 21 18 12 27 12 20 29 8 16 17 6 26 33 21 37 23 21 18 28 20 8 9 10 32 12 30 15 42 31 43 0 35 27 32 12 10 10 33 32
28 4 47 17 43 17 41 27 24 37 25 26 40 24 21 42 2 19 26 39 11 54 39 29 45 13 25 13 28 18 36 17 35 0 38 9 35 33 35 19 21
38 36 15 30 38 21 20 13 16 35 38 40 32 14 50 10 39 41 44 45 38 44 21 21 28 26 23 25 16 32 5 34 27 38 0 29 15 17 17 21 19
28 9 38 15 41 8 35 18 15 35 26 28 38 15 27 33 10 23 30 39 15 52 33 24 40 4 20 4 21 12 27 12 32 9 29 0 28 27 29 10 12
23 31 13 19 23 20 8 11 20 20 24 26 17 17 39 10 37 29 30 30 29 29 6 7 13 26 10 24 7 35 19 37 12 35 15 28 0 2 2 24 23
21 29 14 17 22 20 8 11 20 18 22 24 16 17 37 12 35 27 28 28 27 29 6 5 13 26 8 24 7 35 21 37 10 33 17 27 2 0 2 24 23
23 31 12 19 21 22 6 13 22 18 23 25 15 19 39 11 37 29 29 28 29 27 4 7 11 28 10 26 9 37 21 39 10 35 17 29 2 2 0 26 25
33 19 33 20 44 6 32 13 5 38 31 33 39 8 36 28 20 31 36 44 24 53 30 24 37 6 21 6 18 11 17 13 33 19 21 10 24 24 26 0 2
34 21 31 21 44 7 31 12 3 38 32 34 38 6 38 26 22 32 37 45 26 52 29 23 36 8 21 8 17 13 15 15 32 21 19 12 23 23 25 2 0
0 661
131 197
532 598
377 443
444 510
92 158
308 374
177 243
567 633
541 607
561 627
78 144
212 278
514 580
166 232
378 444
233 299
157 223
553 619
283 349
368 434
575 641
329 395
408 474
326 392
510 576
62 128
14 80
285 351
163 229
505 571
411 477
574 640
152 218
325 391
154 220
121 187
471 537
147 213
295 361
527 593
0
76
51
51
37
52
45
58
46
77
35
67
48
54
26
37
43
16
35
75
23
27
65
70
76
16
53
73
47
76
45
69
27
15
78
48
32
58
71
62
41
