41
1299
0 43 38 44 44 40 31 45 38 5 46 32 43 38 13 43 38 33 45 25 22 34 38 18 34 41 35 43 43 25 39 33 33 53 52 23 14 32 33 41 15
43 0 9 14 14 34 37 22 44 39 19 25 0 27 30 38 36 36 37 21 23 19 5 31 9 2 11 9 50 18 23 18 10 21 18 41 32 11 14 33 29
38 9 0 8 8 40 40 29 48 36 27 30 9 33 27 44 41 40 43 23 16 10 8 32 13 10 3 17 54 19 29 23 14 29 26 43 25 8 6 39 28
44 14 8 0 0 48 48 36 56 42 33 38 14 41 34 52 49 48 51 31 22 10 16 40 21 16 10 23 62 27 37 31 22 35 32 51 30 16 11 47 35
44 14 8 0 0 48 48 36 56 42 33 38 14 41 34 52 49 48 51 31 22 10 16 40 21 16 10 23 62 27 37 31 22 35 32 51 30 16 11 47 35
40 34 40 48 48 0 10 17 11 35 20 11 34 7 30 4 3 8 5 19 37 45 32 22 27 32 39 28 16 23 12 17 26 26 27 20 40 33 41 2 27
31 37 40 48 48 10 0 24 8 26 27 12 37 14 23 12 7 2 14 17 34 43 33 14 28 35 38 33 14 21 18 19 27 33 34 10 33 32 39 12 20
45 22 29 36 36 17 24 0 28 40 3 14 22 11 33 20 20 23 18 20 35 37 21 28 17 20 30 13 33 22 6 12 18 9 10 33 41 24 32 15 30
38 44 48 56 56 11 8 28 0 34 31 19 44 17 31 10 8 8 13 25 42 51 41 22 36 42 46 38 6 29 22 26 35 37 38 15 41 40 47 13 28
5 39 36 42 42 35 26 40 34 0 41 27 39 33 9 38 33 28 40 20 20 32 34 13 30 37 33 39 39 21 34 28 29 48 47 19 14 29 31 36 10
46 19 27 33 33 20 27 3 31 41 0 17 19 14 34 23 23 26 21 21 34 36 19 31 16 17 28 10 36 22 9 13 17 7 7 36 41 23 31 18 31
32 25 30 38 38 11 12 14 19 27 17 0 25 6 21 15 12 11 15 8 26 34 22 14 17 23 28 21 25 12 8 7 16 23 24 19 30 22 30 11 18
43 0 9 14 14 34 37 22 44 39 19 25 0 27 30 38 36 36 37 21 23 19 5 31 9 2 11 9 50 18 23 18 10 21 18 41 32 11 14 33 29
38 27 33 41 41 7 14 11 17 33 14 6 27 0 27 11 9 12 10 14 32 39 25 20 20 25 32 21 23 18 5 10 19 20 21 23 36 26 34 6 24
13 30 27 34 34 30 23 33 31 9 34 21 30 27 0 34 29 24 35 13 13 25 25 9 21 28 24 30 37 12 27 21 20 40 39 20 10 20 23 31 3
43 38 44 52 52 4 12 20 10 38 23 15 38 11 34 0 5 10 3 23 41 49 36 25 31 36 43 31 13 27 15 21 30 29 30 22 44 37 45 5 31
38 36 41 49 49 3 7 20 8 33 23 12 36 9 29 5 0 5 7 19 37 45 33 20 28 34 40 30 14 23 14 18 27 29 30 17 39 34 41 5 26
33 36 40 48 48 8 2 23 8 28 26 11 36 12 24 10 5 0 12 17 35 43 33 15 28 34 38 32 14 21 17 18 27 32 33 12 34 32 39 10 21
45 37 43 51 51 5 14 18 13 40 21 15 37 10 35 3 7 12 0 23 41 49 35 27 30 35 42 30 16 27 14 20 29 27 28 24 45 36 44 4 32
25 21 23 31 31 19 17 20 25 20 21 8 21 14 13 23 19 17 23 0 18 26 17 10 12 19 21 21 31 4 14 8 11 28 27 20 22 15 22 19 10
22 23 16 22 22 37 34 35 42 20 34 26 23 32 13 41 37 35 41 18 0 12 18 21 18 21 13 27 48 14 30 23 17 39 36 32 9 12 11 37 15
34 19 10 10 10 45 43 37 51 32 36 34 19 39 25 49 45 43 49 26 12 0 17 33 20 19 8 26 57 22 36 29 20 38 35 44 20 13 5 45 27
38 5 8 16 16 32 33 21 41 34 19 22 5 25 25 36 33 33 35 17 18 17 0 27 5 3 9 10 47 14 21 15 6 22 19 37 27 6 12 31 25
18 31 32 40 40 22 14 28 22 13 31 14 31 20 9 25 20 15 27 10 21 33 27 0 22 29 30 31 28 13 22 18 21 37 37 11 19 24 29 23 6
34 9 13 21 21 27 28 17 36 30 16 17 9 20 21 31 28 28 30 12 18 20 5 22 0 7 13 9 42 9 16 10 1 21 18 32 26 7 15 26 20
41 2 10 16 16 32 35 20 42 37 17 23 2 25 28 36 34 34 35 19 21 19 3 29 7 0 11 7 48 16 21 16 8 19 16 39 30 9 14 31 27
35 11 3 10 10 39 38 30 46 33 28 28 11 32 24 43 40 38 42 21 13 8 9 30 13 11 0 18 52 17 29 22 13 30 27 41 22 6 3 38 25
43 9 17 23 23 28 33 13 38 39 10 21 9 21 30 31 30 32 30 21 27 26 10 31 9 7 18 0 44 18 16 14 10 12 9 40 35 16 21 26 29
43 50 54 62 62 16 14 33 6 39 36 25 50 23 37 13 14 14 16 31 48 57 47 28 42 48 52 44 0 35 28 32 41 42 43 20 47 46 53 18 34
25 18 19 27 27 23 21 22 29 21 22 12 18 18 12 27 23 21 27 4 14 22 14 13 9 16 17 18 35 0 17 10 8 28 27 24 19 11 18 23 11
39 23 29 37 37 12 18 6 22 34 9 8 23 5 27 15 14 17 14 14 30 36 21 22 16 21 29 16 28 17 0 7 16 15 16 27 36 23 31 10 24
33 18 23 31 31 17 19 12 26 28 13 7 18 10 21 21 18 18 20 8 23 29 15 18 10 16 22 14 32 10 7 0 9 20 19 26 29 16 24 16 18
33 10 14 22 22 26 27 18 35 29 17 16 10 19 20 30 27 27 29 11 17 20 6 21 1 8 13 10 41 8 16 9 0 22 19 31 25 7 15 25 19
53 21 29 35 35 26 33 9 37 48 7 23 21 20 40 29 29 32 27 28 39 38 22 37 21 19 30 12 42 28 15 20 22 0 3 42 47 28 33 24 38
52 18 26 32 32 27 34 10 38 47 7 24 18 21 39 30 30 33 28 27 36 35 19 37 18 16 27 9 43 27 16 19 19 3 0 43 44 25 30 25 37
23 41 43 51 51 20 10 33 15 19 36 19 41 23 20 22 17 12 24 20 32 44 37 11 32 39 41 40 20 24 27 26 31 42 43 0 30 35 40 22 17
14 32 25 30 30 40 33 41 41 14 41 30 32 36 10 44 39 34 45 22 9 20 27 19 26 30 22 35 47 19 36 29 25 47 44 30 0 21 20 41 13
32 11 8 16 16 33 32 24 40 29 23 22 11 26 20 37 34 32 36 15 12 13 6 24 7 9 6 16 46 11 23 16 7 28 25 35 21 0 8 32 20
33 14 6 11 11 41 39 32 47 31 31 30 14 34 23 45 41 39 44 22 11 5 12 29 15 14 3 21 53 18 31 24 15 33 30 40 20 8 0 40 25
41 33 39 47 47 2 12 15 13 36 18 11 33 6 31 5 5 10 4 19 37 45 31 23 26 31 38 26 18 23 10 16 25 24 25 22 41 32 40 0 28
15 29 28 35 35 27 20 30 28 10 31 18 29 24 3 31 26 21 32 10 15 27 25 6 20 27 25 29 34 11 24 18 19 38 37 17 13 20 25 28 0
0 636
377 567
146 336
234 424
78 268
349 539
358 548
343 533
0 190
261 451
405 595
364 554
58 248
50 240
37 227
274 464
442 632
185 375
57 247
290 480
12 202
97 287
115 305
238 428
419 609
424 614
141 331
369 559
156 346
41 231
67 257
227 417
91 281
278 468
279 469
157 347
358 548
43 233
419 609
0 190
382 572
0
44
52
40
76
33
33
71
64
85
44
36
50
45
56
70
49
14
21
80
46
72
37
93
54
51
73
33
18
29
19
49
41
57
57
77
45
49
24
41
70
