41
1299
0 38 13 25 32 30 31 5 50 30 21 17 6 36 39 28 37 22 22 24 28 31 38 52 15 3 38 19 27 44 32 30 40 33 35 18 12 30 43 9 34
38 0 28 13 28 19 43 33 38 13 24 36 32 14 14 10 30 26 49 19 28 9 53 29 34 38 2 37 11 12 33 24 12 5 34 45 30 40 29 45 47
13 28 0 15 32 26 36 8 50 24 19 22 7 30 33 18 37 22 31 18 28 21 45 49 20 10 28 24 17 37 33 29 33 23 36 27 14 35 42 21 39
25 13 15 0 25 17 36 20 41 11 15 25 19 17 20 3 29 18 38 10 23 6 46 37 23 25 13 27 2 23 28 21 19 8 31 34 18 33 32 32 40
32 28 32 25 0 9 18 30 18 15 13 17 29 14 16 25 5 10 29 15 4 28 28 22 18 34 29 17 26 22 5 4 18 24 6 25 20 15 12 31 22
30 19 26 17 9 0 25 27 25 6 9 20 26 6 9 16 13 10 33 8 10 19 35 23 20 32 20 21 17 14 14 5 10 15 15 29 18 22 16 32 29
31 43 36 36 18 25 0 30 29 30 21 14 30 30 32 38 18 18 14 26 15 41 10 36 16 34 45 12 38 38 13 20 34 39 13 15 22 3 26 24 4
5 33 8 20 30 27 30 0 48 25 18 16 1 31 34 23 35 20 24 19 26 26 39 50 14 5 33 18 22 39 31 28 35 28 34 20 10 29 41 13 33
50 38 50 41 18 25 29 48 0 30 31 35 47 25 24 40 13 28 43 32 22 42 35 13 36 52 40 34 41 27 19 21 26 37 16 41 38 26 9 49 31
30 13 24 11 15 6 30 25 30 0 11 23 24 6 9 10 19 13 36 7 15 13 40 26 22 30 15 24 11 14 20 11 10 9 21 32 19 27 21 34 34
21 24 19 15 13 9 21 18 31 11 0 12 17 15 18 17 18 3 25 5 9 20 31 32 11 23 25 14 17 23 14 10 19 19 17 21 9 18 23 23 25
17 36 22 25 17 20 14 16 35 23 12 0 16 26 29 28 22 10 13 17 13 31 23 39 2 20 37 2 27 34 16 18 30 31 19 9 8 13 29 14 17
6 32 7 19 29 26 30 1 47 24 17 16 0 30 33 22 34 19 24 18 25 25 39 49 14 6 32 18 21 38 30 27 34 27 33 20 9 29 40 14 33
36 14 30 17 14 6 30 31 25 6 15 26 30 0 3 16 16 16 39 13 15 17 40 20 26 36 16 27 17 8 19 10 4 12 20 35 24 27 16 38 34
39 14 33 20 16 9 32 34 24 9 18 29 33 3 0 18 17 19 42 16 17 19 42 17 29 39 16 30 19 6 21 12 2 14 22 38 27 29 15 41 36
28 10 18 3 25 16 38 23 40 10 17 28 22 16 18 0 29 20 41 12 25 3 48 35 26 28 10 30 1 20 30 21 17 5 31 37 21 35 31 35 42
37 30 37 29 5 13 18 35 13 19 18 22 34 16 17 29 0 15 31 19 9 32 28 18 23 39 32 21 30 22 6 8 19 28 5 29 25 15 8 36 22
22 26 22 18 10 10 18 20 28 13 3 10 19 16 19 20 15 0 23 8 6 23 28 30 10 24 28 11 20 24 11 8 20 22 14 19 10 15 21 23 22
22 49 31 38 29 33 14 24 43 36 25 13 24 39 42 41 31 23 0 30 25 44 17 49 15 25 50 12 40 47 25 30 43 44 27 4 20 17 39 13 15
24 19 18 10 15 8 26 19 32 7 5 17 18 13 16 12 19 8 30 0 13 15 36 31 15 24 20 19 12 21 18 11 17 14 21 26 12 23 24 27 30
28 28 28 23 4 10 15 26 22 15 9 13 25 15 17 25 9 6 25 13 0 28 25 26 14 30 30 13 25 23 5 5 19 24 8 21 16 12 16 27 19
31 9 21 6 28 19 41 26 42 13 20 31 25 17 19 3 32 23 44 15 28 0 51 36 29 31 8 33 4 20 32 24 17 5 34 40 24 38 33 38 45
38 53 45 46 28 35 10 39 35 40 31 23 39 40 42 48 28 28 17 36 25 51 0 46 25 41 55 21 48 48 23 30 44 49 23 20 31 13 36 29 6
52 29 49 37 22 23 36 50 13 26 32 39 49 20 17 35 18 30 49 31 26 36 46 0 40 54 31 39 36 17 24 22 19 31 23 47 40 33 10 53 40
15 34 20 23 18 20 16 14 36 22 11 2 14 26 29 26 23 10 15 15 14 29 25 40 0 18 35 4 25 34 17 18 30 29 20 11 6 15 30 13 19
3 38 10 25 34 32 34 5 52 30 23 20 6 36 39 28 39 24 25 24 30 31 41 54 18 0 38 22 27 44 35 32 40 33 38 21 14 33 45 12 37
38 2 28 13 29 20 45 33 40 15 25 37 32 16 16 10 32 28 50 20 30 8 55 31 35 38 0 39 11 14 34 25 14 6 35 46 31 42 31 45 49
19 37 24 27 17 21 12 18 34 24 14 2 18 27 30 30 21 11 12 19 13 33 21 39 4 22 39 0 29 35 15 18 31 33 18 8 10 11 29 15 15
27 11 17 2 26 17 38 22 41 11 17 27 21 17 19 1 30 20 40 12 25 4 48 36 25 27 11 29 0 21 30 22 18 6 32 36 20 35 32 34 42
44 12 37 23 22 14 38 39 27 14 23 34 38 8 6 20 22 24 47 21 23 20 48 17 34 44 14 35 21 0 27 18 4 15 27 43 32 35 19 46 42
32 33 33 28 5 14 13 31 19 20 14 16 30 19 21 30 6 11 25 18 5 32 23 24 17 35 34 15 30 27 0 9 23 29 3 23 21 10 14 30 17
30 24 29 21 4 5 20 28 21 11 10 18 27 10 12 21 8 8 30 11 5 24 30 22 18 32 25 18 22 18 9 0 14 20 10 26 18 17 13 31 24
40 12 33 19 18 10 34 35 26 10 19 30 34 4 2 17 19 20 43 17 19 17 44 19 30 40 14 31 18 4 23 14 0 12 24 39 28 31 17 42 38
33 5 23 8 24 15 39 28 37 9 19 31 27 12 14 5 28 22 44 14 24 5 49 31 29 33 6 33 6 15 29 20 12 0 30 40 25 36 28 40 43
35 34 36 31 6 15 13 34 16 21 17 19 33 20 22 31 5 14 27 21 8 34 23 23 20 38 35 18 32 27 3 10 24 30 0 25 24 10 13 33 17
18 45 27 34 25 29 15 20 41 32 21 9 20 35 38 37 29 19 4 26 21 40 20 47 11 21 46 8 36 43 23 26 39 40 25 0 16 16 37 9 17
12 30 14 18 20 18 22 10 38 19 9 8 9 24 27 21 25 10 20 12 16 24 31 40 6 14 31 10 20 32 21 18 28 25 24 16 0 21 31 15 25
30 40 35 33 15 22 3 29 26 27 18 13 29 27 29 35 15 15 17 23 12 38 13 33 15 33 42 11 35 35 10 17 31 36 10 16 21 0 23 25 7
43 29 42 32 12 16 26 41 9 21 23 29 40 16 15 31 8 21 39 24 16 33 36 10 30 45 31 29 32 19 14 13 17 28 13 37 31 23 0 43 30
9 45 21 32 31 32 24 13 49 34 23 14 14 38 41 35 36 23 13 27 27 38 29 53 13 12 45 15 34 46 30 31 42 40 33 9 15 25 43 0 26
34 47 39 40 22 29 4 33 31 34 25 17 33 34 36 42 22 22 15 30 19 45 6 40 19 37 49 15 42 42 17 24 38 43 17 17 25 7 30 26 0
0 587
347 523
381 557
46 222
374 550
376 552
241 417
2 178
266 442
274 450
120 296
118 294
69 245
407 583
218 394
339 515
348 524
170 346
35 211
29 205
326 502
105 281
167 343
73 249
339 515
309 485
156 332
11 187
334 510
309 485
350 526
199 375
356 532
333 509
267 443
89 265
206 382
177 353
20 196
300 476
214 390
0
81
52
28
37
46
71
30
49
77
59
70
28
63
63
42
85
40
43
35
52
53
34
54
37
27
85
36
84
68
52
31
50
35
31
47
61
49
31
45
37
