41
1300
0 28 31 34 13 22 21 19 41 22 19 45 44 5 35 40 33 5 12 23 25 11 33 45 14 15 25 17 35 13 15 22 15 32 14 29 24 7 19 15 20
28 0 28 15 19 19 18 19 22 11 10 19 19 33 10 15 12 27 40 18 19 39 37 22 35 14 12 15 10 15 17 36 14 21 29 24 6 24 18 27 32
31 28 0 43 19 10 11 13 20 35 31 31 30 35 38 27 40 26 41 10 43 36 9 27 26 21 16 17 38 26 17 19 21 48 42 48 32 34 37 16 15
34 15 43 0 30 34 33 32 36 12 16 27 28 39 8 26 3 35 45 33 13 45 52 33 45 25 27 28 8 22 29 48 25 9 29 15 12 28 16 39 44
13 19 19 30 0 9 8 6 28 19 15 32 31 18 28 27 27 9 25 10 26 21 25 32 16 5 12 4 28 9 2 18 5 32 23 31 18 15 20 9 14
22 19 10 34 9 0 1 3 19 25 21 27 26 27 29 22 31 18 34 1 33 30 18 25 22 11 7 7 29 16 7 20 11 38 32 38 22 24 27 12 15
21 18 11 33 8 1 0 2 20 24 20 27 26 26 28 22 30 17 33 2 32 29 19 26 21 10 7 6 28 15 6 20 10 37 31 37 21 23 26 11 15
19 19 13 32 6 3 2 0 22 22 18 29 28 24 29 24 29 15 31 4 30 27 20 28 19 8 9 4 29 13 4 18 8 35 29 35 20 21 24 9 13
41 22 20 36 28 19 20 22 0 33 31 13 12 46 28 10 33 37 53 18 41 49 29 7 41 26 16 24 28 31 26 38 26 43 48 46 28 40 39 31 33
22 11 35 12 19 25 24 22 33 0 4 30 30 27 14 26 11 23 33 25 9 33 42 33 33 14 20 18 14 10 18 37 14 13 20 14 5 16 7 28 33
19 10 31 16 15 21 20 18 31 4 0 29 29 24 16 25 14 19 31 21 12 30 38 32 29 10 17 14 16 6 14 33 10 17 19 17 5 14 8 24 29
45 19 31 27 32 27 27 29 13 30 29 0 1 50 19 5 24 41 57 26 38 53 40 6 48 30 20 28 19 33 30 47 30 36 48 41 25 43 37 38 42
44 19 30 28 31 26 26 28 12 30 29 1 0 49 20 4 25 40 56 25 38 52 39 5 47 29 19 27 20 32 29 46 29 37 48 42 25 42 37 37 41
5 33 35 39 18 27 26 24 46 27 24 50 49 0 40 45 38 9 7 28 29 7 37 50 14 20 30 22 40 18 20 24 20 36 14 32 29 11 23 19 24
35 10 38 8 28 29 28 29 28 14 16 19 20 40 0 18 5 35 47 28 19 46 47 25 44 23 22 25 0 22 27 46 23 17 34 22 11 30 21 37 42
40 15 27 26 27 22 22 24 10 26 25 5 4 45 18 0 23 36 52 21 34 48 36 7 43 25 15 23 18 28 25 42 25 35 44 39 21 38 33 33 37
33 12 40 3 27 31 30 29 33 11 14 24 25 38 5 23 0 33 44 30 14 44 49 30 43 22 24 25 5 20 26 45 22 12 29 17 9 27 16 36 41
5 27 26 35 9 18 17 15 37 23 19 41 40 9 35 36 33 0 16 19 28 12 28 41 10 13 21 13 35 13 11 17 13 35 19 33 24 12 22 10 15
12 40 41 45 25 34 33 31 53 33 31 57 56 7 47 52 44 16 0 35 34 6 41 57 16 27 37 29 47 25 27 26 27 41 18 37 36 17 29 25 27
23 18 10 33 10 1 2 4 18 25 21 26 25 28 28 21 30 19 35 0 33 31 19 24 23 11 6 7 28 16 8 21 11 38 33 38 22 25 27 13 16
25 19 43 13 26 33 32 30 41 9 12 38 38 29 19 34 14 28 34 33 0 35 50 41 38 22 29 26 19 17 26 44 22 7 17 5 13 18 6 35 40
11 39 36 45 21 30 29 27 49 33 30 53 52 7 46 48 44 12 6 31 35 0 35 53 10 25 33 25 46 24 23 20 25 42 21 39 35 17 29 20 21
33 37 9 52 25 18 19 20 29 42 38 40 39 37 47 36 49 28 41 19 50 35 0 36 25 28 25 24 47 33 24 16 28 55 47 55 40 40 44 18 14
45 22 27 33 32 25 26 28 7 33 32 6 5 50 25 7 30 41 57 24 41 53 36 0 47 30 20 28 25 35 30 45 30 42 51 46 28 44 40 37 40
14 35 26 45 16 22 21 19 41 33 29 48 47 14 44 43 43 10 16 23 38 10 25 47 0 21 28 20 44 23 18 10 21 45 28 43 34 21 32 11 11
15 14 21 25 5 11 10 8 26 14 10 30 29 20 23 25 22 13 27 11 22 25 28 30 21 0 10 4 23 5 4 23 0 27 22 27 13 14 16 14 19
25 12 16 27 12 7 7 9 16 20 17 20 19 30 22 15 24 21 37 6 29 33 25 20 28 10 0 8 22 15 10 27 10 32 32 34 16 24 25 18 22
17 15 17 28 4 7 6 4 24 18 14 28 27 22 25 23 25 13 29 7 26 25 24 28 20 4 8 0 25 9 2 21 4 31 26 31 16 18 20 12 17
35 10 38 8 28 29 28 29 28 14 16 19 20 40 0 18 5 35 47 28 19 46 47 25 44 23 22 25 0 22 27 46 23 17 34 22 11 30 21 37 42
13 15 26 22 9 16 15 13 31 10 6 33 32 18 22 28 20 13 25 16 17 24 33 35 23 5 15 9 22 0 9 27 5 23 17 22 11 10 11 18 23
15 17 17 29 2 7 6 4 26 18 14 30 29 20 27 25 26 11 27 8 26 23 24 30 18 4 10 2 27 9 0 19 4 31 25 31 17 17 20 10 15
22 36 19 48 18 20 20 18 38 37 33 47 46 24 46 42 45 17 26 21 44 20 16 45 10 23 27 21 46 27 19 0 23 50 36 49 36 29 38 9 5
15 14 21 25 5 11 10 8 26 14 10 30 29 20 23 25 22 13 27 11 22 25 28 30 21 0 10 4 23 5 4 23 0 27 22 27 13 14 16 14 19
32 21 48 9 32 38 37 35 43 13 17 36 37 36 17 35 12 35 41 38 7 42 55 42 45 27 32 31 17 23 31 50 27 0 24 6 16 25 13 41 46
14 29 42 29 23 32 31 29 48 20 19 48 48 14 34 44 29 19 18 33 17 21 47 51 28 22 32 26 34 17 25 36 22 24 0 19 24 8 13 29 34
29 24 48 15 31 38 37 35 46 14 17 41 42 32 22 39 17 33 37 38 5 39 55 46 43 27 34 31 22 22 31 49 27 6 19 0 18 22 11 40 45
24 6 32 12 18 22 21 20 28 5 5 25 25 29 11 21 9 24 36 22 13 35 40 28 34 13 16 16 11 11 17 36 13 16 24 18 0 19 12 27 32
7 24 34 28 15 24 23 21 40 16 14 43 42 11 30 38 27 12 17 25 18 17 40 44 21 14 24 18 30 10 17 29 14 25 8 22 19 0 12 22 27
19 18 37 16 20 27 26 24 39 7 8 37 37 23 21 33 16 22 29 27 6 29 44 40 32 16 25 20 21 11 20 38 16 13 13 11 12 12 0 29 34
15 27 16 39 9 12 11 9 31 28 24 38 37 19 37 33 36 10 25 13 35 20 18 37 11 14 18 12 37 18 10 9 14 41 29 40 27 22 29 0 5
20 32 15 44 14 15 15 13 33 33 29 42 41 24 42 37 41 15 27 16 40 21 14 40 11 19 22 17 42 23 15 5 19 46 34 45 32 27 34 5 0
0 710
415 557
284 426
292 434
81 223
543 685
47 189
331 473
8 150
498 640
327 469
290 432
267 409
84 226
397 539
271 413
35 177
421 563
366 508
40 182
25 167
430 572
528 670
383 525
170 312
315 457
283 425
192 334
392 534
485 627
457 599
50 192
87 229
555 697
203 345
367 509
439 581
102 244
81 223
458 600
249 391
0
59
21
19
47
57
36
68
70
49
71
63
64
29
60
35
58
51
72
51
45
72
36
68
37
38
42
55
60
67
59
50
80
16
71
42
21
46
32
43
40
