41
1302
0 16 34 24 11 18 36 26 38 25 35 33 23 22 22 15 11 27 39 22 10 24 47 11 12 22 17 16 27 14 10 23 5 7 28 21 21 33 21 25 23
16 0 34 29 27 33 39 14 33 24 37 21 11 10 6 13 11 29 32 30 25 35 38 14 4 6 32 31 15 7 18 37 21 20 27 5 32 21 14 37 13
34 34 0 13 37 35 8 26 9 10 3 30 45 26 37 44 25 7 16 16 30 24 24 24 35 37 46 32 27 27 44 26 33 41 7 35 23 30 20 26 23
24 29 13 0 25 22 12 27 20 10 13 34 40 27 35 37 19 6 26 3 18 12 35 16 29 35 34 19 29 22 34 14 21 30 12 33 10 34 20 14 24
11 27 37 25 0 9 37 36 43 30 38 43 34 32 33 25 20 30 47 22 7 19 55 18 23 33 9 9 37 24 16 17 6 11 33 32 17 43 30 19 33
18 33 35 22 9 0 33 40 42 29 35 47 41 36 39 33 24 28 46 19 8 12 55 22 30 39 15 3 41 28 25 10 13 20 32 38 12 47 34 12 37
36 39 8 12 37 33 0 33 16 15 5 38 50 33 43 48 29 10 23 15 30 21 31 27 39 43 46 30 34 32 46 23 33 42 14 41 21 38 26 22 30
26 14 26 27 36 40 33 0 22 18 29 8 22 4 14 27 16 23 19 29 32 37 24 18 18 14 43 37 2 12 32 39 30 33 19 12 34 8 7 39 3
38 33 9 20 43 42 16 22 0 13 11 24 43 24 35 45 28 14 7 23 36 32 15 27 36 35 52 39 23 28 48 34 37 45 10 33 30 24 19 34 21
25 24 10 10 30 29 15 18 13 0 13 24 35 18 28 34 15 5 17 12 23 21 26 14 25 28 39 26 20 17 35 23 24 32 3 26 19 24 11 23 15
35 37 3 13 38 35 5 29 11 13 0 33 48 29 40 46 27 8 18 16 31 24 26 25 37 40 47 32 30 30 45 26 34 42 10 38 23 33 23 25 26
33 21 30 34 43 47 38 8 24 24 33 0 27 11 19 34 23 29 18 36 39 45 19 26 25 19 50 45 6 19 39 47 37 40 24 18 42 0 15 47 11
23 11 45 40 34 41 50 22 43 35 48 27 0 19 8 10 22 40 41 41 33 45 45 25 12 8 37 39 22 18 20 46 28 24 38 10 42 27 25 47 22
22 10 26 27 32 36 33 4 24 18 29 11 19 0 11 23 12 23 22 28 28 36 28 15 14 11 39 34 5 8 28 38 26 29 19 9 33 11 7 38 3
22 6 37 35 33 39 43 14 35 28 40 19 8 11 0 15 17 33 33 36 31 41 37 20 10 0 38 37 14 13 23 43 27 26 30 2 38 19 17 43 14
15 13 44 37 25 33 48 27 45 34 46 34 10 23 15 0 19 38 44 37 25 39 51 21 9 15 27 31 28 17 10 38 20 14 37 16 36 34 26 40 26
11 11 25 19 20 24 29 16 28 15 27 23 22 12 17 19 0 19 28 19 16 24 36 3 10 17 28 22 17 4 20 26 14 18 18 15 21 23 10 26 13
27 29 7 6 30 28 10 23 14 5 8 29 40 23 33 38 19 0 20 9 23 18 29 17 29 33 39 25 25 22 37 20 26 34 6 31 16 29 16 20 20
39 32 16 26 47 46 23 19 7 17 18 18 41 22 33 44 28 20 0 29 40 38 9 29 35 33 56 43 19 27 48 40 41 46 14 31 36 18 18 40 19
22 30 16 3 22 19 15 29 23 12 16 36 41 28 36 37 19 9 29 0 15 9 38 16 29 36 31 16 31 23 32 11 19 28 15 34 7 36 22 11 26
10 25 30 18 7 8 30 32 36 23 31 39 33 28 31 25 16 23 40 15 0 14 49 14 22 31 16 6 33 20 19 13 5 14 26 30 11 39 26 15 29
24 35 24 12 19 12 21 37 32 21 24 45 45 36 41 39 24 18 38 9 14 0 47 21 33 41 27 10 39 28 33 2 19 28 24 39 3 45 30 2 34
47 38 24 35 55 55 31 24 15 26 26 19 45 28 37 51 36 29 9 38 49 47 0 37 42 37 64 52 23 34 55 49 49 54 23 36 45 19 26 49 25
11 14 24 16 18 22 27 18 27 14 25 26 25 15 20 21 3 17 29 16 14 21 37 0 13 20 27 20 20 7 21 23 12 18 17 18 18 26 12 23 15
12 4 35 29 23 30 39 18 36 25 37 25 12 14 10 9 10 29 35 29 22 33 42 13 0 10 28 28 19 8 14 34 17 16 28 9 30 25 17 35 17
22 6 37 35 33 39 43 14 35 28 40 19 8 11 0 15 17 33 33 36 31 41 37 20 10 0 38 37 14 13 23 43 27 26 30 2 38 19 17 43 14
17 32 46 34 9 15 46 43 52 39 47 50 37 39 38 27 28 39 56 31 16 27 64 27 28 38 0 17 44 31 17 25 15 13 42 37 26 50 38 27 40
16 31 32 19 9 3 30 37 39 26 32 45 39 34 37 31 22 25 43 16 6 10 52 20 28 37 17 0 39 26 25 8 11 20 29 36 9 45 31 10 34
27 15 27 29 37 41 34 2 23 20 30 6 22 5 14 28 17 25 19 31 33 39 23 20 19 14 44 39 0 13 33 41 31 34 20 13 36 6 9 41 5
14 7 27 22 24 28 32 12 28 17 30 19 18 8 13 17 4 22 27 23 20 28 34 7 8 13 31 26 13 0 21 30 18 21 20 11 25 19 9 30 9
10 18 44 34 16 25 46 32 48 35 45 39 20 28 23 10 20 37 48 32 19 33 55 21 14 23 17 25 33 21 0 32 14 5 38 23 30 39 30 34 30
23 37 26 14 17 10 23 39 34 23 26 47 46 38 43 38 26 20 40 11 13 2 49 23 34 43 25 8 41 30 32 0 18 27 26 41 5 47 32 2 36
5 21 33 21 6 13 33 30 37 24 34 37 28 26 27 20 14 26 41 19 5 19 49 12 17 27 15 11 31 18 14 18 0 9 27 26 16 37 24 20 27
7 20 41 30 11 20 42 33 45 32 42 40 24 29 26 14 18 34 46 28 14 28 54 18 16 26 13 20 34 21 5 27 9 0 35 25 25 40 28 29 30
28 27 7 12 33 32 14 19 10 3 10 24 38 19 30 37 18 6 14 15 26 24 23 17 28 30 42 29 20 20 38 26 27 35 0 28 22 24 13 26 16
21 5 35 33 32 38 41 12 33 26 38 18 10 9 2 16 15 31 31 34 30 39 36 18 9 2 37 36 13 11 23 41 26 25 28 0 36 18 15 41 12
21 32 23 10 17 12 21 34 30 19 23 42 42 33 38 36 21 16 36 7 11 3 45 18 30 38 26 9 36 25 30 5 16 25 22 36 0 42 27 5 31
33 21 30 34 43 47 38 8 24 24 33 0 27 11 19 34 23 29 18 36 39 45 19 26 25 19 50 45 6 19 39 47 37 40 24 18 42 0 15 47 11
21 14 20 20 30 34 26 7 19 11 23 15 25 7 17 26 10 16 18 22 26 30 26 12 17 17 38 31 9 9 30 32 24 28 13 15 27 15 0 32 4
25 37 26 14 19 12 22 39 34 23 25 47 47 38 43 40 26 20 40 11 15 2 49 23 35 43 27 10 41 30 34 2 20 29 26 41 5 47 32 0 36
23 13 23 24 33 37 30 3 21 15 26 11 22 3 14 26 13 20 19 26 29 34 25 15 17 14 40 34 5 9 30 36 27 30 16 12 31 11 4 36 0
0 538
295 295
245 245
232 232
478 478
484 484
525 525
391 391
37 37
401 401
226 226
41 41
86 86
319 319
27 27
311 311
404 404
364 364
499 499
36 36
442 442
7 7
447 447
21 21
262 262
148 148
181 181
277 277
375 375
440 440
132 132
72 72
153 153
6 6
452 452
335 335
474 474
46 46
226 226
61 61
90 90
0
17
25
61
43
50
49
38
80
44
51
67
58
50
14
27
60
45
40
73
75
57
78
66
53
29
25
44
46
58
40
39
22
56
47
25
59
60
76
86
69
