41
1298
0 19 15 7 15 18 27 24 32 22 16 6 5 10 13 17 1 33 6 9 20 11 30 19 22 25 8 10 19 18 27 24 25 25 22 28 23 16 33 19 29
19 0 25 16 4 1 14 5 13 34 34 25 15 16 20 32 19 23 25 12 28 8 12 28 22 27 17 29 30 26 8 37 7 20 37 23 12 23 21 14 19
15 25 0 10 21 25 37 29 38 9 16 19 14 25 5 10 14 26 17 22 5 18 33 4 37 14 9 16 5 3 32 12 29 39 14 19 20 5 27 32 23
7 16 10 0 12 16 28 21 29 19 18 13 5 16 6 16 6 26 13 13 14 9 27 14 28 18 1 14 15 12 24 21 22 29 21 21 16 9 26 22 22
15 4 21 12 0 4 17 9 17 30 30 21 11 15 16 28 15 21 21 11 24 4 15 24 23 23 13 25 26 22 12 33 10 22 33 21 10 19 20 15 17
18 1 25 16 4 0 13 6 14 34 33 24 14 15 20 32 18 24 24 11 28 7 13 28 21 27 16 28 30 26 9 36 8 19 37 24 13 23 22 13 20
27 14 37 28 17 13 0 14 9 46 43 31 25 19 33 44 28 35 32 18 41 19 19 41 16 40 28 36 42 39 14 48 17 10 49 37 26 36 33 10 32
24 5 29 21 9 6 14 0 10 38 39 30 20 21 24 37 24 21 30 17 31 13 7 32 26 28 22 34 34 30 3 41 3 23 42 23 12 26 19 18 18
32 13 38 29 17 14 9 10 0 47 47 37 28 26 33 45 32 29 38 24 41 21 13 41 25 38 30 42 43 39 8 50 12 19 50 33 22 36 27 18 27
22 34 9 19 30 34 46 38 47 0 14 24 23 32 14 7 21 31 22 31 8 27 41 6 44 17 18 18 4 8 41 3 37 47 8 24 28 12 33 41 29
16 34 16 18 30 33 43 39 47 14 0 13 19 25 19 7 15 42 11 25 20 26 45 18 36 29 18 7 16 19 42 13 40 40 8 35 34 21 42 34 38
6 25 19 13 21 24 31 30 37 24 13 0 11 12 19 17 7 39 2 13 24 17 36 23 23 31 14 6 22 22 33 24 31 27 21 34 29 22 39 21 35
5 15 14 5 11 14 25 20 28 23 19 11 0 11 11 19 4 29 11 8 19 7 26 18 23 23 6 14 19 17 23 25 21 25 24 25 18 14 28 18 25
10 16 25 16 15 15 19 21 26 32 25 12 11 0 22 27 11 36 14 4 30 12 28 29 12 34 17 18 29 28 24 34 23 15 32 34 25 25 35 9 32
13 20 5 6 16 20 33 24 33 14 19 19 11 22 0 15 12 23 18 19 8 14 28 8 34 12 5 18 10 6 27 17 24 35 19 16 15 3 23 28 19
17 32 10 16 28 32 44 37 45 7 7 17 19 27 15 0 16 36 15 26 13 25 43 11 39 22 16 11 9 12 40 7 38 42 5 29 30 15 37 36 33
1 19 14 6 15 18 28 24 32 21 15 7 4 11 12 16 0 32 7 10 19 11 30 18 23 24 7 10 18 17 27 23 25 26 21 27 22 15 32 20 28
33 23 26 26 21 24 35 21 29 31 42 39 29 36 23 36 32 0 39 32 23 24 17 25 44 14 25 40 27 24 21 34 18 43 38 7 11 21 2 36 4
6 25 17 13 21 24 32 30 38 22 11 2 11 14 18 15 7 39 0 14 22 17 36 21 25 30 14 4 20 20 33 22 31 29 19 34 29 21 39 23 35
9 12 22 13 11 11 18 17 24 31 25 13 8 4 19 26 10 32 14 0 27 8 24 26 15 31 14 18 27 25 20 33 19 17 31 30 21 22 31 10 28
20 28 5 14 24 28 41 31 41 8 20 24 19 30 8 13 19 23 22 27 0 22 33 2 42 9 13 21 4 2 34 11 30 43 15 16 20 5 25 36 21
11 8 18 9 4 7 19 13 21 27 26 17 7 12 14 25 11 24 17 8 22 0 19 22 22 23 9 21 23 20 16 29 14 22 30 22 13 17 23 15 20
30 12 33 27 15 13 19 7 13 41 45 36 26 28 28 43 30 17 36 24 33 19 0 35 33 29 27 40 37 33 5 44 5 29 47 22 13 29 15 25 16
19 28 4 14 24 28 41 32 41 6 18 23 18 29 8 11 18 25 21 26 2 22 35 0 41 11 13 20 2 2 35 9 31 43 13 18 22 6 27 36 23
22 22 37 28 23 21 16 26 25 44 36 23 23 12 34 39 23 44 25 15 42 22 33 41 0 45 29 29 41 40 28 46 29 6 44 44 33 37 43 8 40
25 27 14 18 23 27 40 28 38 17 29 31 23 34 12 22 24 14 30 31 9 23 29 11 45 0 17 30 13 11 30 20 26 45 24 7 16 9 16 38 13
8 17 9 1 13 16 28 22 30 18 18 14 6 17 5 16 7 25 14 14 13 9 27 13 29 17 0 15 14 11 25 20 22 30 21 20 16 8 25 23 21
10 29 16 14 25 28 36 34 42 18 7 6 14 18 18 11 10 40 4 18 21 21 40 20 29 30 15 0 18 19 37 18 35 33 15 34 30 21 40 27 36
19 30 5 15 26 30 42 34 43 4 16 22 19 29 10 9 18 27 20 27 4 23 37 2 41 13 14 18 0 4 37 7 33 44 11 20 24 8 29 37 25
18 26 3 12 22 26 39 30 39 8 19 22 17 28 6 12 17 24 20 25 2 20 33 2 40 11 11 19 4 0 33 11 29 41 15 17 20 4 25 34 21
27 8 32 24 12 9 14 3 8 41 42 33 23 24 27 40 27 21 33 20 34 16 5 35 28 30 25 37 37 33 0 44 4 24 45 25 14 29 19 20 19
24 37 12 21 33 36 48 41 50 3 13 24 25 34 17 7 23 34 22 33 11 29 44 9 46 20 20 18 7 11 44 0 40 49 5 27 31 15 36 43 32
25 7 29 22 10 8 17 3 12 37 40 31 21 23 24 38 25 18 31 19 30 14 5 31 29 26 22 35 33 29 4 40 0 26 43 21 10 25 16 21 15
25 20 39 29 22 19 10 23 19 47 40 27 25 15 35 42 26 43 29 17 43 22 29 43 6 45 30 33 44 41 24 49 26 0 47 43 32 38 41 7 39
22 37 14 21 33 37 49 42 50 8 8 21 24 32 19 5 21 38 19 31 15 30 47 13 44 24 21 15 11 15 45 5 43 47 0 31 34 19 40 41 36
28 23 19 21 21 24 37 23 33 24 35 34 25 34 16 29 27 7 34 30 16 22 22 18 44 7 20 34 20 17 25 27 21 43 31 0 11 14 9 36 6
23 12 20 16 10 13 26 12 22 28 34 29 18 25 15 30 22 11 29 21 20 13 13 22 33 16 16 30 24 20 14 31 10 32 34 11 0 16 10 25 7
16 23 5 9 19 23 36 26 36 12 21 22 14 25 3 15 15 21 21 22 5 17 29 6 37 9 8 21 8 4 29 15 25 38 19 14 16 0 22 31 18
33 21 27 26 20 22 33 19 27 33 42 39 28 35 23 37 32 2 39 31 25 23 15 27 43 16 25 40 29 25 19 36 16 41 40 9 10 22 0 35 4
19 14 32 22 15 13 10 18 18 41 34 21 18 9 28 36 20 36 23 10 36 15 25 36 8 38 23 27 37 34 20 43 21 7 41 36 25 31 35 0 32
29 19 23 22 17 20 32 18 27 29 38 35 25 32 19 33 28 4 35 28 21 20 16 23 40 13 21 36 25 21 19 32 15 39 36 6 7 18 4 32 0
0 293
171 229
119 177
58 116
211 269
16 74
161 219
174 232
96 154
225 283
143 201
53 111
0 58
25 83
179 237
150 208
152 210
75 133
99 157
25 83
51 109
208 266
31 89
220 278
233 291
195 253
38 96
182 240
5 63
23 81
143 201
231 289
179 237
97 155
105 163
10 68
155 213
177 235
1 59
30 88
145 203
0
55
50
74
65
12
50
78
45
40
24
20
38
53
79
66
36
54
45
31
49
42
44
68
42
45
77
69
70
70
33
72
17
35
51
57
59
65
33
58
25
