41
1300
0 30 22 49 41 10 5 33 35 9 41 17 27 15 34 15 30 33 33 32 34 10 24 24 41 23 6 19 28 30 15 20 31 11 24 38 40 7 36 13 33
30 0 8 35 34 21 35 9 16 31 31 26 26 15 20 15 0 11 11 2 17 22 38 46 36 45 35 42 2 19 37 11 7 20 9 50 32 37 20 42 11
22 8 0 37 33 14 27 15 18 24 31 21 24 9 22 8 8 16 15 10 19 16 33 40 35 39 27 36 6 18 31 6 11 14 8 46 31 29 22 34 15
49 35 37 0 11 39 51 44 19 56 8 33 23 35 16 43 35 46 24 33 18 39 36 49 13 48 55 51 34 19 47 43 28 38 29 38 10 52 15 60 24
41 34 33 11 0 31 42 43 18 48 4 24 14 30 14 39 34 45 23 32 17 31 26 39 2 38 46 41 32 15 37 39 27 30 25 27 2 43 15 51 23
10 21 14 39 31 0 14 29 25 17 31 9 17 6 24 12 21 30 24 23 24 2 20 26 31 25 16 22 19 20 17 17 22 1 15 34 30 16 26 23 24
5 35 27 51 42 14 0 38 38 11 43 18 28 20 38 20 35 38 38 37 38 13 22 19 42 19 5 14 33 34 11 25 36 15 29 36 41 2 40 9 38
33 9 15 44 43 29 38 0 25 34 40 35 35 24 29 18 9 2 20 11 26 31 47 55 45 54 38 51 11 28 46 13 16 29 18 59 41 40 29 45 20
35 16 18 19 18 25 38 25 0 40 15 23 17 20 4 25 16 27 5 14 1 25 32 44 20 43 41 43 15 6 38 24 9 24 11 41 16 40 4 47 5
9 31 24 56 48 17 11 34 40 0 48 25 34 21 41 16 31 33 38 33 40 18 33 30 48 30 6 25 30 37 22 21 35 18 29 47 47 12 43 13 38
41 31 31 8 4 31 43 40 15 48 0 25 15 29 11 37 31 42 20 29 14 31 28 41 6 40 47 43 30 13 39 37 24 30 23 31 2 44 11 52 20
17 26 21 33 24 9 18 35 23 25 25 0 10 12 21 21 26 37 25 27 22 7 12 21 24 20 22 20 24 17 15 25 24 8 17 26 23 19 23 27 25
27 26 24 23 14 17 28 35 17 34 15 10 0 17 14 26 26 37 21 27 16 17 15 28 14 27 32 28 24 11 24 30 23 16 17 24 13 29 16 37 21
15 15 9 35 30 6 20 24 20 21 29 12 17 0 20 9 15 25 18 17 20 7 24 31 31 30 21 27 13 16 22 13 16 5 9 38 28 22 22 28 18
34 20 22 16 14 24 38 29 4 41 11 21 14 20 0 28 20 31 9 18 3 25 29 42 16 41 40 41 19 4 36 28 13 23 14 38 12 40 2 47 9
15 15 8 43 39 12 20 18 25 16 37 21 26 9 28 0 15 18 23 17 25 14 32 37 40 36 20 33 14 24 28 5 19 13 14 46 37 22 28 27 23
30 0 8 35 34 21 35 9 16 31 31 26 26 15 20 15 0 11 11 2 17 22 38 46 36 45 35 42 2 19 37 11 7 20 9 50 32 37 20 42 11
33 11 16 46 45 30 38 2 27 33 42 37 37 25 31 18 11 0 22 13 28 32 49 55 47 54 38 51 13 30 46 13 18 30 20 61 43 40 31 45 22
33 11 15 24 23 24 38 20 5 38 20 25 21 18 9 23 11 22 0 9 6 25 36 46 25 45 39 45 10 11 40 20 4 23 9 45 21 40 9 46 0
32 2 10 33 32 23 37 11 14 33 29 27 27 17 18 17 2 13 9 0 15 24 39 48 34 47 37 44 4 18 39 13 5 22 10 51 30 39 18 44 9
34 17 19 18 17 24 38 26 1 40 14 22 16 20 3 25 17 28 6 15 0 25 31 43 19 42 40 42 16 5 37 25 10 23 11 40 15 40 3 47 6
10 22 16 39 31 2 13 31 25 18 31 7 17 7 25 14 22 32 25 24 25 0 18 24 31 23 16 20 20 21 15 19 23 2 16 32 30 15 27 22 25
24 38 33 36 26 20 22 47 32 33 28 12 15 24 29 32 38 49 36 39 31 18 0 13 24 12 27 15 36 26 13 37 36 20 29 14 26 23 31 31 36
24 46 40 49 39 26 19 55 44 30 41 21 28 31 42 37 46 55 46 48 43 24 13 0 37 1 24 5 44 38 9 42 45 26 38 19 39 19 44 24 46
41 36 35 13 2 31 42 45 20 48 6 24 14 31 16 40 36 47 25 34 19 31 24 37 0 36 46 39 34 17 36 41 29 30 27 25 4 43 17 51 25
23 45 39 48 38 25 19 54 43 30 40 20 27 30 41 36 45 54 45 47 42 23 12 1 36 0 24 5 43 37 8 41 44 25 37 19 38 19 43 24 45
6 35 27 55 46 16 5 38 41 6 47 22 32 21 40 20 35 38 39 37 40 16 27 24 46 24 0 19 33 36 16 25 37 17 30 41 45 6 42 7 39
19 42 36 51 41 22 14 51 43 25 43 20 28 27 41 33 42 51 45 44 42 20 15 5 39 5 19 0 40 37 5 38 43 22 36 24 41 14 43 19 45
28 2 6 34 32 19 33 11 15 30 30 24 24 13 19 14 2 13 10 4 16 20 36 44 34 43 33 40 0 17 35 10 6 18 7 48 30 35 19 40 10
30 19 18 19 15 20 34 28 6 37 13 17 11 16 4 24 19 30 11 18 5 21 26 38 17 37 36 37 17 0 32 24 13 19 10 35 13 36 6 43 11
15 37 31 47 37 17 11 46 38 22 39 15 24 22 36 28 37 46 40 39 37 15 13 9 36 8 16 5 35 32 0 33 38 17 31 25 37 11 38 18 40
20 11 6 43 39 17 25 13 24 21 37 25 30 13 28 5 11 13 20 13 25 19 37 42 41 41 25 38 10 24 33 0 16 18 14 51 37 27 28 32 20
31 7 11 28 27 22 36 16 9 35 24 24 23 16 13 19 7 18 4 5 10 23 36 45 29 44 37 43 6 13 38 16 0 21 7 47 25 38 13 44 4
11 20 14 38 30 1 15 29 24 18 30 8 16 5 23 13 20 30 23 22 23 2 20 26 30 25 17 22 18 19 17 18 21 0 14 34 29 17 25 24 23
24 9 8 29 25 15 29 18 11 29 23 17 17 9 14 14 9 20 9 10 11 16 29 38 27 37 30 36 7 10 31 14 7 14 0 41 23 31 14 37 9
38 50 46 38 27 34 36 59 41 47 31 26 24 38 38 46 50 61 45 51 40 32 14 19 25 19 41 24 48 35 25 51 47 34 41 0 29 36 39 43 45
40 32 31 10 2 30 41 41 16 47 2 23 13 28 12 37 32 43 21 30 15 30 26 39 4 38 45 41 30 13 37 37 25 29 23 29 0 42 13 50 21
7 37 29 52 43 16 2 40 40 12 44 19 29 22 40 22 37 40 40 39 40 15 23 19 43 19 6 14 35 36 11 27 38 17 31 36 42 0 42 8 40
36 20 22 15 15 26 40 29 4 43 11 23 16 22 2 28 20 31 9 18 3 27 31 44 17 43 42 43 19 6 38 28 13 25 14 39 13 42 0 49 9
13 42 34 60 51 23 9 45 47 13 52 27 37 28 47 27 42 45 46 44 47 22 31 24 51 24 7 19 40 43 18 32 44 24 37 43 50 8 49 0 46
33 11 15 24 23 24 38 20 5 38 20 25 21 18 9 23 11 22 0 9 6 25 36 46 25 45 39 45 10 11 40 20 4 23 9 45 21 40 9 46 0
0 563
399 511
25 137
234 346
17 129
64 176
121 233
278 390
426 538
276 388
314 426
332 444
325 437
2 114
9 121
2 114
192 304
277 389
385 497
217 329
3 115
254 366
223 335
348 460
188 300
334 446
420 532
22 134
400 512
182 294
325 437
54 166
190 302
181 293
65 177
158 270
98 210
94 206
12 124
40 152
325 437
0
55
69
50
40
50
28
56
39
73
57
63
17
52
43
57
51
39
34
38
75
41
23
60
65
60
59
75
29
36
20
48
49
37
66
59
82
57
73
58
16
