41
1300
0 27 33 14 9 17 14 9 15 21 21 29 21 17 23 21 8 15 14 12 14 22 27 21 39 12 36 15 29 21 20 17 30 7 18 20 14 17 18 14 18
27 0 12 17 24 25 32 34 38 6 6 11 9 38 41 21 23 28 40 34 35 11 17 32 20 22 17 38 47 43 42 10 41 20 31 7 14 42 43 19 13
33 12 0 19 26 25 42 37 41 17 17 4 12 39 42 32 33 29 44 44 45 11 11 32 8 24 6 41 47 53 43 21 39 26 42 15 25 45 46 21 15
14 17 19 0 7 8 26 18 22 14 15 15 8 21 24 25 17 11 25 26 28 8 13 15 25 5 22 22 30 35 25 13 24 7 28 11 15 26 27 2 4
9 24 26 7 0 8 23 11 15 19 20 22 15 14 19 25 15 7 18 21 23 15 19 13 32 3 29 15 25 29 18 17 22 5 26 17 16 19 20 6 11
17 25 25 8 8 0 31 17 17 22 23 21 16 14 17 32 22 4 24 29 31 15 15 7 28 6 25 17 22 37 18 21 16 12 33 19 22 21 22 6 12
14 32 42 26 23 31 0 19 24 26 26 39 30 29 34 18 9 29 17 4 4 32 39 35 49 25 46 24 40 12 29 22 44 19 6 28 18 22 23 27 29
9 34 37 18 11 17 19 0 6 29 29 33 26 10 16 30 16 13 7 15 17 26 30 18 43 14 40 6 22 20 11 25 25 14 24 27 23 8 9 17 22
15 38 41 22 15 17 24 6 0 33 34 37 30 5 10 36 22 13 8 20 22 30 32 16 45 17 42 0 16 23 5 30 21 18 30 31 29 4 5 20 26
21 6 17 14 19 22 26 29 33 0 1 14 7 33 38 16 17 25 35 28 29 9 17 29 24 18 21 33 44 37 37 4 38 15 25 3 8 37 38 16 11
21 6 17 15 20 23 26 29 34 1 0 15 8 34 39 15 17 26 35 28 29 10 18 30 25 19 22 34 45 37 38 4 39 16 25 4 8 37 38 17 12
29 11 4 15 22 21 39 33 37 14 15 0 9 35 38 30 30 25 40 41 42 7 7 28 10 20 7 37 43 50 39 18 35 22 39 12 22 41 42 17 11
21 9 12 8 15 16 30 26 30 7 8 9 0 29 32 22 21 19 33 32 33 2 10 23 19 13 16 30 38 41 33 10 32 14 31 4 14 34 35 10 4
17 38 39 21 14 14 29 10 5 33 34 35 29 0 6 38 25 10 13 25 27 29 29 12 42 16 39 5 12 28 4 31 16 19 34 31 30 9 10 19 25
23 41 42 24 19 17 34 16 10 38 39 38 32 6 0 44 31 13 18 30 32 32 32 11 44 20 42 10 6 33 5 36 11 24 40 35 35 13 14 22 28
21 21 32 25 25 32 18 30 36 16 15 30 22 38 44 0 14 32 34 22 22 24 32 38 40 26 37 36 50 30 41 12 47 20 14 18 10 38 38 26 24
8 23 33 17 15 22 9 16 22 17 17 30 21 25 31 14 0 22 20 11 12 23 30 28 40 16 37 22 37 20 27 13 37 10 11 19 9 24 24 18 20
15 28 29 11 7 4 29 13 13 25 26 25 19 10 13 32 22 0 20 27 29 19 19 6 32 7 29 13 19 33 14 24 15 12 33 22 23 17 18 9 15
14 40 44 25 18 24 17 7 8 35 35 40 33 13 18 34 20 20 0 13 15 33 37 24 50 21 47 8 24 15 13 31 29 20 23 33 28 5 6 24 29
12 34 44 26 21 29 4 15 20 28 28 41 32 25 30 22 11 27 13 0 2 34 39 33 51 24 48 20 36 9 25 24 40 19 10 30 20 18 19 26 30
14 35 45 28 23 31 4 17 22 29 29 42 33 27 32 22 12 29 15 2 0 35 41 35 52 26 49 22 38 8 27 25 42 21 10 31 21 20 21 28 32
22 11 11 8 15 15 32 26 30 9 10 7 2 29 32 24 23 19 33 34 35 0 8 22 17 13 14 30 37 43 33 12 31 15 33 6 16 34 35 10 4
27 17 11 13 19 15 39 30 32 17 18 7 10 29 32 32 30 19 37 39 41 8 0 21 13 16 10 32 36 48 33 20 28 20 41 14 24 36 37 13 10
21 32 32 15 13 7 35 18 16 29 30 28 23 12 11 38 28 6 24 33 35 22 21 0 33 13 31 16 15 38 16 28 9 18 39 26 29 20 21 13 19
39 20 8 25 32 28 49 43 45 24 25 10 19 42 44 40 40 32 50 51 52 17 13 33 0 29 3 45 48 60 46 28 39 32 49 22 32 49 50 26 21
12 22 24 5 3 6 25 14 17 18 19 20 13 16 20 26 16 7 21 24 26 13 16 13 29 0 26 17 26 32 20 17 22 6 27 16 17 21 22 3 9
36 17 6 22 29 25 46 40 42 21 22 7 16 39 42 37 37 29 47 48 49 14 10 31 3 26 0 42 46 57 43 25 37 29 46 19 29 46 47 23 18
15 38 41 22 15 17 24 6 0 33 34 37 30 5 10 36 22 13 8 20 22 30 32 16 45 17 42 0 16 23 5 30 21 18 30 31 29 4 5 20 26
29 47 47 30 25 22 40 22 16 44 45 43 38 12 6 50 37 19 24 36 38 37 36 15 48 26 46 16 0 39 11 42 9 30 46 41 41 19 20 28 34
21 43 53 35 29 37 12 20 23 37 37 50 41 28 33 30 20 33 15 9 8 43 48 38 60 32 57 23 39 0 28 33 44 28 17 39 29 20 20 35 39
20 42 43 25 18 18 29 11 5 37 38 39 33 4 5 41 27 14 13 25 27 33 33 16 46 20 43 5 11 28 0 35 16 23 35 35 34 8 9 23 29
17 10 21 13 17 21 22 25 30 4 4 18 10 31 36 12 13 24 31 24 25 12 20 28 28 17 25 30 42 33 35 0 37 12 21 6 4 33 34 15 12
30 41 39 24 22 16 44 25 21 38 39 35 32 16 11 47 37 15 29 40 42 31 28 9 39 22 37 21 9 44 16 37 0 27 48 35 38 24 25 22 28
7 20 26 7 5 12 19 14 18 15 16 22 14 19 24 20 10 12 20 19 21 15 20 18 32 6 29 18 30 28 23 12 27 0 21 13 11 22 23 8 11
18 31 42 28 26 33 6 24 30 25 25 39 31 34 40 14 11 33 23 10 10 33 41 39 49 27 46 30 46 17 35 21 48 21 0 27 17 28 29 29 31
20 7 15 11 17 19 28 27 31 3 4 12 4 31 35 18 19 22 33 30 31 6 14 26 22 16 19 31 41 39 35 6 35 13 27 0 10 35 36 13 8
14 14 25 15 16 22 18 23 29 8 8 22 14 30 35 10 9 23 28 20 21 16 24 29 32 17 29 29 41 29 34 4 38 11 17 10 0 31 32 16 15
17 42 45 26 19 21 22 8 4 37 37 41 34 9 13 38 24 17 5 18 20 34 36 20 49 21 46 4 19 20 8 33 24 22 28 35 31 0 1 24 30
18 43 46 27 20 22 23 9 5 38 38 42 35 10 14 38 24 18 6 19 21 35 37 21 50 22 47 5 20 20 9 34 25 23 29 36 32 1 0 25 31
14 19 21 2 6 6 27 17 20 16 17 17 10 19 22 26 18 9 24 26 28 10 13 13 26 3 23 20 28 35 23 15 22 8 29 13 16 24 25 0 6
18 13 15 4 11 12 29 22 26 11 12 11 4 25 28 24 20 15 29 30 32 4 10 19 21 9 18 26 34 39 29 12 28 11 31 8 15 30 31 6 0
0 465
17 110
248 341
89 182
203 296
231 324
356 449
187 280
230 323
354 447
15 108
324 417
262 355
195 288
31 124
366 459
321 414
356 449
154 247
151 244
204 297
248 341
300 393
63 156
146 239
202 295
58 151
235 328
367 460
75 168
227 320
142 235
78 171
121 214
118 211
261 354
87 180
149 242
27 120
60 153
262 355
0
11
37
50
30
63
47
40
82
30
58
54
32
58
73
38
67
31
42
77
57
75
49
53
29
63
49
80
51
48
81
81
19
54
19
35
50
45
20
61
60
