41
1301
0 15 19 30 11 30 28 25 22 24 15 16 26 10 31 13 30 10 9 21 4 1 16 8 16 25 14 20 23 24 19 11 16 26 21 15 13 18 29 15 22
15 0 7 32 17 40 43 17 37 19 0 8 32 22 20 28 30 15 11 36 17 16 19 20 21 22 27 22 13 39 34 21 5 30 19 1 28 16 24 15 36
19 7 0 28 16 39 47 10 40 13 7 4 29 22 13 31 24 22 11 40 22 20 26 20 28 16 27 19 20 39 38 20 3 27 26 6 31 23 18 12 36
30 32 28 0 19 20 43 19 39 15 32 24 8 23 28 32 4 40 23 41 34 31 46 23 46 12 23 10 45 32 38 20 27 6 48 31 31 45 14 17 28
11 17 16 19 0 23 32 17 25 15 17 12 16 7 26 17 19 21 6 26 15 12 27 5 27 15 11 9 30 24 23 4 14 15 31 16 16 28 20 6 20
30 40 39 20 23 0 29 36 25 32 40 35 12 20 45 24 24 40 29 30 33 31 46 22 45 29 16 22 52 18 27 20 37 14 51 39 23 48 33 27 14
28 43 47 43 32 29 0 49 7 47 43 44 35 26 58 16 47 33 36 9 27 28 37 27 34 47 23 40 48 11 9 29 44 37 42 43 16 41 52 38 15
25 17 10 19 17 36 49 0 42 4 17 9 24 24 9 34 15 31 16 43 29 26 36 22 37 7 28 14 30 41 40 21 12 22 36 16 33 33 8 11 37
22 37 40 39 25 25 7 42 0 40 37 37 31 19 51 9 42 28 29 5 21 22 32 20 29 40 16 33 43 7 4 22 38 33 37 37 9 36 45 31 11
24 19 13 15 15 32 47 4 40 0 19 11 20 22 13 32 11 32 15 41 28 25 38 20 38 3 26 10 32 39 38 19 14 18 38 18 31 35 5 10 35
15 0 7 32 17 40 43 17 37 19 0 8 32 22 20 28 30 15 11 36 17 16 19 20 21 22 27 22 13 39 34 21 5 30 19 1 28 16 24 15 36
16 8 4 24 12 35 44 9 37 11 8 0 25 19 15 28 22 22 8 37 20 17 27 17 28 14 23 15 21 36 35 16 3 23 27 7 28 24 16 8 32
26 32 29 8 16 12 35 24 31 20 32 25 0 17 33 25 12 36 22 34 30 27 42 18 42 17 16 10 45 24 31 15 28 2 47 31 24 44 21 17 20
10 22 22 23 7 20 26 24 19 22 22 19 17 0 33 10 24 20 11 20 13 11 26 2 25 22 5 14 32 17 17 3 20 18 31 21 10 28 27 13 14
31 20 13 28 26 45 58 9 51 13 20 15 33 33 0 43 24 35 23 52 35 32 39 31 41 16 37 23 31 50 49 30 16 31 39 19 42 36 14 20 46
13 28 31 32 17 24 16 34 9 32 28 28 25 10 43 0 34 19 20 10 12 13 25 12 23 32 9 24 34 12 7 13 29 26 30 28 1 27 37 23 11
30 30 24 4 19 24 47 15 42 11 30 22 12 24 24 34 0 39 22 44 34 31 45 24 45 8 26 10 43 36 41 21 25 10 47 29 34 44 10 16 32
10 15 22 40 21 40 33 31 28 32 15 22 36 20 35 19 39 0 17 25 7 9 6 18 6 33 24 30 15 31 24 21 20 36 11 16 20 8 37 23 30
9 11 11 23 6 29 36 16 29 15 11 8 22 11 23 20 22 17 0 30 13 10 23 9 23 16 16 13 24 28 27 10 9 21 25 10 20 22 20 6 25
21 36 40 41 26 30 9 43 5 41 36 37 34 20 52 10 44 25 30 0 19 20 28 21 25 41 18 34 40 12 3 23 37 35 33 36 10 32 46 32 16
4 17 22 34 15 33 27 29 21 28 17 20 30 13 35 12 34 7 13 19 0 3 13 12 12 29 17 24 22 24 18 15 19 30 18 18 13 15 33 19 23
1 16 20 31 12 31 28 26 22 25 16 17 27 11 32 13 31 9 10 20 3 0 15 9 15 26 15 21 22 24 19 12 17 27 20 16 13 17 30 16 22
16 19 26 46 27 46 37 36 32 38 19 27 42 26 39 25 45 6 23 28 13 15 0 24 3 39 30 36 14 37 28 27 24 42 5 20 26 5 43 29 36
8 20 20 23 5 22 27 22 20 20 20 17 18 2 31 12 24 18 9 21 12 9 24 0 24 20 7 14 30 19 18 3 18 18 29 19 11 26 25 11 16
16 21 28 46 27 45 34 37 29 38 21 28 42 25 41 23 45 6 23 25 12 15 3 24 0 39 29 36 17 35 25 27 26 42 8 22 24 8 43 29 34
25 22 16 12 15 29 47 7 40 3 22 14 17 22 16 32 8 33 16 41 29 26 39 20 39 0 25 8 35 37 38 19 17 15 41 21 31 38 5 10 33
14 27 27 23 11 16 23 28 16 26 27 23 16 5 37 9 26 24 16 18 17 15 30 7 29 25 0 17 37 13 15 7 25 17 35 26 8 32 30 17 9
20 22 19 10 9 22 40 14 33 10 22 15 10 14 23 24 10 30 13 34 24 21 36 14 36 8 17 0 35 29 31 11 18 8 38 21 24 35 13 7 25
23 13 20 45 30 52 48 30 43 32 13 21 45 32 31 34 43 15 24 40 22 22 14 30 17 35 37 35 0 46 39 33 18 43 10 14 35 9 37 28 44
24 39 39 32 24 18 11 41 7 39 39 36 24 17 50 12 36 31 28 12 24 24 37 19 35 37 13 29 46 0 11 20 37 26 42 38 11 39 42 30 4
19 34 38 38 23 27 9 40 4 38 34 35 31 17 49 7 41 24 27 3 18 19 28 18 25 38 15 31 39 11 0 20 35 32 33 34 7 32 43 29 13
11 21 20 20 4 20 29 21 22 19 21 16 15 3 30 13 21 21 10 23 15 12 27 3 27 19 7 11 33 20 20 0 18 15 32 20 13 29 24 10 16
16 5 3 27 14 37 44 12 38 14 5 3 28 20 16 29 25 20 9 37 19 17 24 18 26 17 25 18 18 37 35 18 0 26 24 4 29 21 19 11 34
26 30 27 6 15 14 37 22 33 18 30 23 2 18 31 26 10 36 21 35 30 27 42 18 42 15 17 8 43 26 32 15 26 0 46 29 25 43 19 15 22
21 19 26 48 31 51 42 36 37 38 19 27 47 31 39 30 47 11 25 33 18 20 5 29 8 41 35 38 10 42 33 32 24 46 0 20 31 3 43 31 41
15 1 6 31 16 39 43 16 37 18 1 7 31 21 19 28 29 16 10 36 18 16 20 19 22 21 26 21 14 38 34 20 4 29 20 0 28 17 23 14 35
13 28 31 31 16 23 16 33 9 31 28 28 24 10 42 1 34 20 20 10 13 13 26 11 24 31 8 24 35 11 7 13 29 25 31 28 0 28 36 22 10
18 16 23 45 28 48 41 33 36 35 16 24 44 28 36 27 44 8 22 32 15 17 5 26 8 38 32 35 9 39 32 29 21 43 3 17 28 0 40 28 38
29 24 18 14 20 33 52 8 45 5 24 16 21 27 14 37 10 37 20 46 33 30 43 25 43 5 30 13 37 42 43 24 19 19 43 23 36 40 0 15 38
15 15 12 17 6 27 38 11 31 10 15 8 17 13 20 23 16 23 6 32 19 16 29 11 29 10 17 7 28 30 29 10 11 15 31 14 22 28 15 0 26
22 36 36 28 20 14 15 37 11 35 36 32 20 14 46 11 32 30 25 16 23 22 36 16 34 33 9 25 44 4 13 16 34 22 41 35 10 38 38 26 0
0 563
145 145
520 520
48 48
331 331
366 366
257 257
238 238
354 354
57 57
145 145
81 81
510 510
247 247
366 366
533 533
43 43
408 408
256 256
471 471
161 161
220 220
193 193
372 372
336 336
302 302
462 462
100 100
315 315
192 192
415 415
155 155
40 40
552 552
90 90
375 375
382 382
120 120
321 321
501 501
222 222
0
46
55
63
52
77
58
35
79
17
21
42
32
56
44
62
55
39
83
44
44
41
39
65
79
68
78
59
56
60
30
19
62
67
38
25
44
42
23
32
70
