41
1300
0 39 42 25 36 36 31 25 35 40 15 20 5 45 40 21 6 15 18 40 9 25 42 13 13 20 11 35 39 19 15 18 22 27 26 17 47 27 42 6 9
39 0 20 24 19 41 9 14 8 15 35 19 41 42 5 44 45 28 28 40 38 17 31 44 32 31 30 19 2 23 27 35 34 48 36 22 35 15 7 35 32
42 20 0 19 6 28 17 27 27 5 34 32 47 25 25 41 47 28 26 24 38 18 14 54 32 27 31 7 22 23 27 32 29 43 29 35 15 18 14 36 33
25 24 19 0 13 17 15 21 26 18 15 23 30 24 29 22 30 10 7 19 19 7 18 37 13 8 14 12 26 6 10 13 10 25 12 23 23 9 24 19 16
36 19 6 13 0 23 14 24 25 6 28 28 41 23 24 35 41 22 20 21 32 12 12 48 26 21 25 1 21 17 21 26 23 37 23 29 16 12 15 30 27
36 41 28 17 23 0 32 38 43 29 21 40 41 11 46 22 38 23 20 6 27 24 16 49 23 17 28 23 43 23 25 18 14 19 10 40 19 26 38 30 29
31 9 17 15 14 32 0 10 12 12 26 15 35 36 14 35 37 19 19 32 29 8 26 40 23 22 21 13 11 14 18 26 25 39 27 18 30 6 11 26 23
25 14 27 21 24 38 10 0 10 22 26 5 27 44 15 36 31 20 22 39 27 14 35 30 23 25 18 23 14 17 17 28 28 41 32 8 39 12 20 22 19
35 8 27 26 25 43 12 10 0 22 35 15 37 48 5 45 41 29 30 44 36 19 37 40 32 33 27 24 6 25 26 37 36 50 38 18 41 17 15 32 29
40 15 5 18 6 29 12 22 22 0 33 27 44 28 20 40 45 26 25 27 36 15 17 51 30 26 29 6 17 21 25 31 28 42 28 30 20 13 9 34 31
15 35 34 15 28 21 26 26 35 33 0 24 20 31 40 10 17 7 8 26 6 18 31 28 3 7 9 27 37 12 9 3 8 15 11 22 36 20 36 10 9
20 19 32 23 28 40 15 5 15 27 24 0 22 47 20 34 26 19 21 42 24 16 38 25 21 24 15 27 19 17 16 27 27 39 31 3 43 16 25 18 16
5 41 47 30 41 41 35 27 37 44 20 22 0 50 42 26 6 20 23 45 14 29 47 8 18 25 16 40 41 24 20 23 27 32 31 19 52 31 46 11 14
45 42 25 24 23 11 36 44 48 28 31 47 50 0 47 33 48 31 28 5 37 31 11 58 32 25 36 24 44 30 33 28 23 30 20 47 11 32 37 39 38
40 5 25 29 24 46 14 15 5 20 40 20 42 47 0 49 46 33 33 45 41 22 36 45 37 36 32 24 3 28 31 40 39 53 41 23 40 20 12 37 34
21 44 41 22 35 22 35 36 45 40 10 34 26 33 49 0 21 17 16 28 12 27 35 34 13 14 19 34 46 21 19 9 13 6 14 32 40 29 45 18 19
6 45 47 30 41 38 37 31 41 45 17 26 6 48 46 21 0 20 23 43 11 30 47 13 17 24 16 40 45 24 20 20 25 27 28 23 52 32 48 11 14
15 28 28 10 22 23 19 20 29 26 7 19 20 31 33 17 20 0 3 26 10 11 27 28 4 6 5 21 30 5 3 8 9 21 13 18 32 13 29 9 7
18 28 26 7 20 20 19 22 30 25 8 21 23 28 33 16 23 3 0 23 12 11 24 31 6 3 8 19 30 5 5 7 6 20 10 20 29 13 29 12 10
40 40 24 19 21 6 32 39 44 27 26 42 45 5 45 28 43 26 23 0 32 26 11 53 27 20 31 21 42 25 28 23 18 25 15 42 13 27 36 34 33
9 38 38 19 32 27 29 27 36 36 6 24 14 37 41 12 11 10 12 32 0 21 36 22 6 13 9 31 40 15 11 9 14 18 17 21 41 23 39 6 8
25 17 18 7 12 24 8 14 19 15 18 16 29 31 22 27 30 11 11 26 21 0 22 36 15 14 14 11 19 6 10 18 17 31 19 17 27 2 18 19 16
42 31 14 18 12 16 26 35 37 17 31 38 47 11 36 35 47 27 24 11 36 22 0 55 30 24 32 13 33 24 28 28 23 34 21 39 5 23 26 36 34
13 44 54 37 48 49 40 30 40 51 28 25 8 58 45 34 13 28 31 53 22 36 55 0 26 33 23 47 44 31 27 31 35 40 39 22 60 38 50 19 21
13 32 32 13 26 23 23 23 32 30 3 21 18 32 37 13 17 4 6 27 6 15 30 26 0 7 6 25 34 9 6 6 9 18 13 19 35 17 33 7 6
20 31 27 8 21 17 22 25 33 26 7 24 25 25 36 14 24 6 3 20 13 14 24 33 7 0 11 20 33 8 8 5 3 18 7 23 29 16 32 14 13
11 30 31 14 25 28 21 18 27 29 9 15 16 36 32 19 16 5 8 31 9 14 32 23 6 11 0 24 31 8 4 12 14 24 18 13 37 16 32 5 2
35 19 7 12 1 23 13 23 24 6 27 27 40 24 24 34 40 21 19 21 31 11 13 47 25 20 24 0 21 16 20 25 22 36 22 28 17 11 15 29 26
39 2 22 26 21 43 11 14 6 17 37 19 41 44 3 46 45 30 30 42 40 19 33 44 34 33 31 21 0 25 29 37 36 50 38 22 37 17 9 36 33
19 23 23 6 17 23 14 17 25 21 12 17 24 30 28 21 24 5 5 25 15 6 24 31 9 8 8 16 25 0 4 12 11 25 15 17 29 8 24 13 10
15 27 27 10 21 25 18 17 26 25 9 16 20 33 31 19 20 3 5 28 11 10 28 27 6 8 4 20 29 4 0 11 11 24 15 15 33 12 28 9 6
18 35 32 13 26 18 26 28 37 31 3 27 23 28 40 9 20 8 7 23 9 18 28 31 6 5 12 25 37 12 11 0 5 13 8 25 33 20 36 13 12
22 34 29 10 23 14 25 28 36 28 8 27 27 23 39 13 25 9 6 18 14 17 23 35 9 3 14 22 36 11 11 5 0 15 4 26 28 19 34 16 15
27 48 43 25 37 19 39 41 50 42 15 39 32 30 53 6 27 21 20 25 18 31 34 40 18 18 24 36 50 25 24 13 15 0 14 37 38 33 49 24 24
26 36 29 12 23 10 27 32 38 28 11 31 31 20 41 14 28 13 10 15 17 19 21 39 13 7 18 22 38 15 15 8 4 14 0 30 26 21 36 20 19
17 22 35 23 29 40 18 8 18 30 22 3 19 47 23 32 23 18 20 42 21 17 39 22 19 23 13 28 22 17 15 25 26 37 30 0 44 18 28 15 14
47 35 15 23 16 19 30 39 41 20 36 43 52 11 40 40 52 32 29 13 41 27 5 60 35 29 37 17 37 29 33 33 28 38 26 44 0 27 29 41 39
27 15 18 9 12 26 6 12 17 13 20 16 31 32 20 29 32 13 13 27 23 2 23 38 17 16 16 11 17 8 12 20 19 33 21 18 27 0 16 21 18
42 7 14 24 15 38 11 20 15 9 36 25 46 37 12 45 48 29 29 36 39 18 26 50 33 32 32 15 9 24 28 36 34 49 36 28 29 16 0 37 34
6 35 36 19 30 30 26 22 32 34 10 18 11 39 37 18 11 9 12 34 6 19 36 19 7 14 5 29 36 13 9 13 16 24 20 15 41 21 37 0 3
9 32 33 16 27 29 23 19 29 31 9 16 14 38 34 19 14 7 10 33 8 16 34 21 6 13 2 26 33 10 6 12 15 24 19 14 39 18 34 3 0
0 391
152 308
83 239
178 334
114 270
123 279
87 243
42 198
70 226
227 383
167 323
5 161
39 195
12 168
174 330
137 293
112 268
70 226
40 196
197 353
75 231
95 251
77 233
127 283
155 311
56 212
228 384
163 319
84 240
139 295
83 239
19 175
164 320
148 304
89 245
167 323
11 167
85 241
17 173
92 248
123 279
0
64
66
49
75
38
58
27
49
81
47
61
72
49
61
45
34
37
26
50
56
39
60
54
76
44
16
52
31
62
64
52
53
55
30
48
68
29
22
46
53
