41
1300
0 9 27 14 23 20 36 17 12 22 28 17 21 6 29 32 29 27 19 13 23 20 14 5 18 16 18 17 16 17 22 9 32 15 18 8 25 10 6 23 13
9 0 18 5 27 21 27 16 16 17 23 25 12 10 20 32 20 26 14 17 14 29 22 14 27 7 27 13 23 12 22 17 23 24 15 16 34 18 15 31 22
27 18 0 14 39 31 15 24 32 18 22 40 7 27 9 39 9 31 19 31 8 47 40 32 45 12 45 19 37 17 30 35 11 42 22 33 52 35 33 48 40
14 5 14 0 32 25 25 19 19 18 24 30 7 13 18 35 18 29 16 22 12 34 26 19 32 6 32 15 27 14 25 21 21 29 18 21 39 23 20 36 27
23 27 39 32 0 8 40 15 32 23 26 9 38 29 36 13 36 15 20 10 31 26 31 19 28 29 27 20 7 22 11 26 39 26 17 15 27 15 17 18 19
20 21 31 25 8 0 32 7 31 15 18 13 30 26 28 12 28 8 12 7 23 29 30 18 31 21 30 12 10 14 3 25 31 28 9 14 31 16 16 23 22
36 27 15 25 40 32 0 25 43 17 15 43 22 37 7 35 7 27 20 34 13 54 49 41 54 20 54 22 40 21 30 44 4 51 23 39 59 41 41 53 47
17 16 24 19 15 7 25 0 29 8 13 18 23 23 21 16 21 10 5 9 16 31 31 19 33 14 32 5 15 7 6 26 24 30 2 16 35 18 18 28 24
12 16 32 19 32 31 43 29 0 32 38 26 25 6 36 43 36 39 29 24 30 20 8 13 16 23 17 27 25 28 34 6 39 14 29 17 26 19 15 28 17
22 17 18 18 23 15 17 8 32 0 6 26 20 26 13 21 13 13 3 17 10 37 36 24 38 12 38 5 23 5 13 31 16 35 6 22 42 24 24 36 30
28 23 22 24 26 18 15 13 38 6 0 31 24 32 14 20 14 12 9 22 14 43 42 30 44 18 44 11 28 11 15 37 16 41 11 28 48 30 30 41 36
17 25 40 30 9 13 43 18 26 26 31 0 36 23 39 22 39 21 23 9 33 17 24 13 20 28 19 22 3 24 16 20 42 18 20 9 18 7 11 10 11
21 12 7 7 38 30 22 23 25 20 24 36 0 20 15 39 15 31 18 28 10 41 33 26 39 9 39 18 34 16 29 28 18 36 21 28 46 30 27 43 34
6 10 27 13 29 26 37 23 6 26 32 23 20 0 30 38 30 33 23 19 24 22 13 10 19 17 19 21 22 22 28 8 33 16 23 14 28 16 12 29 18
29 20 9 18 36 28 7 21 36 13 14 39 15 30 0 34 0 26 16 30 6 48 42 34 47 13 47 17 36 15 26 37 3 44 19 34 53 36 34 49 41
32 32 39 35 13 12 35 16 43 21 20 22 39 38 34 0 34 8 21 19 31 39 42 30 41 30 40 21 20 23 10 37 36 39 18 26 40 27 28 31 32
29 20 9 18 36 28 7 21 36 13 14 39 15 30 0 34 0 26 16 30 6 48 42 34 47 13 47 17 36 15 26 37 3 44 19 34 53 36 34 49 41
27 26 31 29 15 8 27 10 39 13 12 21 31 33 26 8 26 0 13 15 23 37 38 26 39 23 38 14 18 15 5 33 28 36 11 22 39 24 24 31 30
19 14 19 16 20 12 20 5 29 3 9 23 18 23 16 21 16 13 0 14 11 34 33 21 35 10 35 2 20 2 11 28 19 32 3 19 39 21 21 33 27
13 17 31 22 10 7 34 9 24 17 22 9 28 19 30 19 30 15 14 0 24 22 23 11 24 19 23 13 6 15 10 18 33 21 11 7 26 9 9 19 15
23 14 8 12 31 23 13 16 30 10 14 33 10 24 6 31 6 23 11 24 0 42 36 28 41 7 41 11 30 9 22 31 9 38 14 28 47 30 28 43 35
20 29 47 34 26 29 54 31 20 37 43 17 41 22 48 39 48 37 34 22 42 0 12 15 4 35 3 32 19 34 32 14 51 6 32 15 6 13 14 11 7
14 22 40 26 31 30 49 31 8 36 42 24 33 13 42 42 42 38 33 23 36 12 0 12 8 29 9 31 24 31 33 5 45 7 32 16 18 17 14 23 13
5 14 32 19 19 18 41 19 13 24 30 13 26 10 34 30 34 26 21 11 28 15 12 0 14 21 14 19 12 21 21 7 37 11 20 4 20 6 2 19 8
18 27 45 32 28 31 54 33 16 38 44 20 39 19 47 41 47 39 35 24 41 4 8 14 0 34 1 33 21 35 34 11 50 3 34 17 10 15 15 15 9
16 7 12 6 29 21 20 14 23 12 18 28 9 17 13 30 13 23 10 19 7 35 29 21 34 0 34 9 25 8 20 24 16 31 12 21 40 23 21 36 28
18 27 45 32 27 30 54 32 17 38 44 19 39 19 47 40 47 38 35 23 41 3 9 14 1 34 0 33 20 34 33 11 50 3 33 16 9 14 14 14 8
17 13 19 15 20 12 22 5 27 5 11 22 18 21 17 21 17 14 2 13 11 32 31 19 33 9 33 0 19 2 11 26 20 30 3 17 37 19 19 32 25
16 23 37 27 7 10 40 15 25 23 28 3 34 22 36 20 36 18 20 6 30 19 24 12 21 25 20 19 0 21 13 19 39 19 17 8 21 8 10 13 12
17 12 17 14 22 14 21 7 28 5 11 24 16 22 15 23 15 15 2 15 9 34 31 21 35 8 34 2 21 0 13 26 18 32 5 19 39 21 20 34 27
22 22 30 25 11 3 30 6 34 13 15 16 29 28 26 10 26 5 11 10 22 32 33 21 34 20 33 11 13 13 0 28 29 31 8 17 34 19 19 26 25
9 17 35 21 26 25 44 26 6 31 37 20 28 8 37 37 37 33 28 18 31 14 5 7 11 24 11 26 19 26 28 0 40 8 27 11 20 13 9 22 11
32 23 11 21 39 31 4 24 39 16 16 42 18 33 3 36 3 28 19 33 9 51 45 37 50 16 50 20 39 18 29 40 0 47 22 37 56 39 37 52 44
15 24 42 29 26 28 51 30 14 35 41 18 36 16 44 39 44 36 32 21 38 6 7 11 3 31 3 30 19 32 31 8 47 0 31 14 12 12 12 17 7
18 15 22 18 17 9 23 2 29 6 11 20 21 23 19 18 19 11 3 11 14 32 32 20 34 12 33 3 17 5 8 27 22 31 0 17 37 19 19 30 25
8 16 33 21 15 14 39 16 17 22 28 9 28 14 34 26 34 22 19 7 28 15 16 4 17 21 16 17 8 19 17 11 37 14 17 0 20 2 2 15 8
25 34 52 39 27 31 59 35 26 42 48 18 46 28 53 40 53 39 39 26 47 6 18 20 10 40 9 37 21 39 34 20 56 12 37 20 0 18 19 9 12
10 18 35 23 15 16 41 18 19 24 30 7 30 16 36 27 36 24 21 9 30 13 17 6 15 23 14 19 8 21 19 13 39 12 19 2 18 0 4 13 6
6 15 33 20 17 16 41 18 15 24 30 11 27 12 34 28 34 24 21 9 28 14 14 2 15 21 14 19 10 20 19 9 37 12 19 2 19 4 0 17 7
23 31 48 36 18 23 53 28 28 36 41 10 43 29 49 31 49 31 33 19 43 11 23 19 15 36 14 32 13 34 26 22 52 17 30 15 9 13 17 0 11
13 22 40 27 19 22 47 24 17 30 36 11 34 18 41 32 41 30 27 15 35 7 13 8 9 28 8 25 12 27 25 11 44 7 25 8 12 6 7 11 0
0 244
14 136
79 201
110 232
30 152
21 143
60 182
117 239
25 147
78 200
36 158
10 132
14 136
104 226
95 217
98 220
0 122
38 160
108 230
72 194
83 205
20 142
96 218
53 175
17 139
120 242
111 233
5 127
8 130
28 150
112 234
68 190
88 210
110 232
78 200
6 128
33 155
31 153
80 202
8 130
111 233
0
47
42
49
55
57
48
27
36
36
78
54
56
31
69
53
36
52
31
48
41
33
75
55
37
38
54
39
34
60
64
51
66
57
60
72
54
72
20
58
55
