41
1299
0 34 23 22 12 19 30 26 34 16 32 16 28 34 10 20 29 29 21 5 21 29 22 24 32 27 25 22 14 17 25 22 33 23 25 11 33 27 25 30 20
34 0 35 14 41 30 32 58 11 46 19 48 16 38 44 14 48 9 33 32 39 15 14 57 35 30 28 51 48 17 54 52 6 55 13 40 4 24 31 5 46
23 35 0 22 35 38 49 46 39 39 41 23 37 53 30 26 52 34 2 18 5 38 22 43 51 46 43 45 24 24 48 44 37 43 32 15 32 42 44 33 43
22 14 22 0 30 23 30 47 17 35 20 34 16 36 32 4 41 12 20 18 25 16 0 45 33 27 24 41 34 6 44 41 15 44 10 26 12 22 27 11 36
12 41 35 30 0 15 25 17 35 5 31 22 29 26 9 27 17 34 33 17 33 30 30 17 27 22 21 11 20 24 14 11 38 14 29 22 40 24 20 37 8
19 30 38 23 15 0 11 32 21 19 16 35 15 15 24 19 18 21 36 22 38 16 23 32 13 8 6 21 33 17 24 25 25 29 17 30 31 9 6 25 16
30 32 49 30 25 11 0 39 22 27 15 46 16 6 34 26 20 23 47 33 49 17 30 40 3 3 6 28 44 25 31 32 27 37 22 41 33 8 5 27 23
26 58 46 47 17 32 39 0 52 13 48 25 46 38 16 44 22 51 45 31 42 47 47 3 40 36 37 11 23 41 9 7 55 3 46 31 57 41 34 54 16
34 11 39 17 35 21 22 52 0 40 8 48 6 28 42 14 38 5 37 32 42 5 17 52 25 20 18 42 48 17 45 46 5 49 9 41 14 14 21 9 37
16 46 39 35 5 19 27 13 40 0 35 24 34 27 11 32 14 39 37 21 37 35 35 13 29 25 24 6 22 29 9 6 43 10 34 26 45 28 23 42 5
32 19 41 20 31 16 15 48 8 35 0 47 4 20 39 16 32 11 39 31 43 5 20 48 17 13 12 37 46 17 40 41 13 45 10 40 21 8 15 15 32
16 48 23 34 22 35 46 25 48 24 47 0 43 48 13 34 38 43 23 16 18 44 34 22 48 43 41 29 2 31 30 26 47 24 39 9 46 43 41 44 29
28 16 37 16 29 15 16 46 6 34 4 43 0 22 36 12 32 7 35 27 39 1 16 46 19 14 12 36 42 13 39 40 11 43 6 36 17 8 15 11 31
34 38 53 36 26 15 6 38 28 27 20 48 22 0 35 32 16 29 51 37 53 23 36 39 3 9 12 27 46 31 29 31 33 36 28 45 39 14 9 33 22
10 44 30 32 9 24 34 16 42 11 39 13 36 35 0 30 25 39 29 15 26 37 32 14 36 31 30 16 11 27 18 14 43 13 34 15 43 32 29 40 16
20 14 26 4 27 19 26 44 14 32 16 34 12 32 30 0 37 9 24 18 28 12 4 43 29 23 20 38 34 3 41 38 13 41 6 27 13 18 23 10 33
29 48 52 41 17 18 20 22 38 14 32 38 32 16 25 37 0 39 50 34 50 33 41 24 19 19 20 12 36 35 13 16 43 21 35 39 49 24 17 43 9
29 9 34 12 34 21 23 51 5 39 11 43 7 29 39 9 39 0 32 27 37 6 12 51 26 21 19 42 43 12 45 45 4 48 5 36 10 15 22 4 37
21 33 2 20 33 36 47 45 37 37 39 23 35 51 29 24 50 32 0 16 6 36 20 42 49 44 41 43 23 22 46 43 35 42 30 14 30 40 42 31 41
5 32 18 18 17 22 33 31 32 21 31 16 27 37 15 18 34 27 16 0 16 28 18 29 35 30 27 27 16 15 30 27 31 28 23 9 30 28 28 28 25
21 39 5 25 33 38 49 42 42 37 43 18 39 53 26 28 50 37 6 16 0 40 25 39 51 46 43 42 19 26 44 40 40 39 34 11 36 43 44 36 41
29 15 38 16 30 16 17 47 5 35 5 44 1 23 37 12 33 6 36 28 40 0 16 47 20 15 13 37 43 14 40 41 10 44 6 37 16 9 16 10 32
22 14 22 0 30 23 30 47 17 35 20 34 16 36 32 4 41 12 20 18 25 16 0 45 33 27 24 41 34 6 44 41 15 44 10 26 12 22 27 11 36
24 57 43 45 17 32 40 3 52 13 48 22 46 39 14 43 24 51 42 29 39 47 45 0 41 37 37 12 20 40 11 8 55 3 46 28 56 41 35 53 17
32 35 51 33 27 13 3 40 25 29 17 48 19 3 36 29 19 26 49 35 51 20 33 41 0 6 9 29 46 28 31 33 30 38 25 43 36 11 7 30 24
27 30 46 27 22 8 3 36 20 25 13 43 14 9 31 23 19 21 44 30 46 15 27 37 6 0 3 25 41 22 28 29 25 34 20 38 31 6 2 25 20
25 28 43 24 21 6 6 37 18 24 12 41 12 12 30 20 20 19 41 27 43 13 24 37 9 3 0 26 39 19 29 30 23 34 17 36 29 4 3 23 21
22 51 45 41 11 21 28 11 42 6 37 29 36 27 16 38 12 42 43 27 42 37 41 12 29 25 26 0 27 35 3 4 46 9 38 31 51 30 23 46 5
14 48 24 34 20 33 44 23 48 22 46 2 42 46 11 34 36 43 23 16 19 43 34 20 46 41 39 27 0 31 28 24 47 22 39 9 46 41 39 44 27
17 17 24 6 24 17 25 41 17 29 17 31 13 31 27 3 35 12 22 15 26 14 6 40 28 22 19 35 31 0 38 35 16 38 8 24 16 18 22 13 30
25 54 48 44 14 24 31 9 45 9 40 30 39 29 18 41 13 45 46 30 44 40 44 11 31 28 29 3 28 38 0 4 49 8 41 33 54 33 26 49 8
22 52 44 41 11 25 32 7 46 6 41 26 40 31 14 38 16 45 43 27 40 41 41 8 33 29 30 4 24 35 4 0 49 5 40 29 51 34 27 48 9
33 6 37 15 38 25 27 55 5 43 13 47 11 33 43 13 43 4 35 31 40 10 15 55 30 25 23 46 47 16 49 49 0 52 9 40 9 19 26 4 41
23 55 43 44 14 29 37 3 49 10 45 24 43 36 13 41 21 48 42 28 39 44 44 3 38 34 34 9 22 38 8 5 52 0 43 28 54 38 32 51 14
25 13 32 10 29 17 22 46 9 34 10 39 6 28 34 6 35 5 30 23 34 6 10 46 25 20 17 38 39 8 41 40 9 43 0 32 14 14 20 8 33
11 40 15 26 22 30 41 31 41 26 40 9 36 45 15 27 39 36 14 9 11 37 26 28 43 38 36 31 9 24 33 29 40 28 32 0 38 37 36 36 30
33 4 32 12 40 31 33 57 14 45 21 46 17 39 43 13 49 10 30 30 36 16 12 56 36 31 29 51 46 16 54 51 9 54 14 38 0 25 32 6 46
27 24 42 22 24 9 8 41 14 28 8 43 8 14 32 18 24 15 40 28 43 9 22 41 11 6 4 30 41 18 33 34 19 38 14 37 25 0 7 19 25
25 31 44 27 20 6 5 34 21 23 15 41 15 9 29 23 17 22 42 28 44 16 27 35 7 2 3 23 39 22 26 27 26 32 20 36 32 7 0 26 18
30 5 33 11 37 25 27 54 9 42 15 44 11 33 40 10 43 4 31 28 36 10 11 53 30 25 23 46 44 13 49 48 4 51 8 36 6 19 26 0 41
20 46 43 36 8 16 23 16 37 5 32 29 31 22 16 33 9 37 41 25 41 32 36 17 24 20 21 5 27 30 8 9 41 14 33 30 46 25 18 41 0
0 612
283 589
79 385
29 335
287 593
170 476
301 607
201 507
97 403
289 595
97 403
104 410
273 579
72 378
167 473
266 572
9 315
241 547
226 532
83 389
7 313
65 371
21 327
1 307
34 340
41 347
129 435
204 510
276 582
102 408
126 432
200 506
100 406
287 593
149 455
257 563
213 519
169 475
63 369
235 541
186 492
0
39
43
25
71
69
32
41
22
43
87
38
20
82
76
42
84
75
37
36
50
70
27
60
41
40
17
40
55
31
37
29
88
42
84
87
23
82
67
44
22
