41
1300
0 23 13 27 29 24 21 41 35 29 9 30 27 35 8 34 25 27 11 36 11 14 38 14 22 37 33 4 29 2 20 25 36 18 23 26 14 16 26 20 9
23 0 18 42 14 19 17 23 34 39 21 39 16 38 22 14 25 4 12 40 24 10 18 9 14 32 28 27 32 25 21 4 16 36 21 28 10 9 38 31 31
13 18 0 24 17 28 26 29 23 21 20 22 15 24 19 25 12 22 9 26 6 8 28 11 10 24 20 16 18 15 7 22 27 18 10 14 14 15 20 13 17
27 42 24 0 37 50 47 48 27 11 35 13 34 22 34 46 23 46 32 20 18 32 47 35 31 32 30 25 20 27 23 46 48 9 25 21 37 39 6 12 20
29 14 17 37 0 33 31 13 22 30 31 30 3 28 31 9 15 17 19 30 23 15 11 17 7 19 15 33 22 31 14 18 11 35 12 18 20 20 32 25 34
24 19 28 50 33 0 3 40 49 49 15 50 34 50 16 31 38 17 20 52 33 20 35 17 29 47 43 26 44 23 33 15 32 41 35 40 15 13 48 41 31
21 17 26 47 31 3 0 39 47 47 12 48 32 48 13 30 36 16 17 50 30 18 34 15 27 45 41 23 42 20 31 14 31 38 33 38 12 11 46 39 28
41 23 29 48 13 40 39 0 27 40 43 39 14 34 43 9 26 23 31 37 35 27 5 29 19 22 21 45 31 43 25 25 8 46 23 28 32 31 43 36 46
35 34 23 27 22 49 47 27 0 16 43 14 19 7 42 30 11 38 32 10 24 29 29 32 20 5 7 37 7 37 16 38 31 30 14 9 35 36 21 18 36
29 39 21 11 30 49 47 40 16 0 38 2 27 11 37 39 15 43 30 9 18 29 40 32 25 21 20 30 9 31 18 43 41 17 18 12 35 36 5 9 26
9 21 20 35 31 15 12 43 43 38 0 39 31 44 1 35 32 24 13 45 20 17 39 14 26 44 40 11 38 8 27 22 37 26 30 34 11 13 35 29 16
30 39 22 13 30 50 48 39 14 2 39 0 27 9 38 39 15 43 31 7 19 30 40 33 25 19 19 31 8 32 18 43 41 19 18 12 36 37 7 10 28
27 16 15 34 3 34 32 14 19 27 31 27 0 25 31 12 12 20 18 27 21 14 13 17 5 16 12 31 19 29 11 20 14 32 9 15 20 21 29 22 32
35 38 24 22 28 50 48 34 7 11 44 9 25 0 43 36 13 42 33 3 24 30 35 33 24 12 13 37 6 37 17 42 37 28 17 10 36 37 16 16 35
8 22 19 34 31 16 13 43 42 37 1 38 31 43 0 35 31 24 13 44 19 17 39 14 26 43 39 10 37 7 26 22 37 25 29 33 12 13 34 28 15
34 14 25 46 9 31 30 9 30 39 35 39 12 36 35 0 24 14 23 39 31 20 4 21 15 26 23 38 31 36 23 16 2 43 21 27 24 22 41 34 42
25 25 12 23 15 38 36 26 11 15 32 15 12 13 31 24 0 29 21 15 14 18 25 21 11 12 8 27 7 27 5 29 26 23 4 3 24 25 17 11 26
27 4 22 46 17 17 16 23 38 43 24 43 20 42 24 14 29 0 16 44 28 14 18 13 18 36 32 31 36 28 25 2 15 40 25 32 13 11 42 35 35
11 12 9 32 19 20 17 31 32 30 13 31 18 33 13 23 21 16 0 35 14 4 27 3 13 31 27 15 27 13 16 14 25 25 18 23 5 7 29 22 19
36 40 26 20 30 52 50 37 10 9 45 7 27 3 44 39 15 44 35 0 25 32 38 35 26 15 16 37 8 38 19 44 40 26 19 12 38 39 14 16 35
11 24 6 18 23 33 30 35 24 18 20 19 21 24 19 31 14 28 14 25 0 14 34 17 16 26 22 13 18 13 10 28 33 12 13 15 19 21 16 9 12
14 10 8 32 15 20 18 27 29 29 17 30 14 30 17 20 18 14 4 32 14 0 24 3 9 27 23 18 24 16 13 14 22 26 15 20 6 7 28 21 22
38 18 28 47 11 35 34 5 29 40 39 40 13 35 39 4 25 18 27 38 34 24 0 25 18 25 22 42 32 40 24 20 3 45 22 28 28 26 42 35 45
14 9 11 35 17 17 15 29 32 32 14 33 17 33 14 21 21 13 3 35 17 3 25 0 12 30 26 18 27 16 16 11 23 28 18 23 3 4 31 24 22
22 14 10 31 7 29 27 19 20 25 26 25 5 24 26 15 11 18 13 26 16 9 18 12 0 18 14 26 18 24 8 18 17 28 7 14 15 16 26 19 27
37 32 24 32 19 47 45 22 5 21 44 19 16 12 43 26 12 36 31 15 26 27 25 30 18 0 4 39 12 39 17 36 27 34 14 12 33 34 26 22 38
33 28 20 30 15 43 41 21 7 20 40 19 12 13 39 23 8 32 27 16 22 23 22 26 14 4 0 35 11 35 13 32 24 31 10 9 29 30 24 19 34
4 27 16 25 33 26 23 45 37 30 11 31 31 37 10 38 27 31 15 37 13 18 42 18 26 39 35 0 31 3 23 29 40 16 26 28 18 20 26 21 5
29 32 18 20 22 44 42 31 7 9 38 8 19 6 37 31 7 36 27 8 18 24 32 27 18 12 11 31 0 31 11 36 33 23 11 4 30 31 14 11 30
2 25 15 27 31 23 20 43 37 31 8 32 29 37 7 36 27 28 13 38 13 16 40 16 24 39 35 3 31 0 22 26 38 18 25 28 15 17 28 22 8
20 21 7 23 14 33 31 25 16 18 27 18 11 17 26 23 5 25 16 19 10 13 24 16 8 17 13 23 11 22 0 25 25 21 3 7 19 20 18 11 22
25 4 22 46 18 15 14 25 38 43 22 43 20 42 22 16 29 2 14 44 28 14 20 11 18 36 32 29 36 26 25 0 17 39 25 32 11 9 42 35 33
36 16 27 48 11 32 31 8 31 41 37 41 14 37 37 2 26 15 25 40 33 22 3 23 17 27 24 40 33 38 25 17 0 45 23 29 26 24 43 36 44
18 36 18 9 35 41 38 46 30 17 26 19 32 28 25 43 23 40 25 26 12 26 45 28 28 34 31 16 23 18 21 39 45 0 24 22 30 32 12 12 11
23 21 10 25 12 35 33 23 14 18 30 18 9 17 29 21 4 25 18 19 13 15 22 18 7 14 10 26 11 25 3 25 23 24 0 7 21 22 20 13 25
26 28 14 21 18 40 38 28 9 12 34 12 15 10 33 27 3 32 23 12 15 20 28 23 14 12 9 28 4 28 7 32 29 22 7 0 26 27 15 10 27
14 10 14 37 20 15 12 32 35 35 11 36 20 36 12 24 24 13 5 38 19 6 28 3 15 33 29 18 30 15 19 11 26 30 21 26 0 2 34 27 23
16 9 15 39 20 13 11 31 36 36 13 37 21 37 13 22 25 11 7 39 21 7 26 4 16 34 30 20 31 17 20 9 24 32 22 27 2 0 35 28 25
26 38 20 6 32 48 46 43 21 5 35 7 29 16 34 41 17 42 29 14 16 28 42 31 26 26 24 26 14 28 18 42 43 12 20 15 34 35 0 7 22
20 31 13 12 25 41 39 36 18 9 29 10 22 16 28 34 11 35 22 16 9 21 35 24 19 22 19 21 11 22 11 35 36 12 13 10 27 28 7 0 19
9 31 17 20 34 31 28 46 36 26 16 28 32 35 15 42 26 35 19 35 12 22 45 22 27 38 34 5 30 8 22 33 44 11 25 27 23 25 22 19 0
0 391
34 34
384 384
22 22
139 139
163 163
63 63
281 281
339 339
313 313
212 212
227 227
284 284
39 39
305 305
257 257
245 245
375 375
215 215
386 386
234 234
177 177
307 307
251 251
59 59
128 128
349 349
364 364
215 215
36 36
289 289
160 160
61 61
346 346
65 65
270 270
372 372
38 38
329 329
323 323
337 337
0
66
39
39
62
25
68
26
75
81
23
59
54
72
58
23
29
41
33
13
71
64
64
62
45
83
53
66
35
70
35
34
52
27
75
53
42
63
41
30
48
