41
1301
0 35 18 14 17 27 35 7 35 30 31 19 18 9 13 10 23 11 20 16 32 14 27 20 10 20 31 7 34 32 23 29 9 19 20 24 35 26 7 11 23
35 0 47 34 40 8 9 41 7 25 5 49 21 36 26 44 16 24 43 46 13 33 31 44 26 48 23 29 5 18 12 10 26 47 50 12 20 26 40 41 19
18 47 0 13 8 39 49 22 44 47 43 3 34 27 30 24 38 25 7 3 47 32 45 5 22 2 31 19 46 36 35 43 23 33 4 35 37 26 11 7 39
14 34 13 0 6 26 37 21 31 37 30 16 23 23 21 24 27 14 9 14 35 27 37 10 11 14 20 9 33 23 22 31 13 33 17 22 26 15 12 9 28
17 40 8 6 0 32 43 23 37 43 36 11 29 26 26 26 33 20 3 10 41 31 42 4 17 8 23 14 39 28 28 37 18 35 12 28 29 18 12 8 34
27 8 39 26 32 0 12 33 8 23 4 41 15 30 20 36 10 16 35 38 12 27 27 36 18 40 19 21 7 14 4 8 18 41 42 4 17 20 32 33 15
35 9 49 37 43 12 0 37 16 16 8 50 17 32 22 40 12 24 46 47 4 28 23 47 27 50 30 30 5 25 16 6 26 42 51 16 28 32 41 42 13
7 41 22 21 23 33 37 0 41 30 36 23 20 6 15 3 25 17 26 20 34 12 25 24 17 24 38 14 36 39 29 31 15 12 24 30 42 33 11 15 25
35 7 44 31 37 8 16 41 0 29 8 47 23 38 28 44 18 24 40 45 18 35 35 41 25 45 16 28 11 11 12 14 26 49 48 11 13 21 39 40 23
30 25 47 37 43 23 16 30 29 0 21 48 14 24 17 32 13 23 46 45 12 18 7 47 26 49 40 29 20 36 22 15 25 31 49 23 39 39 37 40 9
31 5 43 30 36 4 8 36 8 21 0 45 16 31 21 39 11 20 39 42 10 28 27 40 22 44 22 25 3 17 8 6 22 42 46 8 20 24 36 37 15
19 49 3 16 11 41 50 23 47 48 45 0 35 28 31 24 39 26 10 3 48 33 46 8 23 4 34 20 48 39 37 44 24 33 1 37 40 29 12 8 40
18 21 34 23 29 15 17 20 23 14 16 35 0 15 5 23 5 9 32 32 14 12 15 33 12 35 29 15 16 26 12 11 11 26 36 13 29 26 25 27 5
9 36 27 23 26 30 32 6 38 24 31 28 15 0 10 8 20 14 29 25 29 6 19 29 15 29 37 14 31 36 26 26 13 12 29 27 39 33 16 20 20
13 26 30 21 26 20 22 15 28 17 21 31 5 10 0 18 10 7 29 28 19 8 16 30 10 32 30 12 21 29 16 16 8 22 32 17 32 26 20 23 10
10 44 24 24 26 36 40 3 44 32 39 24 23 8 18 0 28 20 29 21 37 14 26 27 20 26 41 17 39 42 32 34 18 9 25 33 45 36 14 18 28
23 16 38 27 33 10 12 25 18 13 11 39 5 20 10 28 0 13 36 36 9 17 17 37 16 39 27 19 11 23 9 6 15 31 40 10 26 26 30 31 5
11 24 25 14 20 16 24 17 24 23 20 26 9 14 7 20 13 0 23 23 22 15 23 24 3 26 23 6 23 22 12 18 2 26 27 13 25 19 17 18 14
20 43 7 9 3 35 46 26 40 46 39 10 32 29 29 29 36 23 0 10 44 34 45 2 20 7 25 17 42 30 31 40 21 38 11 31 31 20 15 11 37
16 46 3 14 10 38 47 20 45 45 42 3 32 25 28 21 36 23 10 0 45 30 43 8 20 5 33 17 45 37 34 41 21 30 4 34 39 28 9 5 37
32 13 47 35 41 12 4 34 18 12 10 48 14 29 19 37 9 22 44 45 0 24 19 45 25 48 31 28 8 26 14 4 24 38 49 15 29 31 39 40 9
14 33 32 27 31 27 28 12 35 18 28 33 12 6 8 14 17 15 34 30 24 0 13 34 17 34 38 18 28 37 24 23 15 14 34 25 40 34 21 25 15
27 31 45 37 42 27 23 25 35 7 27 46 15 19 16 26 17 23 45 43 19 13 0 46 26 47 44 28 26 40 26 21 24 24 47 27 43 41 34 38 12
20 44 5 10 4 36 47 24 41 47 40 8 33 29 30 27 37 24 2 8 45 34 46 0 21 5 27 18 43 32 32 41 22 36 9 32 33 22 13 9 38
10 26 22 11 17 18 27 17 25 26 22 23 12 15 10 20 16 3 20 20 25 17 26 21 0 23 22 3 25 22 14 21 2 27 24 14 25 18 14 15 17
20 48 2 14 8 40 50 24 45 49 44 4 35 29 32 26 39 26 7 5 48 34 47 5 23 0 31 20 47 36 36 44 24 35 4 36 37 26 13 9 40
31 23 31 20 23 19 30 38 16 40 22 34 29 37 30 41 27 23 25 33 31 38 44 27 22 31 0 24 25 5 18 27 24 49 35 17 6 5 32 29 32
7 29 19 9 14 21 30 14 28 29 25 20 15 14 12 17 19 6 17 17 28 18 28 18 3 20 24 0 28 25 17 24 4 26 21 17 28 19 11 12 20
34 5 46 33 39 7 5 36 11 20 3 48 16 31 21 39 11 23 42 45 8 28 26 43 25 47 25 28 0 20 11 5 25 42 49 11 23 27 39 40 14
32 18 36 23 28 14 25 39 11 36 17 39 26 36 29 42 23 22 30 37 26 37 40 32 22 36 5 25 20 0 14 22 24 48 40 13 3 10 34 32 28
23 12 35 22 28 4 16 29 12 22 8 37 12 26 16 32 9 12 31 34 14 24 26 32 14 36 18 17 11 14 0 10 14 38 38 1 17 17 28 29 14
29 10 43 31 37 8 6 31 14 15 6 44 11 26 16 34 6 18 40 41 4 23 21 41 21 44 27 24 5 22 10 0 20 37 45 11 25 27 35 36 9
9 26 23 13 18 18 26 15 26 25 22 24 11 13 8 18 15 2 21 21 24 15 24 22 2 24 24 4 25 24 14 20 0 25 25 15 27 20 15 16 16
19 47 33 33 35 41 42 12 49 31 42 33 26 12 22 9 31 26 38 30 38 14 24 36 27 35 49 26 42 48 38 37 25 0 34 39 51 45 23 27 29
20 50 4 17 12 42 51 24 48 49 46 1 36 29 32 25 40 27 11 4 49 34 47 9 24 4 35 21 49 40 38 45 25 34 0 38 41 30 13 9 41
24 12 35 22 28 4 16 30 11 23 8 37 13 27 17 33 10 13 31 34 15 25 27 32 14 36 17 17 11 13 1 11 15 39 38 0 16 16 28 29 15
35 20 37 26 29 17 28 42 13 39 20 40 29 39 32 45 26 25 31 39 29 40 43 33 25 37 6 28 23 3 17 25 27 51 41 16 0 11 37 35 31
26 26 26 15 18 20 32 33 21 39 24 29 26 33 26 36 26 19 20 28 31 34 41 22 18 26 5 19 27 10 17 27 20 45 30 16 11 0 27 24 31
7 40 11 12 12 32 41 11 39 37 36 12 25 16 20 14 30 17 15 9 39 21 34 13 14 13 32 11 39 34 28 35 15 23 13 28 37 27 0 4 30
11 41 7 9 8 33 42 15 40 40 37 8 27 20 23 18 31 18 11 5 40 25 38 9 15 9 29 12 40 32 29 36 16 27 9 29 35 24 4 0 32
23 19 39 28 34 15 13 25 23 9 15 40 5 20 10 28 5 14 37 37 9 15 12 38 17 40 32 20 14 28 14 9 16 29 41 15 31 31 30 32 0
0 465
90 276
208 394
278 464
61 247
79 265
225 411
200 386
12 198
99 285
112 298
226 412
250 436
117 303
158 344
263 449
218 404
140 326
198 384
60 246
42 228
114 300
106 292
233 419
151 337
219 405
263 449
258 444
113 299
43 229
104 290
254 440
250 436
107 293
248 434
33 219
83 269
21 207
187 373
78 264
151 337
0
30
75
54
64
47
60
74
41
64
19
82
46
42
49
19
34
44
45
38
46
51
75
22
39
42
27
64
53
58
57
51
75
47
42
73
56
63
46
39
48
