41
1299
0 17 10 8 13 26 30 22 5 22 19 9 18 10 10 11 9 23 19 10 14 14 20 10 33 33 13 20 15 18 12 17 25 22 32 10 15 22 15 12 8
17 0 17 24 20 43 46 30 19 33 29 25 6 10 20 26 8 25 12 26 5 12 34 26 49 49 28 36 29 30 9 33 27 32 38 7 31 33 16 9 24
10 17 0 9 4 32 39 14 6 16 12 19 20 7 3 9 10 32 24 20 16 20 17 11 42 43 11 19 25 13 8 26 34 15 42 12 14 16 24 17 9
8 24 9 0 11 23 30 14 5 14 11 12 26 14 7 3 16 31 27 13 22 22 12 2 33 34 5 12 18 10 16 17 33 14 37 18 7 14 23 20 0
13 20 4 11 0 34 41 10 9 13 9 22 24 10 4 10 14 36 28 23 20 24 15 13 44 45 11 20 28 10 11 28 38 12 45 16 15 13 28 21 11
26 43 32 23 34 0 12 33 27 31 30 18 42 36 30 24 35 34 41 17 38 35 26 21 15 16 24 17 18 29 38 10 36 32 33 36 20 30 33 35 23
30 46 39 30 41 12 0 43 33 42 40 21 44 40 37 33 39 31 41 20 41 36 37 29 3 4 34 29 18 39 42 13 33 43 25 39 30 41 33 38 30
22 30 14 14 10 33 43 0 17 3 3 26 34 20 12 11 24 45 38 26 30 34 8 14 46 47 9 17 32 4 21 30 47 2 51 26 13 4 37 31 14
5 19 6 5 9 27 33 17 0 17 14 13 21 9 5 7 11 28 23 14 17 19 16 7 36 37 9 17 19 13 11 20 30 17 37 13 12 17 20 16 5
22 33 16 14 13 31 42 3 17 0 4 26 36 23 14 11 26 45 40 26 32 36 5 14 45 46 9 14 32 4 24 30 47 1 51 28 12 1 37 33 14
19 29 12 11 9 30 40 3 14 4 0 23 32 19 10 8 22 42 36 23 28 32 6 11 43 44 6 14 29 1 20 27 44 3 48 24 10 4 34 29 11
9 25 19 12 22 18 21 26 13 26 23 0 24 19 18 15 18 20 23 1 20 17 24 12 24 24 17 20 6 22 21 8 22 26 25 18 17 26 15 17 12
18 6 20 26 24 42 44 34 21 36 32 24 0 14 23 28 10 20 6 25 4 8 37 28 47 46 30 38 26 33 14 32 21 35 34 8 33 36 12 7 26
10 10 7 14 10 36 40 20 9 23 19 19 14 0 10 16 4 27 18 20 10 14 24 16 43 43 18 26 25 20 2 27 29 22 39 6 21 23 18 11 14
10 20 3 7 4 30 37 12 5 14 10 18 23 10 0 6 13 33 27 19 19 23 14 9 40 41 8 16 24 10 11 24 35 13 42 15 11 14 25 20 7
11 26 9 3 10 24 33 11 7 11 8 15 28 16 6 0 18 34 30 16 24 25 9 4 36 37 2 10 21 7 17 20 36 11 40 20 5 11 26 23 3
9 8 10 16 14 35 39 24 11 26 22 18 10 4 13 18 0 23 14 19 6 10 27 18 42 42 20 28 22 23 5 26 25 25 36 2 23 26 14 7 16
23 25 32 31 36 34 31 45 28 45 42 20 20 27 33 34 23 0 14 21 20 13 43 32 33 31 36 40 16 41 28 24 2 45 14 21 37 45 9 16 31
19 12 24 27 28 41 41 38 23 40 36 23 6 18 27 30 14 14 0 24 8 6 39 29 43 42 32 39 23 36 18 31 15 39 28 12 34 40 8 7 27
10 26 20 13 23 17 20 26 14 26 23 1 25 20 19 16 19 21 24 0 21 18 24 12 23 23 17 19 6 22 22 7 23 26 25 19 17 26 16 18 13
14 5 16 22 20 38 41 30 17 32 28 20 4 10 19 24 6 20 8 21 0 7 33 24 44 44 26 34 24 29 10 28 22 31 33 4 29 32 11 4 22
14 12 20 22 24 35 36 34 19 36 32 17 8 14 23 25 10 13 6 18 7 0 34 24 39 38 27 34 18 32 15 25 15 35 26 8 29 36 4 3 22
20 34 17 12 15 26 37 8 16 5 6 24 37 24 14 9 27 43 39 24 33 34 0 12 40 41 7 9 30 5 25 25 45 6 49 29 7 4 35 32 12
10 26 11 2 13 21 29 14 7 14 11 12 28 16 9 4 18 32 29 12 24 24 12 0 32 33 5 10 18 10 18 16 34 14 37 20 5 14 25 22 2
33 49 42 33 44 15 3 46 36 45 43 24 47 43 40 36 42 33 43 23 44 39 40 32 0 2 37 32 21 42 45 16 34 46 25 42 33 44 35 41 33
33 49 43 34 45 16 4 47 37 46 44 24 46 43 41 37 42 31 42 23 44 38 41 33 2 0 38 33 20 43 45 17 32 47 23 42 34 45 34 40 34
13 28 11 5 11 24 34 9 9 9 6 17 30 18 8 2 20 36 32 17 26 27 7 5 37 38 0 9 23 5 19 21 38 9 42 22 4 9 28 25 5
20 36 19 12 20 17 29 17 17 14 14 20 38 26 16 10 28 40 39 19 34 34 9 10 32 33 9 0 25 13 27 19 42 15 44 30 5 13 35 32 12
15 29 25 18 28 18 18 32 19 32 29 6 26 25 24 21 22 16 23 6 24 18 30 18 21 20 23 25 0 28 27 8 18 32 19 22 23 32 15 20 18
18 30 13 10 10 29 39 4 13 4 1 22 33 20 10 7 23 41 36 22 29 32 5 10 42 43 5 13 28 0 21 26 43 4 47 25 9 4 33 29 10
12 9 8 16 11 38 42 21 11 24 20 21 14 2 11 17 5 28 18 22 10 15 25 18 45 45 19 27 27 21 0 29 30 23 41 7 22 24 19 12 16
17 33 26 17 28 10 13 30 20 30 27 8 32 27 24 20 26 24 31 7 28 25 25 16 16 17 21 19 8 26 29 0 26 30 25 26 18 29 23 25 17
25 27 34 33 38 36 33 47 30 47 44 22 21 29 35 36 25 2 15 23 22 15 45 34 34 32 38 42 18 43 30 26 0 47 13 23 39 47 11 18 33
22 32 15 14 12 32 43 2 17 1 3 26 35 22 13 11 25 45 39 26 31 35 6 14 46 47 9 15 32 4 23 30 47 0 51 27 13 2 37 32 14
32 38 42 37 45 33 25 51 37 51 48 25 34 39 42 40 36 14 28 25 33 26 49 37 25 23 42 44 19 47 41 25 13 51 0 34 42 51 22 29 37
10 7 12 18 16 36 39 26 13 28 24 18 8 6 15 20 2 21 12 19 4 8 29 20 42 42 22 30 22 25 7 26 23 27 34 0 25 28 12 5 18
15 31 14 7 15 20 30 13 12 12 10 17 33 21 11 5 23 37 34 17 29 29 7 5 33 34 4 5 23 9 22 18 39 13 42 25 0 11 30 27 7
22 33 16 14 13 30 41 4 17 1 4 26 36 23 14 11 26 45 40 26 32 36 4 14 44 45 9 13 32 4 24 29 47 2 51 28 11 0 37 33 14
15 16 24 23 28 33 33 37 20 37 34 15 12 18 25 26 14 9 8 16 11 4 35 25 35 34 28 35 15 33 19 23 11 37 22 12 30 37 0 7 23
12 9 17 20 21 35 38 31 16 33 29 17 7 11 20 23 7 16 7 18 4 3 32 22 41 40 25 32 20 29 12 25 18 32 29 5 27 33 7 0 20
8 24 9 0 11 23 30 14 5 14 11 12 26 14 7 3 16 31 27 13 22 22 12 2 33 34 5 12 18 10 16 17 33 14 37 18 7 14 23 20 0
0 489
118 264
69 215
275 421
69 215
337 483
238 384
307 453
212 358
251 397
263 409
272 418
210 356
277 423
68 214
42 188
134 280
271 417
242 388
107 253
8 154
168 314
150 296
73 219
94 240
278 424
327 473
226 372
152 298
171 317
112 258
279 425
153 299
302 448
219 365
305 451
149 295
204 350
137 283
70 216
87 233
0
64
55
26
64
71
53
45
54
53
56
56
81
30
43
32
34
20
46
24
69
64
62
60
61
56
38
33
67
57
32
50
48
46
58
37
45
19
50
64
75
