41
1300
0 16 40 38 14 17 15 10 30 45 36 7 10 9 25 15 18 13 41 22 33 8 13 22 26 9 9 27 16 33 29 10 23 16 30 13 19 8 28 36 20
16 0 46 42 27 5 13 10 26 49 45 11 26 15 31 5 27 17 45 15 47 9 27 34 38 24 13 43 13 47 42 21 17 11 26 21 22 22 19 38 8
40 46 0 7 27 43 33 36 28 5 10 37 41 49 15 41 22 29 9 37 26 39 30 21 20 44 49 42 34 30 23 50 35 36 28 53 24 33 40 13 43
38 42 7 0 26 39 29 33 22 7 15 34 41 47 13 37 20 26 3 32 31 36 30 23 23 42 46 45 30 35 27 48 30 32 22 51 20 31 34 6 39
14 27 27 26 0 25 16 17 26 32 22 16 15 23 13 23 6 11 29 25 21 18 4 8 12 17 23 23 18 22 16 23 25 20 26 26 13 6 31 26 27
17 5 43 39 25 0 10 8 21 46 43 10 27 20 28 2 25 15 41 10 45 9 26 32 36 25 18 44 9 46 40 25 12 7 21 26 19 21 14 34 3
15 13 33 29 16 10 0 5 15 36 33 8 24 21 18 8 15 5 32 9 36 9 19 23 27 23 19 38 2 38 31 25 9 4 15 27 9 15 15 25 11
10 10 36 33 17 8 5 0 20 40 35 3 20 16 21 6 17 7 36 12 37 4 18 24 28 19 14 36 6 38 32 20 13 6 20 22 13 13 18 30 11
30 26 28 22 26 21 15 20 0 29 33 23 38 36 19 21 21 18 23 11 42 24 30 29 33 38 34 49 14 45 37 40 9 15 0 42 13 28 12 16 18
45 49 5 7 32 46 36 40 29 0 15 41 46 54 20 44 27 33 6 39 31 43 35 26 25 49 53 47 37 35 28 55 37 39 29 58 27 38 41 13 46
36 45 10 15 22 43 33 35 33 15 0 36 35 45 15 41 18 28 18 40 16 38 24 14 12 38 45 32 34 20 13 44 38 36 33 47 24 28 43 20 43
7 11 37 34 16 10 8 3 23 41 36 0 17 13 22 8 18 8 37 15 36 2 16 24 28 16 12 34 9 36 32 17 16 9 23 19 14 11 21 31 13
10 26 41 41 15 27 24 20 38 46 35 17 0 14 28 25 21 20 44 32 27 18 11 21 24 3 16 17 26 25 25 9 33 26 38 12 25 10 38 41 30
9 15 49 47 23 20 21 16 36 54 45 13 14 0 34 18 27 21 50 28 41 12 22 31 35 11 2 31 22 39 38 6 29 22 36 6 27 17 34 44 23
25 31 15 13 13 28 18 21 19 20 15 22 28 34 0 26 7 14 16 25 23 24 17 11 14 29 34 33 19 27 18 35 23 21 19 38 9 18 29 13 28
15 5 41 37 23 2 8 6 21 44 41 8 25 18 26 0 23 13 40 11 43 7 24 30 34 23 16 42 8 44 38 23 13 6 21 24 17 19 16 33 5
18 27 22 20 6 25 15 17 21 27 18 18 21 27 7 23 0 10 23 24 21 20 10 8 12 22 27 28 17 24 16 28 22 19 21 31 8 11 28 20 26
13 17 29 26 11 15 5 7 18 33 28 8 20 21 14 13 10 0 29 14 31 10 14 18 22 21 20 33 7 33 26 23 14 9 18 26 6 10 20 23 16
41 45 9 3 29 41 32 36 23 6 18 37 44 50 16 40 23 29 0 33 34 39 33 26 26 45 49 48 32 38 30 51 31 34 23 54 23 34 35 7 40
22 15 37 32 25 10 9 12 11 39 40 15 32 28 25 11 24 14 33 0 45 16 28 32 36 31 26 47 7 47 40 32 2 6 11 34 16 24 6 26 7
33 47 26 31 21 45 36 37 42 31 16 36 27 41 23 43 21 31 34 45 0 38 20 13 9 30 42 17 38 4 5 36 43 40 42 39 29 25 49 34 47
8 9 39 36 18 9 9 4 24 43 38 2 18 12 24 7 20 10 39 16 38 0 18 26 30 16 10 35 10 38 34 16 17 10 24 18 16 13 22 33 12
13 27 30 30 4 26 19 18 30 35 24 16 11 22 17 24 10 14 33 28 20 18 0 10 13 14 22 19 21 20 16 20 28 23 30 23 17 5 34 30 29
22 34 21 23 8 32 23 24 29 26 14 24 21 31 11 30 8 18 26 32 13 26 10 0 4 24 31 22 25 16 8 30 30 27 29 33 16 14 36 24 34
26 38 20 23 12 36 27 28 33 25 12 28 24 35 14 34 12 22 26 36 9 30 13 4 0 26 35 22 29 13 4 32 34 31 33 35 20 18 40 25 38
9 24 44 42 17 25 23 19 38 49 38 16 3 11 29 23 22 21 45 31 30 16 14 24 26 0 13 20 25 28 28 6 32 25 38 9 26 11 37 42 28
9 13 49 46 23 18 19 14 34 53 45 12 16 2 34 16 27 20 49 26 42 10 22 31 35 13 0 33 20 41 38 8 27 20 34 8 26 17 32 43 21
27 43 42 45 23 44 38 36 49 47 32 34 17 31 33 42 28 33 48 47 17 35 19 22 22 20 33 0 40 13 19 26 47 42 49 29 36 23 53 46 47
16 13 34 30 18 9 2 6 14 37 34 9 26 22 19 8 17 7 32 7 38 10 21 25 29 25 20 40 0 40 33 26 7 2 14 28 10 17 13 25 9
33 47 30 35 22 46 38 38 45 35 20 36 25 39 27 44 24 33 38 47 4 38 20 16 13 28 41 13 40 0 9 34 46 42 45 37 32 25 52 38 49
29 42 23 27 16 40 31 32 37 28 13 32 25 38 18 38 16 26 30 40 5 34 16 8 4 28 38 19 33 9 0 34 38 35 37 37 24 21 44 29 42
10 21 50 48 23 25 25 20 40 55 44 17 9 6 35 23 28 23 51 32 36 16 20 30 32 6 8 26 26 34 34 0 33 26 40 3 29 17 38 46 28
23 17 35 30 25 12 9 13 9 37 38 16 33 29 23 13 22 14 31 2 43 17 28 30 34 32 27 47 7 46 38 33 0 7 9 35 14 24 6 24 9
16 11 36 32 20 7 4 6 15 39 36 9 26 22 21 6 19 9 34 6 40 10 23 27 31 25 20 42 2 42 35 26 7 0 15 28 12 19 12 27 7
30 26 28 22 26 21 15 20 0 29 33 23 38 36 19 21 21 18 23 11 42 24 30 29 33 38 34 49 14 45 37 40 9 15 0 42 13 28 12 16 18
13 21 53 51 26 26 27 22 42 58 47 19 12 6 38 24 31 26 54 34 39 18 23 33 35 9 8 29 28 37 37 3 35 28 42 0 32 20 40 49 29
19 22 24 20 13 19 9 13 13 27 24 14 25 27 9 17 8 6 23 16 29 16 17 16 20 26 26 36 10 32 24 29 14 12 13 32 0 15 20 17 19
8 22 33 31 6 21 15 13 28 38 28 11 10 17 18 19 11 10 34 24 25 13 5 14 18 11 17 23 17 25 21 17 24 19 28 20 15 0 30 31 24
28 19 40 34 31 14 15 18 12 41 43 21 38 34 29 16 28 20 35 6 49 22 34 36 40 37 32 53 13 52 44 38 6 12 12 40 20 30 0 28 11
36 38 13 6 26 34 25 30 16 13 20 31 41 44 13 33 20 23 7 26 34 33 30 24 25 42 43 46 25 38 29 46 24 27 16 49 17 31 28 0 33
20 8 43 39 27 3 11 11 18 46 43 13 30 23 28 5 26 16 40 7 47 12 29 34 38 28 21 47 9 49 42 28 9 7 18 29 19 24 11 33 0
0 514
166 371
69 274
212 417
306 511
265 470
90 295
292 497
193 398
90 295
283 488
165 370
253 458
201 406
303 508
301 506
225 430
286 491
21 226
218 423
140 345
156 361
296 501
6 211
171 376
129 334
124 329
160 365
190 395
26 231
263 468
154 359
15 220
252 457
184 389
121 326
183 388
141 346
153 358
305 510
77 282
0
71
54
51
62
63
43
78
38
68
27
23
55
78
35
51
40
59
40
31
21
15
31
49
60
42
78
51
50
41
36
25
50
63
71
55
44
65
47
90
49
