41
1300
0 45 47 45 25 20 50 7 35 41 9 9 39 41 16 33 36 52 31 18 59 44 35 19 29 35 22 40 45 25 24 30 45 22 58 52 44 23 29 42 28
45 0 19 42 32 28 24 40 10 32 37 43 60 37 46 48 31 26 51 31 37 2 26 30 31 55 41 5 6 20 51 23 47 50 39 37 46 28 31 50 51
47 19 0 25 25 28 5 40 23 16 43 41 48 22 40 36 18 7 40 29 18 21 14 28 21 43 33 21 13 28 42 17 31 42 20 18 30 24 21 34 41
45 42 25 0 21 30 23 38 39 10 43 36 24 5 30 16 11 24 20 29 21 43 16 28 17 21 23 41 36 36 27 21 6 29 19 13 5 25 17 9 23
25 32 25 21 0 10 27 18 25 16 22 17 29 16 16 17 11 29 20 8 34 32 11 7 4 24 9 29 27 18 19 9 23 18 33 27 22 5 4 23 19
20 28 28 30 10 0 32 14 18 24 15 15 37 25 18 27 19 34 28 3 42 27 17 3 13 32 15 23 25 9 25 12 33 24 41 35 32 5 13 33 26
50 24 5 23 27 32 0 43 28 15 46 44 47 21 42 36 18 2 40 32 13 26 16 31 23 43 35 26 18 33 44 20 29 44 15 14 28 27 23 32 41
7 40 40 38 18 14 43 0 30 34 9 3 34 34 11 27 29 45 26 11 52 39 28 12 22 30 15 35 39 20 19 23 38 17 51 45 37 16 22 36 23
35 10 23 39 25 18 28 30 0 31 27 33 54 34 36 42 28 30 45 21 41 9 23 21 25 49 33 5 12 10 43 18 44 42 43 39 43 20 25 46 44
41 32 16 10 16 24 15 34 31 0 38 33 32 6 30 21 5 16 25 24 18 33 8 23 12 28 23 32 26 29 30 14 16 31 17 11 15 19 12 19 27
9 37 43 43 22 15 46 9 27 38 0 12 43 38 20 35 33 48 35 14 56 36 31 15 26 39 23 32 38 17 28 26 45 26 55 49 44 19 26 44 32
9 43 41 36 17 15 44 3 33 33 12 0 31 32 8 25 28 46 23 12 51 42 28 13 21 27 13 38 40 23 16 24 36 14 50 44 35 17 21 34 20
39 60 48 24 29 37 47 34 54 32 43 31 0 26 23 12 30 48 9 34 45 61 35 35 29 5 22 58 55 46 15 37 19 17 43 37 19 34 29 15 11
41 37 22 5 16 25 21 34 34 6 38 32 26 0 27 15 6 22 19 24 22 38 11 23 12 22 20 36 31 31 25 16 10 27 20 14 9 20 12 13 22
16 46 40 30 16 18 42 11 36 30 20 8 23 27 0 17 25 44 15 15 48 45 26 16 19 19 7 41 42 27 8 25 29 6 47 41 28 18 19 26 12
33 48 36 16 17 27 36 27 42 21 35 25 12 15 17 0 18 37 4 24 37 49 23 24 17 7 12 46 43 35 11 25 12 13 35 29 11 22 17 9 7
36 31 18 11 11 19 18 29 28 5 33 28 30 6 25 18 0 20 22 19 23 32 5 18 7 25 18 30 25 25 26 10 16 26 22 16 15 14 7 19 23
52 26 7 24 29 34 2 45 30 16 48 46 48 22 44 37 20 0 41 34 11 28 18 33 25 44 37 28 20 35 46 22 30 46 13 13 29 29 25 33 43
31 51 40 20 20 28 40 26 45 25 35 23 9 19 15 4 22 41 0 25 41 52 27 26 20 4 13 49 46 37 8 28 16 10 39 33 15 25 20 13 3
18 31 29 29 8 3 32 11 21 24 14 12 34 24 15 24 19 34 25 0 42 30 17 1 12 29 12 26 28 12 22 12 31 21 41 35 30 5 12 31 23
59 37 18 21 34 42 13 52 41 18 56 51 45 22 48 37 23 11 41 42 0 39 25 41 30 42 41 39 31 45 47 30 26 49 2 8 26 37 30 30 43
44 2 21 43 32 27 26 39 9 33 36 42 61 38 45 49 32 28 52 30 39 0 27 30 32 56 41 4 8 19 51 24 48 50 41 39 47 28 32 51 51
35 26 14 16 11 17 16 28 23 8 31 28 35 11 26 23 5 18 27 17 25 27 0 16 7 30 19 25 20 21 28 6 21 28 24 19 20 12 7 24 27
19 30 28 28 7 3 31 12 21 23 15 13 35 23 16 24 18 33 26 1 41 30 16 0 11 30 13 26 27 12 23 11 30 21 40 34 29 4 11 30 24
29 31 21 17 4 13 23 22 25 12 26 21 29 12 19 17 7 25 20 12 30 32 7 11 0 24 12 29 26 21 21 8 20 21 29 23 19 8 0 21 20
35 55 43 21 24 32 43 30 49 28 39 27 5 22 19 7 25 44 4 29 42 56 30 30 24 0 17 53 50 41 11 32 16 13 40 34 16 29 24 12 7
22 41 33 23 9 15 35 15 33 23 23 13 22 20 7 12 18 37 13 12 41 41 19 13 12 17 0 37 36 24 10 18 23 9 40 34 22 13 12 21 11
40 5 21 41 29 23 26 35 5 32 32 38 58 36 41 46 30 28 49 26 39 4 25 26 29 53 37 0 9 15 47 21 46 46 41 39 45 24 29 49 48
45 6 13 36 27 25 18 39 12 26 38 40 55 31 42 43 25 20 46 28 31 8 20 27 26 50 36 9 0 21 46 18 41 45 33 31 40 24 26 44 46
25 20 28 36 18 9 33 20 10 29 17 23 46 31 27 35 25 35 37 12 45 19 21 12 21 41 24 15 21 0 34 15 41 33 45 40 40 13 21 41 35
24 51 42 27 19 25 44 19 43 30 28 16 15 25 8 11 26 46 8 22 47 51 28 23 21 11 10 47 46 34 0 28 23 2 45 39 22 23 21 20 5
30 23 17 21 9 12 20 23 18 14 26 24 37 16 25 25 10 22 28 12 30 24 6 11 8 32 18 21 18 15 28 0 26 27 30 25 25 7 8 28 28
45 47 31 6 23 33 29 38 44 16 45 36 19 10 29 12 16 30 16 31 26 48 21 30 20 16 23 46 41 41 23 26 0 25 24 18 1 28 20 4 19
22 50 42 29 18 24 44 17 42 31 26 14 17 27 6 13 26 46 10 21 49 50 28 21 21 13 9 46 45 33 2 27 25 0 47 41 24 22 21 22 7
58 39 20 19 33 41 15 51 43 17 55 50 43 20 47 35 22 13 39 41 2 41 24 40 29 40 40 41 33 45 45 30 24 47 0 6 24 36 29 28 41
52 37 18 13 27 35 14 45 39 11 49 44 37 14 41 29 16 13 33 35 8 39 19 34 23 34 34 39 31 40 39 25 18 41 6 0 18 30 23 22 35
44 46 30 5 22 32 28 37 43 15 44 35 19 9 28 11 15 29 15 30 26 47 20 29 19 16 22 45 40 40 22 25 1 24 24 18 0 27 19 4 18
23 28 24 25 5 5 27 16 20 19 19 17 34 20 18 22 14 29 25 5 37 28 12 4 8 29 13 24 24 13 23 7 28 22 36 30 27 0 8 28 24
29 31 21 17 4 13 23 22 25 12 26 21 29 12 19 17 7 25 20 12 30 32 7 11 0 24 12 29 26 21 21 8 20 21 29 23 19 8 0 21 20
42 50 34 9 23 33 32 36 46 19 44 34 15 13 26 9 19 33 13 31 30 51 24 30 21 12 21 49 44 41 20 28 4 22 28 22 4 28 21 0 16
28 51 41 23 19 26 41 23 44 27 32 20 11 22 12 7 23 43 3 23 43 51 27 24 20 7 11 48 46 35 5 28 19 7 41 35 18 24 20 16 0
0 612
300 422
104 226
440 562
255 377
338 460
462 584
249 371
147 269
16 138
31 153
257 379
320 442
10 132
19 141
296 418
174 296
25 147
391 513
332 454
216 338
409 531
449 571
207 329
173 295
46 168
390 512
438 560
260 382
452 574
417 539
72 194
115 237
204 326
299 421
335 457
278 400
274 396
138 260
353 475
382 504
0
26
65
75
72
53
55
40
59
40
42
71
47
71
63
80
17
43
11
36
57
82
64
33
39
66
23
37
40
42
35
75
38
56
29
27
58
59
52
66
56
