41
1300
0 40 20 24 24 18 24 22 22 28 19 2 22 22 34 33 16 43 18 39 10 36 19 33 13 36 17 22 33 5 8 23 36 37 4 40 27 12 37 28 37
40 0 20 16 38 37 33 37 19 12 30 40 24 18 6 18 41 33 43 31 49 28 32 21 40 24 26 31 8 42 32 32 28 16 44 22 27 48 33 26 22
20 20 0 4 26 23 22 24 7 8 17 20 11 4 14 18 25 35 28 31 29 28 19 20 21 25 8 20 15 22 12 21 28 21 24 26 20 30 31 20 24
24 16 4 0 28 26 23 26 7 4 19 24 11 4 10 18 29 35 32 31 33 28 21 20 25 25 11 21 11 26 16 22 28 20 28 26 20 34 31 20 24
24 38 26 28 0 6 5 2 21 29 9 26 36 24 33 21 9 24 9 19 22 18 7 18 37 21 32 7 30 29 25 6 18 24 26 25 12 20 16 13 22
18 37 23 26 6 0 7 4 19 28 7 20 33 22 32 22 4 29 6 24 17 22 5 19 31 22 28 8 29 23 20 7 22 25 20 26 13 15 21 14 23
24 33 22 23 5 7 0 4 16 24 5 26 33 19 28 16 11 22 12 17 24 15 5 13 35 16 29 2 25 29 23 1 15 19 27 20 7 22 14 8 17
22 37 24 26 2 4 4 0 19 28 7 24 34 22 32 20 7 25 8 20 20 19 5 17 35 20 30 6 29 27 23 5 19 23 24 24 11 18 17 12 21
22 19 7 7 21 19 16 19 0 9 12 24 18 3 14 12 22 28 25 24 30 21 14 13 28 18 15 14 12 26 16 15 21 15 26 20 13 29 24 13 17
28 12 8 4 29 28 24 28 9 0 21 28 15 6 6 15 31 32 34 29 37 26 23 18 29 23 15 22 7 30 20 23 26 16 32 22 21 37 31 20 21
19 30 17 19 9 7 5 7 12 21 0 21 28 15 25 16 11 24 13 20 22 17 2 14 30 17 24 3 22 24 18 4 17 20 23 21 8 21 18 9 18
2 40 20 24 26 20 26 24 24 28 21 0 22 23 34 35 18 45 20 41 11 38 21 35 11 38 17 24 34 3 8 25 38 39 4 42 29 13 39 30 39
22 24 11 11 36 33 33 34 18 15 28 22 0 15 19 29 33 46 36 42 32 39 29 31 17 36 5 31 22 23 14 32 39 31 26 37 31 34 42 31 35
22 18 4 4 24 22 19 22 3 6 15 23 15 0 12 14 25 31 28 27 31 24 17 16 25 21 12 17 11 25 15 18 24 17 26 22 16 31 27 16 20
34 6 14 10 33 32 28 32 14 6 25 34 19 12 0 14 36 31 38 28 43 25 27 17 35 22 21 26 4 36 26 27 25 14 38 20 23 43 30 22 20
33 18 18 18 21 22 16 20 12 15 16 35 29 14 14 0 26 17 28 14 38 11 18 3 39 8 26 15 10 38 28 15 11 4 37 8 9 37 16 8 6
16 41 25 29 9 4 11 7 22 31 11 18 33 25 36 26 0 32 3 27 13 26 9 23 29 26 28 12 33 21 20 11 26 29 17 30 17 11 24 18 27
43 33 35 35 24 29 22 25 28 32 24 45 46 31 31 17 32 0 33 5 45 7 26 15 54 10 43 22 27 48 42 22 7 17 47 12 16 43 8 15 11
18 43 28 32 9 6 12 8 25 34 13 20 36 28 38 28 3 33 0 28 13 27 11 25 31 28 31 14 35 23 23 13 27 31 19 32 19 11 25 20 29
39 31 31 31 19 24 17 20 24 29 20 41 42 27 28 14 27 5 28 0 40 3 21 11 50 7 39 17 24 44 38 17 3 15 43 12 12 38 3 11 9
10 49 29 33 22 17 24 20 30 37 22 11 32 31 43 38 13 45 13 40 0 39 21 36 22 39 27 25 42 13 18 24 39 42 8 43 30 2 37 31 40
36 28 28 28 18 22 15 19 21 26 17 38 39 24 25 11 26 7 27 3 39 0 19 8 47 4 36 15 21 41 35 15 0 12 40 9 9 37 5 8 6
19 32 19 21 7 5 5 5 14 23 2 21 29 17 27 18 9 26 11 21 21 19 0 16 30 19 25 4 24 24 19 4 19 22 22 23 10 19 18 11 20
33 21 20 20 18 19 13 17 13 18 14 35 31 16 17 3 23 15 25 11 36 8 16 0 41 5 28 12 13 38 29 12 8 6 37 7 6 34 13 5 4
13 40 21 25 37 31 35 35 28 29 30 11 17 25 35 39 29 54 31 50 22 47 30 41 0 46 14 33 36 9 12 34 47 42 14 47 38 24 48 39 45
36 24 25 25 21 22 16 20 18 23 17 38 36 21 22 8 26 10 28 7 39 4 19 5 46 0 33 15 18 41 34 15 4 8 40 5 9 37 9 8 2
17 26 8 11 32 28 29 30 15 15 24 17 5 12 21 26 28 43 31 39 27 36 25 28 14 33 0 27 22 18 9 28 36 29 21 34 28 29 39 28 32
22 31 20 21 7 8 2 6 14 22 3 24 31 17 26 15 12 22 14 17 25 15 4 12 33 15 27 0 23 27 21 1 15 18 26 19 6 23 15 7 16
33 8 15 11 30 29 25 29 12 7 22 34 22 11 4 10 33 27 35 24 42 21 24 13 36 18 22 23 0 36 26 24 21 10 37 16 19 41 26 18 16
5 42 22 26 29 23 29 27 26 30 24 3 23 25 36 38 21 48 23 44 13 41 24 38 9 41 18 27 36 0 10 28 41 41 5 45 32 15 42 33 42
8 32 12 16 25 20 23 23 16 20 18 8 14 15 26 28 20 42 23 38 18 35 19 29 12 34 9 21 26 10 0 22 35 31 12 36 26 20 36 27 33
23 32 21 22 6 7 1 5 15 23 4 25 32 18 27 15 11 22 13 17 24 15 4 12 34 15 28 1 24 28 22 0 15 18 26 19 6 22 14 7 16
36 28 28 28 18 22 15 19 21 26 17 38 39 24 25 11 26 7 27 3 39 0 19 8 47 4 36 15 21 41 35 15 0 12 40 9 9 37 5 8 6
37 16 21 20 24 25 19 23 15 16 20 39 31 17 14 4 29 17 31 15 42 12 22 6 42 8 29 18 10 41 31 18 12 0 41 6 12 40 17 11 6
4 44 24 28 26 20 27 24 26 32 23 4 26 26 38 37 17 47 19 43 8 40 22 37 14 40 21 26 37 5 12 26 40 41 0 44 31 10 40 32 41
40 22 26 26 25 26 20 24 20 22 21 42 37 22 20 8 30 12 32 12 43 9 23 7 47 5 34 19 16 45 36 19 9 6 44 0 13 41 14 12 3
27 27 20 20 12 13 7 11 13 21 8 29 31 16 23 9 17 16 19 12 30 9 10 6 38 9 28 6 19 32 26 6 9 12 31 13 0 28 11 1 10
12 48 30 34 20 15 22 18 29 37 21 13 34 31 43 37 11 43 11 38 2 37 19 34 24 37 29 23 41 15 20 22 37 40 10 41 28 0 35 29 38
37 33 31 31 16 21 14 17 24 31 18 39 42 27 30 16 24 8 25 3 37 5 18 13 48 9 39 15 26 42 36 14 5 17 40 14 11 35 0 11 11
28 26 20 20 13 14 8 12 13 20 9 30 31 16 22 8 18 15 20 11 31 8 11 5 39 8 28 7 18 33 27 7 8 11 32 12 1 29 11 0 9
37 22 24 24 22 23 17 21 17 21 18 39 35 20 20 6 27 11 29 9 40 6 20 4 45 2 32 16 16 42 33 16 6 6 41 3 10 38 11 9 0
0 587
107 224
101 218
354 471
269 386
35 152
304 421
26 143
327 444
157 274
414 531
93 210
450 567
392 509
213 330
122 239
100 217
156 273
119 236
128 245
185 302
411 528
306 423
61 178
186 303
268 385
426 543
195 312
444 561
334 451
399 516
252 369
230 347
376 493
267 384
55 172
97 214
233 350
291 408
386 503
179 296
0
30
45
35
49
43
50
58
47
24
67
36
47
76
79
58
45
69
41
30
20
37
84
47
65
76
68
43
78
46
61
33
67
51
17
56
27
74
57
17
47
