41
1300
0 32 26 12 32 38 30 9 32 6 5 6 39 7 36 10 10 11 14 41 27 25 24 28 14 16 38 7 26 42 44 6 35 28 13 28 36 13 22 20 30
32 0 11 29 18 18 33 41 23 30 35 26 9 29 12 24 25 40 18 9 50 48 41 29 37 40 25 32 30 31 31 28 20 51 41 21 10 36 20 37 24
26 11 0 19 27 28 38 35 31 22 27 21 20 25 10 21 22 32 13 16 47 45 41 34 34 37 35 28 34 41 41 20 30 48 37 27 21 33 9 26 30
12 29 19 0 37 41 38 19 38 6 11 14 38 17 29 18 18 14 14 35 39 37 35 36 26 28 44 19 35 48 50 6 40 40 25 34 36 25 12 10 37
32 18 27 37 0 6 17 41 5 35 37 26 16 27 30 22 23 43 23 25 39 37 29 13 31 35 8 30 15 14 14 33 3 40 38 6 11 31 34 47 7
38 18 28 41 6 0 23 47 11 40 43 32 12 33 29 28 29 49 27 22 45 43 35 19 37 41 10 36 21 15 15 38 5 46 44 12 8 37 37 51 13
30 33 38 38 17 23 0 34 12 34 35 24 33 23 44 21 20 41 27 41 24 22 14 4 20 24 17 24 4 17 20 32 18 25 28 12 28 21 42 47 10
9 41 35 19 41 47 34 0 40 13 8 15 48 14 45 19 18 11 23 50 23 21 24 33 14 12 46 11 31 49 51 15 44 24 7 36 45 13 30 24 37
32 23 31 38 5 11 12 40 0 36 37 26 21 26 35 22 22 43 24 30 35 33 25 9 29 33 6 29 11 10 12 34 6 36 36 4 16 29 38 48 3
6 30 22 6 35 40 34 13 36 0 5 10 38 13 32 14 14 10 13 38 33 31 30 32 20 22 42 13 31 46 48 2 38 34 19 32 36 19 17 14 34
5 35 27 11 37 43 35 8 37 5 0 11 43 12 37 15 15 6 18 43 30 28 28 33 18 19 43 12 31 47 49 7 40 31 14 33 41 17 22 16 35
6 26 21 14 26 32 24 15 26 10 11 0 33 4 31 4 4 17 8 35 27 25 22 22 13 17 32 7 21 36 38 8 29 28 16 22 30 13 21 23 24
39 9 20 38 16 12 33 48 21 38 43 33 0 35 18 30 31 48 25 10 54 52 44 29 42 46 21 38 31 27 27 36 16 55 47 21 5 42 29 46 23
7 29 25 17 27 33 23 14 26 13 12 4 35 0 35 5 4 18 12 38 23 21 18 21 9 13 32 3 19 35 38 11 30 24 12 22 32 9 25 26 23
36 12 10 29 30 29 44 45 35 32 37 31 18 35 0 31 32 42 23 9 57 55 51 40 44 47 37 38 41 43 43 30 32 58 47 33 21 43 17 34 36
10 24 21 18 22 28 21 19 22 14 15 4 30 5 31 0 1 21 8 33 26 24 20 18 13 16 28 8 17 32 34 12 25 27 17 18 27 12 23 27 20
10 25 22 18 23 29 20 18 22 14 15 4 31 4 32 1 0 21 9 34 25 23 19 18 12 15 28 7 17 32 34 12 26 26 16 18 28 11 24 27 20
11 40 32 14 43 49 41 11 43 10 6 17 48 18 42 21 21 0 23 48 34 32 33 39 23 23 49 18 37 53 55 12 46 35 18 39 46 22 26 14 41
14 18 13 14 23 27 27 23 24 13 18 8 25 12 23 8 9 23 0 27 34 32 28 24 21 24 30 15 23 34 36 11 26 35 24 20 23 20 15 24 23
41 9 16 35 25 22 41 50 30 38 43 35 10 38 9 33 34 48 27 0 59 57 50 37 46 49 31 41 39 37 37 36 26 60 50 29 15 45 25 42 32
27 50 47 39 39 45 24 23 35 33 30 27 54 23 57 26 25 34 34 59 0 2 10 26 14 11 41 20 24 41 44 33 41 1 16 34 49 14 48 46 32
25 48 45 37 37 43 22 21 33 31 28 25 52 21 55 24 23 32 32 57 2 0 8 24 12 9 39 18 22 39 42 31 39 3 14 32 47 12 46 44 30
24 41 41 35 29 35 14 24 25 30 28 22 44 18 51 20 19 33 28 50 10 8 0 16 10 12 31 17 14 31 34 29 31 11 17 24 39 11 43 44 22
28 29 34 36 13 19 4 33 9 32 33 22 29 21 40 18 18 39 24 37 26 24 16 0 20 24 15 22 2 16 18 30 15 27 28 8 24 21 39 45 6
14 37 34 26 31 37 20 14 29 20 18 13 42 9 44 13 12 23 21 46 14 12 10 20 0 4 35 7 18 36 38 20 33 15 8 25 38 1 34 34 26
16 40 37 28 35 41 24 12 33 22 19 17 46 13 47 16 15 23 24 49 11 9 12 24 4 0 39 10 22 40 42 22 37 12 5 29 42 4 38 35 30
38 25 35 44 8 10 17 46 6 42 43 32 21 32 37 28 28 49 30 31 41 39 31 15 35 39 0 35 17 6 6 40 5 42 42 10 16 35 42 54 9
7 32 28 19 30 36 24 11 29 13 12 7 38 3 38 8 7 18 15 41 20 18 17 22 7 10 35 0 21 38 40 13 33 21 9 25 35 6 28 27 26
26 30 34 35 15 21 4 31 11 31 31 21 31 19 41 17 17 37 23 39 24 22 14 2 18 22 17 21 0 18 20 29 17 25 26 10 26 19 38 44 8
42 31 41 48 14 15 17 49 10 46 47 36 27 35 43 32 32 53 34 37 41 39 31 16 36 40 6 38 18 0 3 44 11 42 44 14 22 37 48 58 12
44 31 41 50 14 15 20 51 12 48 49 38 27 38 43 34 34 55 36 37 44 42 34 18 38 42 6 40 20 3 0 46 11 45 46 16 22 39 48 60 15
6 28 20 6 33 38 32 15 34 2 7 8 36 11 30 12 12 12 11 36 33 31 29 30 20 22 40 13 29 44 46 0 36 34 19 30 34 19 16 15 32
35 20 30 40 3 5 18 44 6 38 40 29 16 30 32 25 26 46 26 26 41 39 31 15 33 37 5 33 17 11 11 36 0 42 41 8 11 34 37 50 9
28 51 48 40 40 46 25 24 36 34 31 28 55 24 58 27 26 35 35 60 1 3 11 27 15 12 42 21 25 42 45 34 42 0 17 35 50 15 49 47 33
13 41 37 25 38 44 28 7 36 19 14 16 47 12 47 17 16 18 24 50 16 14 17 28 8 5 42 9 26 44 46 19 41 17 0 33 44 7 35 30 33
28 21 27 34 6 12 12 36 4 32 33 22 21 22 33 18 18 39 20 29 34 32 24 8 25 29 10 25 10 14 16 30 8 35 33 0 16 26 34 44 3
36 10 21 36 11 8 28 45 16 36 41 30 5 32 21 27 28 46 23 15 49 47 39 24 38 42 16 35 26 22 22 34 11 50 44 16 0 38 30 45 18
13 36 33 25 31 37 21 13 29 19 17 13 42 9 43 12 11 22 20 45 14 12 11 21 1 4 35 6 19 37 39 19 34 15 7 26 38 0 34 33 26
22 20 9 12 34 37 42 30 38 17 22 21 29 25 17 23 24 26 15 25 48 46 43 39 34 38 42 28 38 48 48 16 37 49 35 34 30 34 0 17 37
20 37 26 10 47 51 47 24 48 14 16 23 46 26 34 27 27 14 24 42 46 44 44 45 34 35 54 27 44 58 60 15 50 47 30 44 45 33 17 0 47
30 24 30 37 7 13 10 37 3 34 35 24 23 23 36 20 20 41 23 32 32 30 22 6 26 30 9 26 8 12 15 32 9 33 33 3 18 26 37 47 0
0 342
266 266
133 133
35 35
218 218
299 299
115 115
26 26
90 90
13 13
180 180
310 310
200 200
60 60
311 311
108 108
77 77
120 120
290 290
120 120
202 202
254 254
7 7
321 321
99 99
97 97
175 175
224 224
162 162
207 207
199 199
306 306
328 328
2 2
127 127
2 2
109 109
288 288
263 263
283 283
103 103
0
47
51
26
55
23
74
46
12
70
21
59
56
50
84
76
55
55
20
62
66
42
60
40
52
32
53
26
16
85
84
34
43
48
55
49
33
70
71
54
45
