41
1302
0 28 23 21 41 19 39 25 34 39 33 28 25 41 19 19 37 8 18 7 28 17 29 20 17 31 24 15 42 21 5 14 8 20 34 6 25 4 21 34 37
28 0 16 39 18 28 14 25 13 15 6 21 13 13 18 18 13 33 38 32 19 17 26 25 25 14 6 17 24 8 29 21 20 13 17 27 27 26 17 16 16
23 16 0 43 34 13 30 34 29 17 22 33 3 24 27 27 15 24 41 30 5 25 36 9 11 29 10 23 40 18 27 27 19 22 32 18 36 19 26 12 15
21 39 43 0 44 40 44 20 39 54 42 26 44 51 22 22 52 27 4 14 48 22 24 41 38 35 39 22 42 31 16 18 24 26 36 27 18 25 24 52 53
41 18 34 44 0 46 4 24 7 27 12 18 31 17 24 24 26 48 46 42 37 25 23 43 43 11 24 26 8 20 39 30 33 21 8 42 27 41 22 32 29
19 28 13 40 46 0 42 40 40 30 34 41 16 37 32 32 28 17 37 26 14 30 43 4 3 39 22 28 50 27 24 31 21 30 42 13 42 15 34 24 27
39 14 30 44 4 42 0 24 6 23 8 18 27 13 23 23 22 46 45 41 33 24 23 39 39 10 20 25 11 18 38 29 31 20 8 40 27 39 21 28 25
25 25 34 20 24 40 24 0 19 40 26 6 33 35 8 8 38 33 22 22 39 10 4 39 37 15 26 12 22 17 21 11 20 12 16 30 3 28 8 39 40
34 13 29 39 7 40 6 19 0 25 9 13 26 17 17 17 24 41 39 35 32 18 18 38 37 4 19 19 11 13 32 23 26 14 4 35 22 34 15 29 27
39 15 17 54 27 30 23 40 25 0 16 36 14 10 33 33 2 41 53 44 17 32 41 26 28 27 15 32 34 23 41 36 32 28 29 35 42 35 32 7 4
33 6 22 42 12 34 8 26 9 16 0 20 19 9 21 21 15 39 42 36 25 20 25 31 31 11 12 21 19 12 33 25 25 16 13 33 28 32 19 20 18
28 21 33 26 18 41 18 6 13 36 20 0 31 29 9 9 34 35 28 27 37 11 5 40 38 9 24 13 16 15 24 14 21 11 10 31 9 29 7 37 37
25 13 3 44 31 16 27 33 26 14 19 31 0 21 26 26 12 27 42 32 6 24 35 12 14 26 7 23 37 16 29 27 20 21 29 21 35 21 25 9 12
41 13 24 51 17 37 13 35 17 10 9 29 21 0 30 30 10 45 50 44 25 29 34 33 35 20 17 29 24 20 41 33 33 25 21 39 37 38 28 16 13
19 18 27 22 24 32 23 8 17 33 21 9 26 30 0 0 31 26 22 19 32 2 11 31 29 13 19 4 24 10 16 6 12 5 16 22 10 20 2 32 33
19 18 27 22 24 32 23 8 17 33 21 9 26 30 0 0 31 26 22 19 32 2 11 31 29 13 19 4 24 10 16 6 12 5 16 22 10 20 2 32 33
37 13 15 52 26 28 22 38 24 2 15 34 12 10 31 31 0 39 51 42 15 30 39 24 26 26 13 30 33 21 39 34 30 26 28 33 40 33 30 6 3
8 33 24 27 48 17 46 33 41 41 39 35 27 45 26 26 39 0 24 13 29 24 37 19 16 38 28 22 49 28 13 22 15 27 41 6 33 7 28 36 39
18 38 41 4 46 37 45 22 39 53 42 28 42 50 22 22 51 24 0 11 46 22 26 38 35 35 38 21 44 30 14 17 22 26 38 24 20 22 24 51 52
7 32 30 14 42 26 41 22 35 44 36 27 32 44 19 19 42 13 11 0 35 17 26 27 24 32 29 16 43 24 3 13 12 21 35 13 22 11 21 41 43
28 19 5 48 37 14 33 39 32 17 25 37 6 25 32 32 15 29 46 35 0 30 41 10 13 32 13 28 43 22 32 32 24 27 35 23 41 24 31 10 13
17 17 25 22 25 30 24 10 18 32 20 11 24 29 2 2 30 24 22 17 30 0 13 29 27 15 18 2 26 9 14 5 10 4 18 20 12 18 4 31 32
29 26 36 24 23 43 23 4 18 41 25 5 35 34 11 11 39 37 26 26 41 13 0 42 40 14 28 15 19 19 25 15 23 14 15 33 6 31 10 41 42
20 25 9 41 43 4 39 39 38 26 31 40 12 33 31 31 24 19 38 27 10 29 42 0 3 38 19 27 49 26 25 31 21 29 41 15 41 16 33 20 23
17 25 11 38 43 3 39 37 37 28 31 38 14 35 29 29 26 16 35 24 13 27 40 3 0 36 19 25 47 24 22 28 18 27 39 12 39 13 31 23 26
31 14 29 35 11 39 10 15 4 27 11 9 26 20 13 13 26 38 35 32 32 15 14 38 36 0 19 16 11 12 29 19 23 11 3 33 18 31 11 30 29
24 6 10 39 24 22 20 26 19 15 12 24 7 17 19 19 13 28 38 29 13 18 28 19 19 19 0 17 30 9 26 21 17 14 22 22 28 21 18 13 14
15 17 23 22 26 28 25 12 19 32 21 13 23 29 4 4 30 22 21 16 28 2 15 27 25 16 17 0 27 9 13 4 8 5 19 18 14 16 6 30 31
42 24 40 42 8 50 11 22 11 34 19 16 37 24 24 24 33 49 44 43 43 26 19 49 47 11 30 27 0 23 40 30 34 22 8 44 25 42 22 39 36
21 8 18 31 20 27 18 17 13 23 12 15 16 20 10 10 21 28 30 24 22 9 19 26 24 12 9 9 23 0 21 13 13 5 15 22 19 21 9 22 23
5 29 27 16 39 24 38 21 32 41 33 24 29 41 16 16 39 13 14 3 32 14 25 25 22 29 26 13 40 21 0 10 9 18 32 11 20 9 18 38 40
14 21 27 18 30 31 29 11 23 36 25 14 27 33 6 6 34 22 17 13 32 5 15 31 28 19 21 4 30 13 10 0 10 9 22 19 11 17 8 34 35
8 20 19 24 33 21 31 20 26 32 25 21 20 33 12 12 30 15 22 12 24 10 23 21 18 23 17 8 34 13 9 10 0 12 26 10 21 8 14 29 31
20 13 22 26 21 30 20 12 14 28 16 11 21 25 5 5 26 27 26 21 27 4 14 29 27 11 14 5 22 5 18 9 12 0 14 22 14 20 4 27 28
34 17 32 36 8 42 8 16 4 29 13 10 29 21 16 16 28 41 38 35 35 18 15 41 39 3 22 19 8 15 32 22 26 14 0 36 19 34 14 32 31
6 27 18 27 42 13 40 30 35 35 33 31 21 39 22 22 33 6 24 13 23 20 33 15 12 33 22 18 44 22 11 19 10 22 36 0 30 2 24 30 33
25 27 36 18 27 42 27 3 22 42 28 9 35 37 10 10 40 33 20 22 41 12 6 41 39 18 28 14 25 19 20 11 21 14 19 30 0 28 10 41 42
4 26 19 25 41 15 39 28 34 35 32 29 21 38 20 20 33 7 22 11 24 18 31 16 13 31 21 16 42 21 9 17 8 20 34 2 28 0 22 30 33
21 17 26 24 22 34 21 8 15 32 19 7 25 28 2 2 30 28 24 21 31 4 10 33 31 11 18 6 22 9 18 8 14 4 14 24 10 22 0 31 32
34 16 12 52 32 24 28 39 29 7 20 37 9 16 32 32 6 36 51 41 10 31 41 20 23 30 13 30 39 22 38 34 29 27 32 30 41 30 31 0 3
37 16 15 53 29 27 25 40 27 4 18 37 12 13 33 33 3 39 52 43 13 32 42 23 26 29 14 31 36 23 40 35 31 28 31 33 42 33 32 3 0
0 440
212 256
244 288
354 398
115 159
233 277
233 277
378 422
383 427
178 222
249 293
164 208
27 71
341 385
273 317
44 88
348 392
302 346
269 313
380 424
341 385
32 76
15 59
282 326
346 390
207 251
64 108
376 420
141 185
53 97
101 145
292 336
48 92
301 345
347 391
370 414
325 369
295 339
283 327
384 428
37 81
0
36
46
52
78
60
29
22
75
38
52
42
40
77
39
38
64
47
40
33
18
46
73
67
63
25
33
81
77
51
58
45
70
31
64
71
57
12
66
28
58
