41
1302
0 3 51 12 50 14 36 30 15 24 9 44 55 31 30 31 4 27 7 55 58 7 46 18 29 15 7 16 33 12 10 42 12 21 46 11 44 19 17 9 43
3 0 53 13 52 17 38 32 18 26 12 43 57 34 31 34 2 28 8 57 60 10 47 21 29 18 10 19 35 14 10 43 11 20 49 14 47 22 19 8 46
51 53 0 42 12 42 15 21 37 27 43 40 12 21 30 21 55 32 46 4 8 46 18 34 38 39 44 37 20 39 46 21 48 43 17 41 8 37 34 49 25
12 13 42 0 40 17 27 21 11 15 11 33 45 26 18 26 15 15 5 46 48 13 34 14 17 16 9 13 23 4 4 30 6 11 41 10 36 18 8 7 39
50 52 12 40 0 44 17 22 36 26 42 29 5 27 22 27 54 25 45 15 11 45 6 35 29 41 43 38 17 38 44 10 43 36 28 40 17 41 33 46 34
14 17 42 17 44 0 28 23 8 18 8 48 49 21 31 21 18 28 17 46 50 7 42 9 33 3 10 6 27 13 20 40 22 28 35 7 34 5 15 20 29
36 38 15 27 17 28 0 6 22 12 28 34 21 10 18 10 40 19 31 19 22 31 17 19 25 25 29 22 6 24 31 16 33 30 19 26 10 24 19 34 22
30 32 21 21 22 23 6 0 16 6 22 33 26 8 15 8 34 15 25 25 28 25 20 14 21 20 23 17 5 18 25 18 27 25 22 20 15 19 13 28 22
15 18 37 11 36 8 22 16 0 10 6 40 41 16 23 16 19 20 14 41 44 9 34 3 25 5 8 2 19 7 15 32 17 22 31 4 29 7 7 17 28
24 26 27 15 26 18 12 6 10 0 16 33 31 11 15 11 28 13 19 31 34 19 24 9 19 15 17 12 9 12 19 22 21 20 26 14 21 15 7 22 25
9 12 43 11 42 8 28 22 6 16 0 43 47 22 27 22 13 24 9 47 50 3 40 9 27 7 2 7 25 7 12 37 14 22 37 2 35 11 11 12 34
44 43 40 33 29 48 34 33 40 33 43 0 33 41 18 41 45 20 37 44 40 46 23 41 16 45 42 42 28 36 34 19 32 23 52 42 41 47 33 35 55
55 57 12 45 5 49 21 26 41 31 47 33 0 30 27 30 59 30 50 13 7 50 11 40 34 46 48 43 22 43 49 15 48 41 29 45 19 45 38 51 36
31 34 21 26 27 21 10 8 16 11 22 41 30 0 23 0 35 23 29 25 29 25 27 13 29 18 24 16 13 22 30 26 32 31 15 20 13 16 18 32 14
30 31 30 18 22 31 18 15 23 15 27 18 27 23 0 23 33 3 23 34 33 30 16 24 8 28 26 25 12 20 22 12 21 14 37 25 27 30 16 24 37
31 34 21 26 27 21 10 8 16 11 22 41 30 0 23 0 35 23 29 25 29 25 27 13 29 18 24 16 13 22 30 26 32 31 15 20 13 16 18 32 14
4 2 55 15 54 18 40 34 19 28 13 45 59 35 33 35 0 30 10 59 62 11 49 22 31 19 11 20 37 16 12 45 13 22 50 15 48 23 21 10 47
27 28 32 15 25 28 19 15 20 13 24 20 30 23 3 23 30 0 20 36 36 27 19 21 6 25 23 22 13 17 19 15 18 11 37 22 28 27 13 21 37
7 8 46 5 45 17 31 25 14 19 9 37 50 29 23 29 10 20 0 50 53 11 39 17 22 16 7 16 28 7 3 35 5 14 44 11 40 20 12 3 42
55 57 4 46 15 46 19 25 41 31 47 44 13 25 34 25 59 36 50 0 7 50 21 38 42 43 48 41 24 43 50 25 52 47 18 45 12 41 38 53 26
58 60 8 48 11 50 22 28 44 34 50 40 7 29 33 29 62 36 53 7 0 53 17 41 40 47 51 44 25 46 52 21 53 47 25 48 16 45 41 55 33
7 10 46 13 45 7 31 25 9 19 3 46 50 25 30 25 11 27 11 50 53 0 43 12 30 8 4 9 28 10 14 40 16 24 40 5 38 12 14 14 36
46 47 18 34 6 42 17 20 34 24 40 23 11 27 16 27 49 19 39 21 17 43 0 33 23 39 41 36 15 35 38 4 37 30 31 38 20 39 30 40 37
18 21 34 14 35 9 19 14 3 9 9 41 40 13 24 13 22 21 17 38 41 12 33 0 27 6 11 3 18 10 18 31 20 24 28 7 26 6 9 20 25
29 29 38 17 29 33 25 21 25 19 27 16 34 29 8 29 31 6 22 42 40 30 23 27 0 30 26 27 19 20 19 19 18 9 43 26 34 32 18 21 43
15 18 39 16 41 3 25 20 5 15 7 45 46 18 28 18 19 25 16 43 47 8 39 6 30 0 9 3 24 12 19 37 21 27 33 6 31 4 12 19 28
7 10 44 9 43 10 29 23 8 17 2 42 48 24 26 24 11 23 7 48 51 4 41 11 26 9 0 9 26 6 10 37 12 20 39 4 37 13 11 10 36
16 19 37 13 38 6 22 17 2 12 7 42 43 16 25 16 20 22 16 41 44 9 36 3 27 3 9 0 21 9 17 34 19 24 31 5 29 5 9 19 27
33 35 20 23 17 27 6 5 19 9 25 28 22 13 12 13 37 13 28 24 25 28 15 18 19 24 26 21 0 21 27 13 28 24 25 23 15 24 16 30 27
12 14 39 4 38 13 24 18 7 12 7 36 43 22 20 22 16 17 7 43 46 10 35 10 20 12 6 9 21 0 8 31 10 15 37 6 33 14 5 10 35
10 10 46 4 44 20 31 25 15 19 12 34 49 30 22 30 12 19 3 50 52 14 38 18 19 19 10 17 27 8 0 34 2 11 45 13 40 22 12 3 43
42 43 21 30 10 40 16 18 32 22 37 19 15 26 12 26 45 15 35 25 21 40 4 31 19 37 37 34 13 31 34 0 33 26 33 35 22 37 26 36 38
12 11 48 6 43 22 33 27 17 21 14 32 48 32 21 32 13 18 5 52 53 16 37 20 18 21 12 19 28 10 2 33 0 9 47 15 42 24 14 3 45
21 20 43 11 36 28 30 25 22 20 22 23 41 31 14 31 22 11 14 47 47 24 30 24 9 27 20 24 24 15 11 26 9 0 46 21 39 29 15 12 45
46 49 17 41 28 35 19 22 31 26 37 52 29 15 37 15 50 37 44 18 25 40 31 28 43 33 39 31 25 37 45 33 47 46 0 35 11 30 33 47 8
11 14 41 10 40 7 26 20 4 14 2 42 45 20 25 20 15 22 11 45 48 5 38 7 26 6 4 5 23 6 13 35 15 21 35 0 33 10 9 14 32
44 47 8 36 17 34 10 15 29 21 35 41 19 13 27 13 48 28 40 12 16 38 20 26 34 31 37 29 15 33 40 22 42 39 11 33 0 29 28 43 17
19 22 37 18 41 5 24 19 7 15 11 47 45 16 30 16 23 27 20 41 45 12 39 6 32 4 13 5 24 14 22 37 24 29 30 10 29 0 14 23 24
17 19 34 8 33 15 19 13 7 7 11 33 38 18 16 18 21 13 12 38 41 14 30 9 18 12 11 9 16 5 12 26 14 15 33 9 28 14 0 15 32
9 8 49 7 46 20 34 28 17 22 12 35 51 32 24 32 10 21 3 53 55 14 40 20 21 19 10 19 30 10 3 36 3 12 47 14 43 23 15 0 45
43 46 25 39 34 29 22 22 28 25 34 55 36 14 37 14 47 37 42 26 33 36 37 25 43 28 36 27 27 35 43 38 45 45 8 32 17 24 32 45 0
0 391
163 202
32 71
117 156
202 241
249 288
116 155
296 335
29 68
162 201
108 147
123 162
319 358
174 213
80 119
65 104
290 329
206 245
273 312
194 233
277 316
279 318
225 264
32 71
161 200
152 191
19 58
17 56
327 366
311 350
128 167
234 273
289 328
224 263
285 324
305 344
94 133
105 144
88 127
190 229
112 151
0
62
26
39
68
56
61
40
34
41
61
68
66
29
57
54
46
68
48
54
30
17
71
74
33
68
43
59
62
46
65
27
41
63
60
48
75
27
18
20
77
