41
1299
0 23 9 36 25 27 39 34 31 30 13 11 21 14 43 11 17 26 9 38 41 36 31 6 39 28 33 36 30 31 40 32 20 33 50 35 13 27 34 13 10
23 0 26 13 3 29 16 16 8 18 22 31 11 10 21 24 21 32 24 25 20 22 11 23 17 23 19 17 16 11 25 9 10 35 29 37 15 29 12 18 25
9 26 0 39 29 36 42 40 34 37 7 5 19 20 47 20 26 35 2 45 46 32 30 4 43 36 40 34 37 37 47 33 19 42 55 44 21 36 38 9 3
36 13 39 0 11 34 3 13 5 20 35 44 21 22 11 36 32 38 37 24 12 23 12 36 9 27 19 14 18 10 22 7 21 39 20 41 27 34 6 31 38
25 3 29 11 0 27 14 13 6 15 25 34 14 11 18 25 21 30 27 22 17 24 13 25 14 20 16 19 13 8 22 10 13 32 26 34 16 27 9 21 28
27 29 36 34 27 0 37 22 32 14 38 38 37 21 34 16 10 4 35 18 31 51 40 32 30 7 18 46 16 24 22 37 35 6 40 8 16 0 28 36 36
39 16 42 3 14 37 0 16 8 23 37 47 23 25 11 39 35 41 40 27 13 23 13 39 10 30 22 14 21 13 25 9 23 42 19 44 30 37 9 33 41
34 16 40 13 13 22 16 0 13 8 38 45 27 20 12 31 24 26 39 11 9 34 23 36 8 15 6 27 6 5 9 18 26 27 18 29 22 22 7 34 40
31 8 34 5 6 32 8 13 0 18 30 39 17 17 14 31 27 36 32 24 14 21 10 31 11 25 18 14 16 8 22 5 17 37 23 39 22 32 6 26 33
30 18 37 20 15 14 23 8 18 0 37 41 29 17 20 24 16 18 36 8 17 39 28 33 16 7 4 32 2 10 10 23 28 19 26 21 17 14 14 33 37
13 22 7 35 25 38 37 38 30 37 0 12 14 20 43 24 28 39 5 45 42 26 25 7 39 37 39 29 36 33 46 28 14 44 51 46 22 38 34 4 4
11 31 5 44 34 38 47 45 39 41 12 0 24 25 52 22 28 37 7 49 51 37 35 9 48 39 44 39 41 42 51 38 24 44 60 46 24 38 43 14 8
21 11 19 21 14 37 23 27 17 29 14 24 0 16 31 29 27 38 17 36 31 15 11 18 28 33 30 15 27 22 36 14 2 43 40 45 21 37 23 10 18
14 10 20 22 11 21 25 20 17 17 20 25 16 0 29 14 11 22 19 25 27 31 21 16 25 18 20 27 17 17 27 19 14 27 36 29 5 21 20 16 20
43 21 47 11 18 34 11 12 14 20 43 52 31 29 0 42 35 38 45 20 3 34 23 43 4 27 17 25 18 12 16 18 31 39 9 40 33 34 9 39 46
11 24 20 36 25 16 39 31 31 24 24 22 29 14 42 0 8 15 20 30 40 44 35 17 38 19 28 41 25 30 34 33 27 22 49 24 9 16 33 24 21
17 21 26 32 21 10 35 24 27 16 28 28 27 11 35 8 0 11 25 22 33 42 32 22 31 11 20 38 18 23 26 30 25 16 42 18 6 10 27 26 26
26 32 35 38 30 4 41 26 36 18 39 37 38 22 38 15 11 0 35 22 35 53 43 32 34 11 22 49 20 28 26 40 36 7 44 9 17 4 32 37 36
9 24 2 37 27 35 40 39 32 36 5 7 17 19 45 20 25 35 0 44 44 30 28 3 41 35 39 32 36 35 46 31 17 41 53 43 20 35 36 7 1
38 25 45 24 22 18 27 11 24 8 45 49 36 25 20 30 22 22 44 0 17 45 34 41 18 11 6 38 9 16 4 29 35 20 23 20 25 18 18 41 45
41 20 46 12 17 31 13 9 14 17 42 51 31 27 3 40 33 35 44 17 0 35 24 42 3 24 14 26 15 10 13 19 30 36 9 37 31 31 8 38 45
36 22 32 23 24 51 23 34 21 39 26 37 15 31 34 44 42 53 30 45 35 0 11 31 32 44 39 9 37 29 43 16 17 56 42 58 36 51 27 23 30
31 11 30 12 13 40 13 23 10 28 25 35 11 21 23 35 32 43 28 34 24 11 0 29 21 33 28 6 26 18 32 5 12 45 32 47 26 40 16 21 29
6 23 4 36 25 32 39 36 31 33 7 9 18 16 43 17 22 32 3 41 42 31 29 0 39 32 36 33 33 33 43 31 17 38 51 40 17 32 34 8 4
39 17 43 9 14 30 10 8 11 16 39 48 28 25 4 38 31 34 41 18 3 32 21 39 0 23 14 23 14 8 15 16 27 35 12 37 29 30 5 35 42
28 23 36 27 20 7 30 15 25 7 37 39 33 18 27 19 11 11 35 11 24 44 33 32 23 0 11 39 9 17 15 30 31 12 33 14 15 7 21 34 36
33 19 40 19 16 18 22 6 18 4 39 44 30 20 17 28 20 22 39 6 14 39 28 36 14 11 0 32 3 10 7 23 29 22 22 23 20 18 13 36 40
36 17 34 14 19 46 14 27 14 32 29 39 15 27 25 41 38 49 32 38 26 9 6 33 23 39 32 0 30 22 36 9 17 51 33 53 32 46 20 25 33
30 16 37 18 13 16 21 6 16 2 36 41 27 17 18 25 18 20 36 9 15 37 26 33 14 9 3 30 0 8 10 21 26 21 24 23 17 16 12 33 37
31 11 37 10 8 24 13 5 8 10 33 42 22 17 12 30 23 28 35 16 10 29 18 33 8 17 10 22 8 0 14 13 21 29 19 31 21 24 4 29 36
40 25 47 22 22 22 25 9 22 10 46 51 36 27 16 34 26 26 46 4 13 43 32 43 15 15 7 36 10 14 0 27 35 24 19 24 27 22 16 43 47
32 9 33 7 10 37 9 18 5 23 28 38 14 19 18 33 30 40 31 29 19 16 5 31 16 30 23 9 21 13 27 0 14 42 27 44 24 37 11 24 32
20 10 19 21 13 35 23 26 17 28 14 24 2 14 31 27 25 36 17 35 30 17 12 17 27 31 29 17 26 21 35 14 0 41 39 43 19 35 22 10 18
33 35 42 39 32 6 42 27 37 19 44 44 43 27 39 22 16 7 41 20 36 56 45 38 35 12 22 51 21 29 24 42 41 0 43 2 22 6 33 42 42
50 29 55 20 26 40 19 18 23 26 51 60 40 36 9 49 42 44 53 23 9 42 32 51 12 33 22 33 24 19 19 27 39 43 0 43 40 40 17 47 54
35 37 44 41 34 8 44 29 39 21 46 46 45 29 40 24 18 9 43 20 37 58 47 40 37 14 23 53 23 31 24 44 43 2 43 0 24 8 35 44 44
13 15 21 27 16 16 30 22 22 17 22 24 21 5 33 9 6 17 20 25 31 36 26 17 29 15 20 32 17 21 27 24 19 22 40 24 0 16 24 20 21
27 29 36 34 27 0 37 22 32 14 38 38 37 21 34 16 10 4 35 18 31 51 40 32 30 7 18 46 16 24 22 37 35 6 40 8 16 0 28 36 36
34 12 38 6 9 28 9 7 6 14 34 43 23 20 9 33 27 32 36 18 8 27 16 34 5 21 13 20 12 4 16 11 22 33 17 35 24 28 0 30 37
13 18 9 31 21 36 33 34 26 33 4 14 10 16 39 24 26 37 7 41 38 23 21 8 35 34 36 25 33 29 43 24 10 42 47 44 20 36 30 0 8
10 25 3 38 28 36 41 40 33 37 4 8 18 20 46 21 26 36 1 45 45 30 29 4 42 36 40 33 37 36 47 32 18 42 54 44 21 36 37 8 0
0 269
85 111
182 208
241 267
7 33
62 88
218 244
65 91
58 84
167 193
239 265
214 240
80 106
224 250
173 199
235 261
151 177
108 134
151 177
79 105
116 142
90 116
21 47
223 249
195 221
86 112
107 133
98 124
125 151
49 75
108 134
227 253
20 46
179 205
104 130
22 48
178 204
130 156
45 71
211 237
175 201
0
45
86
63
65
55
52
65
75
81
28
35
52
61
21
35
84
15
52
34
47
36
22
70
31
62
58
71
26
46
35
49
47
56
45
11
64
41
51
70
56
