41
1301
0 34 6 36 22 25 32 20 39 32 14 7 10 20 45 33 10 19 42 17 2 48 35 20 12 5 33 35 19 29 9 32 38 28 2 15 35 30 14 2 15
34 0 36 51 43 9 43 28 33 3 28 36 24 28 29 18 24 15 20 22 36 30 45 17 35 32 53 2 17 24 30 2 43 20 36 22 10 25 20 32 22
6 36 0 30 16 27 26 18 37 34 12 12 15 18 43 33 12 21 42 22 6 46 29 20 6 4 27 37 24 27 15 34 33 27 6 15 39 28 18 5 15
36 51 30 0 14 47 8 24 28 48 26 42 42 24 38 36 37 42 44 49 36 41 7 35 25 32 7 53 48 28 45 51 12 31 36 33 59 28 43 35 33
22 43 16 14 0 37 11 15 30 40 15 28 29 15 39 31 24 31 40 36 22 42 14 26 11 18 11 45 36 24 31 42 19 25 22 22 49 25 30 21 22
25 9 27 47 37 0 39 23 35 8 22 27 15 23 33 20 15 6 25 13 27 35 42 12 28 23 47 10 8 24 21 7 42 20 27 15 12 25 11 23 15
32 43 26 8 11 39 0 16 21 40 20 38 36 16 31 28 31 34 36 41 32 34 3 27 20 27 12 45 40 20 40 43 8 23 32 25 51 20 35 30 25
20 28 18 24 15 23 16 0 19 25 6 27 20 0 25 16 15 18 25 25 21 28 19 11 12 15 25 30 24 9 26 27 19 10 21 9 35 10 19 18 9
39 33 37 28 30 35 21 19 0 30 25 46 37 19 10 15 32 32 18 42 40 13 21 24 31 34 33 34 39 11 43 33 16 15 40 26 42 10 36 37 26
32 3 34 48 40 8 40 25 30 0 25 35 23 25 27 15 22 13 18 21 34 28 42 14 32 30 50 5 16 21 29 3 40 17 34 19 12 22 19 30 19
14 28 12 26 15 22 20 6 25 25 0 21 16 6 31 21 11 16 30 23 15 34 23 11 7 9 25 30 22 15 21 27 25 15 15 7 34 16 17 12 7
7 36 12 42 28 27 38 27 46 35 21 0 12 27 52 39 15 22 48 16 6 55 41 26 18 12 39 37 20 36 7 34 45 34 6 21 36 37 16 9 21
10 24 15 42 29 15 36 20 37 23 16 12 0 20 42 29 5 10 37 7 12 45 39 15 18 12 40 25 9 26 6 22 39 24 12 11 25 27 4 10 11
20 28 18 24 15 23 16 0 19 25 6 27 20 0 25 16 15 18 25 25 21 28 19 11 12 15 25 30 24 9 26 27 19 10 21 9 35 10 19 18 9
45 29 43 38 39 33 31 25 10 27 31 52 42 25 0 13 37 34 10 44 46 3 31 27 37 40 43 30 40 16 48 30 26 18 46 31 39 15 39 43 31
33 18 33 36 31 20 28 16 15 15 21 39 29 16 13 0 24 21 9 31 35 16 29 14 28 30 39 19 27 9 35 18 27 6 35 18 27 8 26 31 18
10 24 12 37 24 15 31 15 32 22 11 15 5 15 37 24 0 9 33 12 12 40 34 11 14 8 35 25 12 21 11 22 34 19 12 6 27 22 6 8 6
19 15 21 42 31 6 34 18 32 13 16 22 10 18 34 21 9 0 28 10 21 37 37 8 22 17 41 16 7 21 16 13 37 18 21 9 18 22 6 17 9
42 20 42 44 40 25 36 25 18 18 30 48 37 25 10 9 33 28 0 38 44 10 37 22 37 39 47 20 33 17 43 21 33 15 44 27 30 16 34 40 27
17 22 22 49 36 13 41 25 42 21 23 16 7 25 44 31 12 10 38 0 19 47 44 18 25 19 47 23 5 31 9 20 44 28 19 16 20 32 6 17 16
2 36 6 36 22 27 32 21 40 34 15 6 12 21 46 35 12 21 44 19 0 49 35 22 12 6 33 37 21 30 11 34 39 30 0 17 37 31 16 4 17
48 30 46 41 42 35 34 28 13 28 34 55 45 28 3 16 40 37 10 47 49 0 34 30 40 43 46 30 43 19 51 31 29 21 49 34 40 18 42 46 34
35 45 29 7 14 42 3 19 21 42 23 41 39 19 31 29 34 37 37 44 35 34 0 30 23 30 12 47 43 21 43 45 6 25 35 28 54 21 38 33 28
20 17 20 35 26 12 27 11 24 14 11 26 15 11 27 14 11 8 22 18 22 30 30 0 18 17 36 19 15 13 21 16 30 10 22 5 24 14 12 18 5
12 35 6 25 11 28 20 12 31 32 7 18 18 12 37 28 14 22 37 25 12 40 23 18 0 7 22 37 26 21 20 34 27 22 12 13 40 22 20 10 13
5 32 4 32 18 23 27 15 34 30 9 12 12 15 40 30 8 17 39 19 6 43 30 17 7 0 29 33 20 24 13 30 33 24 6 12 35 25 14 3 12
33 53 27 7 11 47 12 25 33 50 25 39 40 25 43 39 35 41 47 47 33 46 12 36 22 29 0 55 47 31 42 52 18 34 33 32 59 31 41 32 32
35 2 37 53 45 10 45 30 34 5 30 37 25 30 30 19 25 16 20 23 37 30 47 19 37 33 55 0 18 26 31 3 45 22 37 24 10 27 21 33 24
19 17 24 48 36 8 40 24 39 16 22 20 9 24 40 27 12 7 33 5 21 43 43 15 26 20 47 18 0 28 13 15 43 25 21 15 16 29 6 19 15
29 24 27 28 24 24 20 9 11 21 15 36 26 9 16 9 21 21 17 31 30 19 21 13 21 24 31 26 28 0 32 24 19 4 30 15 33 1 25 27 15
9 30 15 45 31 21 40 26 43 29 21 7 6 26 48 35 11 16 43 9 11 51 43 21 20 13 42 31 13 32 0 28 45 30 11 17 29 33 10 10 17
32 2 34 51 42 7 43 27 33 3 27 34 22 27 30 18 22 13 21 20 34 31 45 16 34 30 52 3 15 24 28 0 43 20 34 21 9 25 18 30 21
38 43 33 12 19 42 8 19 16 40 25 45 39 19 26 27 34 37 33 44 39 29 6 30 27 33 18 45 43 19 45 43 0 23 39 28 52 19 38 36 28
28 20 27 31 25 20 23 10 15 17 15 34 24 10 18 6 19 18 15 28 30 21 25 10 22 24 34 22 25 4 30 20 23 0 30 13 29 5 22 26 13
2 36 6 36 22 27 32 21 40 34 15 6 12 21 46 35 12 21 44 19 0 49 35 22 12 6 33 37 21 30 11 34 39 30 0 17 37 31 16 4 17
15 22 15 33 22 15 25 9 26 19 7 21 11 9 31 18 6 9 27 16 17 34 28 5 13 12 32 24 15 15 17 21 28 13 17 0 27 16 10 13 0
35 10 39 59 49 12 51 35 42 12 34 36 25 35 39 27 27 18 30 20 37 40 54 24 40 35 59 10 16 33 29 9 52 29 37 27 0 34 22 35 27
30 25 28 28 25 25 20 10 10 22 16 37 27 10 15 8 22 22 16 32 31 18 21 14 22 25 31 27 29 1 33 25 19 5 31 16 34 0 26 28 16
14 20 18 43 30 11 35 19 36 19 17 16 4 19 39 26 6 6 34 6 16 42 38 12 20 14 41 21 6 25 10 18 38 22 16 10 22 26 0 13 10
2 32 5 35 21 23 30 18 37 30 12 9 10 18 43 31 8 17 40 17 4 46 33 18 10 3 32 33 19 27 10 30 36 26 4 13 35 28 13 0 13
15 22 15 33 22 15 25 9 26 19 7 21 11 9 31 18 6 9 27 16 17 34 28 5 13 12 32 24 15 15 17 21 28 13 17 0 27 16 10 13 0
0 440
100 188
314 402
260 348
186 274
109 197
305 393
147 235
271 359
274 362
2 90
136 224
147 235
191 279
289 377
306 394
1 89
233 321
253 341
198 286
2 90
17 105
299 387
57 145
216 304
3 91
307 395
64 152
317 405
9 97
303 391
15 103
101 189
315 403
103 191
218 306
6 94
13 101
149 237
93 181
76 164
0
47
35
73
64
23
32
65
69
36
54
62
29
15
44
61
76
19
57
18
41
70
16
71
57
54
24
60
44
52
85
83
49
77
40
40
36
53
60
38
72
