41
1300
0 28 10 8 15 23 26 11 6 18 12 27 36 11 18 13 18 36 28 10 27 32 12 32 30 39 11 42 33 17 31 28 15 19 16 15 10 33 27 26 15
28 0 23 31 14 34 37 30 22 10 26 20 21 22 23 35 22 21 13 22 14 4 16 10 8 16 36 14 19 40 3 32 37 36 12 42 21 18 16 25 37
10 23 0 17 11 17 20 19 6 15 4 18 34 2 9 22 9 34 19 1 18 27 10 29 27 30 13 35 31 26 25 20 14 27 13 25 3 24 25 17 24
8 31 17 0 18 31 34 4 11 21 20 34 33 18 25 5 25 33 34 17 32 35 15 34 32 45 19 45 30 9 34 36 23 11 19 11 15 38 25 33 7
15 14 11 18 0 27 30 17 9 4 14 20 24 11 16 22 15 24 16 10 16 18 3 18 16 27 24 27 21 27 16 27 25 24 2 29 8 21 15 23 24
23 34 17 31 27 0 3 34 23 31 13 19 51 16 11 36 12 51 25 17 23 38 27 43 41 34 15 43 48 40 35 8 11 42 29 35 20 25 42 14 38
26 37 20 34 30 3 0 37 26 34 16 22 54 19 14 39 15 54 28 20 26 41 30 46 44 37 16 46 51 41 38 11 12 45 32 36 23 28 45 17 41
11 30 19 4 17 34 37 0 13 20 23 36 29 20 27 5 27 29 33 19 33 34 14 32 30 44 22 44 26 10 33 38 26 8 18 14 17 38 21 35 7
6 22 6 11 9 23 26 13 0 12 10 23 30 7 14 16 14 30 23 6 21 26 6 26 24 34 16 36 27 20 25 25 18 21 10 21 4 27 21 22 18
18 10 15 21 4 31 34 20 12 0 18 22 20 15 20 25 19 20 16 14 17 14 6 14 12 25 28 24 17 30 13 31 29 26 2 32 12 21 11 25 27
12 26 4 20 14 13 16 23 10 18 0 17 38 4 6 25 7 38 20 4 18 30 14 32 30 31 11 37 35 29 27 16 11 31 16 27 7 23 29 15 27
27 20 18 34 20 19 22 36 23 22 17 0 41 16 11 39 10 41 7 17 6 21 23 30 28 15 28 24 38 43 18 13 27 44 22 42 19 6 33 6 41
36 21 34 33 24 51 54 29 30 20 38 41 0 35 40 34 39 0 34 34 35 22 24 13 13 37 46 31 3 38 24 51 48 29 22 43 31 39 9 45 35
11 22 2 18 11 16 19 20 7 15 4 16 35 0 7 23 7 35 17 1 16 26 11 29 27 28 15 34 32 27 24 18 15 28 13 26 4 22 26 15 25
18 23 9 25 16 11 14 27 14 20 6 11 40 7 0 30 1 40 14 8 12 27 17 32 30 25 17 32 37 34 24 11 16 35 18 33 11 17 31 9 32
13 35 22 5 22 36 39 5 16 25 25 39 34 23 30 0 30 34 38 22 37 39 19 37 35 49 24 49 31 5 38 41 28 7 23 10 20 43 26 38 2
18 22 9 25 15 12 15 27 14 19 7 10 39 7 1 30 0 39 13 8 11 26 16 31 29 24 18 31 36 34 23 12 17 35 17 33 11 16 30 8 32
36 21 34 33 24 51 54 29 30 20 38 41 0 35 40 34 39 0 34 34 35 22 24 13 13 37 46 31 3 38 24 51 48 29 22 43 31 39 9 45 35
28 13 19 34 16 25 28 33 23 16 20 7 34 17 14 38 13 34 0 18 2 14 19 23 21 11 31 18 32 43 11 20 30 40 17 43 19 5 27 13 40
10 22 1 17 10 17 20 19 6 14 4 17 34 1 8 22 8 34 18 0 17 26 10 28 26 29 14 34 31 26 24 19 15 27 12 25 3 23 25 16 24
27 14 18 32 16 23 26 33 21 17 18 6 35 16 12 37 11 35 2 17 0 16 19 24 22 13 29 20 33 41 13 18 28 40 17 42 17 6 27 11 39
32 4 27 35 18 38 41 34 26 14 30 21 22 26 27 39 26 22 14 26 16 0 20 9 9 16 40 10 20 44 3 34 41 40 16 46 25 18 18 27 41
12 16 10 15 3 27 30 14 6 6 14 23 24 11 17 19 16 24 19 10 19 20 0 20 18 30 22 30 21 24 19 28 24 21 4 26 7 24 15 24 21
32 10 29 34 18 43 46 32 26 14 32 30 13 29 32 37 31 13 23 28 24 9 20 0 2 25 42 18 11 42 12 42 43 34 16 45 26 27 11 35 39
30 8 27 32 16 41 44 30 24 12 30 28 13 27 30 35 29 13 21 26 22 9 18 2 0 24 40 18 11 40 11 40 41 33 14 43 24 26 10 33 37
39 16 30 45 27 34 37 44 34 25 31 15 37 28 25 49 24 37 11 29 13 16 30 25 24 0 42 11 35 54 13 28 41 51 27 54 30 9 32 21 51
11 36 13 19 24 15 16 22 16 28 11 28 46 15 17 24 18 46 31 14 29 40 22 42 40 42 0 48 43 25 38 23 4 30 26 20 16 34 37 25 26
42 14 35 45 27 43 46 44 36 24 37 24 31 34 32 49 31 31 18 34 20 10 30 18 18 11 48 0 29 54 11 37 48 50 26 56 34 18 28 30 51
33 19 31 30 21 48 51 26 27 17 35 38 3 32 37 31 36 3 32 31 33 20 21 11 11 35 43 29 0 36 22 48 45 27 19 40 28 37 6 42 33
17 40 26 9 27 40 41 10 20 30 29 43 38 27 34 5 34 38 43 26 41 44 24 42 40 54 25 54 36 0 43 45 29 9 28 7 24 47 31 42 3
31 3 25 34 16 35 38 33 25 13 27 18 24 24 24 38 23 24 11 24 13 3 19 12 11 13 38 11 22 43 0 31 38 39 15 45 23 15 19 24 40
28 32 20 36 27 8 11 38 25 31 16 13 51 18 11 41 12 51 20 19 18 34 28 42 40 28 23 37 48 45 31 0 19 46 29 42 22 19 42 7 43
15 37 14 23 25 11 12 26 18 29 11 27 48 15 16 28 17 48 30 15 28 41 24 43 41 41 4 48 45 29 38 19 0 34 27 24 17 33 39 23 30
19 36 27 11 24 42 45 8 21 26 31 44 29 28 35 7 35 29 40 27 40 40 21 34 33 51 30 50 27 9 39 46 34 0 24 16 25 45 23 43 6
16 12 13 19 2 29 32 18 10 2 16 22 22 13 18 23 17 22 17 12 17 16 4 16 14 27 26 26 19 28 15 29 27 24 0 30 10 22 13 25 25
15 42 25 11 29 35 36 14 21 32 27 42 43 26 33 10 33 43 43 25 42 46 26 45 43 54 20 56 40 7 45 42 24 16 30 0 25 48 35 41 10
10 21 3 15 8 20 23 17 4 12 7 19 31 4 11 20 11 31 19 3 17 25 7 26 24 30 16 34 28 24 23 22 17 25 10 25 0 23 22 19 22
33 18 24 38 21 25 28 38 27 21 23 6 39 22 17 43 16 39 5 23 6 18 24 27 26 9 34 18 37 47 15 19 33 45 22 48 23 0 32 12 45
27 16 25 25 15 42 45 21 21 11 29 33 9 26 31 26 30 9 27 25 27 18 15 11 10 32 37 28 6 31 19 42 39 23 13 35 22 32 0 36 28
26 25 17 33 23 14 17 35 22 25 15 6 45 15 9 38 8 45 13 16 11 27 24 35 33 21 25 30 42 42 24 7 23 43 25 41 19 12 36 0 40
15 37 24 7 24 38 41 7 18 27 27 41 35 25 32 2 32 35 40 24 39 41 21 39 37 51 26 51 33 3 40 43 30 6 25 10 22 45 28 40 0
0 367
59 95
221 257
83 119
144 180
261 297
3 39
320 356
25 61
10 46
284 320
25 61
7 43
204 240
250 286
235 271
272 308
83 119
119 155
20 56
24 60
182 218
153 189
274 310
134 170
295 331
106 142
271 307
141 177
263 299
57 93
128 164
135 171
296 332
238 274
191 227
242 278
197 233
219 255
230 266
240 276
0
52
30
53
18
53
62
50
50
30
79
68
33
47
40
53
62
49
62
21
32
83
54
53
61
50
52
69
26
65
77
39
32
20
69
30
34
53
60
49
80
