41
1300
0 20 11 8 38 37 20 34 27 4 31 31 21 33 32 12 21 26 32 25 26 19 13 47 8 23 14 37 37 30 21 32 22 30 10 13 30 33 17 15 19
20 0 31 26 33 22 13 45 38 19 25 13 4 44 12 32 32 8 12 33 29 1 7 34 28 5 19 35 22 10 2 43 7 31 28 14 17 44 35 33 20
11 31 0 12 48 48 31 38 33 15 41 42 32 36 43 3 27 37 41 32 35 30 24 57 3 34 24 46 48 41 32 35 31 39 13 21 41 37 6 15 29
8 26 12 0 38 40 23 28 21 7 31 37 27 26 38 10 15 31 38 20 23 25 19 47 9 29 14 34 40 36 27 25 29 27 2 21 33 27 18 7 19
38 33 48 38 0 17 21 30 27 34 8 26 29 32 40 48 26 26 42 22 15 33 33 12 45 29 24 4 16 39 31 31 40 11 38 44 17 29 54 40 19
37 22 48 40 17 0 17 44 38 33 13 10 19 44 24 48 36 14 26 32 25 22 27 13 45 17 26 21 1 23 20 43 29 23 41 35 7 43 54 44 22
20 13 31 23 21 17 0 33 27 16 13 15 9 33 23 31 22 9 23 21 16 12 12 27 28 11 9 22 17 21 11 32 19 18 24 23 10 32 37 27 7
34 45 38 28 30 44 33 0 7 30 31 48 42 3 56 35 13 42 56 12 19 44 40 42 36 44 26 26 43 54 44 3 51 21 26 46 39 1 43 23 26
27 38 33 21 27 38 27 7 0 23 25 42 36 6 50 30 6 36 50 6 13 37 33 39 30 38 19 23 37 48 37 5 44 16 20 39 33 6 38 18 20
4 19 15 7 34 33 16 30 23 0 27 30 20 29 31 15 17 24 31 21 22 18 12 43 12 22 10 33 33 29 20 28 23 26 9 16 26 29 21 14 15
31 25 41 31 8 13 13 31 25 27 0 19 21 31 32 41 23 18 34 19 12 25 25 16 38 21 17 10 12 31 23 30 32 10 32 36 9 30 47 35 12
31 13 42 37 26 10 15 48 42 30 19 0 10 48 14 43 37 6 16 36 29 13 19 23 39 8 24 29 11 13 11 47 20 29 39 26 10 47 47 42 22
21 4 32 27 29 19 9 42 36 20 21 10 0 42 14 33 30 5 14 30 25 4 9 31 29 2 17 31 19 12 2 41 11 27 29 17 14 41 38 34 16
33 44 36 26 32 44 33 3 6 29 31 48 42 0 56 33 12 42 56 12 19 43 39 44 34 44 25 28 43 54 43 1 50 21 24 45 39 3 41 21 26
32 12 43 38 40 24 23 56 50 31 32 14 14 56 0 44 44 14 3 44 39 13 19 37 40 12 31 42 25 2 13 55 12 41 40 23 23 55 45 45 30
12 32 3 10 48 48 31 35 30 15 41 43 33 33 44 0 24 38 43 29 33 31 25 57 4 35 24 44 48 42 33 32 33 37 10 23 41 34 8 12 29
21 32 27 15 26 36 22 13 6 17 23 37 30 12 44 24 0 31 44 5 11 31 27 38 24 32 13 22 35 42 31 11 38 15 14 33 29 12 32 14 15
26 8 37 31 26 14 9 42 36 24 18 6 5 42 14 38 31 0 16 30 25 8 13 26 34 3 18 28 14 13 6 41 15 27 33 21 9 41 42 36 16
32 12 41 38 42 26 23 56 50 31 34 16 14 56 3 43 44 16 0 44 39 13 19 39 39 13 31 44 27 3 13 55 10 41 40 21 25 55 43 45 30
25 33 32 20 22 32 21 12 6 21 19 36 30 12 44 29 5 30 44 0 7 32 28 34 29 32 14 18 31 42 32 11 39 11 19 37 27 11 37 19 14
26 29 35 23 15 25 16 19 13 22 12 29 25 19 39 33 11 25 39 7 0 28 25 27 32 27 12 11 24 37 27 18 35 4 24 35 20 18 41 25 9
19 1 30 25 33 22 12 44 37 18 25 13 4 43 13 31 31 8 13 32 28 0 6 34 27 5 18 34 22 11 2 42 7 30 27 13 17 43 34 32 19
13 7 24 19 33 27 12 40 33 12 25 19 9 39 19 25 27 13 19 28 25 6 0 38 21 11 14 34 27 17 8 38 11 29 21 11 20 39 29 26 16
47 34 57 47 12 13 27 42 39 43 16 23 31 44 37 57 38 26 39 34 27 34 38 0 54 29 33 16 12 36 32 43 41 23 48 47 18 41 63 51 28
8 28 3 9 45 45 28 36 30 12 38 39 29 34 40 4 24 34 39 29 32 27 21 54 0 31 21 43 45 38 29 33 29 36 10 19 38 35 9 13 26
23 5 34 29 29 17 11 44 38 22 21 8 2 44 12 35 32 3 13 32 27 5 11 29 31 0 19 31 17 10 3 43 12 29 31 18 12 43 39 36 18
14 19 24 14 24 26 9 26 19 10 17 24 17 25 31 24 13 18 31 14 12 18 14 33 21 19 0 23 26 29 18 24 25 16 15 23 19 25 30 18 5
37 35 46 34 4 21 22 26 23 33 10 29 31 28 42 44 22 28 44 18 11 34 34 16 43 31 23 0 20 41 33 27 41 7 35 44 19 25 52 36 18
37 22 48 40 16 1 17 43 37 33 12 11 19 43 25 48 35 14 27 31 24 22 27 12 45 17 26 20 0 24 20 42 29 22 41 35 7 42 54 44 21
30 10 41 36 39 23 21 54 48 29 31 13 12 54 2 42 42 13 3 42 37 11 17 36 38 10 29 41 24 0 11 53 10 39 38 21 22 53 43 43 28
21 2 32 27 31 20 11 44 37 20 23 11 2 43 13 33 31 6 13 32 27 2 8 32 29 3 18 33 20 11 0 42 9 29 29 15 15 43 36 34 18
32 43 35 25 31 43 32 3 5 28 30 47 41 1 55 32 11 41 55 11 18 42 38 43 33 43 24 27 42 53 42 0 49 20 23 44 38 2 40 20 25
22 7 31 29 40 29 19 51 44 23 32 20 11 50 12 33 38 15 10 39 35 7 11 41 29 12 25 41 29 10 9 49 0 37 31 11 24 50 33 36 26
30 31 39 27 11 23 18 21 16 26 10 29 27 21 41 37 15 27 41 11 4 30 29 23 36 29 16 7 22 39 29 20 37 0 28 39 19 20 45 29 13
10 28 13 2 38 41 24 26 20 9 32 39 29 24 40 10 14 33 40 19 24 27 21 48 10 31 15 35 41 38 29 23 31 28 0 23 34 25 18 5 20
13 14 21 21 44 35 23 46 39 16 36 26 17 45 23 23 33 21 21 37 35 13 11 47 19 18 23 44 35 21 15 44 11 39 23 0 30 45 22 28 26
30 17 41 33 17 7 10 39 33 26 9 10 14 39 23 41 29 9 25 27 20 17 20 18 38 12 19 19 7 22 15 38 24 19 34 30 0 38 47 37 15
33 44 37 27 29 43 32 1 6 29 30 47 41 3 55 34 12 41 55 11 18 43 39 41 35 43 25 25 42 53 43 2 50 20 25 45 38 0 42 22 25
17 35 6 18 54 54 37 43 38 21 47 47 38 41 45 8 32 42 43 37 41 34 29 63 9 39 30 52 54 43 36 40 33 45 18 22 47 42 0 20 35
15 33 15 7 40 44 27 23 18 14 35 42 34 21 45 12 14 36 45 19 25 32 26 51 13 36 18 36 44 43 34 20 36 29 5 28 37 22 20 0 23
19 20 29 19 19 22 7 26 20 15 12 22 16 26 30 29 15 16 30 14 9 19 16 28 26 18 5 18 21 28 18 25 26 13 20 26 15 25 35 23 0
0 342
50 84
93 127
277 311
215 249
218 252
167 201
305 339
181 215
260 294
179 213
191 225
278 312
98 132
53 87
178 212
51 85
76 110
164 198
206 240
32 66
93 127
184 218
220 254
36 70
53 87
206 240
280 314
171 205
174 208
93 127
116 150
70 104
18 52
135 169
301 335
77 111
173 207
218 252
273 307
60 94
0
23
41
70
87
46
47
17
75
21
33
32
55
47
24
23
98
87
80
57
60
43
57
74
63
51
41
44
51
24
48
51
57
65
26
66
38
25
41
43
69
