41
1300
0 33 39 59 33 38 38 51 37 17 47 37 31 45 38 24 35 46 34 20 4 7 49 36 43 43 15 42 37 38 34 37 45 34 15 31 9 33 26 34 39
33 0 24 46 1 47 8 28 4 30 41 51 14 22 12 14 17 27 6 25 33 30 45 29 17 52 18 57 27 46 16 45 29 6 34 18 33 25 17 33 22
39 24 0 23 23 26 19 13 26 24 17 32 11 11 13 17 7 7 18 19 36 32 21 7 12 31 26 38 3 25 8 24 6 18 28 9 32 6 14 12 3
59 46 23 0 45 31 40 20 47 42 13 37 33 25 34 40 29 19 40 39 55 52 14 23 30 31 49 42 22 28 30 29 17 40 46 32 50 26 37 25 24
33 1 23 45 0 46 7 27 4 30 40 50 13 21 11 14 16 26 5 25 33 30 44 28 16 51 18 56 26 45 15 44 28 5 34 17 33 24 16 32 21
38 47 26 31 46 0 44 38 50 23 19 6 33 37 38 34 32 32 42 24 34 32 17 19 38 5 37 12 23 3 32 2 30 42 23 29 29 22 31 14 29
38 8 19 40 7 44 0 21 7 31 36 50 12 15 6 16 12 21 4 26 38 34 40 26 10 49 23 56 22 43 12 42 23 4 35 16 36 22 17 30 16
51 28 13 20 27 38 21 0 28 37 23 44 20 6 16 27 16 6 22 32 48 44 27 19 11 41 36 50 16 36 17 36 8 22 41 20 45 19 25 24 12
37 4 26 47 4 50 7 28 0 34 43 54 17 22 13 18 19 28 8 29 37 34 47 32 17 55 22 60 29 49 18 48 30 8 38 21 37 28 20 36 23
17 30 24 42 30 23 31 37 34 0 30 23 19 32 26 16 22 31 27 5 13 10 32 20 30 28 16 29 22 22 21 21 30 27 4 17 8 18 14 17 25
47 41 17 13 40 19 36 23 43 30 0 25 28 25 30 32 24 18 35 28 43 40 4 13 29 19 40 30 15 16 25 17 16 35 34 24 38 17 28 13 20
37 51 32 37 50 6 50 44 54 23 25 0 38 43 44 37 38 38 47 26 33 31 23 25 44 9 39 6 29 9 38 8 36 47 22 34 28 28 34 20 35
31 14 11 33 13 33 12 20 17 19 28 38 0 14 7 7 4 16 9 14 28 24 31 15 12 38 16 44 14 32 3 31 16 9 23 4 25 11 5 19 9
45 22 11 25 21 37 15 6 22 32 25 43 14 0 10 21 10 7 16 27 42 38 29 18 5 42 30 49 14 36 11 35 9 16 36 15 39 17 19 23 8
38 12 13 34 11 38 6 16 13 26 30 44 7 10 0 14 6 15 6 21 35 31 34 20 5 43 23 50 16 37 6 36 17 6 30 10 32 16 12 24 10
24 14 17 40 14 34 16 27 18 16 32 37 7 21 14 0 11 23 12 11 22 18 35 19 19 39 9 43 18 33 10 32 23 12 20 8 20 15 4 22 16
35 17 7 29 16 32 12 16 19 22 24 38 4 10 6 11 0 12 11 17 32 28 28 14 8 37 20 44 10 31 1 30 12 11 26 5 29 10 9 18 5
46 27 7 19 26 32 21 6 28 31 18 38 16 7 15 23 12 0 21 26 43 39 22 13 12 35 32 44 10 30 13 30 2 21 35 15 39 13 20 18 7
34 6 18 40 5 42 4 22 8 27 35 47 9 16 6 12 11 21 0 22 34 30 39 24 11 47 19 53 21 41 10 40 23 0 31 13 32 20 13 28 16
20 25 19 39 25 24 26 32 29 5 28 26 14 27 21 11 17 26 22 0 17 13 30 16 25 29 13 32 17 23 16 22 25 22 9 12 13 13 9 15 20
4 33 36 55 33 34 38 48 37 13 43 33 28 42 35 22 32 43 34 17 0 4 45 33 40 39 15 38 34 34 31 33 42 34 11 28 5 30 23 30 36
7 30 32 52 30 32 34 44 34 10 40 31 24 38 31 18 28 39 30 13 4 0 42 29 36 37 12 36 30 32 27 31 38 30 9 24 3 26 19 27 32
49 45 21 14 44 17 40 27 47 32 4 23 31 29 34 35 28 22 39 30 45 42 0 16 33 17 43 28 19 14 29 15 20 39 35 27 40 20 31 15 24
36 29 7 23 28 19 26 19 32 20 13 25 15 18 20 19 14 13 24 16 33 29 16 0 19 24 27 31 4 18 14 17 11 24 24 11 28 4 15 5 10
43 17 12 30 16 38 10 11 17 30 29 44 12 5 5 19 8 12 11 25 40 36 33 19 0 43 28 50 15 37 9 36 14 11 34 13 37 17 17 24 9
43 52 31 31 51 5 49 41 55 28 19 9 38 42 43 39 37 35 47 29 39 37 17 24 43 0 42 11 28 6 37 7 33 47 28 34 34 27 36 19 34
15 18 26 49 18 37 23 36 22 16 40 39 16 30 23 9 20 32 19 13 15 12 43 27 28 42 0 45 27 36 19 35 32 19 18 17 15 23 12 28 25
42 57 38 42 56 12 56 50 60 29 30 6 44 49 50 43 44 44 53 32 38 36 28 31 50 11 45 0 35 15 44 14 42 53 27 40 33 34 40 26 41
37 27 3 22 26 23 22 16 29 22 15 29 14 14 16 18 10 10 21 17 34 30 19 4 15 28 27 35 0 22 11 21 8 21 26 10 30 4 15 9 6
38 46 25 28 45 3 43 36 49 22 16 9 32 36 37 33 31 30 41 23 34 32 14 18 37 6 36 15 22 0 31 1 28 41 23 28 29 21 30 13 28
34 16 8 30 15 32 12 17 18 21 25 38 3 11 6 10 1 13 10 16 31 27 29 14 9 37 19 44 11 31 0 30 13 10 25 4 28 10 8 18 6
37 45 24 29 44 2 42 36 48 21 17 8 31 35 36 32 30 30 40 22 33 31 15 17 36 7 35 14 21 1 30 0 28 40 22 27 28 20 29 12 27
45 29 6 17 28 30 23 8 30 30 16 36 16 9 17 23 12 2 23 25 42 38 20 11 14 33 32 42 8 28 13 28 0 23 34 15 38 12 20 16 7
34 6 18 40 5 42 4 22 8 27 35 47 9 16 6 12 11 21 0 22 34 30 39 24 11 47 19 53 21 41 10 40 23 0 31 13 32 20 13 28 16
15 34 28 46 34 23 35 41 38 4 34 22 23 36 30 20 26 35 31 9 11 9 35 24 34 28 18 27 26 23 25 22 34 31 0 21 6 22 18 21 29
31 18 9 32 17 29 16 20 21 17 24 34 4 15 10 8 5 15 13 12 28 24 27 11 13 34 17 40 10 28 4 27 15 13 21 0 25 7 5 15 8
9 33 32 50 33 29 36 45 37 8 38 28 25 39 32 20 29 39 32 13 5 3 40 28 37 34 15 33 30 29 28 28 38 32 6 25 0 26 20 25 33
33 25 6 26 24 22 22 19 28 18 17 28 11 17 16 15 10 13 20 13 30 26 20 4 17 27 23 34 4 21 10 20 12 20 22 7 26 0 11 8 9
26 17 14 37 16 31 17 25 20 14 28 34 5 19 12 4 9 20 13 9 23 19 31 15 17 36 12 40 15 30 8 29 20 13 18 5 20 11 0 18 13
34 33 12 25 32 14 30 24 36 17 13 20 19 23 24 22 18 18 28 15 30 27 15 5 24 19 28 26 9 13 18 12 16 28 21 15 25 8 18 0 15
39 22 3 24 21 29 16 12 23 25 20 35 9 8 10 16 5 7 16 20 36 32 24 10 9 34 25 41 6 28 6 27 7 16 29 8 33 9 13 15 0
0 367
249 359
209 319
226 336
201 311
186 296
2 112
0 110
17 127
54 164
71 181
16 126
44 154
213 323
87 197
237 347
77 187
165 275
48 158
83 193
88 198
170 280
8 118
219 329
196 306
203 313
163 273
192 302
103 213
226 336
136 246
234 344
102 212
166 276
74 184
199 309
113 223
122 232
221 331
10 120
62 172
0
63
39
61
20
66
51
23
23
51
69
44
24
62
39
97
21
27
74
30
20
30
45
44
51
65
76
46
15
76
38
30
61
58
67
53
77
31
70
89
74
