41
1300
0 37 13 55 22 14 37 38 23 6 24 39 31 38 30 21 7 20 22 33 40 8 38 21 21 25 24 18 11 16 35 9 18 6 23 38 24 21 24 34 39
37 0 31 18 15 30 24 10 28 35 25 27 28 2 34 23 33 24 17 12 16 43 2 35 25 22 29 28 32 35 20 28 21 35 28 17 20 16 26 32 25
13 31 0 46 16 23 39 36 30 7 11 43 18 32 17 9 17 8 23 23 41 15 32 8 26 13 31 25 2 5 23 7 20 7 30 26 26 15 30 41 27
55 18 46 0 33 48 36 23 45 53 37 39 37 18 43 37 51 38 35 23 27 61 18 47 42 34 46 45 48 49 27 46 39 53 45 24 37 34 43 45 30
22 15 16 33 0 20 28 20 23 20 14 32 19 16 24 10 20 10 11 12 25 28 16 21 19 12 24 20 17 20 18 13 11 20 23 18 15 1 21 31 23
14 30 23 48 20 0 23 28 9 19 30 25 37 30 40 26 7 26 13 32 29 22 30 31 7 30 10 4 22 28 38 16 9 19 9 38 12 19 10 20 43
37 24 39 36 28 23 0 14 15 39 41 4 47 22 51 37 30 38 17 34 9 45 22 47 16 40 15 19 38 44 42 32 19 39 15 40 13 28 13 9 47
38 10 36 23 20 28 14 0 23 38 33 18 37 8 42 30 32 30 16 22 6 46 8 41 21 30 24 24 37 40 30 31 20 38 23 27 16 21 21 23 35
23 28 30 45 23 9 15 23 0 28 35 17 42 27 45 31 16 31 12 34 22 31 27 38 4 35 1 5 29 35 41 23 12 28 0 40 8 23 2 11 46
6 35 7 53 20 19 39 38 28 0 18 43 25 36 24 16 12 15 24 30 42 8 36 15 25 20 29 23 5 10 30 7 20 0 28 33 26 19 29 39 34
24 25 11 37 14 30 41 33 35 18 0 45 7 27 10 4 26 5 24 14 39 26 27 10 31 3 36 32 13 13 13 16 23 18 35 16 28 13 34 44 16
39 27 43 39 32 25 4 18 17 43 45 0 51 25 55 41 32 42 21 38 12 47 25 51 19 44 17 21 42 48 46 36 23 43 17 44 17 32 15 8 51
31 28 18 37 19 37 47 37 42 25 7 51 0 30 6 11 33 12 30 16 43 33 30 13 38 7 43 39 20 18 10 23 30 25 42 13 34 19 40 50 11
38 2 32 18 16 30 22 8 27 36 27 25 30 0 36 25 33 26 17 14 14 44 0 37 24 24 28 27 33 36 22 29 21 36 27 19 19 17 25 30 27
30 34 17 43 24 40 51 42 45 24 10 55 6 36 0 14 34 14 34 22 48 31 36 10 41 12 46 41 19 15 16 24 33 24 45 19 38 23 44 54 16
21 23 9 37 10 26 37 30 31 16 4 41 11 25 14 0 22 1 20 14 35 24 25 12 27 4 32 28 11 12 14 12 19 16 31 17 24 9 30 40 18
7 33 17 51 20 7 30 32 16 12 26 32 33 33 34 22 0 21 16 32 34 15 33 25 14 26 17 11 15 21 36 10 12 12 16 38 17 19 17 27 40
20 24 8 38 10 26 38 30 31 15 5 42 12 26 14 1 21 0 21 15 35 23 26 11 27 5 32 27 10 11 15 11 19 15 31 18 25 10 30 41 19
22 17 23 35 11 13 17 16 12 24 24 21 30 17 34 20 16 21 0 22 18 30 17 31 8 23 13 11 23 28 29 17 4 24 12 28 4 11 10 20 34
33 12 23 23 12 32 34 22 34 30 14 38 16 14 22 14 32 15 22 0 28 38 14 24 30 11 35 32 25 26 8 24 23 30 34 6 26 13 32 41 13
40 16 41 27 25 29 9 6 22 42 39 12 43 14 48 35 34 35 18 28 0 48 14 46 22 36 23 25 41 45 36 35 22 42 22 33 17 26 20 18 41
8 43 15 61 28 22 45 46 31 8 26 47 33 44 31 24 15 23 30 38 48 0 44 21 29 28 32 26 13 16 38 15 26 8 31 41 32 27 32 42 42
38 2 32 18 16 30 22 8 27 36 27 25 30 0 36 25 33 26 17 14 14 44 0 37 24 24 28 27 33 36 22 29 21 36 27 19 19 17 25 30 27
21 35 8 47 21 31 47 41 38 15 10 51 13 37 10 12 25 11 31 24 46 21 37 0 34 13 39 33 10 5 23 15 28 15 38 26 34 20 38 49 24
21 25 26 42 19 7 16 21 4 25 31 19 38 24 41 27 14 27 8 30 22 29 24 34 0 31 5 3 25 31 37 19 8 25 4 36 5 19 4 15 42
25 22 13 34 12 30 40 30 35 20 3 44 7 24 12 4 26 5 23 11 36 28 24 13 31 0 36 32 15 16 10 16 23 20 35 13 27 12 33 43 14
24 29 31 46 24 10 15 24 1 29 36 17 43 28 46 32 17 32 13 35 23 32 28 39 5 36 0 6 30 36 42 24 13 29 1 41 9 24 3 10 47
18 28 25 45 20 4 19 24 5 23 32 21 39 27 41 28 11 27 11 32 25 26 27 33 3 32 6 0 24 30 38 18 9 23 5 38 8 20 6 16 43
11 32 2 48 17 22 38 37 29 5 13 42 20 33 19 11 15 10 23 25 41 13 33 10 25 15 30 24 0 6 25 6 19 5 29 28 25 16 29 40 29
16 35 5 49 20 28 44 40 35 10 13 48 18 36 15 12 21 11 28 26 45 16 36 5 31 16 36 30 6 0 26 12 25 10 35 29 31 19 35 46 29
35 20 23 27 18 38 42 30 41 30 13 46 10 22 16 14 36 15 29 8 36 38 22 23 37 10 42 38 25 26 0 26 29 30 41 3 33 19 39 49 5
9 28 7 46 13 16 32 31 23 7 16 36 23 29 24 12 10 11 17 24 35 15 29 15 19 16 24 18 6 12 26 0 13 7 23 29 19 12 23 34 30
18 21 20 39 11 9 19 20 12 20 23 23 30 21 33 19 12 19 4 23 22 26 21 28 8 23 13 9 19 25 29 13 0 20 12 29 6 11 11 22 34
6 35 7 53 20 19 39 38 28 0 18 43 25 36 24 16 12 15 24 30 42 8 36 15 25 20 29 23 5 10 30 7 20 0 28 33 26 19 29 39 34
23 28 30 45 23 9 15 23 0 28 35 17 42 27 45 31 16 31 12 34 22 31 27 38 4 35 1 5 29 35 41 23 12 28 0 40 8 23 2 11 46
38 17 26 24 18 38 40 27 40 33 16 44 13 19 19 17 38 18 28 6 33 41 19 26 36 13 41 38 28 29 3 29 29 33 40 0 32 19 38 47 8
24 20 26 37 15 12 13 16 8 26 28 17 34 19 38 24 17 25 4 26 17 32 19 34 5 27 9 8 25 31 33 19 6 26 8 32 0 15 6 16 38
21 16 15 34 1 19 28 21 23 19 13 32 19 17 23 9 19 10 11 13 26 27 17 20 19 12 24 20 16 19 19 12 11 19 23 19 15 0 21 31 24
24 26 30 43 21 10 13 21 2 29 34 15 40 25 44 30 17 30 10 32 20 32 25 38 4 33 3 6 29 35 39 23 11 29 2 38 6 21 0 11 44
34 32 41 45 31 20 9 23 11 39 44 8 50 30 54 40 27 41 20 41 18 42 30 49 15 43 10 16 40 46 49 34 22 39 11 47 16 31 11 0 54
39 25 27 30 23 43 47 35 46 34 16 51 11 27 16 18 40 19 34 13 41 42 27 24 42 14 47 43 29 29 5 30 34 34 46 8 38 24 44 54 0
0 587
503 503
16 16
164 164
255 255
575 575
292 292
530 530
66 66
10 10
111 111
429 429
167 167
367 367
585 585
223 223
63 63
567 567
7 7
164 164
516 516
366 366
53 53
267 267
475 475
412 412
298 298
226 226
389 389
564 564
42 42
33 33
351 351
207 207
351 351
343 343
55 55
533 533
5 5
437 437
445 445
0
51
68
48
94
55
35
81
49
35
19
60
12
75
76
27
45
69
91
37
30
50
69
48
81
19
19
47
66
28
55
48
44
54
61
62
45
40
16
39
52
