41
1300
0 39 31 39 40 25 19 38 38 11 35 31 6 5 7 37 10 40 25 32 13 33 38 43 5 19 12 28 18 8 37 13 38 10 27 7 21 27 10 31 8
39 0 39 23 34 22 21 6 29 33 18 23 45 44 32 3 31 20 14 11 27 20 28 4 37 21 39 28 22 43 25 26 43 30 34 33 20 28 41 32 45
31 39 0 21 12 40 32 43 55 36 47 16 31 31 30 36 34 24 32 40 32 46 55 39 34 23 41 11 24 26 53 30 7 33 5 26 22 46 22 7 28
39 23 21 0 12 37 30 27 49 37 38 8 44 43 34 20 35 3 26 29 31 38 48 21 40 21 43 13 22 39 45 29 22 34 19 33 19 43 35 14 41
40 34 12 12 0 43 35 39 58 42 48 13 42 42 38 32 40 15 33 39 36 47 57 33 42 26 48 12 27 37 54 34 10 39 14 34 24 49 33 9 39
25 22 40 37 43 0 8 17 15 15 10 31 31 30 18 21 15 35 11 11 12 8 15 26 21 17 20 32 16 32 13 14 47 15 35 21 19 6 31 36 32
19 21 32 30 35 8 0 19 23 12 17 23 25 24 12 19 10 30 7 13 6 15 23 25 16 9 18 24 8 25 21 6 39 9 27 14 11 14 24 28 26
38 6 43 27 39 17 19 0 23 30 12 27 44 43 31 7 29 24 13 6 25 14 22 10 35 22 36 32 22 44 19 25 47 28 38 33 21 23 41 36 45
38 29 55 49 58 15 23 23 0 27 11 45 44 43 32 30 28 47 25 20 27 11 1 33 34 32 29 47 31 46 4 29 62 29 50 36 34 11 46 51 46
11 33 36 37 42 15 12 30 27 0 25 30 17 16 6 31 2 37 19 24 6 23 27 37 7 16 6 31 15 19 26 8 43 4 31 10 18 16 20 34 19
35 18 47 38 48 10 17 12 11 25 0 35 41 40 28 19 25 36 15 9 22 2 10 22 31 25 30 38 24 42 7 23 53 25 42 31 25 12 41 42 42
31 23 16 8 13 31 23 27 45 30 35 0 36 35 27 20 28 10 20 26 24 34 44 23 33 14 36 6 15 31 41 22 20 27 12 25 12 37 27 9 33
6 45 31 44 42 31 25 44 44 17 41 36 0 1 13 42 16 45 31 38 19 39 44 48 10 24 16 31 23 5 43 19 38 16 28 12 26 33 9 33 3
5 44 31 43 42 30 24 43 43 16 40 35 1 0 12 41 15 44 30 37 18 38 43 47 9 23 16 31 22 5 42 18 38 15 28 11 25 32 9 33 3
7 32 30 34 38 18 12 31 32 6 28 27 13 12 0 30 4 34 18 25 6 26 32 36 6 13 11 26 12 14 31 6 37 3 25 4 15 21 14 29 14
37 3 36 20 32 21 19 7 30 31 19 20 42 41 30 0 29 17 12 10 25 19 29 6 35 18 37 25 19 40 26 24 40 28 31 30 17 27 38 29 42
10 31 34 35 40 15 10 29 28 2 25 28 16 15 4 29 0 35 17 23 4 23 28 35 6 14 8 29 13 18 27 6 41 2 29 8 16 17 18 32 18
40 20 24 3 15 35 30 24 47 37 36 10 45 44 34 17 35 0 24 27 31 36 46 18 40 21 43 16 22 41 43 29 25 34 22 33 19 41 37 17 43
25 14 32 26 33 11 7 13 25 19 15 20 31 30 18 12 17 24 0 8 13 14 24 18 23 10 25 23 10 31 21 12 38 16 27 20 10 17 29 27 32
32 11 40 29 39 11 13 6 20 24 9 26 38 37 25 10 23 27 8 0 19 9 19 15 29 18 30 30 18 38 16 19 45 22 35 27 18 17 37 34 39
13 27 32 31 36 12 6 25 27 6 22 24 19 18 6 25 4 31 13 19 0 20 27 31 10 10 12 25 9 20 25 2 39 3 27 9 12 16 19 29 20
33 20 46 38 47 8 15 14 11 23 2 34 39 38 26 19 23 36 14 9 20 0 10 24 29 24 28 37 23 40 7 21 52 23 41 29 24 10 39 41 40
38 28 55 48 57 15 23 22 1 27 10 44 44 43 32 29 28 46 24 19 27 10 0 32 34 32 30 47 31 46 3 29 62 29 50 36 34 11 46 51 46
43 4 39 21 33 26 25 10 33 37 22 23 48 47 36 6 35 18 18 15 31 24 32 0 41 24 43 29 25 46 29 30 43 34 35 36 23 32 44 32 48
5 37 34 40 42 21 16 35 34 7 31 33 10 9 6 35 6 40 23 29 10 29 34 41 0 19 7 30 18 13 33 12 41 7 29 8 21 23 15 33 12
19 21 23 21 26 17 9 22 32 16 25 14 24 23 13 18 14 21 10 18 10 24 32 24 19 0 22 15 1 22 30 8 30 13 18 12 2 23 20 19 24
12 39 41 43 48 20 18 36 29 6 30 36 16 16 11 37 8 43 25 30 12 28 30 43 7 22 0 37 21 20 29 14 48 10 36 15 24 19 22 40 19
28 28 11 13 12 32 24 32 47 31 38 6 31 31 26 25 29 16 23 30 25 37 47 29 30 15 37 0 16 26 44 23 15 27 6 22 13 38 22 4 28
18 22 24 22 27 16 8 22 31 15 24 15 23 22 12 19 13 22 10 18 9 23 31 25 18 1 21 16 0 22 29 7 31 12 19 11 3 22 19 20 23
8 43 26 39 37 32 25 44 46 19 42 31 5 5 14 40 18 41 31 38 20 40 46 46 13 22 20 26 22 0 45 19 33 17 23 11 24 35 4 28 2
37 25 53 45 54 13 21 19 4 26 7 41 43 42 31 26 27 43 21 16 25 7 3 29 33 30 29 44 29 45 0 27 59 28 48 34 31 10 44 48 45
13 26 30 29 34 14 6 25 29 8 23 22 19 18 6 24 6 29 12 19 2 21 29 30 12 8 14 23 7 19 27 0 37 5 25 8 10 18 18 27 20
38 43 7 22 10 47 39 47 62 43 53 20 38 38 37 40 41 25 38 45 39 52 62 43 41 30 48 15 31 33 59 37 0 40 12 33 28 53 29 11 35
10 30 33 34 39 15 9 28 29 4 25 27 16 15 3 28 2 34 16 22 3 23 29 34 7 13 10 27 12 17 28 5 40 0 28 7 15 18 17 30 17
27 34 5 19 14 35 27 38 50 31 42 12 28 28 25 31 29 22 27 35 27 41 50 35 29 18 36 6 19 23 48 25 12 28 0 21 17 41 19 5 25
7 33 26 33 34 21 14 33 36 10 31 25 12 11 4 30 8 33 20 27 9 29 36 36 8 12 15 22 11 11 34 8 33 7 21 0 14 25 10 25 12
21 20 22 19 24 19 11 21 34 18 25 12 26 25 15 17 16 19 10 18 12 24 34 23 21 2 24 13 3 24 31 10 28 15 17 14 0 25 22 17 26
27 28 46 43 49 6 14 23 11 16 12 37 33 32 21 27 17 41 17 17 16 10 11 32 23 23 19 38 22 35 10 18 53 18 41 25 25 0 35 42 35
10 41 22 35 33 31 24 41 46 20 41 27 9 9 14 38 18 37 29 37 19 39 46 44 15 20 22 22 19 4 44 18 29 17 19 10 22 35 0 24 6
31 32 7 14 9 36 28 36 51 34 42 9 33 33 29 29 32 17 27 34 29 41 51 32 33 19 40 4 20 28 48 27 11 30 5 25 17 42 24 0 30
8 45 28 41 39 32 26 45 46 19 42 33 3 3 14 42 18 43 32 39 20 40 46 48 12 24 19 28 23 2 45 20 35 17 25 12 26 35 6 30 0
0 489
103 200
54 151
32 129
368 465
210 307
302 399
275 372
68 165
74 171
0 97
96 193
342 439
70 167
2 99
270 367
162 259
269 366
115 212
306 403
322 419
261 358
172 269
371 468
210 307
190 287
361 458
265 362
70 167
108 205
33 130
352 449
170 267
192 289
217 314
166 263
165 262
160 257
243 340
40 137
238 335
0
58
58
30
13
27
26
54
44
81
78
66
54
56
50
83
38
61
30
64
75
42
16
40
26
42
62
44
55
75
62
75
51
37
33
67
23
36
84
41
42
