41
1300
0 48 40 24 29 12 29 8 24 6 12 18 6 6 38 23 9 23 3 31 11 30 34 24 20 19 11 28 34 17 21 31 35 41 18 25 8 9 41 34 9
48 0 13 42 37 52 40 41 25 54 38 50 43 53 42 25 45 44 48 20 39 22 31 24 32 38 37 43 15 48 29 38 40 7 34 33 43 45 9 24 45
40 13 0 43 40 46 43 32 16 46 32 47 36 46 47 18 39 32 41 9 33 24 18 18 22 37 29 46 17 45 28 25 27 9 24 21 34 36 16 29 39
24 42 43 0 7 17 5 26 28 28 16 11 20 26 14 25 15 44 21 35 15 20 46 25 33 7 25 4 27 10 15 47 51 37 32 39 28 31 33 19 15
29 37 40 7 0 24 3 29 28 33 19 18 23 31 9 25 20 47 26 35 18 16 46 25 34 10 28 6 23 17 15 48 52 33 34 40 31 34 28 13 20
12 52 46 17 24 0 22 19 31 12 14 7 12 10 30 28 7 35 9 38 13 32 44 29 30 16 20 20 37 7 23 43 47 45 28 35 20 21 44 33 7
29 40 43 5 3 22 0 30 30 33 20 16 24 31 9 27 20 48 26 37 19 19 48 27 36 11 29 3 26 15 17 50 54 36 36 42 32 35 31 16 20
8 41 32 26 29 19 30 0 16 14 10 22 7 14 38 16 13 18 11 23 11 27 26 17 12 19 4 30 28 21 18 24 28 34 10 17 2 5 35 31 13
24 25 16 28 28 31 30 16 0 30 17 32 20 30 37 3 24 22 25 7 18 16 18 4 8 22 13 32 14 30 13 20 24 18 9 12 18 20 21 22 24
6 54 46 28 33 12 33 14 30 0 18 19 12 2 42 29 13 27 7 37 17 36 39 30 26 23 17 32 40 19 27 35 39 47 24 30 14 13 47 40 13
12 38 32 16 19 14 20 10 17 18 0 15 6 16 28 14 7 28 11 24 1 18 32 15 18 9 9 20 23 13 9 31 35 31 16 23 12 15 30 22 7
18 50 47 11 18 7 16 22 32 19 15 0 15 17 24 29 9 40 15 39 14 28 47 30 33 12 23 14 35 2 21 46 50 44 31 38 24 26 41 29 9
6 43 36 20 23 12 24 7 20 12 6 15 0 10 32 18 6 25 5 27 5 24 32 19 18 13 8 24 28 14 15 31 35 36 16 23 9 12 35 28 6
6 53 46 26 31 10 31 14 30 2 16 17 10 0 40 28 11 28 5 37 15 34 40 29 26 21 17 30 38 17 25 36 40 46 24 31 14 14 45 38 11
38 42 47 14 9 30 9 38 37 42 28 24 32 40 0 34 29 56 35 43 27 24 55 34 43 19 37 10 30 23 24 57 61 39 43 49 40 43 33 18 29
23 25 18 25 25 28 27 16 3 29 14 29 18 28 34 0 21 24 23 10 15 13 21 1 11 19 12 29 12 27 10 23 27 18 11 15 18 21 19 19 21
9 45 39 15 20 7 20 13 24 13 7 9 6 11 29 21 0 31 6 31 6 25 38 22 24 10 14 19 30 8 16 37 41 38 22 29 15 17 37 27 0
23 44 32 44 47 35 48 18 22 27 28 40 25 28 56 24 31 0 26 24 29 37 16 25 14 37 19 48 36 39 32 9 12 37 13 11 16 14 42 43 31
3 48 41 21 26 9 26 11 25 7 11 15 5 5 35 23 6 26 0 32 10 29 37 24 23 16 13 25 33 14 20 34 38 41 21 28 11 12 40 33 6
31 20 9 35 35 38 37 23 7 37 24 39 27 37 43 10 31 24 32 0 25 20 15 10 13 29 20 39 14 37 20 20 24 13 15 13 25 27 18 26 31
11 39 33 15 18 13 19 11 18 17 1 14 5 15 27 15 6 29 10 25 0 19 33 16 19 8 10 19 24 12 10 32 36 32 17 24 13 16 31 23 6
30 22 24 20 16 32 19 27 16 36 18 28 24 34 24 13 25 37 29 20 19 0 34 12 24 16 23 22 7 26 9 36 40 17 24 28 29 32 13 6 25
34 31 18 46 46 44 48 26 18 39 32 47 32 40 55 21 38 16 37 15 33 34 0 22 15 40 24 50 29 45 31 7 9 26 16 9 26 26 33 40 38
24 24 18 25 25 29 27 17 4 30 15 30 19 29 34 1 22 25 24 10 16 12 22 0 12 19 13 29 11 28 10 24 28 17 12 16 19 22 18 18 22
20 32 22 33 34 30 36 12 8 26 18 33 18 26 43 11 24 14 23 13 19 24 15 12 0 26 10 37 22 31 19 14 18 25 2 6 12 14 29 30 24
19 38 37 7 10 16 11 19 22 23 9 12 13 21 19 19 10 37 16 29 8 16 40 19 26 0 18 11 23 10 9 40 44 32 25 32 21 24 29 17 10
11 37 29 25 28 20 29 4 13 17 9 23 8 17 37 12 14 19 13 20 10 23 24 13 10 18 0 29 24 22 14 23 27 30 8 15 6 9 31 27 14
28 43 46 4 6 20 3 30 32 32 20 14 24 30 10 29 19 48 25 39 19 22 50 29 37 11 29 0 29 13 19 51 55 39 36 43 32 35 34 19 19
34 15 17 27 23 37 26 28 14 40 23 35 28 38 30 12 30 36 33 14 24 7 29 11 22 23 24 29 0 33 14 34 38 10 23 26 30 33 7 12 30
17 48 45 10 17 7 15 21 30 19 13 2 14 17 23 27 8 39 14 37 12 26 45 28 31 10 22 13 33 0 19 44 48 42 29 36 23 25 39 27 8
21 29 28 15 15 23 17 18 13 27 9 21 15 25 24 10 16 32 20 20 10 9 31 10 19 9 14 19 14 19 0 33 37 23 19 25 20 23 21 13 16
31 38 25 47 48 43 50 24 20 35 31 46 31 36 57 23 37 9 34 20 32 36 7 24 14 40 23 51 34 44 33 0 4 33 15 8 23 22 38 42 37
35 40 27 51 52 47 54 28 24 39 35 50 35 40 61 27 41 12 38 24 36 40 9 28 18 44 27 55 38 48 37 4 0 35 19 12 27 26 42 46 41
41 7 9 37 33 45 36 34 18 47 31 44 36 46 39 18 38 37 41 13 32 17 26 17 25 32 30 39 10 42 23 33 35 0 27 26 36 38 7 21 38
18 34 24 32 34 28 36 10 9 24 16 31 16 24 43 11 22 13 21 15 17 24 16 12 2 25 8 36 23 29 19 15 19 27 0 7 10 12 30 30 22
25 33 21 39 40 35 42 17 12 30 23 38 23 31 49 15 29 11 28 13 24 28 9 16 6 32 15 43 26 36 25 8 12 26 7 0 17 17 31 34 29
8 43 34 28 31 20 32 2 18 14 12 24 9 14 40 18 15 16 11 25 13 29 26 19 12 21 6 32 30 23 20 23 27 36 10 17 0 3 37 33 15
9 45 36 31 34 21 35 5 20 13 15 26 12 14 43 21 17 14 12 27 16 32 26 22 14 24 9 35 33 25 23 22 26 38 12 17 3 0 40 36 17
41 9 16 33 28 44 31 35 21 47 30 41 35 45 33 19 37 42 40 18 31 13 33 18 29 29 31 34 7 39 21 38 42 7 30 31 37 40 0 15 37
34 24 29 19 13 33 16 31 22 40 22 29 28 38 18 19 27 43 33 26 23 6 40 18 30 17 27 19 12 27 13 42 46 21 30 34 33 36 15 0 27
9 45 39 15 20 7 20 13 24 13 7 9 6 11 29 21 0 31 6 31 6 25 38 22 24 10 14 19 30 8 16 37 41 38 22 29 15 17 37 27 0
0 538
69 338
178 447
54 323
72 341
55 324
6 275
54 323
215 484
38 307
165 434
240 509
257 526
0 269
85 354
73 342
41 310
143 412
133 402
131 400
11 280
178 447
71 340
261 530
194 463
134 403
85 354
88 357
186 455
150 419
167 436
266 535
98 367
0 269
199 468
248 517
265 534
193 462
209 478
127 396
80 349
0
18
37
51
63
61
61
43
53
63
67
30
41
58
44
22
44
44
63
86
67
62
45
54
43
65
37
37
40
37
48
20
68
71
82
28
32
61
66
35
53
