41
1300
0 15 27 1 9 2 33 5 14 25 12 14 21 14 25 35 9 27 21 12 16 36 9 18 16 4 11 13 21 8 17 1 23 10 21 6 15 25 25 9 21
15 0 18 14 16 13 20 10 21 22 26 20 7 24 31 21 18 12 6 15 22 26 16 32 15 13 9 20 6 22 31 16 8 11 6 13 7 10 30 7 24
27 18 0 26 20 25 33 23 37 40 38 37 13 39 24 11 33 18 14 33 39 40 20 44 33 23 16 22 12 34 36 26 19 17 14 28 13 20 23 19 16
1 14 26 0 10 1 32 4 13 24 12 13 20 13 26 34 8 26 20 11 15 35 10 18 15 4 10 14 20 8 18 2 22 10 20 5 14 24 26 8 22
9 16 20 10 0 10 36 11 23 34 20 23 18 23 16 30 18 26 19 21 25 41 0 24 25 6 7 4 17 16 16 8 23 5 19 15 10 25 16 10 12
2 13 25 1 10 0 31 3 14 24 13 14 19 14 26 33 9 25 19 11 16 34 10 19 15 4 9 14 19 9 19 3 21 10 19 5 13 23 26 7 22
33 20 33 32 36 31 0 28 30 17 40 29 20 35 51 29 32 15 19 24 31 8 36 48 20 33 29 40 21 39 50 34 14 31 19 28 27 13 50 27 43
5 10 23 4 11 3 28 0 14 23 16 14 16 16 27 30 10 22 16 11 16 32 11 22 14 5 8 15 16 12 22 6 18 9 16 5 10 20 27 4 23
14 21 37 13 23 14 30 14 0 17 11 1 28 5 39 42 5 31 27 6 2 30 23 19 10 17 22 27 27 12 27 15 26 23 27 9 24 28 39 18 35
25 22 40 24 34 24 17 23 17 0 28 16 27 22 50 40 21 26 26 13 16 14 34 36 9 28 29 38 28 28 42 26 22 30 26 19 29 23 50 25 44
12 26 38 12 20 13 40 16 11 28 0 12 32 6 34 46 8 38 32 16 12 40 20 8 20 15 22 23 32 4 18 12 33 21 32 13 26 35 34 20 32
14 20 37 13 23 14 29 14 1 16 12 0 27 6 39 41 6 30 26 5 2 29 23 20 9 17 22 27 26 13 28 15 25 23 26 9 24 27 39 18 35
21 7 13 20 18 19 20 16 28 27 32 27 0 31 31 15 25 8 1 22 29 27 18 38 21 18 12 22 1 28 34 21 6 13 1 20 8 7 30 12 23
14 24 39 13 23 14 35 16 5 22 6 6 31 0 39 45 6 36 30 11 6 35 23 14 15 17 23 27 30 9 24 15 31 23 30 11 26 33 39 20 35
25 31 24 26 16 26 51 27 39 50 34 39 31 39 0 35 34 39 32 37 41 57 16 34 41 22 23 12 30 30 19 24 37 21 32 31 24 38 1 26 8
35 21 11 34 30 33 29 30 42 40 46 41 15 45 35 0 39 15 15 36 43 37 30 52 35 31 24 32 15 42 46 34 18 25 15 34 20 17 34 26 27
9 18 33 8 18 9 32 10 5 21 8 6 25 6 34 39 0 30 24 8 7 32 18 16 12 12 18 22 24 7 22 10 25 18 24 5 20 27 34 14 30
27 12 18 26 26 25 15 22 31 26 38 30 8 36 39 15 30 0 7 25 32 23 26 44 23 25 19 30 9 34 42 28 5 21 7 25 16 3 38 19 31
21 6 14 20 19 19 19 16 27 26 32 26 1 30 32 15 24 7 0 21 28 26 19 38 20 18 12 23 2 28 35 21 5 14 0 19 9 6 31 12 24
12 15 33 11 21 11 24 11 6 13 16 5 22 11 37 36 8 25 21 0 7 24 21 24 4 15 18 25 21 15 29 13 20 19 21 6 20 22 37 14 33
16 22 39 15 25 16 31 16 2 16 12 2 29 6 41 43 7 32 28 7 0 30 25 20 11 19 24 29 28 14 29 17 27 25 28 11 26 29 41 20 37
36 26 40 35 41 34 8 32 30 14 40 29 27 35 57 37 32 23 26 24 30 0 41 48 20 37 35 45 28 39 53 37 21 36 26 30 33 21 56 31 50
9 16 20 10 0 10 36 11 23 34 20 23 18 23 16 30 18 26 19 21 25 41 0 24 25 6 7 4 17 16 16 8 23 5 19 15 10 25 16 10 12
18 32 44 18 24 19 48 22 19 36 8 20 38 14 34 52 16 44 38 24 20 48 24 0 28 21 28 25 38 10 15 18 40 27 38 21 32 42 35 26 35
16 15 33 15 25 15 20 14 10 9 20 9 21 15 41 35 12 23 20 4 11 20 25 28 0 19 20 29 21 19 33 17 18 21 20 10 21 20 41 16 35
4 13 23 4 6 4 33 5 17 28 15 17 18 17 22 31 12 25 18 15 19 37 6 21 19 0 7 10 18 11 18 3 21 6 18 9 11 23 22 6 18
11 9 16 10 7 9 29 8 22 29 22 22 12 23 23 24 18 19 12 18 24 35 7 28 20 7 0 11 11 18 23 10 16 2 12 13 4 18 22 4 16
13 20 22 14 4 14 40 15 27 38 23 27 22 27 12 32 22 30 23 25 29 45 4 25 29 10 11 0 21 19 14 12 27 9 23 19 14 29 12 14 10
21 6 12 20 17 19 21 16 27 28 32 26 1 30 30 15 24 9 2 21 28 28 17 38 21 18 11 21 0 28 33 21 7 12 2 19 7 8 29 12 22
8 22 34 8 16 9 39 12 12 28 4 13 28 9 30 42 7 34 28 15 14 39 16 10 19 11 18 19 28 0 15 8 30 17 28 11 22 32 30 16 28
17 31 36 18 16 19 50 22 27 42 18 28 34 24 19 46 22 42 35 29 29 53 16 15 33 18 23 14 33 15 0 16 39 21 35 23 26 41 20 24 23
1 16 26 2 8 3 34 6 15 26 12 15 21 15 24 34 10 28 21 13 17 37 8 18 17 3 10 12 21 8 16 0 24 9 21 7 14 26 24 9 20
23 8 19 22 23 21 14 18 26 22 33 25 6 31 37 18 25 5 5 20 27 21 23 40 18 21 16 27 7 30 39 24 0 18 5 20 13 2 36 15 29
10 11 17 10 5 10 31 9 23 30 21 23 13 23 21 25 18 21 14 19 25 36 5 27 21 6 2 9 12 17 21 9 18 0 14 14 5 20 20 5 14
21 6 14 20 19 19 19 16 27 26 32 26 1 30 32 15 24 7 0 21 28 26 19 38 20 18 12 23 2 28 35 21 5 14 0 19 9 6 31 12 24
6 13 28 5 15 5 28 5 9 19 13 9 20 11 31 34 5 25 19 6 11 30 15 21 10 9 13 19 19 11 23 7 20 14 19 0 15 22 31 9 27
15 7 13 14 10 13 27 10 24 29 26 24 8 26 24 20 20 16 9 20 26 33 10 32 21 11 4 14 7 22 26 14 13 5 9 15 0 15 23 6 17
25 10 20 24 25 23 13 20 28 23 35 27 7 33 38 17 27 3 6 22 29 21 25 42 20 23 18 29 8 32 41 26 2 20 6 22 15 0 37 17 30
25 30 23 26 16 26 50 27 39 50 34 39 30 39 1 34 34 38 31 37 41 56 16 35 41 22 22 12 29 30 20 24 36 20 31 31 23 37 0 25 7
9 7 19 8 10 7 27 4 18 25 20 18 12 20 26 26 14 19 12 14 20 31 10 26 16 6 4 14 12 16 24 9 15 5 12 9 6 17 25 0 19
21 24 16 22 12 22 43 23 35 44 32 35 23 35 8 27 30 31 24 33 37 50 12 35 35 18 16 10 22 28 23 20 29 14 24 27 17 30 7 19 0
0 489
258 453
188 383
92 287
40 235
199 394
44 239
278 473
1 196
189 384
289 484
46 241
11 206
264 459
87 282
202 397
64 259
186 381
113 308
199 394
1 196
271 466
94 289
150 345
291 486
167 362
103 298
79 274
241 436
119 314
248 443
10 205
264 459
146 341
217 412
242 437
18 213
54 249
115 310
38 233
13 208
0
44
44
44
61
61
76
61
43
51
73
23
54
43
53
43
35
47
40
69
40
57
51
66
50
29
23
20
41
73
50
55
41
49
47
74
52
39
54
67
56
