41
1301
0 4 17 14 8 12 3 29 34 28 11 9 38 39 20 39 32 18 28 9 8 9 43 11 16 29 30 24 10 43 23 12 12 23 31 9 23 34 30 31 21
4 0 14 14 5 13 2 33 34 29 10 10 38 40 21 37 33 22 29 9 4 6 44 14 20 26 29 28 10 44 26 10 16 24 30 6 20 33 30 32 20
17 14 0 11 9 16 14 42 26 23 6 12 26 36 21 23 30 34 30 10 11 16 40 28 30 13 17 34 23 42 31 19 29 20 16 8 6 20 22 31 8
14 14 11 0 13 6 12 33 20 15 6 5 24 26 10 28 20 27 19 5 15 19 30 24 23 23 16 25 24 32 22 23 22 10 20 12 16 22 16 21 9
8 5 9 13 0 15 5 37 33 28 7 11 35 39 22 32 33 26 31 9 2 7 43 19 24 21 26 31 14 45 30 10 20 23 25 1 15 29 29 33 17
12 13 16 6 15 0 11 27 23 17 10 4 28 27 8 34 20 21 16 6 16 19 31 20 17 29 22 19 22 31 16 23 17 12 26 15 22 28 19 19 15
3 2 14 12 5 11 0 32 32 27 8 8 36 38 19 36 31 21 27 7 5 8 42 14 19 26 27 26 12 42 25 12 15 22 28 6 20 31 28 30 18
29 33 42 33 37 27 32 0 42 37 36 30 50 39 26 59 33 13 23 32 37 37 43 23 13 55 45 8 35 37 13 40 17 32 52 38 48 52 40 30 42
34 34 26 20 33 23 32 42 0 6 26 25 9 11 17 24 10 42 20 25 35 39 14 43 38 30 12 34 44 19 29 43 39 11 20 32 27 17 4 13 18
28 29 23 15 28 17 27 37 6 0 21 19 13 13 11 25 9 36 15 20 30 34 17 37 32 29 12 29 38 21 24 38 33 5 20 27 24 18 3 11 15
11 10 6 6 7 10 8 36 26 21 0 6 28 32 16 28 26 28 25 4 9 14 36 22 24 19 19 28 20 38 25 17 23 16 20 6 12 23 22 27 10
9 10 12 5 11 4 8 30 25 19 6 0 29 30 12 33 24 22 20 2 12 16 34 19 18 25 21 22 19 35 19 20 17 14 25 11 18 27 21 23 14
38 38 26 24 35 28 36 50 9 13 28 29 0 20 24 18 19 49 28 29 37 42 21 48 45 26 9 42 48 28 37 45 45 18 16 34 24 11 10 22 18
39 40 36 26 39 27 38 39 11 13 32 30 20 0 19 35 7 42 16 31 41 45 4 46 38 41 23 31 49 8 26 49 40 16 31 38 37 28 14 9 28
20 21 21 10 22 8 19 26 17 11 16 12 24 19 0 33 12 25 9 13 23 27 23 27 21 32 19 18 30 23 14 31 22 6 26 22 26 26 14 11 17
39 37 23 28 32 34 36 59 24 25 28 33 18 35 33 0 34 55 40 31 34 39 38 50 51 14 14 51 46 43 47 42 50 28 8 31 18 7 23 36 19
32 33 30 20 33 20 31 33 10 9 26 24 19 7 12 34 0 36 10 25 35 39 11 39 32 38 20 25 42 12 20 43 34 10 28 32 32 27 11 3 23
18 22 34 27 26 21 21 13 42 36 28 22 49 42 25 55 36 0 26 24 26 26 46 10 4 47 43 13 22 42 16 28 6 31 47 27 40 49 39 33 36
28 29 30 19 31 16 27 23 20 15 25 20 28 16 9 40 10 26 0 22 32 35 20 31 23 41 27 15 38 17 10 39 25 13 35 31 35 33 18 7 26
9 9 10 5 9 6 7 32 25 20 4 2 29 31 13 31 25 24 22 0 10 14 35 20 20 23 21 24 19 36 21 18 19 15 23 9 16 26 21 24 13
8 4 11 15 2 16 5 37 35 30 9 12 37 41 23 34 35 26 32 10 0 5 45 18 24 23 28 31 12 46 30 8 20 25 27 3 17 31 31 34 19
9 6 16 19 7 19 8 37 39 34 14 16 42 45 27 39 39 26 35 14 5 0 49 16 24 28 33 33 7 50 32 4 20 29 32 8 22 36 35 38 24
43 44 40 30 43 31 42 43 14 17 36 34 21 4 23 38 11 46 20 35 45 49 0 50 42 44 26 35 53 8 30 53 44 20 34 42 41 31 18 13 32
11 14 28 24 19 20 14 23 43 37 22 19 48 46 27 50 39 10 31 20 18 16 50 0 10 40 40 21 12 48 23 18 6 32 42 20 34 45 39 37 32
16 20 30 23 24 17 19 13 38 32 24 18 45 38 21 51 32 4 23 20 24 24 42 10 0 43 39 11 22 39 13 27 4 27 43 25 36 45 35 29 32
29 26 13 23 21 29 26 55 30 29 19 25 26 41 32 14 38 47 41 23 23 28 44 40 43 0 18 47 35 49 44 30 41 28 10 20 7 15 27 39 15
30 29 17 16 26 22 27 45 12 12 19 21 9 23 19 14 20 43 27 21 28 33 26 40 39 18 0 37 39 31 33 36 38 14 8 25 15 7 9 23 9
24 28 34 25 31 19 26 8 34 29 28 22 42 31 18 51 25 13 15 24 31 33 35 21 11 47 37 0 32 30 5 36 15 24 44 32 40 44 32 22 34
10 10 23 24 14 22 12 35 44 38 20 19 48 49 30 46 42 22 38 19 12 7 53 12 22 35 39 32 0 53 33 6 18 33 39 15 29 43 40 41 30
43 44 42 32 45 31 42 37 19 21 38 35 28 8 23 43 12 42 17 36 46 50 8 48 39 49 31 30 53 0 26 54 42 22 39 44 44 36 22 12 35
23 26 31 22 30 16 25 13 29 24 25 19 37 26 14 47 20 16 10 21 30 32 30 23 13 44 33 5 33 26 0 35 17 20 40 30 37 40 27 17 30
12 10 19 23 10 23 12 40 43 38 17 20 45 49 31 42 43 28 39 18 8 4 53 18 27 30 36 36 6 54 35 0 23 33 35 11 25 39 39 42 27
12 16 29 22 20 17 15 17 39 33 23 17 45 40 22 50 34 6 25 19 20 20 44 6 4 41 38 15 18 42 17 23 0 28 42 21 35 44 36 31 31
23 24 20 10 23 12 22 32 11 5 16 14 18 16 6 28 10 31 13 15 25 29 20 32 27 28 14 24 33 22 20 33 28 0 22 22 22 21 8 11 13
31 30 16 20 25 26 28 52 20 20 20 25 16 31 26 8 28 47 35 23 27 32 34 42 43 10 8 44 39 39 40 35 42 22 0 24 11 5 17 31 11
9 6 8 12 1 15 6 38 32 27 6 11 34 38 22 31 32 27 31 9 3 8 42 20 25 20 25 32 15 44 30 11 21 22 24 0 14 28 28 33 16
23 20 6 16 15 22 20 48 27 24 12 18 24 37 26 18 32 40 35 16 17 22 41 34 36 7 15 40 29 44 37 25 35 22 11 14 0 16 23 33 9
34 33 20 22 29 28 31 52 17 18 23 27 11 28 26 7 27 49 33 26 31 36 31 45 45 15 7 44 43 36 40 39 44 21 5 28 16 0 16 29 13
30 30 22 16 29 19 28 40 4 3 22 21 10 14 14 23 11 39 18 21 31 35 18 39 35 27 9 32 40 22 27 39 36 8 17 28 23 16 0 14 14
31 32 31 21 33 19 30 30 13 11 27 23 22 9 11 36 3 33 7 24 34 38 13 37 29 39 23 22 41 12 17 42 31 11 31 33 33 29 14 0 24
21 20 8 9 17 15 18 42 18 15 10 14 18 28 17 19 23 36 26 13 19 24 32 32 32 15 9 34 30 35 30 27 31 13 11 16 9 13 14 24 0
0 612
502 563
402 463
397 458
483 544
401 462
391 452
240 301
51 112
119 180
271 332
336 397
32 93
509 570
65 126
156 217
478 539
375 436
398 459
497 558
512 573
326 387
241 302
256 317
491 552
529 590
439 500
279 340
3 64
383 444
415 476
524 585
444 505
163 224
127 188
227 288
247 308
176 237
25 86
16 77
111 172
0
42
50
39
40
37
78
27
65
73
46
34
41
69
64
30
25
49
80
65
39
44
50
80
39
41
31
55
64
66
55
42
39
82
51
66
57
55
24
28
39
