41
1300
0 35 50 25 34 9 13 31 32 37 11 19 35 44 16 30 26 17 35 47 17 49 34 36 53 36 48 16 14 26 20 26 40 27 23 27 51 33 47 25 4
35 0 25 16 2 37 24 16 13 17 28 23 32 18 23 28 31 30 19 16 23 16 5 30 24 3 15 34 21 37 20 19 6 37 29 17 18 7 19 33 31
50 25 0 25 23 56 44 41 18 42 48 32 25 7 34 27 32 39 44 36 33 15 30 22 6 22 19 56 38 38 30 43 27 38 33 41 13 20 6 34 46
25 16 25 0 14 32 20 26 7 31 24 8 19 19 9 14 15 15 31 32 8 26 20 18 28 16 27 32 14 21 5 26 22 21 13 24 28 9 22 17 21
34 2 23 14 0 37 24 18 11 19 28 21 30 16 21 26 29 28 21 18 21 15 7 28 23 2 14 35 20 35 18 20 8 35 27 18 17 5 18 31 30
9 37 56 32 37 0 13 29 38 35 10 26 43 50 23 38 35 26 33 47 24 52 35 44 58 39 51 8 18 35 27 24 41 36 32 26 54 37 52 34 11
13 24 44 20 24 13 0 18 26 24 4 16 33 37 13 28 26 22 23 34 14 39 22 34 45 26 38 12 6 30 17 14 28 31 23 14 41 24 39 27 9
31 16 41 26 18 29 18 0 28 6 20 30 45 34 27 40 40 36 5 18 28 32 11 44 40 19 29 23 20 44 28 5 17 45 37 4 34 23 35 41 27
32 13 18 7 11 38 26 28 0 30 30 15 19 12 16 15 19 22 32 29 15 21 18 17 21 13 22 38 20 25 12 29 19 25 17 27 21 6 15 21 28
37 17 42 31 19 35 24 6 30 0 26 36 49 35 33 45 45 42 2 13 34 31 12 47 41 20 28 29 26 50 33 11 16 50 42 10 33 24 36 46 33
11 28 48 24 28 10 4 20 30 26 0 20 37 41 17 32 30 24 24 37 18 43 25 38 49 30 42 8 10 33 21 15 32 34 27 16 45 28 43 31 9
19 23 32 8 21 26 16 30 15 36 20 0 17 27 3 12 10 7 35 39 2 34 26 18 36 23 35 28 10 14 3 27 29 15 7 26 36 17 30 11 15
35 32 25 19 30 43 33 45 19 49 37 17 0 24 20 5 9 18 50 48 19 36 37 3 31 32 39 45 27 14 18 44 38 13 12 42 35 25 27 11 32
44 18 7 19 16 50 37 34 12 35 41 27 24 0 28 23 28 34 37 30 27 12 23 21 9 15 16 49 32 34 24 36 21 34 28 34 11 13 3 30 40
16 23 34 9 21 23 13 27 16 33 17 3 20 28 0 15 13 9 32 37 1 35 24 21 37 23 35 25 7 17 4 24 29 18 10 23 37 18 31 14 12
30 28 27 14 26 38 28 40 15 45 32 12 5 23 15 0 5 13 45 44 14 35 33 6 32 28 37 40 22 11 13 39 34 11 7 37 34 21 26 7 27
26 31 32 15 29 35 26 40 19 45 30 10 9 28 13 5 0 9 45 47 12 39 35 11 37 31 41 38 20 6 12 37 37 6 3 36 39 24 31 2 24
17 30 39 15 28 26 22 36 22 42 24 7 18 34 9 13 9 0 41 46 8 41 33 19 43 30 42 31 16 9 10 33 36 10 6 32 43 24 37 8 15
35 19 44 31 21 33 23 5 32 2 24 35 50 37 32 45 45 41 0 15 33 33 14 49 43 22 30 27 25 49 33 9 18 50 42 9 35 26 38 46 32
47 16 36 32 18 47 34 18 29 13 37 39 48 30 37 44 47 46 15 0 38 21 13 46 32 17 17 41 33 53 36 23 10 53 45 21 23 23 30 49 43
17 23 33 8 21 24 14 28 15 34 18 2 19 27 1 14 12 8 33 38 0 34 25 20 36 23 35 26 8 16 3 25 29 17 9 24 36 17 30 13 13
49 16 15 26 15 52 39 32 21 31 43 34 36 12 35 35 39 41 33 21 34 0 21 33 11 13 4 50 35 45 31 35 15 45 38 33 2 17 11 41 45
34 5 30 20 7 35 22 11 18 12 25 26 37 23 24 33 35 33 14 13 25 21 0 35 29 8 19 31 20 40 23 14 7 40 32 12 23 12 24 36 30
36 30 22 18 28 44 34 44 17 47 38 18 3 21 21 6 11 19 49 46 20 33 35 0 28 30 37 46 28 17 19 44 36 16 13 42 32 23 24 13 33
53 24 6 28 23 58 45 40 21 41 49 36 31 9 37 32 37 43 43 32 36 11 29 28 0 21 15 57 40 43 33 43 25 43 37 41 9 21 6 39 49
36 3 22 16 2 39 26 19 13 20 30 23 32 15 23 28 31 30 22 17 23 13 8 30 21 0 12 37 22 37 20 22 7 37 29 20 15 7 16 33 32
48 15 19 27 14 51 38 29 22 28 42 35 39 16 35 37 41 42 30 17 35 4 19 37 15 12 0 49 34 47 32 32 12 47 39 30 6 18 14 43 44
16 34 56 32 35 8 12 23 38 29 8 28 45 49 25 40 38 31 27 41 26 50 31 46 57 37 49 0 18 40 29 18 38 41 35 20 52 36 51 39 16
14 21 38 14 20 18 6 20 20 26 10 10 27 32 7 22 20 16 25 33 8 35 20 28 40 22 34 18 0 24 11 17 26 25 17 16 37 19 34 21 10
26 37 38 21 35 35 30 44 25 50 33 14 14 34 17 11 6 9 49 53 16 45 40 17 43 37 47 40 24 0 17 41 43 1 8 40 45 30 37 4 24
20 20 30 5 18 27 17 28 12 33 21 3 18 24 4 13 12 10 33 36 3 31 23 19 33 20 32 29 11 17 0 26 26 17 9 24 33 14 27 13 16
26 19 43 26 20 24 14 5 29 11 15 27 44 36 24 39 37 33 9 23 25 35 14 44 43 22 32 18 17 41 26 0 20 42 34 2 37 24 38 38 23
40 6 27 22 8 41 28 17 19 16 32 29 38 21 29 34 37 36 18 10 29 15 7 36 25 7 12 38 26 43 26 20 0 43 35 18 17 13 21 39 36
27 37 38 21 35 36 31 45 25 50 34 15 13 34 18 11 6 10 50 53 17 45 40 16 43 37 47 41 25 1 17 42 43 0 8 41 45 30 37 4 25
23 29 33 13 27 32 23 37 17 42 27 7 12 28 10 7 3 6 42 45 9 38 32 13 37 29 39 35 17 8 9 34 35 8 0 33 38 22 31 4 21
27 17 41 24 18 26 14 4 27 10 16 26 42 34 23 37 36 32 9 21 24 33 12 42 41 20 30 20 16 40 24 2 18 41 33 0 35 22 36 37 23
51 18 13 28 17 54 41 34 21 33 45 36 35 11 37 34 39 43 35 23 36 2 23 32 9 15 6 52 37 45 33 37 17 45 38 35 0 19 9 41 47
33 7 20 9 5 37 24 23 6 24 28 17 25 13 18 21 24 24 26 23 17 17 12 23 21 7 18 36 19 30 14 24 13 30 22 22 19 0 15 26 29
47 19 6 22 18 52 39 35 15 36 43 30 27 3 31 26 31 37 38 30 30 11 24 24 6 16 14 51 34 37 27 38 21 37 31 36 9 15 0 33 43
25 33 34 17 31 34 27 41 21 46 31 11 11 30 14 7 2 8 46 49 13 41 36 13 39 33 43 39 21 4 13 38 39 4 4 37 41 26 33 0 23
4 31 46 21 30 11 9 27 28 33 9 15 32 40 12 27 24 15 32 43 13 45 30 33 49 32 44 16 10 24 16 23 36 25 21 23 47 29 43 23 0
0 342
191 327
107 243
184 320
39 175
41 177
125 261
191 327
56 192
8 144
73 209
9 145
109 245
154 290
73 209
191 327
77 213
185 321
123 259
197 333
84 220
132 268
197 333
116 252
141 277
193 329
63 199
141 277
83 219
55 191
170 306
87 223
151 287
82 218
182 318
74 210
201 337
85 221
8 144
79 215
125 261
0
73
51
80
40
57
29
54
22
13
34
30
68
27
67
79
66
19
40
57
23
52
49
56
58
63
62
51
74
15
13
45
73
74
62
38
28
70
71
64
53
