41
1300
0 24 29 43 39 5 41 42 41 40 16 27 34 39 14 25 15 15 32 15 27 32 16 35 13 43 23 25 43 23 36 15 12 42 10 21 45 41 30 26 41
24 0 18 34 18 24 19 21 36 32 32 10 40 30 10 4 37 39 8 13 22 8 8 32 15 34 25 34 26 9 23 28 32 35 14 29 43 21 24 17 34
29 18 0 16 15 27 17 17 18 14 27 28 24 12 20 14 38 42 25 14 6 24 19 15 16 16 13 22 14 27 7 23 30 17 23 19 26 16 7 3 16
43 34 16 0 24 40 25 23 8 4 35 44 23 4 35 30 47 52 40 29 16 37 34 12 31 0 21 26 16 43 11 32 39 6 38 27 17 22 13 18 6
39 18 15 24 0 38 2 3 28 23 41 27 39 21 26 15 51 53 20 24 21 17 24 29 26 24 27 37 8 27 13 37 43 27 30 33 37 3 22 17 26
5 24 27 40 38 0 40 41 37 36 11 30 29 36 14 25 13 15 32 14 24 32 16 31 12 40 19 20 41 26 34 10 8 38 12 16 40 40 27 24 37
41 19 17 25 2 40 0 3 30 25 43 27 41 23 28 17 53 55 20 26 23 17 26 31 28 25 29 39 9 28 15 39 45 29 32 35 39 3 24 19 28
42 21 17 23 3 41 3 0 28 23 43 30 40 21 29 18 54 56 23 27 23 20 27 29 29 23 29 39 7 30 13 39 46 27 33 35 37 1 23 19 26
41 36 18 8 28 37 30 28 0 5 29 46 15 7 35 32 41 46 43 29 15 41 35 6 30 8 18 20 22 45 15 27 34 2 38 21 9 27 12 19 2
40 32 14 4 23 36 25 23 5 0 31 42 19 2 33 28 43 48 39 27 13 36 32 8 28 4 17 22 17 41 10 28 35 4 36 23 14 22 10 16 3
16 32 27 35 41 11 43 43 29 31 0 38 19 31 22 30 12 17 40 19 21 40 24 23 17 35 14 10 40 34 32 4 5 31 21 8 31 42 22 24 30
27 10 28 44 27 30 27 30 46 42 38 0 49 40 16 14 42 42 7 21 32 10 15 42 22 44 34 42 35 4 33 35 38 45 18 37 53 30 34 27 44
34 40 24 23 39 29 41 40 15 19 19 49 0 21 34 36 31 36 47 28 19 46 34 11 28 23 15 9 35 45 27 19 24 17 35 13 12 39 17 24 17
39 30 12 4 21 36 23 21 7 2 31 40 21 0 31 26 43 48 37 25 12 34 30 10 27 4 17 24 15 39 8 28 35 6 34 23 16 20 9 14 5
14 10 20 35 26 14 28 29 35 33 22 16 34 31 0 11 27 29 18 6 20 18 2 30 6 35 19 26 32 12 27 19 22 35 4 21 41 29 23 17 34
25 4 14 30 15 25 17 18 32 28 30 14 36 26 11 0 38 40 11 11 18 10 9 28 13 30 21 31 22 13 19 26 30 31 15 26 39 18 20 13 30
15 37 38 47 51 13 53 54 41 43 12 42 31 43 27 38 0 5 45 27 33 45 29 35 25 47 26 22 52 38 44 15 8 43 25 20 43 53 34 35 42
15 39 42 52 53 15 55 56 46 48 17 42 36 48 29 40 5 0 47 29 38 47 31 40 27 52 31 27 56 38 49 20 13 48 25 25 48 55 39 39 47
32 8 25 40 20 32 20 23 43 39 40 7 47 37 18 11 45 47 0 21 29 3 16 39 23 40 32 42 28 10 29 36 40 42 22 37 50 23 31 24 41
15 13 14 29 24 14 26 27 29 27 19 21 28 25 6 11 27 29 21 0 14 21 6 24 2 29 13 21 28 17 21 15 19 29 9 16 35 26 17 11 28
27 22 6 16 21 24 23 23 15 13 21 32 19 12 20 18 33 38 29 14 0 28 20 11 15 16 7 16 19 30 11 18 25 15 23 13 22 22 3 5 14
32 8 24 37 17 32 17 20 41 36 40 10 46 34 18 10 45 47 3 21 28 0 16 38 23 37 31 41 25 13 26 36 40 40 22 36 49 20 30 23 39
16 8 19 34 24 16 26 27 35 32 24 15 34 30 2 9 29 31 16 6 20 16 0 30 7 34 19 27 30 11 25 20 24 35 6 22 41 27 23 16 34
35 32 15 12 29 31 31 29 6 8 23 42 11 10 30 28 35 40 39 24 11 38 30 0 25 12 12 14 24 41 16 21 28 8 33 15 11 28 8 15 7
13 15 16 31 26 12 28 29 30 28 17 22 28 27 6 13 25 27 23 2 15 23 7 25 0 31 13 20 30 18 23 13 17 30 8 15 36 28 18 13 29
43 34 16 0 24 40 25 23 8 4 35 44 23 4 35 30 47 52 40 29 16 37 34 12 31 0 21 26 16 43 11 32 39 6 38 27 17 22 13 18 6
23 25 13 21 27 19 29 29 18 17 14 34 15 17 19 21 26 31 32 13 7 31 19 12 13 21 0 10 26 30 18 11 18 19 21 6 23 28 8 10 18
25 34 22 26 37 20 39 39 20 22 10 42 9 24 26 31 22 27 42 21 16 41 27 14 20 26 10 0 35 38 27 10 15 22 27 5 21 38 17 20 21
43 26 14 16 8 41 9 7 22 17 40 35 35 15 32 22 52 56 28 28 19 25 30 24 30 16 26 35 0 35 8 37 44 21 36 32 31 6 18 17 20
23 9 27 43 27 26 28 30 45 41 34 4 45 39 12 13 38 38 10 17 30 13 11 41 18 43 30 38 35 0 32 31 34 44 14 33 52 30 33 26 43
36 23 7 11 13 34 15 13 15 10 32 33 27 8 27 19 44 49 29 21 11 26 25 16 23 11 18 27 8 32 0 29 36 14 30 24 24 12 10 10 13
15 28 23 32 37 10 39 39 27 28 4 35 19 28 19 26 15 20 36 15 18 36 20 21 13 32 11 10 37 31 29 0 7 29 18 6 30 38 19 20 28
12 32 30 39 43 8 45 46 34 35 5 38 24 35 22 30 8 13 40 19 25 40 24 28 17 39 18 15 44 34 36 7 0 36 20 13 36 45 26 27 35
42 35 17 6 27 38 29 27 2 4 31 45 17 6 35 31 43 48 42 29 15 40 35 8 30 6 19 22 21 44 14 29 36 0 38 23 11 26 12 19 1
10 14 23 38 30 12 32 33 38 36 21 18 35 34 4 15 25 25 22 9 23 22 6 33 8 38 21 27 36 14 30 18 20 38 0 22 44 33 26 20 37
21 29 19 27 33 16 35 35 21 23 8 37 13 23 21 26 20 25 37 16 13 36 22 15 15 27 6 5 32 33 24 6 13 23 22 0 24 34 14 16 22
45 43 26 17 37 40 39 37 9 14 31 53 12 16 41 39 43 48 50 35 22 49 41 11 36 17 23 21 31 52 24 30 36 11 44 24 0 36 19 26 11
41 21 16 22 3 40 3 1 27 22 42 30 39 20 29 18 53 55 23 26 22 20 27 28 28 22 28 38 6 30 12 38 45 26 33 34 36 0 22 18 25
30 24 7 13 22 27 24 23 12 10 22 34 17 9 23 20 34 39 31 17 3 30 23 8 18 13 8 17 18 33 10 19 26 12 26 14 19 22 0 7 11
26 17 3 18 17 24 19 19 19 16 24 27 24 14 17 13 35 39 24 11 5 23 16 15 13 18 10 20 17 26 10 20 27 19 20 16 26 18 7 0 18
41 34 16 6 26 37 28 26 2 3 30 44 17 5 34 30 42 47 41 28 14 39 34 7 29 6 18 21 20 43 13 28 35 1 37 22 11 25 11 18 0
0 538
121 336
30 245
61 276
266 481
9 224
40 255
260 475
124 339
65 280
292 507
261 476
289 504
295 510
98 313
18 233
169 384
99 314
175 390
314 529
186 401
59 274
188 403
25 240
113 328
201 416
148 363
58 273
276 491
300 515
97 312
35 250
94 309
102 317
246 461
308 523
244 459
286 501
133 348
7 222
121 336
0
52
73
41
80
59
59
49
37
14
46
71
71
36
60
61
51
18
43
41
13
24
34
39
47
60
60
72
59
75
26
78
53
59
69
35
43
49
55
48
39
