41
1300
0 51 28 42 5 7 37 32 9 46 37 16 34 11 22 7 30 25 32 4 45 22 6 37 34 43 44 42 7 37 30 36 17 37 20 14 13 32 28 28 8
51 0 23 20 46 58 29 40 47 5 34 35 18 41 30 44 39 26 30 47 17 29 45 18 27 10 9 25 55 35 21 15 37 25 36 42 39 19 34 28 44
28 23 0 23 23 35 25 21 24 18 30 13 6 20 7 21 28 3 23 25 17 10 23 16 22 18 18 27 32 30 6 8 18 22 19 23 18 4 23 16 22
42 20 23 0 37 49 9 44 42 16 15 27 22 31 29 36 21 25 12 38 31 21 36 7 9 10 11 5 48 16 17 18 25 6 22 29 29 19 17 14 34
5 46 23 37 0 12 32 29 8 41 32 11 29 6 17 2 25 20 27 2 40 17 1 32 29 38 39 37 11 32 25 31 12 32 15 9 8 27 23 23 3
7 58 35 49 12 0 44 34 12 53 44 23 41 18 29 14 37 32 39 11 52 29 13 44 41 50 51 49 4 44 37 43 24 44 27 21 20 39 35 35 15
37 29 25 9 32 44 0 45 39 25 6 24 25 26 29 32 13 26 5 33 37 18 31 11 3 19 20 6 43 7 19 23 20 4 17 24 25 21 10 10 29
32 40 21 44 29 34 45 0 23 36 49 25 23 32 16 27 46 20 42 31 24 27 29 37 42 38 38 48 30 49 27 27 32 43 35 35 30 25 41 35 31
9 47 24 42 8 12 39 23 0 42 40 15 30 14 17 8 33 21 35 9 40 21 9 36 36 42 42 44 8 40 28 32 20 38 23 17 15 28 31 29 11
46 5 18 16 41 53 25 36 42 0 30 30 13 36 25 39 35 21 26 42 16 24 40 14 23 6 5 21 50 31 16 10 32 21 31 37 34 14 30 23 39
37 34 30 15 32 44 6 49 40 30 0 27 30 26 33 32 9 30 7 33 42 22 31 16 8 24 25 11 43 1 24 28 20 9 17 23 25 26 9 14 29
16 35 13 27 11 23 24 25 15 30 27 0 19 7 10 9 21 10 21 12 30 6 10 21 21 27 28 29 22 27 14 20 7 23 10 10 5 16 18 14 9
34 18 6 22 29 41 25 23 30 13 30 19 0 26 13 27 29 9 23 31 12 14 29 16 22 15 15 27 38 30 6 4 22 22 23 27 24 4 24 17 28
11 41 20 31 6 18 26 32 14 36 26 7 26 0 17 6 19 17 21 7 37 12 5 26 23 33 34 31 17 26 20 26 6 26 9 3 2 22 17 17 3
22 30 7 29 17 29 29 16 17 25 33 10 13 17 0 15 30 4 26 19 23 11 17 22 26 25 25 33 25 33 12 15 17 28 20 20 15 11 25 19 18
7 44 21 36 2 14 32 27 8 39 32 9 27 6 15 0 25 18 27 4 38 15 2 30 29 36 37 37 13 32 23 29 12 31 15 9 7 25 23 22 4
30 39 28 21 25 37 13 46 33 35 9 21 29 19 30 25 0 28 9 26 41 19 24 21 12 29 30 19 36 8 23 29 14 15 11 16 19 25 5 12 22
25 26 3 25 20 32 26 20 21 21 30 10 9 17 4 18 28 0 23 22 20 9 20 18 23 21 21 29 29 30 8 11 16 24 18 20 15 7 23 16 19
32 30 23 12 27 39 5 42 35 26 7 21 23 21 26 27 9 23 0 28 35 15 26 12 3 20 21 11 38 7 17 22 15 6 12 19 20 19 5 7 24
4 47 25 38 2 11 33 31 9 42 33 12 31 7 19 4 26 22 28 0 42 18 2 33 30 39 40 38 10 33 26 32 13 33 16 10 9 28 24 24 4
45 17 17 31 40 52 37 24 40 16 42 30 12 37 23 38 41 20 35 42 0 26 40 26 34 21 21 36 48 42 18 14 34 33 35 39 35 16 36 29 39
22 29 10 21 17 29 18 27 21 24 22 6 14 12 11 15 19 9 15 18 26 0 16 15 15 21 22 23 28 22 8 14 8 17 9 13 10 10 14 8 15
6 45 23 36 1 13 31 29 9 40 31 10 29 5 17 2 24 20 26 2 40 16 0 31 28 37 38 36 12 31 24 30 11 31 14 8 7 26 22 22 2
37 18 16 7 32 44 11 37 36 14 16 21 16 26 22 30 21 18 12 33 26 15 31 0 9 8 9 11 43 17 10 12 21 7 18 25 24 12 16 10 29
34 27 22 9 29 41 3 42 36 23 8 21 22 23 26 29 12 23 3 30 34 15 28 9 0 17 18 8 40 9 16 20 17 3 14 21 22 18 8 7 26
43 10 18 10 38 50 19 38 42 6 24 27 15 33 25 36 29 21 20 39 21 21 37 8 17 0 1 15 49 25 14 11 29 15 26 33 31 14 24 18 36
44 9 18 11 39 51 20 38 42 5 25 28 15 34 25 37 30 21 21 40 21 22 38 9 18 1 0 16 50 26 15 11 30 16 27 34 32 14 25 19 37
42 25 27 5 37 49 6 48 44 21 11 29 27 31 33 37 19 29 11 38 36 23 36 11 8 15 16 0 48 12 21 23 25 6 22 29 30 23 16 15 34
7 55 32 48 11 4 43 30 8 50 43 22 38 17 25 13 36 29 38 10 48 28 12 43 40 49 50 48 0 43 36 40 23 43 26 20 19 36 34 34 14
37 35 30 16 32 44 7 49 40 31 1 27 30 26 33 32 8 30 7 33 42 22 31 17 9 25 26 12 43 0 24 29 20 10 17 23 25 26 9 14 29
30 21 6 17 25 37 19 27 28 16 24 14 6 20 12 23 23 8 17 26 18 8 24 10 16 14 15 21 36 24 0 6 16 16 17 21 18 2 18 11 23
36 15 8 18 31 43 23 27 32 10 28 20 4 26 15 29 29 11 22 32 14 14 30 12 20 11 11 23 40 29 6 0 22 19 23 27 24 4 24 17 29
17 37 18 25 12 24 20 32 20 32 20 7 22 6 17 12 14 16 15 13 34 8 11 21 17 29 30 25 23 20 16 22 0 20 3 5 5 18 11 11 9
37 25 22 6 32 44 4 43 38 21 9 23 22 26 28 31 15 24 6 33 33 17 31 7 3 15 16 6 43 10 16 19 20 0 17 24 24 18 11 9 29
20 36 19 22 15 27 17 35 23 31 17 10 23 9 20 15 11 18 12 16 35 9 14 18 14 26 27 22 26 17 17 23 3 17 0 7 8 19 8 8 12
14 42 23 29 9 21 24 35 17 37 23 10 27 3 20 9 16 20 19 10 39 13 8 25 21 33 34 29 20 23 21 27 5 24 7 0 5 23 14 15 6
13 39 18 29 8 20 25 30 15 34 25 5 24 2 15 7 19 15 20 9 35 10 7 24 22 31 32 30 19 25 18 24 5 24 8 5 0 20 16 15 5
32 19 4 19 27 39 21 25 28 14 26 16 4 22 11 25 25 7 19 28 16 10 26 12 18 14 14 23 36 26 2 4 18 18 19 23 20 0 20 13 25
28 34 23 17 23 35 10 41 31 30 9 18 24 17 25 23 5 23 5 24 36 14 22 16 8 24 25 16 34 9 18 24 11 11 8 14 16 20 0 7 20
28 28 16 14 23 35 10 35 29 23 14 14 17 17 19 22 12 16 7 24 29 8 22 10 7 18 19 15 34 14 11 17 11 9 8 15 15 13 7 0 20
8 44 22 34 3 15 29 31 11 39 29 9 28 3 18 4 22 19 24 4 39 15 2 29 26 36 37 34 14 29 23 29 9 29 12 6 5 25 20 20 0
0 293
59 176
110 227
21 138
110 227
88 205
105 222
149 266
76 193
31 148
93 210
98 215
83 200
59 176
147 264
173 290
26 143
7 124
141 258
122 239
44 161
90 207
61 178
165 282
107 224
100 217
124 241
88 205
151 268
116 233
138 255
92 209
111 228
134 251
69 186
155 272
41 158
20 137
36 153
168 285
146 263
0
39
90
25
86
44
59
46
17
50
27
57
45
51
74
62
73
49
65
20
34
39
83
23
33
77
63
11
60
54
97
26
36
92
69
45
24
43
21
38
53
