41
1300
0 20 6 13 25 33 19 36 36 32 25 20 31 31 33 13 40 32 10 11 35 28 28 35 23 6 13 19 40 11 24 11 30 10 22 33 28 10 26 11 2
20 0 23 7 9 14 21 21 17 12 14 2 13 23 25 7 26 19 15 13 16 12 23 19 13 22 29 18 25 26 21 9 13 12 15 16 31 12 19 23 21
6 23 0 16 31 37 25 42 39 35 24 24 36 37 39 16 38 38 8 10 39 33 34 35 29 1 18 16 39 16 30 14 33 16 20 34 34 11 24 6 8
13 7 16 0 16 21 21 28 23 19 13 8 20 27 29 0 27 25 8 6 23 19 26 22 17 15 25 12 27 22 23 2 17 8 11 20 31 5 16 16 14
25 9 31 16 0 8 17 12 19 7 23 8 6 16 16 16 31 10 24 22 10 3 16 24 6 30 31 27 30 28 15 17 17 15 24 20 25 21 28 32 25
33 14 37 21 8 0 24 11 14 2 24 13 2 20 19 21 29 13 29 27 2 7 21 22 13 36 38 32 28 35 22 23 15 23 27 18 31 26 29 37 33
19 21 25 21 17 24 0 23 36 24 34 19 22 12 14 21 47 17 26 24 26 17 9 40 11 25 16 32 46 13 5 20 33 13 32 36 10 23 37 30 17
36 21 42 28 12 11 23 0 24 13 35 20 10 13 11 28 40 6 36 34 10 9 16 33 13 41 38 39 38 35 18 29 26 26 36 29 25 33 40 44 35
36 17 39 23 19 14 36 24 0 12 18 18 15 33 33 23 17 27 31 29 14 20 34 10 25 38 46 28 14 43 34 25 6 29 22 7 44 28 23 39 37
32 12 35 19 7 2 24 13 12 0 22 12 3 21 21 19 27 15 27 25 4 8 22 20 13 34 38 30 26 35 22 21 13 22 25 16 32 24 27 35 32
25 14 24 13 23 24 34 35 18 22 0 16 25 37 39 13 15 33 16 14 26 26 37 11 27 23 38 10 16 35 35 15 12 21 4 12 44 15 5 22 27
20 2 24 8 8 13 19 20 18 12 16 0 12 21 23 8 28 18 16 14 15 11 21 21 11 23 28 20 27 25 19 10 14 11 17 17 29 13 21 24 21
31 13 36 20 6 2 22 10 15 3 25 12 0 18 18 20 30 12 28 26 4 5 19 23 11 35 36 31 29 33 20 22 16 21 27 19 29 25 30 36 31
31 23 37 27 16 20 12 13 33 21 37 21 18 0 2 27 47 7 34 32 21 13 3 40 10 36 28 39 46 25 7 27 33 21 38 36 12 31 42 40 29
33 25 39 29 16 19 14 11 33 21 39 23 18 2 0 29 47 6 36 34 20 13 5 40 12 38 30 41 46 27 9 29 33 23 40 36 14 33 44 42 31
13 7 16 0 16 21 21 28 23 19 13 8 20 27 29 0 27 25 8 6 23 19 26 22 17 15 25 12 27 22 23 2 17 8 11 20 31 5 16 16 14
40 26 38 27 31 29 47 40 17 27 15 28 30 47 47 27 0 41 30 29 31 34 47 7 37 37 52 23 3 49 46 29 14 35 18 11 56 30 15 36 41
32 19 38 25 10 13 17 6 27 15 33 18 12 7 6 25 41 0 33 31 14 7 10 34 9 37 33 37 40 30 12 26 27 22 34 30 19 30 38 41 31
10 15 8 8 24 29 26 36 31 27 16 16 28 34 36 8 30 33 0 2 31 27 32 27 24 7 23 9 31 21 29 7 25 13 12 26 36 3 17 8 12
11 13 10 6 22 27 24 34 29 25 14 14 26 32 34 6 29 31 2 0 29 25 30 25 22 9 24 8 30 22 27 5 23 11 11 24 34 1 15 10 13
35 16 39 23 10 2 26 10 14 4 26 15 4 21 20 23 31 14 31 29 0 9 23 24 15 38 40 34 28 37 24 25 17 25 29 20 33 28 31 39 35
28 12 33 19 3 7 17 9 20 8 26 11 5 13 13 19 34 7 27 25 9 0 14 27 6 33 31 30 33 28 15 20 20 18 27 23 24 24 31 35 28
28 23 34 26 16 21 9 16 34 22 37 21 19 3 5 26 47 10 32 30 23 14 0 40 10 34 25 38 46 22 4 26 33 19 37 36 10 29 42 38 26
35 19 35 22 24 22 40 33 10 20 11 21 23 40 40 22 7 34 27 25 24 27 40 0 30 34 47 21 6 44 39 24 7 30 15 4 49 26 15 33 36
23 13 29 17 6 13 11 13 25 13 27 11 11 10 12 17 37 9 24 22 15 6 10 30 0 28 25 29 36 22 9 17 23 13 28 26 19 21 32 32 22
6 22 1 15 30 36 25 41 38 34 23 23 35 36 38 15 37 37 7 9 38 33 34 34 28 0 19 15 38 17 30 13 32 15 19 33 34 10 23 5 8
13 29 18 25 31 38 16 38 46 38 38 28 36 28 30 25 52 33 23 24 40 31 25 47 25 19 0 32 52 3 21 23 42 17 35 44 21 23 39 24 11
19 18 16 12 27 32 32 39 28 30 10 20 31 39 41 12 23 37 9 8 34 30 38 21 29 15 32 0 25 30 35 13 22 19 6 22 42 9 8 13 21
40 25 39 27 30 28 46 38 14 26 16 27 29 46 46 27 3 40 31 30 28 33 46 6 36 38 52 25 0 49 45 29 13 35 19 10 55 31 17 37 41
11 26 16 22 28 35 13 35 43 35 35 25 33 25 27 22 49 30 21 22 37 28 22 44 22 17 3 30 49 0 18 20 39 14 33 41 19 21 37 22 9
24 21 30 23 15 22 5 18 34 22 35 19 20 7 9 23 46 12 29 27 24 15 4 39 9 30 21 35 45 18 0 22 32 16 34 35 10 26 39 35 22
11 9 14 2 17 23 20 29 25 21 15 10 22 27 29 2 29 26 7 5 25 20 26 24 17 13 23 13 29 20 22 0 19 7 13 22 30 4 18 15 12
30 13 33 17 17 15 33 26 6 13 12 14 16 33 33 17 14 27 25 23 17 20 33 7 23 32 42 22 13 39 32 19 0 25 16 3 42 22 17 33 31
10 12 16 8 15 23 13 26 29 22 21 11 21 21 23 8 35 22 13 11 25 18 19 30 13 15 17 19 35 14 16 7 25 0 19 27 23 10 24 19 10
22 15 20 11 24 27 32 36 22 25 4 17 27 38 40 11 18 34 12 11 29 27 37 15 28 19 35 6 19 33 34 13 16 19 0 16 42 12 5 18 24
33 16 34 20 20 18 36 29 7 16 12 17 19 36 36 20 11 30 26 24 20 23 36 4 26 33 44 22 10 41 35 22 3 27 16 0 45 24 16 34 34
28 31 34 31 25 31 10 25 44 32 44 29 29 12 14 31 56 19 36 34 33 24 10 49 19 34 21 42 55 19 10 30 42 23 42 45 0 33 47 39 26
10 12 11 5 21 26 23 33 28 24 15 13 25 31 33 5 30 30 3 1 28 24 29 26 21 10 23 9 31 21 26 4 22 10 12 24 33 0 16 11 12
26 19 24 16 28 29 37 40 23 27 5 21 30 42 44 16 15 38 17 15 31 31 42 15 32 23 39 8 17 37 39 18 17 24 5 16 47 16 0 21 28
11 23 6 16 32 37 30 44 39 35 22 24 36 40 42 16 36 41 8 10 39 35 38 33 32 5 24 13 37 22 35 15 33 19 18 34 39 11 21 0 13
2 21 8 14 25 33 17 35 37 32 27 21 31 29 31 14 41 31 12 13 35 28 26 36 22 8 11 21 41 9 22 12 31 10 24 34 26 12 28 13 0
0 244
154 154
193 193
62 62
26 26
74 74
126 126
194 194
33 33
216 216
185 185
173 173
67 67
7 7
173 173
198 198
219 219
19 19
167 167
97 97
53 53
200 200
150 150
87 87
68 68
32 32
179 179
99 99
175 175
93 93
121 121
126 126
26 26
179 179
60 60
66 66
233 233
169 169
91 91
152 152
129 129
0
36
66
69
71
73
44
66
70
38
37
36
34
66
69
53
67
38
22
78
29
26
37
66
69
55
63
57
36
70
62
40
78
37
34
29
17
26
50
26
60
