41
1301
0 31 14 14 16 26 30 16 44 24 8 20 12 3 39 38 15 20 33 28 26 26 30 9 19 24 22 37 6 24 40 7 14 27 24 26 33 6 24 24 29
31 0 17 38 17 29 7 41 23 8 24 43 20 28 36 45 28 18 39 25 10 42 11 35 13 21 28 31 36 15 33 24 39 31 32 44 6 26 38 10 4
14 17 0 23 6 24 17 26 32 10 8 30 4 11 36 39 16 12 33 22 13 30 18 19 6 17 21 32 20 14 35 7 24 26 25 32 20 10 27 11 15
14 38 23 0 21 21 40 3 43 33 15 7 19 16 33 26 11 33 23 24 36 12 33 5 29 23 17 32 10 36 35 18 1 21 16 12 39 13 12 29 38
16 17 6 21 0 18 20 24 28 13 8 27 4 13 30 33 12 17 27 16 17 26 14 19 10 11 15 26 20 19 29 9 22 20 19 28 18 10 23 8 17
26 29 24 21 18 0 34 24 23 29 21 22 20 26 13 16 11 35 10 4 33 17 18 22 28 8 4 11 27 37 14 25 22 2 6 19 25 21 13 19 31
30 7 17 40 20 34 0 43 30 7 25 47 21 27 43 50 32 14 44 31 6 46 18 36 11 26 33 38 36 11 40 23 41 36 37 48 13 27 43 15 3
16 41 26 3 24 24 43 0 46 36 18 6 22 18 36 27 14 35 25 27 39 13 36 7 32 26 20 35 11 39 38 21 2 24 19 12 42 16 14 32 41
44 23 32 43 28 23 30 46 0 29 36 45 32 41 21 35 32 40 30 19 33 40 14 43 32 20 26 16 47 38 16 37 44 25 29 42 17 38 36 21 27
24 8 10 33 13 29 7 36 29 0 18 40 14 21 39 45 25 11 39 26 4 39 15 29 5 21 27 34 30 9 37 17 34 31 31 41 13 20 36 10 5
8 24 8 15 8 21 25 18 36 18 0 22 4 6 34 34 11 18 29 22 21 25 22 11 14 17 17 32 12 21 35 4 16 22 20 25 25 2 22 16 23
20 43 30 7 27 22 47 6 45 40 22 0 26 22 32 22 15 39 21 26 43 8 37 11 36 27 19 32 16 43 35 25 6 21 16 6 43 20 10 33 44
12 20 4 19 4 20 21 22 32 14 4 26 0 9 33 35 12 16 29 20 17 26 18 15 10 15 17 30 16 18 33 5 20 22 21 28 21 6 23 12 19
3 28 11 16 13 26 27 18 41 21 6 22 9 0 39 38 15 17 33 27 23 28 27 11 16 23 22 37 9 21 40 4 16 27 24 28 30 5 25 21 26
39 36 36 33 30 13 43 36 21 39 34 32 33 39 0 15 24 47 12 14 43 25 25 35 39 19 17 5 40 48 5 38 34 12 17 27 31 34 22 29 40
38 45 39 26 33 16 50 27 35 45 34 22 35 38 15 0 23 50 6 20 49 14 34 30 43 24 18 19 35 52 19 38 26 14 14 16 41 33 14 35 47
15 28 16 11 12 11 32 14 32 25 11 15 12 15 24 23 0 28 18 14 29 14 22 11 22 12 7 22 16 30 25 15 12 12 9 16 28 10 11 18 29
20 18 12 33 17 35 14 35 40 11 18 39 16 17 47 50 28 0 44 33 8 42 26 28 8 28 32 43 26 4 46 15 33 37 36 43 24 20 39 19 14
33 39 33 23 27 10 44 25 30 39 29 21 29 33 12 6 18 44 0 14 43 13 28 27 37 18 12 14 32 46 15 33 23 8 9 15 35 28 11 29 41
28 25 22 24 16 4 31 27 19 26 22 26 20 27 14 20 14 33 14 0 30 21 14 25 25 5 7 10 30 34 13 25 25 6 10 23 21 22 17 16 28
26 10 13 36 17 33 6 39 33 4 21 43 17 23 43 49 29 8 43 30 0 43 19 32 7 25 31 38 32 5 41 19 37 35 35 45 16 23 40 14 6
26 42 30 12 26 17 46 13 40 39 25 8 26 28 25 14 14 42 13 21 43 0 34 17 36 23 15 26 22 44 28 28 12 15 11 2 40 23 4 32 43
30 11 18 33 14 18 18 36 14 15 22 37 18 27 25 34 22 26 28 14 19 34 0 32 18 11 19 20 34 24 22 23 34 20 23 36 7 24 30 7 15
9 35 19 5 19 22 36 7 43 29 11 11 15 11 35 30 11 28 27 25 32 17 32 0 25 23 18 33 5 32 36 14 5 23 19 17 36 9 16 27 34
19 13 6 29 10 28 11 32 32 5 14 36 10 16 39 43 22 8 37 25 7 36 18 25 0 20 25 35 25 9 38 12 30 30 29 38 17 16 33 11 10
24 21 17 23 11 8 26 26 20 21 17 27 15 23 19 24 12 28 18 5 25 23 11 23 20 0 8 15 27 29 18 20 24 10 12 25 17 18 19 11 23
22 28 21 17 15 4 33 20 26 27 17 19 17 22 17 18 7 32 12 7 31 15 19 18 25 8 0 15 23 34 18 21 18 5 4 17 25 17 11 18 30
37 31 32 32 26 11 38 35 16 34 32 32 30 37 5 19 22 43 14 10 38 26 20 33 35 15 15 0 38 43 3 35 33 11 16 28 26 32 23 24 35
6 36 20 10 20 27 36 11 47 30 12 16 16 9 40 35 16 26 32 30 32 22 34 5 25 27 23 38 0 30 41 13 10 28 24 22 37 10 21 28 35
24 15 14 36 19 37 11 39 38 9 21 43 18 21 48 52 30 4 46 34 5 44 24 32 9 29 34 43 30 0 46 18 37 39 38 46 21 23 41 19 11
40 33 35 35 29 14 40 38 16 37 35 35 33 40 5 19 25 46 15 13 41 28 22 36 38 18 18 3 41 46 0 38 36 14 19 30 28 35 25 27 37
7 24 7 18 9 25 23 21 37 17 4 25 5 4 38 38 15 15 33 25 19 28 23 14 12 20 21 35 13 18 38 0 19 26 24 29 26 5 25 17 22
14 39 24 1 22 22 41 2 44 34 16 6 20 16 34 26 12 33 23 25 37 12 34 5 30 24 18 33 10 37 36 19 0 22 17 12 40 14 12 30 39
27 31 26 21 20 2 36 24 25 31 22 21 22 27 12 14 12 37 8 6 35 15 20 23 30 10 5 11 28 39 14 26 22 0 5 17 27 22 12 21 33
24 32 25 16 19 6 37 19 29 31 20 16 21 24 17 14 9 36 9 10 35 11 23 19 29 12 4 16 24 38 19 24 17 5 0 13 29 19 7 22 34
26 44 32 12 28 19 48 12 42 41 25 6 28 28 27 16 16 43 15 23 45 2 36 17 38 25 17 28 22 46 30 29 12 17 13 0 42 24 6 34 45
33 6 20 39 18 25 13 42 17 13 25 43 21 30 31 41 28 24 35 21 16 40 7 36 17 17 25 26 37 21 28 26 40 27 29 42 0 27 36 10 10
6 26 10 13 10 21 27 16 38 20 2 20 6 5 34 33 10 20 28 22 23 23 24 9 16 18 17 32 10 23 35 5 14 22 19 24 27 0 20 18 25
24 38 27 12 23 13 43 14 36 36 22 10 23 25 22 14 11 39 11 17 40 4 30 16 33 19 11 23 21 41 25 25 12 12 7 6 36 20 0 28 40
24 10 11 29 8 19 15 32 21 10 16 33 12 21 29 35 18 19 29 16 14 32 7 27 11 11 18 24 28 19 27 17 30 21 22 34 10 18 28 0 12
29 4 15 38 17 31 3 41 27 5 23 44 19 26 40 47 29 14 41 28 6 43 15 34 10 23 30 35 35 11 37 22 39 33 34 45 10 25 40 12 0
0 734
397 470
408 481
162 235
260 333
607 680
459 532
466 539
69 142
443 516
425 498
429 502
644 717
132 205
580 653
102 175
608 681
387 460
562 635
325 398
199 272
13 86
591 664
253 326
106 179
249 322
450 523
621 694
544 617
308 381
606 679
434 507
244 317
513 586
32 105
612 685
103 176
398 471
150 223
358 431
588 661
0
75
84
46
28
48
31
73
48
30
46
34
50
39
50
48
21
74
73
45
18
54
38
22
44
81
73
27
76
58
38
33
50
33
41
55
74
40
69
67
67
