41
1302
0 30 10 52 20 13 39 40 10 41 25 22 32 6 3 46 36 13 40 39 29 38 18 29 32 42 28 27 23 28 30 48 10 29 28 51 49 26 14 23 49
30 0 24 29 10 17 10 10 22 12 11 28 6 36 29 20 16 20 17 20 10 11 12 5 14 20 2 26 21 2 12 28 24 25 2 28 23 5 29 7 26
10 24 0 51 16 13 34 34 13 35 24 27 28 13 13 42 35 4 31 30 27 29 14 25 23 41 23 30 25 22 29 47 0 31 22 50 45 19 22 19 48
52 29 51 0 35 39 21 23 43 24 27 39 23 58 50 10 16 47 40 44 24 34 37 26 42 10 29 33 34 31 22 11 51 31 31 2 7 33 46 32 3
20 10 16 35 0 8 19 20 13 21 9 21 12 26 20 26 19 12 24 25 11 18 2 9 18 25 8 20 15 8 13 31 16 21 8 34 29 6 21 3 32
13 17 13 39 8 0 26 27 5 29 12 15 19 19 12 33 23 12 32 33 16 26 7 16 25 29 15 17 12 16 17 35 13 18 16 38 36 14 13 10 36
39 10 34 21 19 26 0 2 31 5 17 33 7 45 38 11 14 30 20 24 13 14 21 10 21 15 12 30 26 12 14 24 34 28 12 21 14 15 38 16 19
40 10 34 23 20 27 2 0 32 3 19 35 9 46 39 13 16 30 18 22 15 12 22 12 19 17 12 32 28 12 16 26 34 30 12 23 16 15 39 17 21
10 22 13 43 13 5 31 32 0 34 16 14 24 16 7 38 27 13 37 37 20 31 12 21 29 33 20 18 13 21 21 38 13 19 21 42 41 19 9 15 40
41 12 35 24 21 29 5 3 34 0 22 38 12 47 41 15 19 31 16 20 18 10 23 15 18 20 14 35 31 13 19 29 35 33 13 25 17 16 41 19 23
25 11 24 27 9 12 17 19 16 22 0 17 10 31 23 22 11 20 27 30 4 21 10 7 23 17 9 15 10 11 5 23 24 14 11 26 25 12 21 6 24
22 28 27 39 21 15 33 35 14 38 17 0 26 28 19 36 25 27 44 46 20 38 21 24 39 30 26 6 7 28 20 29 27 8 28 38 39 27 8 21 36
32 6 28 23 12 19 7 9 24 12 10 26 0 38 31 14 10 24 22 26 6 16 14 3 20 14 6 23 19 8 7 22 28 21 8 22 17 10 31 9 20
6 36 13 58 26 19 45 46 16 47 31 28 38 0 9 52 42 17 44 43 35 42 24 35 36 48 34 33 29 34 36 54 13 35 34 57 55 32 20 29 55
3 29 13 50 20 12 38 39 7 41 23 19 31 9 0 45 34 15 42 41 27 38 18 28 34 40 27 24 20 28 28 45 13 26 28 49 48 26 11 22 47
46 20 42 10 26 33 11 13 38 15 22 36 14 52 45 0 11 38 31 35 18 25 28 17 32 7 20 30 29 22 17 15 42 28 22 10 3 24 41 23 8
36 16 35 16 19 23 14 16 27 19 11 25 10 42 34 11 0 31 32 36 8 26 21 11 29 6 15 19 18 17 6 12 35 17 17 15 14 19 30 16 13
13 20 4 47 12 12 30 30 13 31 20 27 24 17 15 38 31 0 27 26 23 25 10 21 19 37 19 29 24 18 25 43 4 30 18 46 41 15 22 15 44
40 17 31 40 24 32 20 18 37 16 27 44 22 44 42 31 32 27 0 4 26 6 25 22 8 35 18 42 37 16 28 43 31 41 16 41 33 18 45 23 39
39 20 30 44 25 33 24 22 37 20 30 46 26 43 41 35 36 26 4 0 29 10 26 25 8 39 21 45 40 19 31 47 30 44 19 45 37 19 46 25 43
29 10 27 24 11 16 13 15 20 18 4 20 6 35 27 18 8 23 26 29 0 20 13 5 22 14 8 17 13 10 2 20 27 16 10 23 21 12 25 8 21
38 11 29 34 18 26 14 12 31 10 21 38 16 42 38 25 26 25 6 10 20 0 20 16 8 29 12 36 31 10 22 37 29 35 10 35 27 13 39 17 33
18 12 14 37 2 7 21 22 12 23 10 21 14 24 18 28 21 10 25 26 13 20 0 11 18 27 10 21 16 10 15 33 14 22 10 36 31 8 20 5 34
29 5 25 26 9 16 10 12 21 15 7 24 3 35 28 17 11 21 22 25 5 16 11 0 18 16 4 22 17 6 7 23 25 21 6 25 20 8 28 6 23
32 14 23 42 18 25 21 19 29 18 23 39 20 36 34 32 29 19 8 8 22 8 18 18 0 34 14 38 33 12 24 41 23 37 12 42 35 12 38 18 40
42 20 41 10 25 29 15 17 33 20 17 30 14 48 40 7 6 37 35 39 14 29 27 16 34 0 20 24 24 22 12 9 41 22 22 9 10 24 36 22 7
28 2 23 29 8 15 12 12 20 14 9 26 6 34 27 20 15 19 18 21 8 12 10 4 14 20 0 24 19 2 10 27 23 23 2 28 23 4 27 5 26
27 26 30 33 20 17 30 32 18 35 15 6 23 33 24 30 19 29 42 45 17 36 21 22 38 24 24 0 5 26 16 23 30 2 26 32 33 26 14 20 30
23 21 25 34 15 12 26 28 13 31 10 7 19 29 20 29 18 24 37 40 13 31 16 17 33 24 19 5 0 21 13 25 25 6 21 33 32 21 12 15 31
28 2 22 31 8 16 12 12 21 13 11 28 8 34 28 22 17 18 16 19 10 10 10 6 12 22 2 26 21 0 12 29 22 25 0 30 25 3 29 7 28
30 12 29 22 13 17 14 16 21 19 5 20 7 36 28 17 6 25 28 31 2 22 15 7 24 12 10 16 13 12 0 18 29 14 12 21 20 14 25 10 19
48 28 47 11 31 35 24 26 38 29 23 29 22 54 45 15 12 43 43 47 20 37 33 23 41 9 27 23 25 29 18 0 47 21 29 9 16 31 37 28 9
10 24 0 51 16 13 34 34 13 35 24 27 28 13 13 42 35 4 31 30 27 29 14 25 23 41 23 30 25 22 29 47 0 31 22 50 45 19 22 19 48
29 25 31 31 21 18 28 30 19 33 14 8 21 35 26 28 17 30 41 44 16 35 22 21 37 22 23 2 6 25 14 21 31 0 25 30 31 26 16 20 28
28 2 22 31 8 16 12 12 21 13 11 28 8 34 28 22 17 18 16 19 10 10 10 6 12 22 2 26 21 0 12 29 22 25 0 30 25 3 29 7 28
51 28 50 2 34 38 21 23 42 25 26 38 22 57 49 10 15 46 41 45 23 35 36 25 42 9 28 32 33 30 21 9 50 30 30 0 8 32 45 31 2
49 23 45 7 29 36 14 16 41 17 25 39 17 55 48 3 14 41 33 37 21 27 31 20 35 10 23 33 32 25 20 16 45 31 25 8 0 27 44 26 7
26 5 19 33 6 14 15 15 19 16 12 27 10 32 26 24 19 15 18 19 12 13 8 8 12 24 4 26 21 3 14 31 19 26 3 32 27 0 27 6 30
14 29 22 46 21 13 38 39 9 41 21 8 31 20 11 41 30 22 45 46 25 39 20 28 38 36 27 14 12 29 25 37 22 16 29 45 44 27 0 22 43
23 7 19 32 3 10 16 17 15 19 6 21 9 29 22 23 16 15 23 25 8 17 5 6 18 22 5 20 15 7 10 28 19 20 7 31 26 6 22 0 29
49 26 48 3 32 36 19 21 40 23 24 36 20 55 47 8 13 44 39 43 21 33 34 23 40 7 26 30 31 28 19 9 48 28 28 2 7 30 43 29 0
0 612
379 379
577 577
344 344
185 185
294 294
512 512
322 322
583 583
218 218
518 518
271 271
77 77
564 564
85 85
60 60
138 138
593 593
64 64
354 354
516 516
205 205
182 182
43 43
153 153
153 153
71 71
350 350
357 357
342 342
39 39
84 84
182 182
529 529
435 435
21 21
317 317
45 45
379 379
436 436
562 562
0
52
37
58
43
70
67
57
66
36
29
61
74
57
29
77
75
46
40
46
52
23
52
50
80
48
33
57
13
22
18
71
14
54
54
47
65
58
45
65
61
