41
1300
0 35 12 14 31 31 28 36 33 24 31 10 15 0 28 30 24 10 26 31 1 14 16 44 18 27 17 36 16 21 43 16 32 4 19 8 13 32 11 32 18
35 0 32 28 6 8 39 14 23 46 24 45 42 35 7 5 12 44 14 5 36 31 37 26 36 9 18 11 43 25 30 32 19 35 22 30 37 9 42 22 40
12 32 0 23 27 26 39 28 39 36 37 15 10 12 28 29 20 14 19 28 11 2 28 49 30 23 21 38 28 10 49 4 36 8 11 19 5 27 23 38 30
14 28 23 0 29 30 16 36 20 18 17 24 29 14 21 23 23 24 27 24 15 25 9 31 8 26 10 27 15 28 30 27 19 18 24 6 27 31 17 19 12
31 6 27 29 0 2 42 8 27 47 28 40 37 31 10 8 7 39 8 7 32 25 38 32 37 4 19 17 43 19 36 26 23 30 16 30 32 3 42 26 41
31 8 26 30 2 0 43 6 29 48 30 40 36 31 12 10 7 39 7 9 32 24 39 34 38 4 20 19 43 18 38 25 25 30 15 30 31 1 42 28 42
28 39 39 16 42 43 0 49 21 15 18 37 43 28 32 34 37 38 42 35 29 41 13 30 10 39 24 33 18 44 26 43 23 32 40 21 41 44 24 20 13
36 14 28 36 8 6 49 0 35 54 36 43 38 36 18 16 13 42 10 15 37 26 45 40 44 10 26 25 49 19 44 27 31 34 18 36 33 5 47 34 48
33 23 39 20 27 29 21 35 0 34 3 43 48 33 17 19 26 43 31 20 34 39 26 11 23 26 18 13 32 38 10 41 4 36 34 26 44 30 37 1 28
24 46 36 18 47 48 15 54 34 0 31 29 38 24 39 41 41 30 45 42 25 38 9 45 11 44 28 44 8 44 41 40 35 28 41 19 37 49 15 33 6
31 24 37 17 28 30 18 36 3 31 0 41 46 31 18 20 25 41 30 21 32 37 23 14 20 27 16 15 29 37 13 39 5 34 33 23 42 31 34 2 25
10 45 15 24 40 40 37 43 43 29 41 0 9 10 38 40 33 1 34 40 9 17 24 54 27 36 27 46 21 25 53 18 42 10 26 18 12 41 14 42 25
15 42 10 29 37 36 43 38 48 38 46 9 0 15 38 39 30 8 29 38 14 12 31 58 33 33 30 48 30 19 58 11 45 12 21 23 5 37 23 47 33
0 35 12 14 31 31 28 36 33 24 31 10 15 0 28 30 24 10 26 31 1 14 16 44 18 27 17 36 16 21 43 16 32 4 19 8 13 32 11 32 18
28 7 28 21 10 12 32 18 17 39 18 38 38 28 0 2 9 37 14 3 29 27 30 24 29 9 11 10 36 23 27 29 13 28 19 23 33 13 35 16 33
30 5 29 23 8 10 34 16 19 41 20 40 39 30 2 0 9 39 13 1 31 28 32 24 31 8 13 9 38 23 28 29 15 30 19 25 34 11 37 18 35
24 12 20 23 7 7 37 13 26 41 25 33 30 24 9 9 0 32 5 8 25 19 32 33 31 3 13 18 36 14 36 20 22 23 10 23 25 8 35 25 35
10 44 14 24 39 39 38 42 43 30 41 1 8 10 37 39 32 0 33 39 9 16 25 54 28 35 27 46 22 24 53 17 42 9 25 18 11 40 15 42 26
26 14 19 27 8 7 42 10 31 45 30 34 29 26 14 13 5 33 0 12 27 17 36 37 35 5 18 22 40 11 41 18 27 24 8 27 24 8 37 30 39
31 5 28 24 7 9 35 15 20 42 21 40 38 31 3 1 8 39 12 0 32 27 33 25 32 7 14 10 39 22 29 28 16 30 18 26 33 10 38 19 36
1 36 11 15 32 32 29 37 34 25 32 9 14 1 29 31 25 9 27 32 0 13 17 45 19 28 18 37 17 20 44 15 33 3 19 9 12 33 12 33 19
14 31 2 25 25 24 41 26 39 38 37 17 12 14 27 28 19 16 17 27 13 0 30 49 31 22 21 37 30 8 49 2 36 10 9 20 7 25 25 38 32
16 37 28 9 38 39 13 45 26 9 23 24 31 16 30 32 32 25 36 33 17 30 0 37 3 35 19 36 6 35 35 32 27 20 32 10 29 40 11 25 3
44 26 49 31 32 34 30 40 11 45 14 54 58 44 24 24 33 54 37 25 45 49 37 0 34 32 28 15 43 47 6 51 13 47 43 37 54 35 48 12 39
18 36 30 8 37 38 10 44 23 11 20 27 33 18 29 31 31 28 35 32 19 31 3 34 0 34 18 33 9 36 32 33 24 22 32 11 31 39 14 22 5
27 9 23 26 4 4 39 10 26 44 27 36 33 27 9 8 3 35 5 7 28 22 35 32 34 0 16 17 39 16 36 23 22 26 13 26 28 5 38 25 38
17 18 21 10 19 20 24 26 18 28 16 27 30 17 11 13 13 27 18 14 18 21 19 28 18 16 0 19 25 21 28 23 15 19 17 12 26 21 24 17 22
36 11 38 27 17 19 33 25 13 44 15 46 48 36 10 9 18 46 22 10 37 37 36 15 33 17 19 0 42 32 19 38 10 38 28 31 43 20 43 13 38
16 43 28 15 43 43 18 49 32 8 29 21 30 16 36 38 36 22 40 39 17 30 6 43 9 39 25 42 0 37 41 32 33 20 35 13 29 44 7 31 5
21 25 10 28 19 18 44 19 38 44 37 25 19 21 23 23 14 24 11 22 20 8 35 47 36 16 21 32 37 0 48 8 34 17 4 25 14 19 32 37 38
43 30 49 30 36 38 26 44 10 41 13 53 58 43 27 28 36 53 41 29 44 49 35 6 32 36 28 19 41 48 0 51 14 46 44 36 54 39 46 11 37
16 32 4 27 26 25 43 27 41 40 39 18 11 16 29 29 20 17 18 28 15 2 32 51 33 23 23 38 32 8 51 0 38 12 10 22 6 26 27 40 34
32 19 36 19 23 25 23 31 4 35 5 42 45 32 13 15 22 42 27 16 33 36 27 13 24 22 15 10 33 34 14 38 0 34 30 25 41 26 36 3 29
4 35 8 18 30 30 32 34 36 28 34 10 12 4 28 30 23 9 24 30 3 10 20 47 22 26 19 38 20 17 46 12 34 0 16 12 9 31 15 35 22
19 22 11 24 16 15 40 18 34 41 33 26 21 19 19 19 10 25 8 18 19 9 32 43 32 13 17 28 35 4 44 10 30 16 0 22 16 16 30 33 35
8 30 19 6 30 30 21 36 26 19 23 18 23 8 23 25 23 18 27 26 9 20 10 37 11 26 12 31 13 25 36 22 25 12 22 0 21 31 12 25 13
13 37 5 27 32 31 41 33 44 37 42 12 5 13 33 34 25 11 24 33 12 7 29 54 31 28 26 43 29 14 54 6 41 9 16 21 0 32 24 43 31
32 9 27 31 3 1 44 5 30 49 31 41 37 32 13 11 8 40 8 10 33 25 40 35 39 5 21 20 44 19 39 26 26 31 16 31 32 0 43 29 43
11 42 23 17 42 42 24 47 37 15 34 14 23 11 35 37 35 15 37 38 12 25 11 48 14 38 24 43 7 32 46 27 36 15 30 12 24 43 0 36 12
32 22 38 19 26 28 20 34 1 33 2 42 47 32 16 18 25 42 30 19 33 38 25 12 22 25 17 13 31 37 11 40 3 35 33 25 43 29 36 0 27
18 40 30 12 41 42 13 48 28 6 25 25 33 18 33 35 35 26 39 36 19 32 3 39 5 38 22 38 5 38 37 34 29 22 35 13 31 43 12 27 0
0 710
638 638
280 280
89 89
138 138
85 85
62 62
232 232
649 649
492 492
619 619
403 403
287 287
79 79
435 435
302 302
212 212
361 361
542 542
454 454
140 140
590 590
134 134
449 449
10 10
547 547
619 619
408 408
628 628
110 110
558 558
377 377
107 107
662 662
583 583
433 433
345 345
656 656
540 540
405 405
89 89
0
40
99
59
80
63
38
46
38
58
95
32
45
32
51
44
18
42
68
28
43
45
61
59
25
56
57
54
27
75
79
36
46
77
27
44
36
18
39
57
62
