41
1300
0 50 36 26 42 55 11 23 25 41 12 42 31 36 29 36 28 16 40 17 33 20 32 31 30 55 26 36 44 29 8 38 12 25 34 32 28 43 43 36 30
50 0 19 37 29 12 44 38 25 23 44 8 31 39 24 16 32 41 10 41 17 30 19 23 29 8 36 33 20 32 42 31 43 25 21 21 36 14 8 19 29
36 19 0 18 31 26 30 31 11 9 27 12 13 36 18 12 13 31 9 23 4 16 13 18 24 25 31 32 10 13 28 30 26 11 18 16 31 20 13 17 24
26 37 18 0 45 44 29 35 19 16 14 30 6 46 28 28 5 32 27 9 20 19 26 30 34 43 37 42 19 5 21 43 14 19 31 29 39 36 31 32 34
42 29 31 45 0 23 31 19 27 40 43 24 43 13 18 19 40 26 27 44 27 28 19 16 13 27 16 7 41 41 37 4 42 27 14 17 15 15 23 14 13
55 12 26 44 23 0 46 37 30 33 50 14 39 35 26 19 39 43 17 48 24 35 23 24 28 5 35 29 32 39 47 26 49 30 21 23 35 12 13 19 28
11 44 30 29 31 46 0 12 19 38 17 36 30 25 20 28 27 5 34 21 27 14 25 22 19 48 15 25 40 28 8 27 16 19 25 23 17 34 36 27 19
23 38 31 35 19 37 12 0 20 39 27 30 34 13 14 22 31 7 30 30 27 16 19 15 9 40 3 13 41 32 19 15 26 20 17 17 5 26 30 19 9
25 25 11 19 27 30 19 20 0 19 20 17 17 28 9 11 14 20 15 19 8 5 8 11 16 30 20 24 21 15 17 24 19 0 13 10 22 19 18 14 16
41 23 9 16 40 33 38 39 19 0 29 19 10 45 27 21 13 39 17 24 13 24 22 27 33 31 39 41 3 12 34 39 29 19 27 25 40 28 20 26 33
12 44 27 14 43 50 17 27 20 29 0 37 19 40 26 31 16 21 34 5 27 16 28 28 30 50 30 38 32 17 9 39 1 20 31 29 32 39 38 33 30
42 8 12 30 24 14 36 30 17 19 37 0 25 33 16 8 25 33 3 34 10 22 11 15 21 13 28 27 18 25 34 25 36 17 14 13 28 9 1 12 21
31 31 13 6 43 39 30 34 17 10 19 25 0 45 26 24 3 33 22 14 16 18 24 28 33 38 36 41 13 2 24 41 19 17 29 26 38 32 26 29 33
36 39 36 46 13 35 25 13 28 45 40 33 45 0 19 25 42 20 33 42 32 27 23 18 12 39 10 6 46 43 32 9 39 28 19 20 8 25 32 21 12
29 24 18 28 18 26 20 14 9 27 26 16 26 19 0 8 23 17 16 26 14 10 5 2 7 28 13 15 28 24 21 15 25 9 5 3 14 14 16 7 7
36 16 12 28 19 19 28 22 11 21 31 8 24 25 8 0 23 25 8 30 8 16 4 7 13 20 20 20 22 24 28 18 30 11 7 5 20 8 8 5 13
28 32 13 5 40 39 27 31 14 13 16 25 3 42 23 23 0 30 22 11 15 15 21 25 30 38 33 38 16 1 21 38 16 14 26 24 35 31 26 27 30
16 41 31 32 26 43 5 7 20 39 21 33 33 20 17 25 30 0 33 25 28 15 22 19 15 45 10 20 41 31 12 22 20 20 22 20 12 31 33 24 15
40 10 9 27 27 17 34 30 15 17 34 3 22 33 16 8 22 33 0 31 7 20 11 15 21 16 28 28 16 22 32 26 33 15 15 13 28 12 4 13 21
17 41 23 9 44 48 21 30 19 24 5 34 14 42 26 30 11 25 31 0 24 16 27 28 31 47 32 39 27 12 13 40 5 19 31 28 34 38 35 32 31
33 17 4 20 27 24 27 27 8 13 27 10 16 32 14 8 15 28 7 24 0 13 9 14 20 23 27 28 14 16 25 26 26 8 14 12 27 16 11 13 20
20 30 16 19 28 35 14 16 5 24 16 22 18 27 10 16 15 15 20 16 13 0 12 12 15 35 18 23 26 16 12 24 15 5 15 13 20 24 23 17 15
32 19 13 26 19 23 25 19 8 22 28 11 24 23 5 4 21 22 11 27 9 12 0 5 11 24 18 19 23 22 24 17 27 8 5 3 18 12 12 6 11
31 23 18 30 16 24 22 15 11 27 28 15 28 18 2 7 25 19 15 28 14 12 5 0 6 26 13 14 28 26 23 13 27 11 3 2 13 12 15 5 6
30 29 24 34 13 28 19 9 16 33 30 21 33 12 7 13 30 15 21 31 20 15 11 6 0 31 7 8 34 31 24 9 29 16 8 8 7 17 21 10 0
55 8 25 43 27 5 48 40 30 31 50 13 38 39 28 20 38 45 16 47 23 35 24 26 31 0 38 33 28 38 47 30 49 30 23 25 38 14 12 21 31
26 36 31 37 16 35 15 3 20 39 30 28 36 10 13 20 33 10 28 32 27 18 18 13 7 38 0 10 41 34 22 12 29 20 15 15 2 24 28 17 7
36 33 32 42 7 29 25 13 24 41 38 27 41 6 15 20 38 20 28 39 28 23 19 14 8 33 10 0 42 39 32 3 37 24 14 16 8 19 26 15 8
44 20 10 19 41 32 40 41 21 3 32 18 13 46 28 22 16 41 16 27 14 26 23 28 34 28 41 42 0 15 37 40 32 21 28 26 41 27 19 27 34
29 32 13 5 41 39 28 32 15 12 17 25 2 43 24 24 1 31 22 12 16 16 22 26 31 38 34 39 15 0 22 39 17 15 27 25 36 32 26 28 31
8 42 28 21 37 47 8 19 17 34 9 34 24 32 21 28 21 12 32 13 25 12 24 23 24 47 22 32 37 22 0 33 8 17 26 24 24 35 35 28 24
38 31 30 43 4 26 27 15 24 39 39 25 41 9 15 18 38 22 26 40 26 24 17 13 9 30 12 3 40 39 33 0 38 24 12 15 11 17 24 13 9
12 43 26 14 42 49 16 26 19 29 1 36 19 39 25 30 16 20 33 5 26 15 27 27 29 49 29 37 32 17 8 38 0 19 30 28 31 38 37 32 29
25 25 11 19 27 30 19 20 0 19 20 17 17 28 9 11 14 20 15 19 8 5 8 11 16 30 20 24 21 15 17 24 19 0 13 10 22 19 18 14 16
34 21 18 31 14 21 25 17 13 27 31 14 29 19 5 7 26 22 15 31 14 15 5 3 8 23 15 14 28 27 26 12 30 13 0 3 15 9 13 2 8
32 21 16 29 17 23 23 17 10 25 29 13 26 20 3 5 24 20 13 28 12 13 3 2 8 25 15 16 26 25 24 15 28 10 3 0 15 11 13 4 8
28 36 31 39 15 35 17 5 22 40 32 28 38 8 14 20 35 12 28 34 27 20 18 13 7 38 2 8 41 36 24 11 31 22 15 15 0 24 28 17 7
43 14 20 36 15 12 34 26 19 28 39 9 32 25 14 8 31 31 12 38 16 24 12 12 17 14 24 19 27 32 35 17 38 19 9 11 24 0 8 7 17
43 8 13 31 23 13 36 30 18 20 38 1 26 32 16 8 26 33 4 35 11 23 12 15 21 12 28 26 19 26 35 24 37 18 13 13 28 8 0 11 21
36 19 17 32 14 19 27 19 14 26 33 12 29 21 7 5 27 24 13 32 13 17 6 5 10 21 17 15 27 28 28 13 32 14 2 4 17 7 11 0 10
30 29 24 34 13 28 19 9 16 33 30 21 33 12 7 13 30 15 21 31 20 15 11 6 0 31 7 8 34 31 24 9 29 16 8 8 7 17 21 10 0
0 685
409 409
30 30
459 459
227 227
34 34
391 391
317 317
533 533
449 449
450 450
394 394
189 189
620 620
299 299
219 219
671 671
363 363
382 382
474 474
143 143
606 606
104 104
517 517
597 597
262 262
99 99
126 126
164 164
94 94
320 320
186 186
285 285
94 94
636 636
394 394
639 639
186 186
431 431
39 39
340 340
0
78
31
40
69
33
74
65
38
74
51
34
44
41
74
45
43
41
55
76
65
42
46
32
18
57
56
51
41
47
44
70
33
65
50
41
46
46
22
60
61
