41
1300
0 36 25 37 39 25 19 43 5 15 10 31 41 39 20 45 29 23 42 34 41 17 38 41 15 23 22 20 35 29 20 40 35 11 30 18 4 20 8 33 18
36 0 33 19 9 36 36 10 34 38 28 6 19 12 23 18 13 14 8 24 5 29 7 10 27 26 14 23 15 17 21 18 24 32 11 22 32 37 32 10 19
25 33 0 46 41 3 40 34 26 37 27 28 26 43 34 50 20 28 41 46 38 8 39 42 11 37 23 34 42 16 14 25 16 32 22 32 23 41 17 24 28
37 19 46 0 10 49 29 27 33 32 27 21 38 7 17 10 29 18 15 7 16 40 12 12 37 17 23 17 4 33 32 37 41 28 27 19 33 29 39 27 21
39 9 41 10 0 44 34 17 36 36 30 13 28 3 21 9 21 16 5 16 6 36 2 2 34 23 19 21 7 25 28 27 33 32 19 22 35 35 37 19 21
25 36 3 49 44 0 41 37 27 38 29 31 29 46 36 53 23 31 44 49 41 10 42 45 13 39 26 36 45 19 17 28 19 33 25 34 24 42 17 27 30
19 36 40 29 34 41 0 46 14 4 13 34 49 32 13 38 36 23 39 23 39 32 35 36 29 12 26 13 28 39 31 48 47 8 36 15 17 1 24 39 19
43 10 34 27 17 37 46 0 42 47 37 13 12 20 33 24 15 24 14 33 11 32 15 17 30 36 22 33 24 18 24 12 21 41 13 32 39 47 37 10 28
5 34 26 33 36 27 14 42 0 11 6 29 41 35 16 41 28 20 39 30 38 18 35 38 16 18 20 16 31 29 20 40 36 6 29 14 3 15 10 32 15
15 38 37 32 36 38 4 47 11 0 11 34 48 35 15 41 35 24 41 27 41 29 37 38 27 15 26 15 31 37 29 47 45 6 36 16 14 5 21 39 19
10 28 27 27 30 29 13 37 6 11 0 24 37 29 10 35 24 14 33 24 32 19 29 32 16 13 15 10 25 26 18 36 34 5 25 8 6 14 13 28 9
31 6 28 21 13 31 34 13 29 34 24 0 17 16 21 22 8 11 14 25 11 23 11 14 21 24 9 21 17 12 15 16 20 28 6 19 27 35 27 6 15
41 19 26 38 28 29 49 12 41 48 37 17 0 31 36 35 13 27 25 42 22 27 26 28 27 39 23 36 34 12 21 1 10 42 13 34 38 50 34 11 30
39 12 43 7 3 46 32 20 35 35 29 16 31 0 20 7 24 17 8 13 9 37 5 5 35 20 20 20 4 28 29 30 36 31 22 21 35 33 38 22 21
20 23 34 17 21 36 13 33 16 15 10 21 36 20 0 26 23 10 26 14 26 26 22 23 23 3 13 0 16 26 21 35 34 11 23 2 16 14 22 26 6
45 18 50 10 9 53 38 24 41 41 35 22 35 7 26 0 30 24 10 17 13 44 11 8 42 26 27 26 10 34 36 35 42 37 28 27 41 39 45 28 28
29 13 20 29 21 23 36 15 28 35 24 8 13 24 23 30 0 15 21 32 18 17 19 22 15 26 10 23 25 4 9 12 12 29 2 21 25 37 22 5 17
23 14 28 18 16 31 23 24 20 24 14 11 27 17 10 24 15 0 19 18 18 22 15 18 19 13 5 10 14 18 14 26 26 18 14 8 19 24 21 16 5
42 8 41 15 5 44 39 14 39 41 33 14 25 8 26 10 21 19 0 21 3 37 4 3 35 27 22 26 12 25 29 25 32 37 19 26 38 40 40 18 24
34 24 46 7 16 49 23 33 30 27 24 25 42 13 14 17 32 18 21 0 22 39 18 18 36 12 23 14 9 36 32 41 44 25 31 16 30 23 36 31 19
41 5 38 16 6 41 39 11 38 41 32 11 22 9 26 13 18 18 3 22 0 34 4 6 32 27 19 26 13 22 26 22 29 36 16 25 37 40 37 15 23
17 29 8 40 36 10 32 32 18 29 19 23 27 37 26 44 17 22 37 39 34 0 34 37 3 29 17 26 36 15 8 26 19 24 19 24 15 33 9 22 20
38 7 39 12 2 42 35 15 35 37 29 11 26 5 22 11 19 15 4 18 4 34 0 3 32 23 18 22 9 23 26 25 31 33 17 22 34 36 36 17 20
41 10 42 12 2 45 36 17 38 38 32 14 28 5 23 8 22 18 3 18 6 37 3 0 35 25 21 23 9 26 29 28 34 34 20 24 37 37 39 20 23
15 27 11 37 34 13 29 30 16 27 16 21 27 35 23 42 15 19 35 36 32 3 32 35 0 26 15 23 33 15 6 26 20 21 17 21 13 30 7 20 17
23 26 37 17 23 39 12 36 18 15 13 24 39 20 3 26 26 13 27 12 27 29 23 25 26 0 16 3 16 29 24 38 37 13 26 5 19 13 25 29 9
22 14 23 23 19 26 26 22 20 26 15 9 23 20 13 27 10 5 22 23 19 17 18 21 15 16 0 13 19 13 9 22 21 20 10 11 18 27 18 13 7
20 23 34 17 21 36 13 33 16 15 10 21 36 20 0 26 23 10 26 14 26 26 22 23 23 3 13 0 16 26 21 35 34 11 23 2 16 14 22 26 6
35 15 42 4 7 45 28 24 31 31 25 17 34 4 16 10 25 14 12 9 13 36 9 9 33 16 19 16 0 29 28 33 37 27 23 17 31 29 35 23 18
29 17 16 33 25 19 39 18 29 37 26 12 12 28 26 34 4 18 25 36 22 15 23 26 15 29 13 26 29 0 9 11 8 31 6 24 26 40 22 8 20
20 21 14 32 28 17 31 24 20 29 18 15 21 29 21 36 9 14 29 32 26 8 26 29 6 24 9 21 28 9 0 20 16 23 11 19 17 32 13 14 15
40 18 25 37 27 28 48 12 40 47 36 16 1 30 35 35 12 26 25 41 22 26 25 28 26 38 22 35 33 11 20 0 9 41 12 33 37 49 33 10 29
35 24 16 41 33 19 47 21 36 45 34 20 10 36 34 42 12 26 32 44 29 19 31 34 20 37 21 34 37 8 16 9 0 39 14 32 33 48 27 14 28
11 32 32 28 32 33 8 41 6 6 5 28 42 31 11 37 29 18 37 25 36 24 33 34 21 13 20 11 27 31 23 41 39 0 30 11 9 9 16 33 13
30 11 22 27 19 25 36 13 29 36 25 6 13 22 23 28 2 14 19 31 16 19 17 20 17 26 10 23 23 6 11 12 14 30 0 21 26 37 24 3 17
18 22 32 19 22 34 15 32 14 16 8 19 34 21 2 27 21 8 26 16 25 24 22 24 21 5 11 2 17 24 19 33 32 11 21 0 14 16 20 24 4
4 32 23 33 35 24 17 39 3 14 6 27 38 35 16 41 25 19 38 30 37 15 34 37 13 19 18 16 31 26 17 37 33 9 26 14 0 18 7 29 14
20 37 41 29 35 42 1 47 15 5 14 35 50 33 14 39 37 24 40 23 40 33 36 37 30 13 27 14 29 40 32 49 48 9 37 16 18 0 25 40 20
8 32 17 39 37 17 24 37 10 21 13 27 34 38 22 45 22 21 40 36 37 9 36 39 7 25 18 22 35 22 13 33 27 16 24 20 7 25 0 27 18
33 10 24 27 19 27 39 10 32 39 28 6 11 22 26 28 5 16 18 31 15 22 17 20 20 29 13 26 23 8 14 10 14 33 3 24 29 40 27 0 20
18 19 28 21 21 30 19 28 15 19 9 15 30 21 6 28 17 5 24 19 23 20 20 23 17 9 7 6 18 20 15 29 28 13 17 4 14 20 18 20 0
0 563
77 245
236 404
258 426
24 192
62 230
272 440
387 555
214 382
10 178
277 445
265 433
339 507
164 332
21 189
271 439
106 274
263 431
87 255
226 394
141 309
264 432
225 393
269 437
194 362
359 527
291 459
172 340
92 260
221 389
5 173
245 413
374 542
239 407
340 508
333 501
38 206
314 482
187 355
238 406
320 488
0
39
46
60
70
37
70
45
41
71
59
16
22
68
25
42
37
54
75
56
56
27
80
78
86
80
38
33
39
57
44
32
67
56
64
21
36
70
27
28
48
