41
1299
0 17 23 7 31 24 40 30 41 37 34 38 29 20 18 25 37 42 23 43 15 31 39 22 15 31 44 6 8 43 46 14 42 46 27 29 42 37 26 29 11
17 0 9 18 20 8 24 14 30 23 29 22 36 4 15 30 22 27 15 27 8 27 30 19 22 32 29 16 9 34 35 7 26 35 12 18 26 26 10 29 20
23 9 0 25 11 10 23 17 21 15 22 21 33 9 24 27 25 19 23 23 8 20 21 14 31 27 21 19 16 25 26 9 29 26 15 9 27 17 6 24 21
7 18 25 0 35 25 41 30 45 40 40 39 36 21 13 32 35 44 18 44 19 37 44 28 8 38 46 13 9 48 50 17 41 50 27 33 41 41 27 36 18
31 20 11 35 0 21 31 27 10 9 11 29 30 20 35 24 35 15 34 26 16 11 10 12 41 20 17 26 26 14 15 18 38 15 26 2 36 6 16 18 24
24 8 10 25 21 0 16 7 30 20 32 14 43 4 18 37 15 22 15 19 15 30 31 24 27 37 24 24 16 34 34 14 19 32 5 19 19 24 5 34 27
40 24 23 41 31 16 0 11 37 25 42 2 56 20 31 50 10 21 26 9 31 42 40 37 40 50 23 40 32 41 38 30 7 36 14 29 5 31 17 47 43
30 14 17 30 27 7 11 0 35 24 38 9 50 10 20 44 8 23 16 16 22 37 37 31 29 44 25 30 22 39 38 21 12 36 3 25 12 29 11 41 34
41 30 21 45 10 30 37 35 0 12 9 35 31 30 45 27 43 18 44 30 26 12 3 19 51 20 18 35 36 4 6 28 44 6 35 12 42 6 25 19 32
37 23 15 40 9 20 25 24 12 0 19 23 38 22 38 33 32 6 35 18 22 19 15 20 45 28 8 33 31 16 14 23 32 12 25 9 30 6 15 26 32
34 29 22 40 11 32 42 38 9 19 0 40 22 31 43 18 46 25 44 37 22 3 6 12 47 11 26 28 32 10 15 24 49 15 37 13 47 13 27 10 24
38 22 21 39 29 14 2 9 35 23 40 0 54 18 29 48 11 20 25 8 29 40 38 35 38 48 21 38 30 39 37 28 9 35 12 27 7 29 15 45 41
29 36 33 36 30 43 56 50 31 38 22 54 0 40 45 6 58 44 49 55 28 19 28 19 44 11 46 23 33 32 37 29 62 37 48 30 60 33 39 12 18
20 4 9 21 20 4 20 10 30 22 31 18 40 0 16 34 18 24 14 23 12 29 30 22 24 35 26 20 12 34 35 11 22 34 8 18 22 26 7 32 24
18 15 24 13 35 18 31 20 45 38 43 29 45 16 0 40 22 40 5 36 21 41 45 32 9 45 42 22 12 49 50 19 28 50 17 33 29 41 23 42 27
25 30 27 32 24 37 50 44 27 33 18 48 6 34 40 0 52 39 44 49 22 15 24 13 40 9 41 19 28 28 33 23 56 33 42 24 54 29 33 8 14
37 22 25 35 35 15 10 8 43 32 46 11 58 18 22 52 0 30 17 19 30 45 45 39 31 52 32 38 29 47 46 29 6 44 10 33 7 37 19 49 42
42 27 19 44 15 22 21 23 18 6 25 20 44 24 40 39 30 0 37 13 27 25 21 26 48 34 2 38 35 21 17 28 28 15 25 15 26 12 17 32 38
23 15 23 18 34 15 26 16 44 35 44 25 49 14 5 44 17 37 0 32 23 42 44 34 14 47 39 26 16 48 49 21 23 47 13 32 24 39 20 44 31
43 27 23 44 26 19 9 16 30 18 37 8 55 23 36 49 19 13 32 0 31 37 33 36 45 46 14 41 35 34 30 30 16 28 19 25 14 24 17 44 43
15 8 8 19 16 15 31 22 26 22 22 29 28 12 21 22 30 27 23 31 0 20 25 11 25 24 29 11 10 29 31 2 34 31 20 14 34 22 14 21 13
31 27 20 37 11 30 42 37 12 19 3 40 19 29 41 15 45 25 42 37 20 0 9 9 45 9 27 25 30 13 18 22 49 18 35 13 47 14 26 7 21
39 30 21 44 10 31 40 37 3 15 6 38 28 30 45 24 45 21 44 33 25 9 0 17 50 17 21 33 35 4 9 27 47 9 36 12 45 9 26 16 30
22 19 14 28 12 24 37 31 19 20 12 35 19 22 32 13 39 26 34 36 11 9 17 0 36 13 28 16 21 21 25 13 43 25 29 11 41 18 20 10 13
15 22 31 8 41 27 40 29 51 45 47 38 44 24 9 40 31 48 14 45 25 45 50 36 0 46 50 21 15 54 56 23 37 56 26 39 38 47 31 44 26
31 32 27 38 20 37 50 44 20 28 11 48 11 35 45 9 52 34 47 46 24 9 17 13 46 0 36 25 33 21 26 26 56 26 42 22 54 23 33 3 20
44 29 21 46 17 24 23 25 18 8 26 21 46 26 42 41 32 2 39 14 29 27 21 28 50 36 0 40 37 21 17 30 30 15 27 17 28 13 19 34 40
6 16 19 13 26 24 40 30 35 33 28 38 23 20 22 19 38 38 26 41 11 25 33 16 21 25 40 0 10 37 41 11 42 41 28 24 42 32 24 23 5
8 9 16 9 26 16 32 22 36 31 32 30 33 12 12 28 29 35 16 35 10 30 35 21 15 33 37 10 0 39 41 8 34 41 19 24 34 32 18 30 15
43 34 25 48 14 34 41 39 4 16 10 39 32 34 49 28 47 21 48 34 29 13 4 21 54 21 21 37 39 0 5 31 48 7 39 16 46 10 29 20 34
46 35 26 50 15 34 38 38 6 14 15 37 37 35 50 33 46 17 49 30 31 18 9 25 56 26 17 41 41 5 0 33 45 2 39 17 43 10 29 25 38
14 7 9 17 18 14 30 21 28 23 24 28 29 11 19 23 29 28 21 30 2 22 27 13 23 26 30 11 8 31 33 0 33 33 19 16 33 24 13 23 13
42 26 29 41 38 19 7 12 44 32 49 9 62 22 28 56 6 28 23 16 34 49 47 43 37 56 30 42 34 48 45 33 0 43 15 36 2 38 23 53 46
46 35 26 50 15 32 36 36 6 12 15 35 37 34 50 33 44 15 47 28 31 18 9 25 56 26 15 41 41 7 2 33 43 0 37 17 41 9 27 25 38
27 12 15 27 26 5 14 3 35 25 37 12 48 8 17 42 10 25 13 19 20 35 36 29 26 42 27 28 19 39 39 19 15 37 0 24 15 29 10 39 32
29 18 9 33 2 19 29 25 12 9 13 27 30 18 33 24 33 15 32 25 14 13 12 11 39 22 17 24 24 16 17 16 36 17 24 0 34 8 14 19 23
42 26 27 41 36 19 5 12 42 30 47 7 60 22 29 54 7 26 24 14 34 47 45 41 38 54 28 42 34 46 43 33 2 41 15 34 0 36 21 51 46
37 26 17 41 6 24 31 29 6 6 13 29 33 26 41 29 37 12 39 24 22 14 9 18 47 23 13 32 32 10 10 24 38 9 29 8 36 0 19 21 30
26 10 6 27 16 5 17 11 25 15 27 15 39 7 23 33 19 17 20 17 14 26 26 20 31 33 19 24 18 29 29 13 23 27 10 14 21 19 0 30 26
29 29 24 36 18 34 47 41 19 26 10 45 12 32 42 8 49 32 44 44 21 7 16 10 44 3 34 23 30 20 25 23 53 25 39 19 51 21 30 0 18
11 20 21 18 24 27 43 34 32 32 24 41 18 24 27 14 42 38 31 43 13 21 30 13 26 20 40 5 15 34 38 13 46 38 32 23 46 30 26 18 0
0 293
27 27
66 66
181 181
270 270
145 145
162 162
129 129
162 162
28 28
24 24
207 207
86 86
260 260
193 193
158 158
248 248
127 127
225 225
207 207
198 198
37 37
31 31
139 139
128 128
81 81
281 281
266 266
127 127
105 105
207 207
44 44
19 19
124 124
114 114
230 230
105 105
253 253
60 60
90 90
168 168
0
33
32
77
16
37
54
70
62
72
75
22
63
78
28
76
69
31
45
55
21
52
44
60
24
55
25
70
65
38
26
57
31
53
64
69
67
15
80
19
67
