41
1300
0 31 44 35 13 5 27 39 21 13 19 26 38 12 4 25 35 10 2 10 34 9 15 38 42 35 8 10 13 19 19 24 20 22 36 12 32 12 24 21 37
31 0 14 4 27 28 44 26 23 20 30 53 25 22 31 46 20 23 31 24 20 26 29 39 12 13 33 26 18 14 14 29 47 31 32 20 18 27 45 16 11
44 14 0 10 38 42 50 22 30 34 37 64 22 33 42 54 17 37 45 35 18 37 43 37 2 11 44 37 32 25 25 34 58 36 30 32 18 41 55 30 7
35 4 10 0 30 32 46 24 25 24 32 56 23 25 34 49 18 27 35 27 19 29 33 38 8 11 36 29 22 17 17 31 50 33 31 24 17 31 48 20 7
13 27 38 30 0 16 18 27 9 20 6 27 26 6 9 19 24 19 15 6 23 4 25 25 36 28 9 3 13 13 13 11 21 9 23 10 22 22 18 27 31
5 28 42 32 16 0 32 39 23 8 22 31 38 14 9 30 34 5 3 12 33 12 10 41 40 34 13 13 11 18 18 27 25 25 38 12 31 7 29 16 36
27 44 50 46 18 32 0 34 21 38 14 17 33 24 23 5 34 37 29 24 33 22 42 24 49 39 19 21 31 30 30 16 17 14 25 28 32 39 7 45 44
39 26 22 24 27 39 34 0 18 36 23 49 1 27 35 38 6 37 40 29 6 30 44 15 23 13 36 29 28 21 21 18 46 20 9 28 8 41 39 38 18
21 23 30 25 9 23 21 18 0 23 7 35 17 9 17 24 15 23 22 11 14 12 30 20 29 19 18 11 15 10 10 6 30 8 15 12 13 27 25 28 23
13 20 34 24 20 8 38 36 23 0 26 39 35 15 16 37 31 3 11 14 30 16 9 43 32 30 20 17 8 15 15 29 33 29 38 11 28 7 36 8 30
19 30 37 32 6 22 14 23 7 26 0 28 22 11 15 17 22 25 21 12 21 10 31 19 36 26 14 9 18 16 16 5 24 3 17 15 20 28 18 32 30
26 53 64 56 27 31 17 49 35 39 28 0 48 31 24 12 49 36 28 30 48 28 41 41 62 54 20 27 37 39 39 31 6 29 42 34 47 38 10 47 57
38 25 22 23 26 38 33 1 17 35 22 48 0 26 34 37 5 36 39 28 5 29 43 15 22 12 35 28 27 20 20 17 45 19 9 27 7 40 38 37 17
12 22 33 25 6 14 24 27 9 15 11 31 26 0 9 25 23 15 13 2 22 4 22 29 31 24 11 4 7 8 8 15 25 14 24 4 20 19 24 21 26
4 31 42 34 9 9 23 35 17 16 15 24 34 9 0 21 32 14 6 7 31 6 19 34 40 33 4 6 13 17 17 20 18 18 32 11 29 16 20 24 35
25 46 54 49 19 30 5 38 24 37 17 12 37 25 21 0 38 35 27 24 37 22 40 29 53 43 17 21 31 32 32 20 12 18 30 28 36 37 2 45 47
35 20 17 18 24 34 34 6 15 31 22 49 5 23 32 38 0 32 36 25 1 27 39 20 17 7 33 26 23 16 16 18 45 20 13 23 3 36 39 33 12
10 23 37 27 19 5 37 37 23 3 25 36 36 15 14 35 32 0 8 13 31 15 7 43 35 32 18 16 9 16 16 29 30 28 38 11 29 4 34 11 33
2 31 45 35 15 3 29 40 22 11 21 28 39 13 6 27 36 8 0 11 35 11 13 40 43 36 10 12 13 20 20 26 22 24 37 13 33 10 26 19 38
10 24 35 27 6 12 24 29 11 14 12 30 28 2 7 24 25 13 11 0 24 2 20 31 33 26 10 3 7 10 10 16 24 15 26 4 22 17 24 21 28
34 20 18 19 23 33 33 6 14 30 21 48 5 22 31 37 1 31 35 24 0 26 38 19 18 8 32 25 22 15 15 17 44 19 12 22 2 35 38 32 13
9 26 37 29 4 12 22 30 12 16 10 28 29 4 6 22 27 15 11 2 26 0 21 29 35 28 8 1 9 12 12 15 22 13 27 6 24 18 22 23 30
15 29 43 33 25 10 42 44 30 9 31 41 43 22 19 40 39 7 13 20 38 21 0 50 41 39 23 22 16 23 23 36 35 34 45 18 36 3 39 13 39
38 39 37 38 25 41 24 15 20 43 19 41 15 29 34 29 20 43 40 31 19 29 50 0 37 27 33 28 35 30 30 15 41 16 7 32 21 47 31 48 32
42 12 2 8 36 40 49 23 29 32 36 62 22 31 40 53 17 35 43 33 18 35 41 37 0 10 42 35 30 23 23 33 56 35 30 30 17 39 54 28 6
35 13 11 11 28 34 39 13 19 30 26 54 12 24 33 43 7 32 36 26 8 28 39 27 10 0 35 28 23 16 16 23 49 25 20 23 7 36 44 29 5
8 33 44 36 9 13 19 36 18 20 14 20 35 11 4 17 33 18 10 10 32 8 23 33 42 35 0 7 17 19 19 19 14 17 31 14 30 20 16 28 37
10 26 37 29 3 13 21 29 11 17 9 27 28 4 6 21 26 16 12 3 25 1 22 28 35 28 7 0 10 12 12 14 21 12 26 7 23 19 21 24 30
13 18 32 22 13 11 31 28 15 8 18 37 27 7 13 31 23 9 13 7 22 9 16 35 30 23 17 10 0 7 7 21 31 21 30 3 20 13 31 14 25
19 14 25 17 13 18 30 21 10 15 16 39 20 8 17 32 16 16 20 10 15 12 23 30 23 16 19 12 7 0 0 16 33 18 23 7 13 20 31 18 18
19 14 25 17 13 18 30 21 10 15 16 39 20 8 17 32 16 16 20 10 15 12 23 30 23 16 19 12 7 0 0 16 33 18 23 7 13 20 31 18 18
24 29 34 31 11 27 16 18 6 29 5 31 17 15 20 20 18 29 26 16 17 15 36 15 33 23 19 14 21 16 16 0 28 2 12 18 16 33 21 34 28
20 47 58 50 21 25 17 46 30 33 24 6 45 25 18 12 45 30 22 24 44 22 35 41 56 49 14 21 31 33 33 28 0 26 40 28 43 32 10 41 51
22 31 36 33 9 25 14 20 8 29 3 29 19 14 18 18 20 28 24 15 19 13 34 16 35 25 17 12 21 18 18 2 26 0 14 18 18 31 19 35 30
36 32 30 31 23 38 25 9 15 38 17 42 9 24 32 30 13 38 37 26 12 27 45 7 30 20 31 26 30 23 23 12 40 14 0 27 14 42 32 41 25
12 20 32 24 10 12 28 28 12 11 15 34 27 4 11 28 23 11 13 4 22 6 18 32 30 23 14 7 3 7 7 18 28 18 27 0 20 15 28 17 25
32 18 18 17 22 31 32 8 13 28 20 47 7 20 29 36 3 29 33 22 2 24 36 21 17 7 30 23 20 13 13 16 43 18 14 20 0 33 37 30 12
12 27 41 31 22 7 39 41 27 7 28 38 40 19 16 37 36 4 10 17 35 18 3 47 39 36 20 19 13 20 20 33 32 31 42 15 33 0 36 13 37
24 45 55 48 18 29 7 39 25 36 18 10 38 24 20 2 39 34 26 24 38 22 39 31 54 44 16 21 31 31 31 21 10 19 32 28 37 36 0 44 48
21 16 30 20 27 16 45 38 28 8 32 47 37 21 24 45 33 11 19 21 32 23 13 48 28 29 28 24 14 18 18 34 41 35 41 17 30 13 44 0 27
37 11 7 7 31 36 44 18 23 30 30 57 17 26 35 47 12 33 38 28 13 30 39 32 6 5 37 30 25 18 18 28 51 30 25 25 12 37 48 27 0
0 465
177 316
162 301
123 262
56 195
320 459
90 229
284 423
323 462
244 383
13 152
234 373
269 408
5 144
213 352
38 177
228 367
176 315
0 139
44 183
29 168
116 255
314 453
108 247
161 300
81 220
210 349
194 333
46 185
221 360
265 404
232 371
61 200
264 403
72 211
113 252
126 265
159 298
38 177
230 369
261 400
0
78
85
43
28
49
41
49
49
38
49
66
80
27
82
63
86
16
36
48
58
94
64
83
40
46
59
27
41
70
46
27
52
34
16
61
31
42
49
18
28
