41
1300
0 9 11 23 21 38 12 23 5 13 18 19 8 10 21 14 22 29 44 38 32 19 10 17 17 31 14 15 7 9 28 17 24 5 11 33 25 5 9 39 24
9 0 19 32 21 47 19 27 5 21 27 14 4 17 29 16 31 30 49 43 37 23 18 24 24 38 19 14 15 14 33 22 29 14 18 42 24 8 13 44 31
11 19 0 14 22 29 13 17 14 2 9 23 19 13 14 15 13 26 36 31 23 16 10 7 15 21 19 22 9 15 21 18 17 6 1 24 26 11 10 31 13
23 32 14 0 36 15 17 27 28 12 5 37 31 18 6 29 1 38 38 34 26 28 15 15 13 19 22 29 18 22 26 20 25 18 15 10 40 25 24 33 11
21 21 22 36 0 48 31 14 18 24 31 8 25 30 36 7 35 10 34 28 24 9 28 22 35 30 35 35 26 30 20 36 16 22 21 44 4 16 12 31 29
38 47 29 15 48 0 32 36 43 27 20 51 46 33 20 41 16 47 38 37 29 39 30 26 27 21 36 44 33 37 33 34 34 33 30 5 51 40 39 35 19
12 19 13 17 31 32 0 30 17 13 13 30 16 2 12 24 16 38 48 43 35 28 3 19 5 32 6 13 6 6 33 5 30 9 14 27 35 16 19 43 23
23 27 17 27 14 36 30 0 22 18 24 21 29 29 29 12 27 11 22 16 10 5 27 12 32 16 35 38 25 31 6 35 2 22 16 32 16 19 14 17 17
5 5 14 28 18 43 17 22 0 16 23 14 7 15 26 12 27 27 44 38 32 18 15 19 22 33 18 17 12 13 28 21 24 10 13 38 22 3 8 39 26
13 21 2 12 24 27 13 18 16 0 8 25 21 13 13 17 12 27 35 30 22 17 10 6 15 19 19 23 10 16 20 18 17 8 3 22 28 13 12 30 11
18 27 9 5 31 20 13 24 23 8 0 32 26 13 5 24 4 35 39 34 26 25 10 12 10 21 19 24 13 17 26 17 23 13 10 15 35 20 19 34 12
19 14 23 37 8 51 30 21 14 25 32 0 18 28 37 10 36 18 42 36 31 16 28 25 35 37 32 28 25 27 27 35 23 22 22 47 10 14 13 38 32
8 4 19 31 25 46 16 29 7 21 26 18 0 14 27 19 30 34 51 45 39 25 16 25 21 39 16 10 13 11 35 19 31 13 19 41 28 10 15 46 32
10 17 13 18 30 33 2 29 15 13 13 28 14 0 14 23 17 37 48 43 35 27 3 19 7 32 6 11 4 4 33 7 29 8 13 28 34 14 18 43 23
21 29 14 6 36 20 12 29 26 13 5 37 27 14 0 29 5 40 44 39 31 30 11 17 7 25 16 25 14 18 31 14 28 16 15 16 40 24 24 39 17
14 16 15 29 7 41 24 12 12 17 24 10 19 23 29 0 28 15 34 28 22 7 21 15 28 27 28 28 19 23 18 29 14 15 14 37 11 9 5 29 22
22 31 13 1 35 16 16 27 27 12 4 36 30 17 5 28 0 38 39 35 27 28 14 15 12 20 21 28 17 21 27 19 26 17 14 11 39 24 23 34 12
29 30 26 38 10 47 38 11 27 27 35 18 34 37 40 15 38 0 25 19 19 10 35 23 41 27 43 43 33 38 15 43 13 29 25 43 9 24 20 22 28
44 49 36 38 34 38 48 22 44 35 39 42 51 48 44 34 39 25 0 6 13 27 45 29 49 19 54 57 44 50 16 53 20 41 35 37 34 41 36 5 27
38 43 31 34 28 37 43 16 38 30 34 36 45 43 39 28 35 19 6 0 8 21 40 24 44 16 49 52 39 45 10 48 14 36 30 34 28 35 30 3 23
32 37 23 26 24 29 35 10 32 22 26 31 39 35 31 22 27 19 13 8 0 15 32 16 36 8 41 44 31 37 4 40 8 28 22 26 26 29 24 8 15
19 23 16 28 9 39 28 5 18 17 25 16 25 27 30 7 28 10 27 21 15 0 25 13 31 21 33 34 23 28 11 33 7 19 15 35 12 15 10 22 20
10 18 10 15 28 30 3 27 15 10 10 28 16 3 11 21 14 35 45 40 32 25 0 16 7 29 9 14 3 7 30 8 27 6 11 25 32 14 16 40 20
17 24 7 15 22 26 19 12 19 6 12 25 25 19 17 15 15 23 29 24 16 13 16 0 21 14 25 29 16 22 14 24 11 13 7 22 25 16 13 24 7
17 24 15 13 35 27 5 32 22 15 10 35 21 7 7 28 12 41 49 44 36 31 7 21 0 31 9 18 10 11 35 7 32 13 16 23 39 21 23 44 22
31 38 21 19 30 21 32 16 33 19 21 37 39 32 25 27 20 27 19 16 8 21 29 14 31 0 38 42 29 35 12 37 14 27 21 18 32 30 26 14 9
14 19 19 22 35 36 6 35 18 19 19 32 16 6 16 28 21 43 54 49 41 33 9 25 9 38 0 9 10 5 39 3 35 14 19 32 39 19 23 49 29
15 14 22 29 35 44 13 38 17 23 24 28 10 11 25 28 28 43 57 52 44 34 14 29 18 42 9 0 13 7 42 12 38 17 22 39 38 19 24 52 34
7 15 9 18 26 33 6 25 12 10 13 25 13 4 14 19 17 33 44 39 31 23 3 16 10 29 10 13 0 6 29 11 25 4 9 28 30 11 14 39 21
9 14 15 22 30 37 6 31 13 16 17 27 11 4 18 23 21 38 50 45 37 28 7 22 11 35 5 7 6 0 35 8 31 10 15 32 34 14 18 45 27
28 33 21 26 20 33 33 6 28 20 26 27 35 33 31 18 27 15 16 10 4 11 30 14 35 12 39 42 29 35 0 38 4 26 20 30 22 25 20 11 15
17 22 18 20 36 34 5 35 21 18 17 35 19 7 14 29 19 43 53 48 40 33 8 24 7 37 3 12 11 8 38 0 35 14 19 30 40 21 24 48 28
24 29 17 25 16 34 30 2 24 17 23 23 31 29 28 14 26 13 20 14 8 7 27 11 32 14 35 38 25 31 4 35 0 22 16 30 18 21 16 15 15
5 14 6 18 22 33 9 22 10 8 13 22 13 8 16 15 17 29 41 36 28 19 6 13 13 27 14 17 4 10 26 14 22 0 6 28 26 8 10 36 19
11 18 1 15 21 30 14 16 13 3 10 22 19 13 15 14 14 25 35 30 22 15 11 7 16 21 19 22 9 15 20 19 16 6 0 25 25 10 9 30 13
33 42 24 10 44 5 27 32 38 22 15 47 41 28 16 37 11 43 37 34 26 35 25 22 23 18 32 39 28 32 30 30 30 28 25 0 47 35 34 32 15
25 24 26 40 4 51 35 16 22 28 35 10 28 34 40 11 39 9 34 28 26 12 32 25 39 32 39 38 30 34 22 40 18 26 25 47 0 20 16 31 32
5 8 11 25 16 40 16 19 3 13 20 14 10 14 24 9 24 24 41 35 29 15 14 16 21 30 19 19 11 14 25 21 21 8 10 35 20 0 5 36 23
9 13 10 24 12 39 19 14 8 12 19 13 15 18 24 5 23 20 36 30 24 10 16 13 23 26 23 24 14 18 20 24 16 10 9 34 16 5 0 31 20
39 44 31 33 31 35 43 17 39 30 34 38 46 43 39 29 34 22 5 3 8 22 40 24 44 14 49 52 39 45 11 48 15 36 30 32 31 36 31 0 22
24 31 13 11 29 19 23 17 26 11 12 32 32 23 17 22 12 28 27 23 15 20 20 7 22 9 29 34 21 27 15 28 15 19 13 15 32 23 20 22 0
0 244
23 47
71 95
69 93
113 137
95 119
130 154
218 242
168 192
47 71
31 55
207 231
84 108
159 183
118 142
125 149
81 105
201 225
146 170
10 34
176 200
203 227
169 193
138 162
187 211
58 82
13 37
26 50
6 30
160 184
212 236
182 206
187 211
109 133
17 41
107 131
118 142
210 234
118 142
146 170
97 121
0
51
38
23
69
61
21
24
22
63
45
76
59
56
66
51
31
20
55
81
41
26
75
45
64
68
76
52
21
45
52
48
49
78
59
43
25
61
66
68
26
