41
1302
0 31 4 46 18 20 52 27 42 10 43 53 37 45 38 27 48 30 53 30 49 35 6 18 40 39 25 15 51 36 40 37 43 32 44 41 19 16 25 9 27
31 0 29 23 13 14 21 9 11 24 21 22 29 23 7 23 17 28 24 19 20 11 37 13 9 27 9 19 20 10 28 7 14 24 21 10 15 27 12 24 11
4 29 0 43 16 20 50 26 40 12 40 51 33 42 36 29 46 26 50 32 46 32 9 17 38 41 24 16 49 33 42 34 40 34 41 39 19 12 22 6 27
46 23 43 0 31 36 16 32 24 42 4 16 19 4 17 45 29 24 12 42 10 12 52 32 17 48 31 39 24 13 49 16 10 47 3 22 36 34 21 37 34
18 13 16 31 0 7 34 10 24 11 29 35 29 31 20 19 30 25 36 19 32 19 24 1 22 29 8 8 33 19 30 19 26 23 29 23 6 17 11 11 12
20 14 20 36 7 0 35 7 23 10 34 36 36 36 21 12 29 32 38 12 34 24 26 6 23 22 5 5 32 23 23 21 28 16 34 22 1 24 18 16 7
52 21 50 16 34 35 0 30 16 45 19 1 34 20 14 42 17 38 5 37 6 19 58 34 12 41 30 40 10 18 42 17 11 42 18 15 36 44 29 45 32
27 9 26 32 10 7 30 0 16 17 30 31 35 32 16 14 22 33 33 10 29 20 33 9 18 20 2 12 25 19 21 16 23 15 30 16 8 27 17 20 2
42 11 40 24 24 23 16 16 0 33 25 17 36 27 8 27 6 37 20 22 17 16 48 24 7 25 18 28 9 15 26 11 14 26 24 2 24 38 23 35 17
10 24 12 42 11 10 45 17 33 0 40 46 39 42 31 17 39 33 47 20 43 30 16 11 33 29 15 5 42 30 30 30 37 22 40 32 9 20 22 11 17
43 21 40 4 29 34 19 30 25 40 0 19 15 2 18 43 30 20 15 40 13 10 49 30 18 48 29 37 27 11 49 15 11 45 1 23 34 30 18 34 32
53 22 51 16 35 36 1 31 17 46 19 0 34 20 15 43 17 38 4 38 6 20 59 35 13 42 31 41 11 19 43 18 12 43 18 16 37 45 30 46 33
37 29 33 19 29 36 34 35 36 39 15 34 0 15 28 47 42 7 30 45 28 20 42 30 30 55 33 37 41 21 56 25 25 50 16 34 35 21 18 29 37
45 23 42 4 31 36 20 32 27 42 2 20 15 0 20 45 32 20 16 42 14 12 51 32 20 50 31 39 28 13 51 17 13 47 3 25 36 31 20 36 34
38 7 36 17 20 21 14 16 8 31 18 15 28 20 0 30 14 29 17 25 13 8 44 20 2 31 16 26 13 7 32 3 7 30 17 6 22 30 15 31 18
27 23 29 45 19 12 42 14 27 17 43 43 47 45 30 0 30 44 46 5 42 33 33 18 31 12 14 14 36 33 13 30 37 5 43 27 13 36 29 27 12
48 17 46 29 30 29 17 22 6 39 30 17 42 32 14 30 0 43 21 25 20 22 54 30 13 25 24 34 7 21 26 17 19 29 29 8 30 44 29 41 22
30 28 26 24 25 32 38 33 37 33 20 38 7 20 29 44 43 0 35 43 32 21 35 26 31 53 31 33 42 22 54 26 28 48 21 35 31 14 16 22 35
53 24 50 12 36 38 5 33 20 47 15 4 30 16 17 46 21 35 0 41 4 18 59 36 15 45 33 43 15 17 46 17 10 46 14 19 39 43 28 44 35
30 19 32 42 19 12 37 10 22 20 40 38 45 42 25 5 25 43 41 0 37 30 36 18 26 10 12 16 31 29 11 26 32 5 40 22 13 36 27 28 8
49 20 46 10 32 34 6 29 17 43 13 6 28 14 13 42 20 32 4 37 0 14 55 32 11 42 29 39 14 13 43 13 6 42 12 16 35 39 24 40 31
35 11 32 12 19 24 19 20 16 30 10 20 20 12 8 33 22 21 18 30 14 0 41 20 10 38 19 27 21 1 39 5 8 35 10 14 24 25 10 26 22
6 37 9 52 24 26 58 33 48 16 49 59 42 51 44 33 54 35 59 36 55 41 0 24 46 45 31 21 57 42 46 43 49 38 50 47 25 21 31 15 33
18 13 17 32 1 6 34 9 24 11 30 35 30 32 20 18 30 26 36 18 32 20 24 0 22 28 7 7 33 20 29 19 26 22 30 23 5 18 12 11 11
40 9 38 17 22 23 12 18 7 33 18 13 30 20 2 31 13 31 15 26 11 10 46 22 0 32 18 28 11 9 33 5 7 31 17 5 24 32 17 33 20
39 27 41 48 29 22 41 20 25 29 48 42 55 50 31 12 25 53 45 10 42 38 45 28 32 0 22 26 32 37 1 33 38 7 48 27 23 46 37 38 18
25 9 24 31 8 5 30 2 18 15 29 31 33 31 16 14 24 31 33 12 29 19 31 7 18 22 0 10 27 19 23 16 23 17 29 17 6 25 15 18 4
15 19 16 39 8 5 40 12 28 5 37 41 37 39 26 14 34 33 43 16 39 27 21 7 28 26 10 0 37 27 27 26 33 19 37 27 4 22 19 13 12
51 20 49 24 33 32 10 25 9 42 27 11 41 28 13 36 7 42 15 31 14 21 57 33 11 32 27 37 0 20 33 16 16 35 26 10 33 43 28 44 26
36 10 33 13 19 23 18 19 15 30 11 19 21 13 7 33 21 22 17 29 13 1 42 20 9 37 19 27 20 0 38 4 7 34 11 13 24 26 11 27 21
40 28 42 49 30 23 42 21 26 30 49 43 56 51 32 13 26 54 46 11 43 39 46 29 33 1 23 27 33 38 0 34 39 8 49 28 24 47 38 39 19
37 7 34 16 19 21 17 16 11 30 15 18 25 17 3 30 17 26 17 26 13 5 43 19 5 33 16 26 16 4 34 0 7 31 15 9 22 27 12 28 18
43 14 40 10 26 28 11 23 14 37 11 12 25 13 7 37 19 28 10 32 6 8 49 26 7 38 23 33 16 7 39 7 0 37 10 12 29 33 18 34 25
32 24 34 47 23 16 42 15 26 22 45 43 50 47 30 5 29 48 46 5 42 35 38 22 31 7 17 19 35 34 8 31 37 0 45 27 17 40 32 32 13
44 21 41 3 29 34 18 30 24 40 1 18 16 3 17 43 29 21 14 40 12 10 50 30 17 48 29 37 26 11 49 15 10 45 0 22 34 31 19 35 32
41 10 39 22 23 22 15 16 2 32 23 16 34 25 6 27 8 35 19 22 16 14 47 23 5 27 17 27 10 13 28 9 12 27 22 0 23 36 21 34 17
19 15 19 36 6 1 36 8 24 9 34 37 35 36 22 13 30 31 39 13 35 24 25 5 24 23 6 4 33 24 24 22 29 17 34 23 0 23 17 15 8
16 27 12 34 17 24 44 27 38 20 30 45 21 31 30 36 44 14 43 36 39 25 21 18 32 46 25 22 43 26 47 27 33 40 31 36 23 0 15 9 29
25 12 22 21 11 18 29 17 23 22 18 30 18 20 15 29 29 16 28 27 24 10 31 12 17 37 15 19 28 11 38 12 18 32 19 21 17 15 0 16 19
9 24 6 37 11 16 45 20 35 11 34 46 29 36 31 27 41 22 44 28 40 26 15 11 33 38 18 13 44 27 39 28 34 32 35 34 15 9 16 0 22
27 11 27 34 12 7 32 2 17 17 32 33 37 34 18 12 22 35 35 8 31 22 33 11 20 18 4 12 26 21 19 18 25 13 32 17 8 29 19 22 0
0 293
183 270
188 275
9 96
18 105
90 177
193 280
33 120
106 193
96 183
142 229
202 289
76 163
95 182
14 101
112 199
167 254
50 137
64 151
126 213
181 268
121 208
99 186
80 167
143 230
119 206
191 278
15 102
162 249
46 133
159 246
23 110
81 168
83 170
90 177
88 175
186 273
203 290
199 286
178 265
30 117
0
57
48
36
57
62
52
85
73
35
63
29
52
34
49
31
42
21
75
63
72
27
74
59
28
38
70
75
55
47
66
28
45
22
42
49
39
81
36
64
21
