41
1299
0 26 31 42 44 28 14 43 23 4 18 23 10 39 11 15 10 47 18 7 24 6 4 20 21 29 16 14 13 34 22 42 45 8 11 36 25 43 26 12 42
26 0 18 28 37 35 37 50 41 28 40 8 25 52 18 41 31 32 14 32 16 31 26 43 34 40 37 12 36 21 4 44 36 22 20 20 44 54 25 34 28
31 18 0 11 19 22 36 36 33 34 37 25 24 39 20 45 30 16 29 38 7 37 29 41 26 29 34 23 35 3 17 27 18 31 32 5 36 40 12 33 11
42 28 11 0 14 28 47 37 41 45 46 36 35 43 31 56 41 5 40 49 18 48 40 50 34 35 43 34 46 9 28 26 11 42 43 8 44 42 20 43 2
44 37 19 14 0 20 44 23 34 48 41 44 35 31 35 55 40 16 47 51 23 50 41 45 29 26 38 39 44 16 36 12 3 47 48 19 35 28 18 40 12
28 35 22 28 20 0 24 16 14 32 21 38 18 17 23 35 21 33 38 34 19 33 24 25 9 7 18 30 24 22 31 14 23 34 36 27 16 19 10 20 26
14 37 36 47 44 24 0 34 13 16 5 36 12 29 19 12 6 52 32 13 29 14 12 6 15 20 6 27 1 39 33 38 46 22 25 41 15 33 27 4 45
43 50 36 37 23 16 34 0 22 47 31 54 33 8 39 46 34 39 54 47 34 46 39 33 22 14 28 46 35 34 47 11 26 49 52 39 21 5 25 32 35
23 41 33 41 34 14 13 22 0 26 9 40 16 16 23 25 14 46 39 26 27 26 20 12 7 8 7 31 14 33 37 26 37 31 34 38 3 20 21 11 39
4 28 34 45 48 32 16 47 26 0 21 23 14 42 14 13 13 50 17 4 27 3 8 22 25 33 19 16 15 37 24 46 49 7 10 39 28 46 30 15 45
18 40 37 46 41 21 5 31 9 21 0 39 15 24 22 16 9 51 35 18 30 19 15 4 12 17 3 30 6 38 36 35 43 26 29 42 10 28 26 6 44
23 8 25 36 44 38 36 54 40 23 39 0 24 54 17 36 30 40 6 27 21 26 24 42 35 42 36 9 35 28 8 49 43 16 13 28 43 57 30 33 36
10 25 24 35 35 18 12 33 16 14 15 24 0 30 7 21 6 40 23 16 17 15 6 18 11 19 12 15 11 27 21 32 36 16 19 29 19 34 17 9 34
39 52 39 43 31 17 29 8 16 42 24 54 30 0 37 40 30 47 53 42 36 42 36 26 19 12 23 45 30 38 48 19 34 46 49 43 14 4 27 27 41
11 18 20 31 35 23 19 39 23 14 22 17 7 37 0 25 13 36 16 18 13 17 9 25 18 25 19 8 18 23 14 36 36 12 13 25 26 40 17 16 31
15 41 45 56 55 35 12 46 25 13 16 36 21 40 25 0 15 61 30 9 38 10 16 14 26 32 18 29 11 48 37 49 56 20 23 50 26 44 37 15 55
10 31 30 41 40 21 6 34 14 13 9 30 6 30 13 15 0 46 26 13 23 12 6 12 12 20 7 21 5 33 27 35 41 17 20 35 16 34 22 3 40
47 32 16 5 16 33 52 39 46 50 51 40 40 47 36 61 46 0 44 54 23 53 45 55 39 40 48 39 51 14 32 28 13 47 48 12 49 44 25 48 7
18 14 29 40 47 38 32 54 39 17 35 6 23 53 16 30 26 44 0 21 24 20 20 38 34 41 33 8 31 32 12 50 47 10 7 32 42 56 31 29 40
7 32 38 49 51 34 13 47 26 4 18 27 16 42 18 9 13 54 21 0 31 1 10 19 25 33 19 20 12 41 28 48 52 11 14 43 28 46 33 15 49
24 16 7 18 23 19 29 34 27 27 30 21 17 36 13 38 23 23 24 31 0 30 22 34 20 25 27 16 28 10 13 28 23 24 25 12 30 38 9 26 18
6 31 37 48 50 33 14 46 26 3 19 26 15 42 17 10 12 53 20 1 30 0 9 20 24 32 19 19 13 40 27 47 51 10 13 42 28 46 32 15 48
4 26 29 40 41 24 12 39 20 8 15 24 6 36 9 16 6 45 20 10 22 9 0 18 17 25 13 15 11 32 22 38 42 11 14 34 22 40 23 9 39
20 43 41 50 45 25 6 33 12 22 4 42 18 26 25 14 12 55 38 19 34 20 18 0 16 20 7 33 7 42 39 38 47 28 31 46 12 30 30 9 48
21 34 26 34 29 9 15 22 7 25 12 35 11 19 18 26 12 39 34 25 20 24 17 16 0 8 9 26 15 26 30 23 31 27 30 31 10 23 14 11 32
29 40 29 35 26 7 20 14 8 33 17 42 19 12 25 32 20 40 41 33 25 32 25 20 8 0 14 33 21 29 36 18 29 35 38 34 9 15 17 18 33
16 37 34 43 38 18 6 28 7 19 3 36 12 23 19 18 7 48 33 19 27 19 13 7 9 14 0 27 7 35 33 32 40 24 27 39 9 27 23 4 41
14 12 23 34 39 30 27 46 31 16 30 9 15 45 8 29 21 39 8 20 16 19 15 33 26 33 27 0 26 26 8 42 39 10 9 27 34 48 23 24 34
13 36 35 46 44 24 1 35 14 15 6 35 11 30 18 11 5 51 31 12 28 13 11 7 15 21 7 26 0 38 32 38 46 21 24 40 16 34 27 4 45
34 21 3 9 16 22 39 34 33 37 38 28 27 38 23 48 33 14 32 41 10 40 32 42 26 29 35 26 38 0 20 24 15 34 35 5 36 39 12 35 8
22 4 17 28 36 31 33 47 37 24 36 8 21 48 14 37 27 32 12 28 13 27 22 39 30 36 33 8 32 20 0 41 35 18 17 20 40 50 22 30 28
42 44 27 26 12 14 38 11 26 46 35 49 32 19 36 49 35 28 50 48 28 47 38 38 23 18 32 42 38 24 41 0 15 48 49 29 27 16 19 34 24
45 36 18 11 3 23 46 26 37 49 43 43 36 34 36 56 41 13 47 52 23 51 42 47 31 29 40 39 46 15 35 15 0 47 48 18 38 31 19 42 10
8 22 31 42 47 34 22 49 31 7 26 16 16 46 12 20 17 47 10 11 24 10 11 28 27 35 24 10 21 34 18 48 47 0 3 36 33 50 29 20 42
11 20 32 43 48 36 25 52 34 10 29 13 19 49 13 23 20 48 7 14 25 13 14 31 30 38 27 9 24 35 17 49 48 3 0 36 36 53 30 23 43
36 20 5 8 19 27 41 39 38 39 42 28 29 43 25 50 35 12 32 43 12 42 34 46 31 34 39 27 40 5 20 29 18 36 36 0 41 44 17 38 8
25 44 36 44 35 16 15 21 3 28 10 43 19 14 26 26 16 49 42 28 30 28 22 12 10 9 9 34 16 36 40 27 38 33 36 41 0 18 24 13 42
43 54 40 42 28 19 33 5 20 46 28 57 34 4 40 44 34 44 56 46 38 46 40 30 23 15 27 48 34 39 50 16 31 50 53 44 18 0 29 31 40
26 25 12 20 18 10 27 25 21 30 26 30 17 27 17 37 22 25 31 33 9 32 23 30 14 17 23 23 27 12 22 19 19 29 30 17 24 29 0 23 18
12 34 33 43 40 20 4 32 11 15 6 33 9 27 16 15 3 48 29 15 26 15 9 9 11 18 4 24 4 35 30 34 42 20 23 38 13 31 23 0 41
42 28 11 2 12 26 45 35 39 45 44 36 34 41 31 55 40 7 40 49 18 48 39 48 32 33 41 34 45 8 28 24 10 42 43 8 42 40 18 41 0
0 710
39 252
197 410
417 630
143 356
185 398
16 229
383 596
346 559
50 263
347 560
147 360
481 694
65 278
281 494
70 283
15 228
479 692
71 284
317 530
366 579
161 374
401 614
487 700
71 284
248 461
285 498
114 327
112 325
43 256
403 616
419 632
196 409
229 442
83 296
469 682
347 560
231 444
489 702
153 366
172 385
0
53
49
55
65
53
40
82
44
56
13
50
56
48
18
20
36
64
15
18
52
87
57
49
54
83
44
67
67
41
55
43
36
66
58
45
58
46
43
38
73
