41
1299
0 20 14 17 40 20 15 5 24 35 33 41 31 27 23 34 20 25 11 24 4 21 9 34 9 22 34 15 7 27 18 4 39 35 26 34 29 22 13 13 26
20 0 22 16 45 39 35 15 4 18 40 24 16 12 27 36 4 45 19 33 24 41 22 28 18 13 41 17 27 8 19 16 46 37 18 37 39 38 21 32 33
14 22 0 7 54 32 21 14 25 40 47 46 37 33 35 46 19 33 3 38 13 28 6 44 5 14 48 5 19 30 6 13 53 47 35 46 43 36 1 25 40
17 16 7 0 55 36 26 16 19 34 48 40 32 28 36 47 13 38 7 40 17 33 10 42 8 7 49 2 23 24 3 15 54 48 32 47 46 39 6 29 41
40 45 54 55 0 32 47 40 47 41 7 45 36 36 19 9 48 45 51 17 43 46 49 21 49 56 6 54 37 44 57 41 1 8 28 8 15 24 53 34 14
20 39 32 36 32 0 17 24 43 48 25 54 43 41 23 29 40 13 29 17 19 14 27 38 28 42 26 34 13 45 37 24 31 30 35 29 17 8 31 7 20
15 35 21 26 47 17 0 20 39 50 40 56 46 42 33 42 35 12 19 30 11 7 16 47 20 33 41 24 12 42 27 19 46 43 41 42 33 24 21 13 33
5 15 14 16 40 24 20 0 19 30 33 36 26 22 21 32 16 30 11 24 9 26 11 30 9 19 34 14 12 22 17 1 39 33 21 32 30 25 13 17 26
24 4 25 19 47 43 39 19 0 16 43 21 16 12 30 38 6 49 23 37 28 45 26 29 22 14 44 20 31 5 22 20 48 39 19 39 43 42 24 36 36
35 18 40 34 41 48 50 30 16 0 39 6 5 8 28 32 22 58 37 35 39 55 40 20 36 30 39 35 40 11 37 31 42 33 14 33 41 44 39 43 34
33 40 47 48 7 25 40 33 43 39 0 43 34 33 13 7 43 38 44 10 36 39 42 19 42 51 1 47 30 41 50 34 6 7 25 6 8 17 46 27 7
41 24 46 40 45 54 56 36 21 6 43 0 11 14 34 36 27 64 43 41 45 61 46 24 42 35 43 41 46 16 43 37 46 37 20 37 47 50 45 49 40
31 16 37 32 36 43 46 26 16 5 34 11 0 4 23 27 20 54 34 30 35 51 36 15 32 29 34 33 36 11 35 27 37 28 9 28 36 39 36 39 29
27 12 33 28 36 41 42 22 12 8 33 14 4 0 22 27 16 50 30 29 31 47 32 18 28 25 33 29 32 8 31 23 37 28 8 28 35 37 32 35 28
23 27 35 36 19 23 33 21 30 28 13 34 23 22 0 11 30 36 32 7 26 34 32 15 30 38 14 35 22 29 38 22 19 12 14 11 13 16 34 21 6
34 36 46 47 9 29 42 32 38 32 7 36 27 27 11 0 39 42 43 12 37 42 43 12 41 47 7 46 32 35 49 33 10 1 19 1 14 21 45 29 9
20 4 19 13 48 40 35 16 6 22 43 27 20 16 30 39 0 45 17 36 24 41 20 32 16 9 44 14 27 11 16 16 49 40 22 40 42 40 18 33 36
25 45 33 38 45 13 12 30 49 58 38 64 54 50 36 42 45 0 31 30 23 5 28 51 32 45 39 36 19 52 39 29 44 43 46 42 30 21 33 15 33
11 19 3 7 51 29 19 11 23 37 44 43 34 30 32 43 17 31 0 35 10 26 3 41 2 14 45 5 16 27 8 10 50 44 32 43 40 33 2 22 37
24 33 38 40 17 17 30 24 37 35 10 41 30 29 7 12 36 30 35 0 27 30 33 21 33 43 11 38 21 36 41 25 16 13 21 12 6 10 37 17 3
4 24 13 17 43 19 11 9 28 39 36 45 35 31 26 37 24 23 10 27 0 18 8 38 9 23 37 15 6 31 18 8 42 38 30 37 31 23 12 12 29
21 41 28 33 46 14 7 26 45 55 39 61 51 47 34 42 41 5 26 30 18 0 23 49 27 40 40 31 15 48 34 25 45 43 44 42 31 22 28 13 33
9 22 6 10 49 27 16 11 26 40 42 46 36 32 32 43 20 28 3 33 8 23 0 41 4 17 43 8 14 30 11 10 48 44 32 43 38 31 5 20 35
34 28 44 42 21 38 47 30 29 20 19 24 15 18 15 12 32 51 41 21 38 49 41 0 39 41 19 43 35 26 45 31 22 13 10 13 26 31 43 36 19
9 18 5 8 49 28 20 9 22 36 42 42 32 28 30 41 16 32 2 33 9 27 4 39 0 14 43 6 15 26 9 8 48 42 30 41 38 31 4 21 35
22 13 14 7 56 42 33 19 14 30 51 35 29 25 38 47 9 45 14 43 23 40 17 41 14 0 52 9 29 19 9 19 57 48 31 48 49 44 13 35 44
34 41 48 49 6 26 41 34 44 39 1 43 34 33 14 7 44 39 45 11 37 40 43 19 43 52 0 48 31 41 51 35 5 7 25 6 9 18 47 28 8
15 17 5 2 54 34 24 14 20 35 47 41 33 29 35 46 14 36 5 38 15 31 8 43 6 9 48 0 21 25 3 13 53 47 33 46 44 37 4 27 40
7 27 19 23 37 13 12 12 31 40 30 46 36 32 22 32 27 19 16 21 6 15 14 35 15 29 31 21 0 34 24 11 36 33 29 32 25 17 18 6 23
27 8 30 24 44 45 42 22 5 11 41 16 11 8 29 35 11 52 27 36 31 48 30 26 26 19 41 25 34 0 27 23 45 36 16 36 42 42 29 39 35
18 19 6 3 57 37 27 17 22 37 50 43 35 31 38 49 16 39 8 41 18 34 11 45 9 9 51 3 24 27 0 16 56 50 35 49 47 40 6 30 43
4 16 13 15 41 24 19 1 20 31 34 37 27 23 22 33 16 29 10 25 8 25 10 31 8 19 35 13 11 23 16 0 40 34 22 33 31 25 12 17 27
39 46 53 54 1 31 46 39 48 42 6 46 37 37 19 10 49 44 50 16 42 45 48 22 48 57 5 53 36 45 56 40 0 9 29 9 14 23 52 33 13
35 37 47 48 8 30 43 33 39 33 7 37 28 28 12 1 40 43 44 13 38 43 44 13 42 48 7 47 33 36 50 34 9 0 20 1 15 22 46 30 10
26 18 35 32 28 35 41 21 19 14 25 20 9 8 14 19 22 46 32 21 30 44 32 10 30 31 25 33 29 16 35 22 29 20 0 20 27 30 34 31 20
34 37 46 47 8 29 42 32 39 33 6 37 28 28 11 1 40 42 43 12 37 42 43 13 41 48 6 46 32 36 49 33 9 1 20 0 14 21 45 29 9
29 39 43 46 15 17 33 30 43 41 8 47 36 35 13 14 42 30 40 6 31 31 38 26 38 49 9 44 25 42 47 31 14 15 27 14 0 9 42 20 7
22 38 36 39 24 8 24 25 42 44 17 50 39 37 16 21 40 21 33 10 23 22 31 31 31 44 18 37 17 42 40 25 23 22 30 21 9 0 35 11 12
13 21 1 6 53 31 21 13 24 39 46 45 36 32 34 45 18 33 2 37 12 28 5 43 4 13 47 4 18 29 6 12 52 46 34 45 42 35 0 24 39
13 32 25 29 34 7 13 17 36 43 27 49 39 35 21 29 33 15 22 17 12 13 20 36 21 35 28 27 6 39 30 17 33 30 31 29 20 11 24 0 20
26 33 40 41 14 20 33 26 36 34 7 40 29 28 6 9 36 33 37 3 29 33 35 19 35 44 8 40 23 35 43 27 13 10 20 9 7 12 39 20 0
0 661
437 635
61 259
190 388
333 531
90 288
87 285
460 658
341 539
182 380
141 339
272 470
171 369
119 317
326 524
457 655
75 273
249 447
259 457
26 224
419 617
154 352
23 221
172 370
243 441
394 592
294 492
288 486
359 557
201 399
348 546
187 385
17 215
279 477
426 624
243 441
133 331
203 401
167 365
339 537
425 623
0
57
75
24
72
27
66
30
22
40
25
72
68
51
36
54
30
60
41
78
58
17
53
46
76
32
71
56
55
66
65
74
27
34
43
54
85
54
29
33
42
