41
1299
0 26 28 26 36 24 21 34 4 13 35 7 35 22 37 36 25 10 37 25 30 23 9 13 11 28 18 33 30 31 12 15 31 45 33 14 24 40 10 15 31
26 0 4 19 44 37 34 45 22 13 48 33 28 46 20 42 12 17 32 1 19 3 35 23 26 12 34 37 35 32 18 41 34 32 44 12 41 53 23 41 44
28 4 0 17 43 38 35 44 24 15 48 35 26 48 16 40 16 21 30 4 17 7 37 27 30 10 35 35 34 30 22 43 32 28 43 14 42 53 27 43 44
26 19 17 0 26 22 19 27 22 17 31 33 11 36 12 23 29 23 15 18 4 20 32 31 33 8 21 18 17 13 26 35 15 19 26 16 27 36 30 35 27
36 44 43 26 0 12 15 3 35 37 10 40 20 27 33 3 52 41 16 43 26 45 35 48 47 33 18 8 9 13 45 33 11 30 4 37 16 12 45 33 8
24 37 38 22 12 0 3 10 23 27 11 28 22 17 33 14 42 29 20 36 25 37 23 36 35 29 6 12 9 15 33 22 12 34 9 28 6 16 33 22 7
21 34 35 19 15 3 0 13 20 24 14 26 21 18 30 15 39 26 20 33 22 34 21 33 32 26 4 13 10 14 30 21 12 33 12 25 8 19 30 21 10
34 45 44 27 3 10 13 0 33 37 7 38 22 24 35 6 52 39 19 44 28 45 33 46 45 35 16 10 10 15 43 30 12 33 1 37 13 10 43 30 5
4 22 24 22 35 23 20 33 0 9 34 11 32 25 33 35 22 7 34 21 26 19 13 13 13 24 17 31 28 29 10 19 29 41 32 10 24 39 10 19 30
13 13 15 17 37 27 24 37 9 0 38 20 28 33 24 36 15 6 32 12 20 10 22 14 17 15 23 31 29 28 9 28 28 35 36 1 30 43 14 28 34
35 48 48 31 10 11 14 7 34 38 0 37 28 20 41 13 53 40 25 47 33 48 31 47 46 39 17 16 15 21 44 28 18 39 6 39 11 5 44 28 4
7 33 35 33 40 28 26 38 11 20 37 0 42 20 44 41 29 16 44 32 37 30 6 15 10 35 22 39 36 38 16 12 37 52 37 21 26 42 12 12 34
35 28 26 11 20 22 21 22 32 28 28 42 0 39 13 17 40 34 4 27 9 31 40 42 44 16 25 12 13 7 37 41 10 12 22 27 28 32 41 41 24
22 46 48 36 27 17 18 24 25 33 20 20 39 0 47 30 47 32 37 45 39 43 14 34 30 42 15 29 26 32 34 9 29 51 23 34 11 25 31 9 19
37 20 16 12 33 33 30 35 33 24 41 44 13 47 0 30 32 30 17 19 8 23 44 38 41 9 32 25 26 20 33 47 23 12 35 23 38 45 38 47 37
36 42 40 23 3 14 15 6 35 36 13 41 17 30 30 0 50 40 13 41 23 43 36 48 47 30 19 5 7 10 44 36 8 27 7 35 19 15 45 36 11
25 12 16 29 52 42 39 52 22 15 53 29 40 47 32 50 0 15 44 13 31 9 34 16 21 24 38 46 43 41 13 40 43 44 51 15 45 58 18 40 49
10 17 21 23 41 29 26 39 7 6 40 16 34 32 30 40 15 0 37 17 26 14 19 9 11 21 24 36 33 32 4 25 33 41 38 7 31 45 8 25 36
37 32 30 15 16 20 20 19 34 32 25 44 4 37 17 13 44 37 0 31 13 35 41 46 47 20 24 9 11 6 41 41 8 14 19 31 26 28 44 41 22
25 1 4 18 43 36 33 44 21 12 47 32 27 45 19 41 13 17 31 0 18 4 34 24 27 11 33 36 34 31 19 40 33 31 43 11 40 52 24 40 43
30 19 17 4 26 25 22 28 26 20 33 37 9 39 8 23 31 26 13 18 0 22 36 34 37 7 24 18 18 13 29 39 16 16 27 19 30 37 34 39 29
23 3 7 20 45 37 34 45 19 10 48 30 31 43 23 43 9 14 35 4 22 0 32 20 23 15 32 38 36 33 15 38 35 35 45 9 39 53 20 38 44
9 35 37 32 35 23 21 33 13 22 31 6 40 14 44 36 34 19 41 34 36 32 0 20 16 36 17 34 31 35 21 6 33 51 32 23 20 36 17 6 28
13 23 27 31 48 36 33 46 13 14 47 15 42 34 38 48 16 9 46 24 34 20 20 0 5 29 30 44 41 41 5 26 42 49 45 15 37 52 3 26 43
11 26 30 33 47 35 32 45 13 17 46 10 44 30 41 47 21 11 47 27 37 23 16 5 0 32 29 44 41 42 8 22 42 52 44 18 35 51 3 22 42
28 12 10 8 33 29 26 35 24 15 39 35 16 42 9 30 24 21 20 11 7 15 36 29 32 0 28 25 25 20 24 40 23 21 34 14 34 44 29 40 35
18 34 35 21 18 6 4 16 17 23 17 22 25 15 32 19 38 24 24 33 24 32 17 30 29 28 0 17 14 18 27 17 16 37 15 23 7 22 27 17 13
33 37 35 18 8 12 13 10 31 31 16 39 12 29 25 5 46 36 9 36 18 38 34 44 44 25 17 0 3 5 40 34 3 23 10 31 18 20 41 34 13
30 35 34 17 9 9 10 10 28 29 15 36 13 26 26 7 43 33 11 34 18 36 31 41 41 25 14 3 0 6 37 31 3 25 9 28 15 19 38 31 11
31 32 30 13 13 15 14 15 29 28 21 38 7 32 20 10 41 32 6 31 13 33 35 41 42 20 18 5 6 0 36 35 3 19 15 27 21 25 39 35 17
12 18 22 26 45 33 30 43 10 9 44 16 37 34 33 44 13 4 41 19 29 15 21 5 8 24 27 40 37 36 0 27 37 44 42 10 34 49 5 27 40
15 41 43 35 33 22 21 30 19 28 28 12 41 9 47 36 40 25 41 40 39 38 6 26 22 40 17 34 31 35 27 0 33 53 29 29 17 33 23 0 25
31 34 32 15 11 12 12 12 29 28 18 37 10 29 23 8 43 33 8 33 16 35 33 42 42 23 16 3 3 3 37 33 0 22 12 28 18 22 39 33 14
45 32 28 19 30 34 33 33 41 35 39 52 12 51 12 27 44 41 14 31 16 35 51 49 52 21 37 23 25 19 44 53 22 0 33 34 40 42 49 53 36
33 44 43 26 4 9 12 1 32 36 6 37 22 23 35 7 51 38 19 43 27 45 32 45 44 34 15 10 9 15 42 29 12 33 0 36 12 10 42 29 4
14 12 14 16 37 28 25 37 10 1 39 21 27 34 23 35 15 7 31 11 19 9 23 15 18 14 23 31 28 27 10 29 28 34 36 0 30 44 15 29 35
24 41 42 27 16 6 8 13 24 30 11 26 28 11 38 19 45 31 26 40 30 39 20 37 35 34 7 18 15 21 34 17 18 40 12 30 0 16 34 17 8
40 53 53 36 12 16 19 10 39 43 5 42 32 25 45 15 58 45 28 52 37 53 36 52 51 44 22 20 19 25 49 33 22 42 10 44 16 0 49 33 9
10 23 27 30 45 33 30 43 10 14 44 12 41 31 38 45 18 8 44 24 34 20 17 3 3 29 27 41 38 39 5 23 39 49 42 15 34 49 0 23 40
15 41 43 35 33 22 21 30 19 28 28 12 41 9 47 36 40 25 41 40 39 38 6 26 22 40 17 34 31 35 27 0 33 53 29 29 17 33 23 0 25
31 44 44 27 8 7 10 5 30 34 4 34 24 19 37 11 49 36 22 43 29 44 28 43 42 35 13 13 11 17 40 25 14 36 4 35 8 9 40 25 0
0 416
189 189
340 340
381 381
75 75
331 331
346 346
142 142
195 195
309 309
278 278
38 38
250 250
305 305
341 341
80 80
385 385
372 372
210 210
102 102
167 167
229 229
409 409
140 140
312 312
107 107
10 10
9 9
32 32
213 213
72 72
105 105
303 303
35 35
44 44
304 304
187 187
207 207
318 318
175 175
396 396
0
53
64
11
63
79
27
22
28
50
62
50
49
54
74
55
39
57
54
58
67
42
51
19
30
63
44
40
68
66
33
73
68
23
39
52
67
58
45
46
55
