41
1299
0 19 23 32 16 11 8 23 21 12 6 26 12 15 27 27 6 25 16 13 21 21 23 29 22 22 18 28 34 20 16 20 10 26 18 25 23 24 4 17 17
19 0 40 21 31 17 25 4 37 31 25 26 20 32 22 8 25 21 3 12 26 29 38 13 20 38 31 22 22 33 30 30 17 9 36 13 40 22 19 17 36
23 40 0 55 9 23 15 44 33 15 22 26 20 9 33 48 22 48 37 36 43 16 35 42 29 34 36 34 40 38 34 11 23 42 25 38 33 28 27 40 11
32 21 55 0 48 37 40 21 39 43 35 47 40 47 42 22 35 10 22 19 21 49 39 32 41 40 32 42 41 33 33 50 36 28 44 33 42 43 29 17 48
16 31 9 48 0 14 8 35 32 13 17 20 11 6 26 39 17 41 28 29 37 10 34 33 21 33 31 27 33 33 29 5 14 33 24 29 32 21 20 33 12
11 17 23 37 14 0 10 21 31 19 16 15 3 16 16 25 16 32 15 19 31 12 33 20 11 32 29 17 23 31 27 13 1 19 28 16 33 13 14 24 22
8 25 15 40 8 10 0 29 24 9 9 23 9 7 26 33 9 33 22 21 29 15 26 30 21 25 23 27 33 25 21 12 10 29 19 26 26 22 12 25 12
23 4 44 21 35 21 29 0 41 35 29 28 24 36 21 4 29 23 7 16 29 32 42 11 22 42 35 21 20 37 34 34 21 7 40 12 44 24 23 20 40
21 37 33 39 32 31 24 41 0 19 15 46 32 26 47 45 15 29 34 25 18 39 2 49 42 1 7 48 54 6 7 36 30 45 8 46 3 44 19 24 22
12 31 15 43 13 19 9 35 19 0 8 32 18 7 35 39 8 35 28 24 29 22 21 39 30 20 21 36 42 23 19 18 18 37 11 35 19 31 14 27 5
6 25 22 35 17 16 9 29 15 8 0 31 17 13 32 33 0 27 22 16 21 24 17 35 27 16 14 33 39 16 12 21 15 32 12 31 17 29 6 19 13
26 26 26 47 20 15 23 28 46 32 31 0 14 26 8 29 31 46 25 34 46 10 48 20 6 47 44 9 15 46 42 15 16 21 42 16 48 4 29 39 32
12 20 20 40 11 3 9 24 32 18 17 14 0 14 17 28 17 35 18 22 33 9 34 22 12 33 30 18 24 32 28 10 4 22 28 18 34 13 16 27 21
15 32 9 47 6 16 7 36 26 7 13 26 14 0 31 40 13 40 29 28 34 16 28 36 26 27 27 32 38 29 25 11 16 35 18 32 26 26 19 32 7
27 22 33 42 26 16 26 21 47 35 32 8 17 31 0 22 32 43 22 31 45 17 49 12 5 48 45 1 7 47 43 22 17 14 44 9 49 5 30 36 38
27 8 48 22 39 25 33 4 45 39 33 29 28 40 22 0 33 26 11 20 33 35 46 11 23 46 39 22 20 41 38 38 25 8 44 13 48 25 27 24 44
6 25 22 35 17 16 9 29 15 8 0 31 17 13 32 33 0 27 22 16 21 24 17 35 27 16 14 33 39 16 12 21 15 32 12 31 17 29 6 19 13
25 21 48 10 41 32 33 23 29 35 27 46 35 40 43 26 27 0 21 13 11 44 29 34 40 30 22 43 43 23 23 45 31 30 34 34 32 42 21 8 40
16 3 37 22 28 15 22 7 34 28 22 25 18 29 22 11 22 21 0 10 24 27 36 15 19 35 29 22 24 31 28 28 14 11 33 14 37 21 16 15 33
13 12 36 19 29 19 21 16 25 24 16 34 22 28 31 20 16 13 10 0 14 31 26 25 28 26 19 32 34 21 18 32 18 21 26 24 28 30 10 5 29
21 26 43 21 37 31 29 29 18 29 21 46 33 34 45 33 21 11 24 14 0 42 18 39 42 19 11 46 48 12 13 41 30 35 24 38 21 44 17 9 34
21 29 16 49 10 12 15 32 39 22 24 10 9 16 17 35 24 44 27 31 42 0 41 27 13 40 38 18 24 40 36 5 13 28 33 23 41 12 25 36 22
23 38 35 39 34 33 26 42 2 21 17 48 34 28 49 46 17 29 36 26 18 41 0 51 44 1 7 50 56 6 8 38 32 47 10 48 3 46 21 24 24
29 13 42 32 33 20 30 11 49 39 35 20 22 36 12 11 35 34 15 25 39 27 51 0 14 50 44 11 9 46 43 31 21 4 47 4 52 16 30 30 42
22 20 29 41 21 11 21 22 42 30 27 6 12 26 5 23 27 40 19 28 42 13 44 14 0 43 40 6 12 42 38 18 12 15 39 10 44 2 25 33 33
22 38 34 40 33 32 25 42 1 20 16 47 33 27 48 46 16 30 35 26 19 40 1 50 43 0 8 49 55 7 8 37 31 46 9 47 2 45 20 25 23
18 31 36 32 31 29 23 35 7 21 14 44 30 27 45 39 14 22 29 19 11 38 7 44 40 8 0 46 51 2 2 35 28 40 13 41 10 42 15 17 25
28 22 34 42 27 17 27 21 48 36 33 9 18 32 1 22 33 43 22 32 46 18 50 11 6 49 46 0 6 48 44 23 18 14 45 9 50 6 31 37 39
34 22 40 41 33 23 33 20 54 42 39 15 24 38 7 20 39 43 24 34 48 24 56 9 12 55 51 6 0 53 49 29 24 13 51 10 56 12 36 39 45
20 33 38 33 33 31 25 37 6 23 16 46 32 29 47 41 16 23 31 21 12 40 6 46 42 7 2 48 53 0 4 37 30 42 14 43 9 44 17 19 27
16 30 34 33 29 27 21 34 7 19 12 42 28 25 43 38 12 23 28 18 13 36 8 43 38 8 2 44 49 4 0 33 26 39 11 40 10 40 13 17 23
20 30 11 50 5 13 12 34 36 18 21 15 10 11 22 38 21 45 28 32 41 5 38 31 18 37 35 23 29 37 33 0 14 32 29 27 37 17 24 37 17
10 17 23 36 14 1 10 21 30 18 15 16 4 16 17 25 15 31 14 18 30 13 32 21 12 31 28 18 24 30 26 14 0 19 27 17 32 14 13 23 22
26 9 42 28 33 19 29 7 45 37 32 21 22 35 14 8 32 30 11 21 35 28 47 4 15 46 40 14 13 42 39 32 19 0 44 5 48 17 27 26 41
18 36 25 44 24 28 19 40 8 11 12 42 28 18 44 44 12 34 33 26 24 33 10 47 39 9 13 45 51 14 11 29 27 44 0 43 8 41 17 27 14
25 13 38 33 29 16 26 12 46 35 31 16 18 32 9 13 31 34 14 24 38 23 48 4 10 47 41 9 10 43 40 27 17 5 43 0 48 12 27 29 38
23 40 33 42 32 33 26 44 3 19 17 48 34 26 49 48 17 32 37 28 21 41 3 52 44 2 10 50 56 9 10 37 32 48 8 48 0 46 22 27 22
24 22 28 43 21 13 22 24 44 31 29 4 13 26 5 25 29 42 21 30 44 12 46 16 2 45 42 6 12 44 40 17 14 17 41 12 46 0 27 35 33
4 19 27 29 20 14 12 23 19 14 6 29 16 19 30 27 6 21 16 10 17 25 21 30 25 20 15 31 36 17 13 24 13 27 17 27 22 27 0 13 19
17 17 40 17 33 24 25 20 24 27 19 39 27 32 36 24 19 8 15 5 9 36 24 30 33 25 17 37 39 19 17 37 23 26 27 29 27 35 13 0 32
17 36 11 48 12 22 12 40 22 5 13 32 21 7 38 44 13 40 33 29 34 22 24 42 33 23 25 39 45 27 23 17 22 41 14 38 22 33 19 32 0
0 563
294 519
81 306
324 549
112 337
113 338
7 232
305 530
324 549
212 437
292 517
168 393
95 320
19 244
20 245
41 266
95 320
319 544
286 511
237 462
243 468
102 327
268 493
183 408
181 406
228 453
17 242
28 253
16 241
256 481
110 335
95 320
281 506
208 433
194 419
106 331
81 306
188 413
321 546
47 272
212 437
0
58
50
65
24
64
30
44
28
48
35
22
29
76
76
35
62
72
49
75
54
67
72
30
55
76
58
34
53
35
39
60
43
62
42
54
35
14
76
66
31
