41
1300
0 13 5 43 12 27 24 17 38 20 54 13 47 41 28 7 40 9 35 45 3 5 26 19 27 6 55 1 23 40 40 18 53 40 18 15 39 54 38 31 38
13 0 17 30 15 14 19 4 37 12 41 5 38 28 30 18 27 4 22 35 10 9 13 19 14 14 42 13 10 27 29 8 41 27 9 15 30 42 27 33 25
5 17 0 47 17 31 29 21 43 22 58 17 52 45 33 8 44 13 39 50 8 10 30 24 31 5 59 6 27 44 45 23 58 44 22 20 44 59 42 36 42
43 30 47 0 40 17 31 26 44 32 18 32 28 13 48 48 3 34 11 25 40 39 18 39 16 44 19 43 21 15 20 26 22 3 29 38 25 19 20 48 8
12 15 17 40 0 23 14 17 26 27 47 20 37 41 16 12 37 16 34 35 12 9 22 7 24 18 48 11 23 40 31 14 45 37 24 3 29 47 41 19 37
27 14 31 17 23 0 15 10 33 21 27 18 25 19 32 31 14 18 12 22 24 22 1 22 2 28 28 26 8 19 16 9 27 14 17 21 18 28 22 33 15
24 19 29 31 14 15 0 16 18 30 33 24 23 34 17 26 29 22 27 21 23 20 15 8 17 30 34 23 21 34 17 11 31 28 26 11 15 33 37 18 30
17 4 21 26 17 10 16 0 34 14 37 9 34 24 30 22 23 8 18 31 14 13 9 19 10 18 38 17 6 23 25 5 37 23 10 16 27 38 24 33 21
38 37 43 44 26 33 18 34 0 48 38 42 23 52 14 38 43 39 45 23 37 34 33 19 35 44 38 37 39 52 24 29 33 42 44 23 19 37 55 10 46
20 12 22 32 27 21 30 14 48 0 48 7 46 25 42 26 29 12 21 43 17 19 20 31 20 17 49 20 13 23 37 19 48 30 4 27 39 49 20 45 24
54 41 58 18 47 27 33 37 38 48 0 45 16 30 47 58 20 45 28 15 51 49 28 41 28 55 1 53 35 32 16 36 5 19 44 44 20 1 37 45 25
13 5 17 32 20 18 24 9 42 7 45 0 43 28 35 20 29 5 23 40 11 12 17 24 18 13 46 14 11 27 34 13 45 30 5 20 35 46 25 38 26
47 38 52 28 37 25 23 34 23 46 16 43 0 38 33 49 28 42 33 3 45 42 26 30 27 52 16 46 33 40 9 30 11 27 42 34 8 15 43 31 33
41 28 45 13 41 19 34 24 52 25 30 28 38 0 51 46 10 32 7 35 38 37 19 40 17 40 31 41 18 2 30 27 33 11 23 39 35 31 7 52 6
28 30 33 48 16 32 17 30 14 42 47 35 33 51 0 25 46 31 44 33 28 25 32 11 34 34 48 27 35 51 31 25 43 45 39 15 27 47 53 4 47
7 18 8 48 12 31 26 22 38 26 58 20 49 46 25 0 45 15 40 47 9 9 30 19 32 12 59 6 28 45 42 22 56 45 25 15 41 58 44 29 43
40 27 44 3 37 14 29 23 43 29 20 29 28 10 46 45 0 31 8 25 37 36 15 36 13 41 21 40 18 12 20 23 23 1 26 35 25 21 17 46 5
9 4 13 34 16 18 22 8 39 12 45 5 42 32 31 15 31 0 26 39 6 7 17 20 18 10 46 9 14 31 33 12 45 31 10 16 34 46 29 34 29
35 22 39 11 34 12 27 18 45 21 28 23 33 7 44 40 8 26 0 30 32 31 12 33 10 36 29 35 12 7 24 20 31 9 19 32 29 29 10 45 3
45 35 50 25 35 22 21 31 23 43 15 40 3 35 33 47 25 39 30 0 43 40 23 28 24 49 15 44 30 37 6 28 10 24 39 32 6 14 40 31 30
3 10 8 40 12 24 23 14 37 17 51 11 45 38 28 9 37 6 32 43 0 3 23 18 24 7 52 3 20 37 37 16 51 37 16 14 37 52 35 31 35
5 9 10 39 9 22 20 13 34 19 49 12 42 37 25 9 36 7 31 40 3 0 21 15 23 10 50 4 19 36 35 13 48 36 17 11 34 49 36 28 34
26 13 30 18 22 1 15 9 33 20 28 17 26 19 32 30 15 17 12 23 23 21 0 21 2 27 29 25 7 19 17 8 28 15 16 20 19 29 22 33 15
19 19 24 39 7 22 8 19 19 31 41 24 30 40 11 19 36 20 33 28 18 15 21 0 23 25 42 18 24 40 25 14 38 36 28 4 22 41 42 14 36
27 14 31 16 24 2 17 10 35 20 28 18 27 17 34 32 13 18 10 24 24 23 2 23 0 28 29 27 7 17 18 10 29 13 16 22 20 29 20 35 13
6 14 5 44 18 28 30 18 44 17 55 13 52 40 34 12 41 10 36 49 7 10 27 25 28 0 56 7 24 39 43 22 55 41 17 21 44 56 37 37 39
55 42 59 19 48 28 34 38 38 49 1 46 16 31 48 59 21 46 29 15 52 50 29 42 29 56 0 54 36 33 17 37 5 20 45 45 21 1 38 46 26
1 13 6 43 11 26 23 17 37 20 53 14 46 41 27 6 40 9 35 44 3 4 25 18 27 7 54 0 23 40 39 17 52 40 19 14 38 53 38 30 38
23 10 27 21 23 8 21 6 39 13 35 11 33 18 35 28 18 14 12 30 20 19 7 24 7 24 36 23 0 17 24 10 35 19 9 22 26 36 18 38 15
40 27 44 15 40 19 34 23 52 23 32 27 40 2 51 45 12 31 7 37 37 36 19 40 17 39 33 40 17 0 31 27 35 13 22 39 36 33 5 52 7
40 29 45 20 31 16 17 25 24 37 16 34 9 30 31 42 20 33 24 6 37 35 17 25 18 43 17 39 24 31 0 22 14 19 33 28 5 16 34 30 24
18 8 23 26 14 9 11 5 29 19 36 13 30 27 25 22 23 12 20 28 16 13 8 14 10 22 37 17 10 27 22 0 35 23 15 13 22 36 28 28 23
53 41 58 22 45 27 31 37 33 48 5 45 11 33 43 56 23 45 31 10 51 48 28 38 29 55 5 52 35 35 14 35 0 22 44 42 16 4 40 41 28
40 27 44 3 37 14 28 23 42 30 19 30 27 11 45 45 1 31 9 24 37 36 15 36 13 41 20 40 19 13 19 23 22 0 27 35 24 20 18 46 6
18 9 22 29 24 17 26 10 44 4 44 5 42 23 39 25 26 10 19 39 16 17 16 28 16 17 45 19 9 22 33 15 44 27 0 24 35 45 20 42 22
15 15 20 38 3 21 11 16 23 27 44 20 34 39 15 15 35 16 32 32 14 11 20 4 22 21 45 14 22 39 28 13 42 35 24 0 26 44 40 18 35
39 30 44 25 29 18 15 27 19 39 20 35 8 35 27 41 25 34 29 6 37 34 19 22 20 44 21 38 26 36 5 22 16 24 35 26 0 20 39 25 29
54 42 59 19 47 28 33 38 37 49 1 46 15 31 47 58 21 46 29 14 52 49 29 41 29 56 1 53 36 33 16 36 4 20 45 44 20 0 38 45 26
38 27 42 20 41 22 37 24 55 20 37 25 43 7 53 44 17 29 10 40 35 36 22 42 20 37 38 38 18 5 34 28 40 18 20 40 39 38 0 55 12
31 33 36 48 19 33 18 33 10 45 45 38 31 52 4 29 46 34 45 31 31 28 33 14 35 37 46 30 38 52 30 28 41 46 42 18 25 45 55 0 48
38 25 42 8 37 15 30 21 46 24 25 26 33 6 47 43 5 29 3 30 35 34 15 36 13 39 26 38 15 7 24 23 28 6 22 35 29 26 12 48 0
0 563
269 550
159 440
185 466
259 540
58 339
45 326
193 474
122 403
8 289
236 517
47 328
133 414
94 375
65 346
253 534
32 313
147 428
57 338
119 400
165 446
83 364
48 329
35 316
99 380
205 486
28 309
146 427
81 362
281 562
226 507
169 450
163 444
154 435
189 470
152 433
93 374
209 490
206 487
248 529
246 527
0
69
65
67
51
76
47
50
43
37
29
56
38
78
24
68
56
19
47
51
56
61
19
33
43
35
54
60
49
50
64
64
35
49
65
67
44
44
49
47
41
