41
1300
0 38 28 19 43 31 21 25 26 29 49 24 25 41 8 23 23 22 27 28 30 33 21 31 40 16 28 33 43 36 5 19 19 17 15 22 30 20 23 17 16
38 0 28 36 5 38 43 15 26 17 11 31 15 18 42 15 35 27 35 20 33 22 27 31 19 34 16 11 5 2 38 31 42 32 44 30 11 25 29 31 49
28 28 0 13 33 10 18 27 2 11 34 41 16 19 26 19 9 37 46 8 47 9 7 47 18 39 12 34 32 26 24 10 18 37 22 7 17 10 39 36 28
19 36 13 0 41 12 7 30 12 20 44 39 21 31 14 22 4 35 43 17 45 21 9 45 30 34 20 37 40 34 14 5 6 33 9 6 25 11 37 32 15
43 5 33 41 0 43 48 20 31 22 7 35 20 18 47 20 40 32 40 25 37 25 32 35 19 39 21 15 2 7 43 36 47 37 49 35 16 30 33 36 54
31 38 10 12 43 0 14 36 12 21 44 48 26 29 26 28 8 44 53 18 54 19 14 54 28 45 22 43 42 36 26 14 15 44 19 11 27 17 46 43 25
21 43 18 7 48 14 0 37 19 27 51 44 28 37 14 29 9 41 48 24 50 27 16 51 36 37 27 44 47 41 16 12 2 38 6 13 32 18 43 37 11
25 15 27 30 20 36 37 0 25 18 26 16 12 27 31 8 30 13 21 21 21 25 22 20 27 19 17 8 20 13 27 25 36 17 35 25 15 19 14 16 39
26 26 2 12 31 12 19 25 0 9 33 39 14 19 24 17 10 35 44 6 45 9 5 45 18 37 10 32 30 24 22 9 18 35 21 6 15 8 37 34 27
29 17 11 20 22 21 27 18 9 0 24 33 6 13 29 10 19 29 38 3 39 7 11 38 12 33 1 23 21 15 26 15 26 31 28 14 6 9 31 30 34
49 11 34 44 7 44 51 26 33 24 0 42 24 16 52 26 43 38 46 27 44 25 35 42 17 45 24 22 6 13 48 39 50 43 52 38 19 33 40 42 58
24 31 41 39 35 48 44 16 39 33 42 0 27 43 32 23 42 4 5 36 6 40 34 7 43 8 32 20 36 29 29 36 42 7 39 37 31 31 2 7 40
25 15 16 21 20 26 28 12 14 6 24 27 0 17 28 4 21 23 32 9 33 13 13 32 17 27 5 18 20 13 24 16 27 25 29 16 5 10 25 24 34
41 18 19 31 18 29 37 27 19 13 16 43 17 0 42 21 28 39 48 14 48 10 23 47 1 44 13 28 16 17 39 27 37 42 40 25 12 22 41 41 46
8 42 26 14 47 26 14 31 24 29 52 32 28 42 0 27 18 30 35 28 38 32 19 39 41 24 29 39 47 40 4 16 12 25 8 19 33 20 31 25 8
23 15 19 22 20 28 29 8 17 10 26 23 4 21 27 0 22 19 28 13 29 17 14 28 20 23 9 15 20 13 23 17 28 21 29 17 9 11 21 20 34
23 35 9 4 40 8 9 30 10 19 43 42 21 28 18 22 0 38 47 16 48 18 8 48 27 38 20 37 39 33 18 7 9 37 13 5 24 11 40 36 19
22 27 37 35 32 44 41 13 35 29 38 4 23 39 30 19 38 0 9 32 10 36 30 10 39 8 28 17 32 26 26 32 39 6 36 33 27 27 2 5 38
27 35 46 43 40 53 48 21 44 38 46 5 32 48 35 28 47 9 0 41 3 45 39 6 48 11 37 25 40 34 32 40 46 10 42 42 36 36 7 11 43
28 20 8 17 25 18 24 21 6 3 27 36 9 14 28 13 16 32 41 0 42 5 9 41 13 35 4 26 24 18 25 13 23 33 26 11 9 8 34 32 32
30 33 47 45 37 54 50 21 45 39 44 6 33 48 38 29 48 10 3 42 0 46 40 3 48 14 38 22 38 33 35 42 48 13 45 43 36 37 8 13 46
33 22 9 21 25 19 27 25 9 7 25 40 13 10 32 17 18 36 45 5 46 0 13 45 9 40 8 29 24 20 30 17 27 38 30 15 11 13 38 37 36
21 27 7 9 32 14 16 22 5 11 35 34 13 23 19 14 8 30 39 9 40 13 0 40 22 32 12 29 31 25 17 4 15 30 17 3 16 3 32 29 23
31 31 47 45 35 54 51 20 45 38 42 7 32 47 39 28 48 10 6 41 3 45 40 0 47 15 37 20 36 31 36 42 49 14 46 43 35 37 8 14 47
40 19 18 30 19 28 36 27 18 12 17 43 17 1 41 20 27 39 48 13 48 9 22 47 0 43 12 28 17 17 38 26 36 41 39 24 12 21 41 40 45
16 34 39 34 39 45 37 19 37 33 45 8 27 44 24 23 38 8 11 35 14 40 32 15 43 0 32 25 39 32 21 31 35 2 31 34 32 29 8 3 32
28 16 12 20 21 22 27 17 10 1 24 32 5 13 29 9 20 28 37 4 38 8 12 37 12 32 0 22 20 14 26 15 26 30 28 15 5 9 30 29 34
33 11 34 37 15 43 44 8 32 23 22 20 18 28 39 15 37 17 25 26 22 29 29 20 28 25 22 0 16 11 35 32 43 23 43 32 18 26 18 22 47
43 5 32 40 2 42 47 20 30 21 6 36 20 16 47 20 39 32 40 24 38 24 31 36 17 39 20 16 0 7 43 35 46 37 48 34 15 29 34 36 54
36 2 26 34 7 36 41 13 24 15 13 29 13 17 40 13 33 26 34 18 33 20 25 31 17 32 14 11 7 0 36 29 40 30 42 28 9 23 27 29 47
5 38 24 14 43 26 16 27 22 26 48 29 24 39 4 23 18 26 32 25 35 30 17 36 38 21 26 35 43 36 0 14 14 22 10 17 29 17 28 22 12
19 31 10 5 36 14 12 25 9 15 39 36 16 27 16 17 7 32 40 13 42 17 4 42 26 31 15 32 35 29 14 0 11 30 13 3 20 6 34 29 19
19 42 18 6 47 15 2 36 18 26 50 42 27 37 12 28 9 39 46 23 48 27 15 49 36 35 26 43 46 40 14 11 0 36 4 12 31 17 41 35 10
17 32 37 33 37 44 38 17 35 31 43 7 25 42 25 21 37 6 10 33 13 38 30 14 41 2 30 23 37 30 22 30 36 0 32 33 30 27 6 1 33
15 44 22 9 49 19 6 35 21 28 52 39 29 40 8 29 13 36 42 26 45 30 17 46 39 31 28 43 48 42 10 13 4 32 0 15 33 19 38 32 6
22 30 7 6 35 11 13 25 6 14 38 37 16 25 19 17 5 33 42 11 43 15 3 43 24 34 15 32 34 28 17 3 12 33 15 0 19 6 35 32 21
30 11 17 25 16 27 32 15 15 6 19 31 5 12 33 9 24 27 36 9 36 11 16 35 12 32 5 18 15 9 29 20 31 30 33 19 0 14 29 29 39
20 25 10 11 30 17 18 19 8 9 33 31 10 22 20 11 11 27 36 8 37 13 3 37 21 29 9 26 29 23 17 6 17 27 19 6 14 0 29 26 25
23 29 39 37 33 46 43 14 37 31 40 2 25 41 31 21 40 2 7 34 8 38 32 8 41 8 30 18 34 27 28 34 41 6 38 35 29 29 0 6 39
17 31 36 32 36 43 37 16 34 30 42 7 24 41 25 20 36 5 11 32 13 37 29 14 40 3 29 22 36 29 22 29 35 1 32 32 29 26 6 0 33
16 49 28 15 54 25 11 39 27 34 58 40 34 46 8 34 19 38 43 32 46 36 23 47 45 32 34 47 54 47 12 19 10 33 6 21 39 25 39 33 0
0 269
111 245
33 167
64 198
41 175
33 167
70 204
13 147
82 216
3 137
121 255
40 174
23 157
29 163
97 231
125 259
104 238
65 199
81 215
118 252
56 190
51 185
19 153
105 239
15 149
53 187
30 164
65 199
132 266
115 249
78 212
91 225
82 216
54 188
30 164
24 158
123 257
15 149
60 194
64 198
17 151
0
37
66
39
44
36
82
27
63
40
69
66
11
34
42
22
40
50
83
34
78
73
50
66
65
74
61
39
49
33
50
65
53
51
23
23
40
68
54
33
67
