41
1300
0 12 46 38 40 49 36 36 34 34 28 42 38 44 40 55 9 14 3 42 33 42 24 28 39 36 38 31 26 28 44 37 8 24 62 39 43 36 38 34 6
12 0 43 33 28 40 24 31 25 22 32 30 28 35 40 48 4 5 10 42 23 33 29 28 27 31 26 19 17 19 32 28 6 14 55 34 33 25 29 22 8
46 43 0 11 42 32 46 13 28 42 23 47 34 24 8 19 47 38 48 11 32 21 27 18 47 13 43 45 29 28 42 24 40 34 25 11 38 38 25 40 49
38 33 11 0 32 24 36 2 18 32 21 37 24 16 12 19 37 28 39 15 22 13 24 13 37 2 33 34 18 17 32 14 31 23 26 3 29 28 15 30 40
40 28 42 32 0 18 8 30 14 6 45 5 8 21 44 36 32 26 38 47 10 22 45 38 7 30 3 10 18 17 4 18 32 16 40 31 7 4 17 6 36
49 40 32 24 18 0 26 22 15 22 43 21 12 8 35 19 44 35 49 38 17 11 46 35 25 22 21 26 23 21 16 13 41 26 22 21 11 17 12 20 48
36 24 46 36 8 26 0 34 18 4 47 7 14 27 47 42 28 23 34 50 14 27 47 40 3 34 5 5 20 19 12 22 29 16 47 35 15 9 22 6 32
36 31 13 2 30 22 34 0 16 30 21 35 22 14 14 19 35 26 37 17 20 11 24 13 35 0 31 32 16 15 30 12 29 21 26 3 27 26 13 28 38
34 25 28 18 14 15 18 16 0 14 33 19 7 10 30 24 29 20 34 33 4 9 35 25 19 16 15 18 8 6 15 4 26 11 30 17 12 10 4 12 33
34 22 42 32 6 22 4 30 14 0 43 8 10 23 43 38 26 20 32 46 10 23 43 36 6 30 4 4 16 15 10 18 26 12 43 31 13 5 18 2 30
28 32 23 21 45 43 47 21 33 43 0 49 40 35 15 40 33 28 31 15 36 32 4 8 49 21 45 43 27 29 48 32 26 31 47 24 45 41 33 41 34
42 30 47 37 5 21 7 35 19 8 49 0 13 25 49 40 34 28 40 52 15 27 49 42 4 35 4 12 22 21 6 23 34 19 43 36 10 9 22 8 38
38 28 34 24 8 12 14 22 7 10 40 13 0 13 36 28 32 24 38 39 5 14 41 32 14 22 10 14 14 12 8 10 30 14 33 23 5 5 9 8 36
44 35 24 16 21 8 27 14 10 23 35 25 13 0 27 15 39 30 44 30 14 3 38 27 27 14 23 27 18 16 20 7 36 21 20 13 15 18 6 21 43
40 40 8 12 44 35 47 14 30 43 15 49 36 27 0 27 43 35 43 3 34 24 19 12 49 14 45 45 28 28 44 26 36 33 33 14 41 40 27 41 45
55 48 19 19 36 19 42 19 24 38 40 40 28 15 27 0 52 43 56 30 28 15 43 32 42 19 38 42 31 29 35 20 48 35 7 16 30 33 20 36 56
9 4 47 37 32 44 28 35 29 26 33 34 32 39 43 52 0 9 6 45 27 37 30 31 31 35 30 23 21 23 36 32 7 18 59 38 37 29 33 26 4
14 5 38 28 26 35 23 26 20 20 28 28 24 30 35 43 9 0 14 38 19 28 26 24 26 26 24 18 12 14 30 23 6 10 50 29 29 22 24 20 13
3 10 48 39 38 49 34 37 34 32 31 40 38 44 43 56 6 14 0 45 33 42 27 31 37 37 36 29 26 28 42 37 8 24 63 40 43 35 38 32 3
42 42 11 15 47 38 50 17 33 46 15 52 39 30 3 30 45 38 45 0 37 27 19 14 52 17 48 48 31 31 47 29 38 36 36 17 44 43 30 44 47
33 23 32 22 10 17 14 20 4 10 36 15 5 14 34 28 27 19 33 37 0 13 36 28 15 20 11 14 9 7 13 8 25 9 34 21 10 6 8 8 31
42 33 21 13 22 11 27 11 9 23 32 27 14 3 24 15 37 28 42 27 13 0 35 24 28 11 24 27 16 14 22 5 34 20 22 10 17 19 5 21 41
24 29 27 24 45 46 47 24 35 43 4 49 41 38 19 43 30 26 27 19 36 35 0 11 49 24 45 43 27 29 49 34 23 31 50 27 46 41 35 41 30
28 28 18 13 38 35 40 13 25 36 8 42 32 27 12 32 31 24 31 14 28 24 11 0 42 13 38 36 20 21 40 24 24 24 39 16 37 34 25 34 33
39 27 47 37 7 25 3 35 19 6 49 4 14 27 49 42 31 26 37 52 15 28 49 42 0 35 4 8 22 21 10 23 32 18 47 36 14 9 23 8 35
36 31 13 2 30 22 34 0 16 30 21 35 22 14 14 19 35 26 37 17 20 11 24 13 35 0 31 32 16 15 30 12 29 21 26 3 27 26 13 28 38
38 26 43 33 3 21 5 31 15 4 45 4 10 23 45 38 30 24 36 48 11 24 45 38 4 31 0 8 18 17 7 19 30 15 43 32 10 5 19 4 34
31 19 45 34 10 26 5 32 18 4 43 12 14 27 45 42 23 18 29 48 14 27 43 36 8 32 8 0 17 17 14 22 24 12 47 35 17 9 22 6 27
26 17 29 18 18 23 20 16 8 16 27 22 14 18 28 31 21 12 26 31 9 16 27 20 22 16 18 17 0 2 22 11 18 5 38 19 19 14 12 14 25
28 19 28 17 17 21 19 15 6 15 29 21 12 16 28 29 23 14 28 31 7 14 29 21 21 15 17 17 2 0 20 9 20 6 36 18 17 13 10 13 27
44 32 42 32 4 16 12 30 15 10 48 6 8 20 44 35 36 30 42 47 13 22 49 40 10 30 7 14 22 20 0 18 36 20 38 31 5 8 17 10 40
37 28 24 14 18 13 22 12 4 18 32 23 10 7 26 20 32 23 37 29 8 5 34 24 23 12 19 22 11 9 18 0 29 15 27 13 15 14 1 16 36
8 6 40 31 32 41 29 29 26 26 26 34 30 36 36 48 7 6 8 38 25 34 23 24 32 29 30 24 18 20 36 29 0 16 55 32 35 28 30 26 9
24 14 34 23 16 26 16 21 11 12 31 19 14 21 33 35 18 10 24 36 9 20 31 24 18 21 15 12 5 6 20 15 16 0 41 24 19 12 15 11 22
62 55 25 26 40 22 47 26 30 43 47 43 33 20 33 7 59 50 63 36 34 22 50 39 47 26 43 47 38 36 38 27 55 41 0 23 33 38 26 41 63
39 34 11 3 31 21 35 3 17 31 24 36 23 13 14 16 38 29 40 17 21 10 27 16 36 3 32 35 19 18 31 13 32 24 23 0 27 27 14 29 41
43 33 38 29 7 11 15 27 12 13 45 10 5 15 41 30 37 29 43 44 10 17 46 37 14 27 10 17 19 17 5 15 35 19 33 27 0 8 14 11 41
36 25 38 28 4 17 9 26 10 5 41 9 5 18 40 33 29 22 35 43 6 19 41 34 9 26 5 9 14 13 8 14 28 12 38 27 8 0 14 3 33
38 29 25 15 17 12 22 13 4 18 33 22 9 6 27 20 33 24 38 30 8 5 35 25 23 13 19 22 12 10 17 1 30 15 26 14 14 14 0 16 37
34 22 40 30 6 20 6 28 12 2 41 8 8 21 41 36 26 20 32 44 8 21 41 34 8 28 4 6 14 13 10 16 26 11 41 29 11 3 16 0 30
6 8 49 40 36 48 32 38 33 30 34 38 36 43 45 56 4 13 3 47 31 41 30 33 35 38 34 27 25 27 40 36 9 22 63 41 41 33 37 30 0
0 465
5 51
277 323
191 237
323 369
26 72
173 219
144 190
190 236
368 414
359 405
282 328
38 84
134 180
274 320
4 50
378 424
157 203
312 358
138 184
108 154
304 350
201 247
286 332
418 464
359 405
73 119
109 155
210 256
156 202
329 375
108 154
367 413
295 341
172 218
217 263
85 131
73 119
69 115
40 86
315 361
0
52
57
37
48
36
28
46
40
27
68
75
49
52
36
32
39
63
54
66
68
59
44
41
62
55
59
49
56
65
48
24
33
47
59
76
55
71
25
42
57
