41
1301
0 18 6 26 44 38 40 12 19 37 27 6 8 9 6 22 14 17 7 18 9 19 33 20 33 28 25 22 37 14 20 40 16 11 27 34 26 44 39 37 19
18 0 15 38 40 23 32 28 19 30 20 13 23 21 13 16 31 29 25 25 14 3 16 32 20 12 40 34 19 5 31 35 11 28 30 17 27 26 21 20 7
6 15 0 23 38 32 34 13 22 31 21 9 14 15 2 16 16 14 10 13 3 15 29 17 28 24 25 19 33 13 17 34 10 13 21 30 21 40 35 32 18
26 38 23 0 35 49 41 15 45 36 32 32 31 33 25 30 16 9 21 15 24 36 48 6 44 43 9 4 52 36 8 35 29 17 17 49 20 59 54 51 41
44 40 38 35 0 31 15 42 57 12 20 46 52 53 38 24 45 33 45 28 35 37 39 33 28 35 44 35 42 43 30 5 30 44 19 37 18 45 44 36 47
38 23 32 49 31 0 16 44 41 19 17 35 45 43 32 19 47 40 42 34 29 20 10 43 5 11 54 45 12 28 41 26 22 45 32 8 29 14 14 5 28
40 32 34 41 15 16 0 44 51 5 13 41 48 49 34 18 47 36 44 30 31 29 25 38 14 23 49 40 28 37 35 11 24 45 24 23 21 30 30 21 39
12 28 13 15 42 44 44 0 31 39 31 18 16 18 15 27 3 9 6 14 15 27 41 10 40 36 13 11 45 26 12 39 22 2 23 42 24 52 47 44 31
19 19 22 45 57 41 51 31 0 48 38 13 16 13 21 33 32 36 25 35 24 22 32 39 39 30 43 41 34 14 39 53 27 29 43 34 42 41 36 37 13
37 30 31 36 12 19 5 39 48 0 10 38 45 46 31 15 42 31 41 25 28 27 27 33 16 23 44 35 30 34 30 7 21 41 19 25 16 33 32 24 37
27 20 21 32 20 17 13 31 38 10 0 28 35 36 21 5 34 24 31 18 18 17 21 27 12 16 38 29 25 24 24 15 11 32 15 20 12 30 27 20 27
6 13 9 32 46 35 41 18 13 38 28 0 10 8 8 23 20 23 13 22 11 15 29 26 32 25 31 28 32 9 26 42 17 17 30 30 29 39 34 33 13
8 23 14 31 52 45 48 16 16 45 35 10 0 3 14 30 16 24 10 26 17 25 39 26 41 35 27 27 42 19 27 48 24 14 35 40 34 49 44 43 23
9 21 15 33 53 43 49 18 13 46 36 8 3 0 15 31 19 26 12 27 18 23 37 28 40 33 30 29 40 17 29 49 25 16 36 38 35 47 42 41 20
6 13 2 25 38 32 34 15 21 31 21 8 14 15 0 16 18 16 12 15 3 13 27 19 27 22 27 21 31 11 19 34 10 15 22 28 21 38 33 31 16
22 16 16 30 24 19 18 27 33 15 5 23 30 31 16 0 30 21 26 15 13 13 20 24 14 15 35 26 24 19 22 20 6 28 15 20 12 31 26 21 23
14 31 16 16 45 47 47 3 32 42 34 20 16 19 18 30 0 12 7 17 18 30 44 12 43 39 11 13 48 28 15 42 25 3 26 45 27 55 50 47 33
17 29 14 9 33 40 36 9 36 31 24 23 24 26 16 21 12 0 14 6 15 27 39 3 35 34 14 5 43 27 3 31 20 11 14 40 16 50 45 42 32
7 25 10 21 45 42 44 6 25 41 31 13 10 12 12 26 7 14 0 17 13 25 39 16 38 34 18 17 43 21 17 42 20 4 26 40 27 50 45 42 26
18 25 13 15 28 34 30 14 35 25 18 22 26 27 15 15 17 6 17 0 12 23 34 9 29 29 20 11 38 25 7 25 15 16 9 35 10 45 40 36 30
9 14 3 24 35 29 31 15 24 28 18 11 17 18 3 13 18 15 13 12 0 12 26 18 25 21 27 20 30 13 18 31 7 16 19 27 18 37 32 29 18
19 3 15 36 37 20 29 27 22 27 17 15 25 23 13 13 30 27 25 23 12 0 14 30 17 10 39 32 18 8 30 32 8 28 27 16 24 25 20 19 10
33 16 29 48 39 10 25 41 32 27 21 29 39 37 27 20 44 39 39 34 26 14 0 42 11 5 53 44 4 21 41 34 19 42 35 2 32 11 6 5 19
20 32 17 6 33 43 38 10 39 33 27 26 26 28 19 24 12 3 16 9 18 30 42 0 38 37 11 2 46 30 3 32 23 12 14 43 17 53 48 45 35
33 20 28 44 28 5 14 40 39 16 12 32 41 40 27 14 43 35 38 29 25 17 11 38 0 9 49 40 14 25 36 23 18 41 27 9 24 18 16 8 26
28 12 24 43 35 11 23 36 30 23 16 25 35 33 22 15 39 34 34 29 21 10 5 37 9 0 48 39 9 17 36 30 14 37 30 6 27 16 11 9 17
25 40 25 9 44 54 49 13 43 44 38 31 27 30 27 35 11 14 18 20 27 39 53 11 49 48 0 9 57 38 14 43 34 14 25 54 28 64 59 56 43
22 34 19 4 35 45 40 11 41 35 29 28 27 29 21 26 13 5 17 11 20 32 44 2 40 39 9 0 48 32 5 34 25 13 16 45 19 55 50 47 37
37 19 33 52 42 12 28 45 34 30 25 32 42 40 31 24 48 43 43 38 30 18 4 46 14 9 57 48 0 24 45 37 23 46 39 5 36 7 2 7 21
14 5 13 36 43 28 37 26 14 34 24 9 19 17 11 19 28 27 21 25 13 8 21 30 25 17 38 32 24 0 30 39 13 25 32 22 29 31 26 25 5
20 31 17 8 30 41 35 12 39 30 24 26 27 29 19 22 15 3 17 7 18 30 41 3 36 36 14 5 45 30 0 29 22 14 11 42 14 52 47 43 35
40 35 34 35 5 26 11 39 53 7 15 42 48 49 34 20 42 31 42 25 31 32 34 32 23 30 43 34 37 39 29 0 26 41 18 32 15 40 39 31 42
16 11 10 29 30 22 24 22 27 21 11 17 24 25 10 6 25 20 20 15 7 8 19 23 18 14 34 25 23 13 22 26 0 23 19 20 16 30 25 22 18
11 28 13 17 44 45 45 2 29 41 32 17 14 16 15 28 3 11 4 16 16 28 42 12 41 37 14 13 46 25 14 41 23 0 25 43 26 53 48 45 30
27 30 21 17 19 32 24 23 43 19 15 30 35 36 22 15 26 14 26 9 19 27 35 14 27 30 25 16 39 32 11 18 19 25 0 35 3 45 41 35 37
34 17 30 49 37 8 23 42 34 25 20 30 40 38 28 20 45 40 40 35 27 16 2 43 9 6 54 45 5 22 42 32 20 43 35 0 32 11 7 3 21
26 27 21 20 18 29 21 24 42 16 12 29 34 35 21 12 27 16 27 10 18 24 32 17 24 27 28 19 36 29 14 15 16 26 3 32 0 42 38 32 34
44 26 40 59 45 14 30 52 41 33 30 39 49 47 38 31 55 50 50 45 37 25 11 53 18 16 64 55 7 31 52 40 30 53 45 11 42 0 5 10 28
39 21 35 54 44 14 30 47 36 32 27 34 44 42 33 26 50 45 45 40 32 20 6 48 16 11 59 50 2 26 47 39 25 48 41 7 38 5 0 9 23
37 20 32 51 36 5 21 44 37 24 20 33 43 41 31 21 47 42 42 36 29 19 5 45 8 9 56 47 7 25 43 31 22 45 35 3 32 10 9 0 24
19 7 18 41 47 28 39 31 13 37 27 13 23 20 16 23 33 32 26 30 18 10 19 35 26 17 43 37 21 5 35 42 18 30 37 21 34 28 23 24 0
0 710
143 427
82 366
233 517
167 451
90 374
211 495
404 688
167 451
380 664
108 392
355 639
263 547
321 605
258 542
415 699
93 377
221 505
34 318
110 394
130 414
40 324
315 599
314 598
5 289
130 414
57 341
371 655
400 684
404 688
398 682
188 472
39 323
424 708
230 514
276 560
110 394
319 603
389 673
23 307
79 363
0
24
24
75
57
45
53
23
55
32
42
17
71
55
70
38
38
39
50
49
37
27
69
58
62
50
22
43
63
73
55
62
46
71
31
71
41
76
64
68
55
