41
1299
0 41 9 42 39 33 25 40 13 6 13 16 28 0 11 20 44 25 37 11 14 6 40 31 27 38 16 28 39 39 31 30 27 41 33 15 23 24 32 21 7
41 0 36 12 38 39 20 38 40 39 28 44 38 41 30 40 14 44 25 35 35 39 35 15 23 38 29 44 33 41 26 29 43 37 40 56 25 25 29 30 48
9 36 0 34 30 24 23 31 21 14 11 10 19 9 8 11 35 17 28 16 20 14 31 29 18 29 7 19 30 30 22 21 18 32 24 20 22 15 23 24 16
42 12 34 0 26 30 27 26 45 41 30 39 30 42 31 33 2 37 13 38 41 41 23 25 16 27 27 36 21 30 17 20 35 25 31 54 32 19 20 37 49
39 38 30 26 0 7 42 1 50 44 36 27 12 39 34 20 26 18 13 44 47 44 3 44 18 1 26 16 5 4 13 11 16 2 8 43 44 18 10 48 44
33 39 24 30 7 0 40 8 45 38 32 20 5 33 29 13 30 11 17 39 43 38 10 42 17 6 21 9 11 6 13 10 9 9 1 36 42 16 10 45 37
25 20 23 27 42 40 0 43 21 22 12 33 37 25 15 33 29 39 33 16 16 22 41 6 25 41 21 40 39 44 30 31 39 43 41 40 5 24 33 10 31
40 38 31 26 1 8 43 0 51 45 37 28 13 40 35 21 26 19 13 45 48 45 3 45 19 2 27 17 5 5 14 12 17 1 9 44 45 19 11 49 45
13 40 21 45 50 45 21 51 0 7 15 29 40 13 16 32 47 38 45 7 5 7 50 26 35 49 24 40 48 50 39 39 39 52 45 26 16 32 41 12 15
6 39 14 41 44 38 22 45 7 0 11 22 33 6 11 25 43 31 40 6 8 0 45 28 30 43 19 33 43 44 34 34 32 46 38 20 18 27 36 15 10
13 28 11 30 36 32 12 37 15 11 0 21 27 13 3 21 32 27 30 8 11 11 36 18 20 35 11 29 34 37 25 25 28 38 32 28 11 18 27 13 20
16 44 10 39 27 20 33 28 29 22 21 0 15 16 18 7 41 9 31 25 29 22 30 39 23 26 15 12 30 25 25 22 11 29 19 16 32 20 24 34 19
28 38 19 30 12 5 37 13 40 33 27 15 0 28 24 8 31 7 19 34 38 33 15 40 15 11 16 6 15 11 13 10 5 14 5 31 38 14 11 40 32
0 41 9 42 39 33 25 40 13 6 13 16 28 0 11 20 44 25 37 11 14 6 40 31 27 38 16 28 39 39 31 30 27 41 33 15 23 24 32 21 7
11 30 8 31 34 29 15 35 16 11 3 18 24 11 0 18 33 24 29 10 14 11 34 21 19 33 8 26 32 34 23 23 25 36 29 26 14 16 25 16 18
20 40 11 33 20 13 33 21 32 25 21 7 8 20 18 0 35 6 24 27 31 25 23 37 17 19 12 8 23 19 18 15 7 22 13 23 32 15 17 34 24
44 14 35 2 26 30 29 26 47 43 32 41 31 44 33 35 0 38 13 40 43 43 23 27 18 27 28 37 21 30 18 21 36 25 31 55 34 21 20 39 51
25 44 17 37 18 11 39 19 38 31 27 9 7 25 24 6 38 0 26 33 37 31 21 43 22 17 18 3 22 16 20 17 2 20 10 25 38 19 18 40 28
37 25 28 13 13 17 33 13 45 40 30 31 19 37 29 24 13 26 0 38 41 40 10 33 10 14 21 25 8 17 7 9 24 12 18 47 37 13 8 42 44
11 35 16 38 44 39 16 45 7 6 8 25 34 11 10 27 40 33 38 0 4 6 44 22 28 43 18 35 42 44 33 33 34 46 39 26 12 26 35 10 16
14 35 20 41 47 43 16 48 5 8 11 29 38 14 14 31 43 37 41 4 0 8 47 21 31 46 22 39 45 48 36 36 38 49 43 28 11 29 38 7 18
6 39 14 41 44 38 22 45 7 0 11 22 33 6 11 25 43 31 40 6 8 0 45 28 30 43 19 33 43 44 34 34 32 46 38 20 18 27 36 15 10
40 35 31 23 3 10 41 3 50 45 36 30 15 40 34 23 23 21 10 44 47 45 0 42 16 4 26 19 2 7 11 11 19 2 11 46 44 18 9 48 47
31 15 29 25 44 42 6 45 26 28 18 39 40 31 21 37 27 43 33 22 21 28 42 0 26 43 25 44 40 46 31 33 43 44 43 46 10 26 34 15 37
27 23 18 16 18 17 25 19 35 30 20 23 15 27 19 17 18 22 10 28 31 30 16 26 0 17 11 21 14 20 5 7 20 18 18 38 28 3 8 32 34
38 38 29 27 1 6 41 2 49 43 35 26 11 38 33 19 27 17 14 43 46 43 4 43 17 0 25 15 6 3 12 10 15 3 7 42 43 17 9 47 43
16 29 7 27 26 21 21 27 24 19 11 15 16 16 8 12 28 18 21 18 22 19 26 25 11 25 0 19 24 26 15 15 18 28 21 27 22 8 17 24 23
28 44 19 36 16 9 40 17 40 33 29 12 6 28 26 8 37 3 25 35 39 33 19 44 21 15 19 0 20 14 19 16 1 18 8 28 40 19 17 42 31
39 33 30 21 5 11 39 5 48 43 34 30 15 39 32 23 21 22 8 42 45 43 2 40 14 6 24 20 0 9 9 9 20 4 12 46 42 16 7 46 46
39 41 30 30 4 6 44 5 50 44 37 25 11 39 34 19 30 16 17 44 48 44 7 46 20 3 26 14 9 0 15 13 14 6 6 41 46 20 12 50 43
31 26 22 17 13 13 30 14 39 34 25 25 13 31 23 18 18 20 7 33 36 34 11 31 5 12 15 19 9 15 0 3 18 13 14 40 33 7 3 37 38
30 29 21 20 11 10 31 12 39 34 25 22 10 30 23 15 21 17 9 33 36 34 11 33 7 10 15 16 9 13 3 0 15 13 11 38 33 7 2 37 37
27 43 18 35 16 9 39 17 39 32 28 11 5 27 25 7 36 2 24 34 38 32 19 43 20 15 18 1 20 14 18 15 0 18 8 27 39 18 16 41 30
41 37 32 25 2 9 43 1 52 46 38 29 14 41 36 22 25 20 12 46 49 46 2 44 18 3 28 18 4 6 13 13 18 0 10 45 46 20 11 50 46
33 40 24 31 8 1 41 9 45 38 32 19 5 33 29 13 31 10 18 39 43 38 11 43 18 7 21 8 12 6 14 11 8 10 0 35 43 17 11 45 37
15 56 20 54 43 36 40 44 26 20 28 16 31 15 26 23 55 25 47 26 28 20 46 46 38 42 27 28 46 41 40 38 27 45 35 0 38 35 40 35 11
23 25 22 32 44 42 5 45 16 18 11 32 38 23 14 32 34 38 37 12 11 18 44 10 28 43 22 40 42 46 33 33 39 46 43 38 0 26 35 5 28
24 25 15 19 18 16 24 19 32 27 18 20 14 24 16 15 21 19 13 26 29 27 18 26 3 17 8 19 16 20 7 7 18 20 17 35 26 0 9 30 31
32 29 23 20 10 10 33 11 41 36 27 24 11 32 25 17 20 18 8 35 38 36 9 34 8 9 17 17 7 12 3 2 16 11 11 40 35 9 0 39 39
21 30 24 37 48 45 10 49 12 15 13 34 40 21 16 34 39 40 42 10 7 15 48 15 32 47 24 42 46 50 37 37 41 50 45 35 5 30 39 0 25
7 48 16 49 44 37 31 45 15 10 20 19 32 7 18 24 51 28 44 16 18 10 47 37 34 43 23 31 46 43 38 37 30 46 37 11 28 31 39 25 0
0 685
186 254
453 521
603 671
277 345
237 305
204 272
345 413
43 111
594 662
502 570
176 244
353 421
543 611
385 453
73 141
433 501
240 308
479 547
196 264
9 77
239 307
37 105
521 589
462 530
91 159
484 552
156 224
482 550
376 444
190 258
529 597
103 171
577 645
518 586
280 348
76 144
117 185
76 144
439 507
220 288
0
64
46
50
49
49
64
88
46
67
31
64
81
60
50
67
25
60
33
53
79
35
24
50
28
39
57
59
16
63
49
64
33
34
34
61
76
22
58
25
44
