41
1300
0 11 18 41 39 11 40 11 44 29 16 30 29 30 23 24 33 42 30 36 36 12 27 11 42 3 14 31 13 34 32 33 28 37 41 24 40 31 12 45 44
11 0 21 45 43 8 44 14 42 40 27 36 37 35 29 28 44 46 41 39 41 23 38 19 39 14 25 36 24 42 40 44 24 45 43 27 45 35 18 43 44
18 21 0 24 22 13 23 7 26 30 18 15 21 14 8 7 30 25 31 18 20 19 24 10 26 16 24 15 18 22 20 33 16 27 23 6 24 14 6 27 26
41 45 24 0 4 37 1 31 18 36 34 13 24 12 18 17 32 4 37 7 10 38 29 31 24 39 43 11 36 18 18 38 29 22 10 18 9 10 29 19 14
39 43 22 4 0 35 4 29 21 32 31 10 20 9 16 15 28 3 33 9 6 35 25 29 27 37 40 8 33 14 14 34 30 18 13 16 5 8 27 22 17
11 8 13 37 35 0 36 6 35 36 23 28 31 27 21 20 38 38 37 31 33 21 32 14 32 12 23 28 21 34 32 40 17 38 35 19 37 27 10 36 36
40 44 23 1 4 36 0 30 17 36 33 12 24 11 17 16 32 5 37 6 10 37 29 30 23 38 42 10 35 18 18 38 28 22 9 17 9 9 28 18 13
11 14 7 31 29 6 30 0 33 30 17 22 25 21 15 14 32 32 31 25 27 17 26 8 31 10 21 22 16 28 26 34 18 32 30 13 31 21 4 34 33
44 42 26 18 21 35 17 33 0 49 43 25 37 24 26 24 46 22 50 14 27 45 42 36 6 42 50 24 44 34 32 51 19 39 8 21 26 20 32 1 4
29 40 30 36 32 36 36 30 49 0 13 24 12 25 25 27 7 34 1 36 26 18 7 22 52 26 20 26 16 19 18 4 46 17 42 31 29 29 27 50 46
16 27 18 34 31 23 33 17 43 13 0 21 13 22 17 19 17 34 14 32 26 5 11 9 44 13 10 23 3 20 18 17 34 21 38 22 30 25 14 44 42
30 36 15 13 10 28 12 22 25 24 21 0 12 1 7 8 21 13 25 12 6 25 17 20 29 28 30 2 23 9 7 26 27 14 18 11 10 5 18 26 22
29 37 21 24 20 31 24 25 37 12 13 12 0 13 14 16 9 22 13 24 14 18 5 18 41 26 23 14 16 7 6 14 35 8 30 20 17 17 21 38 34
30 35 14 12 9 27 11 21 24 25 22 1 13 0 7 7 22 12 26 11 6 26 18 20 28 28 31 1 24 10 8 27 26 15 17 10 10 4 18 25 21
23 29 8 18 16 21 17 15 26 25 17 7 14 7 0 2 23 19 26 15 13 21 18 13 27 21 26 8 19 14 12 28 21 19 21 6 17 8 11 27 25
24 28 7 17 15 20 16 14 24 27 19 8 16 7 2 0 25 18 28 13 13 22 20 14 25 22 27 8 20 15 13 30 19 20 19 4 17 7 12 25 23
33 44 30 32 28 38 32 32 46 7 17 21 9 22 23 25 0 29 8 33 22 22 6 25 50 30 26 22 20 14 14 6 44 10 39 29 24 26 28 47 43
42 46 25 4 3 38 5 32 22 34 34 13 22 12 19 18 29 0 35 11 8 38 27 32 28 40 43 11 36 15 16 35 33 19 14 19 5 11 30 23 18
30 41 31 37 33 37 37 31 50 1 14 25 13 26 26 28 8 35 0 37 27 18 8 23 53 27 19 27 17 20 19 5 47 18 43 32 30 30 28 51 47
36 39 18 7 9 31 6 25 14 36 32 12 24 11 15 13 33 11 37 0 13 35 29 27 18 34 40 11 33 20 19 38 22 25 6 12 14 7 24 15 10
36 41 20 10 6 33 10 27 27 26 26 6 14 6 13 13 22 8 27 13 0 31 19 26 31 34 36 5 29 8 8 28 32 12 19 16 4 9 24 28 23
12 23 19 38 35 21 37 17 45 18 5 25 18 26 21 22 22 38 18 35 31 0 16 9 45 9 5 27 2 25 23 22 34 26 41 25 35 29 14 46 45
27 38 24 29 25 32 29 26 42 7 11 17 5 18 18 20 6 27 8 29 19 16 0 19 45 24 21 19 14 12 11 10 39 11 35 24 22 22 22 43 39
11 19 10 31 29 14 30 8 36 22 9 20 18 20 13 14 25 32 23 27 26 9 19 0 36 8 14 21 8 23 21 26 25 26 33 16 30 21 5 37 36
42 39 26 24 27 32 23 31 6 52 44 29 41 28 27 25 50 28 53 18 31 45 45 36 0 41 50 28 44 38 36 55 15 43 14 22 32 24 32 7 10
3 14 16 39 37 12 38 10 42 26 13 28 26 28 21 22 30 40 27 34 34 9 24 8 41 0 11 29 10 31 29 30 28 34 39 22 38 29 10 43 42
14 25 24 43 40 23 42 21 50 20 10 30 23 31 26 27 26 43 19 40 36 5 21 14 50 11 0 32 7 30 28 24 38 31 46 30 40 34 18 51 50
31 36 15 11 8 28 10 22 24 26 23 2 14 1 8 8 22 11 27 11 5 27 19 21 28 29 32 0 25 10 8 28 27 15 17 11 9 4 19 25 21
13 24 18 36 33 21 35 16 44 16 3 23 16 24 19 20 20 36 17 33 29 2 14 8 44 10 7 25 0 23 21 20 33 24 39 23 33 27 13 45 43
34 42 22 18 14 34 18 28 34 19 20 9 7 10 14 15 14 15 20 20 8 25 12 23 38 31 30 10 23 0 2 20 34 5 26 19 10 14 24 35 30
32 40 20 18 14 32 18 26 32 18 18 7 6 8 12 13 14 16 19 19 8 23 11 21 36 29 28 8 21 2 0 20 32 7 25 17 12 12 22 33 29
33 44 33 38 34 40 38 34 51 4 17 26 14 27 28 30 6 35 5 38 28 22 10 26 55 30 24 28 20 20 20 0 49 16 44 34 30 31 31 52 48
28 24 16 29 30 17 28 18 19 46 34 27 35 26 21 19 44 33 47 22 32 34 39 25 15 28 38 27 33 34 32 49 0 39 22 16 35 23 20 20 22
37 45 27 22 18 38 22 32 39 17 21 14 8 15 19 20 10 19 18 25 12 26 11 26 43 34 31 15 24 5 7 16 39 0 31 24 14 19 28 40 35
41 43 23 10 13 35 9 30 8 42 38 18 30 17 21 19 39 14 43 6 19 41 35 33 14 39 46 17 39 26 25 44 22 31 0 17 18 13 29 9 4
24 27 6 18 16 19 17 13 21 31 22 11 20 10 6 4 29 19 32 12 16 25 24 16 22 22 30 11 23 19 17 34 16 24 17 0 20 8 12 22 20
40 45 24 9 5 37 9 31 26 29 30 10 17 10 17 17 24 5 30 14 4 35 22 30 32 38 40 9 33 10 12 30 35 14 18 20 0 13 28 27 22
31 35 14 10 8 27 9 21 20 29 25 5 17 4 8 7 26 11 30 7 9 29 22 21 24 29 34 4 27 14 12 31 23 19 13 8 13 0 19 21 17
12 18 6 29 27 10 28 4 32 27 14 18 21 18 11 12 28 30 28 24 24 14 22 5 32 10 18 19 13 24 22 31 20 28 29 12 28 19 0 33 32
45 43 27 19 22 36 18 34 1 50 44 26 38 25 27 25 47 23 51 15 28 46 43 37 7 43 51 25 45 35 33 52 20 40 9 22 27 21 33 0 5
44 44 26 14 17 36 13 33 4 46 42 22 34 21 25 23 43 18 47 10 23 45 39 36 10 42 50 21 43 30 29 48 22 35 4 20 22 17 32 5 0
0 269
19 126
58 165
160 267
12 119
18 125
118 225
30 137
102 209
30 137
3 110
83 190
97 204
128 235
56 163
66 173
114 221
72 179
130 237
91 198
154 261
83 190
92 199
125 232
71 178
81 188
128 235
0 107
129 236
148 255
135 242
117 224
18 125
96 203
105 212
128 235
82 189
121 228
97 204
9 116
48 155
0
90
26
17
26
51
51
69
32
49
28
65
64
32
67
16
64
33
54
79
55
20
39
61
37
54
49
52
74
70
29
68
68
64
48
34
64
63
53
42
43
