41
1301
0 8 24 3 9 27 29 29 25 26 41 7 19 19 22 26 9 48 43 42 20 16 9 45 19 27 18 41 43 36 48 22 10 38 16 44 28 41 1 24 9
8 0 20 11 17 33 32 37 19 33 45 15 15 27 16 34 14 52 45 45 20 11 17 50 13 21 10 40 40 40 52 27 17 43 18 47 36 36 9 28 11
24 20 0 22 22 27 18 35 10 30 31 26 5 33 8 40 18 38 26 27 5 9 27 36 10 10 17 20 20 26 38 21 21 31 12 29 42 17 23 19 15
3 11 22 0 6 24 26 26 25 23 38 4 17 16 22 23 6 45 40 39 18 15 6 42 19 27 21 39 41 33 45 19 7 35 13 41 25 39 2 21 7
9 17 22 6 0 18 21 20 26 17 32 5 18 11 23 18 4 39 35 34 17 17 5 36 21 28 25 36 39 27 39 13 1 29 10 36 20 39 8 15 9
27 33 27 24 18 0 11 11 35 6 17 23 26 18 32 21 19 21 22 21 22 28 23 18 32 36 38 29 34 12 22 6 17 11 17 23 22 40 26 8 23
29 32 18 26 21 11 0 22 28 17 13 26 20 26 26 31 20 20 14 13 15 24 26 18 27 28 34 18 23 8 20 9 20 13 14 15 33 29 28 6 21
29 37 35 26 20 11 22 0 42 5 26 24 33 12 39 11 23 30 33 32 30 35 22 26 39 44 44 40 45 23 31 14 20 20 24 34 11 50 28 17 28
25 19 10 25 26 35 28 42 0 37 41 29 9 37 3 44 22 48 36 37 14 10 31 46 6 3 10 29 27 36 48 29 25 41 18 39 46 19 24 27 18
26 33 30 23 17 6 17 5 37 0 23 21 28 12 34 15 19 27 28 27 25 30 20 23 34 39 40 35 40 18 28 9 16 17 19 29 16 45 25 12 24
41 45 31 38 32 17 13 26 41 23 0 37 33 35 39 37 32 7 9 8 28 37 37 5 40 41 47 21 28 5 7 20 31 6 27 8 37 38 40 17 34
7 15 26 4 5 23 26 24 29 21 37 0 21 12 26 19 8 44 40 39 21 19 2 41 23 31 25 41 44 32 44 18 6 34 15 41 21 43 6 20 11
19 15 5 17 18 26 20 33 9 28 33 21 0 29 6 36 14 40 30 31 5 4 23 38 7 11 14 25 25 28 40 20 17 33 9 33 38 22 18 18 10
19 27 33 16 11 18 26 12 37 12 35 12 29 0 34 7 15 39 40 39 28 28 10 35 32 39 36 44 49 30 40 17 12 29 21 41 9 50 18 20 20
22 16 8 22 23 32 26 39 3 34 39 26 6 34 0 41 19 46 34 35 11 7 28 44 3 5 10 27 26 34 46 26 22 39 15 37 43 20 21 24 15
26 34 40 23 18 21 31 11 44 15 37 19 36 7 41 0 22 41 43 42 35 35 17 37 39 46 43 49 54 33 42 22 19 31 28 44 2 57 25 25 27
9 14 18 6 4 19 20 23 22 19 32 8 14 15 19 22 0 39 34 33 13 13 9 36 17 24 21 33 36 27 39 13 3 29 7 35 24 35 8 15 5
48 52 38 45 39 21 20 30 48 27 7 44 40 39 46 41 39 0 14 13 35 44 44 4 47 48 54 26 33 12 2 26 38 10 34 12 41 43 47 24 41
43 45 26 40 35 22 14 33 36 28 9 40 30 40 34 43 34 14 0 1 25 34 40 14 36 35 43 12 19 10 13 23 34 14 27 3 44 29 42 20 34
42 45 27 39 34 21 13 32 37 27 8 39 31 39 35 42 33 13 1 0 26 35 39 13 37 36 44 13 20 9 12 22 33 13 27 2 43 30 41 19 34
20 20 5 18 17 22 15 30 14 25 28 21 5 28 11 35 13 35 25 26 0 9 22 33 12 14 19 21 23 23 35 16 16 28 7 28 37 22 19 14 11
16 11 9 15 17 28 24 35 10 30 37 19 4 28 7 35 13 44 34 35 9 0 21 42 4 12 10 29 29 32 44 22 16 36 11 37 37 26 15 21 8
9 17 27 6 5 23 26 22 31 20 37 2 23 10 28 17 9 44 40 39 22 21 0 41 25 33 27 41 44 32 44 18 6 34 15 41 19 44 8 20 13
45 50 36 42 36 18 18 26 46 23 5 41 38 35 44 37 36 4 14 13 33 42 41 0 45 46 52 26 33 10 5 23 35 7 32 13 37 43 44 22 39
19 13 10 19 21 32 27 39 6 34 40 23 7 32 3 39 17 47 36 37 12 4 25 45 0 8 7 30 29 35 47 26 20 40 15 39 41 23 18 25 12
27 21 10 27 28 36 28 44 3 39 41 31 11 39 5 46 24 48 35 36 14 12 33 46 8 0 13 26 24 36 48 30 27 41 20 38 48 16 26 28 20
18 10 17 21 25 38 34 44 10 40 47 25 14 36 10 43 21 54 43 44 19 10 27 52 7 13 0 37 36 42 54 32 24 46 21 46 45 29 19 31 16
41 40 20 39 36 29 18 40 29 35 21 41 25 44 27 49 33 26 12 13 21 29 41 26 30 26 37 0 7 20 25 27 35 25 26 15 51 17 40 24 32
43 40 20 41 39 34 23 45 27 40 28 44 25 49 26 54 36 33 19 20 23 29 44 33 29 24 36 7 0 27 32 32 38 32 29 22 56 11 42 29 34
36 40 26 33 27 12 8 23 36 18 5 32 28 30 34 33 27 12 10 9 23 32 32 10 35 36 42 20 27 0 12 15 26 5 22 11 34 35 35 12 29
48 52 38 45 39 22 20 31 48 28 7 44 40 40 46 42 39 2 13 12 35 44 44 5 47 48 54 25 32 12 0 27 38 11 34 10 42 42 47 24 41
22 27 21 19 13 6 9 14 29 9 20 18 20 17 26 22 13 26 23 22 16 22 18 23 26 30 32 27 32 15 27 0 12 16 11 24 24 36 21 3 17
10 17 21 7 1 17 20 20 25 16 31 6 17 12 22 19 3 38 34 33 16 16 6 35 20 27 24 35 38 26 38 12 0 28 9 35 21 38 9 14 8
38 43 31 35 29 11 13 20 41 17 6 34 33 29 39 31 29 10 14 13 28 36 34 7 40 41 46 25 32 5 11 16 28 0 25 14 31 40 37 15 32
16 18 12 13 10 17 14 24 18 19 27 15 9 21 15 28 7 34 27 27 7 11 15 32 15 20 21 26 29 22 34 11 9 25 0 29 30 29 15 10 7
44 47 29 41 36 23 15 34 39 29 8 41 33 41 37 44 35 12 3 2 28 37 41 13 39 38 46 15 22 11 10 24 35 14 29 0 45 32 43 21 36
28 36 42 25 20 22 33 11 46 16 37 21 38 9 43 2 24 41 44 43 37 37 19 37 41 48 45 51 56 34 42 24 21 31 30 45 0 59 27 27 29
41 36 17 39 39 40 29 50 19 45 38 43 22 50 20 57 35 43 29 30 22 26 44 43 23 16 29 17 11 35 42 36 38 40 29 32 59 0 40 33 32
1 9 23 2 8 26 28 28 24 25 40 6 18 18 21 25 8 47 42 41 19 15 8 44 18 26 19 40 42 35 47 21 9 37 15 43 27 40 0 23 8
24 28 19 21 15 8 6 17 27 12 17 20 18 20 24 25 15 24 20 19 14 21 20 22 25 28 31 24 29 12 24 3 14 15 10 21 27 33 23 0 17
9 11 15 7 9 23 21 28 18 24 34 11 10 20 15 27 5 41 34 34 11 8 13 39 12 20 16 32 34 29 41 17 8 32 7 36 29 32 8 17 0
0 685
86 223
293 430
149 286
241 378
44 181
65 202
340 477
7 144
56 193
29 166
516 653
502 639
370 507
430 567
199 336
364 501
308 445
125 262
31 168
104 241
468 605
449 586
539 676
207 344
212 349
504 641
293 430
130 267
62 199
319 456
256 393
312 449
94 231
210 347
246 383
145 282
487 624
317 454
458 595
396 533
0
33
53
45
45
46
25
62
65
45
42
50
52
60
77
62
26
20
54
85
36
45
26
54
52
24
81
86
55
25
44
49
51
45
43
66
32
86
51
43
60
