41
1298
0 28 39 17 30 3 9 18 21 10 10 13 18 9 32 23 36 25 12 29 25 22 18 6 29 12 27 30 41 9 32 18 10 18 17 23 23 26 33 13 28
28 0 32 33 38 29 30 34 42 31 18 26 24 29 5 5 42 16 17 47 41 47 10 26 42 16 34 17 42 36 12 43 38 23 32 25 43 2 13 30 44
39 32 0 55 21 37 48 28 36 49 37 48 21 32 35 36 18 19 32 33 29 43 35 33 25 36 19 16 13 40 20 40 42 21 54 16 36 33 19 52 29
17 33 55 0 47 20 8 35 37 7 18 7 35 26 37 28 53 36 23 45 42 36 24 23 46 21 44 41 58 25 42 33 24 34 1 39 39 31 43 4 45
30 38 21 47 0 27 39 12 15 40 33 42 16 21 43 39 7 22 28 12 8 22 35 24 4 32 4 25 13 25 31 21 27 17 47 13 15 38 30 43 8
3 29 37 20 27 0 12 15 18 13 11 16 16 6 33 24 33 23 12 26 22 20 19 4 26 13 24 28 38 7 31 16 9 16 20 21 20 27 32 16 25
9 30 48 8 39 12 0 27 30 1 12 6 27 18 34 25 45 30 17 38 34 30 20 15 38 15 36 35 50 18 37 27 18 27 8 32 32 28 38 4 37
18 34 28 35 12 15 27 0 8 28 22 31 10 9 39 32 19 20 19 13 7 15 27 13 11 23 11 25 25 13 29 12 15 11 35 13 9 33 29 31 10
21 42 36 37 15 18 30 8 0 30 27 34 18 14 47 39 22 28 26 8 7 7 34 18 12 29 17 33 28 12 37 6 13 19 37 21 2 41 37 33 9
10 31 49 7 40 13 1 28 30 0 13 7 28 19 35 26 46 31 18 38 35 29 21 16 39 16 37 36 51 18 38 26 17 28 7 33 32 29 39 3 38
10 18 37 18 33 11 12 22 27 13 0 11 17 13 22 13 38 18 5 34 29 31 8 9 33 3 29 23 40 18 25 27 20 16 17 21 29 16 26 15 32
13 26 48 7 42 16 6 31 34 7 11 0 28 22 30 21 49 29 16 42 38 35 17 18 42 14 40 34 51 22 35 31 23 27 6 32 36 24 36 4 41
18 24 21 35 16 16 27 10 18 28 17 28 0 11 29 23 21 10 12 23 17 25 19 12 18 16 12 15 24 19 19 22 21 1 34 5 19 23 19 31 20
9 29 32 26 21 6 18 9 14 19 13 22 11 0 33 25 27 20 12 21 16 18 20 4 20 15 18 25 32 8 29 14 10 11 26 16 16 27 29 22 19
32 5 35 37 43 33 34 39 47 35 22 30 29 33 0 9 47 21 21 52 46 51 14 30 47 20 39 21 47 40 15 47 42 28 36 30 48 6 16 34 49
23 5 36 28 39 24 25 32 39 26 13 21 23 25 9 0 43 17 13 45 39 43 5 22 41 11 35 20 43 31 16 39 33 22 27 26 41 3 17 25 42
36 42 18 53 7 33 45 19 22 46 38 49 21 27 47 43 0 26 33 18 15 28 40 31 10 37 9 27 7 32 33 28 34 22 53 17 21 42 32 49 14
25 16 19 36 22 23 30 20 28 31 18 29 10 20 21 17 26 0 13 32 26 35 16 19 26 17 18 5 26 28 9 32 30 9 35 9 29 16 9 33 29
12 17 32 23 28 12 17 19 26 18 5 16 12 12 21 13 33 13 0 32 26 30 8 9 30 4 24 18 35 19 20 26 21 11 22 16 28 15 21 20 29
29 47 33 45 12 26 38 13 8 38 34 42 23 21 52 45 18 32 32 0 6 11 40 25 8 36 16 35 25 20 41 13 21 24 45 23 6 46 40 41 4
25 41 29 42 8 22 34 7 7 35 29 38 17 16 46 39 15 26 26 6 0 14 34 20 5 30 10 29 21 18 35 13 20 18 42 17 7 40 34 38 3
22 47 43 36 22 20 30 15 7 29 31 35 25 18 51 43 28 35 30 11 14 0 38 22 18 33 24 40 35 13 44 4 12 26 36 28 7 45 44 32 14
18 10 35 24 35 19 20 27 34 21 8 17 19 20 14 5 40 16 8 40 34 38 0 17 37 6 31 19 42 26 18 34 28 18 23 23 36 8 19 21 37
6 26 33 23 24 4 15 13 18 16 9 18 12 4 30 22 31 19 9 25 20 22 17 0 24 11 22 24 35 10 27 18 12 12 23 17 20 24 28 19 23
29 42 25 46 4 26 38 11 12 39 33 42 18 20 47 41 10 26 30 8 5 18 37 24 0 34 8 29 17 23 35 18 25 19 46 17 11 41 34 42 4
12 16 36 21 32 13 15 23 29 16 3 14 16 15 20 11 37 17 4 36 30 33 6 11 34 0 28 21 39 20 22 29 22 15 20 20 31 14 23 18 33
27 34 19 44 4 24 36 11 17 37 29 40 12 18 39 35 9 18 24 16 10 24 31 22 8 28 0 21 14 24 27 22 26 13 44 9 17 34 26 40 12
30 17 16 41 25 28 35 25 33 36 23 34 15 25 21 20 27 5 18 35 29 40 19 24 29 21 21 0 26 33 6 37 35 14 40 12 34 17 5 38 32
41 42 13 58 13 38 50 25 28 51 40 51 24 32 47 43 7 26 35 25 21 35 42 35 17 39 14 26 0 38 32 34 40 24 57 19 28 42 31 54 21
9 36 40 25 25 7 18 13 12 18 18 22 19 8 40 31 32 28 19 20 18 13 26 10 23 20 24 33 38 0 37 9 2 19 25 24 14 34 37 21 21
32 12 20 42 31 31 37 29 37 38 25 35 19 29 15 16 33 9 20 41 35 44 18 27 35 22 27 6 32 37 0 41 39 18 41 18 38 13 1 39 38
18 43 40 33 21 16 27 12 6 26 27 31 22 14 47 39 28 32 26 13 13 4 34 18 18 29 22 37 34 9 41 0 9 23 33 25 7 41 41 29 14
10 38 42 24 27 9 18 15 13 17 20 23 21 10 42 33 34 30 21 21 20 12 28 12 25 22 26 35 40 2 39 9 0 21 24 26 15 36 39 20 22
18 23 21 34 17 16 27 11 19 28 16 27 1 11 28 22 22 9 11 24 18 26 18 12 19 15 13 14 24 19 18 23 21 0 33 5 20 22 18 31 21
17 32 54 1 47 20 8 35 37 7 17 6 34 26 36 27 53 35 22 45 42 36 23 23 46 20 44 40 57 25 41 33 24 33 0 38 39 30 42 4 45
23 25 16 39 13 21 32 13 21 33 21 32 5 16 30 26 17 9 16 23 17 28 23 17 17 20 9 12 19 24 18 25 26 5 38 0 22 25 17 36 20
23 43 36 39 15 20 32 9 2 32 29 36 19 16 48 41 21 29 28 6 7 7 36 20 11 31 17 34 28 14 38 7 15 20 39 22 0 42 38 35 7
26 2 33 31 38 27 28 33 41 29 16 24 23 27 6 3 42 16 15 46 40 45 8 24 41 14 34 17 42 34 13 41 36 22 30 25 42 0 14 28 43
33 13 19 43 30 32 38 29 37 39 26 36 19 29 16 17 32 9 21 40 34 44 19 28 34 23 26 5 31 37 1 41 39 18 42 17 38 14 0 40 37
13 30 52 4 43 16 4 31 33 3 15 4 31 22 34 25 49 33 20 41 38 32 21 19 42 18 40 38 54 21 39 29 20 31 4 36 35 28 40 0 41
28 44 29 45 8 25 37 10 9 38 32 41 20 19 49 42 14 29 29 4 3 14 37 23 4 33 12 32 21 21 38 14 22 21 45 20 7 43 37 41 0
0 489
315 363
415 463
366 414
152 200
294 342
180 228
81 129
224 272
170 218
320 368
269 317
70 118
374 422
143 191
117 165
346 394
438 486
411 459
323 371
83 131
357 405
193 241
263 311
350 398
139 187
178 226
211 259
135 183
35 83
83 131
142 190
372 420
99 147
125 173
360 408
211 259
40 88
157 205
381 429
182 230
0
47
54
12
72
62
23
62
32
42
41
39
49
37
25
25
64
76
60
64
80
62
27
44
54
63
89
45
69
25
25
38
46
63
53
64
40
39
59
70
55
