41
1300
0 28 11 21 26 24 16 12 23 22 15 7 3 19 28 16 12 20 3 11 7 30 19 23 14 28 3 18 23 28 14 21 16 26 22 25 15 15 1 16 14
28 0 33 34 42 27 12 21 49 49 27 35 25 44 56 34 40 15 28 38 25 58 12 43 14 39 25 45 43 37 22 7 44 8 49 41 21 15 29 44 42
11 33 0 32 15 35 22 22 16 27 9 9 11 26 26 27 12 21 14 18 18 28 22 12 22 17 12 23 32 18 24 26 19 29 16 14 25 23 12 13 11
21 34 32 0 47 10 24 15 40 24 35 25 22 16 38 5 27 33 18 17 15 38 30 44 21 48 21 22 11 48 13 29 24 36 38 46 13 20 20 31 30
26 42 15 47 0 50 33 37 16 38 15 23 26 40 30 42 23 28 29 32 33 33 30 4 35 8 27 35 46 11 39 35 30 37 18 2 40 36 27 21 21
24 27 35 10 50 0 21 13 46 34 36 30 24 26 47 14 35 30 21 26 17 47 27 47 18 49 23 31 21 49 11 26 33 33 45 49 10 17 23 39 37
16 12 22 24 33 21 0 10 38 38 18 23 13 33 44 24 28 9 16 27 14 46 6 33 3 31 13 34 33 30 11 5 32 12 38 32 11 4 17 32 30
12 21 22 15 37 13 10 0 35 30 23 19 11 24 39 14 24 19 10 19 6 40 16 34 7 36 10 26 23 36 2 15 25 22 34 36 3 6 12 28 26
23 49 16 40 16 46 38 35 0 25 24 16 25 29 15 35 13 37 25 23 29 18 38 12 37 24 26 23 36 27 36 42 18 45 3 18 37 38 23 9 10
22 49 27 24 38 34 38 30 25 0 35 18 25 8 16 20 16 42 22 11 24 14 41 34 35 44 25 4 15 45 30 43 9 48 22 40 31 35 21 17 18
15 27 9 35 15 36 18 23 24 35 0 17 13 34 35 31 21 13 18 26 20 37 15 16 20 13 14 31 38 13 25 20 27 22 25 14 26 21 16 22 20
7 35 9 25 23 30 23 19 16 18 17 0 10 17 21 20 5 26 9 9 13 23 26 19 21 26 10 14 23 27 20 28 10 33 15 23 21 22 7 9 7
3 25 11 22 26 24 13 11 25 25 13 10 0 22 31 18 15 17 5 14 7 33 16 23 12 26 1 21 25 26 13 18 19 23 25 25 14 13 4 19 17
19 44 26 16 40 26 33 24 29 8 34 17 22 0 23 12 17 39 18 8 19 22 38 36 30 43 22 6 7 44 23 38 11 45 26 40 24 29 18 20 20
28 56 26 38 30 47 44 39 15 16 35 21 31 23 0 33 16 47 30 21 33 3 47 26 42 38 31 17 30 41 40 49 14 54 12 32 41 43 28 13 15
16 34 27 5 42 14 24 14 35 20 31 20 18 12 33 0 22 33 14 12 11 33 30 39 21 44 17 17 9 44 13 29 19 36 33 41 13 20 15 26 25
12 40 12 27 23 35 28 24 13 16 21 5 15 17 16 22 0 31 14 10 18 18 31 19 26 29 15 12 24 30 25 33 7 38 11 24 26 27 12 4 3
20 15 21 33 28 30 9 19 37 42 13 26 17 39 47 33 31 0 22 31 22 49 3 29 12 24 18 38 42 22 20 8 36 9 37 27 20 13 21 34 32
3 28 14 18 29 21 16 10 25 22 18 9 5 18 30 14 14 22 0 11 4 31 20 26 14 31 4 18 20 31 11 21 16 27 24 28 12 13 2 18 16
11 38 18 17 32 26 27 19 23 11 26 9 14 8 21 12 10 31 11 0 13 22 30 28 24 35 14 7 14 36 19 32 7 37 21 32 20 24 10 14 13
7 25 18 15 33 17 14 6 29 24 20 13 7 19 33 11 18 22 4 13 0 34 20 30 11 33 6 20 20 33 7 19 19 26 28 32 8 11 6 22 20
30 58 28 38 33 47 46 40 18 14 37 23 33 22 3 33 18 49 31 22 34 0 49 29 44 41 33 16 29 44 41 51 15 56 15 35 42 44 30 15 17
19 12 22 30 30 27 6 16 38 41 15 26 16 38 47 30 31 3 20 30 20 49 0 31 9 27 16 37 39 25 17 5 35 7 38 29 17 10 20 34 32
23 43 12 44 4 47 33 34 12 34 16 19 23 36 26 39 19 29 26 28 30 29 31 0 34 12 24 31 42 15 36 36 26 38 14 6 37 35 24 17 17
14 14 22 21 35 18 3 7 37 35 20 21 12 30 42 21 26 12 14 24 11 44 9 34 0 33 11 31 30 33 8 8 30 15 36 34 8 1 15 30 28
28 39 17 48 8 49 31 36 24 44 13 26 26 43 38 44 29 24 31 35 33 41 27 12 33 0 27 40 49 3 38 32 36 32 26 6 39 34 29 28 27
3 25 12 21 27 23 13 10 26 25 14 10 1 22 31 17 15 18 4 14 6 33 16 24 11 27 0 21 24 27 12 18 19 23 25 26 13 12 4 19 17
18 45 23 22 35 31 34 26 23 4 31 14 21 6 17 17 12 38 18 7 20 16 37 31 31 40 21 0 13 41 26 39 5 44 20 36 27 31 17 14 14
23 43 32 11 46 21 33 23 36 15 38 23 25 7 30 9 24 42 20 14 20 29 39 42 30 49 24 13 0 50 22 38 18 45 33 46 22 29 22 27 27
28 37 18 48 11 49 30 36 27 45 13 27 26 44 41 44 30 22 31 36 33 44 25 15 33 3 27 41 50 0 38 30 37 30 29 9 39 34 29 30 29
14 22 24 13 39 11 11 2 36 30 25 20 13 23 40 13 25 20 11 19 7 41 17 36 8 38 12 26 22 38 0 16 26 23 35 38 1 7 13 29 27
21 7 26 29 35 26 5 15 42 43 20 28 18 38 49 29 33 8 21 32 19 51 5 36 8 32 18 39 38 30 16 0 37 7 42 34 16 9 22 37 35
16 44 19 24 30 33 32 25 18 9 27 10 19 11 14 19 7 36 16 7 19 15 35 26 30 36 19 5 18 37 26 37 0 42 15 31 27 29 15 9 9
26 8 29 36 37 33 12 22 45 48 22 33 23 45 54 36 38 9 27 37 26 56 7 38 15 32 23 44 45 30 23 7 42 0 45 36 23 16 27 41 39
22 49 16 38 18 45 38 34 3 22 25 15 25 26 12 33 11 37 24 21 28 15 38 14 36 26 25 20 33 29 35 42 15 45 0 20 36 37 22 7 8
25 41 14 46 2 49 32 36 18 40 14 23 25 40 32 41 24 27 28 32 32 35 29 6 34 6 26 36 46 9 38 34 31 36 20 0 39 35 26 23 22
15 21 25 13 40 10 11 3 37 31 26 21 14 24 41 13 26 20 12 20 8 42 17 37 8 39 13 27 22 39 1 16 27 23 36 39 0 7 14 30 28
15 15 23 20 36 17 4 6 38 35 21 22 13 29 43 20 27 13 13 24 11 44 10 35 1 34 12 31 29 34 7 9 29 16 37 35 7 0 15 31 29
1 29 12 20 27 23 17 12 23 21 16 7 4 18 28 15 12 21 2 10 6 30 20 24 15 29 4 17 22 29 13 22 15 27 22 26 14 15 0 16 14
16 44 13 31 21 39 32 28 9 17 22 9 19 20 13 26 4 34 18 14 22 15 34 17 30 28 19 14 27 30 29 37 9 41 7 23 30 31 16 0 2
14 42 11 30 21 37 30 26 10 18 20 7 17 20 15 25 3 32 16 13 20 17 32 17 28 27 17 14 27 29 27 35 9 39 8 22 28 29 14 2 0
0 440
79 211
53 185
249 381
163 295
70 202
128 260
193 325
285 417
118 250
151 283
112 244
295 427
83 215
68 200
227 359
46 178
227 359
226 358
269 401
79 211
163 295
10 142
185 317
139 271
294 426
111 243
297 429
215 347
84 216
221 353
15 147
292 424
12 144
154 286
210 342
154 286
25 157
275 407
246 378
219 351
0
42
55
43
64
54
30
29
48
21
74
51
73
47
39
77
48
16
38
53
66
50
48
51
41
14
75
59
76
61
49
48
53
61
45
16
78
36
66
45
59
