41
1301
0 26 6 9 21 48 39 46 24 1 30 21 49 33 46 15 28 12 41 3 25 47 40 38 41 40 45 35 7 25 9 11 44 46 24 23 3 14 6 14 17
26 0 21 18 11 31 15 35 5 26 24 27 41 34 38 23 15 22 20 28 6 39 14 17 35 16 19 14 22 4 33 16 26 38 30 41 23 24 25 14 15
6 21 0 3 15 45 34 45 18 6 29 22 48 34 45 12 25 9 36 8 20 46 35 33 41 35 40 30 4 19 14 5 41 45 25 27 3 15 7 8 12
9 18 3 0 12 44 32 44 15 9 28 22 47 34 44 11 24 8 34 11 18 45 32 31 40 33 37 28 5 16 17 2 40 44 25 30 6 16 10 5 10
21 11 15 12 0 42 26 46 6 21 33 31 52 42 49 12 26 11 31 23 17 50 25 28 45 27 30 25 14 7 29 10 37 49 34 41 18 26 21 7 4
48 31 45 44 42 0 17 8 36 48 20 31 14 25 13 54 20 51 11 50 27 14 25 14 18 17 25 17 48 35 48 42 5 13 30 46 45 35 43 43 46
39 15 34 32 26 17 0 23 20 39 22 30 30 31 28 38 14 37 6 41 14 29 8 3 28 1 10 5 36 19 43 30 12 28 31 46 36 31 35 29 30
46 35 45 44 46 8 23 0 40 45 16 27 7 19 5 54 20 51 17 47 29 6 31 20 10 23 32 22 48 39 45 42 12 5 25 41 44 32 40 43 48
24 5 18 15 6 36 20 40 0 24 29 30 46 39 43 18 20 17 25 26 11 44 19 22 40 21 24 19 19 1 32 13 31 43 33 43 21 26 24 11 10
1 26 6 9 21 48 39 45 24 0 29 20 48 32 45 16 28 13 41 2 25 46 40 38 40 40 45 35 8 25 8 11 44 45 23 22 3 13 5 14 18
30 24 29 28 33 20 22 16 29 29 0 11 19 10 16 39 9 36 20 31 18 17 30 19 12 23 32 18 33 28 29 28 19 16 10 26 28 16 24 30 35
21 27 22 22 31 31 30 27 30 20 11 0 29 12 26 33 16 30 30 21 21 27 37 27 20 31 40 25 26 29 18 23 30 26 3 16 19 7 15 26 31
49 41 48 47 52 14 30 7 46 48 19 29 0 18 3 58 26 55 24 50 35 2 38 27 9 30 39 29 52 45 47 47 19 3 26 40 47 35 43 49 54
33 34 34 34 42 25 31 19 39 32 10 12 18 0 15 45 19 42 29 33 28 16 39 28 9 32 41 27 38 38 30 34 27 15 9 22 31 19 27 37 42
46 38 45 44 49 13 28 5 43 45 16 26 3 15 0 55 23 52 22 47 32 1 36 25 6 28 37 26 49 42 44 44 17 0 23 37 44 32 40 46 51
15 23 12 11 12 54 38 54 18 16 39 33 58 45 55 0 34 3 43 18 27 56 37 40 51 39 42 37 8 19 24 12 49 55 36 38 15 27 19 11 8
28 15 25 24 26 20 14 20 20 28 9 16 26 19 23 34 0 31 14 30 9 24 21 11 20 15 24 9 28 19 30 22 16 23 17 32 25 17 23 23 28
12 22 9 8 11 51 37 51 17 13 36 30 55 42 52 3 31 0 40 15 24 53 36 37 48 38 41 34 5 18 21 9 46 52 33 35 12 24 16 8 7
41 20 36 34 31 11 6 17 25 41 20 30 24 29 22 43 14 40 0 43 16 23 14 3 24 6 15 6 38 24 44 32 6 22 30 46 38 31 37 32 35
3 28 8 11 23 50 41 47 26 2 31 21 50 33 47 18 30 15 43 0 27 48 42 40 41 42 47 37 10 27 7 13 46 47 24 21 5 15 7 16 20
25 6 20 18 17 27 14 29 11 25 18 21 35 28 32 27 9 24 16 27 0 33 17 13 29 15 22 10 22 10 30 16 22 32 24 36 22 19 22 16 19
47 39 46 45 50 14 29 6 44 46 17 27 2 16 1 56 24 53 23 48 33 0 37 26 7 29 38 27 50 43 45 45 18 1 24 38 45 33 41 47 52
40 14 35 32 25 25 8 31 19 40 30 37 38 39 36 37 21 36 14 42 17 37 0 11 36 8 5 12 36 18 47 30 20 36 38 53 37 36 39 28 29
38 17 33 31 28 14 3 20 22 38 19 27 27 28 25 40 11 37 3 40 13 26 11 0 25 4 13 3 35 21 41 29 9 25 28 43 35 28 34 29 32
41 35 41 40 45 18 28 10 40 40 12 20 9 9 6 51 20 48 24 41 29 7 36 25 0 29 38 26 45 39 38 40 21 6 17 31 39 27 35 42 47
40 16 35 33 27 17 1 23 21 40 23 31 30 32 28 39 15 38 6 42 15 29 8 4 29 0 9 6 37 20 44 31 12 28 32 47 37 32 36 30 31
45 19 40 37 30 25 10 32 24 45 32 40 39 41 37 42 24 41 15 47 22 38 5 13 38 9 0 15 41 23 52 35 20 37 41 56 42 41 44 33 34
35 14 30 28 25 17 5 22 19 35 18 25 29 27 26 37 9 34 6 37 10 27 12 3 26 6 15 0 32 18 39 26 12 26 26 41 32 26 31 26 29
7 22 4 5 14 48 36 48 19 8 33 26 52 38 49 8 28 5 38 10 22 50 36 35 45 37 41 32 0 19 16 6 44 49 29 30 7 19 11 8 10
25 4 19 16 7 35 19 39 1 25 28 29 45 38 42 19 19 18 24 27 10 43 18 21 39 20 23 18 19 0 32 14 30 42 32 42 22 25 24 11 11
9 33 14 17 29 48 43 45 32 8 29 18 47 30 44 24 30 21 44 7 30 45 47 41 38 44 52 39 16 32 0 19 46 44 21 14 11 13 8 22 26
11 16 5 2 10 42 30 42 13 11 28 23 47 34 44 12 22 9 32 13 16 45 30 29 40 31 35 26 6 14 19 0 38 44 26 31 8 16 11 3 8
44 26 41 40 37 5 12 12 31 44 19 30 19 27 17 49 16 46 6 46 22 18 20 9 21 12 20 12 44 30 46 38 0 17 29 45 41 33 39 38 41
46 38 45 44 49 13 28 5 43 45 16 26 3 15 0 55 23 52 22 47 32 1 36 25 6 28 37 26 49 42 44 44 17 0 23 37 44 32 40 46 51
24 30 25 25 34 30 31 25 33 23 10 3 26 9 23 36 17 33 30 24 24 24 38 28 17 32 41 26 29 32 21 26 29 23 0 16 22 10 18 29 34
23 41 27 30 41 46 46 41 43 22 26 16 40 22 37 38 32 35 46 21 36 38 53 43 31 47 56 41 30 42 14 31 45 37 16 0 24 17 20 34 39
3 23 3 6 18 45 36 44 21 3 28 19 47 31 44 15 25 12 38 5 22 45 37 35 39 37 42 32 7 22 11 8 41 44 22 24 0 12 4 11 15
14 24 15 16 26 35 31 32 26 13 16 7 35 19 32 27 17 24 31 15 19 33 36 28 27 32 41 26 19 25 13 16 33 32 10 17 12 0 8 19 24
6 25 7 10 21 43 35 40 24 5 24 15 43 27 40 19 23 16 37 7 22 41 39 34 35 36 44 31 11 24 8 11 39 40 18 20 4 8 0 14 19
14 14 8 5 7 43 29 43 11 14 30 26 49 37 46 11 23 8 32 16 16 47 28 29 42 30 33 26 8 11 22 3 38 46 29 34 11 19 14 0 5
17 15 12 10 4 46 30 48 10 18 35 31 54 42 51 8 28 7 35 20 19 52 29 32 47 31 34 29 10 11 26 8 41 51 34 39 15 24 19 5 0
0 269
76 156
36 116
30 110
136 216
67 147
62 142
8 88
135 215
88 168
34 114
66 146
48 128
23 103
168 248
82 162
149 229
10 90
121 201
94 174
1 81
137 217
177 257
37 117
48 128
166 246
129 209
74 154
41 121
161 241
82 162
20 100
188 268
62 142
112 192
6 86
150 230
164 244
101 181
1 81
188 268
0
19
61
24
75
44
68
47
18
56
53
21
40
65
32
48
53
12
40
58
59
72
31
39
70
72
47
68
38
62
67
82
52
46
62
67
33
18
62
83
37
