41
1301
0 36 39 20 17 33 17 10 26 11 32 47 39 56 11 33 31 30 3 35 16 33 31 44 19 34 39 25 46 27 50 18 49 47 17 29 42 34 30 27 16
36 0 10 31 24 12 20 31 15 32 5 19 19 27 26 10 14 6 33 9 25 21 13 31 17 11 3 18 16 15 19 24 13 27 31 14 6 28 32 33 27
39 10 0 38 23 7 25 36 22 31 10 28 29 35 29 6 23 12 36 4 24 30 22 41 20 21 10 15 7 23 27 30 20 37 37 11 12 37 40 41 33
20 31 38 0 26 34 14 10 16 26 28 34 23 41 16 33 19 26 20 34 25 17 20 25 19 23 34 30 45 16 38 8 38 31 3 30 37 15 10 7 5
17 24 23 26 0 16 12 19 20 8 19 40 33 49 10 17 25 18 14 19 1 30 25 42 9 27 27 8 29 21 42 18 37 43 25 12 30 35 33 32 21
33 12 7 34 16 0 20 31 20 24 8 30 28 38 23 2 21 10 30 3 17 28 20 40 15 20 13 8 13 21 30 26 24 38 33 4 16 35 38 39 29
17 20 25 14 12 20 0 11 9 16 16 30 22 39 7 19 14 14 15 21 12 19 14 31 5 17 23 16 32 10 33 6 32 32 13 16 26 23 21 20 9
10 31 36 10 19 31 11 0 17 17 27 38 29 47 9 30 22 25 10 32 18 23 22 34 16 25 34 27 43 18 41 8 40 37 7 27 37 24 20 17 6
26 15 22 16 20 20 9 17 0 25 12 21 13 30 16 18 5 10 24 19 20 10 5 22 11 8 18 20 29 1 24 9 23 23 16 18 21 16 18 19 12
11 32 31 26 8 24 16 17 25 0 27 46 38 55 10 25 30 26 8 27 7 35 30 47 15 33 35 16 37 26 49 20 45 48 24 20 38 38 35 33 21
32 5 10 28 19 8 16 27 12 27 0 22 20 31 22 6 13 2 29 7 20 20 12 32 13 12 8 14 17 13 23 20 18 30 27 10 11 27 30 31 23
47 19 28 34 40 30 30 38 21 46 22 0 11 9 37 28 16 22 45 28 40 17 16 19 31 13 18 36 31 20 4 30 10 11 37 32 17 22 28 32 33
39 19 29 23 33 28 22 29 13 38 20 11 0 18 29 26 8 19 37 27 33 6 9 12 24 8 21 33 35 12 15 21 19 10 26 29 21 12 18 21 23
56 27 35 41 49 38 39 47 30 55 31 9 18 0 46 36 25 31 54 35 49 24 25 21 40 22 25 45 37 29 8 39 16 12 44 41 23 28 34 38 41
11 26 29 16 10 23 7 9 16 10 22 37 29 46 0 23 21 20 8 25 9 26 21 38 9 24 29 18 36 17 40 10 39 39 15 19 32 28 25 23 11
33 10 6 33 17 2 19 30 18 25 6 28 26 36 23 0 19 8 30 2 18 26 18 38 14 18 11 9 13 19 28 25 22 36 32 5 14 33 36 37 28
31 14 23 19 25 21 14 22 5 30 13 16 8 25 21 19 0 11 29 20 25 7 1 19 16 4 16 25 30 4 20 14 19 18 21 21 18 14 18 20 17
30 6 12 26 18 10 14 25 10 26 2 22 19 31 20 8 11 0 27 9 19 18 10 30 11 11 9 14 19 11 24 18 19 29 25 10 12 25 28 29 21
3 33 36 20 14 30 15 10 24 8 29 45 37 54 8 30 29 27 0 32 13 32 29 44 16 32 36 22 43 25 48 16 46 46 17 26 39 34 30 27 16
35 9 4 34 19 3 21 32 19 27 7 28 27 35 25 2 20 9 32 0 20 27 19 39 16 19 10 11 11 20 27 26 21 36 33 7 13 34 37 38 29
16 25 24 25 1 17 12 18 20 7 20 40 33 49 9 18 25 19 13 20 0 30 25 42 9 27 28 9 30 21 43 18 38 43 24 13 31 35 33 32 20
33 21 30 17 30 28 19 23 10 35 20 17 6 24 26 26 7 18 32 27 30 0 8 12 21 10 23 30 37 9 21 16 24 14 20 28 25 7 12 15 17
31 13 22 20 25 20 14 22 5 30 12 16 9 25 21 18 1 10 29 19 25 8 0 20 16 3 15 24 29 4 19 14 18 19 21 20 17 15 19 21 17
44 31 41 25 42 40 31 34 22 47 32 19 12 21 38 38 19 30 44 39 42 12 20 0 33 20 33 42 47 21 23 28 29 9 28 40 33 10 16 20 28
19 17 20 19 9 15 5 16 11 15 13 31 24 40 9 14 16 11 16 16 9 21 16 33 0 18 20 11 27 12 34 11 30 34 18 11 23 27 26 25 14
34 11 21 23 27 20 17 25 8 33 12 13 8 22 24 18 4 11 32 19 27 10 3 20 18 0 13 25 27 7 16 17 15 18 24 21 15 17 22 24 20
39 3 10 34 27 13 23 34 18 35 8 18 21 25 29 11 16 9 36 10 28 23 15 33 20 13 0 20 14 18 17 27 11 28 34 16 3 30 34 36 30
25 18 15 30 8 8 16 27 20 16 14 36 33 45 18 9 25 14 22 11 9 30 24 42 11 25 20 0 21 21 37 22 31 43 29 4 23 36 37 36 25
46 16 7 45 29 13 32 43 29 37 17 31 35 37 36 13 30 19 43 11 30 37 29 47 27 27 14 21 0 30 29 37 21 41 44 17 14 44 47 48 40
27 15 23 16 21 21 10 18 1 26 13 20 12 29 17 19 4 11 25 20 21 9 4 21 12 7 18 21 30 0 23 10 22 22 17 19 21 15 17 18 13
50 19 27 38 42 30 33 41 24 49 23 4 15 8 40 28 20 24 48 27 43 21 19 23 34 16 17 37 29 23 0 33 8 15 40 33 15 26 32 36 36
18 24 30 8 18 26 6 8 9 20 20 30 21 39 10 25 14 18 16 26 18 16 14 28 11 17 27 22 37 10 33 0 32 30 7 22 30 18 15 14 3
49 13 20 38 37 24 32 40 23 45 18 10 19 16 39 22 19 19 46 21 38 24 18 29 30 15 11 31 21 22 8 32 0 21 39 27 8 31 36 39 35
47 27 37 31 43 38 32 37 23 48 30 11 10 12 39 36 18 29 46 36 43 14 19 9 34 18 28 43 41 22 15 30 21 0 34 39 27 16 22 26 31
17 31 37 3 25 33 13 7 16 24 27 37 26 44 15 32 21 25 17 33 24 20 21 28 18 24 34 29 44 17 40 7 39 34 0 29 37 18 13 10 4
29 14 11 30 12 4 16 27 18 20 10 32 29 41 19 5 21 10 26 7 13 28 20 40 11 21 16 4 17 19 33 22 27 39 29 0 19 34 36 36 25
42 6 12 37 30 16 26 37 21 38 11 17 21 23 32 14 18 12 39 13 31 25 17 33 23 15 3 23 14 21 15 30 8 27 37 19 0 32 36 38 33
34 28 37 15 35 35 23 24 16 38 27 22 12 28 28 33 14 25 34 34 35 7 15 10 27 17 30 36 44 15 26 18 31 16 18 34 32 0 6 10 18
30 32 40 10 33 38 21 20 18 35 30 28 18 34 25 36 18 28 30 37 33 12 19 16 26 22 34 37 47 17 32 15 36 22 13 36 36 6 0 4 14
27 33 41 7 32 39 20 17 19 33 31 32 21 38 23 37 20 29 27 38 32 15 21 20 25 24 36 36 48 18 36 14 39 26 10 36 38 10 4 0 12
16 27 33 5 21 29 9 6 12 21 23 33 23 41 11 28 17 21 16 29 20 17 17 28 14 20 30 25 40 13 36 3 35 31 4 25 33 18 14 12 0
0 391
6 84
105 183
257 335
131 209
302 380
201 279
193 271
281 359
64 142
7 85
283 361
77 155
297 375
251 329
179 257
193 271
5 83
206 284
119 197
206 284
205 283
279 357
43 121
3 81
296 374
182 260
83 161
189 267
56 134
122 200
243 321
26 104
235 313
175 253
188 266
270 348
195 273
254 332
234 312
137 215
0
51
68
32
68
35
44
47
57
21
34
65
26
63
69
38
52
80
21
73
49
60
40
59
50
50
40
71
62
35
30
36
42
41
70
63
68
31
56
45
59
