41
1300
0 16 27 1 24 10 14 5 12 16 19 26 1 30 19 29 31 15 19 26 5 25 33 20 6 5 19 30 10 20 16 14 24 27 5 18 12 18 33 4 17
16 0 43 15 13 20 10 12 28 32 5 37 16 39 35 35 28 28 35 25 17 32 41 33 19 20 32 44 23 4 7 27 11 33 20 31 28 33 41 19 30
27 43 0 28 46 33 41 32 15 14 45 17 27 23 8 28 41 30 12 37 29 24 26 32 27 23 30 7 28 47 43 18 47 26 23 33 15 10 26 25 26
1 15 28 0 24 9 13 4 13 17 19 27 1 31 20 30 32 14 20 27 4 26 34 19 5 5 18 31 9 19 15 15 24 28 6 17 13 19 34 4 16
24 13 46 24 0 32 23 23 33 37 8 35 25 34 39 28 17 38 40 15 28 27 35 43 29 29 42 44 33 12 20 28 2 27 25 41 33 36 35 28 40
10 20 33 9 32 0 12 9 18 21 25 36 10 40 25 39 41 10 24 36 5 35 43 15 6 10 14 37 7 24 15 24 31 37 15 11 18 25 43 8 14
14 10 41 13 23 12 0 9 26 30 15 40 14 44 33 42 38 22 33 34 12 38 47 27 14 18 26 44 18 12 3 28 21 40 19 23 26 32 47 16 25
5 12 32 4 23 9 9 0 17 21 16 31 5 35 24 33 33 16 24 28 5 29 38 21 7 9 20 35 11 16 11 19 22 31 10 19 17 23 38 7 18
12 28 15 13 33 18 26 17 0 4 30 21 12 26 7 27 36 16 7 31 14 23 29 20 12 8 18 19 13 32 28 10 34 25 8 19 0 7 29 10 14
16 32 14 17 37 21 30 21 4 0 34 23 16 29 7 31 40 16 3 35 18 27 32 18 16 12 16 19 14 36 32 14 38 29 12 19 4 9 32 14 12
19 5 45 19 8 25 15 16 30 34 0 36 20 37 37 32 24 32 37 21 21 30 38 37 23 24 36 44 27 5 12 27 6 30 22 35 30 35 38 23 34
26 37 17 27 35 36 40 31 21 23 36 0 27 6 17 11 25 37 23 22 31 8 9 41 30 26 39 11 32 41 42 12 37 10 21 40 21 14 9 28 35
1 16 27 1 25 10 14 5 12 16 20 27 0 31 19 30 32 14 19 27 5 26 34 19 5 4 18 31 9 20 16 15 25 28 6 17 12 19 34 3 16
30 39 23 31 34 40 44 35 26 29 37 6 31 0 23 6 21 42 29 19 35 7 3 46 35 31 44 16 37 42 44 17 36 7 25 45 26 20 3 33 40
19 35 8 20 39 25 33 24 7 7 37 17 19 23 0 25 37 23 6 32 21 21 26 25 19 15 23 12 20 39 35 11 40 23 15 26 7 3 26 17 19
29 35 28 30 28 39 42 33 27 31 32 11 30 6 25 0 15 42 31 13 34 4 7 47 34 31 45 22 37 37 40 17 30 2 24 45 27 23 7 32 41
31 28 41 32 17 41 38 33 36 40 24 25 32 21 37 15 0 46 42 5 36 17 22 51 37 36 50 36 41 29 35 26 19 15 29 49 36 34 22 35 48
15 28 30 14 38 10 22 16 16 16 32 37 14 42 23 42 46 0 18 41 11 38 45 5 9 11 4 35 5 32 25 25 38 40 18 3 16 23 45 11 4
19 35 12 20 40 24 33 24 7 3 37 23 19 29 6 31 42 18 0 37 21 27 32 20 19 15 18 18 17 39 35 16 41 29 15 21 7 9 32 17 14
26 25 37 27 15 36 34 28 31 35 21 22 27 19 32 13 5 41 37 0 31 14 20 46 32 31 45 33 36 26 31 21 17 13 24 44 31 29 20 30 43
5 17 29 4 28 5 12 5 14 18 21 31 5 35 21 34 36 11 21 31 0 30 38 16 2 6 15 33 6 21 15 19 27 32 10 14 14 21 38 4 13
25 32 24 26 27 35 38 29 23 27 30 8 26 7 21 4 17 38 27 14 30 0 9 43 30 27 41 19 33 35 37 13 29 2 20 41 23 19 9 28 37
33 41 26 34 35 43 47 38 29 32 38 9 34 3 26 7 22 45 32 20 38 9 0 49 38 34 47 19 40 43 46 20 37 8 28 48 29 23 0 36 43
20 33 32 19 43 15 27 21 20 18 37 41 19 46 25 47 51 5 20 46 16 43 49 0 14 16 2 37 10 37 30 30 43 45 23 4 20 27 49 16 6
6 19 27 5 29 6 14 7 12 16 23 30 5 35 19 34 37 9 19 32 2 30 38 14 0 4 13 31 4 23 17 18 29 32 10 12 12 19 38 2 11
5 20 23 5 29 10 18 9 8 12 24 26 4 31 15 31 36 11 15 31 6 27 34 16 4 0 15 27 6 24 20 14 29 29 7 14 8 15 34 2 12
19 32 30 18 42 14 26 20 18 16 36 39 18 44 23 45 50 4 18 45 15 41 47 2 13 15 0 35 9 36 29 28 42 43 22 4 18 25 47 15 4
30 44 7 31 44 37 44 35 19 19 44 11 31 16 12 22 36 35 18 33 33 19 19 37 31 27 35 0 32 48 46 17 46 21 25 38 19 12 19 29 31
10 23 28 9 33 7 18 11 13 14 27 32 9 37 20 37 41 5 17 36 6 33 40 10 4 6 9 32 0 27 21 20 33 35 13 8 13 20 40 6 7
20 4 47 19 12 24 12 16 32 36 5 41 20 42 39 37 29 32 39 26 21 35 43 37 23 24 36 48 27 0 9 31 10 35 24 35 32 37 43 23 34
16 7 43 15 20 15 3 11 28 32 12 42 16 44 35 40 35 25 35 31 15 37 46 30 17 20 29 46 21 9 0 30 18 38 21 26 28 34 46 18 28
14 27 18 15 28 24 28 19 10 14 27 12 15 17 11 17 26 25 16 21 19 13 20 30 18 14 28 17 20 31 30 0 29 15 9 28 10 8 20 16 24
24 11 47 24 2 31 21 22 34 38 6 37 25 36 40 30 19 38 41 17 27 29 37 43 29 29 42 46 33 10 18 29 0 29 26 41 34 37 37 28 40
27 33 26 28 27 37 40 31 25 29 30 10 28 7 23 2 15 40 29 13 32 2 8 45 32 29 43 21 35 35 38 15 29 0 22 43 25 21 8 30 39
5 20 23 6 25 15 19 10 8 12 22 21 6 25 15 24 29 18 15 24 10 20 28 23 10 7 22 25 13 24 21 9 26 22 0 21 8 13 28 8 19
18 31 33 17 41 11 23 19 19 19 35 40 17 45 26 45 49 3 21 44 14 41 48 4 12 14 4 38 8 35 26 28 41 43 21 0 19 26 48 14 7
12 28 15 13 33 18 26 17 0 4 30 21 12 26 7 27 36 16 7 31 14 23 29 20 12 8 18 19 13 32 28 10 34 25 8 19 0 7 29 10 14
18 33 10 19 36 25 32 23 7 9 35 14 19 20 3 23 34 23 9 29 21 19 23 27 19 15 25 12 20 37 34 8 37 21 13 26 7 0 23 17 21
33 41 26 34 35 43 47 38 29 32 38 9 34 3 26 7 22 45 32 20 38 9 0 49 38 34 47 19 40 43 46 20 37 8 28 48 29 23 0 36 43
4 19 25 4 28 8 16 7 10 14 23 28 3 33 17 32 35 11 17 30 4 28 36 16 2 2 15 29 6 23 18 16 28 30 8 14 10 17 36 0 13
17 30 26 16 40 14 25 18 14 12 34 35 16 40 19 41 48 4 14 43 13 37 43 6 11 12 4 31 7 34 28 24 40 39 19 7 14 21 43 13 0
0 538
322 483
317 478
340 501
82 243
117 278
155 316
194 355
78 239
370 531
302 463
124 285
132 293
184 345
165 326
264 425
224 385
29 190
246 407
341 502
143 304
214 375
287 448
72 233
242 403
327 488
244 405
324 485
91 252
364 525
345 506
210 371
90 251
252 413
59 220
44 205
159 320
346 507
30 191
68 229
296 457
0
69
30
80
39
50
50
49
45
78
49
25
61
75
27
69
70
31
36
39
51
36
56
39
44
84
71
21
48
46
57
22
73
43
41
61
59
31
57
36
52
