41
1300
0 5 15 36 37 14 6 38 8 6 34 25 27 17 38 22 35 26 26 2 31 39 39 37 10 40 28 7 18 7 20 42 7 19 52 36 18 31 38 30 6
5 0 17 38 37 17 11 39 5 10 37 20 24 21 38 20 30 23 21 5 26 39 37 38 10 35 23 11 13 2 20 38 8 14 50 32 15 34 38 27 1
15 17 0 21 23 1 13 23 22 10 20 31 19 7 24 13 33 21 29 13 29 25 28 22 7 42 33 20 17 17 6 37 22 29 41 31 15 17 24 23 18
36 38 21 0 10 22 34 4 43 31 6 48 29 21 11 25 44 31 45 34 41 14 25 3 28 53 49 41 33 38 19 45 43 49 35 40 31 8 13 32 39
37 37 23 10 0 24 36 7 42 33 16 42 21 26 1 19 35 23 37 35 33 4 15 7 27 44 41 43 28 36 17 35 44 44 25 30 26 18 3 23 37
14 17 1 22 24 0 12 24 21 9 20 32 20 6 25 14 34 22 30 12 30 26 29 23 7 43 34 19 18 17 7 38 21 29 42 32 16 17 25 24 18
6 11 13 34 36 12 0 36 14 4 30 31 30 13 37 24 39 30 32 6 35 38 41 35 12 46 34 7 22 13 19 46 11 25 54 40 22 27 37 34 12
38 39 23 4 7 24 36 0 44 33 10 47 27 24 7 24 42 29 43 36 39 11 22 1 29 51 47 43 32 38 19 42 45 48 32 37 30 12 10 30 39
8 5 22 43 42 21 14 44 0 14 41 21 28 25 43 24 33 27 24 9 30 43 41 43 15 36 24 10 17 6 25 42 5 14 54 36 19 38 42 31 5
6 10 10 31 33 9 4 33 14 0 28 30 26 11 34 20 35 26 30 5 31 35 37 32 8 43 32 11 18 12 16 42 13 24 50 36 18 25 34 30 11
34 37 20 6 16 20 30 10 41 28 0 50 32 17 17 27 47 34 47 32 44 20 31 9 27 56 51 37 35 37 21 50 41 49 41 44 33 3 19 36 38
25 20 31 48 42 32 31 47 21 30 50 0 21 38 43 23 15 19 5 25 12 41 34 46 25 15 3 31 15 18 29 24 26 8 44 20 17 47 40 22 19
27 24 19 29 21 20 30 27 28 26 32 21 0 26 22 6 15 2 16 25 12 20 13 26 18 24 20 34 11 22 13 18 32 26 26 12 9 31 19 4 23
17 21 7 21 26 6 13 24 25 11 17 38 26 0 27 20 40 28 36 16 36 30 35 23 13 49 40 20 24 22 13 44 24 35 48 38 22 14 29 30 22
38 38 24 11 1 25 37 7 43 34 17 43 22 27 0 20 36 24 38 36 34 4 15 8 28 45 42 44 29 37 18 35 45 45 25 30 27 19 3 24 38
22 20 13 25 19 14 24 24 24 20 27 23 6 20 20 0 21 8 20 20 17 19 17 23 12 30 24 29 9 18 7 24 28 25 30 18 7 25 18 10 19
35 30 33 44 35 34 39 42 33 35 47 15 15 40 36 21 0 13 10 33 4 33 23 41 28 9 12 41 17 28 28 9 38 23 31 7 18 46 33 12 29
26 23 21 31 23 22 30 29 27 26 34 19 2 28 24 8 13 0 14 24 10 22 15 28 18 22 18 33 10 21 15 17 31 24 27 11 8 33 21 4 22
26 21 29 45 37 30 32 43 24 30 47 5 16 36 38 20 10 14 0 26 7 36 29 42 23 14 4 32 12 19 26 19 29 13 39 15 14 44 35 17 20
2 5 13 34 35 12 6 36 9 5 32 25 25 16 36 20 33 24 26 0 29 37 37 35 8 40 28 9 16 7 18 40 9 19 50 34 16 29 36 28 6
31 26 29 41 33 30 35 39 30 31 44 12 12 36 34 17 4 10 7 29 0 31 22 38 24 13 11 37 13 24 24 12 34 20 32 8 14 42 31 10 25
39 39 25 14 4 26 38 11 43 35 20 41 20 30 4 19 33 22 36 37 31 0 12 11 29 42 40 45 28 37 19 32 46 44 21 28 26 22 1 21 38
39 37 28 25 15 29 41 22 41 37 31 34 13 35 15 17 23 15 29 37 22 12 0 22 29 32 33 46 24 35 22 20 45 39 13 16 22 32 12 12 36
37 38 22 3 7 23 35 1 43 32 9 46 26 23 8 23 41 28 42 35 38 11 22 0 28 50 46 42 32 37 18 42 44 48 32 37 30 11 10 29 38
10 10 7 28 27 7 12 29 15 8 27 25 18 13 28 12 28 18 23 8 24 29 29 28 0 36 27 17 11 10 10 34 17 22 42 28 10 24 28 22 11
40 35 42 53 44 43 46 51 36 43 56 15 24 49 45 30 9 22 14 40 13 42 32 50 36 0 12 46 25 33 37 14 41 23 38 16 27 55 42 21 34
28 23 33 49 41 34 34 47 24 32 51 3 20 40 42 24 12 18 4 28 11 40 33 46 27 12 0 34 16 21 30 21 29 11 43 19 18 48 39 21 22
7 11 20 41 43 19 7 43 10 11 37 31 34 20 44 29 41 33 32 9 37 45 46 42 17 46 34 0 24 13 26 49 6 24 59 43 25 34 44 37 12
18 13 17 33 28 18 22 32 17 18 35 15 11 24 29 9 17 10 12 16 13 28 24 32 11 25 16 24 0 11 14 25 21 16 37 19 2 32 27 14 12
7 2 17 38 36 17 13 38 6 12 37 18 22 22 37 18 28 21 19 7 24 37 35 37 10 33 21 13 11 0 19 36 10 13 48 30 13 34 36 25 1
20 20 6 19 17 7 19 19 25 16 21 29 13 13 18 7 28 15 26 18 24 19 22 18 10 37 30 26 14 19 0 31 27 30 35 25 12 18 18 17 20
42 38 37 45 35 38 46 42 42 42 50 24 18 44 35 24 9 17 19 40 12 32 20 42 34 14 21 49 25 36 31 0 46 32 24 6 24 49 32 14 37
7 8 22 43 44 21 11 45 5 13 41 26 32 24 45 28 38 31 29 9 34 46 45 44 17 41 29 6 21 10 27 46 0 19 58 40 23 38 45 35 9
19 14 29 49 44 29 25 48 14 24 49 8 26 35 45 25 23 24 13 19 20 44 39 48 22 23 11 24 16 13 30 32 19 0 51 28 18 46 43 28 13
52 50 41 35 25 42 54 32 54 50 41 44 26 48 25 30 31 27 39 50 32 21 13 32 42 38 43 59 37 48 35 24 58 51 0 24 35 43 22 23 49
36 32 31 40 30 32 40 37 36 36 44 20 12 38 30 18 7 11 15 34 8 28 16 37 28 16 19 43 19 30 25 6 40 28 24 0 18 43 27 8 31
18 15 15 31 26 16 22 30 19 18 33 17 9 22 27 7 18 8 14 16 14 26 22 30 10 27 18 25 2 13 12 24 23 18 35 18 0 30 25 12 14
31 34 17 8 18 17 27 12 38 25 3 47 31 14 19 25 46 33 44 29 42 22 32 11 24 55 48 34 32 34 18 49 38 46 43 43 30 0 21 35 35
38 38 24 13 3 25 37 10 42 34 19 40 19 29 3 18 33 21 35 36 31 1 12 10 28 42 39 44 27 36 18 32 45 43 22 27 25 21 0 21 37
30 27 23 32 23 24 34 30 31 30 36 22 4 30 24 10 12 4 17 28 10 21 12 29 22 21 21 37 14 25 17 14 35 28 23 8 12 35 21 0 26
6 1 18 39 37 18 12 39 5 11 38 19 23 22 38 19 29 22 20 6 25 38 36 38 11 34 22 12 12 1 20 37 9 13 49 31 14 35 37 26 0
0 367
121 121
266 266
25 25
181 181
226 226
292 292
111 111
149 149
71 71
318 318
166 166
5 5
260 260
339 339
301 301
135 135
211 211
254 254
351 351
68 68
194 194
291 291
233 233
247 247
2 2
265 265
284 284
209 209
234 234
38 38
73 73
276 276
70 70
311 311
234 234
48 48
232 232
261 261
293 293
16 16
0
13
46
67
28
57
59
35
60
60
60
71
22
23
62
70
85
70
36
48
66
43
25
42
54
30
27
56
73
36
47
46
53
35
79
70
47
66
69
28
35
