41
1301
0 37 31 28 13 29 32 8 26 1 25 20 10 20 51 29 37 35 9 10 7 7 8 34 12 19 9 8 21 17 16 30 20 13 3 28 23 22 10 35 24
37 0 24 45 38 16 8 37 19 36 16 23 47 41 26 8 11 15 30 43 43 30 37 7 38 32 39 32 18 42 25 28 22 28 38 15 33 40 37 15 36
31 24 0 23 21 31 27 25 7 30 28 12 39 21 22 22 32 35 22 40 31 26 25 28 22 14 27 31 14 24 29 4 12 31 29 30 12 19 36 35 15
28 45 23 0 15 48 45 20 26 29 44 24 33 8 43 40 51 52 27 38 25 31 20 47 16 16 21 35 30 13 40 19 25 39 25 47 12 7 38 52 9
13 38 21 15 0 36 36 5 21 14 32 15 18 7 43 31 42 42 12 23 10 16 5 38 1 7 6 20 21 4 25 18 16 24 10 35 11 9 23 42 11
29 16 31 48 36 0 8 32 24 28 4 24 38 42 42 11 9 6 24 31 36 22 32 9 35 33 34 21 18 40 13 34 23 16 31 1 36 42 25 6 39
32 8 27 45 36 8 0 34 20 31 8 21 42 39 34 5 6 8 26 36 39 25 34 2 35 30 36 26 15 40 18 30 20 21 34 7 33 39 30 8 36
8 37 25 20 5 32 34 0 21 9 28 15 14 12 46 29 40 38 8 18 6 11 0 36 4 11 2 15 19 9 20 22 16 19 5 31 15 14 18 38 16
26 19 7 26 21 24 20 21 0 25 21 6 35 23 25 15 26 28 17 34 27 20 21 22 20 14 23 25 7 24 22 10 6 24 24 23 14 21 30 28 17
1 36 30 29 14 28 31 9 25 0 24 19 11 21 50 28 36 34 8 10 8 6 9 33 13 20 10 7 20 18 15 29 19 12 4 27 24 23 9 34 25
25 16 28 44 32 4 8 28 21 24 0 20 35 38 40 9 12 10 20 28 32 18 28 10 31 29 30 18 14 36 10 30 19 13 27 3 32 38 22 10 35
20 23 12 24 15 24 21 15 6 19 20 0 29 18 31 16 27 28 11 29 21 15 15 23 15 9 17 20 6 19 18 12 1 20 18 23 12 18 25 28 15
10 47 39 33 18 38 42 14 35 11 35 29 0 25 60 39 47 44 19 11 8 17 14 44 17 25 12 17 31 21 25 36 30 22 11 37 29 27 16 44 29
20 41 21 8 7 42 39 12 23 21 38 18 25 0 42 34 45 46 19 30 17 23 12 41 8 9 13 27 24 5 32 17 19 31 17 41 9 3 30 46 7
51 26 22 43 43 42 34 46 25 50 40 31 60 42 0 31 37 41 42 59 52 45 46 33 44 36 48 50 31 45 46 25 31 48 49 41 33 40 55 41 36
29 8 22 40 31 11 5 29 15 28 9 16 39 34 31 0 11 13 22 35 35 22 29 7 30 25 31 24 10 35 17 25 15 20 30 10 28 34 29 13 31
37 11 32 51 42 9 6 40 26 36 12 27 47 45 37 11 0 4 32 40 44 30 40 4 41 36 42 30 21 46 22 35 26 25 39 10 39 45 34 4 42
35 15 35 52 42 6 8 38 28 34 10 28 44 46 41 13 4 0 30 37 42 28 38 8 41 37 40 27 22 46 19 38 27 22 37 7 40 46 31 0 43
9 30 22 27 12 24 26 8 17 8 20 11 19 19 42 22 32 30 0 18 13 5 8 28 11 12 10 10 12 16 13 21 11 13 8 23 16 20 15 30 19
10 43 40 38 23 31 36 18 34 10 28 29 11 30 59 35 40 37 18 0 15 14 18 38 22 29 19 11 29 27 18 39 28 15 13 30 33 32 6 37 34
7 43 31 25 10 36 39 6 27 8 32 21 8 17 52 35 44 42 13 15 0 14 6 41 9 17 4 15 25 13 23 28 22 20 5 35 21 19 17 42 21
7 30 26 31 16 22 25 11 20 6 18 15 17 23 45 22 30 28 5 14 14 0 11 27 15 17 13 5 15 20 9 26 14 8 9 21 21 25 10 28 24
8 37 25 20 5 32 34 0 21 9 28 15 14 12 46 29 40 38 8 18 6 11 0 36 4 11 2 15 19 9 20 22 16 19 5 31 15 14 18 38 16
34 7 28 47 38 9 2 36 22 33 10 23 44 41 33 7 4 8 28 38 41 27 36 0 37 32 38 28 17 42 20 31 22 23 36 9 35 41 32 8 38
12 38 22 16 1 35 35 4 20 13 31 15 17 8 44 30 41 41 11 22 9 15 4 37 0 8 5 19 20 5 24 19 16 23 9 34 12 10 22 41 12
19 32 14 16 7 33 30 11 14 20 29 9 25 9 36 25 36 37 12 29 17 17 11 32 8 0 13 22 15 10 25 11 10 25 16 32 4 9 27 37 7
9 39 27 21 6 34 36 2 23 10 30 17 12 13 48 31 42 40 10 19 4 13 2 38 5 13 0 17 21 9 22 24 18 21 6 33 17 15 19 40 17
8 32 31 35 20 21 26 15 25 7 18 20 17 27 50 24 30 27 10 11 15 5 15 28 19 22 17 0 19 24 8 31 19 5 11 20 26 29 5 27 29
21 18 14 30 21 18 15 19 7 20 14 6 31 24 31 10 21 22 12 29 25 15 19 17 20 15 21 19 0 25 15 16 5 17 20 17 18 24 24 22 21
17 42 24 13 4 40 40 9 24 18 36 19 21 5 45 35 46 46 16 27 13 20 9 42 5 10 9 24 25 0 29 20 20 28 14 39 12 8 27 46 11
16 25 29 40 25 13 18 20 22 15 10 18 25 32 46 17 22 19 13 18 23 9 20 20 24 25 22 8 15 29 0 30 18 3 18 12 29 33 12 19 32
30 28 4 19 18 34 30 22 10 29 30 12 36 17 25 25 35 38 21 39 28 26 22 31 19 11 24 31 16 20 30 0 13 32 27 33 8 15 36 38 11
20 22 12 25 16 23 20 16 6 19 19 1 30 19 31 15 26 27 11 28 22 14 16 22 16 10 18 19 5 20 18 13 0 19 19 22 13 19 24 27 16
13 28 31 39 24 16 21 19 24 12 13 20 22 31 48 20 25 22 13 15 20 8 19 23 23 25 21 5 17 28 3 32 19 0 16 15 29 33 9 22 32
3 38 29 25 10 31 34 5 24 4 27 18 11 17 49 30 39 37 8 13 5 9 5 36 9 16 6 11 20 14 18 27 19 16 0 30 20 19 13 37 21
28 15 30 47 35 1 7 31 23 27 3 23 37 41 41 10 10 7 23 30 35 21 31 9 34 32 33 20 17 39 12 33 22 15 30 0 35 41 24 7 38
23 33 12 12 11 36 33 15 14 24 32 12 29 9 33 28 39 40 16 33 21 21 15 35 12 4 17 26 18 12 29 8 13 29 20 35 0 7 31 40 3
22 40 19 7 9 42 39 14 21 23 38 18 27 3 40 34 45 46 20 32 19 25 14 41 10 9 15 29 24 8 33 15 19 33 19 41 7 0 32 46 4
10 37 36 38 23 25 30 18 30 9 22 25 16 30 55 29 34 31 15 6 17 10 18 32 22 27 19 5 24 27 12 36 24 9 13 24 31 32 0 31 34
35 15 35 52 42 6 8 38 28 34 10 28 44 46 41 13 4 0 30 37 42 28 38 8 41 37 40 27 22 46 19 38 27 22 37 7 40 46 31 0 43
24 36 15 9 11 39 36 16 17 25 35 15 29 7 36 31 42 43 19 34 21 24 16 38 12 7 17 29 21 11 32 11 16 32 21 38 3 4 34 43 0
0 685
186 391
69 274
398 603
33 238
395 600
63 268
46 251
361 566
147 352
34 239
460 665
102 307
227 432
47 252
466 671
401 606
280 485
238 443
162 367
140 345
86 291
374 579
137 342
7 212
275 480
371 576
147 352
56 261
355 560
45 250
381 586
115 320
185 390
339 544
345 550
166 371
286 491
115 320
143 348
440 645
0
23
39
27
30
20
29
29
61
27
61
27
80
37
61
66
43
78
70
75
40
72
30
69
24
36
82
71
74
52
64
70
80
33
54
35
30
49
33
81
39
