41
1300
0 30 34 20 52 35 29 39 5 27 33 6 22 9 2 9 52 26 10 47 37 2 35 41 7 17 10 48 17 17 18 18 20 31 35 34 22 43 56 34 38
30 0 45 16 28 6 41 12 32 8 4 31 30 22 29 23 33 12 20 29 9 28 24 12 37 38 38 23 24 25 37 12 13 5 14 42 34 33 35 26 24
34 45 0 47 45 51 5 43 29 47 44 28 15 35 33 40 40 33 37 36 43 36 25 45 36 17 26 45 22 21 16 39 32 49 58 5 12 25 45 23 28
20 16 47 0 44 17 42 28 24 8 20 24 32 14 20 11 48 21 12 43 25 18 34 28 27 35 30 39 25 26 35 8 16 13 15 45 35 44 50 35 36
52 28 45 44 0 29 46 16 50 36 24 49 37 44 50 48 8 26 44 10 19 51 20 16 59 49 54 5 37 38 48 38 32 32 39 40 42 22 7 22 17
35 6 51 17 29 0 47 14 37 9 8 36 36 27 34 27 35 18 25 32 12 33 29 13 42 44 43 24 30 31 43 17 19 4 10 48 40 38 36 31 29
29 41 5 42 46 47 0 43 24 43 42 23 12 30 28 35 42 31 32 38 42 31 26 45 31 12 21 46 17 16 11 34 28 45 54 9 7 28 47 24 29
39 12 43 28 16 14 43 0 38 20 8 37 32 31 37 33 21 13 30 18 3 38 18 2 46 41 44 11 27 28 40 22 19 17 24 38 37 26 23 20 17
5 32 29 24 50 37 24 38 0 29 33 1 17 10 4 13 47 25 12 42 36 7 30 40 10 12 6 47 13 12 13 20 19 33 39 29 17 38 51 30 33
27 8 47 8 36 9 43 20 29 0 12 28 32 19 26 18 41 17 17 37 17 25 30 20 34 38 35 31 26 27 38 9 15 5 11 45 36 40 43 32 32
33 4 44 20 24 8 42 8 33 12 0 32 30 25 32 26 29 11 23 25 5 31 21 8 40 39 39 19 25 26 38 15 14 9 18 41 35 30 31 23 21
6 31 28 24 49 36 23 37 1 28 32 0 16 10 5 14 46 24 12 41 35 8 29 39 11 11 7 46 12 11 12 19 18 32 39 28 16 37 50 29 32
22 30 15 32 37 36 12 32 17 32 30 16 0 21 21 26 34 19 22 29 31 24 17 34 27 12 19 37 7 6 11 24 17 34 43 13 5 23 38 16 20
9 22 35 14 44 27 30 31 10 19 25 10 21 0 7 5 45 18 2 40 29 7 29 33 16 21 16 40 14 15 21 10 12 23 29 34 23 39 49 30 32
2 29 33 20 50 34 28 37 4 26 32 5 21 7 0 9 50 24 9 45 35 3 33 39 9 16 10 46 15 16 17 17 18 30 35 33 21 41 54 32 36
9 23 40 11 48 27 35 33 13 18 26 14 26 5 9 0 49 22 4 44 31 7 33 34 16 25 19 44 19 20 26 11 16 23 26 39 28 43 53 34 36
52 33 40 48 8 35 42 21 47 41 29 46 34 45 50 49 0 27 45 5 24 52 17 22 57 46 51 13 35 35 45 40 33 38 45 35 39 15 5 19 14
26 12 33 21 26 18 31 13 25 17 11 24 19 18 24 22 27 0 18 22 12 25 13 15 33 28 31 22 14 15 27 13 6 17 26 30 24 23 31 15 15
10 20 37 12 44 25 32 30 12 17 23 12 22 2 9 4 45 18 0 40 28 8 29 31 17 23 18 40 15 16 23 8 12 21 27 35 25 39 49 30 32
47 29 36 43 10 32 38 18 42 37 25 41 29 40 45 44 5 22 40 0 20 47 12 20 52 41 46 12 30 30 40 35 28 34 42 31 34 12 9 14 9
37 9 43 25 19 12 42 3 36 17 5 35 31 29 35 31 24 12 28 20 0 36 19 4 44 40 42 14 26 27 39 20 17 14 22 39 36 27 26 21 18
2 28 36 18 51 33 31 38 7 25 31 8 24 7 3 7 52 25 8 47 36 0 35 39 9 19 12 47 18 18 20 16 19 29 33 36 24 44 56 35 38
35 24 25 34 20 29 26 18 30 30 21 29 17 29 33 33 17 13 29 12 19 35 0 20 40 29 34 20 18 18 28 26 18 29 38 20 22 10 21 2 3
41 12 45 28 16 13 45 2 40 20 8 39 34 33 39 34 22 15 31 20 4 39 20 0 48 43 46 11 29 30 42 23 21 16 23 40 39 28 23 22 19
7 37 36 27 59 42 31 46 10 34 40 11 27 16 9 16 57 33 17 52 44 9 40 48 0 19 10 55 23 22 20 25 27 38 42 39 27 48 61 40 43
17 38 17 35 49 44 12 41 12 38 39 11 12 21 16 25 46 28 23 41 40 19 29 43 19 0 9 49 14 13 1 29 25 42 49 20 8 34 50 28 32
10 38 26 30 54 43 21 44 6 35 39 7 19 16 10 19 51 31 18 46 42 12 34 46 10 9 0 52 17 16 10 26 25 39 45 29 17 42 55 34 37
48 23 45 39 5 24 46 11 47 31 19 46 37 40 46 44 13 22 40 12 14 47 20 11 55 49 52 0 35 36 48 33 28 27 34 40 42 24 12 22 17
17 24 22 25 37 30 17 27 13 26 25 12 7 14 15 19 35 14 15 30 26 18 18 29 23 14 17 35 0 1 13 17 11 28 37 20 10 26 39 17 21
17 25 21 26 38 31 16 28 12 27 26 11 6 15 16 20 35 15 16 30 27 18 18 30 22 13 16 36 1 0 12 18 12 29 38 19 9 26 39 18 21
18 37 16 35 48 43 11 40 13 38 38 12 11 21 17 26 45 27 23 40 39 20 28 42 20 1 10 48 13 12 0 29 24 41 49 19 7 33 49 27 31
18 12 39 8 38 17 34 22 20 9 15 19 24 10 17 11 40 13 8 35 20 16 26 23 25 29 26 33 17 18 29 0 8 13 20 37 27 36 43 27 28
20 13 32 16 32 19 28 19 19 15 14 18 17 12 18 16 33 6 12 28 17 19 18 21 27 25 25 28 11 12 24 8 0 17 26 30 21 28 37 19 20
31 5 49 13 32 4 45 17 33 5 9 32 34 23 30 23 38 17 21 34 14 29 29 16 38 42 39 27 28 29 41 13 17 0 9 47 38 38 39 31 29
35 14 58 15 39 10 54 24 39 11 18 39 43 29 35 26 45 26 27 42 22 33 38 23 42 49 45 34 37 38 49 20 26 9 0 56 47 47 46 40 38
34 42 5 45 40 48 9 38 29 45 41 28 13 34 33 39 35 30 35 31 39 36 20 40 39 20 29 40 20 19 19 37 30 47 56 0 12 20 40 18 23
22 34 12 35 42 40 7 37 17 36 35 16 5 23 21 28 39 24 25 34 36 24 22 39 27 8 17 42 10 9 7 27 21 38 47 12 0 26 43 20 25
43 33 25 44 22 38 28 26 38 40 30 37 23 39 41 43 15 23 39 12 27 44 10 28 48 34 42 24 26 26 33 36 28 38 47 20 26 0 20 9 9
56 35 45 50 7 36 47 23 51 43 31 50 38 49 54 53 5 31 49 9 26 56 21 23 61 50 55 12 39 39 49 43 37 39 46 40 43 20 0 23 18
34 26 23 35 22 31 24 20 30 32 23 29 16 30 32 34 19 15 30 14 21 35 2 22 40 28 34 22 17 18 27 27 19 31 40 18 20 9 23 0 5
38 24 28 36 17 29 29 17 33 32 21 32 20 32 36 36 14 15 32 9 18 38 3 19 43 32 37 17 21 21 31 28 20 29 38 23 25 9 18 5 0
0 244
4 77
50 123
130 203
22 95
130 203
3 76
146 219
2 75
32 105
90 163
24 97
91 164
109 182
131 204
37 110
37 110
123 196
66 139
150 223
96 169
158 231
54 127
108 181
43 116
125 198
65 138
28 101
115 188
68 141
169 242
4 77
89 162
9 82
140 213
74 147
112 185
56 129
66 139
85 158
24 97
0
57
62
43
71
44
37
34
62
36
45
47
83
26
78
51
45
51
47
17
67
33
35
17
60
72
39
49
23
68
38
84
63
36
36
22
57
57
51
71
85
