41
1300
0 10 53 48 29 22 15 40 35 16 48 51 13 12 47 15 11 20 17 34 50 42 20 43 36 43 49 27 16 28 45 45 36 40 46 15 20 21 50 30 24
10 0 46 41 27 13 19 31 26 13 40 43 4 21 43 5 21 11 14 27 46 35 25 43 26 34 41 31 12 22 37 36 34 33 46 6 22 26 47 22 19
53 46 0 7 31 33 45 26 28 37 11 7 42 55 15 46 60 35 36 19 16 11 47 33 41 16 8 43 37 25 12 15 30 13 31 41 40 45 21 24 29
48 41 7 0 24 28 39 26 26 32 13 10 37 49 9 41 54 30 31 14 10 6 40 27 40 16 10 36 32 20 12 16 23 8 25 36 34 38 15 19 24
29 27 31 24 0 20 15 32 27 14 30 32 23 25 19 29 30 21 13 16 22 21 16 16 40 27 30 12 15 14 27 29 7 19 19 24 10 14 21 17 12
22 13 33 28 20 0 19 18 13 9 27 30 9 27 31 13 31 2 10 14 34 22 25 36 20 21 28 28 8 9 24 23 27 20 38 8 19 25 36 9 8
15 19 45 39 15 19 0 37 32 10 42 44 17 10 34 23 15 18 11 27 37 34 6 28 39 37 42 12 11 21 39 39 21 32 31 19 5 7 36 24 17
40 31 26 26 32 18 37 0 5 27 15 20 27 45 32 27 49 20 27 17 35 21 43 46 15 10 18 44 26 18 14 11 37 19 46 25 36 42 38 15 22
35 26 28 26 27 13 32 5 0 22 18 22 22 40 31 22 44 15 22 14 34 20 38 42 14 12 20 39 21 13 16 14 33 18 43 20 31 37 37 10 17
16 13 37 32 14 9 10 27 22 0 33 35 9 18 31 15 23 8 1 18 34 26 16 30 29 28 33 19 1 12 30 30 21 24 33 10 10 16 34 15 8
48 40 11 13 30 27 42 15 18 33 0 5 36 51 22 39 55 29 32 15 23 11 45 39 30 6 3 42 32 21 3 4 31 11 38 35 38 44 28 18 25
51 43 7 10 32 30 44 20 22 35 5 0 39 53 19 43 58 32 34 17 20 11 47 37 35 10 2 44 35 23 6 9 32 13 35 38 40 46 25 21 27
13 4 42 37 23 9 17 27 22 9 36 39 0 21 39 6 23 7 10 23 42 31 23 39 24 30 37 28 8 18 33 32 30 29 42 2 19 24 43 18 15
12 21 55 49 25 27 10 45 40 18 51 53 21 0 44 26 5 25 19 36 47 44 11 36 45 46 51 18 19 30 48 48 30 42 39 23 15 13 45 33 26
47 43 15 9 19 31 34 32 31 31 22 19 39 44 0 44 49 33 30 18 3 12 35 18 45 23 19 30 32 22 20 24 16 13 16 39 29 33 6 23 24
15 5 46 41 29 13 23 27 22 15 39 43 6 26 44 0 26 11 16 27 47 35 29 45 21 33 41 34 14 22 37 35 36 33 48 5 25 30 49 22 20
11 21 60 54 30 31 15 49 44 23 55 58 23 5 49 26 0 29 24 41 52 49 16 41 47 50 56 23 23 35 52 52 35 47 44 25 20 18 50 37 31
20 11 35 30 21 2 18 20 15 8 29 32 7 25 33 11 29 0 8 16 36 24 24 37 21 23 30 27 7 11 26 25 28 22 39 6 18 24 38 11 9
17 14 36 31 13 10 11 27 22 1 32 34 10 19 30 16 24 8 0 17 33 25 17 29 29 27 32 19 2 11 29 29 20 23 32 11 10 16 33 14 7
34 27 19 14 16 14 27 17 14 18 15 17 23 36 18 27 41 16 17 0 21 8 30 29 28 11 15 28 18 6 12 13 20 6 29 22 23 29 24 5 10
50 46 16 10 22 34 37 35 34 34 23 20 42 47 3 47 52 36 33 21 0 14 37 18 48 25 20 31 35 25 22 26 17 16 16 42 32 35 5 26 27
42 35 11 6 21 22 34 21 20 26 11 11 31 44 12 35 49 24 25 8 14 0 36 28 34 11 9 33 26 14 8 12 21 2 27 30 29 35 18 13 18
20 25 47 40 16 25 6 43 38 16 45 47 23 11 35 29 16 24 17 30 37 36 0 25 45 41 45 7 17 25 42 43 20 34 28 25 7 2 35 28 21
43 43 33 27 16 36 28 46 42 30 39 37 39 36 18 45 41 37 29 29 18 28 25 0 55 38 37 18 31 29 36 40 9 28 3 40 23 23 14 32 28
36 26 41 40 40 20 39 15 14 29 30 35 24 45 45 21 47 21 29 28 48 34 45 55 0 25 33 48 28 26 29 26 46 32 57 22 39 45 51 24 28
43 34 16 16 27 21 37 10 12 28 6 10 30 46 23 33 50 23 27 11 25 11 41 38 25 0 8 39 27 16 4 2 30 10 37 29 34 40 29 13 20
49 41 8 10 30 28 42 18 20 33 3 2 37 51 19 41 56 30 32 15 20 9 45 37 33 8 0 42 33 21 4 7 30 11 35 36 38 44 25 19 25
27 31 43 36 12 28 12 44 39 19 42 44 28 18 30 34 23 27 19 28 31 33 7 18 48 39 42 0 20 26 39 41 14 31 21 29 9 6 29 29 22
16 12 37 32 15 8 11 26 21 1 32 35 8 19 32 14 23 7 2 18 35 26 17 31 28 27 33 20 0 12 29 29 22 24 34 9 11 17 35 14 8
28 22 25 20 14 9 21 18 13 12 21 23 18 30 22 22 35 11 11 6 25 14 25 29 26 16 21 26 12 0 18 18 20 12 31 17 18 24 27 3 4
45 37 12 12 27 24 39 14 16 30 3 6 33 48 20 37 52 26 29 12 22 8 42 36 29 4 4 39 29 18 0 4 28 8 35 32 35 41 26 15 22
45 36 15 16 29 23 39 11 14 30 4 9 32 48 24 35 52 25 29 13 26 12 43 40 26 2 7 41 29 18 4 0 32 12 39 31 36 42 30 15 22
36 34 30 23 7 27 21 37 33 21 31 32 30 30 16 36 35 28 20 20 17 21 20 9 46 30 30 14 22 20 28 32 0 20 12 31 16 18 15 23 19
40 33 13 8 19 20 32 19 18 24 11 13 29 42 13 33 47 22 23 6 16 2 34 28 32 10 11 31 24 12 8 12 20 0 27 28 27 33 19 11 16
46 46 31 25 19 38 31 46 43 33 38 35 42 39 16 48 44 39 32 29 16 27 28 3 57 37 35 21 34 31 35 39 12 27 0 43 26 26 11 33 30
15 6 41 36 24 8 19 25 20 10 35 38 2 23 39 5 25 6 11 22 42 30 25 40 22 29 36 29 9 17 32 31 31 28 43 0 20 26 44 17 15
20 22 40 34 10 19 5 36 31 10 38 40 19 15 29 25 20 18 10 23 32 29 7 23 39 34 38 9 11 18 35 36 16 27 26 20 0 6 31 21 14
21 26 45 38 14 25 7 42 37 16 44 46 24 13 33 30 18 24 16 29 35 35 2 23 45 40 44 6 17 24 41 42 18 33 26 26 6 0 33 27 20
50 47 21 15 21 36 36 38 37 34 28 25 43 45 6 49 50 38 33 24 5 18 35 14 51 29 25 29 35 27 26 30 15 19 11 44 31 33 0 29 29
30 22 24 19 17 9 24 15 10 15 18 21 18 33 23 22 37 11 14 5 26 13 28 32 24 13 19 29 14 3 15 15 23 11 33 17 21 27 29 0 7
24 19 29 24 12 8 17 22 17 8 25 27 15 26 24 20 31 9 7 10 27 18 21 28 28 20 25 22 8 4 22 22 19 16 30 15 14 20 29 7 0
0 661
182 446
144 408
360 624
89 353
35 299
372 636
98 362
318 582
103 367
124 388
204 468
371 635
381 645
55 319
196 460
73 337
27 291
180 444
101 365
335 599
287 551
79 343
270 534
204 468
74 338
369 633
394 658
165 429
196 460
22 286
115 379
252 516
346 610
99 363
248 512
213 477
301 565
299 563
101 365
109 373
0
75
62
32
59
28
48
38
77
52
61
41
67
29
60
67
54
39
16
43
56
45
60
36
19
48
45
39
34
80
51
58
60
61
30
54
75
78
50
21
52
