41
1301
0 27 33 49 6 30 44 20 21 29 37 16 28 46 28 11 25 42 52 13 42 14 10 24 28 44 34 32 36 14 16 21 34 17 43 17 39 9 41 18 37
27 0 8 27 32 7 22 9 36 6 10 16 40 24 10 25 29 29 28 26 31 22 18 10 22 22 28 19 22 14 23 38 28 10 39 28 24 18 41 9 22
33 8 0 19 38 3 14 17 41 13 4 20 42 16 7 30 29 24 20 31 26 27 23 11 22 14 26 16 17 19 27 43 26 16 36 32 18 24 39 17 16
49 27 19 0 54 21 5 36 50 32 21 34 47 4 21 43 34 16 8 43 18 39 39 25 26 5 25 19 16 35 38 52 25 33 29 41 12 40 34 35 14
6 32 38 54 0 35 49 26 16 35 42 20 24 51 33 11 26 43 57 13 43 15 15 29 29 49 35 35 39 19 17 16 35 22 44 17 42 14 42 24 40
30 7 3 21 35 0 16 16 38 12 7 17 39 18 4 27 26 23 23 28 25 24 20 8 19 16 23 13 16 16 24 40 23 13 34 29 17 21 36 14 15
44 22 14 5 49 16 0 31 46 27 17 29 43 2 16 38 30 14 10 38 16 34 34 20 22 0 21 14 12 30 33 48 21 28 27 37 8 35 32 30 10
20 9 17 36 26 16 31 0 34 9 19 15 39 33 18 22 30 36 37 24 38 20 14 16 26 31 32 26 29 12 22 36 32 8 43 27 32 14 45 5 30
21 36 41 50 16 38 46 34 0 41 45 21 8 48 34 12 16 36 56 10 35 14 20 30 24 46 26 32 34 22 14 2 26 26 32 9 38 21 28 29 36
29 6 13 32 35 12 27 9 41 0 12 22 46 28 16 30 35 35 32 31 37 27 22 16 28 27 34 25 28 19 29 43 34 15 45 34 29 22 47 12 27
37 10 4 21 42 7 17 19 45 12 0 24 46 17 11 34 33 28 20 35 30 31 27 15 26 17 30 20 21 23 31 47 30 20 40 36 22 28 43 19 20
16 16 20 34 20 17 29 15 21 22 24 0 24 31 13 10 15 26 37 11 27 7 6 9 13 29 19 16 20 3 7 23 19 7 30 12 23 7 31 10 21
28 40 42 47 24 39 43 39 8 46 46 24 0 45 35 17 13 33 53 15 31 19 25 32 21 43 23 29 31 27 17 10 23 31 25 12 35 26 20 34 33
46 24 16 4 51 18 2 33 48 28 17 31 45 0 18 40 32 16 8 40 18 36 36 22 24 2 23 16 14 32 35 50 23 30 29 39 10 37 34 31 12
28 10 7 21 33 4 16 18 34 16 11 13 35 18 0 23 22 19 24 24 21 20 18 4 15 16 19 9 12 14 20 36 19 12 30 25 14 19 32 14 12
11 25 30 43 11 27 38 22 12 30 34 10 17 40 23 0 15 32 47 2 32 4 8 19 18 38 24 24 28 11 6 14 24 15 33 6 31 9 31 18 29
25 29 29 34 26 26 30 30 16 35 33 15 13 32 22 15 0 20 40 13 19 11 18 19 8 30 10 16 18 18 9 18 10 22 18 9 22 19 16 25 20
42 29 24 16 43 23 14 36 36 35 28 26 33 16 19 32 20 0 24 31 2 28 32 20 14 14 10 11 7 29 26 38 10 28 13 29 7 33 18 31 8
52 28 20 8 57 23 10 37 56 32 20 37 53 8 24 47 40 24 0 48 26 44 42 28 32 10 31 24 22 38 43 58 31 36 37 47 18 43 42 37 20
13 26 31 43 13 28 38 24 10 31 35 11 15 40 24 2 13 31 48 0 31 4 10 20 17 38 22 24 27 12 5 12 22 16 31 4 31 11 29 19 29
42 31 26 18 43 25 16 38 35 37 30 27 31 18 21 32 19 2 26 31 0 28 33 22 14 16 9 12 9 29 26 37 9 30 11 28 9 34 16 33 10
14 22 27 39 15 24 34 20 14 27 31 7 19 36 20 4 11 28 44 4 28 0 7 16 14 34 20 20 24 8 2 16 20 12 29 7 27 8 27 15 25
10 18 23 39 15 20 34 14 20 22 27 6 25 36 18 8 18 32 42 10 33 7 0 14 19 34 25 22 26 4 9 22 25 8 36 14 29 1 34 10 27
24 10 11 25 29 8 20 16 30 16 15 9 32 22 4 19 19 20 28 20 22 16 14 0 12 20 18 10 13 10 16 32 18 8 29 21 16 15 31 11 14
28 22 22 26 29 19 22 26 24 28 26 13 21 24 15 18 8 14 32 17 14 14 19 12 0 22 6 8 10 16 12 26 6 18 17 15 14 20 19 21 12
44 22 14 5 49 16 0 31 46 27 17 29 43 2 16 38 30 14 10 38 16 34 34 20 22 0 21 14 12 30 33 48 21 28 27 37 8 35 32 30 10
34 28 26 25 35 23 21 32 26 34 30 19 23 23 19 24 10 10 31 22 9 20 25 18 6 21 0 10 9 22 18 28 0 24 11 19 13 26 13 27 11
32 19 16 19 35 13 14 26 32 25 20 16 29 16 9 24 16 11 24 24 12 20 22 10 8 14 10 0 4 18 19 34 10 18 21 23 7 23 23 21 5
36 22 17 16 39 16 12 29 34 28 21 20 31 14 12 28 18 7 22 27 9 24 26 13 10 12 9 4 0 22 22 36 9 21 19 25 4 27 22 24 2
14 14 19 35 19 16 30 12 22 19 23 3 27 32 14 11 18 29 38 12 29 8 4 10 16 30 22 18 22 0 10 24 22 4 33 15 25 5 34 7 23
16 23 27 38 17 24 33 22 14 29 31 7 17 35 20 6 9 26 43 5 26 2 9 16 12 33 18 19 22 10 0 16 18 14 27 5 26 10 25 17 24
21 38 43 52 16 40 48 36 2 43 47 23 10 50 36 14 18 38 58 12 37 16 22 32 26 48 28 34 36 24 16 0 28 28 34 11 40 23 30 31 38
34 28 26 25 35 23 21 32 26 34 30 19 23 23 19 24 10 10 31 22 9 20 25 18 6 21 0 10 9 22 18 28 0 24 11 19 13 26 13 27 11
17 10 16 33 22 13 28 8 26 15 20 7 31 30 12 15 22 28 36 16 30 12 8 8 18 28 24 18 21 4 14 28 24 0 35 19 24 8 37 3 22
43 39 36 29 44 34 27 43 32 45 40 30 25 29 30 33 18 13 37 31 11 29 36 29 17 27 11 21 19 33 27 34 11 35 0 27 20 37 5 38 20
17 28 32 41 17 29 37 27 9 34 36 12 12 39 25 6 9 29 47 4 28 7 14 21 15 37 19 23 25 15 5 11 19 19 27 0 29 15 25 22 27
39 24 18 12 42 17 8 32 38 29 22 23 35 10 14 31 22 7 18 31 9 27 29 16 14 8 13 7 4 25 26 40 13 24 20 29 0 30 25 27 2
9 18 24 40 14 21 35 14 21 22 28 7 26 37 19 9 19 33 43 11 34 8 1 15 20 35 26 23 27 5 10 23 26 8 37 15 30 0 35 10 28
41 41 39 34 42 36 32 45 28 47 43 31 20 34 32 31 16 18 42 29 16 27 34 31 19 32 13 23 22 34 25 30 13 37 5 25 25 35 0 40 24
18 9 17 35 24 14 30 5 29 12 19 10 34 31 14 18 25 31 37 19 33 15 10 11 21 30 27 21 24 7 17 31 27 3 38 22 27 10 40 0 25
37 22 16 14 40 15 10 30 36 27 20 21 33 12 12 29 20 8 20 29 10 25 27 14 12 10 11 5 2 23 24 38 11 22 20 27 2 28 24 25 0
0 734
497 497
457 457
440 440
318 318
479 479
26 26
175 175
216 216
457 457
703 703
383 383
168 168
19 19
75 75
698 698
17 17
328 328
663 663
197 197
375 375
610 610
382 382
523 523
60 60
660 660
541 541
488 488
231 231
149 149
306 306
388 388
208 208
552 552
81 81
316 316
184 184
431 431
663 663
674 674
698 698
0
74
22
20
39
69
67
36
58
33
32
76
73
44
21
22
69
53
34
42
54
77
38
31
82
19
43
60
60
53
57
71
41
47
35
90
63
31
69
49
47
