41
1300
0 12 36 17 30 29 5 10 27 26 12 13 23 22 20 13 9 33 16 7 14 24 32 32 21 20 27 29 20 15 31 34 21 26 30 20 24 27 11 19 8
12 0 45 26 36 41 8 22 29 32 12 22 35 34 31 16 9 45 28 5 24 30 43 38 31 14 39 40 18 27 33 40 12 32 38 17 36 29 11 17 17
36 45 0 19 18 23 41 29 24 17 48 41 33 24 20 47 45 18 20 41 22 18 15 16 15 41 24 11 34 31 27 14 43 16 10 35 32 25 47 34 40
17 26 19 0 16 22 22 13 17 12 29 25 25 17 10 30 26 22 6 22 3 10 19 17 6 25 21 15 19 18 21 18 27 10 13 19 25 18 28 18 23
30 36 18 16 0 35 35 28 8 4 42 40 40 32 25 43 39 31 21 32 18 6 28 2 18 26 35 23 20 33 9 5 28 6 8 20 40 9 41 20 38
29 41 23 22 35 0 34 19 39 32 38 27 13 7 12 35 37 6 17 36 21 31 8 34 18 45 2 12 40 16 42 34 47 30 27 40 12 40 37 39 29
5 8 41 22 35 34 0 15 30 31 7 14 28 27 25 11 4 38 21 4 19 29 37 37 26 19 32 34 20 20 34 39 18 31 35 20 29 30 6 19 9
10 22 29 13 28 19 15 0 28 24 20 12 13 12 10 18 18 23 9 17 10 22 22 30 14 29 17 20 26 5 32 31 30 23 26 26 14 29 19 25 11
27 29 24 17 8 39 30 28 0 7 37 39 41 34 27 40 34 36 22 27 18 8 33 10 21 18 38 28 12 33 4 13 20 9 14 12 41 1 36 12 35
26 32 17 12 4 32 31 24 7 0 38 36 36 28 21 39 35 29 17 28 14 2 26 6 14 24 31 21 17 29 10 8 26 2 7 18 36 8 37 17 34
12 12 48 29 42 38 7 20 37 38 0 13 29 31 30 5 3 43 28 11 26 36 42 44 33 25 36 40 27 22 41 46 24 38 42 27 30 37 1 26 9
13 22 41 25 40 27 14 12 39 36 13 0 16 20 22 8 13 32 21 18 22 34 32 42 26 33 25 32 33 11 43 43 32 35 38 33 17 40 13 32 5
23 35 33 25 40 13 28 13 41 36 29 16 0 9 15 24 28 19 19 30 23 35 21 40 22 42 11 22 39 8 45 41 43 34 34 39 1 42 28 38 20
22 34 24 17 32 7 27 12 34 28 31 20 9 0 7 28 30 12 12 29 16 27 12 32 14 40 5 13 35 9 38 33 41 26 26 35 8 35 30 34 22
20 31 20 10 25 12 25 10 27 21 30 22 15 7 0 28 28 14 5 26 9 20 12 25 7 33 11 10 28 11 31 26 35 19 19 28 15 28 29 27 21
13 16 47 30 43 35 11 18 40 39 5 8 24 28 28 0 7 40 27 15 27 37 40 45 32 30 33 38 31 19 44 47 28 39 43 31 25 40 6 30 7
9 9 45 26 39 37 4 18 34 35 3 13 28 30 28 7 0 41 25 8 23 33 40 41 30 23 35 38 24 21 38 43 21 35 39 24 29 34 2 23 8
33 45 18 22 31 6 38 23 36 29 43 32 19 12 14 40 41 0 18 40 22 29 3 30 16 46 8 8 41 21 39 30 48 27 23 41 18 37 42 40 34
16 28 20 6 21 17 21 9 22 17 28 21 19 12 5 27 25 18 0 23 4 16 16 22 5 28 16 13 23 12 26 23 30 15 17 23 19 23 27 22 20
7 5 41 22 32 36 4 17 27 28 11 18 30 29 26 15 8 40 23 0 19 26 38 34 26 15 34 35 16 22 31 36 14 28 33 16 31 27 10 15 13
14 24 22 3 18 21 19 10 18 14 26 22 23 16 9 27 23 22 4 19 0 12 20 20 7 24 20 16 19 15 22 21 26 13 16 19 23 19 25 18 20
24 30 18 10 6 31 29 22 8 2 36 34 35 27 20 37 33 29 16 26 12 0 26 8 13 23 30 21 17 27 11 10 25 2 8 17 35 9 35 16 32
32 43 15 19 28 8 37 22 33 26 42 32 21 12 12 40 40 3 16 38 20 26 0 27 13 44 10 5 38 21 36 27 46 24 20 38 20 34 41 37 33
32 38 16 17 2 34 37 30 10 6 44 42 40 32 25 45 41 30 22 34 20 8 27 0 18 28 35 22 22 34 11 3 30 7 7 22 40 11 43 22 40
21 31 15 6 18 18 26 14 21 14 33 26 22 14 7 32 30 16 5 26 7 13 13 18 0 31 17 9 25 17 24 19 33 12 12 25 22 22 32 24 25
20 14 41 25 26 45 19 29 18 24 25 33 42 40 33 30 23 46 28 15 24 23 44 28 31 0 44 40 7 34 22 31 2 25 31 6 43 18 25 7 28
27 39 24 21 35 2 32 17 38 31 36 25 11 5 11 33 35 8 16 34 20 30 10 35 17 44 0 13 39 14 41 35 46 29 28 39 10 39 35 38 27
29 40 11 15 23 12 34 20 28 21 40 32 22 13 10 38 38 8 13 35 16 21 5 22 9 40 13 0 34 21 31 22 42 19 15 34 21 29 39 33 31
20 18 34 19 20 40 20 26 12 17 27 33 39 35 28 31 24 41 23 16 19 17 38 22 25 7 39 34 0 31 15 25 9 19 24 1 40 11 26 1 28
15 27 31 18 33 16 20 5 33 29 22 11 8 9 11 19 21 21 12 22 15 27 21 34 17 34 14 21 31 0 37 35 35 27 29 31 9 34 21 30 13
31 33 27 21 9 42 34 32 4 10 41 43 45 38 31 44 38 39 26 31 22 11 36 11 24 22 41 31 15 37 0 14 24 12 17 16 45 4 40 16 39
34 40 14 18 5 34 39 31 13 8 46 43 41 33 26 47 43 30 23 36 21 10 27 3 19 31 35 22 25 35 14 0 33 9 7 25 41 14 45 25 41
21 12 43 27 28 47 18 30 20 26 24 32 43 41 35 28 21 48 30 14 26 25 46 30 33 2 46 42 9 35 24 33 0 27 33 8 44 20 23 9 27
26 32 16 10 6 30 31 23 9 2 38 35 34 26 19 39 35 27 15 28 13 2 24 7 12 25 29 19 19 27 12 9 27 0 6 19 34 10 37 18 33
30 38 10 13 8 27 35 26 14 7 42 38 34 26 19 43 39 23 17 33 16 8 20 7 12 31 28 15 24 29 17 7 33 6 0 25 34 15 41 24 36
20 17 35 19 20 40 20 26 12 18 27 33 39 35 28 31 24 41 23 16 19 17 38 22 25 6 39 34 1 31 16 25 8 19 25 0 40 12 26 1 28
24 36 32 25 40 12 29 14 41 36 30 17 1 8 15 25 29 18 19 31 23 35 20 40 22 43 10 21 40 9 45 41 44 34 34 40 0 42 29 39 21
27 29 25 18 9 40 30 29 1 8 37 40 42 35 28 40 34 37 23 27 19 9 34 11 22 18 39 29 11 34 4 14 20 10 15 12 42 0 36 12 35
11 11 47 28 41 37 6 19 36 37 1 13 28 30 29 6 2 42 27 10 25 35 41 43 32 25 35 39 26 21 40 45 23 37 41 26 29 36 0 25 8
19 17 34 18 20 39 19 25 12 17 26 32 38 34 27 30 23 40 22 15 18 16 37 22 24 7 38 33 1 30 16 25 9 18 24 1 39 12 25 0 27
8 17 40 23 38 29 9 11 35 34 9 5 20 22 21 7 8 34 20 13 20 32 33 40 25 28 27 31 28 13 39 41 27 33 36 28 21 35 8 27 0
0 636
12 266
301 555
216 470
105 359
156 410
289 543
103 357
219 473
21 275
253 507
112 366
145 399
67 321
337 591
269 523
49 303
265 519
316 570
152 406
198 452
156 410
192 446
358 612
72 326
157 411
34 288
141 395
31 285
301 555
211 465
107 361
284 538
128 382
288 542
222 476
380 634
116 370
22 276
29 283
373 627
0
57
75
45
47
52
71
57
74
22
17
47
51
64
69
25
49
80
38
55
69
45
26
62
53
45
68
66
17
32
47
38
43
74
66
31
43
42
54
42
42
