41
1299
0 20 32 9 18 18 20 26 23 20 38 33 4 23 35 37 5 33 18 5 33 23 15 33 3 34 19 3 31 25 9 28 12 20 17 24 22 30 39 48 15
20 0 19 11 25 31 10 8 10 14 22 22 16 3 15 36 15 15 2 15 20 24 33 13 20 32 7 20 20 30 20 9 31 10 24 31 13 25 26 32 32
32 19 0 23 43 48 29 11 9 13 36 40 30 20 17 55 29 28 20 27 1 43 46 21 34 51 26 34 38 49 26 24 40 12 42 49 10 44 42 44 46
9 11 23 0 21 25 16 17 14 12 33 29 7 14 26 38 6 26 9 4 24 24 24 24 11 35 13 11 27 28 9 20 20 11 20 27 14 29 35 43 23
18 25 43 21 0 8 17 33 34 33 32 22 15 25 38 19 15 31 23 18 44 6 25 34 16 17 19 15 21 7 27 26 27 32 1 6 35 14 29 42 13
18 31 48 25 8 0 25 39 39 36 40 30 18 32 45 22 19 39 29 21 49 14 20 42 16 22 26 15 29 10 27 34 25 36 8 8 39 22 37 50 7
20 10 29 16 17 25 0 18 20 22 18 13 16 9 21 26 15 14 9 17 30 15 33 17 20 22 3 20 11 21 25 9 32 19 17 22 22 15 19 28 28
26 8 11 17 33 39 18 0 5 11 26 29 23 9 10 44 22 18 10 21 12 32 40 12 27 40 15 27 27 38 23 13 37 7 32 39 9 33 31 35 39
23 10 9 14 34 39 20 5 0 7 30 32 21 12 15 46 20 22 11 18 10 34 38 17 25 42 17 25 30 40 19 17 33 3 33 40 4 35 35 39 37
20 14 13 12 33 36 22 11 7 0 35 35 18 16 21 48 18 28 13 15 14 35 33 23 22 44 19 22 33 40 13 22 27 4 32 39 3 37 40 45 34
38 22 36 33 32 40 18 26 30 35 0 11 34 19 21 29 33 8 24 35 37 26 51 16 38 25 20 38 11 32 42 13 50 31 32 33 34 20 6 10 44
33 22 40 29 22 30 13 29 32 35 11 0 29 20 28 18 28 15 22 30 41 16 45 23 33 14 16 32 2 21 38 16 45 32 22 23 35 9 7 20 34
4 16 30 7 15 18 16 23 21 18 34 29 0 19 31 34 1 29 14 3 31 20 17 29 4 31 15 4 27 22 12 24 16 18 14 21 21 26 35 44 16
23 3 20 14 25 32 9 9 12 16 19 20 19 0 13 35 18 12 5 18 21 23 36 10 23 31 6 23 18 29 23 6 34 12 24 30 15 24 24 29 34
35 15 17 26 38 45 21 10 15 21 21 28 31 13 0 45 30 13 17 30 18 36 48 5 35 41 19 35 26 42 33 12 46 17 37 43 19 34 27 27 47
37 36 55 38 19 22 26 44 46 48 29 18 34 35 45 0 33 33 35 36 56 14 42 41 35 4 29 34 19 12 45 33 46 45 20 14 48 11 24 37 29
5 15 29 6 15 19 15 22 20 18 33 28 1 18 30 33 0 28 13 3 30 19 18 28 5 30 14 5 26 22 12 23 17 17 14 21 20 25 34 43 17
33 15 28 26 31 39 14 18 22 28 8 15 29 12 13 33 28 0 17 29 29 27 46 8 33 29 14 33 14 33 35 6 45 24 31 34 26 23 14 17 42
18 2 20 9 23 29 9 10 11 13 24 22 14 5 17 35 13 17 0 13 21 23 31 15 18 31 6 18 20 29 18 11 29 10 22 29 13 24 27 34 30
5 15 27 4 18 21 17 21 18 15 35 30 3 18 30 36 3 29 13 0 28 22 20 28 7 33 15 7 28 25 9 23 17 15 17 24 18 28 36 45 19
33 20 1 24 44 49 30 12 10 14 37 41 31 21 18 56 30 29 21 28 0 44 47 22 35 52 27 35 39 50 27 25 41 13 43 50 11 45 43 45 47
23 24 43 24 6 14 15 32 34 35 26 16 20 23 36 14 19 27 23 22 44 0 31 32 21 11 17 20 15 6 31 24 33 33 7 7 36 8 23 36 19
15 33 46 24 25 20 33 40 38 33 51 45 17 36 48 42 18 46 31 20 47 31 0 46 13 42 32 14 44 30 20 41 7 35 24 28 36 39 52 61 13
33 13 21 24 34 42 17 12 17 23 16 23 29 10 5 41 28 8 15 28 22 32 46 0 33 37 16 33 22 38 33 8 44 19 34 39 21 30 22 23 44
3 20 34 11 16 16 20 27 25 22 38 33 4 23 35 35 5 33 18 7 35 21 13 33 0 32 19 1 31 23 12 28 12 22 15 22 25 29 39 48 13
34 32 51 35 17 22 22 40 42 44 25 14 31 31 41 4 30 29 31 33 52 11 42 37 32 0 25 31 15 12 42 29 44 41 18 14 44 7 20 33 29
19 7 26 13 19 26 3 15 17 19 20 16 15 6 19 29 14 14 6 15 27 17 32 16 19 25 0 19 14 23 22 9 31 16 18 24 19 18 22 30 28
3 20 34 11 15 15 20 27 25 22 38 32 4 23 35 34 5 33 18 7 35 20 14 33 1 31 19 0 30 22 12 28 13 22 14 21 25 28 39 48 12
31 20 38 27 21 29 11 27 30 33 11 2 27 18 26 19 26 14 20 28 39 15 44 22 31 15 14 30 0 21 36 14 43 30 21 22 33 9 9 21 33
25 30 49 28 7 10 21 38 40 40 32 21 22 29 42 12 22 33 29 25 50 6 30 38 23 12 23 22 21 0 34 30 34 39 8 2 42 13 28 41 17
9 20 26 9 27 27 25 23 19 13 42 38 12 23 33 45 12 35 18 9 27 31 20 33 12 42 22 12 36 34 0 29 14 16 26 33 16 37 44 52 24
28 9 24 20 26 34 9 13 17 22 13 16 24 6 12 33 23 6 11 23 25 24 41 8 28 29 9 28 14 30 29 0 40 18 26 31 21 22 18 23 37
12 31 40 20 27 25 32 37 33 27 50 45 16 34 46 46 17 45 29 17 41 33 7 44 12 44 31 13 43 34 14 40 0 30 26 32 30 41 51 60 18
20 10 12 11 32 36 19 7 3 4 31 32 18 12 17 45 17 24 10 15 13 33 35 19 22 41 16 22 30 39 16 18 30 0 31 38 3 34 36 41 34
17 24 42 20 1 8 17 32 33 32 32 22 14 24 37 20 14 31 22 17 43 7 24 34 15 18 18 14 21 8 26 26 26 31 0 7 34 15 29 42 12
24 31 49 27 6 8 22 39 40 39 33 23 21 30 43 14 21 34 29 24 50 7 28 39 22 14 24 21 22 2 33 31 32 38 7 0 41 14 29 42 15
22 13 10 14 35 39 22 9 4 3 34 35 21 15 19 48 20 26 13 18 11 36 36 21 25 44 19 25 33 42 16 21 30 3 34 41 0 37 39 43 37
30 25 44 29 14 22 15 33 35 37 20 9 26 24 34 11 25 23 24 28 45 8 39 30 29 7 18 28 9 13 37 22 41 34 15 14 37 0 15 28 27
39 26 42 35 29 37 19 31 35 40 6 7 35 24 27 24 34 14 27 36 43 23 52 22 39 20 22 39 9 28 44 18 51 36 29 29 39 15 0 13 41
48 32 44 43 42 50 28 35 39 45 10 20 44 29 27 37 43 17 34 45 45 36 61 23 48 33 30 48 21 41 52 23 60 41 42 42 43 28 13 0 54
15 32 46 23 13 7 28 39 37 34 44 34 16 34 47 29 17 42 30 19 47 19 13 44 13 29 28 12 33 17 24 37 18 34 12 15 37 27 41 54 0
0 367
64 210
122 268
23 169
204 350
145 291
198 344
218 364
38 184
122 268
201 347
42 188
160 306
215 361
204 350
84 230
220 366
17 163
50 196
43 189
18 164
106 252
52 198
0 146
152 298
203 349
141 287
129 275
141 287
41 187
38 184
56 202
10 156
66 212
186 332
18 164
77 223
188 334
164 310
121 267
216 362
0
54
26
82
49
34
76
21
32
31
42
48
12
57
56
55
44
81
33
49
15
65
79
83
58
49
56
38
28
45
83
19
61
75
29
56
67
38
52
41
79
