41
1300
0 33 37 41 39 22 37 29 16 43 21 22 3 30 28 34 20 5 14 9 26 15 22 36 19 33 11 27 15 14 28 45 42 40 7 6 26 36 14 35 41
33 0 13 11 18 34 8 13 42 10 21 21 34 23 6 21 28 31 30 27 25 33 29 18 14 0 40 20 18 32 28 15 17 9 35 28 19 13 38 22 18
37 13 0 23 31 45 6 8 40 19 18 17 39 35 18 34 24 36 28 34 37 43 24 6 20 13 40 32 22 42 40 24 29 21 36 33 13 1 36 35 30
41 11 23 0 10 34 17 24 52 6 32 32 41 20 14 15 39 38 41 33 24 37 40 29 23 11 49 19 27 37 26 4 6 2 44 35 30 24 48 15 7
39 18 31 10 0 27 26 31 53 16 36 37 38 12 16 6 43 35 43 30 17 31 44 36 25 18 49 12 29 31 18 13 4 12 44 33 37 31 50 5 3
22 34 45 34 27 0 42 39 38 38 37 38 19 15 28 21 39 17 35 15 10 7 41 48 26 34 33 15 26 8 9 38 31 34 29 18 41 45 36 22 30
37 8 6 17 26 42 0 11 43 13 21 20 39 31 14 29 28 36 31 33 33 41 28 12 19 8 43 28 22 40 36 18 23 15 38 33 17 7 39 30 24
29 13 8 24 31 39 11 0 32 23 10 9 31 32 16 33 17 28 20 26 33 35 17 9 13 13 32 29 14 34 36 28 30 22 28 25 6 7 28 34 31
16 42 40 52 53 38 43 32 0 52 22 23 19 45 38 49 17 21 12 24 41 31 18 37 29 42 5 42 25 30 43 56 56 50 9 21 27 39 4 50 55
43 10 19 6 16 38 13 23 52 0 31 31 43 25 15 21 38 40 40 36 28 41 39 25 24 10 50 23 28 41 31 5 12 4 45 37 29 20 48 21 13
21 21 18 32 36 37 21 10 22 31 0 1 24 34 20 37 7 23 10 22 33 31 8 15 13 21 22 31 11 30 36 36 38 30 19 20 5 17 18 38 37
22 21 17 32 37 38 20 9 23 31 1 0 25 35 21 38 8 24 11 23 34 32 8 14 14 21 23 32 12 31 37 36 38 30 20 21 4 16 19 39 38
3 34 39 41 38 19 39 31 19 43 24 25 0 28 28 33 23 3 17 8 24 12 25 39 20 34 14 26 17 11 26 45 42 40 10 6 29 38 17 34 41
30 23 35 20 12 15 31 32 45 25 34 35 28 0 17 6 39 25 37 21 5 19 41 40 21 23 41 3 24 20 6 24 16 21 36 24 37 36 43 7 15
28 6 18 14 16 28 14 16 38 15 20 21 28 17 0 17 27 25 27 21 19 27 28 23 9 6 35 14 13 26 22 18 18 12 30 22 21 19 34 18 17
34 21 34 15 6 21 29 33 49 21 37 38 33 6 17 0 42 30 41 25 11 25 44 39 24 21 45 7 27 26 12 19 10 17 40 28 38 34 47 1 9
20 28 24 39 43 39 28 17 17 38 7 8 23 39 27 42 0 23 6 24 38 33 2 21 19 28 18 36 15 32 41 43 45 37 15 22 11 23 13 43 44
5 31 36 38 35 17 36 28 21 40 23 24 3 25 25 30 23 0 18 5 21 10 25 37 17 31 16 23 14 9 23 42 39 37 12 3 28 35 19 31 38
14 30 28 41 43 35 31 20 12 40 10 11 17 37 27 41 6 18 0 20 35 28 8 25 18 30 12 34 14 27 38 45 45 39 9 17 15 27 8 42 44
9 27 34 33 30 15 33 26 24 36 22 23 8 21 21 25 24 5 20 0 17 9 26 35 14 27 20 18 12 8 19 37 34 32 15 3 27 33 22 26 33
26 25 37 24 17 10 33 33 41 28 33 34 24 5 19 11 38 21 35 17 0 14 40 42 21 25 37 5 23 15 3 28 21 24 32 20 37 38 39 12 20
15 33 43 37 31 7 41 35 31 41 31 32 12 19 27 25 33 10 28 9 14 0 35 44 23 33 26 19 21 1 15 41 35 37 22 12 36 42 29 26 34
22 29 24 40 44 41 28 17 18 39 8 8 25 41 28 44 2 25 8 26 40 35 0 20 20 29 20 38 17 34 43 44 46 38 17 24 11 23 15 45 45
36 18 6 29 36 48 12 9 37 25 15 14 39 40 23 39 21 37 25 35 42 44 20 0 22 18 37 37 23 43 45 30 35 27 34 34 10 5 33 40 36
19 14 20 23 25 26 19 13 29 24 13 14 20 21 9 24 19 17 18 14 21 23 20 22 0 14 26 18 4 22 24 27 27 21 21 14 16 19 25 25 26
33 0 13 11 18 34 8 13 42 10 21 21 34 23 6 21 28 31 30 27 25 33 29 18 14 0 40 20 18 32 28 15 17 9 35 28 19 13 38 22 18
11 40 40 49 49 33 43 32 5 50 22 23 14 41 35 45 18 16 12 20 37 26 20 37 26 40 0 38 22 25 39 53 53 47 5 17 27 39 6 46 52
27 20 32 19 12 15 28 29 42 23 31 32 26 3 14 7 36 23 34 18 5 19 38 37 18 20 38 0 21 19 8 23 16 19 33 21 34 33 40 8 15
15 18 22 27 29 26 22 14 25 28 11 12 17 24 13 27 15 14 14 12 23 21 17 23 4 18 22 21 0 20 26 31 31 25 17 11 15 21 21 28 30
14 32 42 37 31 8 40 34 30 41 30 31 11 20 26 26 32 9 27 8 15 1 34 43 22 32 25 19 20 0 16 41 35 37 21 11 35 41 28 27 34
28 28 40 26 18 9 36 36 43 31 36 37 26 6 22 12 41 23 38 19 3 15 43 45 24 28 39 8 26 16 0 30 22 27 34 22 40 41 41 13 21
45 15 24 4 13 38 18 28 56 5 36 36 45 24 18 19 43 42 45 37 28 41 44 30 27 15 53 23 31 41 30 0 9 6 48 39 34 25 52 18 10
42 17 29 6 4 31 23 30 56 12 38 38 42 16 18 10 45 39 45 34 21 35 46 35 27 17 53 16 31 35 22 9 0 8 48 36 36 30 52 9 1
40 9 21 2 12 34 15 22 50 4 30 30 40 21 12 17 37 37 39 32 24 37 38 27 21 9 47 19 25 37 27 6 8 0 42 34 28 22 46 17 9
7 35 36 44 44 29 38 28 9 45 19 20 10 36 30 40 15 12 9 15 32 22 17 34 21 35 5 33 17 21 34 48 48 42 0 12 24 35 7 41 47
6 28 33 35 33 18 33 25 21 37 20 21 6 24 22 28 22 3 17 3 20 12 24 34 14 28 17 21 11 11 22 39 36 34 12 0 25 32 19 29 35
26 19 13 30 37 41 17 6 27 29 5 4 29 37 21 38 11 28 15 27 37 36 11 10 16 19 27 34 15 35 40 34 36 28 24 25 0 12 23 39 37
36 13 1 24 31 45 7 7 39 20 17 16 38 36 19 34 23 35 27 33 38 42 23 5 19 13 39 33 21 41 41 25 30 22 35 32 12 0 35 35 31
14 38 36 48 50 36 39 28 4 48 18 19 17 43 34 47 13 19 8 22 39 29 15 33 25 38 6 40 21 28 41 52 52 46 7 19 23 35 0 48 51
35 22 35 15 5 22 30 34 50 21 38 39 34 7 18 1 43 31 42 26 12 26 45 40 25 22 46 8 28 27 13 18 9 17 41 29 39 35 48 0 8
41 18 30 7 3 30 24 31 55 13 37 38 41 15 17 9 44 38 44 33 20 34 45 36 26 18 52 15 30 34 21 10 1 9 47 35 37 31 51 8 0
0 710
275 346
597 668
532 603
532 603
177 248
542 613
44 115
95 166
492 563
361 432
215 286
201 272
180 251
453 524
248 319
518 589
194 265
254 325
295 366
610 681
14 85
159 230
412 483
118 189
635 706
443 514
600 671
176 247
600 671
123 194
585 656
136 207
479 550
51 122
559 630
61 132
564 635
476 547
592 663
618 689
0
58
46
45
27
63
45
29
52
40
51
66
50
26
34
22
48
59
76
45
59
23
43
46
60
72
29
43
62
80
69
64
67
27
58
47
26
75
40
72
56
