41
1302
0 45 30 5 17 13 20 10 26 30 23 54 35 32 30 22 38 38 16 23 40 15 43 27 50 22 21 4 47 19 36 34 30 34 29 41 36 19 38 31 28
45 0 37 42 28 32 30 35 34 17 26 12 27 20 17 32 9 42 29 27 25 55 3 18 8 23 27 44 11 50 40 11 34 20 38 25 30 28 31 27 17
30 37 0 29 18 18 32 21 5 28 14 39 12 36 29 35 34 9 18 13 17 29 34 23 37 20 29 26 31 17 6 30 3 17 1 18 10 23 11 10 24
5 42 29 0 15 11 15 8 24 25 21 51 33 27 25 17 34 37 14 21 38 20 40 24 47 20 16 8 45 23 35 31 28 32 28 39 34 14 36 29 25
17 28 18 15 0 4 14 7 13 14 6 37 19 20 15 17 21 27 1 7 24 27 26 10 33 5 11 16 30 22 24 17 17 17 18 25 21 5 23 15 11
13 32 18 11 4 0 16 3 13 18 10 41 22 24 19 19 25 27 3 10 27 23 30 14 37 9 14 12 34 18 24 21 17 21 18 28 23 9 25 18 15
20 30 32 15 14 16 0 16 27 14 19 40 32 12 13 3 22 41 15 20 36 35 29 15 36 14 3 23 36 34 38 19 31 28 32 37 34 9 36 28 16
10 35 21 8 7 3 16 0 16 21 13 44 25 25 21 19 28 29 6 13 30 21 33 17 40 12 15 9 37 18 27 24 20 24 20 31 26 10 28 21 18
26 34 5 24 13 13 27 16 0 23 9 37 12 31 24 30 29 14 13 8 17 28 31 18 35 15 24 23 29 18 11 25 4 15 5 18 11 18 13 8 19
30 17 28 25 14 18 14 21 23 0 14 27 24 8 1 16 9 37 15 15 25 41 16 5 23 9 11 30 23 36 34 6 26 17 28 26 27 11 28 21 4
23 26 14 21 6 10 19 13 9 14 0 32 13 22 15 22 20 23 7 1 18 32 24 9 29 6 16 22 25 24 20 16 12 11 14 19 15 11 17 9 10
54 12 39 51 37 41 40 44 37 27 32 0 28 32 27 42 21 42 38 33 23 64 11 27 4 32 37 53 8 55 40 21 36 23 40 23 31 37 30 29 26
35 27 12 33 19 22 32 25 12 24 13 28 0 32 25 35 27 15 20 12 5 40 24 20 26 19 29 34 20 29 13 23 9 7 13 6 3 24 4 4 20
32 20 36 27 20 24 12 25 31 8 22 32 32 0 7 12 11 45 21 23 33 46 21 13 28 16 11 34 30 42 42 12 34 25 36 34 35 15 36 29 12
30 17 29 25 15 19 13 21 24 1 15 27 25 7 0 15 9 38 16 16 26 42 16 6 23 10 10 30 24 37 35 6 27 18 29 27 28 11 29 22 5
22 32 35 17 17 19 3 19 30 16 22 42 35 12 15 0 23 44 18 23 39 37 31 18 38 17 6 25 39 37 41 21 34 31 35 40 37 12 39 31 19
38 9 34 34 21 25 22 28 29 9 20 21 27 11 9 23 0 42 22 21 28 48 10 11 17 16 19 37 19 43 40 4 32 20 34 29 30 20 31 26 10
38 42 9 37 27 27 41 29 14 37 23 42 15 45 38 44 42 0 27 22 19 34 39 32 41 29 38 34 35 22 3 38 11 22 9 20 12 32 12 17 33
16 29 18 14 1 3 15 6 13 15 7 38 20 21 16 18 22 27 0 8 25 26 27 11 34 6 12 15 31 21 24 18 17 18 18 26 22 6 24 16 12
23 27 13 21 7 10 20 13 8 15 1 33 12 23 16 23 21 22 8 0 17 32 24 10 29 7 17 22 25 23 19 17 11 11 13 18 14 12 16 8 11
40 25 17 38 24 27 36 30 17 25 18 23 5 33 26 39 28 19 25 17 0 45 22 21 22 23 33 39 16 34 17 24 14 8 18 1 8 29 7 9 21
15 55 29 20 27 23 35 21 28 41 32 64 40 46 42 37 48 34 26 32 45 0 53 37 60 32 36 13 57 12 33 44 31 42 28 46 38 31 40 36 38
43 3 34 40 26 30 29 33 31 16 24 11 24 21 16 31 10 39 27 24 22 53 0 16 7 21 26 42 9 47 37 10 31 17 35 22 27 26 28 24 15
27 18 23 24 10 14 15 17 18 5 9 27 20 13 6 18 11 32 11 10 21 37 16 0 23 5 12 26 21 32 29 7 21 13 23 22 22 10 24 16 1
50 8 37 47 33 37 36 40 35 23 29 4 26 28 23 38 17 41 34 29 22 60 7 23 0 28 33 49 6 52 39 17 34 20 38 22 29 33 29 27 22
22 23 20 20 5 9 14 12 15 9 6 32 19 16 10 17 16 29 6 7 23 32 21 5 28 0 11 21 26 27 26 12 18 15 20 24 21 6 23 15 6
21 27 29 16 11 14 3 15 24 11 16 37 29 11 10 6 19 38 12 17 33 36 26 12 33 11 0 23 33 32 35 16 28 25 29 34 31 6 33 25 13
4 44 26 8 16 12 23 9 23 30 22 53 34 34 30 25 37 34 15 22 39 13 42 26 49 21 23 0 46 15 32 33 27 33 25 40 34 19 36 30 27
47 11 31 45 30 34 36 37 29 23 25 8 20 30 24 39 19 35 31 25 16 57 9 21 6 26 33 46 0 47 33 18 28 15 32 16 23 31 23 21 20
19 50 17 23 22 18 34 18 18 36 24 55 29 42 37 37 43 22 21 23 34 12 47 32 52 27 32 15 47 0 21 39 20 33 16 35 27 27 28 26 33
36 40 6 35 24 24 38 27 11 34 20 40 13 42 35 41 40 3 24 19 17 33 37 29 39 26 35 32 33 21 0 36 8 20 7 18 10 29 10 14 30
34 11 30 31 17 21 19 24 25 6 16 21 23 12 6 21 4 38 18 17 24 44 10 7 17 12 16 33 18 39 36 0 28 16 30 25 26 17 27 22 6
30 34 3 28 17 17 31 20 4 26 12 36 9 34 27 34 32 11 17 11 14 31 31 21 34 18 28 27 28 20 8 28 0 14 4 15 7 22 9 7 22
34 20 17 32 17 21 28 24 15 17 11 23 7 25 18 31 20 22 18 11 8 42 17 13 20 15 25 33 15 33 20 16 14 0 18 9 10 21 11 7 13
29 38 1 28 18 18 32 20 5 28 14 40 13 36 29 35 34 9 18 13 18 28 35 23 38 20 29 25 32 16 7 30 4 18 0 19 11 23 12 11 24
41 25 18 39 25 28 37 31 18 26 19 23 6 34 27 40 29 20 26 18 1 46 22 22 22 24 34 40 16 35 18 25 15 9 19 0 8 30 8 10 22
36 30 10 34 21 23 34 26 11 27 15 31 3 35 28 37 30 12 22 14 8 38 27 22 29 21 31 34 23 27 10 26 7 10 11 8 0 26 2 6 23
19 28 23 14 5 9 9 10 18 11 11 37 24 15 11 12 20 32 6 12 29 31 26 10 33 6 6 19 31 27 29 17 22 21 23 30 26 0 28 20 11
38 31 11 36 23 25 36 28 13 28 17 30 4 36 29 39 31 12 24 16 7 40 28 24 29 23 33 36 23 28 10 27 9 11 12 8 2 28 0 8 24
31 27 10 29 15 18 28 21 8 21 9 29 4 29 22 31 26 17 16 8 9 36 24 16 27 15 25 30 21 26 14 22 7 7 11 10 6 20 8 0 17
28 17 24 25 11 15 16 18 19 4 10 26 20 12 5 19 10 33 12 11 21 38 15 1 22 6 13 27 20 33 30 6 22 13 24 22 23 11 24 17 0
0 318
166 197
43 74
131 162
141 172
10 41
155 186
34 65
263 294
148 179
179 210
282 313
128 159
53 84
80 111
73 104
89 120
251 282
48 79
179 210
190 221
53 84
248 279
133 164
213 244
39 70
48 79
88 119
209 240
144 175
109 140
116 147
127 158
184 215
70 101
270 301
103 134
16 47
117 148
121 152
208 239
0
64
39
34
46
36
42
36
35
35
63
66
23
59
62
73
63
28
44
58
49
73
22
25
66
51
58
55
43
49
31
77
84
41
56
55
32
87
71
36
35
