41
1302
0 22 30 20 9 21 26 19 15 10 30 20 12 15 12 26 26 11 18 22 23 30 18 5 19 13 26 7 14 16 10 31 31 14 17 31 16 22 24 14 20
22 0 27 42 28 11 22 29 37 13 12 30 34 26 28 4 7 26 40 19 15 11 33 26 39 11 7 29 8 6 18 15 9 34 8 9 38 32 8 30 42
30 27 0 44 39 16 5 15 39 23 23 49 36 44 42 27 22 41 41 42 12 38 21 29 31 28 22 36 23 23 35 42 35 28 21 28 39 51 20 44 44
20 42 44 0 17 41 42 29 6 30 50 27 9 25 20 46 46 21 3 37 42 48 24 18 16 32 46 13 34 36 27 49 50 16 37 51 5 27 44 19 0
9 28 39 17 0 29 35 28 15 18 37 12 13 8 3 32 33 4 17 20 31 31 26 13 24 17 33 7 21 23 10 32 34 20 24 37 15 13 31 5 17
21 11 16 41 29 0 11 20 36 11 10 35 33 30 31 11 6 29 39 27 4 22 26 24 34 14 6 28 9 8 21 26 19 30 6 12 37 37 4 33 41
26 22 5 42 35 11 0 14 36 18 18 44 33 39 38 22 17 36 39 37 7 33 20 25 30 23 17 32 18 18 30 37 30 27 16 23 37 46 15 40 42
19 29 15 29 28 20 14 0 24 17 30 39 21 34 31 31 26 30 26 38 18 39 6 15 16 24 26 22 21 23 27 42 38 13 21 32 24 41 24 33 29
15 37 39 6 15 36 36 24 0 25 45 26 3 23 18 41 41 19 3 34 36 43 19 12 12 27 41 8 29 31 22 44 45 11 32 46 1 27 39 18 6
10 13 23 30 18 11 18 17 25 0 20 26 22 21 20 17 16 18 28 21 13 23 20 13 26 7 16 17 5 7 12 26 22 21 7 22 26 28 14 22 30
30 12 23 50 37 10 18 30 45 20 0 42 42 37 38 8 5 36 48 31 12 19 36 33 44 21 5 37 16 15 28 23 15 40 13 6 46 44 6 40 50
20 30 49 27 12 35 44 39 26 26 42 0 25 5 9 34 37 9 28 14 39 29 38 25 36 21 37 19 26 27 14 27 34 32 29 39 26 2 36 8 27
12 34 36 9 13 33 33 21 3 22 42 25 0 21 16 38 38 17 6 32 33 41 17 9 11 25 38 6 26 28 20 42 43 9 29 43 4 26 36 17 9
15 26 44 25 8 30 39 34 23 21 37 5 21 0 6 30 32 4 25 12 34 27 33 20 32 16 32 15 21 22 9 25 30 28 24 35 23 7 31 6 25
12 28 42 20 3 31 38 31 18 20 38 9 16 6 0 32 33 2 20 18 33 30 29 16 27 17 33 10 22 23 10 30 33 23 25 37 18 10 32 2 20
26 4 27 46 32 11 22 31 41 17 8 34 38 30 32 0 5 30 44 23 15 11 35 30 42 15 5 33 12 10 22 15 8 37 10 5 42 36 7 34 46
26 7 22 46 33 6 17 26 41 16 5 37 38 32 33 5 0 31 44 26 10 16 32 29 40 16 0 33 12 10 23 20 13 36 9 6 42 39 2 35 46
11 26 41 21 4 29 36 30 19 18 36 9 17 4 2 30 31 0 21 16 31 28 29 16 28 15 31 11 20 21 8 28 31 24 23 35 19 11 30 4 21
18 40 41 3 17 39 39 26 3 28 48 28 6 25 20 44 44 21 0 37 39 46 21 15 13 30 44 11 32 34 25 47 48 13 35 49 2 28 42 20 3
22 19 42 37 20 27 37 38 34 21 31 14 32 12 18 23 26 16 37 0 31 15 40 27 41 14 26 26 19 19 12 13 20 36 21 27 35 16 27 18 37
23 15 12 42 31 4 7 18 36 13 12 39 33 34 33 15 10 31 39 31 0 26 24 24 33 18 10 30 13 12 25 30 23 29 10 16 37 41 8 35 42
30 11 38 48 31 22 33 39 43 23 19 29 41 27 30 11 16 28 46 15 26 0 43 34 48 17 16 35 18 16 21 4 5 43 18 14 44 31 18 32 48
18 33 21 24 26 26 20 6 19 20 36 38 17 33 29 35 32 29 21 40 24 43 0 13 10 27 32 20 25 27 28 46 42 8 25 38 19 39 30 31 24
5 26 29 18 13 24 25 15 12 13 33 25 9 20 16 30 29 16 15 27 24 34 13 0 14 17 29 7 18 20 15 36 35 9 20 35 13 26 27 18 18
19 39 31 16 24 34 30 16 12 26 44 36 11 32 27 42 40 28 13 41 33 48 10 14 0 31 40 17 31 33 29 50 48 5 32 46 12 37 38 28 16
13 11 28 32 17 14 23 24 27 7 21 21 25 16 17 15 16 15 30 14 18 17 27 17 31 0 16 19 5 6 7 19 18 26 8 20 28 23 15 19 32
26 7 22 46 33 6 17 26 41 16 5 37 38 32 33 5 0 31 44 26 10 16 32 29 40 16 0 33 12 10 23 20 13 36 9 6 42 39 2 35 46
7 29 36 13 7 28 32 22 8 17 37 19 6 15 10 33 33 11 11 26 30 35 20 7 17 19 33 0 21 23 14 36 37 13 24 38 9 20 31 12 13
14 8 23 34 21 9 18 21 29 5 16 26 26 21 22 12 12 20 32 19 13 18 25 18 31 5 12 21 0 2 12 21 17 26 3 17 30 28 10 24 34
16 6 23 36 23 8 18 23 31 7 15 27 28 22 23 10 10 21 34 19 12 16 27 20 33 6 10 23 2 0 13 20 15 28 2 15 32 29 9 25 36
10 18 35 27 10 21 30 27 22 12 28 14 20 9 10 22 23 8 25 12 25 21 28 15 29 7 23 14 12 13 0 22 24 24 15 27 23 16 22 12 27
31 15 42 49 32 26 37 42 44 26 23 27 42 25 30 15 20 28 47 13 30 4 46 36 50 19 20 36 21 20 22 0 9 45 22 18 45 29 22 31 49
31 9 35 50 34 19 30 38 45 22 15 34 43 30 33 8 13 31 48 20 23 5 42 35 48 18 13 37 17 15 24 9 0 43 17 9 46 36 15 35 50
14 34 28 16 20 30 27 13 11 21 40 32 9 28 23 37 36 24 13 36 29 43 8 9 5 26 36 13 26 28 24 45 43 0 27 42 11 33 34 25 16
17 8 21 37 24 6 16 21 32 7 13 29 29 24 25 10 9 23 35 21 10 18 25 20 32 8 9 24 3 2 15 22 17 27 0 15 33 31 7 27 37
31 9 28 51 37 12 23 32 46 22 6 39 43 35 37 5 6 35 49 27 16 14 38 35 46 20 6 38 17 15 27 18 9 42 15 0 47 41 8 39 51
16 38 39 5 15 37 37 24 1 26 46 26 4 23 18 42 42 19 2 35 37 44 19 13 12 28 42 9 30 32 23 45 46 11 33 47 0 27 40 18 5
22 32 51 27 13 37 46 41 27 28 44 2 26 7 10 36 39 11 28 16 41 31 39 26 37 23 39 20 28 29 16 29 36 33 31 41 27 0 38 9 27
24 8 20 44 31 4 15 24 39 14 6 36 36 31 32 7 2 30 42 27 8 18 30 27 38 15 2 31 10 9 22 22 15 34 7 8 40 38 0 34 44
14 30 44 19 5 33 40 33 18 22 40 8 17 6 2 34 35 4 20 18 35 32 31 18 28 19 35 12 24 25 12 31 35 25 27 39 18 9 34 0 19
20 42 44 0 17 41 42 29 6 30 50 27 9 25 20 46 46 21 3 37 42 48 24 18 16 32 46 13 34 36 27 49 50 16 37 51 5 27 44 19 0
0 391
129 246
234 351
63 180
157 274
8 125
243 360
10 127
59 176
249 366
34 151
176 293
54 171
43 160
157 274
61 178
150 267
198 315
59 176
48 165
169 286
227 344
94 211
97 214
162 279
3 120
39 156
40 157
115 232
6 123
2 119
187 304
27 144
157 274
20 137
228 345
152 269
165 282
164 281
152 269
128 245
0
40
37
48
41
53
54
31
54
68
27
22
76
15
51
75
64
63
28
85
33
49
25
61
80
46
59
37
20
69
65
52
30
48
82
55
59
44
47
40
69
