41
1300
0 24 1 12 7 25 14 22 15 16 18 35 12 10 19 9 7 21 34 31 15 16 17 13 2 24 23 14 25 17 10 21 28 22 13 13 22 10 12 18 21
24 0 23 29 28 47 36 44 32 10 13 29 30 14 41 32 18 7 11 33 34 38 36 32 23 10 45 30 45 11 18 7 9 30 34 15 35 28 18 34 31
1 23 0 13 8 26 15 23 15 15 17 35 12 9 20 9 6 20 33 31 16 16 18 13 1 23 24 15 26 16 9 20 27 22 14 12 21 11 11 19 20
12 29 13 0 5 18 10 18 27 25 17 26 24 19 15 17 13 22 40 19 5 24 7 24 14 24 16 2 16 18 22 22 29 10 6 14 34 2 24 6 33
7 28 8 5 0 19 8 16 22 22 18 30 19 16 13 12 10 22 39 24 8 19 10 19 9 25 17 7 18 18 17 22 29 15 6 14 29 3 19 11 28
25 47 26 18 19 0 11 8 33 41 35 41 31 35 6 23 29 40 58 31 13 27 12 30 27 42 2 18 3 36 35 40 47 23 14 32 40 19 37 14 42
14 36 15 10 8 11 0 8 23 30 26 36 21 24 5 13 18 30 47 27 6 19 6 20 16 33 9 11 11 26 24 30 37 19 4 22 30 10 26 10 32
22 44 23 18 16 8 8 0 27 38 34 42 26 32 3 18 26 38 55 32 13 20 11 24 24 41 6 17 9 34 32 38 45 24 12 30 34 18 34 15 36
15 32 15 27 22 33 23 27 0 22 31 49 3 20 27 10 20 33 41 46 27 9 29 3 14 36 31 29 34 30 14 33 40 37 25 26 7 25 14 32 9
16 10 15 25 22 41 30 38 22 0 17 35 20 6 35 24 12 14 19 36 29 28 31 22 15 17 39 27 40 13 8 14 19 31 28 14 25 23 8 31 21
18 13 17 17 18 35 26 34 31 17 0 18 28 14 31 26 11 6 24 20 22 33 24 29 17 7 33 18 33 4 21 6 12 17 22 5 37 16 22 22 35
35 29 35 26 30 41 36 42 49 35 18 0 46 32 39 42 29 22 37 11 30 49 31 47 35 19 40 25 38 22 39 22 22 18 32 23 55 27 40 27 53
12 30 12 24 19 31 21 26 3 20 28 46 0 18 25 8 17 31 39 43 25 8 27 2 11 34 29 26 32 27 12 31 38 34 23 23 10 22 13 30 11
10 14 9 19 16 35 24 32 20 6 14 32 18 0 29 18 6 13 24 31 23 24 25 20 9 16 33 21 34 10 7 13 20 25 22 9 24 17 8 25 21
19 41 20 15 13 6 5 3 27 35 31 39 25 29 0 17 23 35 52 29 10 21 8 24 21 38 4 14 7 31 29 35 42 21 9 27 34 15 31 12 36
9 32 9 17 12 23 13 18 10 24 26 42 8 18 17 0 15 29 42 36 17 7 19 7 9 32 21 19 24 25 16 29 36 27 15 21 17 15 17 22 19
7 18 6 13 10 29 18 26 20 12 11 29 17 6 23 15 0 14 29 27 17 22 19 18 6 17 27 15 28 10 11 14 21 20 16 6 26 11 13 19 25
21 7 20 22 22 40 30 38 33 14 6 22 31 13 35 29 14 0 18 26 27 36 29 32 20 3 38 23 38 4 20 0 7 23 27 8 37 21 21 27 34
34 11 33 40 39 58 47 55 41 19 24 37 39 24 52 42 29 18 0 42 45 47 47 41 33 18 56 41 56 22 27 18 15 41 45 26 42 39 27 45 38
31 33 31 19 24 31 27 32 46 36 20 11 43 31 29 36 27 26 42 0 22 43 21 43 32 24 30 17 28 24 38 26 29 9 24 22 52 21 39 17 51
15 34 16 5 8 13 6 13 27 29 22 30 25 23 10 17 17 27 45 22 0 23 2 24 17 29 11 5 11 23 25 27 34 13 2 19 34 6 27 5 36
16 38 16 24 19 27 19 20 9 28 33 49 8 24 21 7 22 36 47 43 23 0 25 6 16 39 25 26 28 32 20 36 43 34 21 28 15 22 21 28 18
17 36 18 7 10 12 6 11 29 31 24 31 27 25 8 19 19 29 47 21 2 25 0 26 19 31 10 6 9 25 27 29 36 13 4 21 36 8 29 4 38
13 32 13 24 19 30 20 24 3 22 29 47 2 20 24 7 18 32 41 43 24 6 26 0 12 35 28 26 31 28 14 32 39 34 22 24 10 22 15 29 12
2 23 1 14 9 27 16 24 14 15 17 35 11 9 21 9 6 20 33 32 17 16 19 12 0 23 25 16 27 16 8 20 27 23 15 12 20 12 10 20 19
24 10 23 24 25 42 33 41 36 17 7 19 34 16 38 32 17 3 18 24 29 39 31 35 23 0 40 25 40 7 23 3 5 23 29 11 40 23 24 29 37
23 45 24 16 17 2 9 6 31 39 33 40 29 33 4 21 27 38 56 30 11 25 10 28 25 40 0 16 3 34 33 38 45 22 12 30 38 17 35 13 40
14 30 15 2 7 18 11 17 29 27 18 25 26 21 14 19 15 23 41 17 5 26 6 26 16 25 16 0 15 19 24 23 30 8 7 15 36 4 26 4 35
25 45 26 16 18 3 11 9 34 40 33 38 32 34 7 24 28 38 56 28 11 28 9 31 27 40 3 15 0 34 35 38 45 20 12 30 41 17 37 11 43
17 11 16 18 18 36 26 34 30 13 4 22 27 10 31 25 10 4 22 24 23 32 25 28 16 7 34 19 34 0 17 4 11 20 23 4 34 17 18 23 31
10 18 9 22 17 35 24 32 14 8 21 39 12 7 29 16 11 20 27 38 25 20 27 14 8 23 33 24 35 17 0 20 27 31 23 16 17 20 2 28 14
21 7 20 22 22 40 30 38 33 14 6 22 31 13 35 29 14 0 18 26 27 36 29 32 20 3 38 23 38 4 20 0 7 23 27 8 37 21 21 27 34
28 9 27 29 29 47 37 45 40 19 12 22 38 20 42 36 21 7 15 29 34 43 36 39 27 5 45 30 45 11 27 7 0 28 34 15 44 28 27 34 40
22 30 22 10 15 23 19 24 37 31 17 18 34 25 21 27 20 23 41 9 13 34 13 34 23 23 22 8 20 20 31 23 28 0 15 17 43 12 33 9 42
13 34 14 6 6 14 4 12 25 28 22 32 23 22 9 15 16 27 45 24 2 21 4 22 15 29 12 7 12 23 23 27 34 15 0 19 32 6 25 7 34
13 15 12 14 14 32 22 30 26 14 5 23 23 9 27 21 6 8 26 22 19 28 21 24 12 11 30 15 30 4 16 8 15 17 19 0 32 13 17 19 30
22 35 21 34 29 40 30 34 7 25 37 55 10 24 34 17 26 37 42 52 34 15 36 10 20 40 38 36 41 34 17 37 44 43 32 32 0 32 17 39 5
10 28 11 2 3 19 10 18 25 23 16 27 22 17 15 15 11 21 39 21 6 22 8 22 12 23 17 4 17 17 20 21 28 12 6 13 32 0 22 8 31
12 18 11 24 19 37 26 34 14 8 22 40 13 8 31 17 13 21 27 39 27 21 29 15 10 24 35 26 37 18 2 21 27 33 25 17 17 22 0 30 13
18 34 19 6 11 14 10 15 32 31 22 27 30 25 12 22 19 27 45 17 5 28 4 29 20 29 13 4 11 23 28 27 34 9 7 19 39 8 30 0 39
21 31 20 33 28 42 32 36 9 21 35 53 11 21 36 19 25 34 38 51 36 18 38 12 19 37 40 35 43 31 14 34 40 42 34 30 5 31 13 39 0
0 612
262 506
131 375
192 436
322 566
126 370
68 312
280 524
152 396
344 588
108 352
34 278
214 458
36 280
358 602
123 367
347 591
352 596
199 443
168 412
247 491
280 524
78 322
171 415
210 454
122 366
318 562
52 296
193 437
365 609
288 532
34 278
77 321
306 550
171 415
86 330
16 260
347 591
90 334
94 338
37 281
0
26
80
60
33
22
80
87
49
39
27
32
80
13
73
79
19
42
47
42
58
64
37
72
84
23
58
43
16
72
53
69
30
59
81
45
36
68
39
24
38
