41
1300
0 33 40 11 11 25 10 13 6 16 22 15 10 28 12 18 36 18 9 16 23 33 8 37 31 30 4 39 33 32 14 41 8 11 8 15 20 15 19 14 7
33 0 15 31 27 36 32 25 27 45 36 48 41 19 21 37 17 31 28 25 15 1 37 7 20 4 32 11 2 1 43 16 26 42 36 47 52 44 51 20 38
40 15 0 42 30 30 35 36 34 55 49 52 49 33 28 50 4 44 38 38 28 14 40 8 35 14 40 4 13 14 46 1 32 50 39 55 60 54 59 26 46
11 31 42 0 18 35 21 6 12 14 11 23 11 19 14 8 39 7 4 7 16 31 19 35 22 28 7 39 31 30 25 43 14 11 19 17 22 13 21 17 9
11 27 30 18 0 17 5 16 6 27 29 22 21 28 8 26 26 24 14 21 20 27 10 29 31 23 13 30 26 26 16 31 4 22 9 26 31 26 30 7 18
25 36 30 35 17 0 15 33 23 41 46 30 35 43 24 43 26 41 31 38 35 36 19 34 46 32 29 33 35 35 20 31 21 36 18 37 42 40 41 21 32
10 32 35 21 5 15 0 19 9 26 32 17 20 33 13 28 31 27 17 24 25 32 5 34 36 28 14 35 31 31 11 36 8 21 4 23 28 25 27 12 17
13 25 36 6 16 33 19 0 10 20 14 27 17 15 9 14 33 9 4 5 10 25 21 29 18 22 9 33 25 24 27 37 12 17 20 23 28 19 27 12 15
6 27 34 12 6 23 9 10 0 22 23 21 16 25 6 20 30 18 8 15 18 27 11 31 28 24 7 33 27 26 17 35 2 17 10 21 26 21 25 8 13
16 45 55 14 27 41 26 20 22 0 16 19 6 32 27 10 51 16 17 21 30 45 23 49 34 42 15 53 45 44 27 56 24 5 24 9 11 1 10 29 9
22 36 49 11 29 46 32 14 23 16 0 32 18 18 23 6 47 5 15 11 21 36 30 41 20 35 18 45 36 35 36 50 25 17 30 23 27 16 26 26 19
15 48 52 23 22 30 17 27 21 19 32 0 14 42 27 26 48 30 23 30 37 48 12 51 45 44 18 52 47 47 10 53 22 15 13 10 13 18 12 28 14
10 41 49 11 21 35 20 17 16 6 18 14 0 30 21 12 45 16 13 18 27 41 17 45 33 38 9 48 41 40 21 50 18 1 18 7 11 5 10 23 3
28 19 33 19 28 43 33 15 25 32 18 42 30 0 20 22 34 16 19 12 8 20 36 25 3 20 24 29 20 19 42 34 25 30 35 36 41 32 40 22 28
12 21 28 14 8 24 13 9 6 27 23 27 21 20 0 22 25 18 10 14 12 21 16 25 23 18 12 27 21 20 22 29 5 22 15 27 32 26 31 3 18
18 37 50 8 26 43 28 14 20 10 6 26 12 22 22 0 47 6 12 12 22 37 26 42 24 36 14 46 37 36 32 51 22 11 26 17 21 10 20 25 13
36 17 4 39 26 26 31 33 30 51 47 48 45 34 25 47 0 42 35 37 28 16 36 10 36 14 36 7 15 16 42 5 28 46 35 51 56 50 55 22 42
18 31 44 7 24 41 27 9 18 16 5 30 16 16 18 6 42 0 10 6 16 31 26 36 18 30 14 40 31 30 32 45 20 16 26 22 27 16 26 21 16
9 28 38 4 14 31 17 4 8 17 15 23 13 19 10 12 35 10 0 7 14 29 17 33 22 26 5 37 29 28 23 39 10 14 17 20 24 16 23 13 11
16 25 38 7 21 38 24 5 15 21 11 30 18 12 14 12 37 6 7 0 10 25 24 30 15 24 12 34 25 24 30 39 17 18 24 24 29 20 28 17 16
23 15 28 16 20 35 25 10 18 30 21 37 27 8 12 22 28 16 14 10 0 15 28 20 11 14 19 24 15 14 34 29 17 27 27 33 38 29 37 14 25
33 1 14 31 27 36 32 25 27 45 36 48 41 20 21 37 16 31 29 25 15 0 37 6 21 4 32 10 1 1 43 15 26 42 36 47 52 44 51 20 38
8 37 40 19 10 19 5 21 11 23 30 12 17 36 16 26 36 26 17 24 28 37 0 39 39 33 12 40 36 36 6 41 11 18 1 18 23 22 22 17 14
37 7 8 35 29 34 34 29 31 49 41 51 45 25 25 42 10 36 33 30 20 6 39 0 27 7 36 4 5 6 45 9 29 46 38 51 56 48 55 23 42
31 20 35 22 31 46 36 18 28 34 20 45 33 3 23 24 36 18 22 15 11 21 39 27 0 22 27 31 22 21 45 36 28 33 38 39 44 34 43 25 31
30 4 14 28 23 32 28 22 24 42 35 44 38 20 18 36 14 30 26 24 14 4 33 7 22 0 29 11 3 3 39 15 22 39 32 44 49 41 48 16 35
4 32 40 7 13 29 14 9 7 15 18 18 9 24 12 14 36 14 5 12 19 32 12 36 27 29 0 39 32 31 18 41 9 10 12 15 20 14 19 14 6
39 11 4 39 30 33 35 33 33 53 45 52 48 29 27 46 7 40 37 34 24 10 40 4 31 11 39 0 9 10 46 5 31 49 39 54 59 52 58 25 45
33 2 13 31 26 35 31 25 27 45 36 47 41 20 21 37 15 31 29 25 15 1 36 5 22 3 32 9 0 1 42 14 25 42 35 47 52 44 51 19 38
32 1 14 30 26 35 31 24 26 44 35 47 40 19 20 36 16 30 28 24 14 1 36 6 21 3 31 10 1 0 42 15 25 41 35 46 51 43 50 19 37
14 43 46 25 16 20 11 27 17 27 36 10 21 42 22 32 42 32 23 30 34 43 6 45 45 39 18 46 42 42 0 47 17 22 7 20 23 26 22 23 19
41 16 1 43 31 31 36 37 35 56 50 53 50 34 29 51 5 45 39 39 29 15 41 9 36 15 41 5 14 15 47 0 33 51 40 56 61 55 60 27 47
8 26 32 14 4 21 8 12 2 24 25 22 18 25 5 22 28 20 10 17 17 26 11 29 28 22 9 31 25 25 17 33 0 19 10 23 28 23 27 6 15
11 42 50 11 22 36 21 17 17 5 17 15 1 30 22 11 46 16 14 18 27 42 18 46 33 39 10 49 42 41 22 51 19 0 19 6 11 4 10 24 4
8 36 39 19 9 18 4 20 10 24 30 13 18 35 15 26 35 26 17 24 27 36 1 38 38 32 12 39 35 35 7 40 10 19 0 19 24 23 23 16 15
15 47 55 17 26 37 23 23 21 9 23 10 7 36 27 17 51 22 20 24 33 47 18 51 39 44 15 54 47 46 20 56 23 6 19 0 5 8 4 29 9
20 52 60 22 31 42 28 28 26 11 27 13 11 41 32 21 56 27 24 29 38 52 23 56 44 49 20 59 52 51 23 61 28 11 24 5 0 11 1 34 14
15 44 54 13 26 40 25 19 21 1 16 18 5 32 26 10 50 16 16 20 29 44 22 48 34 41 14 52 44 43 26 55 23 4 23 8 11 0 10 28 8
19 51 59 21 30 41 27 27 25 10 26 12 10 40 31 20 55 26 23 28 37 51 22 55 43 48 19 58 51 50 22 60 27 10 23 4 1 10 0 33 13
14 20 26 17 7 21 12 12 8 29 26 28 23 22 3 25 22 21 13 17 14 20 17 23 25 16 14 25 19 19 23 27 6 24 16 29 34 28 33 0 20
7 38 46 9 18 32 17 15 13 9 19 14 3 28 18 13 42 16 11 16 25 38 14 42 31 35 6 45 38 37 19 47 15 4 15 9 14 8 13 20 0
0 636
229 356
442 569
12 139
261 388
298 425
93 220
401 528
399 526
288 415
410 537
503 630
319 446
10 137
448 575
212 339
172 299
135 262
264 391
352 479
57 184
251 378
271 398
353 480
358 485
210 337
23 150
289 416
91 218
150 277
409 536
174 301
218 345
132 259
453 580
406 533
486 613
101 228
181 308
431 558
417 544
0
53
27
43
68
46
24
74
41
41
53
43
73
51
60
84
67
25
16
42
20
79
70
43
25
72
32
72
51
51
51
46
50
28
35
26
85
48
71
39
75
