41
1300
0 23 22 12 9 9 25 39 8 22 21 3 29 25 10 41 33 26 27 39 31 13 35 33 17 16 6 10 31 12 33 30 6 5 15 38 22 28 19 5 25
23 0 14 18 21 32 8 39 17 36 11 20 19 27 15 44 36 40 38 38 37 32 22 46 18 29 21 32 31 21 52 8 20 28 30 34 14 41 41 27 26
22 14 0 10 25 30 8 25 21 26 3 19 7 13 12 30 22 27 25 24 23 25 13 33 7 19 16 32 17 27 42 16 16 26 20 20 0 28 34 23 12
12 18 10 0 18 20 16 28 14 18 10 10 17 15 5 32 24 22 21 28 23 15 23 29 5 11 6 22 20 20 34 24 6 16 12 27 10 24 24 13 14
9 21 25 18 0 15 25 46 4 31 23 8 32 33 13 49 41 35 35 46 39 22 38 42 22 24 14 12 38 3 41 29 13 11 24 44 25 37 27 14 32
9 32 30 20 15 0 34 44 16 22 30 12 37 31 19 44 37 26 28 45 33 12 43 33 25 18 14 6 37 18 28 39 14 4 17 44 30 28 14 7 31
25 8 8 16 25 34 0 32 21 32 6 22 11 21 15 37 30 35 33 30 31 31 14 41 13 25 21 35 24 27 48 8 20 30 26 26 8 36 40 27 20
39 39 25 28 46 44 32 0 42 24 28 38 21 14 33 6 7 21 18 2 12 33 21 22 24 26 33 48 8 48 36 39 34 42 27 7 25 20 38 38 14
8 17 21 14 4 16 21 42 0 28 19 5 28 29 9 46 38 32 32 42 36 21 34 39 18 21 11 15 34 6 41 25 10 12 21 40 21 34 27 13 28
22 36 26 18 31 22 32 24 28 0 26 23 30 16 23 23 17 4 6 26 12 10 35 11 19 7 17 28 21 34 16 40 18 22 7 28 26 6 14 18 17
21 11 3 10 23 30 6 28 19 26 0 18 9 16 11 33 25 29 27 27 26 25 15 35 7 19 16 31 20 25 42 14 16 26 20 23 3 30 34 23 15
3 20 19 10 8 12 22 38 5 23 18 0 26 25 7 41 33 27 27 38 31 16 32 34 15 16 6 13 30 11 36 27 5 8 16 37 19 29 22 8 24
29 19 7 17 32 37 11 21 28 30 9 26 0 14 19 27 21 29 26 20 24 31 6 34 13 24 23 39 15 34 45 18 23 33 25 15 7 29 39 30 13
25 27 13 15 33 31 21 14 29 16 16 25 14 0 20 17 9 15 12 14 10 20 19 20 11 13 19 35 6 35 31 29 20 29 14 13 13 15 28 25 1
10 15 12 5 13 19 15 33 9 23 11 7 19 20 0 37 29 27 26 33 28 17 25 34 9 16 6 20 25 15 37 22 5 15 16 31 12 29 26 12 19
41 44 30 32 49 44 37 6 46 23 33 41 27 17 37 0 8 20 17 8 11 33 27 18 28 26 35 48 13 52 34 45 36 42 27 13 30 19 37 38 18
33 36 22 24 41 37 30 7 38 17 25 33 21 9 29 8 0 14 11 9 5 26 23 15 20 19 27 41 6 44 29 38 28 35 20 12 22 13 31 31 10
26 40 27 22 35 26 35 21 32 4 29 27 29 15 27 20 14 0 3 23 9 14 34 7 22 11 21 32 18 38 16 43 22 26 11 25 27 2 18 22 16
27 38 25 21 35 28 33 18 32 6 27 27 26 12 26 17 11 3 0 20 6 16 31 8 20 11 21 33 15 38 19 41 22 27 12 22 25 3 20 23 13
39 38 24 28 46 45 30 2 42 26 27 38 20 14 33 8 9 23 20 0 14 34 19 24 24 27 33 49 8 48 38 38 34 43 28 5 24 22 40 39 14
31 37 23 23 39 33 31 12 36 12 26 31 24 10 28 11 5 9 6 14 0 22 28 10 20 15 25 37 11 42 24 39 26 31 16 17 23 8 26 27 11
13 32 25 15 22 12 31 33 21 10 25 16 31 20 17 33 26 14 16 34 22 0 37 21 18 7 11 18 26 25 20 39 12 12 6 33 25 16 9 8 20
35 22 13 23 38 43 14 21 34 35 15 32 6 19 25 27 23 34 31 19 28 37 0 38 19 30 29 45 17 40 50 19 29 39 31 14 13 34 45 36 18
33 46 33 29 42 33 41 22 39 11 35 34 34 20 34 18 15 7 8 24 10 21 38 0 28 18 28 39 21 45 16 49 29 33 18 27 33 5 23 29 21
17 18 7 5 22 25 13 24 18 19 7 15 13 11 9 28 20 22 20 24 20 18 19 28 0 12 11 27 16 24 35 21 11 21 13 22 7 23 27 18 10
16 29 19 11 24 18 25 26 21 7 19 16 24 13 16 26 19 11 11 27 15 7 30 18 12 0 10 22 19 27 23 33 11 16 1 26 19 13 15 12 13
6 21 16 6 14 14 21 33 11 17 16 6 23 19 6 35 27 21 21 33 25 11 29 28 11 10 0 16 25 17 31 28 1 10 10 32 16 23 20 7 19
10 32 32 22 12 6 35 48 15 28 31 13 39 35 20 48 41 32 33 49 37 18 45 39 27 22 16 0 41 14 34 40 16 6 21 48 32 34 20 10 35
31 31 17 20 38 37 24 8 34 21 20 30 15 6 25 13 6 18 15 8 11 26 17 21 16 19 25 41 0 40 34 32 26 35 20 7 17 18 34 31 6
12 21 27 20 3 18 27 48 6 34 25 11 34 35 15 52 44 38 38 48 42 25 40 45 24 27 17 14 40 0 44 29 16 14 27 46 27 40 30 17 34
33 52 42 34 41 28 48 36 41 16 42 36 45 31 37 34 29 16 19 38 24 20 50 16 35 23 31 34 34 44 0 56 32 30 22 41 42 16 14 28 32
30 8 16 24 29 39 8 39 25 40 14 27 18 29 22 45 38 43 41 38 39 39 19 49 21 33 28 40 32 29 56 0 27 35 34 33 16 44 48 34 28
6 20 16 6 13 14 20 34 10 18 16 5 23 20 5 36 28 22 22 34 26 12 29 29 11 11 1 16 26 16 32 27 0 10 11 33 16 24 21 7 20
5 28 26 16 11 4 30 42 12 22 26 8 33 29 15 42 35 26 27 43 31 12 39 33 21 16 10 6 35 14 30 35 10 0 15 42 26 28 16 4 29
15 30 20 12 24 17 26 27 21 7 20 16 25 14 16 27 20 11 12 28 16 6 31 18 13 1 10 21 20 27 22 34 11 15 0 27 20 13 14 11 14
38 34 20 27 44 44 26 7 40 28 23 37 15 13 31 13 12 25 22 5 17 33 14 27 22 26 32 48 7 46 41 33 33 42 27 0 20 25 41 38 13
22 14 0 10 25 30 8 25 21 26 3 19 7 13 12 30 22 27 25 24 23 25 13 33 7 19 16 32 17 27 42 16 16 26 20 20 0 28 34 23 12
28 41 28 24 37 28 36 20 34 6 30 29 29 15 29 19 13 2 3 22 8 16 34 5 23 13 23 34 18 40 16 44 24 28 13 25 28 0 19 24 16
19 41 34 24 27 14 40 38 27 14 34 22 39 28 26 37 31 18 20 40 26 9 45 23 27 15 20 20 34 30 14 48 21 16 14 41 34 19 0 14 28
5 27 23 13 14 7 27 38 13 18 23 8 30 25 12 38 31 22 23 39 27 8 36 29 18 12 7 10 31 17 28 34 7 4 11 38 23 24 14 0 25
25 26 12 14 32 31 20 14 28 17 15 24 13 1 19 18 10 16 13 14 11 20 18 21 10 13 19 35 6 34 32 28 20 29 14 13 12 16 28 25 0
0 489
278 278
462 462
393 393
166 166
375 375
339 339
122 122
27 27
177 177
415 415
285 285
345 345
184 184
462 462
215 215
200 200
237 237
255 255
459 459
150 150
371 371
193 193
251 251
395 395
52 52
367 367
273 273
81 81
350 350
35 35
21 21
469 469
451 451
116 116
89 89
201 201
334 334
46 46
125 125
183 183
0
44
24
59
78
42
30
42
34
51
36
66
43
44
67
53
61
33
53
61
59
77
79
69
36
57
68
27
37
60
24
57
45
58
57
48
36
40
35
76
33
