41
1299
0 39 19 38 27 31 15 25 3 32 25 23 15 14 22 29 35 11 35 22 23 8 29 35 25 9 21 5 7 18 35 8 40 8 13 16 33 17 25 22 18
39 0 21 21 15 19 24 25 41 21 30 21 25 25 44 48 10 47 23 18 34 31 46 12 30 33 18 44 43 22 23 31 18 32 30 23 6 24 47 21 34
19 21 0 19 16 12 9 9 22 13 12 16 11 6 33 38 22 26 29 12 26 11 37 23 24 18 3 24 22 12 16 11 30 12 9 3 15 13 36 3 23
38 21 19 0 28 7 28 13 41 6 16 31 30 25 51 56 29 42 41 27 44 30 55 31 41 37 18 41 38 29 3 30 38 30 25 22 20 31 54 16 41
27 15 16 28 0 22 12 23 28 24 28 6 12 15 29 33 8 36 14 5 19 20 31 8 16 20 13 32 32 9 27 20 15 22 24 15 9 11 32 17 19
31 19 12 7 22 0 21 7 34 2 12 25 23 18 44 49 25 36 36 21 37 23 48 27 35 30 11 35 32 22 5 23 34 23 19 15 16 24 47 9 34
15 24 9 28 12 21 0 18 17 22 21 9 2 4 24 29 20 24 22 7 17 8 28 20 15 10 10 20 20 3 25 8 26 10 13 6 18 4 27 12 14
25 25 9 13 23 7 18 0 28 7 5 24 20 15 41 47 28 29 36 20 35 18 46 30 33 26 10 28 25 20 10 18 37 17 12 12 20 22 44 6 32
3 41 22 41 28 34 17 28 0 35 28 24 16 17 19 26 36 12 35 23 22 11 26 36 24 9 24 5 9 19 38 11 41 11 16 19 35 18 22 25 17
32 21 13 6 24 2 22 7 35 0 11 27 24 19 46 51 27 36 38 23 39 24 50 29 37 31 13 35 32 24 3 24 36 24 19 16 18 26 49 10 36
25 30 12 16 28 12 21 5 28 11 0 28 23 17 42 49 33 26 41 24 38 19 48 35 36 27 15 28 24 24 13 19 42 17 12 15 25 25 45 11 35
23 21 16 31 6 25 9 24 24 27 28 0 9 13 23 27 13 33 13 4 13 17 25 13 10 15 14 28 29 6 30 17 17 19 22 14 15 6 26 18 13
15 25 11 30 12 23 2 20 16 24 23 9 0 6 22 27 20 24 21 7 15 8 26 20 14 8 12 20 20 3 27 8 26 10 15 8 19 3 25 14 12
14 25 6 25 15 18 4 15 17 19 17 13 6 0 27 33 23 22 26 10 21 6 32 23 19 12 8 19 18 7 22 6 30 7 9 3 19 8 30 9 18
22 44 33 51 29 44 24 41 19 46 42 23 22 27 0 7 36 31 27 26 11 23 7 34 15 15 33 24 28 22 49 23 36 25 30 30 38 20 3 36 10
29 48 38 56 33 49 29 47 26 51 49 27 27 33 7 0 39 38 28 31 14 30 2 37 18 22 38 31 35 27 54 30 37 32 37 35 42 25 4 41 15
35 10 22 29 8 25 20 28 36 27 33 13 20 23 36 39 0 44 13 13 25 28 37 2 21 28 19 40 40 17 30 28 9 30 31 22 9 19 39 23 26
11 47 26 42 36 36 24 29 12 36 26 33 24 22 31 38 44 0 45 31 34 16 38 44 36 20 29 7 4 27 39 16 50 15 17 24 41 27 34 28 29
35 23 29 41 14 36 22 36 35 38 41 13 21 26 27 28 13 45 0 17 16 29 26 11 12 26 26 40 41 19 41 29 9 31 35 27 21 18 30 30 19
22 18 12 27 5 21 7 20 23 23 24 4 7 10 26 31 13 31 17 0 17 15 29 13 14 15 10 27 27 4 26 15 20 17 19 10 12 6 29 14 16
23 34 26 44 19 37 17 35 22 39 38 13 15 21 11 14 25 34 16 17 0 22 12 23 4 14 26 27 30 15 42 22 25 24 29 23 28 13 14 29 5
8 31 11 30 20 23 8 18 11 24 19 17 8 6 23 30 28 16 29 15 22 0 29 28 22 8 13 13 12 11 27 0 34 2 7 8 25 11 26 14 17
29 46 37 55 31 48 28 46 26 50 48 25 26 32 7 2 37 38 26 29 12 29 0 35 16 21 37 31 35 26 53 29 35 31 36 34 40 24 5 40 14
35 12 23 31 8 27 20 30 36 29 35 13 20 23 34 37 2 44 11 13 23 28 35 0 19 28 20 40 40 17 32 28 7 30 32 23 11 19 37 24 25
25 30 24 41 16 35 15 33 24 37 36 10 14 19 15 18 21 36 12 14 4 22 16 19 0 16 24 29 32 13 40 22 21 24 28 21 25 11 18 27 7
9 33 18 37 20 30 10 26 9 31 27 15 8 12 15 22 28 20 26 15 14 8 21 28 16 0 20 14 16 11 34 8 32 10 15 15 27 9 18 21 9
21 18 3 18 13 11 10 10 24 13 15 14 12 8 33 38 19 29 26 10 26 13 37 20 24 20 0 26 25 11 16 13 27 14 12 5 12 13 36 4 23
5 44 24 41 32 35 20 28 5 35 28 28 20 19 24 31 40 7 40 27 27 13 31 40 29 14 26 0 4 23 38 13 45 12 16 21 38 22 27 26 22
7 43 22 38 32 32 20 25 9 32 24 29 20 18 28 35 40 4 41 27 30 12 35 40 32 16 25 4 0 23 35 12 46 11 13 20 37 23 31 24 25
18 22 12 29 9 22 3 20 19 24 24 6 3 7 22 27 17 27 19 4 15 11 26 17 13 11 11 23 23 0 27 11 23 13 16 9 16 2 25 14 12
35 23 16 3 27 5 25 10 38 3 13 30 27 22 49 54 30 39 41 26 42 27 53 32 40 34 16 38 35 27 0 27 39 27 22 19 21 29 52 13 39
8 31 11 30 20 23 8 18 11 24 19 17 8 6 23 30 28 16 29 15 22 0 29 28 22 8 13 13 12 11 27 0 34 2 7 8 25 11 26 14 17
40 18 30 38 15 34 26 37 41 36 42 17 26 30 36 37 9 50 9 20 25 34 35 7 21 32 27 45 46 23 39 34 0 36 39 30 18 23 39 31 28
8 32 12 30 22 23 10 17 11 24 17 19 10 7 25 32 30 15 31 17 24 2 31 30 24 10 14 12 11 13 27 2 36 0 5 9 26 13 28 14 19
13 30 9 25 24 19 13 12 16 19 12 22 15 9 30 37 31 17 35 19 29 7 36 32 28 15 12 16 13 16 22 7 39 5 0 9 24 17 33 11 24
16 23 3 22 15 15 6 12 19 16 15 14 8 3 30 35 22 24 27 10 23 8 34 23 21 15 5 21 20 9 19 8 30 9 9 0 17 10 33 6 20
33 6 15 20 9 16 18 20 35 18 25 15 19 19 38 42 9 41 21 12 28 25 40 11 25 27 12 38 37 16 21 25 18 26 24 17 0 18 41 16 28
17 24 13 31 11 24 4 22 18 26 25 6 3 8 20 25 19 27 18 6 13 11 24 19 11 9 13 22 23 2 29 11 23 13 17 10 18 0 23 16 10
25 47 36 54 32 47 27 44 22 49 45 26 25 30 3 4 39 34 30 29 14 26 5 37 18 18 36 27 31 25 52 26 39 28 33 33 41 23 0 39 13
22 21 3 16 17 9 12 6 25 10 11 18 14 9 36 41 23 28 30 14 29 14 40 24 27 21 4 26 24 14 13 14 31 14 11 6 16 16 39 0 26
18 34 23 41 19 34 14 32 17 36 35 13 12 18 10 15 26 29 19 16 5 17 14 25 7 9 23 22 25 12 39 17 28 19 24 20 28 10 13 26 0
0 514
445 496
249 300
249 300
173 224
357 408
251 302
38 89
133 184
191 242
153 204
83 134
234 285
92 143
174 225
242 293
147 198
380 431
269 320
440 491
115 166
453 504
103 154
353 404
58 109
383 434
236 287
302 353
114 165
279 330
460 511
387 438
282 333
168 219
378 429
320 371
150 201
134 185
14 65
78 129
134 185
0
61
43
51
78
49
19
26
48
27
36
53
55
24
36
81
63
50
58
40
39
78
60
43
43
44
81
58
45
49
60
59
77
69
22
46
42
41
35
24
84
