41
1299
0 16 35 29 12 28 25 21 9 3 11 20 11 27 15 4 40 15 30 28 14 30 23 33 15 28 14 5 13 6 5 3 10 34 36 29 7 23 4 40 20
16 0 34 22 4 32 10 13 23 14 22 15 20 21 13 15 39 26 20 16 30 24 32 23 5 17 30 20 28 20 20 18 19 24 23 34 18 22 15 28 14
35 34 0 16 30 9 33 22 43 32 30 20 26 14 21 32 5 30 21 24 40 13 20 21 29 23 40 34 38 41 34 34 26 22 27 12 30 12 31 28 47
29 22 16 0 20 19 17 9 38 26 29 9 25 3 14 27 20 32 5 8 40 3 28 6 17 7 40 31 38 35 31 30 25 7 12 22 28 11 26 13 36
12 4 30 20 0 28 13 11 20 10 18 13 16 19 9 11 35 22 19 16 26 22 28 22 3 16 26 16 24 17 16 14 15 23 24 30 14 18 11 28 17
28 32 9 19 28 0 33 20 35 25 21 18 18 16 19 25 14 21 24 27 31 18 11 25 27 26 31 26 29 33 26 26 18 26 31 3 22 10 24 32 45
25 10 33 17 13 33 0 13 33 23 30 15 28 20 17 24 37 34 13 9 38 20 38 16 10 10 38 28 36 30 28 27 27 17 14 36 26 23 23 19 21
21 13 22 9 11 20 13 0 30 18 22 2 18 8 6 18 27 25 9 8 32 11 25 12 8 8 32 22 30 27 22 21 18 13 16 23 20 10 17 19 27
9 23 43 38 20 35 33 30 0 12 15 29 18 36 24 12 48 18 39 36 10 39 28 42 23 36 10 9 11 3 9 9 17 43 44 35 13 32 13 48 22
3 14 32 26 10 25 23 18 12 0 8 17 8 24 12 1 37 12 27 25 16 27 20 30 13 25 16 6 14 9 6 4 7 31 33 26 4 20 1 37 21
11 22 30 29 18 21 30 22 15 8 0 20 4 26 16 7 35 4 31 30 11 29 13 33 20 29 11 6 9 14 6 8 4 34 37 20 4 19 7 40 29
20 15 20 9 13 18 15 2 29 17 20 0 17 7 5 18 25 24 11 10 31 10 23 13 10 9 31 22 29 26 22 21 16 14 17 21 19 8 17 20 29
11 20 26 25 16 18 28 18 18 8 4 17 0 22 12 8 31 7 27 26 15 25 12 30 18 26 15 9 13 16 9 9 1 31 34 18 5 15 7 37 29
27 21 14 3 19 16 20 8 36 24 26 7 22 0 12 25 19 29 8 11 37 3 25 9 16 10 37 29 35 33 29 28 22 10 15 19 25 8 24 16 35
15 13 21 14 9 19 17 6 24 12 16 5 12 12 0 13 26 19 15 14 27 15 21 18 8 14 27 17 25 21 17 16 12 19 22 21 14 9 12 25 26
4 15 32 27 11 25 24 18 12 1 7 18 8 25 13 0 37 11 27 26 15 28 20 30 14 26 15 5 13 10 5 3 7 31 34 26 3 20 1 37 22
40 39 5 20 35 14 37 27 48 37 35 25 31 19 26 37 0 35 25 28 45 17 24 25 34 27 45 39 43 46 39 39 31 26 31 16 35 17 36 31 52
15 26 30 32 22 21 34 25 18 12 4 24 7 29 19 11 35 0 34 33 10 31 11 37 24 33 10 10 8 18 10 12 8 38 41 19 8 21 11 44 33
30 20 21 5 19 24 13 9 39 27 31 11 27 8 15 27 25 34 0 4 41 8 33 3 16 3 41 31 39 36 31 30 27 4 7 27 29 16 26 10 34
28 16 24 8 16 27 9 8 36 25 30 10 26 11 14 26 28 33 4 0 40 11 33 7 13 1 40 30 38 33 30 29 26 8 8 30 28 17 25 13 30
14 30 40 40 26 31 38 32 10 16 11 31 15 37 27 15 45 10 41 40 0 40 21 44 28 40 0 10 2 13 10 12 15 45 48 29 13 30 15 51 32
30 24 13 3 22 18 20 11 39 27 29 10 25 3 15 28 17 31 8 11 40 0 27 8 19 10 40 32 38 36 32 31 25 9 14 21 28 10 27 15 38
23 32 20 28 28 11 38 25 28 20 13 23 12 25 21 20 24 11 33 33 21 27 0 34 29 32 21 19 19 27 19 21 13 35 40 8 17 17 19 41 41
33 23 21 6 22 25 16 12 42 30 33 13 30 9 18 30 25 37 3 7 44 8 34 0 19 6 44 34 42 39 34 33 29 1 6 28 32 17 29 7 37
15 5 29 17 3 27 10 8 23 13 20 10 18 16 8 14 34 24 16 13 28 19 29 19 0 13 28 18 26 20 18 17 17 20 21 29 16 17 13 25 19
28 17 23 7 16 26 10 8 36 25 29 9 26 10 14 26 27 33 3 1 40 10 32 6 13 0 40 30 38 33 30 29 25 7 8 29 27 16 25 12 31
14 30 40 40 26 31 38 32 10 16 11 31 15 37 27 15 45 10 41 40 0 40 21 44 28 40 0 10 2 13 10 12 15 45 48 29 13 30 15 51 32
5 20 34 31 16 26 28 22 9 6 6 22 9 29 17 5 39 10 31 30 10 32 19 34 18 30 10 0 8 8 0 2 8 35 38 26 4 23 5 41 25
13 28 38 38 24 29 36 30 11 14 9 29 13 35 25 13 43 8 39 38 2 38 19 42 26 38 2 8 0 13 8 10 13 43 46 27 11 28 13 49 32
6 20 41 35 17 33 30 27 3 9 14 26 16 33 21 10 46 18 36 33 13 36 27 39 20 33 13 8 13 0 8 7 15 40 41 34 11 29 10 45 19
5 20 34 31 16 26 28 22 9 6 6 22 9 29 17 5 39 10 31 30 10 32 19 34 18 30 10 0 8 8 0 2 8 35 38 26 4 23 5 41 25
3 18 34 30 14 26 27 21 9 4 8 21 9 28 16 3 39 12 30 29 12 31 21 33 17 29 12 2 10 7 2 0 8 34 37 27 4 23 4 40 23
10 19 26 25 15 18 27 18 17 7 4 16 1 22 12 7 31 8 27 26 15 25 13 29 17 25 15 8 13 15 8 8 0 30 33 19 4 15 6 36 28
34 24 22 7 23 26 17 13 43 31 34 14 31 10 19 31 26 38 4 8 45 9 35 1 20 7 45 35 43 40 35 34 30 0 6 29 33 18 30 6 38
36 23 27 12 24 31 14 16 44 33 37 17 34 15 22 34 31 41 7 8 48 14 40 6 21 8 48 38 46 41 38 37 33 6 0 34 35 23 33 5 35
29 34 12 22 30 3 36 23 35 26 20 21 18 19 21 26 16 19 27 30 29 21 8 28 29 29 29 26 27 34 26 27 19 29 34 0 23 13 25 35 47
7 18 30 28 14 22 26 20 13 4 4 19 5 25 14 3 35 8 29 28 13 28 17 32 16 27 13 4 11 11 4 4 4 33 35 23 0 19 3 39 25
23 22 12 11 18 10 23 10 32 20 19 8 15 8 9 20 17 21 16 17 30 10 17 17 17 16 30 23 28 29 23 23 15 18 23 13 19 0 19 24 35
4 15 31 26 11 24 23 17 13 1 7 17 7 24 12 1 36 11 26 25 15 27 19 29 13 25 15 5 13 10 5 4 6 30 33 25 3 19 0 36 22
40 28 28 13 28 32 19 19 48 37 40 20 37 16 25 37 31 44 10 13 51 15 41 7 25 12 51 41 49 45 41 40 36 6 5 35 39 24 36 0 40
20 14 47 36 17 45 21 27 22 21 29 29 29 35 26 22 52 33 34 30 32 38 41 37 19 31 32 25 32 19 25 23 28 38 35 47 25 35 22 40 0
0 636
119 437
176 494
276 594
29 347
262 580
292 610
120 438
85 403
152 470
19 337
191 509
56 374
200 518
62 380
128 446
73 391
307 625
116 434
88 406
125 443
48 366
205 523
205 523
211 529
192 510
143 461
204 522
302 620
138 456
280 598
242 560
228 546
38 356
198 516
167 485
72 390
196 514
166 484
222 540
38 356
0
48
39
50
24
33
28
49
64
59
19
60
71
76
56
74
26
39
33
66
49
49
67
77
56
29
40
17
69
57
53
52
71
72
49
22
35
42
58
57
63
