41
1300
0 10 11 6 19 14 3 5 24 23 29 37 16 12 35 32 19 37 26 17 8 36 15 34 36 28 24 14 25 33 19 34 33 23 26 43 32 35 15 9 16
10 0 5 16 21 14 13 15 17 13 22 27 17 17 31 24 18 30 21 12 11 26 16 24 28 26 14 4 18 27 19 28 23 18 23 33 24 28 8 18 19
11 5 0 16 16 9 14 15 13 16 18 27 12 22 26 29 13 26 16 17 8 30 11 24 32 21 14 6 14 32 14 33 27 13 18 33 21 24 13 16 15
6 16 16 0 15 14 3 1 27 29 32 43 13 15 34 38 18 40 26 23 8 42 13 40 42 27 30 20 28 39 16 40 39 24 25 49 36 38 21 3 12
19 21 16 15 0 7 18 16 20 32 23 38 4 30 21 45 7 30 15 33 11 46 5 35 48 14 29 22 20 48 3 49 43 14 13 44 29 28 29 12 3
14 14 9 14 7 0 15 14 15 25 19 33 3 26 21 38 5 26 13 26 6 39 2 30 41 14 22 15 16 41 5 42 36 10 12 39 24 24 22 13 6
3 13 14 3 18 15 0 2 27 26 32 40 16 13 36 35 20 40 28 20 9 39 15 37 39 29 27 17 28 36 19 37 36 25 27 46 35 38 18 6 15
5 15 15 1 16 14 2 0 27 28 32 42 14 14 35 37 19 40 27 22 8 41 14 39 41 28 29 19 28 38 17 39 38 24 26 48 36 38 20 4 13
24 17 13 27 20 15 27 27 0 18 5 19 18 34 18 33 13 13 9 27 19 31 17 16 35 14 11 14 1 38 17 39 28 6 11 24 9 11 23 27 21
23 13 16 29 32 25 26 28 18 0 21 18 28 26 36 15 27 28 26 13 24 14 27 16 17 31 7 10 18 20 30 21 11 23 28 24 19 27 10 31 31
29 22 18 32 23 19 32 32 5 21 0 17 21 39 16 36 16 8 10 32 24 33 21 14 37 15 14 19 4 41 20 42 30 9 12 21 6 6 28 32 24
37 27 27 43 38 33 40 42 19 18 17 0 36 44 33 27 31 18 27 31 35 22 35 3 27 32 13 23 18 34 35 34 20 24 29 6 11 19 28 43 39
16 17 12 13 4 3 16 14 18 28 21 36 0 28 21 41 5 28 13 29 8 42 1 33 44 14 25 18 18 44 3 45 39 12 12 42 27 26 25 11 3
12 17 22 15 30 26 13 14 34 26 39 44 28 0 47 30 31 47 38 15 20 35 27 41 34 40 31 21 35 29 31 30 33 35 38 50 41 45 16 18 27
35 31 26 34 21 21 36 35 18 36 16 33 21 47 0 51 16 15 10 42 27 49 21 30 53 7 29 29 18 56 18 57 46 13 9 36 22 14 38 32 23
32 24 29 38 45 38 35 37 33 15 36 27 41 30 51 0 41 42 41 15 35 7 40 26 4 46 22 23 33 7 43 7 7 38 43 31 33 42 17 41 43
19 18 13 18 7 5 20 19 13 27 16 31 5 31 16 41 0 23 8 30 11 41 5 28 44 9 22 18 13 45 4 46 38 7 7 37 22 21 26 16 8
37 30 26 40 30 26 40 40 13 28 8 18 28 47 15 42 23 0 15 40 32 38 28 17 43 18 21 27 12 48 27 49 36 16 17 21 9 2 36 39 31
26 21 16 26 15 13 28 27 9 26 10 27 13 38 10 41 8 15 0 32 19 40 13 24 43 5 20 19 9 46 12 47 37 3 2 31 16 13 28 24 16
17 12 17 23 33 26 20 22 27 13 32 31 29 15 42 15 30 40 32 0 22 20 28 29 19 37 20 13 28 16 31 17 18 29 34 37 32 38 4 26 30
8 11 8 8 11 6 9 8 19 24 24 35 8 20 27 35 11 32 19 22 0 37 7 32 39 20 22 14 20 38 11 39 34 16 18 41 28 30 19 8 8
36 26 30 42 46 39 39 41 31 14 33 22 42 35 49 7 41 38 40 20 37 0 41 22 5 45 20 24 31 13 44 13 3 37 42 25 29 38 21 44 45
15 16 11 13 5 2 15 14 17 27 21 35 1 27 21 40 5 28 13 28 7 41 0 32 43 14 24 17 18 43 4 44 38 12 12 41 26 26 24 11 4
34 24 24 40 35 30 37 39 16 16 14 3 33 41 30 26 28 17 24 29 32 22 32 0 26 29 10 20 15 33 32 33 19 21 26 9 8 17 26 40 36
36 28 32 42 48 41 39 41 35 17 37 27 44 34 53 4 44 43 43 19 39 5 43 26 0 48 24 26 35 8 46 8 7 40 45 30 34 42 21 45 47
28 26 21 27 14 14 29 28 14 31 15 32 14 40 7 46 9 18 5 37 20 45 14 29 48 0 25 24 14 51 11 52 42 8 3 36 21 16 33 25 16
24 14 14 30 29 22 27 29 11 7 14 13 25 31 29 22 22 21 20 20 22 20 24 10 24 25 0 10 11 27 26 28 17 17 22 19 12 20 16 30 28
14 4 6 20 22 15 17 19 14 10 19 23 18 21 29 23 18 27 19 13 14 24 17 20 26 24 10 0 15 27 20 28 21 16 21 29 20 25 9 22 21
25 18 14 28 20 16 28 28 1 18 4 18 18 35 18 33 13 12 9 28 20 31 18 15 35 14 11 15 0 38 17 39 28 6 11 24 9 10 24 28 21
33 27 32 39 48 41 36 38 38 20 41 34 44 29 56 7 45 48 46 16 38 13 43 33 8 51 27 27 38 0 46 1 14 43 48 38 39 47 19 42 46
19 19 14 16 3 5 19 17 17 30 20 35 3 31 18 43 4 27 12 31 11 44 4 32 46 11 26 20 17 46 0 47 41 11 10 41 26 25 27 14 5
34 28 33 40 49 42 37 39 39 21 42 34 45 30 57 7 46 49 47 17 39 13 44 33 8 52 28 28 39 1 47 0 14 44 49 38 40 48 20 43 47
33 23 27 39 43 36 36 38 28 11 30 20 39 33 46 7 38 36 37 18 34 3 38 19 7 42 17 21 28 14 41 14 0 34 39 24 27 35 18 41 42
23 18 13 24 14 10 25 24 6 23 9 24 12 35 13 38 7 16 3 29 16 37 12 21 40 8 17 16 6 43 11 44 34 0 5 30 15 14 25 23 15
26 23 18 25 13 12 27 26 11 28 12 29 12 38 9 43 7 17 2 34 18 42 12 26 45 3 22 21 11 48 10 49 39 5 0 33 18 15 30 23 15
43 33 33 49 44 39 46 48 24 24 21 6 42 50 36 31 37 21 31 37 41 25 41 9 30 36 19 29 24 38 41 38 24 30 33 0 15 22 34 49 45
32 24 21 36 29 24 35 36 9 19 6 11 27 41 22 33 22 9 16 32 28 29 26 8 34 21 12 20 9 39 26 40 27 15 18 15 0 9 28 36 30
35 28 24 38 28 24 38 38 11 27 6 19 26 45 14 42 21 2 13 38 30 38 26 17 42 16 20 25 10 47 25 48 35 14 15 22 9 0 34 37 29
15 8 13 21 29 22 18 20 23 10 28 28 25 16 38 17 26 36 28 4 19 21 24 26 21 33 16 9 24 19 27 20 18 25 30 34 28 34 0 24 27
9 18 16 3 12 13 6 4 27 31 32 43 11 18 32 41 16 39 24 26 8 44 11 40 45 25 30 22 28 42 14 43 41 23 23 49 36 37 24 0 9
16 19 15 12 3 6 15 13 21 31 24 39 3 27 23 43 8 31 16 30 8 45 4 36 47 16 28 21 21 46 5 47 42 15 15 45 30 29 27 9 0
0 269
97 150
67 120
121 174
158 211
114 167
83 136
213 266
54 107
190 243
91 144
136 189
18 71
183 236
150 203
40 93
50 103
203 256
158 211
94 147
3 56
132 185
196 249
59 112
127 180
136 189
119 172
200 253
85 138
0 53
89 142
139 192
179 232
6 59
188 241
60 113
44 97
126 179
167 220
135 188
49 102
0
29
57
25
33
43
59
68
38
67
14
62
72
48
41
49
64
40
53
20
29
32
25
54
13
41
59
81
73
85
53
69
82
57
61
39
64
37
65
41
57
