41
1300
0 17 1 20 31 14 23 30 22 14 13 17 11 16 15 9 13 15 35 18 9 33 30 18 31 8 30 19 6 5 17 5 25 26 16 23 7 34 11 31 6
17 0 16 6 22 25 35 43 5 27 20 33 28 7 28 17 25 2 24 31 25 37 30 34 25 13 39 10 14 12 4 22 9 9 7 36 13 34 26 24 14
1 16 0 19 30 15 23 31 21 15 12 18 12 15 16 9 14 14 34 19 10 32 29 19 30 7 30 18 5 4 16 6 24 25 15 24 6 33 12 30 5
20 6 19 0 16 31 32 40 8 33 17 37 31 4 34 23 31 8 18 37 29 33 26 35 20 19 35 6 18 15 3 25 6 11 4 34 14 30 30 19 18
31 22 30 16 0 44 33 41 24 45 21 48 42 16 46 36 44 24 5 49 40 24 15 39 6 32 30 12 31 26 18 36 19 24 16 35 24 17 42 5 31
14 25 15 31 44 0 33 38 30 2 27 8 10 28 3 8 1 23 48 6 5 46 44 24 45 12 42 32 13 18 28 9 34 34 28 33 21 48 3 45 13
23 35 23 32 33 33 0 8 39 33 15 31 24 28 34 32 32 34 38 36 28 15 20 11 28 30 9 28 28 25 31 26 38 43 28 2 22 22 30 29 28
30 43 31 40 41 38 8 0 47 37 23 35 28 36 38 39 37 42 45 40 33 19 27 14 35 38 12 36 36 33 39 32 46 51 36 7 30 27 35 36 36
22 5 21 8 24 30 39 47 0 32 24 38 33 11 33 22 30 7 25 36 30 41 34 39 28 18 43 14 19 17 8 27 5 4 11 41 18 38 31 27 19
14 27 15 33 45 2 33 37 32 0 27 6 9 30 1 10 2 25 49 4 5 46 44 23 45 14 42 33 15 19 30 9 36 36 30 32 21 48 3 45 15
13 20 12 17 21 27 15 23 24 27 0 29 22 13 28 21 26 19 26 31 22 20 17 18 19 18 19 13 16 11 16 18 23 28 13 17 7 21 24 20 16
17 33 18 37 48 8 31 35 38 6 29 0 7 33 6 16 8 31 52 5 8 45 46 21 48 20 40 36 19 22 34 12 42 42 33 30 24 49 7 48 19
11 28 12 31 42 10 24 28 33 9 22 7 0 27 10 13 9 26 46 12 5 38 39 14 41 16 33 30 15 16 28 7 36 37 27 23 18 42 7 42 15
16 7 15 4 16 28 28 36 11 30 13 33 27 0 31 20 28 8 20 34 25 30 24 31 19 16 32 4 15 11 3 21 10 15 0 30 10 28 27 18 15
15 28 16 34 46 3 34 38 33 1 28 6 10 31 0 11 3 26 50 3 6 47 45 24 46 15 43 34 16 20 31 10 37 37 31 33 22 49 4 46 16
9 17 9 23 36 8 32 39 22 10 21 16 13 20 11 0 8 15 40 14 8 41 38 25 37 4 39 24 5 10 20 7 26 26 20 32 14 42 9 38 5
13 25 14 31 44 1 32 37 30 2 26 8 9 28 3 8 0 23 48 6 4 45 43 23 44 12 41 32 13 18 28 8 34 34 28 32 20 47 2 44 13
15 2 14 8 24 23 34 42 7 25 19 31 26 8 26 15 23 0 26 29 23 38 32 33 27 11 38 12 12 10 6 20 11 11 8 35 12 36 24 26 12
35 24 34 18 5 48 38 45 25 49 26 52 46 20 50 40 48 26 0 53 44 28 19 44 10 36 34 16 35 30 21 40 20 25 20 40 28 21 46 9 35
18 31 19 37 49 6 36 40 36 4 31 5 12 34 3 14 6 29 53 0 9 50 48 26 49 18 45 37 19 23 34 13 40 40 34 35 25 52 7 49 19
9 25 10 29 40 5 28 33 30 5 22 8 5 25 6 8 4 23 44 9 0 41 39 19 40 12 37 28 11 14 26 4 34 34 25 28 16 43 2 40 11
33 37 32 33 24 46 15 19 41 46 20 45 38 30 47 41 45 38 28 50 41 0 9 26 18 38 7 27 36 31 33 38 39 44 30 17 27 8 43 19 36
30 30 29 26 15 44 20 27 34 44 17 46 39 24 45 38 43 32 19 48 39 9 0 30 9 35 15 20 33 28 26 35 32 37 24 22 24 4 41 10 33
18 34 19 35 39 24 11 14 39 23 18 21 14 31 24 25 23 33 44 26 19 26 30 0 36 26 20 31 24 23 33 18 41 43 31 9 21 33 21 37 24
31 25 30 20 6 45 28 35 28 45 19 48 41 19 46 37 44 27 10 49 40 18 9 36 0 34 24 15 32 27 21 36 25 30 19 30 24 11 42 1 32
8 13 7 19 32 12 30 38 18 14 18 20 16 16 15 4 12 11 36 18 12 38 35 26 34 0 37 20 2 7 16 9 22 22 16 31 11 39 13 34 2
30 39 30 35 30 42 9 12 43 42 19 40 33 32 43 39 41 38 34 45 37 7 15 20 24 37 0 29 35 30 35 34 41 46 32 11 26 15 39 25 35
19 10 18 6 12 32 28 36 14 33 13 36 30 4 34 24 32 12 16 37 28 27 20 31 15 20 29 0 19 14 6 24 12 17 4 30 12 24 30 14 19
6 14 5 18 31 13 28 36 19 15 16 19 15 15 16 5 13 12 35 19 11 36 33 24 32 2 35 19 0 5 15 8 23 23 15 29 9 37 12 33 0
5 12 4 15 26 18 25 33 17 19 11 22 16 11 20 10 18 10 30 23 14 31 28 23 27 7 30 14 5 0 12 10 20 21 11 26 4 32 16 28 5
17 4 16 3 18 28 31 39 8 30 16 34 28 3 31 20 28 6 21 34 26 33 26 33 21 16 35 6 15 12 0 22 9 12 3 33 12 30 27 20 15
5 22 6 25 36 9 26 32 27 9 18 12 7 21 10 7 8 20 40 13 4 38 35 18 36 9 34 24 8 10 22 0 30 31 21 25 12 39 6 36 8
25 9 24 6 19 34 38 46 5 36 23 42 36 10 37 26 34 11 20 40 34 39 32 41 25 22 41 12 23 20 9 30 0 5 10 40 20 36 35 24 23
26 9 25 11 24 34 43 51 4 36 28 42 37 15 37 26 34 11 25 40 34 44 37 43 30 22 46 17 23 21 12 31 5 0 15 45 22 41 35 29 23
16 7 15 4 16 28 28 36 11 30 13 33 27 0 31 20 28 8 20 34 25 30 24 31 19 16 32 4 15 11 3 21 10 15 0 30 10 28 27 18 15
23 36 24 34 35 33 2 7 41 32 17 30 23 30 33 32 32 35 40 35 28 17 22 9 30 31 11 30 29 26 33 25 40 45 30 0 23 24 30 31 29
7 13 6 14 24 21 22 30 18 21 7 24 18 10 22 14 20 12 28 25 16 27 24 21 24 11 26 12 9 4 12 12 20 22 10 23 0 28 18 24 9
34 34 33 30 17 48 22 27 38 48 21 49 42 28 49 42 47 36 21 52 43 8 4 33 11 39 15 24 37 32 30 39 36 41 28 24 28 0 45 12 37
11 26 12 30 42 3 30 35 31 3 24 7 7 27 4 9 2 24 46 7 2 43 41 21 42 13 39 30 12 16 27 6 35 35 27 30 18 45 0 42 12
31 24 30 19 5 45 29 36 27 45 20 48 42 18 46 38 44 26 9 49 40 19 10 37 1 34 25 14 33 28 20 36 24 29 18 31 24 12 42 0 33
6 14 5 18 31 13 28 36 19 15 16 19 15 15 16 5 13 12 35 19 11 36 33 24 32 2 35 19 0 5 15 8 23 23 15 29 9 37 12 33 0
0 636
459 522
476 539
499 562
210 273
537 600
111 174
515 578
299 362
186 249
398 461
336 399
83 146
290 353
535 598
387 450
140 203
220 283
98 161
537 600
570 633
240 303
413 476
546 609
454 517
322 385
397 460
12 75
46 109
261 324
565 628
381 444
567 630
402 465
263 326
334 397
474 537
42 105
244 307
190 253
217 280
0
32
30
58
70
40
74
23
38
52
47
56
62
61
46
55
70
67
46
42
65
23
64
67
56
19
35
70
49
47
53
49
64
62
58
33
75
26
45
17
54
