41
1300
0 39 11 34 3 33 34 41 20 34 3 18 13 33 4 31 38 44 44 37 3 35 21 37 33 27 37 25 12 7 38 26 36 34 11 29 41 38 18 2 5
39 0 30 51 36 41 8 47 47 23 42 45 42 36 36 46 14 39 27 4 42 36 19 9 52 46 27 24 45 46 55 31 31 17 43 41 10 1 27 41 39
11 30 0 41 8 36 23 45 27 32 14 25 20 34 7 37 32 44 42 30 12 36 15 26 40 34 35 23 20 18 45 26 35 29 18 33 30 29 17 13 12
34 51 41 0 33 10 50 11 14 28 34 16 21 16 34 5 38 22 33 47 37 15 35 53 2 7 25 27 22 31 4 20 20 34 23 10 57 50 27 32 29
3 36 8 33 0 31 31 40 19 31 6 17 12 31 1 30 35 42 41 34 6 33 18 34 32 26 34 22 12 10 37 23 33 31 10 27 38 35 15 5 4
33 41 36 10 31 0 41 9 18 18 34 18 20 6 32 5 28 14 23 37 36 5 27 44 12 10 15 18 23 32 14 11 10 24 23 4 48 41 20 32 28
34 8 23 50 31 41 0 49 44 27 37 42 39 37 30 45 20 43 33 11 35 39 16 3 51 45 31 23 41 41 54 30 35 21 39 40 7 7 24 36 34
41 47 45 11 40 9 49 0 23 24 42 24 28 12 41 10 34 12 26 43 44 11 35 52 13 15 21 26 30 39 11 20 16 30 31 13 56 47 29 40 36
20 47 27 14 19 18 44 23 0 31 20 2 7 22 20 13 39 31 39 44 23 22 28 47 13 8 31 25 8 17 18 19 27 35 9 14 51 46 20 18 15
34 23 32 28 31 18 27 24 31 0 37 30 29 13 32 23 10 16 10 19 37 13 17 30 30 26 4 9 32 39 32 12 8 6 32 20 32 23 16 35 31
3 42 14 34 6 34 37 42 20 37 0 18 14 34 7 32 41 45 47 40 4 36 24 40 33 27 40 28 12 4 38 27 37 37 11 30 44 41 21 2 6
18 45 25 16 17 18 42 24 2 30 18 0 5 21 18 14 37 31 38 42 21 22 26 45 15 9 30 23 6 15 20 18 26 33 7 14 49 44 18 16 13
13 42 20 21 12 20 39 28 7 29 14 5 0 22 13 18 35 33 38 39 16 24 23 42 20 14 30 21 3 12 25 17 26 31 3 16 46 41 15 12 8
33 36 34 16 31 6 37 12 22 13 34 21 22 0 32 11 23 11 18 32 36 2 23 40 18 14 10 14 25 34 20 8 5 19 25 8 44 35 17 32 28
4 36 7 34 1 32 30 41 20 32 7 18 13 32 0 31 35 43 42 34 6 34 18 33 33 27 35 23 13 11 38 24 34 31 11 28 37 35 16 6 5
31 46 37 5 30 5 45 10 13 23 32 14 18 11 31 0 33 19 28 42 34 10 30 48 7 5 20 22 20 29 9 15 15 29 21 5 52 45 22 30 26
38 14 32 38 35 28 20 34 39 10 41 37 35 23 35 33 0 25 13 10 41 23 17 22 40 36 13 14 38 44 42 21 18 5 37 30 24 14 21 40 36
44 39 44 22 42 14 43 12 31 16 45 31 33 11 43 19 25 0 15 35 47 9 31 46 24 23 12 22 36 45 23 19 9 22 36 17 48 39 27 43 39
44 27 42 33 41 23 33 26 39 10 47 38 38 18 42 28 13 15 0 23 47 18 27 35 35 32 8 19 41 49 37 21 13 13 41 26 37 27 26 45 41
37 4 30 47 34 37 11 43 44 19 40 42 39 32 34 42 10 35 23 0 40 32 16 13 48 42 23 20 42 44 51 27 27 13 40 37 14 4 24 39 36
3 42 12 37 6 36 35 44 23 37 4 21 16 36 6 34 41 47 47 40 0 38 24 38 36 30 40 28 15 8 41 29 39 37 14 32 42 41 21 5 8
35 36 36 15 33 5 39 11 22 13 36 22 24 2 34 10 23 9 18 32 38 0 25 42 17 14 10 16 27 36 19 10 5 19 27 8 45 36 19 34 30
21 19 15 35 18 27 16 35 28 17 24 26 23 23 18 30 17 31 27 16 24 25 0 19 36 29 21 9 26 28 39 16 22 14 24 25 23 18 8 23 20
37 9 26 53 34 44 3 52 47 30 40 45 42 40 33 48 22 46 35 13 38 42 19 0 54 48 34 26 44 44 57 33 38 24 42 43 4 9 27 39 37
33 52 40 2 32 12 51 13 13 30 33 15 20 18 33 7 40 24 35 48 36 17 36 54 0 7 27 28 21 30 6 21 22 36 22 11 58 51 28 31 28
27 46 34 7 26 10 45 15 8 26 27 9 14 14 27 5 36 23 32 42 30 14 29 48 7 0 24 22 15 24 11 15 19 31 16 6 52 45 21 25 22
37 27 35 25 34 15 31 21 31 4 40 30 30 10 35 20 13 12 8 23 40 10 21 34 27 24 0 12 33 41 29 13 5 10 33 18 36 27 19 38 34
25 24 23 27 22 18 23 26 25 9 28 23 21 14 23 22 14 22 19 20 28 16 9 26 28 22 12 0 24 30 31 7 13 10 23 17 30 23 7 26 22
12 45 20 22 12 23 41 30 8 32 12 6 3 25 13 20 38 36 41 42 15 27 26 44 21 15 33 24 0 9 26 20 29 34 2 19 48 44 18 10 8
7 46 18 31 10 32 41 39 17 39 4 15 12 34 11 29 44 45 49 44 8 36 28 44 30 24 41 30 9 0 35 28 38 39 9 28 48 45 23 5 8
38 55 45 4 37 14 54 11 18 32 38 20 25 20 38 9 42 23 37 51 41 19 39 57 6 11 29 31 26 35 0 24 24 38 27 14 61 54 31 36 33
26 31 26 20 23 11 30 20 19 12 27 18 17 8 24 15 21 19 21 27 29 10 16 33 21 15 13 7 20 28 24 0 10 16 20 10 37 30 9 25 21
36 31 35 20 33 10 35 16 27 8 37 26 26 5 34 15 18 9 13 27 39 5 22 38 22 19 5 13 29 38 24 10 0 14 29 13 40 31 18 35 31
34 17 29 34 31 24 21 30 35 6 37 33 31 19 31 29 5 22 13 13 37 19 14 24 36 31 10 10 34 39 38 16 14 0 33 25 26 17 16 35 31
11 43 18 23 10 23 39 31 9 32 11 7 3 25 11 21 37 36 41 40 14 27 24 42 22 16 33 23 2 9 27 20 29 33 0 19 46 42 17 9 6
29 41 33 10 27 4 40 13 14 20 30 14 16 8 28 5 30 17 26 37 32 8 25 43 11 6 18 17 19 28 14 10 13 25 19 0 47 40 17 28 24
41 10 30 57 38 48 7 56 51 32 44 49 46 44 37 52 24 48 37 14 42 45 23 4 58 52 36 30 48 48 61 37 40 26 46 47 0 10 31 43 41
38 1 29 50 35 41 7 47 46 23 41 44 41 35 35 45 14 39 27 4 41 36 18 9 51 45 27 23 44 45 54 30 31 17 42 40 10 0 26 40 38
18 27 17 27 15 20 24 29 20 16 21 18 15 17 16 22 21 27 26 24 21 19 8 27 28 21 19 7 18 23 31 9 18 16 17 17 31 26 0 19 15
2 41 13 32 5 32 36 40 18 35 2 16 12 32 6 30 40 43 45 39 5 34 23 39 31 25 38 26 10 5 36 25 35 35 9 28 43 40 19 0 4
5 39 12 29 4 28 34 36 15 31 6 13 8 28 5 26 36 39 41 36 8 30 20 37 28 22 34 22 8 8 33 21 31 31 6 24 41 38 15 4 0
0 293
117 263
68 214
92 238
140 286
12 158
19 165
98 244
55 201
92 238
121 267
66 212
79 225
24 170
61 207
100 246
76 222
84 230
2 148
54 200
101 247
59 205
130 276
115 261
118 264
99 245
90 236
114 260
138 284
35 181
37 183
35 181
96 242
110 256
30 176
114 260
3 149
79 225
114 260
101 247
8 154
0
70
54
60
21
45
51
49
46
37
37
21
23
57
84
45
70
84
44
87
56
29
16
60
47
55
74
47
47
36
42
24
61
52
79
56
44
72
49
17
52
