41
1299
0 17 27 18 38 13 26 33 21 26 8 20 50 7 20 36 27 7 8 32 20 16 18 21 8 9 13 50 7 27 28 40 37 45 17 35 12 35 45 46 16
17 0 34 1 35 25 14 40 9 26 20 20 39 16 35 28 12 13 22 37 6 21 29 26 20 24 28 39 13 10 11 32 29 49 25 38 8 40 34 38 23
27 34 0 35 22 16 30 6 43 13 19 16 42 21 26 27 34 24 21 5 40 14 11 8 19 22 23 40 24 43 45 31 28 18 10 11 36 8 36 36 12
18 1 35 0 35 26 14 41 9 27 21 21 38 17 36 29 11 14 23 38 6 22 30 27 21 25 29 39 14 9 10 33 30 50 26 39 9 41 34 38 24
38 35 22 35 0 33 23 23 44 13 33 18 21 31 45 9 27 32 35 18 41 23 30 20 33 37 40 18 32 39 41 10 9 22 25 13 41 18 15 14 24
13 25 16 26 33 0 30 21 33 20 5 18 49 9 13 34 32 12 5 21 30 12 5 13 5 6 7 48 12 35 36 38 35 34 8 27 24 24 43 44 10
26 14 30 14 23 30 0 35 22 18 25 14 25 21 40 15 4 19 27 30 19 19 29 22 25 29 33 25 19 16 18 19 16 41 23 30 22 32 20 25 21
33 40 6 41 23 21 35 0 49 17 25 22 44 27 30 29 39 30 26 5 46 20 16 14 25 27 28 41 30 49 51 33 30 13 16 11 42 6 38 37 18
21 9 43 9 44 33 22 49 0 35 28 29 46 24 41 37 19 21 29 46 3 30 37 35 28 30 34 47 21 11 10 41 38 58 34 47 9 49 42 46 32
26 26 13 27 13 20 18 17 35 0 20 6 29 19 32 14 22 20 22 12 32 10 17 7 20 24 27 28 20 33 35 18 15 23 12 12 30 14 23 24 11
8 20 19 21 33 5 25 25 28 20 0 16 47 4 15 32 27 7 2 24 25 10 10 14 0 4 8 46 7 30 31 36 33 37 9 28 19 27 41 42 9
20 20 16 21 18 18 14 22 29 6 16 0 31 13 31 16 18 14 18 17 26 6 16 8 16 20 24 30 14 27 29 20 17 29 10 18 24 20 25 26 8
50 39 42 38 21 49 25 44 46 29 47 31 0 44 61 15 27 43 49 39 43 37 46 36 47 51 55 3 43 36 38 11 14 41 41 34 47 39 6 7 39
7 16 21 17 31 9 21 27 24 19 4 13 44 0 19 29 23 3 6 25 21 9 13 14 4 8 12 43 3 26 27 33 30 38 11 28 15 28 38 39 9
20 35 26 36 45 13 40 30 41 32 15 31 61 19 0 46 42 22 13 31 40 25 16 25 15 11 7 60 22 45 46 50 47 43 21 37 32 34 55 56 23
36 28 27 29 9 34 15 29 37 14 32 16 15 29 46 0 18 29 34 24 34 22 31 21 32 36 40 14 29 30 32 4 1 30 26 20 36 25 9 10 24
27 12 34 11 27 32 4 39 19 22 27 18 27 23 42 18 0 20 29 34 16 22 32 26 27 31 35 28 20 12 14 22 19 45 26 34 20 36 23 27 24
7 13 24 14 32 12 19 30 21 20 7 14 43 3 22 29 20 0 9 28 18 11 16 17 7 11 15 43 0 23 24 33 30 41 14 31 12 31 38 39 12
8 22 21 23 35 5 27 26 29 22 2 18 49 6 13 34 29 9 0 26 27 12 10 16 2 2 6 48 9 32 33 38 35 39 11 30 20 29 43 44 11
32 37 5 38 18 21 30 5 46 12 24 17 39 25 31 24 34 28 26 0 43 17 16 11 24 27 28 36 28 44 46 28 25 13 15 6 40 3 33 32 16
20 6 40 6 41 30 19 46 3 32 25 26 43 21 40 34 16 18 27 43 0 27 34 32 25 29 33 44 18 9 8 38 35 55 31 44 8 46 39 43 29
16 21 14 22 23 12 19 20 30 10 10 6 37 9 25 22 22 11 12 17 27 0 10 6 10 14 18 36 11 30 31 26 23 30 4 20 23 20 31 32 2
18 29 11 30 30 5 29 16 37 17 10 16 46 13 16 31 32 16 10 16 34 10 0 10 10 11 12 45 16 39 40 35 32 29 6 22 28 19 40 41 8
21 26 8 27 20 13 22 14 35 7 14 8 36 14 25 21 26 17 16 11 32 6 10 0 14 18 20 35 17 35 37 25 22 24 5 14 29 14 30 31 5
8 20 19 21 33 5 25 25 28 20 0 16 47 4 15 32 27 7 2 24 25 10 10 14 0 4 8 46 7 30 31 36 33 37 9 28 19 27 41 42 9
9 24 22 25 37 6 29 27 30 24 4 20 51 8 11 36 31 11 2 27 29 14 11 18 4 0 4 50 11 34 35 40 37 40 13 32 21 30 45 46 13
13 28 23 29 40 7 33 28 34 27 8 24 55 12 7 40 35 15 6 28 33 18 12 20 8 4 0 54 15 38 39 44 41 41 15 34 25 31 49 50 17
50 39 40 39 18 48 25 41 47 28 46 30 3 43 60 14 28 43 48 36 44 36 45 35 46 50 54 0 43 38 40 10 13 38 40 31 47 36 5 4 38
7 13 24 14 32 12 19 30 21 20 7 14 43 3 22 29 20 0 9 28 18 11 16 17 7 11 15 43 0 23 24 33 30 41 14 31 12 31 38 39 12
27 10 43 9 39 35 16 49 11 33 30 27 36 26 45 30 12 23 32 44 9 30 39 35 30 34 38 38 23 0 2 34 31 56 34 45 17 47 34 39 32
28 11 45 10 41 36 18 51 10 35 31 29 38 27 46 32 14 24 33 46 8 31 40 37 31 35 39 40 24 2 0 36 33 58 35 47 16 49 36 41 33
40 32 31 33 10 38 19 33 41 18 36 20 11 33 50 4 22 33 38 28 38 26 35 25 36 40 44 10 33 34 36 0 3 32 30 23 40 28 5 6 28
37 29 28 30 9 35 16 30 38 15 33 17 14 30 47 1 19 30 35 25 35 23 32 22 33 37 41 13 30 31 33 3 0 31 27 21 37 26 8 9 25
45 49 18 50 22 34 41 13 58 23 37 29 41 38 43 30 45 41 39 13 55 30 29 24 37 40 41 38 41 56 58 32 31 0 28 11 53 10 37 34 29
17 25 10 26 25 8 23 16 34 12 9 10 41 11 21 26 26 14 11 15 31 4 6 5 9 13 15 40 14 34 35 30 27 28 0 19 26 18 35 36 2
35 38 11 39 13 27 30 11 47 12 28 18 34 28 37 20 34 31 30 6 44 20 22 14 28 32 34 31 31 45 47 23 21 11 19 0 42 5 28 27 19
12 8 36 9 41 24 22 42 9 30 19 24 47 15 32 36 20 12 20 40 8 23 28 29 19 21 25 47 12 17 16 40 37 53 26 42 0 43 42 46 24
35 40 8 41 18 24 32 6 49 14 27 20 39 28 34 25 36 31 29 3 46 20 19 14 27 30 31 36 31 47 49 28 26 10 18 5 43 0 33 32 19
45 34 36 34 15 43 20 38 42 23 41 25 6 38 55 9 23 38 43 33 39 31 40 30 41 45 49 5 38 34 36 5 8 37 35 28 42 33 0 5 33
46 38 36 38 14 44 25 37 46 24 42 26 7 39 56 10 27 39 44 32 43 32 41 31 42 46 50 4 39 39 41 6 9 34 36 27 46 32 5 0 34
16 23 12 24 24 10 21 18 32 11 9 8 39 9 23 24 24 12 11 16 29 2 8 5 9 13 17 38 12 32 33 28 25 29 2 19 24 19 33 34 0
0 244
132 180
126 174
78 126
194 242
6 54
60 108
154 202
185 233
49 97
169 217
124 172
191 239
105 153
175 223
90 138
120 168
38 86
10 58
40 88
27 75
156 204
107 155
180 228
1 49
50 98
32 80
11 59
181 229
178 226
188 236
183 231
52 100
185 233
62 110
130 178
34 82
102 150
94 142
64 112
91 139
0
66
56
45
45
33
15
20
83
42
42
53
72
44
37
43
70
27
61
71
29
38
81
59
71
48
20
66
38
25
65
61
40
61
47
61
55
53
59
34
61
