41
1300
0 33 22 28 13 14 7 2 13 30 6 32 21 39 27 23 32 18 25 12 10 17 14 27 10 29 18 11 32 34 6 29 24 20 34 24 9 30 4 30 22
33 0 16 46 30 40 26 31 37 6 27 41 30 20 7 10 41 18 14 21 37 38 26 36 33 12 44 34 8 27 27 8 10 15 5 46 39 19 34 10 23
22 16 0 46 16 35 15 20 32 18 16 44 14 34 14 14 44 4 22 15 31 35 12 39 28 7 39 29 21 15 21 19 6 3 21 42 26 8 22 9 7
28 46 46 0 41 15 31 29 15 40 31 10 48 39 41 38 9 42 32 31 18 11 40 11 18 51 11 17 40 59 25 38 45 43 44 5 35 54 32 51 47
13 30 16 41 0 27 11 12 26 31 10 43 8 45 27 24 43 12 31 16 23 30 4 38 23 23 31 24 34 22 16 31 20 15 35 37 11 20 9 25 11
14 40 35 15 27 0 20 16 4 37 19 23 35 42 34 30 22 31 30 20 4 7 28 19 7 41 4 6 38 47 14 35 35 32 41 10 20 43 18 41 35
7 26 15 31 11 20 0 5 17 23 1 33 17 34 20 16 33 11 20 5 16 20 9 28 13 22 24 14 25 28 6 22 17 13 27 27 13 23 8 23 16
2 31 20 29 12 16 5 0 15 28 4 33 20 39 25 21 33 16 25 10 12 18 12 28 11 27 20 12 30 32 6 27 22 18 32 25 10 28 5 28 20
13 37 32 15 26 4 17 15 0 34 17 20 34 38 31 27 19 28 26 17 3 4 26 16 4 38 7 3 34 45 11 32 32 29 38 11 20 40 17 38 33
30 6 18 40 31 37 23 28 34 0 24 35 31 16 4 7 35 19 8 18 34 33 27 30 30 17 41 31 3 32 24 2 12 16 4 40 36 24 31 15 25
6 27 16 31 10 19 1 4 17 24 0 33 17 35 21 17 33 12 21 6 15 20 9 28 13 23 23 14 26 28 6 23 18 14 28 27 12 24 7 24 16
32 41 44 10 43 23 33 33 20 35 33 0 50 30 36 34 1 41 27 30 23 16 42 5 22 48 21 21 35 59 27 33 42 41 39 15 40 52 36 48 48
21 30 14 48 8 35 17 20 34 31 17 50 0 47 27 26 50 13 34 22 31 37 8 45 30 20 39 31 34 14 23 32 20 15 35 44 19 15 17 22 7
39 20 34 39 45 42 34 39 38 16 35 30 47 0 20 22 31 35 14 29 39 36 42 28 36 32 44 36 13 47 33 15 28 32 15 41 47 39 42 30 41
27 7 14 41 27 34 20 25 31 4 21 36 27 20 0 4 36 15 9 15 31 32 23 31 27 14 38 28 7 28 21 5 8 12 8 40 33 20 28 12 21
23 10 14 38 24 30 16 21 27 7 17 34 26 22 4 0 34 13 9 11 27 28 20 29 23 14 34 24 10 28 17 7 8 11 11 36 29 20 24 14 20
32 41 44 9 43 22 33 33 19 35 33 1 50 31 36 34 0 41 27 30 22 15 42 5 22 48 20 21 35 59 27 33 42 41 39 14 39 52 36 48 48
18 18 4 42 12 31 11 16 28 19 12 41 13 35 15 13 41 0 21 12 27 31 8 36 24 11 35 25 22 18 17 20 8 3 23 38 22 12 18 13 7
25 14 22 32 31 30 20 25 26 8 21 27 34 14 9 9 27 21 0 15 27 25 28 22 23 23 33 24 8 37 19 6 17 19 12 32 33 29 28 21 28
12 21 15 31 16 20 5 10 17 18 6 30 22 29 15 11 30 12 15 0 16 20 14 25 13 21 24 14 20 30 6 17 15 12 22 27 18 23 13 21 18
10 37 31 18 23 4 16 12 3 34 15 23 31 39 31 27 22 27 27 16 0 7 24 19 4 37 8 3 35 43 10 32 31 28 38 14 17 39 14 37 31
17 38 35 11 30 7 20 18 4 33 20 16 37 36 32 28 15 31 25 20 7 0 29 12 7 41 8 6 33 48 14 31 35 32 37 8 24 43 21 41 36
14 26 12 40 4 28 9 12 26 27 9 42 8 42 23 20 42 8 28 14 24 29 0 37 22 19 32 23 30 20 15 27 16 11 31 36 14 17 11 21 8
27 36 39 11 38 19 28 28 16 30 28 5 45 28 31 29 5 36 22 25 19 12 37 0 17 43 19 17 30 54 22 28 37 36 34 14 35 47 31 43 43
10 33 28 18 23 7 13 11 4 30 13 22 30 36 27 23 22 24 23 13 4 7 22 17 0 34 11 1 31 41 7 28 28 25 34 14 18 36 14 34 29
29 12 7 51 23 41 22 27 38 17 23 48 20 32 14 14 48 11 23 21 37 41 19 43 34 0 45 35 20 15 27 19 6 9 17 48 33 7 29 2 13
18 44 39 11 31 4 24 20 7 41 23 21 39 44 38 34 20 35 33 24 8 8 32 19 11 45 0 10 41 51 18 39 39 36 45 6 24 47 22 45 39
11 34 29 17 24 6 14 12 3 31 14 21 31 36 28 24 21 25 24 14 3 6 23 17 1 35 10 0 32 42 8 29 29 26 35 13 19 37 15 35 30
32 8 21 40 34 38 25 30 34 3 26 35 34 13 7 10 35 22 8 20 35 33 30 30 31 20 41 32 0 35 26 3 15 19 4 40 38 27 33 18 28
34 27 15 59 22 47 28 32 45 32 28 59 14 47 28 28 59 18 37 30 43 48 20 54 41 15 51 42 35 0 34 33 20 18 32 55 33 8 31 17 12
6 27 21 25 16 14 6 6 11 24 6 27 23 33 21 17 27 17 19 6 10 14 15 22 7 27 18 8 26 34 0 23 21 18 28 21 15 29 10 27 22
29 8 19 38 31 35 22 27 32 2 23 33 32 15 5 7 33 20 6 17 32 31 27 28 28 19 39 29 3 33 23 0 13 17 6 38 35 25 30 17 26
24 10 6 45 20 35 17 22 32 12 18 42 20 28 8 8 42 8 17 15 31 35 16 37 28 6 39 29 15 20 21 13 0 5 15 42 30 12 25 6 13
20 15 3 43 15 32 13 18 29 16 14 41 15 32 12 11 41 3 19 12 28 32 11 36 25 9 36 26 19 18 18 17 5 0 20 39 25 11 21 10 9
34 5 21 44 35 41 27 32 38 4 28 39 35 15 8 11 39 23 12 22 38 37 31 34 34 17 45 35 4 32 28 6 15 20 0 44 40 24 35 15 28
24 46 42 5 37 10 27 25 11 40 27 15 44 41 40 36 14 38 32 27 14 8 36 14 14 48 6 13 40 55 21 38 42 39 44 0 30 50 28 48 43
9 39 26 35 11 20 13 10 20 36 12 40 19 47 33 29 39 22 33 18 17 24 14 35 18 33 24 19 38 33 15 35 30 25 40 30 0 31 5 35 22
30 19 8 54 20 43 23 28 40 24 24 52 15 39 20 20 52 12 29 23 39 43 17 47 36 7 47 37 27 8 29 25 12 11 24 50 31 0 28 9 9
4 34 22 32 9 18 8 5 17 31 7 36 17 42 28 24 36 18 28 13 14 21 11 31 14 29 22 15 33 31 10 30 25 21 35 28 5 28 0 31 19
30 10 9 51 25 41 23 28 38 15 24 48 22 30 12 14 48 13 21 21 37 41 21 43 34 2 45 35 18 17 27 17 6 10 15 48 35 9 31 0 15
22 23 7 47 11 35 16 20 33 25 16 48 7 41 21 20 48 7 28 18 31 36 8 43 29 13 39 30 28 12 22 26 13 9 28 43 22 9 19 15 0
0 734
98 391
147 440
417 710
36 329
438 731
116 409
117 410
169 462
102 395
428 721
42 335
346 639
10 303
243 536
169 462
75 368
162 455
71 364
209 502
426 719
110 403
420 713
10 303
173 466
432 725
259 552
79 372
198 491
328 621
255 548
213 506
106 399
319 612
392 685
25 318
224 517
20 313
402 695
46 339
409 702
0
55
62
65
69
54
64
61
27
50
27
53
37
43
25
64
51
37
62
74
21
65
31
31
64
45
25
62
52
62
72
47
47
17
51
59
70
60
75
39
25
