41
1300
0 22 41 39 22 23 34 18 33 47 22 38 47 48 31 37 35 7 43 43 26 50 9 44 26 35 41 30 1 56 43 4 33 43 26 28 22 34 9 41 35
22 0 19 19 8 20 15 10 16 25 14 16 31 26 9 24 17 19 24 24 22 28 25 25 14 22 23 8 22 34 21 25 23 25 8 17 0 12 13 27 16
41 19 0 3 19 26 24 29 26 6 22 3 38 17 18 15 7 34 7 7 27 14 44 29 17 15 9 11 41 18 2 44 38 31 24 17 19 7 32 38 7
39 19 3 0 17 23 26 29 28 9 19 6 41 20 20 12 4 32 5 5 24 17 43 32 14 12 6 12 39 21 5 42 40 34 25 14 19 9 30 40 4
22 8 19 17 0 12 23 17 24 25 6 19 39 31 17 17 13 15 21 21 14 32 26 33 6 15 19 13 22 37 21 25 31 33 16 9 8 16 13 35 13
23 20 26 23 12 0 35 27 36 32 6 28 51 42 29 17 19 16 27 27 3 40 32 45 10 15 24 25 24 44 28 27 43 45 28 9 20 27 19 47 20
34 15 24 26 23 35 0 16 2 30 29 21 16 19 6 35 26 32 31 31 37 25 32 11 29 34 32 14 33 33 26 35 15 11 8 31 15 17 25 14 25
18 10 29 29 17 27 16 0 15 35 22 26 29 32 14 34 27 17 34 34 30 36 16 26 23 32 33 18 17 44 31 19 18 25 8 26 10 22 10 24 26
33 16 26 28 24 36 2 15 0 32 30 23 15 21 8 37 28 32 33 33 38 27 31 11 30 36 34 16 32 35 28 34 13 10 8 33 16 19 25 12 27
47 25 6 9 25 32 30 35 32 0 28 9 43 19 24 16 13 40 5 5 31 14 50 34 23 17 8 17 47 13 4 50 44 37 30 23 25 13 38 44 13
22 14 22 19 6 6 29 22 30 28 0 23 45 36 23 15 15 15 23 23 8 36 29 39 5 13 21 19 23 40 24 26 37 39 22 6 14 21 16 41 15
38 16 3 6 19 28 21 26 23 9 23 0 35 15 15 18 9 34 10 10 29 13 41 26 18 18 12 8 38 18 5 41 35 28 21 19 16 4 29 35 8
47 31 38 41 39 51 16 29 15 43 45 35 0 25 22 51 42 46 45 45 53 32 42 9 45 50 47 30 46 40 40 47 15 7 23 47 31 32 39 6 41
48 26 17 20 31 42 19 32 21 19 36 15 25 0 18 32 24 45 23 23 43 7 48 16 32 32 26 18 48 15 18 51 33 19 25 34 26 15 39 28 23
31 9 18 20 17 29 6 14 8 24 23 15 22 18 0 29 20 28 25 25 31 22 30 16 23 28 26 8 31 30 20 33 20 16 7 25 9 11 22 20 19
37 24 15 12 17 17 35 34 37 16 15 18 51 32 29 0 9 30 11 11 16 29 43 42 11 2 8 21 38 29 16 41 47 44 32 9 24 19 30 49 10
35 17 7 4 13 19 26 27 28 13 15 9 42 24 20 9 0 28 8 8 20 21 39 33 10 9 6 12 35 25 9 38 40 35 25 10 17 10 26 40 1
7 19 34 32 15 16 32 17 32 40 15 34 46 45 28 30 28 0 36 36 19 47 16 43 19 28 34 27 8 52 36 11 35 42 24 21 19 31 7 41 28
43 24 7 5 21 27 31 34 33 5 23 10 45 23 25 11 8 36 0 0 26 19 47 36 18 12 3 17 43 18 5 46 45 38 30 18 24 14 34 45 9
43 24 7 5 21 27 31 34 33 5 23 10 45 23 25 11 8 36 0 0 26 19 47 36 18 12 3 17 43 18 5 46 45 38 30 18 24 14 34 45 9
26 22 27 24 14 3 37 30 38 31 8 29 53 43 31 16 20 19 26 26 0 41 35 47 11 14 23 26 27 44 29 30 45 47 30 10 22 28 22 49 21
50 28 14 17 32 40 25 36 27 14 36 13 32 7 22 29 21 47 19 19 41 0 52 23 31 29 22 20 50 8 14 53 40 26 29 31 28 16 41 35 21
9 25 44 43 26 32 32 16 31 50 29 41 42 48 30 43 39 16 47 47 35 52 0 42 32 41 45 33 8 59 46 6 27 41 24 35 25 37 13 36 39
44 25 29 32 33 45 11 26 11 34 39 26 9 16 16 42 33 43 36 36 47 23 42 0 38 42 38 23 43 31 31 45 19 3 19 41 25 23 36 12 32
26 14 17 14 6 10 29 23 30 23 5 18 45 32 23 11 10 19 18 18 11 31 32 38 0 9 16 15 27 35 19 30 37 39 22 3 14 17 19 41 10
35 22 15 12 15 15 34 32 36 17 13 18 50 32 28 2 9 28 12 12 14 29 41 42 9 0 9 20 36 30 17 39 45 44 30 7 22 19 28 48 10
41 23 9 6 19 24 32 33 34 8 21 12 47 26 26 8 6 34 3 3 23 22 45 38 16 9 0 18 41 21 8 44 46 40 31 15 23 15 32 46 7
30 8 11 12 13 25 14 18 16 17 19 8 30 18 8 21 12 27 17 17 26 20 33 23 15 20 18 0 30 26 13 33 28 24 13 18 8 4 21 28 11
1 22 41 39 22 24 33 17 32 47 23 38 46 48 31 38 35 8 43 43 27 50 8 43 27 36 41 30 0 56 43 3 32 42 25 29 22 34 9 40 35
56 34 18 21 37 44 33 44 35 13 40 18 40 15 30 29 25 52 18 18 44 8 59 31 35 30 21 26 56 0 16 59 48 34 37 35 34 22 47 43 25
43 21 2 5 21 28 26 31 28 4 24 5 40 18 20 16 9 36 5 5 29 14 46 31 19 17 8 13 43 16 0 46 40 33 26 19 21 9 34 40 9
4 25 44 42 25 27 35 19 34 50 26 41 47 51 33 41 38 11 46 46 30 53 6 45 30 39 44 33 3 59 46 0 33 44 27 32 25 37 12 41 38
33 23 38 40 31 43 15 18 13 44 37 35 15 33 20 47 40 35 45 45 45 40 27 19 37 45 46 28 32 48 40 33 0 16 15 40 23 31 28 9 39
43 25 31 34 33 45 11 25 10 37 39 28 7 19 16 44 35 42 38 38 47 26 41 3 39 44 40 24 42 34 33 44 16 0 18 41 25 25 35 9 34
26 8 24 25 16 28 8 8 8 30 22 21 23 25 7 32 25 24 30 30 30 29 24 19 22 30 31 13 25 37 26 27 15 18 0 25 8 17 17 19 24
28 17 17 14 9 9 31 26 33 23 6 19 47 34 25 9 10 21 18 18 10 31 35 41 3 7 15 18 29 35 19 32 40 41 25 0 17 19 22 44 11
22 0 19 19 8 20 15 10 16 25 14 16 31 26 9 24 17 19 24 24 22 28 25 25 14 22 23 8 22 34 21 25 23 25 8 17 0 12 13 27 16
34 12 7 9 16 27 17 22 19 13 21 4 32 15 11 19 10 31 14 14 28 16 37 23 17 19 15 4 34 22 9 37 31 25 17 19 12 0 25 31 9
9 13 32 30 13 19 25 10 25 38 16 29 39 39 22 30 26 7 34 34 22 41 13 36 19 28 32 21 9 47 34 12 28 35 17 22 13 25 0 34 26
41 27 38 40 35 47 14 24 12 44 41 35 6 28 20 49 40 41 45 45 49 35 36 12 41 48 46 28 40 43 40 41 9 9 19 44 27 31 34 0 39
35 16 7 4 13 20 25 26 27 13 15 8 41 23 19 10 1 28 9 9 21 21 39 32 10 10 7 11 35 25 9 38 39 34 24 11 16 9 26 39 0
0 440
428 428
148 148
317 317
361 361
108 108
70 70
138 138
20 20
408 408
13 13
337 337
26 26
5 5
204 204
399 399
418 418
24 24
294 294
156 156
294 294
428 428
124 124
284 284
139 139
327 327
320 320
313 313
167 167
68 68
141 141
300 300
186 186
186 186
418 418
90 90
137 137
119 119
188 188
114 114
255 255
0
40
61
45
53
45
85
21
51
76
49
62
58
52
63
56
21
33
65
61
36
27
52
46
43
77
65
64
16
39
35
61
56
56
61
66
58
22
64
22
37
