41
1299
0 6 19 22 22 23 33 8 16 20 33 17 14 15 34 20 24 22 36 29 24 24 14 26 22 31 33 24 9 36 23 31 16 12 15 15 13 23 19 22 12
6 0 15 26 18 23 27 13 10 17 27 17 9 21 28 17 22 24 30 23 18 18 11 24 16 25 31 20 7 33 27 26 13 6 20 15 19 22 24 18 11
19 15 0 41 3 38 16 18 12 2 20 32 19 34 27 28 34 39 34 27 22 20 5 35 20 24 42 5 10 43 42 32 5 14 34 30 32 13 38 28 8
22 26 41 0 44 11 51 29 34 42 50 12 25 13 47 21 18 4 43 38 34 37 36 20 35 45 25 46 31 30 1 34 38 30 9 14 17 45 4 24 34
22 18 3 44 0 40 13 21 14 3 17 34 22 37 25 31 37 42 34 27 23 20 8 38 21 22 45 2 13 46 45 33 8 17 37 32 35 14 41 31 11
23 23 38 11 40 0 45 31 28 40 43 6 19 22 39 12 7 7 33 29 26 30 34 9 28 37 14 42 30 19 11 24 36 24 17 8 26 45 15 15 34
33 27 16 51 13 45 0 34 17 16 5 39 26 48 16 34 39 47 25 22 20 16 21 39 18 13 45 11 25 43 51 29 21 21 46 37 46 27 49 31 24
8 13 18 29 21 31 34 0 22 19 36 25 22 18 40 28 32 29 43 36 31 30 14 34 29 37 41 23 9 44 30 39 14 19 20 23 14 16 25 30 10
16 10 12 34 14 28 17 22 0 14 17 22 9 31 18 18 24 30 22 15 10 8 12 25 8 15 32 15 13 32 34 20 15 4 29 20 29 25 32 17 15
20 17 2 42 3 40 16 19 14 0 20 34 21 35 28 30 36 41 36 29 24 22 6 37 22 25 44 5 11 45 43 34 5 16 35 32 33 11 39 30 9
33 27 20 50 17 43 5 36 17 20 0 38 25 48 11 31 36 46 20 17 17 13 23 36 15 8 42 15 27 38 50 24 25 21 46 36 46 31 49 28 27
17 17 32 12 34 6 39 25 22 34 38 0 13 18 35 9 9 8 31 26 22 25 28 11 23 33 18 36 24 21 12 22 30 18 13 2 21 39 13 12 28
14 9 19 25 22 19 26 22 9 21 25 13 0 26 23 9 15 21 22 15 10 13 17 16 11 21 23 23 16 24 25 17 20 5 22 11 26 30 25 9 19
15 21 34 13 37 22 48 18 31 35 48 18 26 0 49 27 27 16 48 41 36 39 29 29 37 46 36 39 24 39 14 40 31 27 5 19 4 34 9 30 27
34 28 27 47 25 39 16 40 18 28 11 35 23 49 0 27 32 43 10 10 13 11 29 31 13 3 35 25 31 31 47 17 31 22 45 33 47 39 48 24 33
20 17 28 21 31 12 34 28 18 30 31 9 9 27 27 0 6 17 22 17 14 18 26 7 16 25 14 32 24 16 21 13 29 14 22 8 28 39 22 3 28
24 22 34 18 37 7 39 32 24 36 36 9 15 27 32 6 0 14 26 22 19 23 32 2 21 30 9 38 29 12 18 17 35 20 22 9 30 44 22 8 33
22 24 39 4 42 7 47 29 30 41 46 8 21 16 43 17 14 0 39 34 30 33 35 16 31 41 21 44 31 26 4 30 37 26 11 10 20 45 8 20 34
36 30 34 43 34 33 25 43 22 36 20 31 22 48 10 22 26 39 0 7 12 14 34 24 14 12 27 33 35 23 43 9 37 24 44 30 48 47 44 19 37
29 23 27 38 27 29 22 36 15 29 17 26 15 41 10 17 22 34 7 0 5 7 27 21 7 9 25 27 28 21 38 7 30 17 37 25 41 40 39 14 30
24 18 22 34 23 26 20 31 10 24 17 22 10 36 13 14 19 30 12 5 0 4 22 19 2 11 25 23 23 23 34 10 25 12 32 20 36 35 35 11 25
24 18 20 37 20 30 16 30 8 22 13 25 13 39 11 18 23 33 14 7 4 0 20 23 2 8 29 20 21 27 37 14 23 12 35 23 37 33 38 15 23
14 11 5 36 8 34 21 14 12 6 23 28 17 29 29 26 32 35 34 27 22 20 0 33 20 26 40 10 5 41 37 32 3 12 29 26 27 13 33 26 4
26 24 35 20 38 9 39 34 25 37 36 11 16 29 31 7 2 16 24 21 19 23 33 0 21 30 7 39 31 10 20 15 36 21 24 11 32 46 24 8 35
22 16 20 35 21 28 18 29 8 22 15 23 11 37 13 16 21 31 14 7 2 2 20 21 0 10 27 21 21 25 35 12 23 10 33 21 35 33 36 13 23
31 25 24 45 22 37 13 37 15 25 8 33 21 46 3 25 30 41 12 9 11 8 26 30 10 0 34 22 28 30 45 16 28 19 43 31 44 36 46 22 30
33 31 42 25 45 14 45 41 32 44 42 18 23 36 35 14 9 21 27 25 25 29 40 7 27 34 0 46 38 5 25 18 43 28 31 18 39 53 29 15 42
24 20 5 46 2 42 11 23 15 5 15 36 23 39 25 32 38 44 33 27 23 20 10 39 21 22 46 0 15 46 47 33 10 18 39 34 37 16 43 32 13
9 7 10 31 13 30 25 9 13 11 27 24 16 24 31 24 29 31 35 28 23 21 5 31 21 28 38 15 0 40 32 31 7 11 24 22 22 15 28 25 4
36 33 43 30 46 19 43 44 32 45 38 21 24 39 31 16 12 26 23 21 23 27 41 10 25 30 5 46 40 0 30 14 44 29 34 21 42 54 34 15 43
23 27 42 1 45 11 51 30 34 43 50 12 25 14 47 21 18 4 43 38 34 37 37 20 35 45 25 47 32 30 0 34 39 30 10 14 18 46 5 24 35
31 26 32 34 33 24 29 39 20 34 24 22 17 40 17 13 17 30 9 7 10 14 32 15 12 16 18 33 31 14 34 0 35 20 35 21 41 45 35 10 34
16 13 5 38 8 36 21 14 15 5 25 30 20 31 31 29 35 37 37 30 25 23 3 36 23 28 43 10 7 44 39 35 0 15 31 28 28 10 35 29 4
12 6 14 30 17 24 21 19 4 16 21 18 5 27 22 14 20 26 24 17 12 12 12 21 10 19 28 18 11 29 30 20 15 0 25 16 25 25 28 14 14
15 20 34 9 37 17 46 20 29 35 46 13 22 5 45 22 22 11 44 37 32 35 29 24 33 43 31 39 24 34 10 35 31 25 0 14 9 36 5 25 27
15 15 30 14 32 8 37 23 20 32 36 2 11 19 33 8 9 10 30 25 20 23 26 11 21 31 18 34 22 21 14 21 28 16 14 0 21 37 15 11 26
13 19 32 17 35 26 46 14 29 33 46 21 26 4 47 28 30 20 48 41 36 37 27 32 35 44 39 37 22 42 18 41 28 25 9 21 0 30 13 31 24
23 22 13 45 14 45 27 16 25 11 31 39 30 34 39 39 44 45 47 40 35 33 13 46 33 36 53 16 15 54 46 45 10 25 36 37 30 0 41 39 11
19 24 38 4 41 15 49 25 32 39 49 13 25 9 48 22 22 8 44 39 35 38 33 24 36 46 29 43 28 34 5 35 35 28 5 15 13 41 0 25 31
22 18 28 24 31 15 31 30 17 30 28 12 9 30 24 3 8 20 19 14 11 15 26 8 13 22 15 32 25 15 24 10 29 14 25 11 31 39 25 0 28
12 11 8 34 11 34 24 10 15 9 27 28 19 27 33 28 33 34 37 30 25 23 4 35 23 30 42 13 4 43 35 34 4 14 27 26 24 11 31 28 0
0 710
46 401
284 639
103 458
133 488
345 700
220 575
78 433
156 511
344 699
154 509
292 647
2 357
130 485
312 667
329 684
259 614
133 488
67 422
266 621
188 543
108 463
14 369
343 698
124 479
226 581
94 449
115 470
79 434
315 670
307 662
108 463
222 577
286 641
342 697
38 393
99 454
100 455
222 577
151 506
198 553
0
29
76
64
38
48
35
27
72
29
73
34
49
63
42
82
30
64
20
21
57
24
67
74
77
55
60
19
56
69
54
52
52
47
24
46
66
81
45
33
43
