41
1299
0 6 20 41 46 28 25 29 43 12 26 39 16 28 16 27 24 5 33 23 20 9 39 17 29 38 8 24 39 17 38 21 21 19 17 39 45 43 28 9 15
6 0 14 38 43 25 27 26 39 17 20 36 10 29 13 27 18 3 30 26 22 6 36 19 34 35 14 21 39 14 35 15 18 24 11 37 43 40 25 3 14
20 14 0 29 37 18 31 12 25 28 6 28 4 31 13 29 7 15 16 32 27 11 24 24 44 23 26 9 39 10 23 4 7 34 3 33 38 29 17 11 18
41 38 29 0 10 13 30 19 25 42 27 4 31 26 25 24 34 36 19 36 32 32 10 31 48 10 42 20 23 24 10 33 22 43 31 16 16 6 13 36 28
46 43 37 10 0 19 28 29 35 44 36 9 38 24 30 23 42 41 29 34 32 37 20 32 46 20 46 28 17 30 20 41 30 41 39 11 7 16 20 42 32
28 25 18 13 19 0 21 14 27 29 19 11 19 17 12 15 25 23 17 26 21 19 16 18 38 15 29 11 22 11 15 22 11 30 20 15 20 17 2 23 15
25 27 31 30 28 21 0 34 47 17 34 26 29 4 18 6 38 24 37 6 5 22 37 8 18 36 20 29 16 21 36 35 26 13 30 17 23 36 23 27 14
29 26 12 19 29 14 34 0 14 35 8 20 16 31 16 29 15 24 4 35 30 20 12 27 47 11 35 5 36 13 11 14 8 38 15 29 33 17 12 23 21
43 39 25 25 35 27 47 14 0 49 19 28 29 44 30 42 23 38 10 49 44 34 15 41 61 15 49 19 47 27 15 25 22 52 28 40 41 20 25 36 35
12 17 28 42 44 29 17 35 49 0 34 39 24 21 19 22 33 15 39 13 12 17 45 12 17 44 4 30 33 22 44 30 27 7 25 34 40 46 31 19 14
26 20 6 27 36 19 34 8 19 34 0 27 10 33 16 31 7 21 11 35 30 17 20 27 47 19 32 8 40 13 19 6 8 38 9 34 39 25 17 17 21
39 36 28 4 9 11 26 20 28 39 27 0 30 22 23 20 33 34 20 32 28 30 14 27 44 13 40 19 19 22 13 32 21 39 30 12 13 10 11 34 26
16 10 4 31 38 19 29 16 29 24 10 30 0 29 11 27 9 11 20 29 24 7 27 21 40 26 22 12 38 9 26 6 9 30 1 34 39 32 19 7 15
28 29 31 26 24 17 4 31 44 21 33 22 29 0 18 2 38 26 34 10 9 24 33 11 22 32 24 26 12 21 32 35 25 17 30 13 19 32 19 29 15
16 13 13 25 30 12 18 16 30 19 16 23 11 18 0 16 20 11 20 19 14 7 26 11 31 25 19 11 27 3 25 17 8 22 12 24 30 28 12 12 5
27 27 29 24 23 15 6 29 42 22 31 20 27 2 16 0 36 24 32 12 10 22 31 10 24 30 24 24 12 19 30 33 23 19 28 12 18 30 17 27 13
24 18 7 34 42 25 38 15 23 33 7 33 9 38 20 36 0 19 18 38 33 16 27 30 49 26 31 14 46 17 26 3 14 39 8 40 45 32 23 15 24
5 3 15 36 41 23 24 24 38 15 21 34 11 26 11 24 19 0 28 23 19 4 34 16 32 33 12 19 36 12 33 16 16 22 12 35 41 38 23 4 11
33 30 16 19 29 17 37 4 10 39 11 20 20 34 20 32 18 28 0 39 34 24 10 31 51 9 39 9 38 17 9 17 12 42 19 31 33 15 15 27 25
23 26 32 36 34 26 6 35 49 13 35 32 29 10 19 12 38 23 39 0 5 22 41 8 12 40 16 30 22 22 40 35 27 7 30 23 29 42 27 27 14
20 22 27 32 32 21 5 30 44 12 30 28 24 9 14 10 33 19 34 5 0 17 36 3 17 35 15 25 21 17 35 30 22 11 25 22 28 38 22 22 9
9 6 11 32 37 19 22 20 34 17 17 30 7 24 7 22 16 4 24 22 17 0 30 14 33 29 15 15 34 8 29 13 12 23 8 31 37 34 19 5 9
39 36 24 10 20 16 37 12 15 45 20 14 27 33 26 31 27 34 10 41 36 30 0 34 53 1 45 15 33 23 1 26 18 46 27 26 26 5 14 33 31
17 19 24 31 32 18 8 27 41 12 27 27 21 11 11 10 30 16 31 8 3 14 34 0 20 33 14 22 22 14 33 27 19 12 22 22 28 35 20 19 6
29 34 44 48 46 38 18 47 61 17 47 44 40 22 31 24 49 32 51 12 17 33 53 20 0 52 21 42 32 34 52 46 39 10 41 35 41 54 39 36 26
38 35 23 10 20 15 36 11 15 44 19 13 26 32 25 30 26 33 9 40 35 29 1 33 52 0 44 14 32 22 0 25 17 45 26 25 26 6 13 32 30
8 14 26 42 46 29 20 35 49 4 32 40 22 24 19 24 31 12 39 16 15 15 45 14 21 44 0 30 36 22 44 28 27 11 23 36 42 46 31 16 14
24 21 9 20 28 11 29 5 19 30 8 19 12 26 11 24 14 19 9 30 25 15 15 22 42 14 30 0 33 8 14 13 3 33 12 26 31 20 9 18 16
39 39 39 23 17 22 16 36 47 33 40 19 38 12 27 12 46 36 38 22 21 34 33 22 32 32 36 33 0 30 32 43 32 29 39 7 10 29 24 39 25
17 14 10 24 30 11 21 13 27 22 13 22 9 21 3 19 17 12 17 22 17 8 23 14 34 22 22 8 30 0 22 14 5 25 9 25 31 26 11 12 8
38 35 23 10 20 15 36 11 15 44 19 13 26 32 25 30 26 33 9 40 35 29 1 33 52 0 44 14 32 22 0 25 17 45 26 25 26 6 13 32 30
21 15 4 33 41 22 35 14 25 30 6 32 6 35 17 33 3 16 17 35 30 13 26 27 46 25 28 13 43 14 25 0 11 36 5 37 42 31 21 12 21
21 18 7 22 30 11 26 8 22 27 8 21 9 25 8 23 14 16 12 27 22 12 18 19 39 17 27 3 32 5 17 11 0 30 9 26 31 23 10 15 13
19 24 34 43 41 30 13 38 52 7 38 39 30 17 22 19 39 22 42 7 11 23 46 12 10 45 11 33 29 25 45 36 30 0 31 30 36 47 32 26 17
17 11 3 31 39 20 30 15 28 25 9 30 1 30 12 28 8 12 19 30 25 8 27 22 41 26 23 12 39 9 26 5 9 31 0 34 40 32 19 8 16
39 37 33 16 11 15 17 29 40 34 34 12 34 13 24 12 40 35 31 23 22 31 26 22 35 25 36 26 7 25 25 37 26 30 34 0 6 22 17 36 24
45 43 38 16 7 20 23 33 41 40 39 13 39 19 30 18 45 41 33 29 28 37 26 28 41 26 42 31 10 31 26 42 31 36 40 6 0 22 22 42 30
43 40 29 6 16 17 36 17 20 46 25 10 32 32 28 30 32 38 15 42 38 34 5 35 54 6 46 20 29 26 6 31 23 47 32 22 22 0 16 38 32
28 25 17 13 20 2 23 12 25 31 17 11 19 19 12 17 23 23 15 27 22 19 14 20 39 13 31 9 24 11 13 21 10 32 19 17 22 16 0 23 17
9 3 11 36 42 23 27 23 36 19 17 34 7 29 12 27 15 4 27 27 22 5 33 19 36 32 16 18 39 12 32 12 15 26 8 36 42 38 23 0 14
15 14 18 28 32 15 14 21 35 14 21 26 15 15 5 13 24 11 25 14 9 9 31 6 26 30 14 16 25 8 30 21 13 17 16 24 30 32 17 14 0
0 293
18 47
187 216
232 261
70 99
87 116
128 157
61 90
73 102
146 175
165 194
89 118
77 106
81 110
88 117
244 273
210 239
4 33
171 200
46 75
79 108
130 159
121 150
94 123
224 253
28 57
16 45
198 227
115 144
40 69
148 177
103 132
99 128
124 153
61 90
184 213
95 124
258 287
13 42
171 200
159 188
0
53
45
38
75
72
60
59
35
70
86
48
50
83
58
14
41
26
29
84
38
55
37
49
31
74
77
25
27
37
55
29
73
37
39
13
25
77
75
39
60
