41
1300
0 23 19 36 12 18 13 31 14 29 23 26 19 6 4 24 11 13 12 40 29 12 37 42 25 19 12 34 31 39 22 24 3 26 22 40 36 34 24 2 23
23 0 36 16 17 16 21 25 9 17 1 5 34 18 25 30 34 16 28 21 7 23 25 41 21 16 20 30 9 20 24 17 23 7 10 38 14 12 4 21 5
19 36 0 44 29 35 15 29 28 32 37 40 2 23 21 15 17 30 8 43 42 31 38 32 24 24 16 29 43 43 19 28 22 40 29 31 47 43 34 19 37
36 16 44 0 32 31 29 22 22 13 16 18 42 32 39 32 47 32 36 6 12 39 15 37 21 21 28 26 10 5 26 17 37 20 15 34 9 4 12 34 20
12 17 29 32 0 6 19 34 10 30 16 17 29 6 12 31 21 1 22 37 22 7 38 48 28 22 18 39 24 36 28 27 10 15 20 46 29 29 20 10 13
18 16 35 31 6 0 25 38 13 33 15 14 35 12 18 37 27 5 28 37 20 10 41 54 32 26 24 43 22 36 34 30 16 12 23 51 27 28 20 16 11
13 21 15 29 19 25 0 19 14 19 22 26 13 14 17 12 21 20 7 30 27 24 27 30 13 9 1 22 28 30 10 14 16 26 14 28 32 28 19 11 23
31 25 29 22 34 38 19 0 25 9 26 30 27 30 35 14 40 35 25 18 29 40 10 16 6 12 19 5 28 19 10 8 34 32 15 13 30 24 21 29 30
14 9 28 22 10 13 14 25 0 20 9 12 27 10 17 26 25 10 20 27 15 17 28 41 19 13 13 30 17 26 21 17 15 12 10 38 22 20 10 12 9
29 17 32 13 30 33 19 9 20 0 18 22 30 28 33 19 39 30 26 11 20 37 8 25 8 10 18 14 19 11 13 5 32 24 10 22 21 15 13 27 22
23 1 37 16 16 15 22 26 9 18 0 4 35 19 26 31 34 16 29 22 6 23 26 42 22 17 21 31 8 21 25 18 24 6 11 39 13 13 5 21 4
26 5 40 18 17 14 26 30 12 22 4 0 39 21 28 35 37 16 32 24 6 23 30 46 26 21 25 35 8 23 29 22 26 2 15 43 13 14 9 24 4
19 34 2 42 29 35 13 27 27 30 35 39 0 23 22 13 18 30 7 41 40 31 36 30 22 22 14 27 41 41 17 26 22 39 27 29 45 41 32 19 36
6 18 23 32 6 12 14 30 10 28 19 21 23 0 7 26 16 7 16 37 25 10 36 43 24 18 13 35 27 36 23 23 5 20 19 41 32 30 20 4 17
4 25 21 39 12 18 17 35 17 33 26 28 22 7 0 28 9 13 16 44 32 11 41 46 29 23 16 38 34 43 26 28 2 27 26 44 39 37 27 6 24
24 30 15 32 31 37 12 14 26 19 31 35 13 26 28 0 28 32 13 30 34 36 24 18 11 14 13 14 35 30 6 15 27 37 20 16 39 33 26 23 34
11 34 17 47 21 27 21 40 25 39 34 37 18 16 9 28 0 22 15 50 40 20 47 46 34 29 21 42 42 50 30 34 11 36 33 44 47 45 35 13 33
13 16 30 32 1 5 20 35 10 30 16 16 30 7 13 32 22 0 23 37 22 7 38 49 29 23 19 40 24 36 29 27 11 14 20 47 29 28 20 11 12
12 28 8 36 22 28 7 25 20 26 29 32 7 16 16 13 15 23 0 37 34 24 33 31 19 16 8 27 35 37 15 21 15 32 21 29 39 35 26 12 29
40 21 43 6 37 37 30 18 27 11 22 24 41 37 44 30 50 37 37 0 18 44 9 33 19 21 29 22 16 1 24 16 42 26 18 30 15 10 17 38 26
29 7 42 12 22 20 27 29 15 20 6 6 40 25 32 34 40 22 34 18 0 29 26 45 25 20 26 34 2 17 28 21 30 8 14 42 7 8 8 27 10
12 23 31 39 7 10 24 40 17 37 23 23 31 10 11 36 20 7 24 44 29 0 45 53 34 28 23 45 31 43 33 33 9 21 27 51 36 35 27 13 19
37 25 38 15 38 41 27 10 28 8 26 30 36 36 41 24 47 38 33 9 26 45 0 24 14 18 26 13 24 10 19 13 40 32 18 21 24 18 21 35 30
42 41 32 37 48 54 30 16 41 25 42 46 30 43 46 18 46 49 31 33 45 53 24 0 22 28 30 11 44 34 20 24 45 48 31 3 46 40 37 40 46
25 21 24 21 28 32 13 6 19 8 22 26 22 24 29 11 34 29 19 19 25 34 14 22 0 6 13 11 25 19 5 4 28 28 11 19 28 22 17 23 26
19 16 24 21 22 26 9 12 13 10 17 21 22 18 23 14 29 23 16 21 20 28 18 28 6 0 8 17 21 21 8 5 22 23 6 25 25 20 12 17 20
12 20 16 28 18 24 1 19 13 18 21 25 14 13 16 13 21 19 8 29 26 23 26 30 13 8 0 22 27 29 10 13 15 25 13 28 31 27 18 10 22
34 30 29 26 39 43 22 5 30 14 31 35 27 35 38 14 42 40 27 22 34 45 13 11 11 17 22 0 33 23 12 13 37 37 20 8 35 29 26 32 35
31 9 43 10 24 22 28 28 17 19 8 8 41 27 34 35 42 24 35 16 2 31 24 44 25 21 27 33 0 15 29 21 32 10 15 41 5 6 9 29 12
39 20 43 5 36 36 30 19 26 11 21 23 41 36 43 30 50 36 37 1 17 43 10 34 19 21 29 23 15 0 24 16 41 25 17 31 14 9 16 37 25
22 24 19 26 28 34 10 10 21 13 25 29 17 23 26 6 30 29 15 24 28 33 19 20 5 8 10 12 29 24 0 9 25 31 14 18 33 27 20 20 28
24 17 28 17 27 30 14 8 17 5 18 22 26 23 28 15 34 27 21 16 21 33 13 24 4 5 13 13 21 16 9 0 27 24 7 21 24 18 13 22 22
3 23 22 37 10 16 16 34 15 32 24 26 22 5 2 27 11 11 15 42 30 9 40 45 28 22 15 37 32 41 25 27 0 25 24 43 37 35 25 5 22
26 7 40 20 15 12 26 32 12 24 6 2 39 20 27 37 36 14 32 26 8 21 32 48 28 23 25 37 10 25 31 24 25 0 17 45 15 16 11 24 3
22 10 29 15 20 23 14 15 10 10 11 15 27 19 26 20 33 20 21 18 14 27 18 31 11 6 13 20 15 17 14 7 24 17 0 28 19 14 6 20 15
40 38 31 34 46 51 28 13 38 22 39 43 29 41 44 16 44 47 29 30 42 51 21 3 19 25 28 8 41 31 18 21 43 45 28 0 43 37 34 38 43
36 14 47 9 29 27 32 30 22 21 13 13 45 32 39 39 47 29 39 15 7 36 24 46 28 25 31 35 5 14 33 24 37 15 19 43 0 6 13 34 17
34 12 43 4 29 28 28 24 20 15 13 14 41 30 37 33 45 28 35 10 8 35 18 40 22 20 27 29 6 9 27 18 35 16 14 37 6 0 10 32 17
24 4 34 12 20 20 19 21 10 13 5 9 32 20 27 26 35 20 26 17 8 27 21 37 17 12 18 26 9 16 20 13 25 11 6 34 13 10 0 22 9
2 21 19 34 10 16 11 29 12 27 21 24 19 4 6 23 13 11 12 38 27 13 35 40 23 17 10 32 29 37 20 22 5 24 20 38 34 32 22 0 21
23 5 37 20 13 11 23 30 9 22 4 4 36 17 24 34 33 12 29 26 10 19 30 46 26 20 22 35 12 25 28 22 22 3 15 43 17 17 9 21 0
0 342
140 242
38 140
78 180
89 191
90 192
39 141
139 241
53 155
32 134
18 120
47 149
34 136
147 249
58 160
191 293
202 304
229 331
134 236
147 249
198 300
220 322
5 107
199 301
190 292
31 133
215 317
75 177
0 102
168 270
233 335
228 330
43 145
128 230
182 284
125 227
58 160
106 208
119 221
203 305
116 218
0
33
50
52
64
33
62
29
40
83
72
61
37
41
25
16
45
57
28
31
33
34
26
71
50
36
54
41
67
69
41
76
40
88
76
36
49
72
47
77
57
