41
1301
0 33 4 24 36 26 29 12 23 33 23 6 22 41 27 15 17 0 43 1 35 19 1 12 6 25 9 18 6 12 25 17 20 35 41 7 33 20 6 35 28
33 0 35 14 28 14 22 22 45 20 10 37 34 37 29 18 24 33 37 33 41 20 32 40 39 15 28 16 30 22 12 18 13 51 37 26 56 13 37 9 5
4 35 0 28 35 30 28 16 19 32 25 10 19 38 26 17 16 4 40 5 32 23 5 8 5 26 8 19 5 13 29 18 22 31 38 11 29 22 10 36 30
24 14 28 0 35 2 26 12 42 28 8 28 32 44 32 13 21 24 44 24 43 6 23 35 30 19 23 13 25 17 2 15 10 50 44 17 53 10 28 20 9
36 28 35 35 0 35 9 33 27 8 27 42 17 9 9 26 20 36 9 37 14 37 36 31 40 16 27 24 30 27 33 22 26 27 9 34 34 26 42 20 28
26 14 30 2 35 0 26 14 43 28 8 30 33 44 32 15 22 26 44 26 44 8 25 37 32 19 25 14 27 19 2 16 11 51 44 19 54 11 30 20 9
29 22 28 26 9 26 0 24 26 5 18 34 15 18 7 17 12 29 18 29 19 28 28 27 33 7 20 15 23 18 24 13 17 30 18 25 35 17 34 15 19
12 22 16 12 33 14 24 0 33 28 12 16 26 41 28 7 16 12 42 12 39 7 11 24 18 19 14 10 13 9 13 11 10 44 41 5 44 10 16 26 17
23 45 19 42 27 43 26 33 0 30 35 29 11 26 19 29 21 23 28 24 17 40 24 11 22 30 19 29 20 25 41 27 32 12 26 28 11 32 29 40 40
33 20 32 28 8 28 5 28 30 0 20 38 19 17 11 21 16 33 17 33 21 30 32 32 37 9 24 18 27 22 26 17 19 34 17 29 39 19 38 12 20
23 10 25 8 27 8 18 12 35 20 0 27 25 36 24 8 14 23 36 23 36 11 22 30 29 11 18 6 20 12 6 8 3 43 36 16 46 3 27 15 5
6 37 10 28 42 30 34 16 29 38 27 0 28 47 33 19 22 6 49 5 41 22 6 18 8 30 15 22 12 17 29 22 24 41 47 11 39 24 0 40 32
22 34 19 32 17 33 15 26 11 19 25 28 0 19 8 20 11 22 21 23 13 32 22 14 24 19 14 19 16 17 31 17 22 18 19 23 22 22 28 29 30
41 37 38 44 9 44 18 41 26 17 36 47 19 0 14 34 26 41 2 42 9 46 41 33 43 25 32 32 35 33 42 30 35 22 0 40 30 35 47 29 37
27 29 26 32 9 32 7 28 19 11 24 33 8 14 0 21 12 27 16 28 12 33 27 22 31 14 18 19 21 19 30 17 22 23 14 26 28 22 33 22 26
15 18 17 13 26 15 17 7 29 21 8 19 20 34 21 0 9 15 35 15 32 12 14 22 21 12 10 3 12 4 13 4 5 38 34 8 40 5 19 21 13
17 24 16 21 20 22 12 16 21 16 14 22 11 26 12 9 0 17 28 17 23 21 16 17 21 11 8 8 11 7 20 6 11 29 26 14 32 11 22 22 19
0 33 4 24 36 26 29 12 23 33 23 6 22 41 27 15 17 0 43 1 35 19 1 12 6 25 9 18 6 12 25 17 20 35 41 7 33 20 6 35 28
43 37 40 44 9 44 18 42 28 17 36 49 21 2 16 35 28 43 0 44 11 46 43 35 45 25 34 33 37 35 42 31 35 24 2 42 32 35 49 29 37
1 33 5 24 37 26 29 12 24 33 23 5 23 42 28 15 17 1 44 0 36 19 1 13 7 25 10 18 7 12 25 17 20 36 42 7 34 20 5 35 28
35 41 32 43 14 44 19 39 17 21 36 41 13 9 12 32 23 35 11 36 0 44 35 25 36 26 27 30 29 30 42 28 33 13 9 36 21 33 41 33 38
19 20 23 6 37 8 28 7 40 30 11 22 32 46 33 12 21 19 46 19 44 0 18 31 25 21 21 14 20 15 8 16 11 50 46 12 51 11 22 26 15
1 32 5 23 36 25 28 11 24 32 22 6 22 41 27 14 16 1 43 1 35 18 0 13 7 24 9 17 6 11 24 16 19 36 41 6 34 19 6 34 27
12 40 8 35 31 37 27 24 11 32 30 18 14 33 22 22 17 12 35 13 25 31 13 0 11 28 12 24 11 18 35 22 27 23 33 19 21 27 18 39 35
6 39 5 30 40 32 33 18 22 37 29 8 24 43 31 21 21 6 45 7 36 25 7 11 0 31 13 24 10 18 31 23 26 34 43 13 31 26 8 41 34
25 15 26 19 16 19 7 19 30 9 11 30 19 25 14 12 11 25 25 25 26 21 24 28 31 0 18 10 21 13 17 8 10 36 25 20 41 10 30 11 12
9 28 8 23 27 25 20 14 19 24 18 15 14 32 18 10 8 9 34 10 27 21 9 12 13 18 0 12 3 6 23 11 15 30 32 9 30 15 15 29 23
18 16 19 13 24 14 15 10 29 18 6 22 19 32 19 3 8 18 33 18 30 14 17 24 24 10 12 0 14 6 12 2 3 37 32 11 40 3 22 19 11
6 30 5 25 30 27 23 13 20 27 20 12 16 35 21 12 11 6 37 7 29 20 6 11 10 21 3 14 0 8 25 13 17 31 35 8 31 17 12 31 25
12 22 13 17 27 19 18 9 25 22 12 17 17 33 19 4 7 12 35 12 30 15 11 18 18 13 6 6 8 0 17 5 9 35 33 7 36 9 17 23 17
25 12 29 2 33 2 24 13 41 26 6 29 31 42 30 13 20 25 42 25 42 8 24 35 31 17 23 12 25 17 0 14 9 49 42 18 52 9 29 18 7
17 18 18 15 22 16 13 11 27 17 8 22 17 30 17 4 6 17 31 17 28 16 16 22 23 8 11 2 13 5 14 0 5 35 30 12 38 5 22 18 13
20 13 22 10 26 11 17 10 32 19 3 24 22 35 22 5 11 20 35 20 33 11 19 27 26 10 15 3 17 9 9 5 0 40 35 13 43 0 24 16 8
35 51 31 50 27 51 30 44 12 34 43 41 18 22 23 38 29 35 24 36 13 50 36 23 34 36 30 37 31 35 49 35 40 0 22 39 8 40 41 45 48
41 37 38 44 9 44 18 41 26 17 36 47 19 0 14 34 26 41 2 42 9 46 41 33 43 25 32 32 35 33 42 30 35 22 0 40 30 35 47 29 37
7 26 11 17 34 19 25 5 28 29 16 11 23 40 26 8 14 7 42 7 36 12 6 19 13 20 9 11 8 7 18 12 13 39 40 0 39 13 11 29 21
33 56 29 53 34 54 35 44 11 39 46 39 22 30 28 40 32 33 32 34 21 51 34 21 31 41 30 40 31 36 52 38 43 8 30 39 0 43 39 50 51
20 13 22 10 26 11 17 10 32 19 3 24 22 35 22 5 11 20 35 20 33 11 19 27 26 10 15 3 17 9 9 5 0 40 35 13 43 0 24 16 8
6 37 10 28 42 30 34 16 29 38 27 0 28 47 33 19 22 6 49 5 41 22 6 18 8 30 15 22 12 17 29 22 24 41 47 11 39 24 0 40 32
35 9 36 20 20 20 15 26 40 12 15 40 29 29 22 21 22 35 29 35 33 26 34 39 41 11 29 19 31 23 18 18 16 45 29 29 50 16 40 0 11
28 5 30 9 28 9 19 17 40 20 5 32 30 37 26 13 19 28 37 28 38 15 27 35 34 12 23 11 25 17 7 13 8 48 37 21 51 8 32 11 0
0 465
55 287
208 440
31 263
101 333
12 244
136 368
144 376
216 448
61 293
168 400
70 302
231 463
103 335
20 252
143 375
132 364
216 448
98 330
119 351
157 389
63 295
101 333
92 324
59 291
58 290
159 391
65 297
226 458
99 331
98 330
103 335
184 416
163 395
139 371
114 346
121 353
102 334
57 289
107 339
117 349
0
46
70
60
48
25
18
31
23
41
32
74
33
72
46
69
30
77
63
54
73
15
43
76
48
72
46
83
75
48
18
60
38
65
51
13
38
57
14
79
77
