41
1300
0 35 19 4 17 24 22 29 10 16 34 38 53 13 1 33 4 39 29 29 25 33 43 43 41 8 26 12 47 27 30 31 35 7 47 6 32 16 40 29 18
35 0 25 32 19 12 24 9 25 40 4 9 20 23 36 17 36 10 11 17 19 9 26 15 7 28 21 36 16 15 23 25 17 32 16 30 8 27 6 19 20
19 25 0 15 17 19 28 16 11 16 22 32 44 19 20 15 18 33 15 11 6 19 24 28 29 19 30 12 41 10 35 36 33 12 41 20 27 3 28 31 5
4 32 15 0 15 22 22 26 7 14 31 36 51 13 5 30 4 37 26 26 21 30 39 40 38 8 26 9 45 24 30 31 34 3 45 7 30 12 37 29 15
17 19 17 15 0 7 11 16 9 27 20 21 36 5 18 24 19 22 17 20 18 20 34 30 26 10 13 22 30 18 18 19 19 16 30 12 15 17 25 15 12
24 12 19 22 7 0 12 13 15 33 14 14 29 11 24 22 26 15 14 19 19 17 32 26 19 16 12 28 23 17 16 18 14 22 23 18 8 21 18 12 14
22 24 28 22 11 12 0 25 19 36 26 22 36 10 22 34 26 22 26 31 29 29 44 38 30 14 4 31 30 29 8 9 13 25 30 16 16 28 30 7 23
29 9 16 26 16 13 25 0 19 32 6 18 28 21 30 10 30 19 2 8 10 4 20 14 13 25 24 28 25 6 28 30 24 25 25 27 15 19 12 24 12
10 25 11 7 9 15 19 19 0 18 24 29 44 9 11 23 11 30 19 19 15 23 33 33 31 8 22 13 38 17 27 28 28 7 38 9 23 9 30 24 8
16 40 16 14 27 33 36 32 18 0 38 47 60 26 17 31 12 48 31 27 22 35 38 44 45 22 39 5 56 26 44 45 46 11 56 21 41 14 44 42 20
34 4 22 31 20 14 26 6 24 38 0 13 22 25 35 13 35 14 7 13 16 5 22 12 7 30 25 34 19 12 27 29 21 31 19 31 12 25 6 23 18
38 9 32 36 21 14 22 18 29 47 13 0 15 25 38 26 40 1 20 26 28 18 35 22 11 30 18 42 9 24 19 20 10 36 9 32 6 34 12 15 27
53 20 44 51 36 29 36 28 44 60 22 15 0 40 53 34 55 14 29 35 38 26 40 25 15 45 32 56 6 34 32 33 23 51 6 47 21 47 16 29 40
13 23 19 13 5 11 10 21 9 26 25 25 40 0 13 28 17 26 22 24 22 25 38 35 30 5 13 21 34 22 18 19 22 15 34 7 19 18 29 16 15
1 36 20 5 18 24 22 30 11 17 35 38 53 13 0 34 5 39 30 30 26 34 44 44 42 8 26 13 47 28 30 31 35 8 47 6 32 17 41 29 19
33 17 15 30 24 22 34 10 23 31 13 26 34 28 34 0 33 27 8 4 9 8 10 14 19 31 34 27 32 6 38 40 34 27 32 32 25 18 18 34 15
4 36 18 4 19 26 26 30 11 12 35 40 55 17 5 33 0 41 30 29 24 34 42 44 42 12 30 9 49 28 34 35 38 6 49 10 34 15 41 33 19
39 10 33 37 22 15 22 19 30 48 14 1 14 26 39 27 41 0 21 27 29 19 36 22 11 31 18 43 8 25 19 20 10 37 8 33 7 35 12 15 28
29 11 15 26 17 14 26 2 19 31 7 20 29 22 30 8 30 21 0 6 9 4 18 14 14 26 26 27 26 5 30 32 26 25 26 27 17 18 13 26 12
29 17 11 26 20 19 31 8 19 27 13 26 35 24 30 4 29 27 6 0 5 9 14 17 20 27 31 23 32 2 35 37 32 23 32 28 23 14 19 31 11
25 19 6 21 18 19 29 10 15 22 16 28 38 22 26 9 24 29 9 5 0 13 18 22 23 23 31 18 35 4 35 37 33 18 35 24 25 9 22 31 7
33 9 19 30 20 17 29 4 23 35 5 18 26 25 34 8 34 19 4 9 13 0 17 10 11 29 28 31 24 9 31 33 26 29 24 31 17 22 10 27 16
43 26 24 39 34 32 44 20 33 38 22 35 40 38 44 10 42 36 18 14 18 17 0 15 25 41 44 36 38 16 48 50 43 36 38 42 34 27 24 44 25
43 15 28 40 30 26 38 14 33 44 12 22 25 35 44 14 44 22 14 17 22 10 15 0 11 39 36 40 24 18 38 40 32 39 24 41 23 31 10 34 26
41 7 29 38 26 19 30 13 31 45 7 11 15 30 42 19 42 11 14 20 23 11 25 11 0 35 27 41 13 19 29 31 21 38 13 37 14 32 1 25 25
8 28 19 8 10 16 14 25 8 22 30 30 45 5 8 31 12 31 26 27 23 29 41 39 35 0 18 17 39 25 22 23 27 11 39 2 24 17 34 21 16
26 21 30 26 13 12 4 24 22 39 25 18 32 13 26 34 30 18 26 31 31 28 44 36 27 18 0 34 26 29 5 6 9 28 26 20 13 30 27 3 25
12 36 12 9 22 28 31 28 13 5 34 42 56 21 13 27 9 43 27 23 18 31 36 40 41 17 34 0 51 22 39 40 41 6 51 16 36 9 40 37 16
47 16 41 45 30 23 30 25 38 56 19 9 6 34 47 32 49 8 26 32 35 24 38 24 13 39 26 51 0 31 26 27 17 45 0 41 15 43 14 23 36
27 15 10 24 18 17 29 6 17 26 12 24 34 22 28 6 28 25 5 2 4 9 16 18 19 25 29 22 31 0 33 35 30 22 31 26 21 13 18 29 9
30 23 35 30 18 16 8 28 27 44 27 19 32 18 30 38 34 19 30 35 35 31 48 38 29 22 5 39 26 33 0 2 9 33 26 24 15 35 29 4 30
31 25 36 31 19 18 9 30 28 45 29 20 33 19 31 40 35 20 32 37 37 33 50 40 31 23 6 40 27 35 2 0 10 34 27 25 17 36 31 6 31
35 17 33 34 19 14 13 24 28 46 21 10 23 22 35 34 38 10 26 32 33 26 43 32 21 27 9 41 17 30 9 10 0 35 17 29 9 35 22 6 28
7 32 12 3 16 22 25 25 7 11 31 36 51 15 8 27 6 37 25 23 18 29 36 39 38 11 28 6 45 22 33 34 35 0 45 10 30 9 37 31 13
47 16 41 45 30 23 30 25 38 56 19 9 6 34 47 32 49 8 26 32 35 24 38 24 13 39 26 51 0 31 26 27 17 45 0 41 15 43 14 23 36
6 30 20 7 12 18 16 27 9 21 31 32 47 7 6 32 10 33 27 28 24 31 42 41 37 2 20 16 41 26 24 25 29 10 41 0 26 17 36 23 17
32 8 27 30 15 8 16 15 23 41 12 6 21 19 32 25 34 7 17 23 25 17 34 23 14 24 13 36 15 21 15 17 9 30 15 26 0 29 14 11 22
16 27 3 12 17 21 28 19 9 14 25 34 47 18 17 18 15 35 18 14 9 22 27 31 32 17 30 9 43 13 35 36 35 9 43 17 29 0 31 32 7
40 6 28 37 25 18 30 12 30 44 6 12 16 29 41 18 41 12 13 19 22 10 24 10 1 34 27 40 14 18 29 31 22 37 14 36 14 31 0 25 24
29 19 31 29 15 12 7 24 24 42 23 15 29 16 29 34 33 15 26 31 31 27 44 34 25 21 3 37 23 29 4 6 6 31 23 23 11 32 25 0 26
18 20 5 15 12 14 23 12 8 20 18 27 40 15 19 15 19 28 12 11 7 16 25 26 25 16 25 16 36 9 30 31 28 13 36 17 22 7 24 26 0
0 416
108 149
41 82
85 126
15 56
329 370
149 190
74 115
361 402
76 117
108 149
77 118
122 163
131 172
145 186
27 68
62 103
167 208
212 253
119 160
32 73
360 401
249 290
225 266
206 247
301 342
20 61
185 226
265 306
247 288
197 238
281 322
170 211
212 253
304 345
7 48
300 341
176 217
141 182
205 246
298 339
0
40
84
62
69
72
71
61
30
87
74
55
58
57
22
79
58
74
32
47
55
26
44
53
28
75
73
21
54
78
50
41
19
45
22
25
31
38
52
20
18
