51
1627
0 39 30 23 7 31 7 8 39 19 40 26 17 8 20 17 16 18 9 45 14 39 17 18 12 8 30 23 14 29 27 15 11 33 29 22 2 36 30 28 22 15 11 28 13 21 37 30 0 24 37
39 0 31 26 46 17 38 32 2 21 50 24 22 37 21 23 32 46 37 11 44 20 29 35 42 40 42 29 53 41 15 34 32 7 37 41 37 20 18 20 27 42 28 11 50 42 29 16 39 44 40
30 31 0 8 37 14 36 22 33 19 65 7 29 37 32 18 40 47 38 42 43 46 13 43 41 25 55 7 41 54 17 40 35 25 52 49 30 44 38 39 39 44 27 29 43 48 51 36 30 51 59
23 26 8 0 30 10 29 15 28 11 57 3 21 30 24 10 32 40 31 37 36 40 6 35 34 20 47 3 36 46 11 33 28 19 44 41 23 38 31 32 31 37 20 23 36 41 44 29 23 44 51
7 46 37 30 0 38 8 15 46 26 39 33 24 9 25 24 18 15 10 51 11 43 24 19 9 13 29 30 8 28 34 16 14 40 30 21 9 40 34 32 25 13 18 35 6 20 39 35 7 23 38
31 17 14 10 38 0 33 23 19 12 56 7 20 34 22 14 32 44 34 28 40 34 15 35 38 29 46 13 45 45 5 34 30 12 42 41 30 32 26 28 29 40 22 17 44 42 39 24 31 44 49
7 38 36 29 8 33 0 14 38 21 33 32 16 1 17 21 10 11 2 43 7 35 23 11 5 15 23 29 16 22 29 8 6 33 22 15 6 32 26 24 17 8 11 27 12 14 31 27 7 17 30
8 32 22 15 15 23 14 0 34 11 44 18 13 15 16 9 19 25 16 40 21 36 9 22 19 8 34 15 22 33 19 19 14 25 33 28 8 33 26 25 21 22 7 23 21 27 37 26 8 30 41
39 2 33 28 46 19 38 34 0 23 49 26 22 37 21 25 32 46 37 9 44 18 31 35 42 42 41 31 53 40 17 34 32 9 36 41 37 18 17 19 27 42 28 11 50 42 27 15 39 44 38
19 21 19 11 26 12 21 11 23 0 47 12 10 22 13 2 22 32 22 30 28 30 9 25 26 19 37 13 33 36 8 23 18 14 33 31 18 27 20 21 20 28 10 13 32 31 33 19 19 34 40
40 50 65 57 39 56 33 44 49 47 0 59 37 32 34 47 25 27 31 46 28 33 52 22 30 48 10 58 46 11 51 25 30 48 14 18 39 31 32 30 27 26 38 41 38 19 22 34 40 16 11
26 24 7 3 33 7 32 18 26 12 59 0 22 33 25 12 34 43 34 35 39 39 9 37 37 23 49 6 39 48 10 35 30 18 45 43 26 37 31 32 32 40 22 22 39 43 44 29 26 46 52
17 22 29 21 24 20 16 13 22 10 37 22 0 16 3 11 12 25 16 28 23 23 17 15 21 21 27 22 31 26 15 14 11 17 23 21 15 20 13 12 10 21 6 11 28 22 24 13 17 24 30
8 37 37 30 9 34 1 15 37 22 32 33 16 0 16 21 9 11 1 42 7 34 24 10 5 16 22 30 17 21 30 7 5 33 21 14 7 31 25 23 16 7 12 26 13 13 30 26 8 16 29
20 21 32 24 25 22 17 16 21 13 34 25 3 16 0 14 11 25 16 26 23 20 20 14 21 24 24 25 33 23 17 13 11 17 20 20 18 17 10 9 7 21 9 10 29 21 21 10 20 23 27
17 23 18 10 24 14 21 9 25 2 47 12 11 21 14 0 22 32 22 32 28 32 7 25 26 17 37 11 31 36 10 23 18 16 34 31 16 29 22 23 21 28 10 15 30 31 35 21 17 34 41
16 32 40 32 18 32 10 19 32 22 25 34 12 9 11 22 0 15 8 35 13 26 27 3 13 24 15 33 26 14 27 3 5 28 14 9 14 23 17 15 7 11 13 21 21 10 21 19 16 12 22
18 46 47 40 15 44 11 25 46 32 27 43 25 11 25 32 15 0 10 50 4 40 34 13 6 26 17 40 20 16 40 12 14 42 19 9 17 37 32 30 22 4 22 35 12 8 31 34 18 11 26
9 37 38 31 10 34 2 16 37 22 31 34 16 1 16 22 8 10 0 42 7 34 25 9 5 17 21 31 18 20 30 6 5 33 20 13 8 31 25 23 15 6 12 26 13 12 29 26 9 15 28
45 11 42 37 51 28 43 40 9 30 46 35 28 42 26 32 35 50 42 0 48 13 39 37 47 48 40 40 59 39 26 38 37 18 35 42 43 15 18 20 28 46 34 17 55 43 24 16 45 45 35
14 44 43 36 11 40 7 21 44 28 28 39 23 7 23 28 13 4 7 48 0 38 30 11 2 22 18 36 18 17 36 10 12 40 20 10 13 35 30 28 20 2 18 33 10 9 31 32 14 12 27
39 20 46 40 43 34 35 36 18 30 33 39 23 34 20 32 26 40 34 13 38 0 39 27 39 44 27 43 51 26 29 29 29 22 22 31 37 3 10 11 19 36 29 17 47 32 11 11 39 33 22
17 29 13 6 24 15 23 9 31 9 52 9 17 24 20 7 27 34 25 39 30 39 0 30 28 14 42 6 30 41 14 27 22 22 40 36 17 36 29 29 27 31 14 22 30 35 41 28 17 38 47
18 35 43 35 19 35 11 22 35 25 22 37 15 10 14 25 3 13 9 37 11 27 30 0 12 26 12 36 27 11 30 3 8 31 11 6 17 24 19 17 9 9 16 24 21 7 20 21 18 9 19
12 42 41 34 9 38 5 19 42 26 30 37 21 5 21 26 13 6 5 47 2 39 28 12 0 20 20 34 16 19 34 10 10 38 22 12 11 36 30 28 20 4 16 31 9 11 32 31 12 14 29
8 40 25 20 13 29 15 8 42 19 48 23 21 16 24 17 24 26 17 48 22 44 14 26 20 0 38 19 16 37 27 23 19 33 37 30 10 41 34 33 29 23 15 31 19 29 45 34 8 32 45
30 42 55 47 29 46 23 34 41 37 10 49 27 22 24 37 15 17 21 40 18 27 42 12 20 38 0 48 36 1 41 15 20 39 5 8 29 25 24 22 17 16 28 32 28 9 17 26 30 7 10
23 29 7 3 30 13 29 15 31 13 58 6 22 30 25 11 33 40 31 40 36 43 6 36 34 19 48 0 35 47 14 33 28 22 45 42 23 40 33 34 32 37 20 26 36 41 46 32 23 44 52
14 53 41 36 8 45 16 22 53 33 46 39 31 17 33 31 26 20 18 59 18 51 30 27 16 16 36 35 0 35 41 24 22 47 38 28 16 48 42 40 33 20 25 42 8 27 47 43 14 30 45
29 41 54 46 28 45 22 33 40 36 11 48 26 21 23 36 14 16 20 39 17 26 41 11 19 37 1 47 35 0 40 14 19 38 4 7 28 24 23 21 16 15 27 31 27 8 16 25 29 7 10
27 15 17 11 34 5 29 19 17 8 51 10 15 30 17 10 27 40 30 26 36 29 14 30 34 27 41 14 41 40 0 29 26 8 37 36 26 27 21 23 24 36 18 12 40 37 34 19 27 39 44
15 34 40 33 16 34 8 19 34 23 25 35 14 7 13 23 3 12 6 38 10 29 27 3 10 23 15 33 24 14 29 0 5 30 14 9 14 26 20 18 10 8 13 23 19 8 23 22 15 11 22
11 32 35 28 14 30 6 14 32 18 30 30 11 5 11 18 5 14 5 37 12 29 22 8 10 19 20 28 22 19 26 5 0 28 19 14 9 26 20 18 11 10 8 21 18 13 26 21 11 16 27
33 7 25 19 40 12 33 25 9 14 48 18 17 33 17 16 28 42 33 18 40 22 22 31 38 33 39 22 47 38 8 30 28 0 35 37 31 22 16 18 23 38 22 7 45 38 29 14 33 40 39
29 37 52 44 30 42 22 33 36 33 14 45 23 21 20 34 14 19 20 35 20 22 40 11 22 37 5 45 38 4 37 14 19 35 0 10 28 20 19 17 13 18 26 28 30 11 12 21 29 11 8
22 41 49 41 21 41 15 28 41 31 18 43 21 14 20 31 9 9 13 42 10 31 36 6 12 30 8 42 28 7 36 9 14 37 10 0 21 28 24 22 14 8 22 30 20 1 22 26 22 3 17
2 37 30 23 9 30 6 8 37 18 39 26 15 7 18 16 14 17 8 43 13 37 17 17 11 10 29 23 16 28 26 14 9 31 28 21 0 34 28 26 20 14 9 26 15 20 35 28 2 23 36
36 20 44 38 40 32 32 33 18 27 31 37 20 31 17 29 23 37 31 15 35 3 36 24 36 41 25 40 48 24 27 26 26 22 20 28 34 0 7 8 16 33 26 15 44 29 9 9 36 30 20
30 18 38 31 34 26 26 26 17 20 32 31 13 25 10 22 17 32 25 18 30 10 29 19 30 34 24 33 42 23 21 20 20 16 19 24 28 7 0 2 10 28 19 9 38 25 13 2 30 27 23
28 20 39 32 32 28 24 25 19 21 30 32 12 23 9 23 15 30 23 20 28 11 29 17 28 33 22 34 40 21 23 18 18 18 17 22 26 8 2 0 8 26 18 11 36 23 12 4 28 25 21
22 27 39 31 25 29 17 21 27 20 27 32 10 16 7 21 7 22 15 28 20 19 27 9 20 29 17 32 33 16 24 10 11 23 13 14 20 16 10 8 0 18 14 16 28 15 16 12 22 17 20
15 42 44 37 13 40 8 22 42 28 26 40 21 7 21 28 11 4 6 46 2 36 31 9 4 23 16 37 20 15 36 8 10 38 18 8 14 33 28 26 18 0 18 31 12 7 29 30 15 10 25
11 28 27 20 18 22 11 7 28 10 38 22 6 12 9 10 13 22 12 34 18 29 14 16 16 15 28 20 25 27 18 13 8 22 26 22 9 26 19 18 14 18 0 17 23 21 30 19 11 24 34
28 11 29 23 35 17 27 23 11 13 41 22 11 26 10 15 21 35 26 17 33 17 22 24 31 31 32 26 42 31 12 23 21 7 28 30 26 15 9 11 16 31 17 0 39 31 22 7 28 33 32
13 50 43 36 6 44 12 21 50 32 38 39 28 13 29 30 21 12 13 55 10 47 30 21 9 19 28 36 8 27 40 19 18 45 30 20 15 44 38 36 28 12 23 39 0 19 41 39 13 22 37
21 42 48 41 20 42 14 27 42 31 19 43 22 13 21 31 10 8 12 43 9 32 35 7 11 29 9 41 27 8 37 8 13 38 11 1 20 29 25 23 15 7 21 31 19 0 23 27 21 3 18
37 29 51 44 39 39 31 37 27 33 22 44 24 30 21 35 21 31 29 24 31 11 41 20 32 45 17 46 47 16 34 23 26 29 12 22 35 9 13 12 16 29 30 22 41 23 0 15 37 23 11
30 16 36 29 35 24 27 26 15 19 34 29 13 26 10 21 19 34 26 16 32 11 28 21 31 34 26 32 43 25 19 22 21 14 21 26 28 9 2 4 12 30 19 7 39 27 15 0 30 29 25
0 39 30 23 7 31 7 8 39 19 40 26 17 8 20 17 16 18 9 45 14 39 17 18 12 8 30 23 14 29 27 15 11 33 29 22 2 36 30 28 22 15 11 28 13 21 37 30 0 24 37
24 44 51 44 23 44 17 30 44 34 16 46 24 16 23 34 12 11 15 45 12 33 38 9 14 32 7 44 30 7 39 11 16 40 11 3 23 30 27 25 17 10 24 33 22 3 23 29 24 0 17
37 40 59 51 38 49 30 41 38 40 11 52 30 29 27 41 22 26 28 35 27 22 47 19 29 45 10 52 45 10 44 22 27 39 8 17 36 20 23 21 20 25 34 32 37 18 11 25 37 17 0
0 710
244 528
348 632
279 563
351 635
71 355
297 581
281 565
36 320
188 472
419 703
405 689
108 392
201 485
188 472
395 679
344 628
401 685
144 428
98 382
293 577
131 415
87 371
240 524
197 481
392 676
209 493
392 676
311 595
406 690
36 320
235 519
98 382
194 478
289 573
314 598
300 584
223 507
24 308
401 685
132 416
380 664
201 485
131 415
104 388
243 527
111 395
57 341
158 442
285 569
84 368
0
73
17
38
41
77
59
52
43
61
55
62
49
75
39
49
30
34
61
79
11
64
38
25
43
56
62
59
50
40
77
60
70
33
50
22
66
53
33
37
45
65
59
76
74
56
31
35
68
19
32
