51
1626
0 30 5 12 45 25 16 27 20 42 17 42 15 7 12 49 22 24 24 40 43 21 19 9 45 24 48 21 35 14 10 21 18 30 51 29 18 42 12 41 38 41 28 23 41 22 39 32 21 15 26
30 0 30 38 36 45 38 31 10 40 14 53 45 26 18 46 9 33 6 49 37 42 29 39 52 37 63 34 52 16 20 39 44 43 43 3 46 49 18 57 44 48 16 45 35 26 51 39 22 43 30
5 30 0 8 41 20 11 23 20 38 17 37 15 4 12 45 22 19 24 35 39 16 14 10 40 19 43 16 30 14 13 16 14 25 47 29 16 37 12 36 33 36 28 18 37 19 34 27 18 13 22
12 38 8 0 43 15 7 25 28 39 25 33 9 12 20 46 30 19 32 34 41 11 16 9 39 18 38 15 25 22 21 12 6 21 49 37 9 36 20 31 32 35 34 11 39 22 30 26 23 7 24
45 36 41 43 0 39 37 18 31 7 30 29 52 38 35 11 30 24 33 23 2 36 27 51 22 28 40 28 38 33 41 33 45 30 7 33 51 22 35 39 19 22 21 40 4 23 31 21 24 50 19
25 45 20 15 39 0 9 21 35 33 31 19 21 22 29 37 37 15 39 22 37 4 16 24 27 11 23 11 10 31 32 6 11 9 44 44 17 24 29 16 22 23 35 4 35 21 16 18 25 19 20
16 38 11 7 37 9 0 19 28 33 24 26 16 13 21 39 30 13 32 27 35 5 11 16 32 11 32 9 19 23 23 5 8 14 43 37 14 29 21 25 25 28 31 7 33 17 23 19 20 14 18
27 31 23 25 18 21 19 0 21 15 17 22 34 20 20 22 23 6 25 18 16 18 9 33 21 10 33 10 24 20 27 15 27 15 24 29 33 18 20 28 13 17 17 22 14 5 21 8 9 32 1
20 10 20 28 31 35 28 21 0 33 4 43 35 16 8 40 2 23 4 39 31 32 19 29 42 27 53 24 42 6 13 29 34 33 38 9 36 39 8 47 34 38 11 35 29 16 41 29 12 33 20
42 40 38 39 7 33 33 15 33 0 31 22 48 35 34 7 33 20 36 16 5 32 24 48 15 23 33 24 31 34 41 29 41 24 11 37 47 15 34 32 12 15 24 36 5 20 24 15 23 46 16
17 14 17 25 30 31 24 17 4 31 0 39 32 13 5 38 6 19 8 35 30 28 15 26 38 23 49 20 38 3 11 25 30 29 37 13 33 35 5 43 30 34 11 31 28 12 37 25 8 30 16
42 53 37 33 29 19 26 22 43 22 39 0 40 36 41 23 45 21 47 6 27 22 26 42 10 18 11 21 11 42 46 21 30 12 32 51 36 8 41 10 11 7 39 23 27 27 3 14 31 38 23
15 45 15 9 52 21 16 34 35 48 32 40 0 19 27 55 37 28 39 42 50 19 25 6 47 27 44 24 31 29 25 21 10 29 58 44 4 44 27 37 41 43 43 17 48 31 37 35 32 2 33
7 26 4 12 38 22 13 20 16 35 13 36 19 0 8 42 18 17 20 34 36 18 12 14 39 18 44 15 32 10 10 17 18 24 44 25 20 36 8 38 31 35 24 20 34 15 33 25 14 17 19
12 18 12 20 35 29 21 20 8 34 5 41 27 8 0 41 10 20 12 38 34 25 15 21 41 23 49 20 38 2 7 23 26 29 42 17 28 38 0 43 33 37 16 28 32 15 38 28 11 25 19
49 46 45 46 11 37 39 22 40 7 38 23 55 42 41 0 39 27 42 17 10 37 31 55 13 28 33 31 33 41 48 34 47 28 10 43 53 15 41 33 15 16 30 41 11 27 25 20 30 53 23
22 9 22 30 30 37 30 23 2 33 6 45 37 18 10 39 0 25 3 41 30 34 21 31 44 29 55 26 44 8 15 31 36 35 37 7 38 41 10 49 36 40 9 37 28 18 43 31 14 35 22
24 33 19 19 24 15 13 6 23 20 19 21 28 17 20 27 25 0 27 18 22 12 5 28 22 4 30 4 19 21 26 9 21 10 30 32 27 19 20 24 14 18 21 16 20 7 18 8 11 26 5
24 6 24 32 33 39 32 25 4 36 8 47 39 20 12 42 3 27 0 43 33 36 23 33 46 31 57 28 46 10 16 33 38 37 40 5 40 43 12 51 38 42 12 39 31 20 45 33 16 37 24
40 49 35 34 23 22 27 18 39 16 35 6 42 34 38 17 41 18 43 0 21 23 23 43 5 16 17 19 16 38 44 22 33 13 26 47 39 2 38 16 5 1 34 26 21 23 8 10 27 40 19
43 37 39 41 2 37 35 16 31 5 30 27 50 36 34 10 30 22 33 21 0 34 25 49 20 26 38 26 36 33 41 31 43 28 8 34 49 20 34 37 17 20 21 38 2 21 29 19 23 48 17
21 42 16 11 36 4 5 18 32 32 28 22 19 18 25 37 34 12 36 23 34 0 13 20 28 9 27 8 14 27 28 3 10 10 42 41 16 25 25 20 23 24 32 4 32 18 19 17 22 17 17
19 29 14 16 27 16 11 9 19 24 15 26 25 12 15 31 21 5 23 23 25 13 0 24 27 8 34 5 23 16 21 10 19 14 33 28 25 24 15 28 19 23 20 17 23 6 23 13 9 23 8
9 39 10 9 51 24 16 33 29 48 26 42 6 14 21 55 31 28 33 43 49 20 24 0 48 27 47 24 34 23 19 21 13 30 57 38 9 45 21 40 41 44 37 20 47 29 39 35 28 6 32
45 52 40 39 22 27 32 21 42 15 38 10 47 39 41 13 44 22 46 5 20 28 27 48 0 21 20 24 21 41 48 27 38 18 23 49 44 3 41 20 8 4 36 31 20 26 13 14 30 45 22
24 37 19 18 28 11 11 10 27 23 23 18 27 18 23 28 29 4 31 16 26 9 8 27 21 0 26 3 15 24 28 6 19 6 34 36 25 18 23 20 14 17 25 13 24 11 15 8 15 25 9
48 63 43 38 40 23 32 33 53 33 49 11 44 44 49 33 55 30 57 17 38 27 34 47 20 26 0 29 13 50 54 28 34 20 43 62 40 19 49 7 22 18 50 27 38 37 12 25 41 42 33
21 34 16 15 28 11 9 10 24 24 20 21 24 15 20 31 26 4 28 19 26 8 5 24 24 3 29 0 18 21 25 5 17 9 34 33 23 21 20 23 17 20 24 12 24 10 18 11 14 22 9
35 52 30 25 38 10 19 24 42 31 38 11 31 32 38 33 44 19 46 16 36 14 23 34 21 15 13 18 0 39 42 15 21 9 42 51 27 18 38 6 19 17 40 14 34 26 8 17 30 29 24
14 16 14 22 33 31 23 20 6 34 3 42 29 10 2 41 8 21 10 38 33 27 16 23 41 24 50 21 39 0 8 25 28 30 40 15 30 38 2 44 33 37 14 30 31 15 39 28 11 27 19
10 20 13 21 41 32 23 27 13 41 11 46 25 10 7 48 15 26 16 44 41 28 21 19 48 28 54 25 42 8 0 27 27 34 48 21 28 45 7 48 40 44 22 30 39 22 43 34 18 25 26
21 39 16 12 33 6 5 15 29 29 25 21 21 17 23 34 31 9 33 22 31 3 10 21 27 6 28 5 15 25 27 0 13 9 39 38 19 24 23 21 20 23 29 7 29 15 18 14 19 19 14
18 44 14 6 45 11 8 27 34 41 30 30 10 18 26 47 36 21 38 33 43 10 19 13 38 19 34 17 21 28 27 13 0 20 51 43 6 35 26 27 33 34 39 7 41 25 27 27 28 8 26
30 43 25 21 30 9 14 15 33 24 29 12 29 24 29 28 35 10 37 13 28 10 14 30 18 6 20 9 9 30 34 9 20 0 35 42 26 15 29 14 13 14 31 13 26 17 9 9 21 27 15
51 43 47 49 7 44 43 24 38 11 37 32 58 44 42 10 37 30 40 26 8 42 33 57 23 34 43 34 42 40 48 39 51 35 0 40 57 25 42 42 23 25 28 46 10 29 34 26 31 56 25
29 3 29 37 33 44 37 29 9 37 13 51 44 25 17 43 7 32 5 47 34 41 28 38 49 36 62 33 51 15 21 38 43 42 40 0 45 47 17 56 42 46 13 44 32 25 50 37 21 42 29
18 46 16 9 51 17 14 33 36 47 33 36 4 20 28 53 38 27 40 39 49 16 25 9 44 25 40 23 27 30 28 19 6 26 57 45 0 41 28 33 39 40 43 13 47 31 33 33 32 3 32
42 49 37 36 22 24 29 18 39 15 35 8 44 36 38 15 41 19 43 2 20 25 24 45 3 18 19 21 18 38 45 24 35 15 25 47 41 0 38 18 5 1 34 28 20 23 10 11 27 42 19
12 18 12 20 35 29 21 20 8 34 5 41 27 8 0 41 10 20 12 38 34 25 15 21 41 23 49 20 38 2 7 23 26 29 42 17 28 38 0 43 33 37 16 28 32 15 38 28 11 25 19
41 57 36 31 39 16 25 28 47 32 43 10 37 38 43 33 49 24 51 16 37 20 28 40 20 20 7 23 6 44 48 21 27 14 42 56 33 18 43 0 20 17 45 20 36 31 8 20 35 35 28
38 44 33 32 19 22 25 13 34 12 30 11 41 31 33 15 36 14 38 5 17 23 19 41 8 14 22 17 19 33 40 20 33 13 23 42 39 5 33 20 0 4 29 26 16 18 12 6 22 39 14
41 48 36 35 22 23 28 17 38 15 34 7 43 35 37 16 40 18 42 1 20 24 23 44 4 17 18 20 17 37 44 23 34 14 25 46 40 1 37 17 4 0 33 27 20 22 9 10 26 41 18
28 16 28 34 21 35 31 17 11 24 11 39 43 24 16 30 9 21 12 34 21 32 20 37 36 25 50 24 40 14 22 29 39 31 28 13 43 34 16 45 29 33 0 36 19 14 38 25 11 41 17
23 45 18 11 40 4 7 22 35 36 31 23 17 20 28 41 37 16 39 26 38 4 17 20 31 13 27 12 14 30 30 7 7 13 46 44 13 28 28 20 26 27 36 0 36 22 20 21 26 15 21
41 35 37 39 4 35 33 14 29 5 28 27 48 34 32 11 28 20 31 21 2 32 23 47 20 24 38 24 34 31 39 29 41 26 10 32 47 20 32 36 16 20 19 36 0 19 28 17 21 46 15
22 26 19 22 23 21 17 5 16 20 12 27 31 15 15 27 18 7 20 23 21 18 6 29 26 11 37 10 26 15 22 15 25 17 29 25 31 23 15 31 18 22 14 22 19 0 25 13 4 29 4
39 51 34 30 31 16 23 21 41 24 37 3 37 33 38 25 43 18 45 8 29 19 23 39 13 15 12 18 8 39 43 18 27 9 34 50 33 10 38 8 12 9 38 20 28 25 0 13 29 35 21
32 39 27 26 21 18 19 8 29 15 25 14 35 25 28 20 31 8 33 10 19 17 13 35 14 8 25 11 17 28 34 14 27 9 26 37 33 11 28 20 6 10 25 21 17 13 13 0 17 33 9
21 22 18 23 24 25 20 9 12 23 8 31 32 14 11 30 14 11 16 27 23 22 9 28 30 15 41 14 30 11 18 19 28 21 31 21 32 27 11 35 22 26 11 26 21 4 29 17 0 30 8
15 43 13 7 50 19 14 32 33 46 30 38 2 17 25 53 35 26 37 40 48 17 23 6 45 25 42 22 29 27 25 19 8 27 56 42 3 42 25 35 39 41 41 15 46 29 35 33 30 0 31
26 30 22 24 19 20 18 1 20 16 16 23 33 19 19 23 22 5 24 19 17 17 8 32 22 9 33 9 24 19 26 14 26 15 25 29 32 19 19 28 14 18 17 21 15 4 21 9 8 31 0
0 491
83 132
399 448
412 461
321 370
40 89
306 355
299 348
0 49
165 214
408 457
236 285
168 217
49 98
188 237
421 470
344 393
198 247
316 365
288 337
301 350
439 488
223 272
207 256
211 260
186 235
70 119
152 201
288 337
96 145
41 90
361 410
178 227
437 486
101 150
227 276
180 229
44 93
316 365
142 191
100 149
164 213
210 259
164 213
214 263
50 99
359 408
419 468
277 326
136 185
232 281
0
52
22
37
17
48
38
30
34
22
77
47
92
26
20
63
46
77
36
46
31
92
87
39
36
59
64
90
39
42
29
38
29
26
26
35
61
84
75
23
55
57
52
71
54
61
61
89
66
59
41
