51
1626
0 18 12 27 45 45 41 32 26 50 21 43 17 1 30 39 12 17 43 33 37 34 48 32 15 3 24 29 38 34 33 34 10 38 30 9 18 31 36 28 15 50 43 48 4 41 32 48 40 43 37
18 0 17 17 28 29 23 17 16 32 11 25 7 17 12 21 19 5 25 18 19 29 31 29 8 15 9 13 30 33 17 19 13 33 12 12 12 13 22 17 5 32 29 32 19 27 21 34 25 27 21
12 17 0 18 37 36 37 34 17 47 14 40 11 11 27 36 24 13 40 35 34 42 46 41 20 12 26 30 44 45 34 36 19 46 28 6 9 28 39 33 18 47 34 49 16 44 23 51 42 44 29
27 17 18 0 20 18 22 32 1 35 6 27 10 26 18 25 33 12 27 32 21 45 34 46 24 25 25 26 45 50 27 33 27 49 19 18 9 19 36 33 21 34 16 39 30 39 5 45 37 35 12
45 28 37 20 0 4 8 31 21 20 24 13 28 44 18 14 47 28 13 31 11 47 20 50 36 43 29 26 44 54 24 32 41 51 19 36 28 17 34 35 33 19 7 25 47 34 15 37 32 24 8
45 29 36 18 4 0 12 35 19 24 24 17 28 44 21 18 48 28 17 35 15 51 24 54 37 43 32 30 48 58 28 36 42 55 22 36 27 20 38 39 34 23 3 29 47 38 13 41 36 28 8
41 23 37 22 8 12 0 23 22 13 23 5 26 40 11 6 41 25 5 23 4 39 12 43 29 38 22 19 36 47 16 24 35 43 12 33 28 10 26 28 27 12 15 17 42 26 18 29 24 16 11
32 17 34 32 31 35 23 0 31 24 27 21 24 31 15 18 26 22 21 1 20 16 21 20 17 29 8 6 14 24 7 2 22 20 14 29 29 15 5 5 17 25 36 20 30 10 33 17 8 15 28
26 16 17 1 21 19 22 31 0 35 5 27 9 25 17 24 32 11 27 31 20 44 34 45 23 24 24 25 44 49 26 32 26 48 18 17 8 18 35 32 20 34 17 38 29 38 6 44 36 34 13
50 32 47 35 20 24 13 24 35 0 35 8 36 49 20 11 48 34 8 23 15 39 3 43 36 47 27 22 34 47 18 24 42 41 21 42 40 19 24 29 36 1 27 8 50 20 31 20 19 9 24
21 11 14 6 24 24 23 27 5 35 0 27 4 20 15 24 27 6 27 28 20 40 34 40 18 19 20 22 41 44 24 29 21 44 16 12 5 16 32 28 15 34 22 37 24 36 11 42 34 32 16
43 25 40 27 13 17 5 21 27 8 27 0 29 42 13 4 43 27 0 21 7 37 7 41 31 40 23 18 34 45 14 22 37 41 14 35 32 12 24 26 29 7 20 12 44 22 23 24 20 11 16
17 7 11 10 28 28 26 24 9 36 4 29 0 16 16 25 23 2 29 25 23 36 35 36 14 15 16 20 37 40 24 26 17 40 17 8 5 17 29 24 11 36 26 38 20 34 15 41 32 33 20
1 17 11 26 44 44 40 31 25 49 20 42 16 0 29 38 13 16 42 32 36 34 47 32 14 2 23 28 38 35 32 33 10 38 29 8 17 30 35 27 14 49 42 47 5 40 31 47 39 42 36
30 12 27 18 18 21 11 15 17 20 15 13 16 29 0 9 30 14 13 15 7 31 19 33 18 27 11 9 28 37 9 16 24 35 1 22 20 1 19 18 16 20 22 22 31 21 18 27 19 17 14
39 21 36 25 14 18 6 18 24 11 24 4 25 38 9 0 39 23 4 18 4 34 10 38 27 36 19 14 31 42 11 19 33 38 10 31 29 8 21 23 25 11 21 14 40 20 22 23 18 10 15
12 19 24 33 47 48 41 26 32 48 27 43 23 13 30 39 0 22 43 27 37 23 45 20 12 12 21 26 28 22 30 27 6 26 30 19 28 31 29 21 14 49 48 45 8 34 38 41 34 40 40
17 5 13 12 28 28 25 22 11 34 6 27 2 16 14 23 22 0 27 23 21 34 33 34 12 15 14 18 35 38 22 24 16 38 15 8 7 15 27 22 9 34 28 36 19 32 17 39 30 31 20
43 25 40 27 13 17 5 21 27 8 27 0 29 42 13 4 43 27 0 21 7 37 7 41 31 40 23 18 34 45 14 22 37 41 14 35 32 12 24 26 29 7 20 12 44 22 23 24 20 11 16
33 18 35 32 31 35 23 1 31 23 28 21 25 32 15 18 27 23 21 0 20 16 20 20 18 30 9 6 13 24 7 1 23 20 14 30 30 16 4 6 18 24 37 19 31 9 33 16 7 14 29
37 19 34 21 11 15 4 20 20 15 20 7 23 36 7 4 37 21 7 20 0 36 14 39 25 34 18 15 33 43 13 21 31 40 8 29 25 6 23 24 23 14 17 18 38 23 18 27 21 14 11
34 29 42 45 47 51 39 16 44 39 40 37 36 34 31 34 23 34 37 16 36 0 36 4 22 32 20 22 5 8 23 15 24 4 30 36 41 31 15 13 25 40 52 33 31 19 47 24 20 30 44
48 31 46 34 20 24 12 21 34 3 34 7 35 47 19 10 45 33 7 20 14 36 0 40 33 45 24 19 31 44 15 21 39 38 19 41 39 18 21 26 33 4 27 5 47 17 30 17 16 6 23
32 29 41 46 50 54 43 20 45 43 40 41 36 32 33 38 20 34 41 20 39 4 40 0 22 30 22 24 9 4 27 19 22 6 32 35 41 34 19 15 25 44 55 37 28 23 49 28 24 34 47
15 8 20 24 36 37 29 17 23 36 18 31 14 14 18 27 12 12 31 18 25 22 33 22 0 12 9 14 24 26 18 19 6 26 18 14 19 19 21 13 3 37 37 33 14 26 29 33 25 28 29
3 15 12 25 43 43 38 29 24 47 19 40 15 2 27 36 12 15 40 30 34 32 45 30 12 0 21 26 36 33 30 31 8 36 27 8 17 28 33 25 12 47 41 45 5 38 30 45 37 40 35
24 9 26 25 29 32 22 8 24 27 20 23 16 23 11 19 21 14 23 9 18 20 24 22 9 21 0 5 21 26 9 10 15 24 10 21 21 12 13 8 9 28 33 24 23 18 27 25 16 19 25
29 13 30 26 26 30 19 6 25 22 22 18 20 28 9 14 26 18 18 6 15 22 19 24 14 26 5 0 19 28 4 7 20 26 8 25 25 10 10 9 14 23 31 19 28 14 27 21 12 14 23
38 30 44 45 44 48 36 14 44 34 41 34 37 38 28 31 28 35 34 13 33 5 31 9 24 36 21 19 0 13 20 12 28 7 27 38 42 29 11 13 27 35 50 28 35 14 46 19 15 25 42
34 33 45 50 54 58 47 24 49 47 44 45 40 35 37 42 22 38 45 24 43 8 44 4 26 33 26 28 13 0 31 23 26 7 36 39 45 38 23 19 29 48 59 41 30 27 53 32 28 38 51
33 17 34 27 24 28 16 7 26 18 24 14 24 32 9 11 30 22 14 7 13 23 15 27 18 30 9 4 20 31 0 8 24 27 8 29 29 9 10 12 18 19 30 15 32 12 27 18 10 10 22
34 19 36 33 32 36 24 2 32 24 29 22 26 33 16 19 27 24 22 1 21 15 21 19 19 31 10 7 12 23 8 0 24 19 15 31 31 17 3 6 19 25 38 19 32 8 34 15 7 15 30
10 13 19 27 41 42 35 22 26 42 21 37 17 10 24 33 6 16 37 23 31 24 39 22 6 8 15 20 28 26 24 24 0 28 24 13 22 25 26 18 8 43 42 39 8 31 32 38 30 34 34
38 33 46 49 51 55 43 20 48 41 44 41 40 38 35 38 26 38 41 20 40 4 38 6 26 36 24 26 7 7 27 19 28 0 34 40 45 35 18 17 29 42 56 35 34 21 51 26 22 32 48
30 12 28 19 19 22 12 14 18 21 16 14 17 29 1 10 30 15 14 14 8 30 19 32 18 27 10 8 27 36 8 15 24 34 0 23 21 2 18 17 16 21 23 21 31 20 19 26 18 16 15
9 12 6 18 36 36 33 29 17 42 12 35 8 8 22 31 19 8 35 30 29 36 41 35 14 8 21 25 38 39 29 31 13 40 23 0 9 23 34 27 12 42 34 44 13 39 23 46 37 39 28
18 12 9 9 28 27 28 29 8 40 5 32 5 17 20 29 28 7 32 30 25 41 39 41 19 17 21 25 42 45 29 31 22 45 21 9 0 21 34 29 16 39 25 42 22 39 14 46 37 37 20
31 13 28 19 17 20 10 15 18 19 16 12 17 30 1 8 31 15 12 16 6 31 18 34 19 28 12 10 29 38 9 17 25 35 2 23 21 0 19 19 17 19 21 21 32 21 18 27 19 16 13
36 22 39 36 34 38 26 5 35 24 32 24 29 35 19 21 29 27 24 4 23 15 21 19 21 33 13 10 11 23 10 3 26 18 18 34 34 19 0 8 22 25 40 18 34 5 37 12 5 15 32
28 17 33 33 35 39 28 5 32 29 28 26 24 27 18 23 21 22 26 6 24 13 26 15 13 25 8 9 13 19 12 6 18 17 17 27 29 19 8 0 15 30 40 25 26 13 35 20 13 20 32
15 5 18 21 33 34 27 17 20 36 15 29 11 14 16 25 14 9 29 18 23 25 33 25 3 12 9 14 27 29 18 19 8 29 16 12 16 17 22 15 0 36 34 33 15 27 26 34 25 28 26
50 32 47 34 19 23 12 25 34 1 34 7 36 49 20 11 49 34 7 24 14 40 4 44 37 47 28 23 35 48 19 25 43 42 21 42 39 19 25 30 36 0 26 9 51 21 30 21 20 10 23
43 29 34 16 7 3 15 36 17 27 22 20 26 42 22 21 48 28 20 37 17 52 27 55 37 41 33 31 50 59 30 38 42 56 23 34 25 21 40 40 34 26 0 32 46 40 11 44 38 31 8
48 32 49 39 25 29 17 20 38 8 37 12 38 47 22 14 45 36 12 19 18 33 5 37 33 45 24 19 28 41 15 19 39 35 21 44 42 21 18 25 33 9 32 0 47 14 35 12 13 5 28
4 19 16 30 47 47 42 30 29 50 24 44 20 5 31 40 8 19 44 31 38 31 47 28 14 5 23 28 35 30 32 32 8 34 31 13 22 32 34 26 15 51 46 47 0 39 35 46 38 42 39
41 27 44 39 34 38 26 10 38 20 36 22 34 40 21 20 34 32 22 9 23 19 17 23 26 38 18 14 14 27 12 8 31 21 20 39 39 21 5 13 27 21 40 14 39 0 39 7 2 11 34
32 21 23 5 15 13 18 33 6 31 11 23 15 31 18 22 38 17 23 33 18 47 30 49 29 30 27 27 46 53 27 34 32 51 19 23 14 18 37 35 26 30 11 35 35 39 0 45 37 32 7
48 34 51 45 37 41 29 17 44 20 42 24 41 47 27 23 41 39 24 16 27 24 17 28 33 45 25 21 19 32 18 15 38 26 26 46 46 27 12 20 34 21 44 12 46 7 45 0 9 13 38
40 25 42 37 32 36 24 8 36 19 34 20 32 39 19 18 34 30 20 7 21 20 16 24 25 37 16 12 15 28 10 7 30 22 18 37 37 19 5 13 25 20 38 13 38 2 37 9 0 10 32
43 27 44 35 24 28 16 15 34 9 32 11 33 42 17 10 40 31 11 14 14 30 6 34 28 40 19 14 25 38 10 15 34 32 16 39 37 16 15 20 28 10 31 5 42 11 32 13 10 0 25
37 21 29 12 8 8 11 28 13 24 16 16 20 36 14 15 40 20 16 29 11 44 23 47 29 35 25 23 42 51 22 30 34 48 15 28 20 13 32 32 26 23 8 28 39 34 7 38 32 25 0
0 655
146 277
248 379
192 323
411 542
249 380
343 474
308 439
225 356
122 253
394 525
131 262
456 587
28 159
63 194
336 467
93 224
246 377
118 249
200 331
354 485
480 611
107 238
148 279
244 375
375 506
85 216
273 404
43 174
154 285
353 484
208 339
237 368
388 519
296 427
37 168
335 466
176 307
6 137
327 458
93 224
191 322
490 621
251 382
173 304
95 226
70 201
231 362
374 505
229 360
291 422
0
62
61
57
63
64
69
33
39
61
47
25
38
51
62
18
51
60
43
56
72
42
68
38
32
73
26
52
20
32
44
11
59
28
58
66
64
76
42
35
41
68
33
59
38
49
61
77
64
56
57
