51
1625
0 24 17 17 16 27 16 14 29 23 32 17 10 18 6 29 14 24 15 17 16 29 1 4 26 8 2 26 42 34 17 14 3 32 26 6 26 26 15 13 35 29 17 27 24 18 22 16 8 29 28
24 0 39 27 31 36 8 15 19 35 16 27 14 10 30 39 23 43 35 36 12 45 25 25 37 32 23 2 36 27 17 15 22 39 42 18 36 48 14 16 29 42 39 3 38 21 26 25 32 47 38
17 39 0 32 29 41 31 25 46 36 48 32 25 30 11 42 30 31 6 7 32 36 18 20 39 9 19 41 58 50 25 31 17 46 35 21 40 27 32 30 51 42 0 42 37 34 38 32 11 36 41
17 27 32 0 6 10 19 26 20 8 25 0 20 28 23 12 4 18 32 34 15 19 16 13 10 23 16 29 26 19 30 12 20 15 16 20 9 24 13 11 20 15 32 28 11 8 6 2 21 21 11
16 31 29 6 0 12 23 29 26 7 30 6 23 32 20 13 8 12 31 33 19 14 15 12 10 20 15 33 32 25 33 16 19 17 11 21 11 18 17 15 26 13 29 32 8 13 12 7 18 16 12
27 36 41 10 12 0 28 36 23 7 28 10 30 37 32 4 14 20 42 44 24 18 26 23 4 32 26 38 21 19 40 21 30 5 15 30 1 27 22 21 17 10 41 36 9 15 10 12 30 20 3
16 8 31 19 23 28 0 10 18 27 18 19 6 9 22 31 15 35 27 29 4 37 17 17 29 24 15 10 35 26 14 7 14 31 34 10 28 40 6 8 28 34 31 11 30 13 18 17 24 39 30
14 15 25 26 29 36 10 0 28 34 28 26 6 5 19 38 22 38 20 21 14 43 15 17 36 21 14 16 45 36 4 16 11 39 40 8 35 40 15 15 38 41 25 18 37 21 26 24 21 43 37
29 19 46 20 26 23 18 28 0 27 5 20 23 27 35 27 18 38 43 45 15 39 28 26 26 37 27 21 17 8 32 15 30 23 36 26 23 44 15 16 10 32 46 17 30 13 14 19 35 41 26
23 35 36 8 7 7 27 34 27 0 32 8 28 36 27 6 12 13 38 40 23 12 22 19 3 27 22 37 28 25 38 20 26 12 9 28 6 20 21 19 24 7 36 36 3 16 13 10 25 14 5
32 16 48 25 30 28 18 28 5 32 0 25 24 25 38 32 22 42 44 46 16 44 31 29 31 40 30 17 21 13 32 18 31 28 41 27 28 48 17 19 15 37 48 13 35 17 19 23 38 46 31
17 27 32 0 6 10 19 26 20 8 25 0 20 28 23 12 4 18 32 34 15 19 16 13 10 23 16 29 26 19 30 12 20 15 16 20 9 24 13 11 20 15 32 28 11 8 6 2 21 21 11
10 14 25 20 23 30 6 6 23 28 24 20 0 9 16 32 16 33 21 23 8 37 11 12 30 18 9 16 39 30 10 10 8 33 34 4 29 35 9 9 32 35 25 17 31 15 20 18 18 38 31
18 10 30 28 32 37 9 5 27 36 25 28 9 0 24 40 24 42 25 26 13 46 19 21 38 26 18 11 43 34 7 16 16 40 43 12 37 44 15 17 36 43 30 13 39 22 27 26 26 47 39
6 30 11 23 20 32 22 19 35 27 38 23 16 24 0 33 20 23 11 13 22 28 7 10 30 2 8 32 48 40 21 20 8 37 26 12 31 22 21 19 41 33 11 33 28 24 28 22 2 28 32
29 39 42 12 13 4 31 38 27 6 32 12 32 40 33 0 16 19 44 46 27 17 28 25 3 33 28 41 24 23 42 24 32 7 14 32 4 26 25 23 21 6 42 40 8 19 14 14 31 19 1
14 23 30 4 8 14 15 22 18 12 22 4 16 24 20 16 0 20 29 31 11 22 13 10 14 21 12 25 28 21 26 8 17 19 19 16 13 26 9 7 22 19 30 24 15 5 8 2 19 24 15
24 43 31 18 12 20 35 38 38 13 42 18 33 42 23 19 20 0 34 36 31 5 23 21 16 23 24 45 41 37 41 28 27 25 5 30 19 7 29 27 37 14 31 44 11 25 24 19 21 5 18
15 35 6 32 31 42 27 20 43 38 44 32 21 25 11 44 29 34 0 2 28 39 16 19 41 11 17 36 57 48 19 28 13 47 37 17 41 32 28 27 50 44 6 38 39 33 37 31 13 39 43
17 36 7 34 33 44 29 21 45 40 46 34 23 26 13 46 31 36 2 0 30 41 18 21 43 13 19 37 59 50 19 30 15 49 39 19 43 34 30 29 52 46 7 39 41 35 39 33 15 41 45
16 12 32 15 19 24 4 14 15 23 16 15 8 13 22 27 11 31 28 30 0 33 16 14 25 24 14 14 31 22 18 3 15 27 30 11 24 36 2 4 24 30 32 13 26 9 14 13 23 35 26
29 45 36 19 14 18 37 43 39 12 44 19 37 46 28 17 22 5 39 41 33 0 28 26 14 28 29 47 39 36 46 30 32 23 3 35 17 11 31 29 35 11 36 46 9 27 25 21 26 2 16
1 25 18 16 15 26 17 15 28 22 31 16 11 19 7 28 13 23 16 18 16 28 0 3 25 9 2 27 41 33 18 13 4 31 25 7 25 25 14 12 34 28 18 28 23 17 21 15 7 28 27
4 25 20 13 12 23 17 17 26 19 29 13 12 21 10 25 10 21 19 21 14 26 3 0 22 11 3 27 38 30 21 11 7 28 23 9 22 24 12 10 31 25 20 27 20 14 18 12 9 26 24
26 37 39 10 10 4 29 36 26 3 31 10 30 38 30 3 14 16 41 43 25 14 25 22 0 30 25 39 25 22 40 22 29 9 11 30 3 23 23 21 21 6 39 38 5 17 13 12 28 16 2
8 32 9 23 20 32 24 21 37 27 40 23 18 26 2 33 21 23 11 13 24 28 9 11 30 0 10 34 49 41 23 22 10 37 26 14 31 21 23 21 42 33 9 35 28 25 29 23 2 28 32
2 23 19 16 15 26 15 14 27 22 30 16 9 18 8 28 12 24 17 19 14 29 2 3 25 10 0 25 40 32 18 12 5 31 26 6 25 26 13 11 33 28 19 26 23 16 20 14 9 29 27
26 2 41 29 33 38 10 16 21 37 17 29 16 11 32 41 25 45 36 37 14 47 27 27 39 34 25 0 38 29 18 17 24 41 44 20 38 50 16 18 31 44 41 4 40 23 28 27 34 49 40
42 36 58 26 32 21 35 45 17 28 21 26 39 43 48 24 28 41 57 59 31 39 41 38 25 49 40 38 0 9 49 29 44 17 36 41 22 48 30 30 7 30 58 34 30 24 20 26 47 41 24
34 27 50 19 25 19 26 36 8 25 13 19 30 34 40 23 21 37 48 50 22 36 33 30 22 41 32 29 9 0 40 20 35 17 33 32 19 43 21 21 2 28 50 25 27 16 13 19 39 38 22
17 17 25 30 33 40 14 4 32 38 32 30 10 7 21 42 26 41 19 19 18 46 18 21 40 23 18 18 49 40 0 20 14 43 43 12 39 43 19 19 42 45 25 20 41 25 30 28 23 46 41
14 15 31 12 16 21 7 16 15 20 18 12 10 16 20 24 8 28 28 30 3 30 13 11 22 22 12 17 29 20 20 0 15 24 27 12 21 33 1 1 22 27 31 16 23 6 11 10 20 32 23
3 22 17 20 19 30 14 11 30 26 31 20 8 16 8 32 17 27 13 15 15 32 4 7 29 10 5 24 44 35 14 15 0 35 29 4 29 29 15 14 37 32 17 25 27 20 25 19 10 32 31
32 39 46 15 17 5 31 39 23 12 28 15 33 40 37 7 19 25 47 49 27 23 31 28 9 37 31 41 17 17 43 24 35 0 20 35 6 32 25 24 15 13 46 38 14 18 13 17 35 25 7
26 42 35 16 11 15 34 40 36 9 41 16 34 43 26 14 19 5 37 39 30 3 25 23 11 26 26 44 36 33 43 27 29 20 0 32 14 12 28 26 32 9 35 43 6 24 22 18 24 5 13
6 18 21 20 21 30 10 8 26 28 27 20 4 12 12 32 16 30 17 19 11 35 7 9 30 14 6 20 41 32 12 12 4 35 32 0 29 32 11 11 34 34 21 21 29 17 22 18 14 35 31
26 36 40 9 11 1 28 35 23 6 28 9 29 37 31 4 13 19 41 43 24 17 25 22 3 31 25 38 22 19 39 21 29 6 14 29 0 26 22 20 18 9 40 36 8 15 10 11 29 19 3
26 48 27 24 18 27 40 40 44 20 48 24 35 44 22 26 26 7 32 34 36 11 25 24 23 21 26 50 48 43 43 33 29 32 12 32 26 0 34 32 44 21 27 49 18 31 30 25 20 10 25
15 14 32 13 17 22 6 15 15 21 17 13 9 15 21 25 9 29 28 30 2 31 14 12 23 23 13 16 30 21 19 1 15 25 28 11 22 34 0 2 23 28 32 15 24 7 12 11 21 33 24
13 16 30 11 15 21 8 15 16 19 19 11 9 17 19 23 7 27 27 29 4 29 12 10 21 21 11 18 30 21 19 1 14 24 26 11 20 32 2 0 23 26 30 17 22 6 11 9 19 31 22
35 29 51 20 26 17 28 38 10 24 15 20 32 36 41 21 22 37 50 52 24 35 34 31 21 42 33 31 7 2 42 22 37 15 32 34 18 44 23 23 0 27 51 27 26 17 14 20 40 37 20
29 42 42 15 13 10 34 41 32 7 37 15 35 43 33 6 19 14 44 46 30 11 28 25 6 33 28 44 30 28 45 27 32 13 9 34 9 21 28 26 27 0 42 43 5 23 19 17 31 13 7
17 39 0 32 29 41 31 25 46 36 48 32 25 30 11 42 30 31 6 7 32 36 18 20 39 9 19 41 58 50 25 31 17 46 35 21 40 27 32 30 51 42 0 42 37 34 38 32 11 36 41
27 3 42 28 32 36 11 18 17 36 13 28 17 13 33 40 24 44 38 39 13 46 28 27 38 35 26 4 34 25 20 16 25 38 43 21 36 49 15 17 27 43 42 0 39 22 26 26 35 48 39
24 38 37 11 8 9 30 37 30 3 35 11 31 39 28 8 15 11 39 41 26 9 23 20 5 28 23 40 30 27 41 23 27 14 6 29 8 18 24 22 26 5 37 39 0 19 16 13 26 11 7
18 21 34 8 13 15 13 21 13 16 17 8 15 22 24 19 5 25 33 35 9 27 17 14 17 25 16 23 24 16 25 6 20 18 24 17 15 31 7 6 17 23 34 22 19 0 5 6 23 29 18
22 26 38 6 12 10 18 26 14 13 19 6 20 27 28 14 8 24 37 39 14 25 21 18 13 29 20 28 20 13 30 11 25 13 22 22 10 30 12 11 14 19 38 26 16 5 0 6 27 27 13
16 25 32 2 7 12 17 24 19 10 23 2 18 26 22 14 2 19 31 33 13 21 15 12 12 23 14 27 26 19 28 10 19 17 18 18 11 25 11 9 20 17 32 26 13 6 6 0 21 23 13
8 32 11 21 18 30 24 21 35 25 38 21 18 26 2 31 19 21 13 15 23 26 7 9 28 2 9 34 47 39 23 20 10 35 24 14 29 20 21 19 40 31 11 35 26 23 27 21 0 26 30
29 47 36 21 16 20 39 43 41 14 46 21 38 47 28 19 24 5 39 41 35 2 28 26 16 28 29 49 41 38 46 32 32 25 5 35 19 10 33 31 37 13 36 48 11 29 27 23 26 0 18
28 38 41 11 12 3 30 37 26 5 31 11 31 39 32 1 15 18 43 45 26 16 27 24 2 32 27 40 24 22 41 23 31 7 13 31 3 25 24 22 20 7 41 39 7 18 13 13 30 18 0
0 628
197 511
158 472
101 415
30 344
301 615
132 446
188 502
152 466
95 409
29 343
211 525
109 423
228 542
295 609
60 374
105 419
265 579
253 567
263 577
91 405
207 521
52 366
101 415
187 501
190 504
20 334
11 325
73 387
300 614
74 388
108 422
155 469
93 407
120 434
229 543
266 580
303 617
289 603
301 615
202 516
3 317
272 586
34 348
289 603
308 622
133 447
193 507
73 387
192 506
255 569
0
27
67
69
19
62
46
46
37
43
32
79
92
60
42
42
27
30
41
48
27
28
37
20
88
72
74
64
36
51
33
28
83
68
53
83
37
73
58
40
41
66
58
54
55
58
40
54
47
24
40
