51
1626
0 45 15 35 21 4 24 10 30 16 18 46 38 3 42 45 5 44 17 37 43 17 29 4 42 36 35 36 6 11 17 18 38 27 13 9 5 28 25 10 25 13 36 18 17 6 10 38 23 34 16
45 0 36 15 42 45 24 42 15 47 28 1 11 48 11 11 44 39 28 34 15 46 38 43 42 16 16 16 43 36 31 47 16 38 35 53 40 21 42 49 22 33 44 44 50 49 53 43 27 29 40
15 36 0 30 9 12 20 6 21 11 14 37 31 18 31 34 17 29 11 22 32 10 14 11 28 33 24 33 9 5 5 11 27 34 17 20 10 25 13 13 14 6 24 9 14 16 19 26 24 20 25
35 15 30 0 37 35 11 35 12 41 17 16 4 36 22 24 31 44 20 37 26 40 37 33 46 3 20 3 34 27 25 41 23 23 22 43 30 7 40 41 19 25 47 39 44 39 43 46 13 32 26
21 42 9 37 0 18 27 11 27 9 21 42 37 24 33 36 25 23 18 16 33 8 8 17 21 40 26 40 15 14 12 8 28 43 26 24 19 32 4 16 20 15 15 4 12 21 23 17 31 17 34
4 45 12 35 18 0 24 7 30 12 18 46 38 7 42 45 9 41 17 34 43 13 26 2 39 37 35 37 3 10 16 14 38 31 15 8 5 29 22 6 25 13 33 15 13 4 8 35 25 32 20
24 24 20 11 27 24 0 24 11 30 6 25 14 25 25 28 20 40 9 33 28 30 30 22 42 13 20 13 23 16 15 31 23 19 11 32 19 5 31 30 13 14 40 29 34 28 32 41 6 28 18
10 42 6 35 11 7 24 0 27 7 18 43 36 13 37 40 14 34 15 27 38 7 19 6 32 37 30 37 4 8 11 8 33 35 18 14 8 29 15 7 20 10 26 8 10 10 13 28 27 26 24
30 15 21 12 27 30 11 27 0 32 13 16 10 33 14 17 29 32 13 25 17 31 25 28 34 15 9 15 28 21 16 32 12 30 21 38 25 13 28 34 7 18 35 29 35 34 38 34 17 20 29
16 47 11 41 9 12 30 7 32 0 24 48 42 19 42 45 21 32 22 25 42 1 17 13 30 43 35 43 11 14 16 2 37 42 25 15 15 35 13 7 25 17 24 5 4 12 14 26 34 26 31
18 28 14 17 21 18 6 18 13 24 0 29 20 21 27 30 16 37 3 29 29 24 24 16 38 19 21 19 17 10 9 25 24 23 8 26 13 11 25 24 11 8 34 23 28 22 26 36 10 25 17
46 1 37 16 42 46 25 43 16 48 29 0 12 49 11 10 45 38 29 34 14 47 38 44 42 17 16 17 44 37 32 48 16 39 36 54 41 22 42 50 23 34 44 45 51 50 54 43 28 29 41
38 11 31 4 37 38 14 36 10 42 20 12 0 39 18 20 34 41 21 35 22 41 35 36 44 6 17 6 36 29 26 42 20 27 25 46 33 10 38 43 17 26 45 39 45 42 46 44 16 30 29
3 48 18 36 24 7 25 13 33 19 21 49 39 0 45 48 5 47 20 40 46 20 32 7 45 37 38 37 9 14 20 21 41 27 14 8 8 29 28 12 28 16 39 21 19 7 9 41 24 37 16
42 11 31 22 33 42 25 37 14 42 27 11 18 45 0 3 43 28 26 23 4 41 28 40 31 24 7 24 39 32 26 41 5 43 35 50 37 25 33 44 17 29 33 37 45 46 50 32 31 18 43
45 11 34 24 36 45 28 40 17 45 30 10 20 48 3 0 46 29 29 26 5 44 31 43 33 26 10 26 42 35 29 44 8 46 38 53 40 28 36 47 20 32 36 40 48 49 53 35 34 21 46
5 44 17 31 25 9 20 14 29 21 16 45 34 5 43 46 0 46 17 39 44 21 31 8 45 32 36 32 10 13 18 22 39 22 9 13 7 24 29 15 26 14 40 22 22 11 14 42 19 35 11
44 39 29 44 23 41 40 34 32 32 37 38 41 47 28 29 46 0 34 8 24 31 15 40 4 47 24 47 38 34 29 30 23 59 44 47 39 44 19 39 27 33 10 27 34 44 46 8 46 12 53
17 28 11 20 18 17 9 15 13 22 3 29 21 20 26 29 17 34 0 26 27 21 21 15 35 22 19 22 15 8 6 22 22 26 10 25 12 14 22 22 9 5 31 20 25 21 25 33 13 22 19
37 34 22 37 16 34 33 27 25 25 29 34 35 40 23 26 39 8 26 0 21 24 8 33 9 40 18 40 31 27 21 24 18 52 36 40 32 37 13 32 20 25 10 20 28 37 39 9 39 5 45
43 15 32 26 33 43 28 38 17 42 29 14 22 46 4 5 44 24 27 21 0 41 27 41 28 28 8 28 40 33 27 41 5 47 37 51 38 29 32 45 18 30 31 37 45 47 51 30 34 17 45
17 46 10 40 8 13 30 7 31 1 24 47 41 20 41 44 21 31 21 24 41 0 16 13 29 43 34 43 11 14 15 1 36 42 25 16 15 35 12 8 24 16 23 4 4 13 15 25 34 25 31
29 38 14 37 8 26 30 19 25 17 24 38 35 32 28 31 31 15 21 8 27 16 0 25 14 40 22 40 23 19 15 16 23 47 30 32 24 35 5 24 18 19 10 12 20 29 31 12 34 10 39
4 43 11 33 17 2 22 6 28 13 16 44 36 7 40 43 8 40 15 33 41 13 25 0 38 35 33 35 2 8 14 14 36 30 13 10 3 27 21 8 23 11 32 14 15 6 10 34 23 31 19
42 42 28 46 21 39 42 32 34 30 38 42 44 45 31 33 45 4 35 9 28 29 14 38 0 49 27 49 36 33 29 28 26 61 44 45 38 46 17 37 29 33 6 25 32 42 44 4 48 14 53
36 16 33 3 40 37 13 37 15 43 19 17 6 37 24 26 32 47 22 40 28 43 40 35 49 0 23 0 36 29 28 44 26 23 23 45 32 8 43 43 22 27 50 42 47 41 45 49 14 35 27
35 16 24 20 26 35 20 30 9 35 21 16 17 38 7 10 36 24 19 18 8 34 22 33 27 23 0 23 32 25 19 34 3 39 29 43 30 22 26 37 10 22 28 30 38 39 43 27 26 13 37
36 16 33 3 40 37 13 37 15 43 19 17 6 37 24 26 32 47 22 40 28 43 40 35 49 0 23 0 36 29 28 44 26 23 23 45 32 8 43 43 22 27 50 42 47 41 45 49 14 35 27
6 43 9 34 15 3 23 4 28 11 17 44 36 9 39 42 10 38 15 31 40 11 23 2 36 36 32 36 0 7 13 12 35 31 14 11 4 28 19 7 22 10 30 12 13 7 11 32 24 29 20
11 36 5 27 14 10 16 8 21 14 10 37 29 14 32 35 13 34 8 27 33 14 19 8 33 29 25 29 7 0 6 15 28 29 12 18 6 21 18 14 15 3 29 14 18 14 18 31 20 23 20
17 31 5 25 12 16 15 11 16 16 9 32 26 20 26 29 18 29 6 21 27 15 15 14 29 28 19 28 13 6 0 16 22 32 15 24 12 20 16 18 9 4 25 14 19 20 24 27 19 17 24
18 47 11 41 8 14 31 8 32 2 25 48 42 21 41 44 22 30 22 24 41 1 16 14 28 44 34 44 12 15 16 0 36 43 26 17 16 36 11 9 25 17 22 4 4 14 16 24 35 25 32
38 16 27 23 28 38 23 33 12 37 24 16 20 41 5 8 39 23 22 18 5 36 23 36 26 26 3 26 35 28 22 36 0 42 32 46 33 25 28 40 13 25 28 32 40 42 46 27 29 13 40
27 38 34 23 43 31 19 35 30 42 23 39 27 27 43 46 22 59 26 52 47 42 47 30 61 23 39 23 31 29 32 43 42 0 17 35 27 18 47 37 32 28 57 43 44 33 36 59 13 47 11
13 35 17 22 26 15 11 18 21 25 8 36 25 14 35 38 9 44 10 36 37 25 30 13 44 23 29 23 14 12 15 26 32 17 0 22 10 15 30 21 19 11 40 26 27 19 23 42 10 32 9
9 53 20 43 24 8 32 14 38 15 26 54 46 8 50 53 13 47 25 40 51 16 32 10 45 45 43 45 11 18 24 17 46 35 22 0 13 37 28 8 33 21 39 20 14 4 1 41 32 40 24
5 40 10 30 19 5 19 8 25 15 13 41 33 8 37 40 7 39 12 32 38 15 24 3 38 32 30 32 4 6 12 16 33 27 10 13 0 24 23 11 20 8 34 16 17 9 13 36 20 29 16
28 21 25 7 32 29 5 29 13 35 11 22 10 29 25 28 24 44 14 37 29 35 35 27 46 8 22 8 28 21 20 36 25 18 15 37 24 0 36 35 17 19 45 34 39 33 37 46 6 32 19
25 42 13 40 4 22 31 15 28 13 25 42 38 28 33 36 29 19 22 13 32 12 5 21 17 43 26 43 19 18 16 11 28 47 30 28 23 36 0 20 21 19 11 8 15 25 27 13 35 15 38
10 49 13 41 16 6 30 7 34 7 24 50 43 12 44 47 15 39 22 32 45 8 24 8 37 43 37 43 7 14 18 9 40 37 21 8 11 35 20 0 27 17 31 12 7 5 7 33 31 33 26
25 22 14 19 20 25 13 20 7 25 11 23 17 28 17 20 26 27 9 20 18 24 18 23 29 22 10 22 22 15 9 25 13 32 19 33 20 17 21 27 0 12 28 22 28 29 33 29 19 15 28
13 33 6 25 15 13 14 10 18 17 8 34 26 16 29 32 14 33 5 25 30 16 19 11 33 27 22 27 10 3 4 17 25 28 11 21 8 19 19 17 12 0 29 15 20 17 21 31 18 21 20
36 44 24 47 15 33 40 26 35 24 34 44 45 39 33 36 40 10 31 10 31 23 10 32 6 50 28 50 30 29 25 22 28 57 40 39 34 45 11 31 28 29 0 19 26 36 38 2 44 15 49
18 44 9 39 4 15 29 8 29 5 23 45 39 21 37 40 22 27 20 20 37 4 12 14 25 42 30 42 12 14 14 4 32 43 26 20 16 34 8 12 22 15 19 0 8 17 19 21 33 21 32
17 50 14 44 12 13 34 10 35 4 28 51 45 19 45 48 22 34 25 28 45 4 20 15 32 47 38 47 13 18 19 4 40 44 27 14 17 39 15 7 28 20 26 8 0 12 13 28 37 29 33
6 49 16 39 21 4 28 10 34 12 22 50 42 7 46 49 11 44 21 37 47 13 29 6 42 41 39 41 7 14 20 14 42 33 19 4 9 33 25 5 29 17 36 17 12 0 4 38 29 36 22
10 53 19 43 23 8 32 13 38 14 26 54 46 9 50 53 14 46 25 39 51 15 31 10 44 45 43 45 11 18 24 16 46 36 23 1 13 37 27 7 33 21 38 19 13 4 0 40 33 39 25
38 43 26 46 17 35 41 28 34 26 36 43 44 41 32 35 42 8 33 9 30 25 12 34 4 49 27 49 32 31 27 24 27 59 42 41 36 46 13 33 29 31 2 21 28 38 40 0 46 14 51
23 27 24 13 31 25 6 27 17 34 10 28 16 24 31 34 19 46 13 39 34 34 34 23 48 14 26 14 24 20 19 35 29 13 10 32 20 6 35 31 19 18 44 33 37 29 33 46 0 34 13
34 29 20 32 17 32 28 26 20 26 25 29 30 37 18 21 35 12 22 5 17 25 10 31 14 35 13 35 29 23 17 25 13 47 32 40 29 32 15 33 15 21 15 21 29 36 39 14 34 0 41
16 40 25 26 34 20 18 24 29 31 17 41 29 16 43 46 11 53 19 45 45 31 39 19 53 27 37 27 20 20 24 32 40 11 9 24 16 19 38 26 28 20 49 32 33 22 25 51 13 41 0
0 819
157 566
387 796
95 504
141 550
202 611
33 442
142 551
399 808
230 639
107 516
178 587
2 411
5 414
358 767
48 457
328 737
3 412
207 616
176 585
332 741
227 636
283 692
326 735
149 558
204 613
332 741
226 635
162 571
14 423
73 482
125 534
328 737
266 675
264 673
328 737
211 620
345 754
34 443
240 649
140 549
355 764
125 534
280 689
140 549
120 529
117 526
380 789
295 704
182 591
362 771
0
23
71
59
52
60
45
39
68
24
31
51
55
62
37
40
59
73
46
65
52
80
28
74
22
79
90
72
29
62
30
53
33
41
70
10
75
36
58
70
80
31
60
41
62
32
24
49
27
27
44
