51
1625
0 23 33 29 39 11 23 30 47 15 40 44 52 46 18 41 45 26 39 8 40 31 16 32 13 47 16 46 22 12 46 40 31 33 17 35 27 15 14 45 39 38 48 27 28 37 43 20 23 26 14
23 0 23 23 23 16 1 16 25 8 20 24 32 24 6 32 23 19 36 19 18 26 9 10 12 27 8 26 15 11 30 20 11 18 8 31 22 8 11 23 35 18 26 15 8 15 30 16 2 25 11
33 23 0 6 44 34 22 39 27 26 16 20 27 27 21 9 24 7 17 35 31 9 19 26 21 18 23 16 35 26 13 16 30 6 28 12 8 26 29 23 16 14 25 38 28 28 10 13 21 12 29
29 23 6 0 46 31 22 39 33 24 22 26 33 33 20 12 30 4 13 32 36 3 17 29 18 24 21 22 33 24 19 21 33 11 26 8 2 24 27 29 12 20 31 37 30 33 16 10 21 6 27
39 23 44 46 0 28 24 9 30 24 34 36 41 29 28 52 31 42 59 31 20 49 31 18 32 41 27 42 17 27 47 35 14 38 22 54 45 24 25 32 58 34 34 12 16 20 48 39 25 48 25
11 16 34 31 28 0 16 19 40 8 36 39 47 39 13 43 39 27 44 3 32 34 15 24 13 43 11 42 11 8 44 36 23 31 8 39 29 8 5 39 43 34 42 16 20 29 43 21 17 31 5
23 1 22 22 24 16 0 17 25 8 20 23 31 24 5 31 23 18 35 19 18 25 8 10 11 27 7 26 15 11 29 20 12 17 8 30 21 8 11 23 34 18 26 16 9 15 29 15 1 24 11
30 16 39 39 9 19 17 0 29 15 31 33 39 28 20 47 29 35 52 22 20 42 22 15 23 38 18 39 8 18 44 32 11 33 13 47 38 15 16 30 51 31 32 3 11 18 45 30 18 40 16
47 25 27 33 30 40 25 29 0 33 11 8 12 1 29 32 3 31 44 43 10 36 32 16 35 15 31 16 34 35 23 12 18 22 32 39 34 33 35 4 43 13 5 31 21 11 25 34 24 39 35
15 8 26 24 24 8 8 15 33 0 28 31 39 32 5 35 31 20 37 11 25 27 7 17 8 35 3 34 9 3 36 28 16 23 2 32 23 0 3 31 36 26 34 13 13 22 35 15 9 25 3
40 20 16 22 34 36 20 31 11 28 0 4 12 11 23 21 8 20 33 39 17 25 24 16 27 7 25 8 34 29 13 1 20 11 28 28 23 28 31 7 32 2 9 33 21 15 15 23 19 28 31
44 24 20 26 36 39 23 33 8 31 4 0 8 8 27 24 5 24 37 42 16 29 28 18 31 7 29 8 37 33 15 5 22 15 31 32 27 31 34 4 36 6 5 35 23 16 17 27 22 32 34
52 32 27 33 41 47 31 39 12 39 12 8 0 12 35 27 10 32 41 50 21 36 36 25 39 9 37 11 44 41 18 13 28 23 39 38 35 39 42 10 40 14 7 41 30 21 20 35 30 39 42
46 24 27 33 29 39 24 28 1 32 11 8 12 0 28 32 3 31 44 42 9 36 31 15 34 15 30 16 33 34 23 12 17 22 31 39 34 32 34 4 43 13 5 30 20 10 25 33 23 39 34
18 6 21 20 28 13 5 20 29 5 23 27 35 28 0 30 27 16 33 16 23 23 3 15 6 30 2 29 14 6 31 23 16 18 7 28 18 5 8 27 32 21 30 18 13 20 30 11 5 21 8
41 32 9 12 52 43 31 47 32 35 21 24 27 32 30 0 29 16 14 44 38 12 28 34 30 18 32 16 44 35 10 20 38 14 37 12 14 35 38 28 13 20 29 47 37 36 7 22 30 17 38
45 23 24 30 31 39 23 29 3 31 8 5 10 3 27 29 0 28 41 42 11 33 30 15 33 12 29 13 34 33 20 9 18 19 31 36 31 31 34 1 40 10 3 31 20 11 22 31 22 36 34
26 19 7 4 42 27 18 35 31 20 20 24 32 31 16 16 28 0 17 28 32 7 13 25 14 23 17 22 29 20 20 19 29 9 22 12 3 20 23 27 16 18 29 33 26 29 17 6 17 8 23
39 36 17 13 59 44 35 52 44 37 33 37 41 44 33 14 41 17 0 44 48 10 30 42 31 32 34 30 46 37 24 33 46 23 39 5 15 37 40 40 1 31 42 50 43 45 21 23 34 13 40
8 19 35 32 31 3 19 22 43 11 39 42 50 42 16 44 42 28 44 0 35 35 16 27 14 46 14 45 14 10 46 39 26 33 11 40 30 11 8 42 44 37 45 19 23 32 45 22 20 31 8
40 18 31 36 20 32 18 20 10 25 17 16 21 9 23 38 11 32 48 35 0 39 26 8 29 23 25 24 26 28 30 18 10 25 24 43 35 25 27 12 47 19 14 23 13 3 32 32 18 40 27
31 26 9 3 49 34 25 42 36 27 25 29 36 36 23 12 33 7 10 35 39 0 20 32 21 27 24 25 36 27 20 24 36 14 29 5 5 27 30 32 9 23 34 40 33 36 17 13 24 5 30
16 9 19 17 31 15 8 22 32 7 24 28 36 31 3 28 30 13 30 16 26 20 0 18 3 31 4 30 16 7 30 24 19 17 9 25 16 7 10 30 29 22 33 20 16 23 29 8 8 18 10
32 10 26 29 18 24 10 15 16 17 16 18 25 15 15 34 15 25 42 27 8 32 18 0 21 23 17 24 19 20 29 17 4 20 16 37 28 17 19 16 41 16 18 17 5 5 30 24 10 33 19
13 12 21 18 32 13 11 23 35 8 27 31 39 34 6 30 33 14 31 14 29 21 3 21 0 34 5 33 17 6 33 27 22 20 10 26 16 8 10 33 30 25 36 21 19 26 31 8 11 18 10
47 27 18 24 41 43 27 38 15 35 7 7 9 15 30 18 12 23 32 46 23 27 31 23 34 0 32 2 41 36 9 7 27 14 35 29 26 35 38 11 31 9 11 40 28 22 11 28 26 30 38
16 8 23 21 27 11 7 18 31 3 25 29 37 30 2 32 29 17 34 14 25 24 4 17 5 32 0 31 12 4 33 25 18 20 5 29 20 3 6 29 33 23 32 16 15 22 32 12 7 22 6
46 26 16 22 42 42 26 39 16 34 8 8 11 16 29 16 13 22 30 45 24 25 30 24 33 2 31 0 41 35 7 7 28 13 34 27 24 34 37 12 29 8 13 40 28 23 9 27 25 28 37
22 15 35 33 17 11 15 8 34 9 34 37 44 33 14 44 34 29 46 14 26 36 16 19 17 41 12 41 0 12 44 35 16 32 7 41 32 9 8 35 45 33 37 5 14 23 44 24 16 34 8
12 11 26 24 27 8 11 18 35 3 29 33 41 34 6 35 33 20 37 10 28 27 7 20 6 36 4 35 12 0 37 29 19 24 5 32 22 3 4 33 36 27 36 16 16 25 36 14 11 24 4
46 30 13 19 47 44 29 44 23 36 13 15 18 23 31 10 20 20 24 46 30 20 30 29 33 9 33 7 44 37 0 12 33 13 37 22 21 36 39 19 23 13 20 45 33 28 3 26 28 25 39
40 20 16 21 35 36 20 32 12 28 1 5 13 12 23 20 9 19 33 39 18 24 24 17 27 7 25 7 35 29 12 0 21 10 28 28 22 28 31 8 32 2 10 34 22 16 14 23 19 27 31
31 11 30 33 14 23 12 11 18 16 20 22 28 17 16 38 18 29 46 26 10 36 19 4 22 27 18 28 16 19 33 21 0 24 15 41 32 16 18 19 45 20 21 13 3 7 34 26 12 36 18
33 18 6 11 38 31 17 33 22 23 11 15 23 22 18 14 19 9 23 33 25 14 17 20 20 14 20 13 32 24 13 10 24 0 25 18 12 23 26 18 22 9 20 33 23 22 12 14 16 17 26
17 8 28 26 22 8 8 13 32 2 28 31 39 31 7 37 31 22 39 11 24 29 9 16 10 35 5 34 7 5 37 28 15 25 0 34 25 2 3 31 38 26 34 11 12 21 37 17 9 27 3
35 31 12 8 54 39 30 47 39 32 28 32 38 39 28 12 36 12 5 40 43 5 25 37 26 29 29 27 41 32 22 28 41 18 34 0 10 32 35 35 4 26 37 45 38 40 19 18 29 9 35
27 22 8 2 45 29 21 38 34 23 23 27 35 34 18 14 31 3 15 30 35 5 16 28 16 26 20 24 32 22 21 22 32 12 25 10 0 23 26 30 14 21 32 36 29 32 18 8 20 5 26
15 8 26 24 24 8 8 15 33 0 28 31 39 32 5 35 31 20 37 11 25 27 7 17 8 35 3 34 9 3 36 28 16 23 2 32 23 0 3 31 36 26 34 13 13 22 35 15 9 25 3
14 11 29 27 25 5 11 16 35 3 31 34 42 34 8 38 34 23 40 8 27 30 10 19 10 38 6 37 8 4 39 31 18 26 3 35 26 3 0 34 39 29 37 13 15 24 38 18 12 28 0
45 23 23 29 32 39 23 30 4 31 7 4 10 4 27 28 1 27 40 42 12 32 30 16 33 11 29 12 35 33 19 8 19 18 31 35 30 31 34 0 39 9 3 32 21 12 21 30 22 35 34
39 35 16 12 58 43 34 51 43 36 32 36 40 43 32 13 40 16 1 44 47 9 29 41 30 31 33 29 45 36 23 32 45 22 38 4 14 36 39 39 0 30 41 49 42 44 20 22 33 13 39
38 18 14 20 34 34 18 31 13 26 2 6 14 13 21 20 10 18 31 37 19 23 22 16 25 9 23 8 33 27 13 2 20 9 26 26 21 26 29 9 30 0 11 32 20 16 14 21 17 26 29
48 26 25 31 34 42 26 32 5 34 9 5 7 5 30 29 3 29 42 45 14 34 33 18 36 11 32 13 37 36 20 10 21 20 34 37 32 34 37 3 41 11 0 34 23 14 22 32 25 37 37
27 15 38 37 12 16 16 3 31 13 33 35 41 30 18 47 31 33 50 19 23 40 20 17 21 40 16 40 5 16 45 34 13 33 11 45 36 13 13 32 49 32 34 0 12 20 45 28 17 38 13
28 8 28 30 16 20 9 11 21 13 21 23 30 20 13 37 20 26 43 23 13 33 16 5 19 28 15 28 14 16 33 22 3 23 12 38 29 13 15 21 42 20 23 12 0 10 34 23 9 33 15
37 15 28 33 20 29 15 18 11 22 15 16 21 10 20 36 11 29 45 32 3 36 23 5 26 22 22 23 23 25 28 16 7 22 21 40 32 22 24 12 44 16 14 20 10 0 30 29 15 37 24
43 30 10 16 48 43 29 45 25 35 15 17 20 25 30 7 22 17 21 45 32 17 29 30 31 11 32 9 44 36 3 14 34 12 37 19 18 35 38 21 20 14 22 45 34 30 0 23 28 22 38
20 16 13 10 39 21 15 30 34 15 23 27 35 33 11 22 31 6 23 22 32 13 8 24 8 28 12 27 24 14 26 23 26 14 17 18 8 15 18 30 22 21 32 28 23 29 23 0 14 10 18
23 2 21 21 25 17 1 18 24 9 19 22 30 23 5 30 22 17 34 20 18 24 8 10 11 26 7 25 16 11 28 19 12 16 9 29 20 9 12 22 33 17 25 17 9 15 28 14 0 24 12
26 25 12 6 48 31 24 40 39 25 28 32 39 39 21 17 36 8 13 31 40 5 18 33 18 30 22 28 34 24 25 27 36 17 27 9 5 25 28 35 13 26 37 38 33 37 22 10 24 0 28
14 11 29 27 25 5 11 16 35 3 31 34 42 34 8 38 34 23 40 8 27 30 10 19 10 38 6 37 8 4 39 31 18 26 3 35 26 3 0 34 39 29 37 13 15 24 38 18 12 28 0
0 327
63 161
50 148
135 233
199 297
30 128
2 100
151 249
120 218
180 278
79 177
126 224
76 174
57 155
127 225
44 142
37 135
5 103
149 247
68 166
93 191
63 161
55 153
7 105
62 160
214 312
145 243
7 105
19 117
193 291
221 319
78 176
169 267
47 145
158 256
79 177
112 210
97 195
171 269
113 211
37 135
46 144
56 154
141 239
79 177
83 181
87 185
84 182
147 245
213 311
77 175
0
49
48
59
49
52
48
36
59
64
51
17
48
40
35
45
68
45
52
54
18
32
59
70
60
77
57
67
21
25
72
75
36
73
70
65
67
74
51
57
25
58
40
26
60
14
62
38
26
62
44
