51
1627
0 32 9 41 36 26 36 24 34 27 28 11 3 35 31 17 42 28 35 15 19 30 9 37 20 19 29 11 20 27 5 12 20 3 25 29 27 33 34 42 33 28 24 29 17 32 40 3 45 17 17
32 0 40 46 27 37 4 20 29 23 12 27 31 4 14 17 13 8 21 37 20 9 38 14 24 16 19 22 24 10 37 34 29 34 36 15 27 32 20 22 6 35 22 4 39 39 10 30 17 18 44
9 40 0 46 45 30 44 30 43 36 37 20 9 43 38 24 51 37 44 18 26 37 11 46 24 28 35 18 24 36 5 16 28 6 29 36 36 42 43 51 42 34 33 38 19 37 49 12 54 26 16
41 46 46 0 22 16 48 57 19 23 35 30 44 50 59 49 44 38 28 29 53 54 36 39 56 34 62 45 56 36 41 30 21 44 17 58 19 14 29 33 42 13 24 42 29 9 47 38 45 34 35
36 27 45 22 0 23 27 44 4 9 16 25 39 31 41 36 22 20 6 32 40 36 36 17 44 21 46 35 44 18 40 31 19 39 23 42 11 9 7 11 21 19 12 24 33 20 25 33 23 22 39
26 37 30 16 23 0 39 44 19 16 28 16 29 41 47 36 40 29 26 13 40 42 20 35 42 22 49 31 42 27 25 14 8 28 1 45 13 14 25 33 34 4 16 33 13 7 42 23 42 21 19
36 4 44 48 27 39 0 24 29 25 13 30 35 5 17 21 9 10 21 40 24 12 41 11 28 19 22 26 28 12 41 37 31 38 38 18 29 34 20 20 6 37 24 7 42 41 6 34 13 21 47
24 20 30 57 44 44 24 0 43 36 28 28 22 19 9 8 33 24 38 36 5 12 32 33 6 23 5 14 6 26 28 33 36 25 43 6 38 44 37 41 25 44 33 21 38 48 30 24 37 23 40
34 29 43 19 4 19 29 43 0 7 17 23 37 33 42 35 25 21 9 28 39 37 33 20 43 20 47 34 43 19 38 27 15 37 19 43 7 5 10 15 23 15 10 25 29 16 28 31 27 21 35
27 23 36 23 9 16 25 36 7 0 13 16 30 27 36 28 24 15 10 23 32 31 27 19 36 13 41 27 36 13 31 22 10 30 16 37 4 9 9 17 20 13 3 19 24 16 27 24 26 14 30
28 12 37 35 16 28 13 28 17 13 0 20 30 16 25 21 14 4 10 30 25 20 31 9 29 9 30 23 29 2 32 27 20 31 27 26 17 21 9 14 7 25 12 8 32 29 15 25 17 11 37
11 27 20 30 25 16 30 28 23 16 20 0 14 31 33 20 34 20 25 10 24 30 11 29 26 11 33 15 26 19 15 7 9 14 15 31 16 22 24 32 25 17 13 23 12 21 33 8 37 9 17
3 31 9 44 39 29 35 22 37 30 30 14 0 34 29 15 42 29 38 18 17 28 12 39 17 21 27 9 17 28 6 15 23 3 28 27 30 36 37 44 33 31 27 29 20 35 40 6 46 19 19
35 4 43 50 31 41 5 19 33 27 16 31 34 0 12 19 14 12 25 41 21 7 41 16 24 20 17 25 24 14 40 38 33 37 40 13 31 36 24 25 10 39 26 8 43 43 11 33 18 22 48
31 14 38 59 41 47 17 9 42 36 25 33 29 12 0 14 26 21 35 42 13 5 38 28 15 25 6 20 15 23 35 39 39 32 46 3 40 45 34 36 20 47 35 17 44 51 23 30 30 26 46
17 17 24 49 36 36 21 8 35 28 21 20 15 19 14 0 30 18 31 28 4 13 24 29 8 15 13 6 8 19 21 25 28 18 35 12 30 36 30 35 21 36 25 17 30 40 27 16 34 15 32
42 13 51 44 22 40 9 33 25 24 14 34 42 14 26 30 0 14 16 44 33 21 45 5 37 23 31 33 37 15 46 41 32 45 39 27 28 30 15 13 9 37 24 13 46 40 4 39 4 25 51
28 8 37 38 20 29 10 24 21 15 4 20 29 12 21 18 14 0 14 30 22 16 31 11 26 9 26 20 26 2 32 27 21 31 28 22 19 24 13 18 5 27 14 4 32 31 13 25 18 11 37
35 21 44 28 6 26 21 38 9 10 10 25 38 25 35 31 16 14 0 33 35 30 36 11 39 17 40 31 39 12 39 31 20 38 26 36 13 14 1 7 15 22 12 18 34 25 19 32 18 19 40
15 37 18 29 32 13 40 36 28 23 30 10 18 41 42 28 44 30 33 0 31 40 7 39 32 21 41 22 32 29 13 3 13 16 12 40 21 26 32 40 35 17 21 33 2 20 43 12 47 19 8
19 20 26 53 40 40 24 5 39 32 25 24 17 21 13 4 33 22 35 31 0 14 27 32 4 19 10 9 4 23 23 28 32 20 39 10 34 40 34 39 24 40 29 20 33 44 30 19 37 19 35
30 9 37 54 36 42 12 12 37 31 20 30 28 7 5 13 21 16 30 40 14 0 37 23 17 20 10 19 17 18 34 37 34 31 41 6 35 40 29 31 15 42 30 12 42 46 18 29 25 22 45
9 38 11 36 36 20 41 32 33 27 31 11 12 41 38 24 45 31 36 7 27 37 0 40 28 22 37 18 28 30 6 6 18 9 19 36 26 32 35 43 36 24 24 34 8 27 44 8 48 20 8
37 14 46 39 17 35 11 33 20 19 9 29 39 16 28 29 5 11 11 39 32 23 40 0 36 18 33 31 36 11 41 36 27 40 34 29 23 25 10 9 8 32 19 12 41 35 9 34 8 20 46
20 24 24 56 44 42 28 6 43 36 29 26 17 24 15 8 37 26 39 32 4 17 28 36 0 23 11 11 0 27 23 29 35 20 41 12 38 44 38 43 28 43 33 24 34 47 34 20 41 23 36
19 16 28 34 21 22 19 23 20 13 9 11 21 20 25 15 23 9 17 21 19 20 22 18 23 0 28 14 23 8 23 18 14 22 21 24 15 21 16 23 14 22 10 12 23 26 22 16 26 2 28
29 19 35 62 46 49 22 5 47 41 30 33 27 17 6 13 31 26 40 41 10 10 37 33 11 28 0 19 11 28 33 38 41 30 48 4 43 49 39 41 25 49 38 22 43 53 28 29 35 28 45
11 22 18 45 35 31 26 14 34 27 23 15 9 25 20 6 33 20 31 22 9 19 18 31 11 14 19 0 11 21 15 19 24 12 30 18 29 35 30 37 24 32 24 20 24 36 31 10 37 13 26
20 24 24 56 44 42 28 6 43 36 29 26 17 24 15 8 37 26 39 32 4 17 28 36 0 23 11 11 0 27 23 29 35 20 41 12 38 44 38 43 28 43 33 24 34 47 34 20 41 23 36
27 10 36 36 18 27 12 26 19 13 2 19 28 14 23 19 15 2 12 29 23 18 30 11 27 8 28 21 27 0 31 26 19 30 26 24 17 22 11 16 7 25 12 6 31 29 15 24 19 10 36
5 37 5 41 40 25 41 28 38 31 32 15 6 40 35 21 46 32 39 13 23 34 6 41 23 23 33 15 23 31 0 11 23 3 24 33 31 37 38 46 37 29 28 34 14 32 45 7 49 21 13
12 34 16 30 31 14 37 33 27 22 27 7 15 38 39 25 41 27 31 3 28 37 6 36 29 18 38 19 29 26 11 0 12 14 13 37 20 26 30 38 32 18 19 30 5 21 40 9 44 16 10
20 29 28 21 19 8 31 36 15 10 20 9 23 33 39 28 32 21 20 13 32 34 18 27 35 14 41 24 35 19 23 12 0 23 7 37 8 14 19 27 26 8 8 25 14 12 34 17 35 13 20
3 34 6 44 39 28 38 25 37 30 31 14 3 37 32 18 45 31 38 16 20 31 9 40 20 22 30 12 20 30 3 14 23 0 27 30 30 36 37 45 36 31 27 32 17 35 43 6 48 20 16
25 36 29 17 23 1 38 43 19 16 27 15 28 40 46 35 39 28 26 12 39 41 19 34 41 21 48 30 41 26 24 13 7 27 0 44 13 15 25 33 33 5 15 32 12 8 41 22 42 20 18
29 15 36 58 42 45 18 6 43 37 26 31 27 13 3 12 27 22 36 40 10 6 36 29 12 24 4 18 12 24 33 37 37 30 44 0 39 45 35 37 21 45 34 18 42 49 24 28 31 24 44
27 27 36 19 11 13 29 38 7 4 17 16 30 31 40 30 28 19 13 21 34 35 26 23 38 15 43 29 38 17 31 20 8 30 13 39 0 6 13 20 24 9 5 23 22 12 31 24 30 16 28
33 32 42 14 9 14 34 44 5 9 21 22 36 36 45 36 30 24 14 26 40 40 32 25 44 21 49 35 44 22 37 26 14 36 15 45 6 0 15 20 28 10 11 28 27 11 33 30 32 22 33
34 20 43 29 7 25 20 37 10 9 9 24 37 24 34 30 15 13 1 32 34 29 35 10 38 16 39 30 38 11 38 30 19 37 25 35 13 15 0 8 14 22 11 17 33 25 18 31 17 18 39
42 22 51 33 11 33 20 41 15 17 14 32 44 25 36 35 13 18 7 40 39 31 43 9 43 23 41 37 43 16 46 38 27 45 33 37 20 20 8 0 16 29 19 20 41 31 17 39 13 25 47
33 6 42 42 21 34 6 25 23 20 7 25 33 10 20 21 9 5 15 35 24 15 36 8 28 14 25 24 28 7 37 32 26 36 33 21 24 28 14 16 0 32 19 4 37 36 8 30 13 16 42
28 35 34 13 19 4 37 44 15 13 25 17 31 39 47 36 37 27 22 17 40 42 24 32 43 22 49 32 43 25 29 18 8 31 5 45 9 10 22 29 32 0 13 31 17 4 40 25 39 21 23
24 22 33 24 12 16 24 33 10 3 12 13 27 26 35 25 24 14 12 21 29 30 24 19 33 10 38 24 33 12 28 19 8 27 15 34 5 11 11 19 19 13 0 18 22 17 27 21 27 11 28
29 4 38 42 24 33 7 21 25 19 8 23 29 8 17 17 13 4 18 33 20 12 34 12 24 12 22 20 24 6 34 30 25 32 32 18 23 28 17 20 4 31 18 0 35 35 11 27 17 14 40
17 39 19 29 33 13 42 38 29 24 32 12 20 43 44 30 46 32 34 2 33 42 8 41 34 23 43 24 34 31 14 5 14 17 12 42 22 27 33 41 37 17 22 35 0 20 45 14 49 21 6
32 39 37 9 20 7 41 48 16 16 29 21 35 43 51 40 40 31 25 20 44 46 27 35 47 26 53 36 47 29 32 21 12 35 8 49 12 11 25 31 36 4 17 35 20 0 43 29 42 25 26
40 10 49 47 25 42 6 30 28 27 15 33 40 11 23 27 4 13 19 43 30 18 44 9 34 22 28 31 34 15 45 40 34 43 41 24 31 33 18 17 8 40 27 11 45 43 0 38 7 24 50
3 30 12 38 33 23 34 24 31 24 25 8 6 33 30 16 39 25 32 12 19 29 8 34 20 16 29 10 20 24 7 9 17 6 22 28 24 30 31 39 30 25 21 27 14 29 38 0 42 14 16
45 17 54 45 23 42 13 37 27 26 17 37 46 18 30 34 4 18 18 47 37 25 48 8 41 26 35 37 41 19 49 44 35 48 42 31 30 32 17 13 13 39 27 17 49 42 7 42 0 28 54
17 18 26 34 22 21 21 23 21 14 11 9 19 22 26 15 25 11 19 19 19 22 20 20 23 2 28 13 23 10 21 16 13 20 20 24 16 22 18 25 16 21 11 14 21 25 24 14 28 0 26
17 44 16 35 39 19 47 40 35 30 37 17 19 48 46 32 51 37 40 8 35 45 8 46 36 28 45 26 36 36 13 10 20 16 18 44 28 33 39 47 42 23 28 40 6 26 50 16 54 26 0
0 792
70 307
372 609
551 788
347 584
14 251
492 729
447 684
139 376
421 658
286 523
410 647
69 306
538 775
60 297
262 499
113 350
86 323
314 551
407 644
195 432
73 310
282 519
495 732
484 721
388 625
485 722
196 433
400 637
383 620
314 551
419 656
524 761
260 497
169 406
465 702
289 526
2 239
8 245
179 416
245 482
449 686
36 273
309 546
519 756
401 638
95 332
426 663
288 525
289 526
369 606
0
35
22
29
24
61
17
50
27
66
58
67
42
43
46
46
47
83
50
18
53
65
32
79
62
81
74
75
11
59
37
17
29
58
90
43
84
47
52
49
28
59
52
81
38
46
35
63
80
54
38
