51
1624
0 14 23 24 22 32 24 28 24 16 23 34 28 40 19 35 24 5 13 26 39 7 32 36 8 39 37 14 30 6 17 28 40 33 29 46 11 24 17 14 31 21 19 25 31 31 9 43 5 38 46
14 0 12 24 26 32 33 15 15 5 10 25 14 27 29 31 18 17 18 31 27 16 19 23 11 26 24 24 26 8 4 16 31 19 39 41 21 13 14 17 19 17 29 19 40 40 7 38 17 35 42
23 12 0 17 23 24 32 11 3 7 7 13 16 21 33 20 6 28 19 26 17 28 12 17 15 20 15 28 15 17 15 6 19 16 38 29 25 1 9 29 8 8 30 7 39 37 19 26 28 24 30
24 24 17 0 7 8 16 28 15 20 24 20 33 38 20 12 12 29 11 9 29 31 29 34 16 37 30 19 9 21 28 23 23 33 22 24 17 17 10 36 22 9 17 11 22 20 27 21 29 14 22
22 26 23 7 0 11 9 34 21 23 29 27 38 43 13 18 19 27 9 5 36 29 34 39 16 42 37 12 16 21 30 28 30 39 15 30 12 22 14 36 29 15 10 18 16 15 27 27 27 19 27
32 32 24 8 11 0 18 35 21 28 31 22 40 44 24 9 18 37 19 10 33 39 35 40 24 43 36 23 10 29 36 29 23 40 23 19 23 23 18 44 28 16 21 17 21 19 35 16 37 8 16
24 33 32 16 9 18 0 43 30 31 38 36 46 52 8 26 28 29 15 8 45 31 43 48 22 51 46 11 25 27 37 37 39 48 6 37 13 31 23 38 38 24 6 27 7 7 33 34 29 26 34
28 15 11 28 34 35 43 0 14 12 5 18 7 12 40 31 17 32 28 37 14 31 4 8 22 11 9 35 26 22 14 7 24 5 49 36 32 12 20 30 9 19 40 18 50 48 22 33 32 35 39
24 15 3 15 21 21 30 14 0 10 10 11 19 23 31 17 3 29 17 24 17 30 14 19 16 22 16 26 12 18 18 8 17 19 36 26 23 2 7 32 8 6 28 4 37 35 22 23 29 21 27
16 5 7 20 23 28 31 12 10 0 7 20 15 24 28 26 13 21 16 28 23 21 16 20 10 23 21 23 21 10 8 12 26 17 37 36 20 8 10 22 15 12 28 14 38 38 12 33 21 30 37
23 10 7 24 29 31 38 5 10 7 0 19 9 17 35 27 13 27 23 33 18 26 9 13 17 16 14 30 22 17 10 7 25 10 44 36 27 8 15 26 10 15 35 14 45 44 17 33 27 31 37
34 25 13 20 27 22 36 18 11 20 19 0 25 23 40 14 10 39 26 29 11 41 16 21 26 22 15 35 12 29 28 12 6 23 42 18 32 12 17 42 9 13 37 9 42 40 32 15 39 18 21
28 14 16 33 38 40 46 7 19 15 9 25 0 15 43 36 22 30 31 42 21 29 11 12 25 14 16 38 31 22 11 14 31 7 52 43 35 17 24 26 16 24 43 23 53 53 20 40 30 40 46
40 27 21 38 43 44 52 12 23 24 17 23 15 0 52 37 26 44 40 47 14 43 9 4 34 1 8 47 34 34 25 15 27 8 58 39 44 21 30 41 16 29 51 27 59 58 34 38 44 41 44
19 29 33 20 13 24 8 40 31 28 35 40 43 52 0 31 31 23 14 15 48 25 44 48 18 51 47 5 29 22 33 39 43 45 10 43 8 33 24 32 39 27 3 31 13 14 28 40 23 32 40
35 31 20 12 18 9 26 31 17 26 27 14 36 37 31 0 14 40 23 18 25 42 29 34 27 36 29 30 5 32 34 24 14 36 32 12 29 19 18 47 22 14 28 13 30 28 37 9 40 4 11
24 18 6 12 19 18 28 17 3 13 13 10 22 26 31 14 0 29 17 21 18 31 17 22 16 25 18 26 9 20 21 11 16 22 34 23 23 5 7 35 10 4 28 1 34 32 25 20 29 18 24
5 17 28 29 27 37 29 32 29 21 27 39 30 44 23 40 29 0 18 31 44 2 36 40 13 43 41 18 35 11 19 33 45 36 33 51 16 29 22 9 36 26 23 30 36 36 10 48 0 43 51
13 18 19 11 9 19 15 28 17 16 23 26 31 40 14 23 17 18 0 13 34 20 31 36 7 39 33 9 19 12 22 25 32 33 21 35 6 19 10 27 25 13 12 17 22 22 18 32 18 25 33
26 31 26 9 5 10 8 37 24 28 33 29 42 47 15 18 21 31 13 0 38 33 38 43 20 46 39 15 17 25 35 32 31 42 14 29 16 26 18 40 31 18 12 20 13 11 31 26 31 18 26
39 27 17 29 36 33 45 14 17 23 18 11 21 14 48 25 18 44 34 38 0 43 10 12 32 13 6 43 23 33 28 11 13 16 51 25 40 16 24 44 9 22 45 18 51 49 34 24 44 29 30
7 16 28 31 29 39 31 31 30 21 26 41 29 43 25 42 31 2 20 33 43 0 35 39 15 42 40 20 37 12 18 32 47 35 35 53 18 29 24 7 35 28 25 32 38 38 9 50 2 45 53
32 19 12 29 34 35 43 4 14 16 9 16 11 9 44 29 17 36 31 38 10 35 0 5 26 8 5 39 25 26 18 6 22 7 49 34 36 12 21 34 7 20 42 18 50 49 26 31 36 33 37
36 23 17 34 39 40 48 8 19 20 13 21 12 4 48 34 22 40 36 43 12 39 5 0 30 3 6 43 30 30 22 11 25 5 54 37 40 17 26 38 12 25 47 23 55 54 30 36 40 38 42
8 11 15 16 16 24 22 22 16 10 17 26 25 34 18 27 16 13 7 20 32 15 26 30 0 33 30 13 22 5 15 21 32 27 28 38 10 16 9 20 23 13 18 17 29 29 11 35 13 30 38
39 26 20 37 42 43 51 11 22 23 16 22 14 1 51 36 25 43 39 46 13 42 8 3 33 0 7 46 33 33 24 14 26 7 57 38 43 20 29 40 15 28 50 26 58 57 33 37 43 40 43
37 24 15 30 37 36 46 9 16 21 14 15 16 8 47 29 18 41 33 39 6 40 5 6 30 7 0 42 26 31 23 9 19 10 52 31 39 15 23 39 8 22 44 19 52 50 31 30 41 33 36
14 24 28 19 12 23 11 35 26 23 30 35 38 47 5 30 26 18 9 15 43 20 39 43 13 46 42 0 27 17 28 34 41 40 15 42 3 28 19 27 34 22 5 26 18 18 23 39 18 31 39
30 26 15 9 16 10 25 26 12 21 22 12 31 34 29 5 9 35 19 17 23 37 25 30 22 33 26 27 0 27 29 20 14 31 31 16 25 14 13 42 18 9 26 8 30 28 32 13 35 9 16
6 8 17 21 21 29 27 22 18 10 17 29 22 34 22 32 20 11 12 25 33 12 26 30 5 33 31 17 27 0 11 22 35 27 32 43 14 18 14 15 25 18 22 21 34 34 6 40 11 35 43
17 4 15 28 30 36 37 14 18 8 10 28 11 25 33 34 21 19 22 35 28 18 18 22 15 24 23 28 29 11 0 17 34 17 43 44 25 16 18 16 20 20 33 22 44 44 9 41 19 38 45
28 16 6 23 28 29 37 7 8 12 7 12 14 15 39 24 11 33 25 32 11 32 6 11 21 14 9 34 20 22 17 0 18 12 43 30 31 6 15 33 3 14 36 12 44 43 23 27 33 28 33
40 31 19 23 30 23 39 24 17 26 25 6 31 27 43 14 16 45 32 31 13 47 22 25 32 26 19 41 14 35 34 18 0 29 45 12 38 18 23 48 15 19 40 15 44 42 38 11 45 17 17
33 19 16 33 39 40 48 5 19 17 10 23 7 8 45 36 22 36 33 42 16 35 7 5 27 7 10 40 31 27 17 12 29 0 54 41 37 17 25 33 14 24 45 23 55 53 26 38 36 40 44
29 39 38 22 15 23 6 49 36 37 44 42 52 58 10 32 34 33 21 14 51 35 49 54 28 57 52 15 31 32 43 43 45 54 0 42 18 37 29 42 44 30 10 33 3 5 38 39 33 31 39
46 41 29 24 30 19 37 36 26 36 36 18 43 39 43 12 23 51 35 29 25 53 34 37 38 38 31 42 16 43 44 30 12 41 42 0 41 28 29 58 27 25 40 22 40 38 48 3 51 11 5
11 21 25 17 12 23 13 32 23 20 27 32 35 44 8 29 23 16 6 16 40 18 36 40 10 43 39 3 25 14 25 31 38 37 18 41 0 25 16 25 31 19 8 23 20 20 20 38 16 31 39
24 13 1 17 22 23 31 12 2 8 8 12 17 21 33 19 5 29 19 26 16 29 12 17 16 20 15 28 14 18 16 6 18 17 37 28 25 0 9 30 7 8 30 6 38 37 20 25 29 23 29
17 14 9 10 14 18 23 20 7 10 15 17 24 30 24 18 7 22 10 18 24 24 21 26 9 29 23 19 13 14 18 15 23 25 29 29 16 9 0 29 15 4 21 8 30 29 19 26 22 22 29
14 17 29 36 36 44 38 30 32 22 26 42 26 41 32 47 35 9 27 40 44 7 34 38 20 40 39 27 42 15 16 33 48 33 42 58 25 30 29 0 36 33 32 36 45 45 10 55 9 50 58
31 19 8 22 29 28 38 9 8 15 10 9 16 16 39 22 10 36 25 31 9 35 7 12 23 15 8 34 18 25 20 3 15 14 44 27 31 7 15 36 0 14 36 11 44 42 26 24 36 26 30
21 17 8 9 15 16 24 19 6 12 15 13 24 29 27 14 4 26 13 18 22 28 20 25 13 28 22 22 9 18 20 14 19 24 30 25 19 8 4 33 14 0 24 4 31 29 23 22 26 18 25
19 29 30 17 10 21 6 40 28 28 35 37 43 51 3 28 28 23 12 12 45 25 42 47 18 50 44 5 26 22 33 36 40 45 10 40 8 30 21 32 36 24 0 28 13 13 28 37 23 29 37
25 19 7 11 18 17 27 18 4 14 14 9 23 27 31 13 1 30 17 20 18 32 18 23 17 26 19 26 8 21 22 12 15 23 33 22 23 6 8 36 11 4 28 0 33 31 26 19 30 17 23
31 40 39 22 16 21 7 50 37 38 45 42 53 59 13 30 34 36 22 13 51 38 50 55 29 58 52 18 30 34 44 44 44 55 3 40 20 38 30 45 44 31 13 33 0 2 40 37 36 29 36
31 40 37 20 15 19 7 48 35 38 44 40 53 58 14 28 32 36 22 11 49 38 49 54 29 57 50 18 28 34 44 43 42 53 5 38 20 37 29 45 42 29 13 31 2 0 40 35 36 27 34
9 7 19 27 27 35 33 22 22 12 17 32 20 34 28 37 25 10 18 31 34 9 26 30 11 33 31 23 32 6 9 23 38 26 38 48 20 20 19 10 26 23 28 26 40 40 0 45 10 41 48
43 38 26 21 27 16 34 33 23 33 33 15 40 38 40 9 20 48 32 26 24 50 31 36 35 37 30 39 13 40 41 27 11 38 39 3 38 25 26 55 24 22 37 19 37 35 45 0 48 8 6
5 17 28 29 27 37 29 32 29 21 27 39 30 44 23 40 29 0 18 31 44 2 36 40 13 43 41 18 35 11 19 33 45 36 33 51 16 29 22 9 36 26 23 30 36 36 10 48 0 43 51
38 35 24 14 19 8 26 35 21 30 31 18 40 41 32 4 18 43 25 18 29 45 33 38 30 40 33 31 9 35 38 28 17 40 31 11 31 23 22 50 26 18 29 17 29 27 41 8 43 0 8
46 42 30 22 27 16 34 39 27 37 37 21 46 44 40 11 24 51 33 26 30 53 37 42 38 43 36 39 16 43 45 33 17 44 39 5 39 29 29 58 30 25 37 23 36 34 48 6 51 8 0
0 792
279 675
106 502
284 680
110 506
305 701
176 572
166 562
225 621
342 738
330 726
303 699
242 638
44 440
49 445
337 733
101 497
224 620
342 738
223 619
279 675
332 728
111 507
112 508
374 770
226 622
81 477
223 619
210 606
348 744
228 624
318 714
78 474
247 643
373 769
286 682
182 578
84 480
248 644
59 455
278 674
53 449
65 461
245 641
179 575
379 775
76 472
210 606
111 507
238 634
112 508
0
38
68
66
39
44
44
54
67
11
41
40
44
69
55
54
68
57
71
45
51
28
18
75
13
30
65
51
65
76
56
46
50
21
55
52
58
62
15
51
62
81
29
62
40
23
32
60
71
66
58
