51
1625
0 43 33 60 2 61 10 46 22 45 42 50 49 43 39 53 9 32 18 43 34 42 31 57 20 11 13 38 48 44 36 35 47 41 20 56 44 50 57 4 12 29 24 35 51 43 18 37 32 41 34
43 0 35 24 41 27 33 24 21 11 15 20 7 17 10 30 36 19 25 39 18 13 34 20 23 32 33 20 20 19 43 16 47 2 31 28 4 8 20 39 31 24 19 35 24 8 26 6 35 7 12
33 35 0 36 33 36 33 19 28 28 24 27 35 49 42 23 24 43 23 10 17 46 2 35 28 25 21 17 25 22 8 19 14 35 14 30 39 36 35 32 33 12 24 2 25 42 34 31 1 40 38
60 24 36 0 59 3 52 17 40 16 18 10 17 40 34 16 51 43 42 32 26 36 37 4 42 49 47 22 12 16 44 25 40 26 40 8 27 16 4 57 50 31 37 34 11 31 48 27 36 31 36
2 41 33 59 0 60 8 45 20 44 41 49 47 41 37 53 9 30 17 43 33 40 31 56 18 10 13 37 47 43 37 34 47 39 20 55 42 48 56 2 10 28 23 35 50 41 16 35 32 39 32
61 27 36 3 60 0 54 17 42 19 19 11 20 43 37 15 52 46 43 32 27 39 37 7 44 50 48 23 13 17 44 26 40 29 41 7 30 19 7 58 52 32 38 34 11 34 50 30 36 34 39
10 33 33 52 8 54 0 40 12 36 35 43 39 33 29 48 11 22 11 43 28 32 31 48 10 8 12 32 42 38 37 28 47 31 19 50 34 40 48 6 2 24 16 35 45 33 8 27 32 31 24
46 24 19 17 45 17 40 0 29 13 9 8 20 40 33 8 37 39 29 16 12 36 20 16 31 35 33 8 6 5 27 13 24 24 26 11 28 21 16 43 39 17 25 17 6 32 37 22 19 30 33
22 21 28 40 20 42 12 29 0 24 23 31 27 25 19 37 17 16 6 36 17 23 26 36 2 13 14 21 30 26 35 16 42 19 15 38 22 28 36 18 10 16 4 29 34 22 8 15 27 20 14
45 11 28 16 44 19 36 13 24 0 4 9 7 28 21 19 37 28 27 29 13 24 27 12 26 34 33 11 9 8 36 11 37 12 28 17 15 8 12 42 34 19 21 27 13 19 32 11 27 18 22
42 15 24 18 41 19 35 9 23 4 0 8 11 31 24 17 33 30 24 25 9 27 23 15 25 31 29 7 7 4 32 7 33 15 24 15 19 12 15 39 33 15 19 23 11 23 31 13 23 21 24
50 20 27 10 49 11 43 8 31 9 8 0 14 37 30 11 41 37 32 24 16 33 28 8 33 39 37 12 2 6 35 15 32 21 30 8 24 14 8 47 41 21 27 25 5 28 39 20 27 27 31
49 7 35 17 47 20 39 20 27 7 11 14 0 23 17 25 42 26 31 36 20 19 34 13 29 38 39 18 16 15 43 18 44 9 34 21 10 1 13 45 37 26 25 34 19 14 33 12 34 14 19
43 17 49 40 41 43 33 40 25 28 31 37 23 0 8 47 42 11 31 54 33 4 47 36 27 38 39 36 37 35 57 31 62 16 40 44 13 24 36 39 31 37 27 50 41 9 25 19 48 10 11
39 10 42 34 37 37 29 33 19 21 24 30 17 8 0 40 36 10 25 46 25 4 40 30 21 32 33 28 30 28 50 23 54 9 33 38 7 18 30 35 27 30 20 42 34 4 21 11 41 3 5
53 30 23 16 53 15 48 8 37 19 17 11 25 47 40 0 44 47 37 17 20 43 25 18 39 43 40 16 10 13 30 21 25 31 33 8 34 25 18 51 47 25 33 21 6 38 45 30 24 37 41
9 36 24 51 9 52 11 37 17 37 33 41 42 42 36 44 0 31 11 34 25 40 22 48 15 4 4 29 39 35 28 26 38 34 11 47 38 43 48 8 12 20 17 26 42 39 17 30 23 37 31
32 19 43 43 30 46 22 39 16 28 30 37 26 11 10 47 31 0 22 50 29 11 41 39 17 27 30 32 37 34 51 27 57 17 31 45 17 27 39 28 20 31 19 44 41 14 14 17 42 13 7
18 25 23 42 17 43 11 29 6 27 24 32 31 31 25 37 11 22 0 33 17 29 21 39 5 7 8 21 31 27 30 17 37 23 10 39 27 32 39 15 10 13 6 25 34 28 11 19 22 26 20
43 39 10 32 43 32 43 16 36 29 25 24 36 54 46 17 34 50 33 0 21 50 12 32 37 35 31 19 22 21 13 23 8 39 24 25 43 37 32 42 43 20 32 8 21 46 43 35 11 44 44
34 18 17 26 33 27 28 12 17 13 9 16 20 33 25 20 25 29 17 21 0 29 16 24 19 23 21 4 14 10 25 2 29 18 15 22 22 21 24 31 27 6 13 17 17 25 25 14 17 23 23
42 13 46 36 40 39 32 36 23 24 27 33 19 4 4 43 40 11 29 50 29 0 44 32 25 36 37 32 33 31 54 27 58 12 37 40 9 20 32 38 30 34 24 46 37 5 24 15 45 6 9
31 34 2 37 31 37 31 20 26 27 23 28 34 47 40 25 22 41 21 12 16 44 0 36 26 23 19 16 26 22 10 18 16 33 12 31 37 35 36 30 31 10 22 4 26 40 32 29 1 38 36
57 20 35 4 56 7 48 16 36 12 15 8 13 36 30 18 48 39 39 32 24 32 36 0 38 46 44 20 10 14 43 22 40 22 38 11 23 12 0 54 46 29 33 33 12 27 44 23 35 27 32
20 23 28 42 18 44 10 31 2 26 25 33 29 27 21 39 15 17 5 37 19 25 26 38 0 11 13 23 32 28 35 18 42 21 15 40 24 30 38 16 8 17 6 30 36 24 6 17 27 22 16
11 32 25 49 10 50 8 35 13 34 31 39 38 38 32 43 4 27 7 35 23 36 23 46 11 0 4 27 37 33 29 24 39 30 11 45 34 39 46 8 9 18 13 27 40 35 13 26 24 33 27
13 33 21 47 13 48 12 33 14 33 29 37 39 39 33 40 4 30 8 31 21 37 19 44 13 4 0 25 35 31 25 22 35 31 7 43 35 40 44 12 13 16 14 23 38 36 17 27 20 34 28
38 20 17 22 37 23 32 8 21 11 7 12 18 36 28 16 29 32 21 19 4 32 16 20 23 27 25 0 10 7 25 5 27 20 18 18 24 19 20 35 31 9 17 16 13 28 29 17 16 26 27
48 20 25 12 47 13 42 6 30 9 7 2 16 37 30 10 39 37 31 22 14 33 26 10 32 37 35 10 0 4 33 14 30 21 28 8 24 16 10 45 40 19 26 23 4 28 38 20 25 27 31
44 19 22 16 43 17 38 5 26 8 4 6 15 35 28 13 35 34 27 21 10 31 22 14 28 33 31 7 4 0 30 10 29 19 25 12 23 16 14 41 36 16 22 21 8 27 34 17 22 25 28
36 43 8 44 37 44 37 27 35 36 32 35 43 57 50 30 28 51 30 13 25 54 10 43 35 29 25 25 33 30 0 27 11 43 20 38 47 44 43 36 38 20 32 10 33 50 41 39 9 48 46
35 16 19 25 34 26 28 13 16 11 7 15 18 31 23 21 26 27 17 23 2 27 18 22 18 24 22 5 14 10 27 0 31 16 17 22 20 19 22 32 26 8 12 19 18 23 24 12 19 21 22
47 47 14 40 47 40 47 24 42 37 33 32 44 62 54 25 38 57 37 8 29 58 16 40 42 39 35 27 30 29 11 31 0 47 28 33 51 45 40 46 47 26 38 13 29 54 48 43 15 52 52
41 2 35 26 39 29 31 24 19 12 15 21 9 16 9 31 34 17 23 39 18 12 33 22 21 30 31 20 21 19 43 16 47 0 29 29 4 10 22 37 29 23 17 35 25 8 24 4 34 6 10
20 31 14 40 20 41 19 26 15 28 24 30 34 40 33 33 11 31 10 24 15 37 12 38 15 11 7 18 28 25 20 17 28 29 0 36 33 35 38 19 19 9 13 16 31 35 21 25 13 33 29
56 28 30 8 55 7 50 11 38 17 15 8 21 44 38 8 47 45 39 25 22 40 31 11 40 45 43 18 8 12 38 22 33 29 36 0 31 21 11 53 48 27 34 28 5 35 46 28 30 35 39
44 4 39 27 42 30 34 28 22 15 19 24 10 13 7 34 38 17 27 43 22 9 37 23 24 34 35 24 24 23 47 20 51 4 33 31 0 11 23 40 32 27 21 39 28 4 26 8 38 4 11
50 8 36 16 48 19 40 21 28 8 12 14 1 24 18 25 43 27 32 37 21 20 35 12 30 39 40 19 16 16 44 19 45 10 35 21 11 0 12 46 38 27 26 35 19 15 34 13 35 15 20
57 20 35 4 56 7 48 16 36 12 15 8 13 36 30 18 48 39 39 32 24 32 36 0 38 46 44 20 10 14 43 22 40 22 38 11 23 12 0 54 46 29 33 33 12 27 44 23 35 27 32
4 39 32 57 2 58 6 43 18 42 39 47 45 39 35 51 8 28 15 42 31 38 30 54 16 8 12 35 45 41 36 32 46 37 19 53 40 46 54 0 8 26 21 34 48 39 14 33 31 37 30
12 31 33 50 10 52 2 39 10 34 33 41 37 31 27 47 12 20 10 43 27 30 31 46 8 9 13 31 40 36 38 26 47 29 19 48 32 38 46 8 0 23 14 35 44 31 6 25 32 29 22
29 24 12 31 28 32 24 17 16 19 15 21 26 37 30 25 20 31 13 20 6 34 10 29 17 18 16 9 19 16 20 8 26 23 9 27 27 27 29 26 23 0 12 13 22 30 23 19 11 28 26
24 19 24 37 23 38 16 25 4 21 19 27 25 27 20 33 17 19 6 32 13 24 22 33 6 13 14 17 26 22 32 12 38 17 13 34 21 26 33 21 14 12 0 25 30 22 12 13 23 20 16
35 35 2 34 35 34 35 17 29 27 23 25 34 50 42 21 26 44 25 8 17 46 4 33 30 27 23 16 23 21 10 19 13 35 16 28 39 35 33 34 35 13 25 0 23 42 36 31 3 40 39
51 24 25 11 50 11 45 6 34 13 11 5 19 41 34 6 42 41 34 21 17 37 26 12 36 40 38 13 4 8 33 18 29 25 31 5 28 19 12 48 44 22 30 23 0 32 42 24 25 31 35
43 8 42 31 41 34 33 32 22 19 23 28 14 9 4 38 39 14 28 46 25 5 40 27 24 35 36 28 28 27 50 23 54 8 35 35 4 15 27 39 31 30 22 42 32 0 25 11 41 2 9
18 26 34 48 16 50 8 37 8 32 31 39 33 25 21 45 17 14 11 43 25 24 32 44 6 13 17 29 38 34 41 24 48 24 21 46 26 34 44 14 6 23 12 36 42 25 0 21 33 23 16
37 6 31 27 35 30 27 22 15 11 13 20 12 19 11 30 30 17 19 35 14 15 29 23 17 26 27 17 20 17 39 12 43 4 25 28 8 13 23 33 25 19 13 31 24 11 21 0 30 9 11
32 35 1 36 32 36 32 19 27 27 23 27 34 48 41 24 23 42 22 11 17 45 1 35 27 24 20 16 25 22 9 19 15 34 13 30 38 35 35 31 32 11 23 3 25 41 33 30 0 39 37
41 7 40 31 39 34 31 30 20 18 21 27 14 10 3 37 37 13 26 44 23 6 38 27 22 33 34 26 27 25 48 21 52 6 33 35 4 15 27 37 29 28 20 40 31 2 23 9 39 0 7
34 12 38 36 32 39 24 33 14 22 24 31 19 11 5 41 31 7 20 44 23 9 36 32 16 27 28 27 31 28 46 22 52 10 29 39 11 20 32 30 22 26 16 39 35 9 16 11 37 7 0
0 655
391 456
77 142
360 425
196 261
474 539
128 193
410 475
553 618
404 469
75 140
558 623
437 502
142 207
237 302
10 75
63 128
436 501
63 128
270 335
450 515
382 447
525 590
18 83
196 261
84 149
487 552
158 223
309 374
520 585
329 394
429 494
446 511
506 571
404 469
88 153
528 593
391 456
223 288
200 265
104 169
268 333
487 552
566 631
374 439
558 623
248 313
114 179
131 196
45 110
249 314
0
47
35
42
55
81
43
62
59
44
45
71
43
43
55
46
78
54
12
66
16
43
44
71
37
60
47
25
55
49
36
40
52
39
70
69
14
26
47
88
71
68
57
74
63
26
19
32
48
64
69
