51
1625
0 40 1 13 16 22 45 32 36 31 21 32 47 42 2 12 22 6 8 43 42 8 33 27 20 7 35 29 34 36 14 29 18 40 34 22 23 49 30 8 38 25 38 41 9 21 11 34 35 46 5
40 0 40 27 26 19 13 22 18 10 19 9 16 11 41 51 23 39 47 14 8 47 16 21 26 45 10 47 16 19 45 47 33 27 37 29 20 18 24 38 9 46 41 10 48 30 44 45 46 17 45
1 40 0 13 17 22 45 31 36 31 21 32 47 42 1 11 23 5 8 43 42 7 33 28 21 8 35 28 34 36 13 28 17 39 33 21 23 49 29 7 38 24 37 41 9 22 10 33 34 46 5
13 27 13 0 8 9 32 21 24 18 8 19 34 29 14 24 14 12 21 30 29 20 21 18 12 19 22 31 22 24 21 31 15 30 29 14 11 36 20 12 25 28 33 28 22 16 18 34 35 33 18
16 26 17 8 0 14 35 27 29 16 10 17 37 32 18 28 6 18 21 34 31 24 26 11 4 19 26 39 27 29 28 39 23 36 37 22 17 39 27 19 28 36 41 31 22 8 25 42 43 37 20
22 19 22 9 14 0 23 13 16 12 4 13 25 20 23 32 16 20 30 21 20 28 13 18 17 28 13 30 14 16 26 30 15 22 25 11 3 27 13 19 16 28 29 19 31 21 25 31 32 24 27
45 13 45 32 35 23 0 20 14 21 25 20 5 3 46 55 34 43 53 6 6 51 15 32 37 51 10 45 14 16 47 45 35 21 34 30 23 6 22 42 7 45 37 4 54 41 47 42 43 6 50
32 22 31 21 27 13 20 0 7 22 17 21 18 17 30 38 29 26 38 15 18 34 6 31 30 39 12 25 6 5 27 25 15 9 15 10 10 20 2 24 14 25 19 16 39 34 28 23 24 17 35
36 18 36 24 29 16 14 7 0 20 19 20 11 11 36 45 31 33 44 8 12 41 3 31 32 43 8 32 2 2 34 32 22 9 20 17 13 13 9 31 10 32 23 10 45 36 35 28 29 10 41
31 10 31 18 16 12 21 22 20 0 10 1 23 18 32 42 13 30 37 21 16 38 18 11 16 35 13 42 18 21 38 42 27 29 36 23 15 25 23 30 14 40 40 17 38 20 36 43 44 24 36
21 19 21 8 10 4 25 17 19 10 0 11 27 22 22 32 12 20 29 24 22 28 16 14 13 27 16 34 17 19 28 34 19 26 29 15 7 29 17 20 18 32 33 21 30 17 26 35 36 27 26
32 9 32 19 17 13 20 21 20 1 11 0 22 17 33 43 14 31 38 20 15 39 17 12 17 36 12 43 18 20 39 43 28 28 36 24 15 24 23 31 13 41 40 16 39 21 37 44 45 23 37
47 16 47 34 37 25 5 18 11 23 27 22 0 5 47 56 36 44 55 4 8 52 14 34 39 53 12 42 13 13 45 42 33 16 30 28 24 2 20 42 9 43 32 6 56 43 46 38 39 1 52
42 11 42 29 32 20 3 17 11 18 22 17 5 0 43 52 31 40 50 3 3 48 12 29 34 48 7 42 11 13 44 42 32 18 31 27 20 7 19 39 4 42 34 1 51 38 44 39 40 6 47
2 41 1 14 18 23 46 30 36 32 22 33 47 43 0 10 24 4 8 43 43 6 33 29 22 9 36 27 34 35 12 27 16 39 32 20 23 49 29 6 39 23 36 42 9 23 9 32 33 46 5
12 51 11 24 28 32 55 38 45 42 32 43 56 52 10 0 34 13 9 52 52 4 42 39 31 11 45 30 43 43 15 30 24 47 39 28 33 58 37 14 48 26 42 51 8 33 12 35 36 55 8
22 23 23 14 6 16 34 29 31 13 12 14 36 31 24 34 0 24 27 33 29 30 28 5 3 25 25 45 29 31 34 45 29 38 41 27 19 38 29 25 27 42 45 30 28 7 31 47 48 36 26
6 39 5 12 18 20 43 26 33 30 20 31 44 40 4 13 24 0 12 40 40 9 30 29 22 13 33 24 31 31 10 24 12 35 28 16 20 46 25 2 36 20 32 39 13 26 7 29 30 43 9
8 47 8 21 21 30 53 38 44 37 29 38 55 50 8 9 27 12 0 51 50 8 41 32 24 2 43 34 42 43 19 34 24 47 40 28 31 57 37 14 46 30 44 49 1 24 16 39 40 54 3
43 14 43 30 34 21 6 15 8 21 24 20 4 3 43 52 33 40 51 0 6 48 10 32 36 49 8 40 9 10 42 40 30 15 28 25 20 6 17 38 7 40 31 4 52 40 43 36 37 3 48
42 8 42 29 31 20 6 18 12 16 22 15 8 3 43 52 29 40 50 6 0 48 12 27 32 48 7 43 12 14 44 43 32 20 32 27 20 10 20 39 4 43 35 2 51 36 44 40 41 9 47
8 47 7 20 24 28 51 34 41 38 28 39 52 48 6 4 30 9 8 48 48 0 38 35 28 10 41 27 39 39 12 27 20 43 36 24 29 54 33 10 44 23 39 47 8 29 9 32 33 51 5
33 16 33 21 26 13 15 6 3 18 16 17 14 12 33 42 28 30 41 10 12 38 0 28 29 40 6 31 1 3 32 31 20 11 21 15 10 16 8 28 9 31 25 11 42 33 33 29 30 13 38
27 21 28 18 11 18 32 31 31 11 14 12 34 29 29 39 5 29 32 32 27 35 28 0 8 30 24 48 29 31 39 48 32 39 43 29 21 36 31 30 25 45 47 28 33 10 36 49 50 35 31
20 26 21 12 4 17 37 30 32 16 13 17 39 34 22 31 3 22 24 36 32 28 29 8 0 22 28 43 30 32 32 43 27 39 41 26 20 41 30 23 30 40 45 33 25 4 29 46 47 39 23
7 45 8 19 19 28 51 39 43 35 27 36 53 48 9 11 25 13 2 49 48 10 40 30 22 0 41 36 41 43 21 36 25 47 41 29 30 55 37 15 44 32 45 47 3 22 18 41 42 52 5
35 10 35 22 26 13 10 12 8 13 16 12 12 7 36 45 25 33 43 8 7 41 6 24 28 41 0 37 6 9 37 37 25 17 27 20 13 14 14 32 3 37 31 6 44 32 37 35 36 11 40
29 47 28 31 39 30 45 25 32 42 34 43 42 42 27 30 45 24 34 40 43 27 31 48 43 36 37 0 31 30 15 0 16 27 13 19 28 44 23 22 39 4 13 41 35 47 18 5 6 41 31
34 16 34 22 27 14 14 6 2 18 17 18 13 11 34 43 29 31 42 9 12 39 1 29 30 41 6 31 0 3 33 31 21 11 21 16 11 15 8 29 8 31 25 10 43 34 34 29 30 12 39
36 19 36 24 29 16 16 5 2 21 19 20 13 13 35 43 31 31 43 10 14 39 3 31 32 43 9 30 3 0 32 30 20 8 18 15 13 15 7 29 11 30 22 12 44 36 33 26 27 12 40
14 45 13 21 28 26 47 27 34 38 28 39 45 44 12 15 34 10 19 42 44 12 32 39 32 21 37 15 33 32 0 15 12 34 24 17 25 47 25 9 40 11 27 43 20 35 3 20 21 44 16
29 47 28 31 39 30 45 25 32 42 34 43 42 42 27 30 45 24 34 40 43 27 31 48 43 36 37 0 31 30 15 0 16 27 13 19 28 44 23 22 39 4 13 41 35 47 18 5 6 41 31
18 33 17 15 23 15 35 15 22 27 19 28 33 32 16 24 29 12 24 30 32 20 20 32 27 25 25 16 21 20 12 16 0 23 16 5 13 35 13 10 28 13 20 31 25 31 13 19 20 32 21
40 27 39 30 36 22 21 9 9 29 26 28 16 18 39 47 38 35 47 15 20 43 11 39 39 47 17 27 11 8 34 27 23 0 14 19 19 17 10 33 19 28 16 18 48 43 36 22 23 15 44
34 37 33 29 37 25 34 15 20 36 29 36 30 31 32 39 41 28 40 28 32 36 21 43 41 41 27 13 21 18 24 13 16 14 0 15 22 31 13 26 29 15 4 30 41 45 27 8 9 29 37
22 29 21 14 22 11 30 10 17 23 15 24 28 27 20 28 27 16 28 25 27 24 15 29 26 29 20 19 16 15 17 19 5 19 15 0 9 30 9 14 23 17 19 26 29 30 18 20 21 27 25
23 20 23 11 17 3 23 10 13 15 7 15 24 20 23 33 19 20 31 20 20 29 10 21 20 30 13 28 11 13 25 28 13 19 22 9 0 26 10 19 16 26 26 19 32 24 24 29 30 23 28
49 18 49 36 39 27 6 20 13 25 29 24 2 7 49 58 38 46 57 6 10 54 16 36 41 55 14 44 15 15 47 44 35 17 31 30 26 0 22 44 11 45 33 8 58 45 48 39 40 3 54
30 24 29 20 27 13 22 2 9 23 17 23 20 19 29 37 29 25 37 17 20 33 8 31 30 37 14 23 8 7 25 23 13 10 13 9 10 22 0 23 16 23 17 18 38 34 26 21 22 19 34
8 38 7 12 19 19 42 24 31 30 20 31 42 39 6 14 25 2 14 38 39 10 28 30 23 15 32 22 29 29 9 22 10 33 26 14 19 44 23 0 35 18 30 38 15 27 6 27 28 41 11
38 9 38 25 28 16 7 14 10 14 18 13 9 4 39 48 27 36 46 7 4 44 9 25 30 44 3 39 8 11 40 39 28 19 29 23 16 11 16 35 0 39 33 3 47 34 40 37 38 10 43
25 46 24 28 36 28 45 25 32 40 32 41 43 42 23 26 42 20 30 40 43 23 31 45 40 32 37 4 31 30 11 4 13 28 15 17 26 45 23 18 39 0 17 41 31 44 14 9 10 42 27
38 41 37 33 41 29 37 19 23 40 33 40 32 34 36 42 45 32 44 31 35 39 25 47 45 45 31 13 25 22 27 13 20 16 4 19 26 33 17 30 33 17 0 33 45 49 30 8 7 31 41
41 10 41 28 31 19 4 16 10 17 21 16 6 1 42 51 30 39 49 4 2 47 11 28 33 47 6 41 10 12 43 41 31 18 30 26 19 8 18 38 3 41 33 0 50 37 43 38 39 7 46
9 48 9 22 22 31 54 39 45 38 30 39 56 51 9 8 28 13 1 52 51 8 42 33 25 3 44 35 43 44 20 35 25 48 41 29 32 58 38 15 47 31 45 50 0 25 17 40 41 55 4
21 30 22 16 8 21 41 34 36 20 17 21 43 38 23 33 7 26 24 40 36 29 33 10 4 22 32 47 34 36 35 47 31 43 45 30 24 45 34 27 34 44 49 37 25 0 32 50 51 43 25
11 44 10 18 25 25 47 28 35 36 26 37 46 44 9 12 31 7 16 43 44 9 33 36 29 18 37 18 34 33 3 18 13 36 27 18 24 48 26 6 40 14 30 43 17 32 0 23 24 45 13
34 45 33 34 42 31 42 23 28 43 35 44 38 39 32 35 47 29 39 36 40 32 29 49 46 41 35 5 29 26 20 5 19 22 8 20 29 39 21 27 37 9 8 38 40 50 23 0 1 37 36
35 46 34 35 43 32 43 24 29 44 36 45 39 40 33 36 48 30 40 37 41 33 30 50 47 42 36 6 30 27 21 6 20 23 9 21 30 40 22 28 38 10 7 39 41 51 24 1 0 38 37
46 17 46 33 37 24 6 17 10 24 27 23 1 6 46 55 36 43 54 3 9 51 13 35 39 52 11 41 12 12 44 41 32 15 29 27 23 3 19 41 10 42 31 7 55 43 45 37 38 0 51
5 45 5 18 20 27 50 35 41 36 26 37 52 47 5 8 26 9 3 48 47 5 38 31 23 5 40 31 39 40 16 31 21 44 37 25 28 54 34 11 43 27 41 46 4 25 13 36 37 51 0
0 464
213 305
258 350
96 188
63 155
63 155
240 332
371 463
257 349
56 148
147 239
252 344
84 176
355 447
167 259
64 156
149 241
330 422
369 461
16 108
280 372
266 358
371 463
308 400
61 153
194 286
148 240
326 418
371 463
120 212
53 145
278 370
231 323
266 358
158 250
246 338
201 293
245 337
255 347
247 339
60 152
362 454
259 351
359 451
170 262
72 164
244 336
13 105
34 126
120 212
37 129
0
47
71
36
73
47
29
64
50
88
55
62
58
39
39
32
76
60
82
28
44
26
55
48
26
37
52
66
50
51
60
45
60
60
26
30
43
52
50
35
58
49
46
45
83
45
59
54
39
18
52
