51
1627
0 19 28 7 21 23 8 34 18 12 15 16 15 13 9 11 19 31 13 26 12 18 34 8 18 26 28 3 29 22 24 7 3 27 18 31 21 10 19 20 10 13 7 18 16 15 21 21 7 31 22
19 0 12 17 32 10 19 22 8 31 33 25 34 32 27 15 24 12 8 8 31 5 22 21 29 7 10 17 21 36 7 26 17 14 24 12 32 15 26 4 26 7 26 10 18 19 36 30 19 14 14
28 12 0 29 35 6 25 11 20 39 39 28 41 40 33 27 23 11 15 4 39 17 10 27 41 8 14 25 13 40 15 34 25 23 23 8 35 21 38 9 38 19 34 22 30 31 48 30 31 19 26
7 17 29 0 28 25 15 37 13 17 20 23 20 18 16 4 26 29 15 25 15 15 37 15 13 24 24 9 33 29 20 12 8 20 25 29 28 15 12 20 9 10 12 11 9 8 19 28 2 26 15
21 32 35 28 0 29 14 33 35 20 14 7 17 19 14 31 12 43 24 36 22 34 34 13 37 38 42 19 26 6 39 19 20 44 12 41 0 17 40 31 27 29 19 36 36 36 34 5 28 46 41
23 10 6 25 29 0 19 12 18 34 33 22 35 35 27 23 17 15 10 7 34 15 12 21 37 11 17 20 11 34 17 29 20 24 17 12 29 15 35 6 33 15 29 20 27 28 44 24 27 22 24
8 19 25 15 14 19 0 28 21 16 14 8 16 16 8 18 11 30 11 24 16 20 28 2 26 25 29 6 22 17 26 11 7 30 10 29 14 4 27 18 18 15 11 22 23 23 27 13 15 33 27
34 22 11 37 33 12 28 0 30 44 42 27 44 44 36 35 21 22 22 15 44 27 1 30 49 19 25 31 7 39 26 39 31 34 22 19 33 25 47 18 44 27 39 32 39 40 55 28 39 30 36
18 8 20 13 35 18 21 30 0 30 33 29 33 31 27 9 29 16 13 16 28 3 30 23 22 13 11 17 29 38 7 25 17 9 28 18 35 19 18 12 22 6 25 2 10 11 32 34 15 14 6
12 31 39 17 20 34 16 44 30 0 6 20 3 1 8 21 26 43 24 37 2 30 44 14 20 38 40 14 38 17 36 5 14 37 25 42 20 20 24 31 10 25 5 28 25 24 14 24 15 43 32
15 33 39 20 14 33 14 42 33 6 0 16 3 5 6 24 22 44 25 38 8 32 42 12 26 39 42 16 36 11 38 8 16 40 21 43 14 18 30 32 16 27 8 31 28 27 20 19 18 45 35
16 25 28 23 7 22 8 27 29 20 16 0 19 20 12 26 6 36 17 29 22 27 28 8 34 31 35 14 20 12 32 17 15 38 5 34 7 10 35 24 25 23 17 30 31 31 33 5 23 39 35
15 34 41 20 17 35 16 44 33 3 3 19 0 2 8 24 25 46 27 40 5 33 44 14 23 41 43 17 38 14 39 8 17 40 24 45 17 20 27 34 13 28 8 31 28 27 17 22 18 46 35
13 32 40 18 19 35 16 44 31 1 5 20 2 0 8 22 26 44 25 38 3 31 44 14 21 39 41 15 38 16 37 6 15 38 25 43 19 20 25 32 11 26 6 29 26 25 15 23 16 44 33
9 27 33 16 14 27 8 36 27 8 6 12 8 8 0 20 18 38 19 32 10 26 36 6 23 33 36 10 30 13 32 5 10 36 17 37 14 12 27 26 13 21 5 27 25 24 21 16 15 39 31
11 15 27 4 31 23 18 35 9 21 24 26 24 22 20 0 28 25 14 23 19 11 35 18 14 21 20 12 33 33 16 16 11 16 27 26 31 17 12 18 13 8 16 7 5 5 23 31 6 22 11
19 24 23 26 12 17 11 21 29 26 22 6 25 26 18 28 0 32 16 24 27 26 22 13 37 28 34 17 14 18 31 22 18 37 1 29 12 11 38 21 29 23 22 30 33 33 38 7 26 38 35
31 12 11 29 43 15 30 22 16 43 44 36 46 44 38 25 32 0 19 8 43 14 21 32 38 5 5 29 24 47 9 38 29 15 32 3 43 26 34 12 38 19 38 18 26 27 48 39 31 10 20
13 8 15 15 24 10 11 22 13 24 25 17 27 25 19 14 16 19 0 13 24 10 22 13 28 14 18 10 19 28 15 19 10 21 16 18 24 7 26 7 23 7 19 14 19 19 34 22 17 22 19
26 8 4 25 36 7 24 15 16 37 38 29 40 38 32 23 24 8 13 0 37 13 14 26 37 4 10 23 17 41 11 32 23 19 24 5 36 20 34 6 34 15 32 18 26 27 44 31 27 15 22
12 31 39 15 22 34 16 44 28 2 8 22 5 3 10 19 27 43 24 37 0 30 44 14 18 38 39 14 38 19 35 5 14 35 26 42 22 20 22 31 8 25 5 26 23 22 12 26 13 41 30
18 5 17 15 34 15 20 27 3 30 32 27 33 31 26 11 26 14 10 13 30 0 27 22 25 10 10 16 26 37 6 25 16 11 26 15 34 17 21 9 24 5 25 5 13 14 34 32 17 13 9
34 22 10 37 34 12 28 1 30 44 42 28 44 44 36 35 22 21 22 14 44 27 0 30 49 18 24 31 8 40 25 39 31 33 23 18 34 25 47 18 44 27 39 32 39 40 55 29 39 29 36
8 21 27 15 13 21 2 30 23 14 12 8 14 14 6 18 13 32 13 26 14 22 30 0 26 27 31 6 24 15 28 9 7 32 12 31 13 6 27 20 17 17 9 24 23 23 25 13 15 35 28
18 29 41 13 37 37 26 49 22 20 26 34 23 21 23 14 37 38 28 37 18 25 49 26 0 35 33 21 46 36 29 18 20 26 36 40 37 27 6 32 10 22 18 20 12 11 12 39 11 34 20
26 7 8 24 38 11 25 19 13 38 39 31 41 39 33 21 28 5 14 4 38 10 18 27 35 0 6 24 21 42 7 33 24 15 28 5 38 21 31 7 33 14 33 15 23 24 43 35 26 11 18
28 10 14 24 42 17 29 25 11 40 42 35 43 41 36 20 34 5 18 10 39 10 24 31 33 6 0 26 27 46 4 35 26 10 34 8 42 25 29 13 33 15 35 13 21 22 43 40 26 5 15
3 17 25 9 19 20 6 31 17 14 16 14 17 15 10 12 17 29 10 23 14 16 31 6 21 24 26 0 26 21 22 9 1 26 16 28 19 7 21 17 13 11 9 18 17 17 24 19 10 29 22
29 21 13 33 26 11 22 7 29 38 36 20 38 38 30 33 14 24 19 17 38 26 8 24 46 21 27 26 0 32 28 33 26 35 15 21 26 19 45 17 39 25 33 31 37 38 49 21 35 32 35
22 36 40 29 6 34 17 39 38 17 11 12 14 16 13 33 18 47 28 41 19 37 40 15 36 42 46 21 32 0 43 18 22 47 17 46 6 21 40 35 26 32 18 39 38 37 31 11 28 50 43
24 7 15 20 39 17 26 26 7 36 38 32 39 37 32 16 31 9 15 11 35 6 25 28 29 7 4 22 28 43 0 31 22 8 31 11 39 22 25 11 29 11 31 9 17 18 39 37 22 7 11
7 26 34 12 19 29 11 39 25 5 8 17 8 6 5 16 22 38 19 32 5 25 39 9 18 33 35 9 33 18 31 0 9 32 21 37 19 15 22 26 8 20 0 23 20 19 16 21 10 38 27
3 17 25 8 20 20 7 31 17 14 16 15 17 15 10 11 18 29 10 23 14 16 31 7 20 24 26 1 26 22 22 9 0 26 17 28 20 7 20 17 13 11 9 17 16 16 24 20 9 29 21
27 14 23 20 44 24 30 34 9 37 40 38 40 38 36 16 37 15 21 19 35 11 33 32 26 15 10 26 35 47 8 32 26 0 37 18 44 28 21 18 29 15 32 9 14 15 38 43 22 8 6
18 24 23 25 12 17 10 22 28 25 21 5 24 25 17 27 1 32 16 24 26 26 23 12 36 28 34 16 15 17 31 21 17 37 0 29 12 10 37 21 28 22 21 29 32 32 37 7 25 38 34
31 12 8 29 41 12 29 19 18 42 43 34 45 43 37 26 29 3 18 5 42 15 18 31 40 5 8 28 21 46 11 37 28 18 29 0 41 25 36 11 38 19 37 20 28 29 48 36 31 13 22
21 32 35 28 0 29 14 33 35 20 14 7 17 19 14 31 12 43 24 36 22 34 34 13 37 38 42 19 26 6 39 19 20 44 12 41 0 17 40 31 27 29 19 36 36 36 34 5 28 46 41
10 15 21 15 17 15 4 25 19 20 18 10 20 20 12 17 11 26 7 20 20 17 25 6 27 21 25 7 19 21 22 15 7 28 10 25 17 0 27 14 20 13 15 20 22 22 31 15 16 29 25
19 26 38 12 40 35 27 47 18 24 30 35 27 25 27 12 38 34 26 34 22 21 47 27 6 31 29 21 45 40 25 22 20 21 37 36 40 27 0 30 14 20 22 16 8 7 18 40 12 29 15
20 4 9 20 31 6 18 18 12 31 32 24 34 32 26 18 21 12 7 6 31 9 18 20 32 7 13 17 17 35 11 26 17 18 21 11 31 14 30 0 29 10 26 14 22 23 39 28 22 18 18
10 26 38 9 27 33 18 44 22 10 16 25 13 11 13 13 29 38 23 34 8 24 44 17 10 33 33 13 39 26 29 8 13 29 28 38 27 20 14 29 0 19 8 20 15 14 11 29 7 35 23
13 7 19 10 29 15 15 27 6 25 27 23 28 26 21 8 23 19 7 15 25 5 27 17 22 14 15 11 25 32 11 20 11 15 22 19 29 13 20 10 19 0 20 7 12 13 29 28 12 18 12
7 26 34 12 19 29 11 39 25 5 8 17 8 6 5 16 22 38 19 32 5 25 39 9 18 33 35 9 33 18 31 0 9 32 21 37 19 15 22 26 8 20 0 23 20 19 16 21 10 38 27
18 10 22 11 36 20 22 32 2 28 31 30 31 29 27 7 30 18 14 18 26 5 32 24 20 15 13 18 31 39 9 23 17 9 29 20 36 20 16 14 20 7 23 0 8 9 30 35 13 15 5
16 18 30 9 36 27 23 39 10 25 28 31 28 26 25 5 33 26 19 26 23 13 39 23 12 23 21 17 37 38 17 20 16 14 32 28 36 22 8 22 15 12 20 8 0 1 24 36 10 22 8
15 19 31 8 36 28 23 40 11 24 27 31 27 25 24 5 33 27 19 27 22 14 40 23 11 24 22 17 38 37 18 19 16 15 32 29 36 22 7 23 14 13 19 9 1 0 23 36 9 23 9
21 36 48 19 34 44 27 55 32 14 20 33 17 15 21 23 38 48 34 44 12 34 55 25 12 43 43 24 49 31 39 16 24 38 37 48 34 31 18 39 11 29 16 30 24 23 0 37 17 45 32
21 30 30 28 5 24 13 28 34 24 19 5 22 23 16 31 7 39 22 31 26 32 29 13 39 35 40 19 21 11 37 21 20 43 7 36 5 15 40 28 29 28 21 35 36 36 37 0 28 44 40
7 19 31 2 28 27 15 39 15 15 18 23 18 16 15 6 26 31 17 27 13 17 39 15 11 26 26 10 35 28 22 10 9 22 25 31 28 16 12 22 7 12 10 13 10 9 17 28 0 28 17
31 14 19 26 46 22 33 30 14 43 45 39 46 44 39 22 38 10 22 15 41 13 29 35 34 11 5 29 32 50 7 38 29 8 38 13 46 29 29 18 35 18 38 15 22 23 45 44 28 0 14
22 14 26 15 41 24 27 36 6 32 35 35 35 33 31 11 35 20 19 22 30 9 36 28 20 18 15 22 35 43 11 27 21 6 34 22 41 25 15 18 23 12 27 5 8 9 32 40 17 14 0
0 491
35 182
285 432
266 413
235 382
216 363
263 410
133 280
12 159
41 188
77 224
237 384
8 155
11 158
188 335
228 375
227 374
8 155
83 230
131 278
229 376
336 483
197 344
322 469
115 262
147 294
99 246
247 394
112 259
199 346
98 245
23 170
149 296
247 394
333 480
133 280
72 219
343 490
211 358
319 466
297 444
311 458
201 348
8 155
271 418
73 220
46 193
78 225
295 442
221 368
71 218
0
46
54
50
57
36
27
67
38
60
56
79
24
45
55
54
38
28
52
60
52
87
37
33
48
61
45
27
30
48
30
36
37
42
43
58
75
56
32
37
47
74
72
47
50
45
72
59
68
54
75
