51
1627
0 4 30 28 30 22 9 28 29 18 12 29 37 28 26 16 34 15 11 37 19 10 9 11 9 18 34 27 9 39 25 8 25 25 20 41 15 15 16 20 28 37 10 28 30 17 10 16 6 38 32
4 0 28 24 27 18 7 27 31 22 10 25 35 24 22 12 31 13 7 36 15 14 7 13 5 22 31 29 7 41 27 12 27 27 24 39 11 19 13 16 24 36 14 26 28 13 7 20 10 40 31
30 28 0 32 9 37 35 10 25 40 18 32 8 23 23 33 13 15 30 15 34 33 21 25 29 38 17 19 35 31 22 35 24 19 49 12 30 43 18 31 36 12 29 5 4 30 22 46 35 32 14
28 24 32 0 23 12 24 39 50 46 27 1 33 9 9 15 22 26 17 47 12 38 26 35 19 46 19 45 24 59 46 36 47 43 46 43 13 43 19 8 4 44 37 27 28 12 23 42 34 59 44
30 27 9 23 0 30 32 19 34 43 19 23 10 14 15 28 4 16 26 24 27 36 22 28 25 41 8 28 32 40 30 36 32 27 50 20 25 45 14 24 27 21 32 5 5 23 20 46 36 41 23
22 18 37 12 30 0 15 39 47 40 23 13 40 18 16 6 31 25 11 48 3 32 21 30 13 40 28 42 15 56 43 30 43 40 37 49 7 36 19 6 9 47 31 32 34 7 18 33 28 56 44
9 7 35 24 32 15 0 34 38 26 17 25 41 26 24 9 35 20 7 43 12 18 14 20 7 26 35 36 0 48 34 16 34 34 22 46 11 21 18 16 23 43 19 32 34 13 13 18 13 47 38
28 27 10 39 19 39 34 0 15 31 17 39 18 31 30 34 23 14 29 9 36 27 20 19 28 29 27 9 34 22 12 29 14 9 43 15 32 37 20 35 42 9 23 14 14 32 21 42 31 22 5
29 31 25 50 34 47 38 15 0 23 24 51 33 44 43 42 38 24 37 16 44 24 26 18 35 21 42 6 38 10 4 26 5 7 38 27 40 33 31 45 53 20 21 29 29 41 29 39 29 9 13
18 22 40 46 43 40 26 31 23 0 24 47 48 45 43 34 47 27 29 36 37 8 23 15 27 2 50 25 26 32 21 10 19 23 15 46 33 10 32 38 46 39 11 40 42 35 26 16 13 31 31
12 10 18 27 19 23 17 17 24 24 0 28 25 21 20 18 23 3 13 26 20 17 3 9 12 22 26 19 17 33 20 17 20 17 31 29 16 26 8 21 29 26 13 16 18 17 5 28 17 33 21
29 25 32 1 23 13 25 39 51 47 28 0 33 9 9 16 22 27 18 47 13 39 26 35 20 47 18 46 25 60 47 37 48 44 47 43 14 44 20 9 5 44 38 27 28 13 23 43 35 60 44
37 35 8 33 10 40 41 18 33 48 25 33 0 24 25 38 11 22 35 20 37 41 28 33 34 46 15 27 41 38 30 42 32 27 56 11 35 51 23 34 37 16 37 9 7 33 28 53 42 39 21
28 24 23 9 14 18 26 31 44 45 21 9 24 0 2 18 13 20 19 38 16 37 22 30 19 43 11 39 26 52 40 36 41 37 47 34 15 43 13 12 13 35 34 18 19 13 19 43 34 53 36
26 22 23 9 15 16 24 30 43 43 20 9 25 2 0 16 15 19 17 38 14 35 20 29 17 42 12 38 24 51 39 34 40 36 45 35 13 41 12 10 13 35 32 18 20 11 17 41 32 52 35
16 12 33 15 28 6 9 34 42 34 18 16 38 18 16 0 30 20 5 43 3 26 16 25 7 34 28 37 9 51 38 24 38 35 31 45 3 30 15 7 14 43 25 29 31 5 13 27 22 51 39
34 31 13 22 4 31 35 23 38 47 23 22 11 13 15 30 0 20 28 28 29 40 26 32 28 45 4 32 35 44 34 40 36 31 54 22 27 49 18 25 26 25 36 9 9 25 24 50 40 45 27
15 13 15 26 16 25 20 14 24 27 3 27 22 20 19 20 20 0 15 23 22 20 6 12 14 25 23 19 20 33 20 20 21 17 34 26 18 29 7 22 29 23 16 13 15 18 7 31 20 33 19
11 7 30 17 26 11 7 29 37 29 13 18 35 19 17 5 28 15 0 38 8 21 11 20 2 29 28 32 7 46 33 19 33 30 29 41 4 26 12 9 17 38 20 26 28 6 8 25 17 46 34
37 36 15 47 24 48 43 9 16 36 26 47 20 38 38 43 28 23 38 0 45 34 29 26 37 34 32 12 43 18 16 36 18 13 50 11 41 44 29 44 50 4 30 20 19 41 30 49 38 19 5
19 15 34 12 27 3 12 36 44 37 20 13 37 16 14 3 29 22 8 45 0 29 18 27 10 37 26 39 12 53 40 27 40 37 34 46 4 33 16 4 11 44 28 29 31 4 15 30 25 53 41
10 14 33 38 36 32 18 27 24 8 17 39 41 37 35 26 40 20 21 34 29 0 15 8 19 8 42 23 18 34 21 2 19 21 16 42 25 10 24 30 38 36 4 33 35 27 18 15 5 33 29
9 7 21 26 22 21 14 20 26 23 3 26 28 22 20 16 26 6 11 29 18 15 0 9 9 22 27 22 14 36 22 15 22 20 29 32 14 24 9 19 27 29 12 19 21 15 3 25 15 35 24
11 13 25 35 28 30 20 19 18 15 9 35 33 30 29 25 32 12 20 26 27 8 9 0 18 13 35 16 20 28 14 10 14 14 24 34 23 18 17 28 36 28 4 25 27 24 12 23 12 27 21
9 5 29 19 25 13 7 28 35 27 12 20 34 19 17 7 28 14 2 37 10 19 9 18 0 27 28 31 7 45 31 17 31 29 28 40 6 24 11 11 19 37 18 25 27 8 7 24 15 44 33
18 22 38 46 41 40 26 29 21 2 22 47 46 43 42 34 45 25 29 34 37 8 22 13 27 0 48 23 26 30 19 10 17 21 17 44 33 12 30 38 46 37 10 38 40 35 25 18 13 29 29
34 31 17 19 8 28 35 27 42 50 26 18 15 11 12 28 4 23 28 32 26 42 27 35 28 48 0 36 35 48 38 42 40 35 54 26 25 49 18 22 23 29 39 13 13 23 24 50 40 49 31
27 29 19 45 28 42 36 9 6 25 19 46 27 39 38 37 32 19 32 12 39 23 22 16 31 23 36 0 36 14 4 25 6 2 39 22 35 33 26 40 48 15 19 23 23 36 24 38 27 14 7
9 7 35 24 32 15 0 34 38 26 17 25 41 26 24 9 35 20 7 43 12 18 14 20 7 26 35 36 0 48 34 16 34 34 22 46 11 21 18 16 23 43 19 32 34 13 13 18 13 47 38
39 41 31 59 40 56 48 22 10 32 33 60 38 52 51 51 44 33 46 18 53 34 36 28 45 30 48 14 48 0 14 36 15 16 47 29 49 42 40 54 62 22 31 36 35 50 38 48 39 1 17
25 27 22 46 30 43 34 12 4 21 20 47 30 40 39 38 34 20 33 16 40 21 22 14 31 19 38 4 34 14 0 23 2 3 36 26 36 30 27 41 49 19 17 25 26 37 25 36 25 13 11
8 12 35 36 36 30 16 29 26 10 17 37 42 36 34 24 40 20 19 36 27 2 15 10 17 10 42 25 16 36 23 0 21 23 15 44 23 9 24 28 36 38 6 33 35 25 18 13 3 35 31
25 27 24 47 32 43 34 14 5 19 20 48 32 41 40 38 36 21 33 18 40 19 22 14 31 17 40 6 34 15 2 21 0 5 34 28 36 29 28 41 49 21 16 27 28 37 25 34 24 14 13
25 27 19 43 27 40 34 9 7 23 17 44 27 37 36 35 31 17 30 13 37 21 20 14 29 21 35 2 34 16 3 23 5 0 37 23 33 31 24 38 46 16 17 22 23 34 22 36 25 16 8
20 24 49 46 50 37 22 43 38 15 31 47 56 47 45 31 54 34 29 50 34 16 29 24 28 17 54 39 22 47 36 15 34 37 0 58 33 6 36 38 45 52 20 47 49 35 30 4 14 46 45
41 39 12 43 20 49 46 15 27 46 29 43 11 34 35 45 22 26 41 11 46 42 32 34 40 44 26 22 46 29 26 44 28 23 58 0 42 52 30 43 47 7 38 17 15 42 33 57 46 30 15
15 11 30 13 25 7 11 32 40 33 16 14 35 15 13 3 27 18 4 41 4 25 14 23 6 33 25 35 11 49 36 23 36 33 33 42 0 30 12 5 13 40 24 26 28 2 11 29 21 49 37
15 19 43 43 45 36 21 37 33 10 26 44 51 43 41 30 49 29 26 44 33 10 24 18 24 12 49 33 21 42 30 9 29 31 6 52 30 0 31 35 43 46 14 42 44 32 25 6 9 41 39
16 13 18 19 14 19 18 20 31 32 8 20 23 13 12 15 18 7 12 29 16 24 9 17 11 30 18 26 18 40 27 24 28 24 36 30 12 31 0 15 22 28 21 14 16 12 6 32 22 40 25
20 16 31 8 24 6 16 35 45 38 21 9 34 12 10 7 25 22 9 44 4 30 19 28 11 38 22 40 16 54 41 28 41 38 38 43 5 35 15 0 8 43 29 26 28 4 16 34 26 54 40
28 24 36 4 27 9 23 42 53 46 29 5 37 13 13 14 26 29 17 50 11 38 27 36 19 46 23 48 23 62 49 36 49 46 45 47 13 43 22 8 0 48 37 31 32 12 24 41 34 62 47
37 36 12 44 21 47 43 9 20 39 26 44 16 35 35 43 25 23 38 4 44 36 29 28 37 37 29 15 43 22 19 38 21 16 52 7 40 46 28 43 48 0 32 17 16 40 30 51 40 23 8
10 14 29 37 32 31 19 23 21 11 13 38 37 34 32 25 36 16 20 30 28 4 12 4 18 10 39 19 19 31 17 6 16 17 20 38 24 14 21 29 37 32 0 29 31 26 15 19 8 30 25
28 26 5 27 5 32 32 14 29 40 16 27 9 18 18 29 9 13 26 20 29 33 19 25 25 38 13 23 32 36 25 33 27 22 47 17 26 42 14 26 31 17 29 0 2 25 19 44 33 36 19
30 28 4 28 5 34 34 14 29 42 18 28 7 19 20 31 9 15 28 19 31 35 21 27 27 40 13 23 34 35 26 35 28 23 49 15 28 44 16 28 32 16 31 2 0 27 21 46 35 36 18
17 13 30 12 23 7 13 32 41 35 17 13 33 13 11 5 25 18 6 41 4 27 15 24 8 35 23 36 13 50 37 25 37 34 35 42 2 32 12 4 12 40 26 25 27 0 12 31 23 50 37
10 7 22 23 20 18 13 21 29 26 5 23 28 19 17 13 24 7 8 30 15 18 3 12 7 25 24 24 13 38 25 18 25 22 30 33 11 25 6 16 24 30 15 19 21 12 0 26 16 38 26
16 20 46 42 46 33 18 42 39 16 28 43 53 43 41 27 50 31 25 49 30 15 25 23 24 18 50 38 18 48 36 13 34 36 4 57 29 6 32 34 41 51 19 44 46 31 26 0 11 47 44
6 10 35 34 36 28 13 31 29 13 17 35 42 34 32 22 40 20 17 38 25 5 15 12 15 13 40 27 13 39 25 3 24 25 14 46 21 9 22 26 34 40 8 33 35 23 16 11 0 38 33
38 40 32 59 41 56 47 22 9 31 33 60 39 53 52 51 45 33 46 19 53 33 35 27 44 29 49 14 47 1 13 35 14 16 46 30 49 41 40 54 62 23 30 36 36 50 38 47 38 0 18
32 31 14 44 23 44 38 5 13 31 21 44 21 36 35 39 27 19 34 5 41 29 24 21 33 29 31 7 38 17 11 31 13 8 45 15 37 39 25 40 47 8 25 19 18 37 26 44 33 18 0
0 464
115 254
298 437
155 294
169 308
244 383
312 451
82 221
202 341
171 310
284 423
190 329
278 417
251 390
275 414
234 373
201 340
133 272
261 400
16 155
39 178
61 200
220 359
311 450
176 315
213 352
96 235
2 141
308 447
174 313
133 272
272 411
53 192
251 390
93 232
54 193
114 253
151 290
238 377
284 423
160 299
50 189
323 462
236 375
230 369
176 315
74 213
53 192
258 397
186 325
35 174
0
38
58
54
21
72
16
52
23
74
24
71
50
71
65
58
82
22
57
39
39
37
37
64
81
39
66
29
57
60
40
37
83
25
34
78
80
35
43
34
52
40
32
77
54
42
40
53
53
43
71
