51
1626
0 25 13 35 25 7 26 37 13 18 15 24 28 48 31 46 15 6 7 14 5 36 8 18 34 24 12 46 14 29 40 47 8 31 32 12 42 30 23 41 31 21 34 44 21 15 37 18 10 17 27
25 0 23 10 34 23 16 12 13 20 14 35 3 23 6 31 19 19 22 12 20 31 22 10 9 15 25 27 23 22 19 33 22 23 7 26 23 9 8 17 33 21 11 19 6 10 16 19 23 18 3
13 23 0 28 36 6 32 32 12 28 22 35 24 41 26 51 25 14 7 12 14 46 19 13 29 30 3 49 1 38 42 54 19 39 25 23 45 22 26 39 42 31 26 37 24 20 39 28 3 5 26
35 10 28 0 44 31 26 5 22 30 24 45 7 13 5 35 29 29 30 21 30 41 32 17 3 25 31 30 28 32 20 38 32 32 3 36 27 6 18 12 43 31 4 9 16 20 18 29 30 23 12
25 34 36 44 0 30 21 44 30 14 21 3 37 56 40 35 16 23 29 31 22 17 17 35 43 20 35 37 37 18 39 33 17 20 41 13 34 43 27 45 9 13 45 53 28 25 39 15 33 37 34
7 23 6 31 30 0 28 34 10 22 17 29 26 44 28 48 19 8 1 11 8 40 13 14 31 26 5 47 7 33 41 50 13 35 28 17 43 26 24 40 36 25 30 40 22 16 38 22 3 10 26
26 16 32 26 21 28 0 25 20 9 11 23 19 37 22 20 11 20 27 20 21 15 18 22 24 2 32 21 32 6 19 22 18 7 23 17 17 25 8 25 17 8 27 34 10 12 18 8 30 28 15
37 12 32 5 44 34 25 0 24 31 26 46 9 12 6 30 31 31 33 23 32 38 34 20 3 24 35 25 32 30 15 33 34 29 7 38 22 10 18 7 42 31 9 9 17 22 13 30 33 27 11
13 13 12 22 30 10 20 24 0 18 11 29 16 35 18 40 15 7 9 1 8 35 13 5 21 18 12 38 12 26 32 42 13 27 19 17 34 17 15 30 32 20 21 31 13 8 29 17 10 9 16
18 20 28 30 14 22 9 31 18 0 7 15 23 43 26 29 3 14 21 18 14 18 10 21 29 8 27 30 29 12 28 30 10 14 27 8 26 29 13 33 15 3 31 39 14 11 27 1 25 26 20
15 14 22 24 21 17 11 26 11 7 0 22 17 37 20 31 5 9 16 11 10 25 9 14 23 9 22 31 23 16 27 33 9 18 21 12 27 22 9 29 22 10 25 33 9 4 24 7 20 19 15
24 35 35 45 3 29 23 46 29 15 22 0 38 58 41 38 17 22 28 30 21 20 16 34 44 22 34 40 36 21 42 36 16 23 42 12 37 44 28 47 12 15 46 54 29 26 41 16 32 36 35
28 3 24 7 37 26 19 9 16 23 17 38 0 20 3 32 22 22 25 15 23 34 25 12 6 18 27 28 24 25 19 35 25 26 4 29 24 6 11 15 36 24 8 16 9 13 16 22 25 19 5
48 23 41 13 56 44 37 12 35 43 37 58 20 0 17 38 42 42 43 34 43 49 45 30 14 36 44 33 41 42 23 41 45 40 16 49 30 19 30 13 54 43 15 4 29 33 21 42 43 36 23
31 6 26 5 40 28 22 6 18 26 20 41 3 17 0 33 25 25 27 17 26 37 28 14 3 21 29 28 26 28 19 36 28 28 2 32 25 5 14 13 39 27 6 14 12 16 16 25 27 21 7
46 31 51 35 35 48 20 30 40 29 31 38 32 38 33 0 31 40 47 39 41 18 38 39 32 22 52 6 51 17 15 3 38 15 35 37 8 38 25 25 26 26 39 37 27 32 17 28 50 47 28
15 19 25 29 16 19 11 31 15 3 5 17 22 42 25 31 0 11 18 16 11 21 7 19 28 10 24 32 26 14 30 32 7 16 26 7 28 27 13 33 18 6 30 38 14 9 28 3 22 24 20
6 19 14 29 23 8 20 31 7 14 9 22 22 42 25 40 11 0 7 8 1 32 6 12 28 18 13 40 15 25 35 42 6 27 26 10 36 24 18 36 29 17 28 38 16 10 32 14 11 14 22
7 22 7 30 29 1 27 33 9 21 16 28 25 43 27 47 18 7 0 10 7 39 12 13 30 25 6 46 8 32 40 49 12 34 27 16 42 25 23 39 35 24 29 39 21 15 37 21 4 10 25
14 12 12 21 31 11 20 23 1 18 11 30 15 34 17 39 16 8 10 0 9 35 14 4 20 18 13 37 12 26 31 42 14 27 18 18 33 16 14 29 33 21 20 30 12 8 28 18 11 8 15
5 20 14 30 22 8 21 32 8 14 10 21 23 43 26 41 11 1 7 9 0 32 5 13 29 19 13 41 15 25 35 43 5 27 27 9 37 25 18 36 28 17 29 39 16 10 32 14 11 15 22
36 31 46 41 17 40 15 38 35 18 25 20 34 49 37 18 21 32 39 35 32 0 28 37 38 17 45 23 47 9 28 16 28 9 38 25 21 40 23 36 8 15 42 47 25 27 28 18 43 43 30
8 22 19 32 17 13 18 34 13 10 9 16 25 45 28 38 7 6 12 14 5 28 0 18 31 17 18 39 20 21 36 39 0 23 29 4 35 30 18 38 23 13 33 41 18 12 33 10 16 20 24
18 10 13 17 35 14 22 20 5 21 14 34 12 30 14 39 19 12 13 4 13 37 18 0 17 20 15 37 13 28 29 42 18 29 14 22 33 12 14 27 36 24 16 26 12 10 26 21 13 8 13
34 9 29 3 43 31 24 3 21 29 23 44 6 14 3 32 28 28 30 20 29 38 31 17 0 23 32 27 29 29 17 35 31 29 4 35 24 7 16 10 41 30 7 11 15 19 15 28 30 24 9
24 15 30 25 20 26 2 24 18 8 9 22 18 36 21 22 10 18 25 18 19 17 17 20 23 0 30 22 30 8 20 24 17 9 22 16 18 24 7 25 18 7 26 33 9 10 19 7 28 26 14
12 25 3 31 35 5 32 35 12 27 22 34 27 44 29 52 24 13 6 13 13 45 18 15 32 30 0 50 4 38 44 54 18 39 28 22 46 25 27 42 41 30 29 40 25 20 41 27 2 8 28
46 27 49 30 37 47 21 25 38 30 31 40 28 33 28 6 32 40 46 37 41 23 39 37 27 22 50 0 49 19 10 9 39 17 30 38 4 33 23 20 30 28 34 32 25 31 12 29 48 45 24
14 23 1 28 37 7 32 32 12 29 23 36 24 41 26 51 26 15 8 12 15 47 20 13 29 30 4 49 0 38 42 54 20 39 25 24 45 22 26 39 43 32 26 37 24 20 39 29 4 5 26
29 22 38 32 18 33 6 30 26 12 16 21 25 42 28 17 14 25 32 26 25 9 21 28 29 8 38 19 38 0 21 18 21 2 29 20 16 31 14 29 12 9 33 39 16 18 21 11 36 34 21
40 19 42 20 39 41 19 15 32 28 27 42 19 23 19 15 30 35 40 31 35 28 36 29 17 20 44 10 42 21 0 18 36 19 21 36 7 24 18 10 33 27 24 22 19 25 3 27 42 37 16
47 33 54 38 33 50 22 33 42 30 33 36 35 41 36 3 32 42 49 42 43 16 39 42 35 24 54 9 54 18 18 0 39 16 38 38 11 41 28 28 24 27 42 40 30 34 20 29 52 50 30
8 22 19 32 17 13 18 34 13 10 9 16 25 45 28 38 7 6 12 14 5 28 0 18 31 17 18 39 20 21 36 39 0 23 29 4 35 30 18 38 23 13 33 41 18 12 33 10 16 20 24
31 23 39 32 20 35 7 29 27 14 18 23 26 40 28 15 16 27 34 27 27 9 23 29 29 9 39 17 39 2 19 16 23 0 30 22 14 32 15 27 14 11 34 38 17 19 19 13 37 35 21
32 7 25 3 41 28 23 7 19 27 21 42 4 16 2 35 26 26 27 18 27 38 29 14 4 22 28 30 25 29 21 38 29 30 0 33 27 3 15 14 40 28 4 12 13 17 18 26 27 20 9
12 26 23 36 13 17 17 38 17 8 12 12 29 49 32 37 7 10 16 18 9 25 4 22 35 16 22 38 24 20 36 38 4 22 33 0 34 34 20 40 19 11 37 45 21 16 35 9 20 24 27
42 23 45 27 34 43 17 22 34 26 27 37 24 30 25 8 28 36 42 33 37 21 35 33 24 18 46 4 45 16 7 11 35 14 27 34 0 30 19 17 28 24 31 29 21 27 9 25 44 41 20
30 9 22 6 43 26 25 10 17 29 22 44 6 19 5 38 27 24 25 16 25 40 30 12 7 24 25 33 22 31 24 41 30 32 3 34 30 0 17 17 42 30 4 15 15 18 21 28 24 17 11
23 8 26 18 27 24 8 18 15 13 9 28 11 30 14 25 13 18 23 14 18 23 18 14 16 7 27 23 26 14 18 28 18 15 15 20 19 17 0 20 25 14 19 27 2 8 15 12 25 22 7
41 17 39 12 45 40 25 7 30 33 29 47 15 13 13 25 33 36 39 29 36 36 38 27 10 25 42 20 39 29 10 28 38 27 14 40 17 17 20 0 41 32 16 12 20 26 8 32 40 34 14
31 33 42 43 9 36 17 42 32 15 22 12 36 54 39 26 18 29 35 33 28 8 23 36 41 18 41 30 43 12 33 24 23 14 40 19 28 42 25 41 0 12 44 51 27 26 33 15 39 41 32
21 21 31 31 13 25 8 31 20 3 10 15 24 43 27 26 6 17 24 21 17 15 13 24 30 7 30 28 32 9 27 27 13 11 28 11 24 30 14 32 12 0 32 40 15 14 26 3 28 29 21
34 11 26 4 45 30 27 9 21 31 25 46 8 15 6 39 30 28 29 20 29 42 33 16 7 26 29 34 26 33 24 42 33 34 4 37 31 4 19 16 44 32 0 11 17 21 22 30 28 21 13
44 19 37 9 53 40 34 9 31 39 33 54 16 4 14 37 38 38 39 30 39 47 41 26 11 33 40 32 37 39 22 40 41 38 12 45 29 15 27 12 51 40 11 0 25 29 20 38 39 32 20
21 6 24 16 28 22 10 17 13 14 9 29 9 29 12 27 14 16 21 12 16 25 18 12 15 9 25 25 24 16 19 30 18 17 13 21 21 15 2 20 27 15 17 25 0 6 16 13 23 20 6
15 10 20 20 25 16 12 22 8 11 4 26 13 33 16 32 9 10 15 8 10 27 12 10 19 10 20 31 20 18 25 34 12 19 17 16 27 18 8 26 26 14 21 29 6 0 22 11 18 16 12
37 16 39 18 39 38 18 13 29 27 24 41 16 21 16 17 28 32 37 28 32 28 33 26 15 19 41 12 39 21 3 20 33 19 18 35 9 21 15 8 33 26 22 20 16 22 0 26 39 34 13
18 19 28 29 15 22 8 30 17 1 7 16 22 42 25 28 3 14 21 18 14 18 10 21 28 7 27 29 29 11 27 29 10 13 26 9 25 28 12 32 15 3 30 38 13 11 26 0 25 26 19
10 23 3 30 33 3 30 33 10 25 20 32 25 43 27 50 22 11 4 11 11 43 16 13 30 28 2 48 4 36 42 52 16 37 27 20 44 24 25 40 39 28 28 39 23 18 39 25 0 7 26
17 18 5 23 37 10 28 27 9 26 19 36 19 36 21 47 24 14 10 8 15 43 20 8 24 26 8 45 5 34 37 50 20 35 20 24 41 17 22 34 41 29 21 32 20 16 34 26 7 0 21
27 3 26 12 34 26 15 11 16 20 15 35 5 23 7 28 20 22 25 15 22 30 24 13 9 14 28 24 26 21 16 30 24 21 9 27 20 11 7 14 32 21 13 20 6 12 13 19 26 21 0
0 764
90 166
534 610
344 420
525 601
43 119
94 170
404 480
264 340
499 575
90 166
568 644
415 491
502 578
370 446
460 536
260 336
207 283
476 552
406 482
687 763
628 704
412 488
454 530
661 737
548 624
684 760
330 406
676 752
59 135
316 392
441 517
27 103
196 272
449 525
121 197
573 649
264 340
326 402
558 634
30 106
567 643
440 516
490 566
548 624
32 108
36 112
482 558
346 422
132 208
168 244
0
57
49
66
40
38
12
58
47
77
46
36
14
67
70
36
59
53
75
48
70
62
53
75
71
77
72
30
55
30
49
37
58
39
51
43
44
72
64
45
60
38
31
19
43
65
32
40
45
21
62
