51
1627
0 13 20 19 24 18 37 5 12 11 36 6 16 17 22 33 5 36 18 7 9 21 17 32 20 31 4 18 17 34 25 28 18 13 12 34 12 34 24 38 26 10 18 27 22 36 29 5 21 32 24
13 0 29 32 16 5 40 12 7 4 40 7 8 26 9 26 8 43 5 10 19 30 10 27 31 34 16 31 10 40 16 36 26 6 3 35 8 42 18 40 19 15 31 25 24 43 25 10 17 25 31
20 29 0 23 36 33 18 24 22 25 17 22 29 3 37 33 21 16 32 19 11 2 26 29 12 12 16 22 37 14 37 8 3 24 26 18 21 14 29 20 31 28 23 17 8 16 26 25 23 33 5
19 32 23 0 43 37 41 21 31 30 39 25 35 21 41 51 24 36 37 25 16 21 36 48 12 35 16 1 35 36 44 29 22 32 31 40 31 34 43 43 45 22 2 38 29 36 45 23 38 50 28
24 16 36 43 0 13 41 26 15 13 43 18 8 33 12 14 19 46 12 20 30 37 10 17 42 37 27 42 23 43 1 41 33 13 13 34 15 47 8 39 8 30 42 24 29 46 17 24 14 13 36
18 5 33 37 13 0 44 17 11 8 44 12 8 30 4 26 13 47 1 15 24 34 12 28 36 38 21 36 10 44 13 40 30 10 7 39 12 46 18 44 19 19 36 29 28 47 27 15 20 25 35
37 40 18 41 41 44 0 41 33 36 2 36 39 20 48 32 35 8 43 33 28 20 35 28 29 6 33 40 50 6 42 12 19 35 37 7 32 10 33 4 34 45 41 17 16 8 25 42 27 32 13
5 12 24 21 26 17 41 0 15 14 40 9 18 21 21 35 8 40 17 10 13 25 19 35 24 35 8 20 14 38 27 32 22 15 13 39 15 38 27 43 28 5 19 30 27 40 32 2 24 34 28
12 7 22 31 15 11 33 15 0 3 33 6 7 19 15 21 7 36 10 6 16 23 5 21 28 27 15 30 17 33 16 29 19 2 4 28 1 35 12 33 14 19 30 18 17 36 18 13 10 20 24
11 4 25 30 13 8 36 14 3 0 36 5 5 22 12 22 6 39 7 7 17 26 6 23 29 30 14 29 14 36 14 32 22 2 1 31 4 38 14 36 15 18 29 21 20 39 21 12 13 21 27
36 40 17 39 43 44 2 40 33 36 0 36 40 19 48 34 35 6 43 33 27 18 36 30 27 6 32 38 50 4 44 10 18 35 37 9 32 8 35 6 36 44 39 19 16 6 27 41 29 34 12
6 7 22 25 18 12 36 9 6 5 36 0 10 19 16 27 1 37 12 3 12 23 11 27 24 30 9 24 16 35 19 29 19 7 6 32 7 35 18 36 20 13 24 23 20 37 24 7 16 26 25
16 8 29 35 8 8 39 18 7 5 40 10 0 26 10 18 11 43 7 12 22 30 4 20 34 34 19 34 18 40 9 36 26 5 5 32 8 42 10 37 11 22 34 22 24 43 19 16 12 17 31
17 26 3 21 33 30 20 21 19 22 19 19 26 0 34 33 18 19 29 16 8 4 23 29 12 14 13 20 34 17 34 11 1 21 23 19 18 17 27 22 29 25 21 17 8 19 26 22 21 33 7
22 9 37 41 12 4 48 21 15 12 48 16 10 34 0 26 17 51 5 19 28 38 14 29 40 42 25 40 12 48 11 44 34 14 11 42 16 50 19 47 20 23 40 32 32 51 28 19 22 25 39
33 26 33 51 14 26 32 35 21 22 34 27 18 33 26 0 28 39 25 27 35 35 16 4 45 30 36 50 36 36 15 37 32 20 23 25 21 40 9 30 7 39 50 17 25 39 7 33 13 1 32
5 8 21 24 19 13 35 8 7 6 35 1 11 18 17 28 0 36 13 2 11 22 12 27 23 29 8 23 17 34 20 28 18 8 7 31 7 34 19 35 21 13 23 22 19 36 24 7 16 27 24
36 43 16 36 46 47 8 40 36 39 6 37 43 19 51 39 36 0 46 34 27 16 39 35 24 9 32 35 53 3 47 8 18 38 40 15 35 2 38 12 39 44 36 22 19 0 32 41 32 39 12
18 5 32 37 12 1 43 17 10 7 43 12 7 29 5 25 13 46 0 14 24 33 11 27 36 37 21 36 11 43 12 39 29 9 6 38 11 45 17 43 18 20 36 28 27 46 26 15 19 24 34
7 10 19 25 20 15 33 10 6 7 33 3 12 16 19 27 2 34 14 0 10 20 11 26 22 27 9 24 19 32 21 26 16 8 8 29 6 32 18 33 20 15 24 20 17 34 23 9 15 26 22
9 19 11 16 30 24 28 13 16 17 27 12 22 8 28 35 11 27 24 10 0 12 20 32 12 22 5 15 26 25 31 19 9 18 18 27 15 25 27 30 29 17 15 22 15 27 29 14 22 34 15
21 30 2 21 37 34 20 25 23 26 18 23 30 4 38 35 22 16 33 20 12 0 27 31 10 14 17 20 38 15 38 8 4 25 27 20 22 14 30 22 32 29 21 19 10 16 28 26 24 35 7
17 10 26 36 10 12 35 19 5 6 36 11 4 23 14 16 12 39 11 11 20 27 0 17 32 30 20 35 20 36 11 32 23 4 7 28 5 38 8 33 9 23 35 18 20 39 15 17 8 15 27
32 27 29 48 17 28 28 35 21 23 30 27 20 29 29 4 27 35 27 26 32 31 17 0 41 26 34 47 37 32 18 33 28 21 24 21 20 36 10 26 9 40 47 13 21 35 3 34 11 4 28
20 31 12 12 42 36 29 24 28 29 27 24 34 12 40 45 23 24 36 22 12 10 32 41 0 24 16 11 37 24 43 17 13 30 30 30 27 22 38 32 40 27 12 29 20 24 38 25 32 44 17
31 34 12 35 37 38 6 35 27 30 6 30 34 14 42 30 29 9 37 27 22 14 30 26 24 0 27 34 44 6 38 8 13 29 31 7 26 10 29 8 30 39 35 13 10 9 23 36 23 30 7
4 16 16 16 27 21 33 8 15 14 32 9 19 13 25 36 8 32 21 9 5 17 20 34 16 27 0 15 21 30 28 24 14 16 15 32 15 30 27 35 29 12 15 26 20 32 31 9 23 35 20
18 31 22 1 42 36 40 20 30 29 38 24 34 20 40 50 23 35 36 24 15 20 35 47 11 34 15 0 34 35 43 28 21 31 30 39 30 33 42 42 44 21 1 37 28 35 44 22 37 49 27
17 10 37 35 23 10 50 14 17 14 50 16 18 34 12 36 17 53 11 19 26 38 20 37 37 44 21 34 0 50 23 45 35 16 13 45 18 51 28 50 29 13 33 35 34 53 35 12 27 35 41
34 40 14 36 43 44 6 38 33 36 4 35 40 17 48 36 34 3 43 32 25 15 36 32 24 6 30 35 50 0 44 7 16 35 37 13 32 4 35 10 36 42 36 19 16 3 29 39 29 36 10
25 16 37 44 1 13 42 27 16 14 44 19 9 34 11 15 20 47 12 21 31 38 11 18 43 38 28 43 23 44 0 42 34 14 14 35 16 48 9 40 9 31 43 25 30 47 18 25 15 14 37
28 36 8 29 41 40 12 32 29 32 10 29 36 11 44 37 28 8 39 26 19 8 32 33 17 8 24 28 45 7 42 0 10 31 33 15 28 6 33 15 35 36 29 20 12 8 30 33 27 37 5
18 26 3 22 33 30 19 22 19 22 18 19 26 1 34 32 18 18 29 16 9 4 23 28 13 13 14 21 35 16 34 10 0 21 23 18 18 16 26 21 28 26 22 16 7 18 25 23 20 32 6
13 6 24 32 13 10 35 15 2 2 35 7 5 21 14 20 8 38 9 8 18 25 4 21 30 29 16 31 16 35 14 31 21 0 3 30 3 37 12 35 13 19 31 20 19 38 19 13 11 19 26
12 3 26 31 13 7 37 13 4 1 37 6 5 23 11 23 7 40 6 8 18 27 7 24 30 31 15 30 13 37 14 33 23 3 0 32 5 39 15 37 16 17 30 22 21 40 22 11 14 22 28
34 35 18 40 34 39 7 39 28 31 9 32 32 19 42 25 31 15 38 29 27 20 28 21 30 7 32 39 45 13 35 15 18 30 32 0 27 17 26 5 27 44 40 10 12 15 18 38 20 25 13
12 8 21 31 15 12 32 15 1 4 32 7 8 18 16 21 7 35 11 6 15 22 5 20 27 26 15 30 18 32 16 28 18 3 5 27 0 34 12 32 14 20 30 17 16 35 17 14 9 20 23
34 42 14 34 47 46 10 38 35 38 8 35 42 17 50 40 34 2 45 32 25 14 38 36 22 10 30 33 51 4 48 6 16 37 39 17 34 0 39 14 40 42 34 23 18 2 33 39 33 40 11
24 18 29 43 8 18 33 27 12 14 35 18 10 27 19 9 19 38 17 18 27 30 8 10 38 29 27 42 28 35 9 33 26 12 15 26 12 39 0 31 2 31 42 16 21 38 9 25 6 8 28
38 40 20 43 39 44 4 43 33 36 6 36 37 22 47 30 35 12 43 33 30 22 33 26 32 8 35 42 50 10 40 15 21 35 37 5 32 14 31 0 32 47 43 15 16 12 23 42 25 30 15
26 19 31 45 8 19 34 28 14 15 36 20 11 29 20 7 21 39 18 20 29 32 9 9 40 30 29 44 29 36 9 35 28 13 16 27 14 40 2 32 0 32 44 17 23 39 9 26 8 6 30
10 15 28 22 30 19 45 5 19 18 44 13 22 25 23 39 13 44 20 15 17 29 23 40 27 39 12 21 13 42 31 36 26 19 17 44 20 42 31 47 32 0 20 35 32 44 37 6 29 38 32
18 31 23 2 42 36 41 19 30 29 39 24 34 21 40 50 23 36 36 24 15 21 35 47 12 35 15 1 33 36 43 29 22 31 30 40 30 34 42 43 44 20 0 37 29 36 44 21 37 49 28
27 25 17 38 24 29 17 30 18 21 19 23 22 17 32 17 22 22 28 20 22 19 18 13 29 13 26 37 35 19 25 20 16 20 22 10 17 23 16 15 17 35 37 0 9 22 10 29 10 17 15
22 24 8 29 29 28 16 27 17 20 16 20 24 8 32 25 19 19 27 17 15 10 20 21 20 10 20 28 34 16 30 12 7 19 21 12 16 18 21 16 23 32 29 9 0 19 18 26 15 25 7
36 43 16 36 46 47 8 40 36 39 6 37 43 19 51 39 36 0 46 34 27 16 39 35 24 9 32 35 53 3 47 8 18 38 40 15 35 2 38 12 39 44 36 22 19 0 32 41 32 39 12
29 25 26 45 17 27 25 32 18 21 27 24 19 26 28 7 24 32 26 23 29 28 15 3 38 23 31 44 35 29 18 30 25 19 22 18 17 33 9 23 9 37 44 10 18 32 0 31 8 7 25
5 10 25 23 24 15 42 2 13 12 41 7 16 22 19 33 7 41 15 9 14 26 17 34 25 36 9 22 12 39 25 33 23 13 11 38 14 39 25 42 26 6 21 29 26 41 31 0 23 32 29
21 17 23 38 14 20 27 24 10 13 29 16 12 21 22 13 16 32 19 15 22 24 8 11 32 23 23 37 27 29 15 27 20 11 14 20 9 33 6 25 8 29 37 10 15 32 8 23 0 12 22
32 25 33 50 13 25 32 34 20 21 34 26 17 33 25 1 27 39 24 26 34 35 15 4 44 30 35 49 35 36 14 37 32 19 22 25 20 40 8 30 6 38 49 17 25 39 7 32 12 0 32
24 31 5 28 36 35 13 28 24 27 12 25 31 7 39 32 24 12 34 22 15 7 27 28 17 7 20 27 41 10 37 5 6 26 28 13 23 11 28 15 30 32 28 15 7 12 25 29 22 32 0
0 573
449 506
232 289
61 118
104 161
72 129
294 351
297 354
432 489
246 303
334 391
401 458
26 83
441 498
158 215
403 460
0 57
158 215
393 450
94 151
364 421
480 537
9 66
248 305
325 382
375 432
325 382
60 117
411 468
335 392
134 191
147 204
485 542
465 522
52 109
419 476
70 127
29 86
110 167
491 548
306 363
374 431
279 336
59 116
230 287
157 214
205 262
500 557
62 119
134 191
41 98
0
61
38
34
50
35
41
84
64
76
29
62
53
70
29
56
77
32
36
52
70
53
59
20
74
39
22
54
38
55
42
68
44
67
36
41
66
33
35
37
25
40
62
69
50
34
37
36
79
77
62
