51
1625
0 18 25 26 31 28 26 18 25 37 32 20 28 39 26 24 40 34 41 41 25 38 23 43 32 26 9 33 30 29 37 6 28 12 11 20 30 19 33 32 11 32 0 36 9 19 9 18 39 11 27
18 0 35 36 13 19 43 7 35 37 19 37 15 37 43 36 41 42 26 39 41 37 40 41 19 13 27 30 43 26 34 13 44 13 12 33 26 19 42 18 19 30 18 22 21 14 18 28 42 29 34
25 35 0 1 41 28 18 29 0 17 37 19 35 23 18 6 18 9 46 25 15 20 19 27 34 33 23 22 13 19 25 29 18 35 34 9 20 17 8 39 36 18 25 41 34 22 17 7 15 25 4
26 36 1 0 41 28 19 29 1 16 37 20 35 22 19 7 17 8 46 24 16 19 20 26 34 33 24 21 14 18 24 30 19 36 35 10 19 17 7 39 37 17 26 41 35 22 18 8 14 26 3
31 13 41 41 0 15 53 13 41 37 11 48 9 36 53 44 41 47 14 38 50 37 50 39 13 8 39 28 52 26 32 26 53 26 25 42 25 24 47 8 32 30 31 11 34 19 27 36 43 41 39
28 19 28 28 15 0 43 12 28 22 9 40 7 21 43 33 26 32 18 23 40 22 42 24 6 7 34 13 41 11 17 27 43 30 29 32 10 12 33 11 35 15 28 13 36 9 20 25 28 36 25
26 43 18 19 53 43 0 40 18 35 52 6 48 41 0 12 36 25 61 43 3 38 3 45 49 46 17 40 10 37 43 32 2 37 36 11 38 31 23 52 34 36 26 56 31 35 26 18 33 17 22
18 7 29 29 13 12 40 0 29 30 14 35 10 30 40 31 34 35 23 32 37 30 37 34 14 8 26 23 39 19 27 16 40 18 17 29 19 12 35 14 24 23 18 18 25 7 14 23 35 28 27
25 35 0 1 41 28 18 29 0 17 37 19 35 23 18 6 18 9 46 25 15 20 19 27 34 33 23 22 13 19 25 29 18 35 34 9 20 17 8 39 36 18 25 41 34 22 17 7 15 25 4
37 37 17 16 37 22 35 30 17 0 30 36 29 6 35 23 4 14 38 8 32 3 36 10 27 29 38 10 30 11 9 40 35 44 43 26 12 19 16 32 48 7 37 34 46 24 28 22 7 40 13
32 19 37 37 11 9 52 14 37 30 0 49 4 28 52 42 34 41 9 29 49 29 51 29 3 6 40 20 50 20 23 30 52 31 30 41 19 21 42 3 37 24 32 4 39 17 28 34 37 42 34
20 37 19 20 48 40 6 35 19 36 49 0 45 42 6 13 37 27 58 44 7 39 3 46 46 43 11 39 14 35 43 26 8 31 30 10 36 28 25 49 28 36 20 53 25 32 21 16 34 11 23
28 15 35 35 9 7 48 10 35 29 4 45 0 28 48 38 33 39 13 29 45 29 47 30 4 2 36 20 46 18 23 26 48 27 26 37 17 18 40 4 33 22 28 8 35 13 24 30 35 38 32
39 37 23 22 36 21 41 30 23 6 28 42 28 0 41 29 8 20 35 2 38 3 42 4 25 28 43 8 36 11 5 42 41 46 45 32 11 21 22 30 50 7 39 31 48 24 30 27 12 45 19
26 43 18 19 53 43 0 40 18 35 52 6 48 41 0 12 36 25 61 43 3 38 3 45 49 46 17 40 10 37 43 32 2 37 36 11 38 31 23 52 34 36 26 56 31 35 26 18 33 17 22
24 36 6 7 44 33 12 31 6 23 42 13 38 29 12 0 24 14 51 31 9 26 13 33 39 36 19 28 8 25 31 29 12 35 34 4 26 21 12 42 35 24 24 46 33 25 18 8 21 20 10
40 41 18 17 41 26 36 34 18 4 34 37 33 8 36 24 0 13 42 9 33 5 37 11 31 33 40 14 29 15 12 43 36 48 47 27 16 23 15 36 51 11 40 38 49 28 31 24 4 42 14
34 42 9 8 47 32 25 35 9 14 41 27 39 20 25 14 13 0 50 22 22 17 27 24 38 39 32 23 16 21 23 38 24 44 43 18 22 23 2 43 45 19 34 45 43 28 26 16 9 34 8
41 26 46 46 14 18 61 23 46 38 9 58 13 35 61 51 42 50 0 36 58 37 60 36 12 15 49 28 59 29 30 39 61 39 38 50 28 30 51 9 45 32 41 5 47 26 37 43 45 51 43
41 39 25 24 38 23 43 32 25 8 29 44 29 2 43 31 9 22 36 0 40 5 44 2 26 30 45 10 38 13 6 44 43 48 47 34 13 23 24 31 52 9 41 32 50 26 32 29 13 47 21
25 41 15 16 50 40 3 37 15 32 49 7 45 38 3 9 33 22 58 40 0 35 5 42 46 43 18 37 7 34 40 31 3 37 36 8 35 28 20 49 35 33 25 53 32 32 23 15 30 18 19
38 37 20 19 37 22 38 30 20 3 29 39 29 3 38 26 5 17 37 5 35 0 39 7 26 29 41 9 33 11 7 41 38 45 44 29 12 20 19 31 49 7 38 33 47 24 29 25 9 43 16
23 40 19 20 50 42 3 37 19 36 51 3 47 42 3 13 37 27 60 44 5 39 0 46 48 45 14 40 12 36 44 29 5 34 33 11 37 30 25 51 31 37 23 55 28 34 23 17 34 14 23
43 41 27 26 39 24 45 34 27 10 29 46 30 4 45 33 11 24 36 2 42 7 46 0 27 31 47 11 40 15 7 46 45 50 49 36 15 25 26 32 54 11 43 32 52 28 34 31 15 49 23
32 19 34 34 13 6 49 14 34 27 3 46 4 25 49 39 31 38 12 26 46 26 48 27 0 6 40 17 47 17 20 30 49 31 30 38 16 18 39 5 37 21 32 7 39 15 26 31 34 42 31
26 13 33 33 8 7 46 8 33 29 6 43 2 28 46 36 33 39 15 30 43 29 45 31 6 0 34 20 44 18 24 24 46 25 24 35 17 16 39 6 31 22 26 10 33 11 22 28 35 36 31
9 27 23 24 39 34 17 26 23 38 40 11 36 43 17 19 40 32 49 45 18 41 14 47 40 34 0 37 24 33 41 15 19 20 19 15 34 23 31 40 17 36 9 44 14 25 14 16 38 2 26
33 30 22 21 28 13 40 23 22 10 20 39 20 8 40 28 14 23 28 10 37 9 40 11 17 20 37 0 35 4 4 35 40 39 38 30 4 14 24 22 43 4 33 24 42 17 24 23 17 39 18
30 43 13 14 52 41 10 39 13 30 50 14 46 36 10 8 29 16 59 38 7 33 12 40 47 44 24 35 0 32 38 36 8 42 41 10 33 29 14 50 41 31 30 54 38 33 25 16 25 25 17
29 26 19 18 26 11 37 19 19 11 20 35 18 11 37 25 15 21 29 13 34 11 36 15 17 18 33 4 32 0 8 31 37 35 34 26 1 10 22 22 39 4 29 24 38 13 20 19 17 35 15
37 34 25 24 32 17 43 27 25 9 23 43 23 5 43 31 12 23 30 6 40 7 44 7 20 24 41 4 38 8 0 39 43 43 42 34 8 18 25 25 47 7 37 26 46 21 28 27 16 43 21
6 13 29 30 26 27 32 16 29 40 30 26 26 42 32 29 43 38 39 44 31 41 29 46 30 24 15 35 36 31 39 0 34 6 5 26 31 21 37 30 8 35 6 34 9 18 13 22 43 16 31
28 44 18 19 53 43 2 40 18 35 52 8 48 41 2 12 36 24 61 43 3 38 5 45 49 46 19 40 8 37 43 34 0 39 38 11 38 31 22 52 36 36 28 56 33 35 26 18 33 19 22
12 13 35 36 26 30 37 18 35 44 31 31 27 46 37 35 48 44 39 48 37 45 34 50 31 25 20 39 42 35 43 6 39 0 1 32 35 25 43 31 6 39 12 35 9 22 18 28 48 21 36
11 12 34 35 25 29 36 17 34 43 30 30 26 45 36 34 47 43 38 47 36 44 33 49 30 24 19 38 41 34 42 5 38 1 0 31 34 24 42 30 7 38 11 34 9 21 17 27 47 21 35
20 33 9 10 42 32 11 29 9 26 41 10 37 32 11 4 27 18 50 34 8 29 11 36 38 35 15 30 10 26 34 26 11 32 31 0 27 20 16 41 31 27 20 45 29 24 15 7 24 16 13
30 26 20 19 25 10 38 19 20 12 19 36 17 11 38 26 16 22 28 13 35 12 37 15 16 17 34 4 33 1 8 31 38 35 34 27 0 11 23 21 39 5 30 23 39 13 21 20 18 36 16
19 19 17 17 24 12 31 12 17 19 21 28 18 21 31 21 23 23 30 23 28 20 30 25 18 16 23 14 29 10 18 21 31 25 24 20 11 0 23 22 29 14 19 25 28 5 10 13 23 25 15
33 42 8 7 47 33 23 35 8 16 42 25 40 22 23 12 15 2 51 24 20 19 25 26 39 39 31 24 14 22 25 37 22 43 42 16 23 23 0 44 44 20 33 46 42 28 25 15 11 32 8
32 18 39 39 8 11 52 14 39 32 3 49 4 30 52 42 36 43 9 31 49 31 51 32 5 6 40 22 50 22 25 30 52 31 30 41 21 22 44 0 37 26 32 4 39 17 28 34 39 42 36
11 19 36 37 32 35 34 24 36 48 37 28 33 50 34 35 51 45 45 52 35 49 31 54 37 31 17 43 41 39 47 8 36 6 7 31 39 29 44 37 0 43 11 41 3 26 20 29 50 18 38
32 30 18 17 30 15 36 23 18 7 24 36 22 7 36 24 11 19 32 9 33 7 37 11 21 22 36 4 31 4 7 35 36 39 38 27 5 14 20 26 43 0 32 28 41 17 23 20 13 38 14
0 18 25 26 31 28 26 18 25 37 32 20 28 39 26 24 40 34 41 41 25 38 23 43 32 26 9 33 30 29 37 6 28 12 11 20 30 19 33 32 11 32 0 36 9 19 9 18 39 11 27
36 22 41 41 11 13 56 18 41 34 4 53 8 31 56 46 38 45 5 32 53 33 55 32 7 10 44 24 54 24 26 34 56 35 34 45 23 25 46 4 41 28 36 0 43 21 32 38 41 46 38
9 21 34 35 34 36 31 25 34 46 39 25 35 48 31 33 49 43 47 50 32 47 28 52 39 33 14 42 38 38 46 9 33 9 9 29 39 28 42 39 3 41 9 43 0 27 18 27 48 15 36
19 14 22 22 19 9 35 7 22 24 17 32 13 24 35 25 28 28 26 26 32 24 34 28 15 11 25 17 33 13 21 18 35 22 21 24 13 5 28 17 26 17 19 21 27 0 11 17 28 27 20
9 18 17 18 27 20 26 14 17 28 28 21 24 30 26 18 31 26 37 32 23 29 23 34 26 22 14 24 25 20 28 13 26 18 17 15 21 10 25 28 20 23 9 32 18 11 0 10 30 16 18
18 28 7 8 36 25 18 23 7 22 34 16 30 27 18 8 24 16 43 29 15 25 17 31 31 28 16 23 16 19 27 22 18 28 27 7 20 13 15 34 29 20 18 38 27 17 10 0 22 18 10
39 42 15 14 43 28 33 35 15 7 37 34 35 12 33 21 4 9 45 13 30 9 34 15 34 35 38 17 25 17 16 43 33 48 47 24 18 23 11 39 50 13 39 41 48 28 30 22 0 40 12
11 29 25 26 41 36 17 28 25 40 42 11 38 45 17 20 42 34 51 47 18 43 14 49 42 36 2 39 25 35 43 16 19 21 21 16 36 25 32 42 18 38 11 46 15 27 16 18 40 0 28
27 34 4 3 39 25 22 27 4 13 34 23 32 19 22 10 14 8 43 21 19 16 23 23 31 31 26 18 17 15 21 31 22 36 35 13 16 15 8 36 38 14 27 38 36 20 18 10 12 28 0
0 491
319 319
42 42
4 4
47 47
238 238
39 39
252 252
357 357
288 288
315 315
185 185
216 216
473 473
6 6
155 155
325 325
397 397
307 307
343 343
12 12
329 329
401 401
234 234
6 6
269 269
303 303
294 294
226 226
116 116
214 214
221 221
360 360
322 322
45 45
205 205
168 168
123 123
260 260
443 443
281 281
31 31
53 53
209 209
468 468
191 191
230 230
51 51
296 296
262 262
471 471
0
65
85
59
62
30
32
33
48
69
25
35
44
29
53
72
33
83
34
62
81
35
64
77
21
18
81
26
46
65
58
53
42
56
25
52
67
32
24
14
60
32
60
46
39
50
60
83
41
83
56
