51
1624
0 18 6 34 5 9 13 9 18 19 10 19 34 9 3 16 11 34 15 16 19 36 20 20 11 27 19 37 34 20 5 30 20 24 14 7 9 17 11 6 10 14 26 2 18 19 27 14 18 11 13
18 0 20 27 14 27 5 9 33 18 12 12 19 20 20 5 9 35 9 29 13 35 12 25 17 20 7 42 19 7 23 23 14 29 13 24 21 17 9 12 8 20 34 16 5 25 10 31 1 13 29
6 20 0 31 11 13 15 11 14 25 9 24 33 3 4 21 11 28 20 10 25 30 25 14 17 24 18 31 33 25 9 27 18 18 20 7 15 12 16 8 12 8 20 8 23 13 27 12 20 17 9
34 27 31 0 34 43 27 28 38 45 24 39 11 28 35 32 26 20 36 34 40 17 39 23 41 7 20 28 11 34 39 4 14 22 39 38 41 19 33 30 28 23 29 33 32 23 19 42 28 37 36
5 14 11 34 0 13 10 6 23 14 10 14 32 14 8 11 8 38 10 21 14 39 15 24 7 27 16 42 32 15 10 30 20 28 9 12 7 18 6 4 7 17 31 3 13 23 24 19 14 6 18
9 27 13 43 13 0 22 18 21 21 19 24 43 16 9 24 20 41 23 19 24 43 26 27 13 36 28 42 43 28 4 39 29 31 19 8 9 25 19 15 19 21 31 11 26 26 36 12 27 17 16
13 5 15 27 10 22 0 4 28 18 8 13 23 15 15 7 5 35 9 24 14 35 14 23 14 20 7 41 23 10 18 23 14 27 12 19 17 15 6 7 3 16 31 11 8 22 14 26 5 10 24
9 9 11 28 6 18 4 0 24 18 5 15 26 12 11 11 2 33 11 20 16 34 16 20 13 21 10 38 26 14 14 24 14 24 13 15 13 13 7 3 1 13 28 7 12 19 18 22 9 10 20
18 33 14 38 23 21 28 24 0 37 21 37 41 13 15 34 24 26 33 4 37 30 38 15 29 31 29 25 41 38 18 34 26 17 32 13 27 20 29 22 25 15 14 20 36 15 38 9 33 29 5
19 18 25 45 14 21 18 18 37 0 23 6 37 28 22 13 20 51 9 35 5 52 8 38 9 38 25 56 37 14 21 41 32 42 6 26 12 31 12 18 19 31 45 17 14 37 28 33 17 8 32
10 12 9 24 10 19 8 5 21 23 0 20 24 8 12 15 3 28 16 17 21 29 21 15 17 17 9 33 24 18 15 20 10 19 18 16 17 8 12 6 5 8 23 9 16 14 18 21 13 15 17
19 12 24 39 14 24 13 15 37 6 20 0 31 26 22 7 17 47 4 34 1 47 2 35 11 32 19 53 31 8 23 35 26 39 5 26 15 28 8 16 15 28 43 17 8 34 22 33 11 8 32
34 19 33 11 32 43 23 26 41 37 24 31 0 30 36 24 24 29 28 37 32 27 31 28 36 12 16 37 0 25 39 10 15 28 32 40 39 21 28 29 25 26 35 33 24 27 9 44 20 32 39
9 20 3 28 14 16 15 12 13 28 8 26 30 0 7 22 11 25 22 9 27 27 27 11 20 21 17 28 30 25 12 24 15 15 23 10 18 9 18 10 12 5 17 11 23 10 26 14 20 20 9
3 20 4 35 8 9 15 11 15 22 12 22 36 7 0 19 13 32 18 13 22 34 23 18 14 28 21 35 36 23 5 31 22 22 17 4 12 16 14 8 12 12 24 5 21 17 29 11 20 14 10
16 5 21 32 11 24 7 11 34 13 15 7 24 22 19 0 12 40 4 31 8 40 7 30 13 25 12 47 24 4 21 28 19 34 8 23 17 22 5 13 10 23 38 14 2 29 15 30 4 9 29
11 9 11 26 8 20 5 2 24 20 3 17 24 11 13 12 0 31 13 20 18 32 18 18 15 19 8 36 24 15 16 22 12 22 15 17 15 11 9 5 2 11 26 9 13 17 17 23 10 12 20
34 35 28 20 38 41 35 33 26 51 28 47 29 25 32 40 31 0 44 24 48 4 47 14 45 18 28 8 29 42 37 19 21 10 46 34 43 20 40 34 33 21 13 36 40 15 33 34 36 43 28
15 9 20 36 10 23 9 11 33 9 16 4 28 22 18 4 13 44 0 30 5 44 5 31 10 29 16 49 28 7 20 32 23 35 4 22 14 24 4 12 11 24 39 13 5 30 19 29 8 6 28
16 29 10 34 21 19 24 20 4 35 17 34 37 9 13 31 20 24 30 0 35 27 35 11 27 27 25 23 37 34 16 30 22 14 30 11 25 16 26 18 21 11 12 18 32 11 34 10 29 27 4
19 13 25 40 14 24 14 16 37 5 21 1 32 27 22 8 18 48 5 35 0 48 3 36 11 33 20 54 32 9 23 36 27 40 5 26 15 29 9 17 16 29 44 17 9 35 23 33 12 8 32
36 35 30 17 39 43 35 34 30 52 29 47 27 27 34 40 32 4 44 27 48 0 47 16 46 16 28 12 27 42 39 17 21 13 47 36 45 21 41 35 34 23 17 38 40 17 31 37 36 44 31
20 12 25 39 15 26 14 16 38 8 21 2 31 27 23 7 18 47 5 35 3 47 0 36 13 32 19 54 31 7 25 35 26 40 7 27 17 29 9 17 16 29 44 18 7 35 22 34 11 10 33
20 25 14 23 24 27 23 20 15 38 15 35 28 11 18 30 18 14 31 11 36 16 36 0 31 16 19 18 28 32 23 19 13 4 33 20 29 8 27 20 20 7 9 22 30 1 26 21 26 30 15
11 17 17 41 7 13 14 13 29 9 17 11 36 20 14 13 15 45 10 27 11 46 13 31 0 34 21 48 36 17 12 37 27 35 6 17 4 25 8 11 14 24 37 9 15 30 27 24 16 4 24
27 20 24 7 27 36 20 21 31 38 17 32 12 21 28 25 19 18 29 27 33 16 32 16 34 0 13 26 12 27 32 3 7 16 32 31 34 12 26 23 21 16 23 26 25 16 15 35 21 30 29
19 7 18 20 16 28 7 10 29 25 9 19 16 17 21 12 8 28 16 25 20 28 19 19 21 13 0 35 16 14 24 16 7 22 19 25 23 11 13 13 9 14 28 17 12 19 9 30 8 17 26
37 42 31 28 42 42 41 38 25 56 33 53 37 28 35 47 36 8 49 23 54 12 54 18 48 26 35 0 37 49 39 27 28 14 51 34 46 26 45 38 38 25 11 39 47 19 41 33 43 48 27
34 19 33 11 32 43 23 26 41 37 24 31 0 30 36 24 24 29 28 37 32 27 31 28 36 12 16 37 0 25 39 10 15 28 32 40 39 21 28 29 25 26 35 33 24 27 9 44 20 32 39
20 7 25 34 15 28 10 14 38 14 18 8 25 25 23 4 15 42 7 34 9 42 7 32 17 27 14 49 25 0 25 30 21 36 11 27 21 24 9 17 13 26 41 18 2 32 16 34 6 13 33
5 23 9 39 10 4 18 14 18 21 15 23 39 12 5 21 16 37 20 16 23 39 25 23 12 32 24 39 39 25 0 35 25 27 18 5 9 21 16 11 15 17 28 7 23 22 32 12 23 15 13
30 23 27 4 30 39 23 24 34 41 20 35 10 24 31 28 22 19 32 30 36 17 35 19 37 3 16 27 10 30 35 0 10 19 35 34 37 15 29 26 24 19 26 29 28 19 15 38 24 33 32
20 14 18 14 20 29 14 14 26 32 10 26 15 15 22 19 12 21 23 22 27 21 26 13 27 7 7 28 15 21 25 10 0 15 26 25 27 6 20 16 14 11 22 19 19 13 13 29 15 24 24
24 29 18 22 28 31 27 24 17 42 19 39 28 15 22 34 22 10 35 14 40 13 40 4 35 16 22 14 28 36 27 19 15 0 37 24 33 12 31 24 24 11 7 26 34 5 28 24 30 34 18
14 13 20 39 9 19 12 13 32 6 18 5 32 23 17 8 15 46 4 30 5 47 7 33 6 32 19 51 32 11 18 35 26 37 0 21 10 26 6 13 13 26 40 12 9 32 23 28 12 3 27
7 24 7 38 12 8 19 15 13 26 16 26 40 10 4 23 17 34 22 11 26 36 27 20 17 31 25 34 40 27 5 34 25 24 21 0 14 19 18 12 16 15 23 9 25 19 33 7 24 18 8
9 21 15 41 7 9 17 13 27 12 17 15 39 18 12 17 15 43 14 25 15 45 17 29 4 34 23 46 39 21 9 37 27 33 10 14 0 25 12 11 14 23 35 8 19 28 31 21 20 8 22
17 17 12 19 18 25 15 13 20 31 8 28 21 9 16 22 11 20 24 16 29 21 29 8 25 12 11 26 21 24 21 15 6 12 26 19 25 0 20 14 13 5 17 17 22 8 19 23 18 23 18
11 9 16 33 6 19 6 7 29 12 12 8 28 18 14 5 9 40 4 26 9 41 9 27 8 26 13 45 28 9 16 29 20 31 6 18 12 20 0 8 7 20 35 9 7 26 19 25 8 4 24
6 12 8 30 4 15 7 3 22 18 6 16 29 10 8 13 5 34 12 18 17 35 17 20 11 23 13 38 29 17 11 26 16 24 13 12 11 14 8 0 4 13 27 4 15 19 21 19 12 10 17
10 8 12 28 7 19 3 1 25 19 5 15 25 12 12 10 2 33 11 21 16 34 16 20 14 21 9 38 25 13 15 24 14 24 13 16 14 13 7 4 0 13 28 8 11 19 17 23 8 11 21
14 20 8 23 17 21 16 13 15 31 8 28 26 5 12 23 11 21 24 11 29 23 29 7 24 16 14 25 26 26 17 19 11 11 26 15 23 5 20 13 13 0 15 15 24 6 23 19 21 23 13
26 34 20 29 31 31 31 28 14 45 23 43 35 17 24 38 26 13 39 12 44 17 44 9 37 23 28 11 35 41 28 26 22 7 40 23 35 17 35 27 28 15 0 28 39 9 35 22 35 37 16
2 16 8 33 3 11 11 7 20 17 9 17 33 11 5 14 9 36 13 18 17 38 18 22 9 26 17 39 33 18 7 29 19 26 12 9 8 17 9 4 8 15 28 0 16 21 25 16 16 9 15
18 5 23 32 13 26 8 12 36 14 16 8 24 23 21 2 13 40 5 32 9 40 7 30 15 25 12 47 24 2 23 28 19 34 9 25 19 22 7 15 11 24 39 16 0 30 15 32 4 11 31
19 25 13 23 23 26 22 19 15 37 14 34 27 10 17 29 17 15 30 11 35 17 35 1 30 16 19 19 27 32 22 19 13 5 32 19 28 8 26 19 19 6 9 21 30 0 26 20 26 29 14
27 10 27 19 24 36 14 18 38 28 18 22 9 26 29 15 17 33 19 34 23 31 22 26 27 15 9 41 9 16 32 15 13 28 23 33 31 19 19 21 17 23 35 25 15 26 0 39 11 23 35
14 31 12 42 19 12 26 22 9 33 21 33 44 14 11 30 23 34 29 10 33 37 34 21 24 35 30 33 44 34 12 38 29 24 28 7 21 23 25 19 23 19 22 16 32 20 39 0 31 25 6
18 1 20 28 14 27 5 9 33 17 13 11 20 20 20 4 10 36 8 29 12 36 11 26 16 21 8 43 20 6 23 24 15 30 12 24 20 18 8 12 8 21 35 16 4 26 11 31 0 12 29
11 13 17 37 6 17 10 10 29 8 15 8 32 20 14 9 12 43 6 27 8 44 10 30 4 30 17 48 32 13 15 33 24 34 3 18 8 23 4 10 11 23 37 9 11 29 23 25 12 0 24
13 29 9 36 18 16 24 20 5 32 17 32 39 9 10 29 20 28 28 4 32 31 33 15 24 29 26 27 39 33 13 32 24 18 27 8 22 18 24 17 21 13 16 15 31 14 35 6 29 24 0
0 573
546 546
502 502
137 137
319 319
212 212
415 415
298 298
48 48
461 461
542 542
479 479
77 77
572 572
460 460
437 437
183 183
387 387
527 527
392 392
198 198
255 255
408 408
237 237
269 269
349 349
507 507
349 349
286 286
248 248
487 487
247 247
106 106
9 9
562 562
15 15
510 510
308 308
121 121
4 4
371 371
155 155
92 92
93 93
465 465
26 26
377 377
14 14
111 111
513 513
243 243
0
67
75
24
61
61
32
85
81
23
13
26
43
55
52
52
75
24
56
11
63
29
65
81
31
62
57
43
41
38
67
41
57
59
29
52
47
15
75
36
54
49
18
50
52
55
61
78
55
53
69
