51
1627
0 28 20 15 19 18 5 30 11 13 15 27 8 22 16 11 12 29 44 2 19 27 19 16 24 8 2 11 11 26 22 25 32 22 16 27 25 29 26 22 19 17 28 13 13 28 9 15 42 28 6
28 0 39 19 22 24 26 17 30 33 19 7 29 17 19 39 17 5 20 26 13 27 33 28 26 32 26 17 30 4 41 9 4 18 21 7 12 17 20 20 26 13 15 35 15 31 28 27 18 15 29
20 39 0 34 38 37 25 48 31 33 34 43 28 23 35 23 30 37 48 21 37 20 6 11 43 12 21 29 31 36 2 43 43 41 35 43 43 29 45 41 14 26 30 7 30 19 29 12 46 46 26
15 19 34 0 4 5 12 15 11 14 0 14 12 23 1 24 5 23 38 13 6 33 30 25 9 22 13 6 11 20 36 12 21 7 2 14 11 29 11 7 27 17 28 27 7 37 11 24 36 13 14
19 22 38 4 0 4 15 12 13 16 4 15 14 27 3 26 9 27 42 17 9 37 34 29 5 26 17 10 13 24 40 13 22 5 4 15 11 33 7 3 31 21 32 31 11 41 13 28 40 11 16
18 24 37 5 4 0 13 16 9 12 5 19 10 28 5 22 10 28 43 16 11 38 35 30 6 25 16 11 9 25 39 17 26 9 3 19 15 34 11 7 32 22 33 30 12 42 9 29 41 15 12
5 26 25 12 15 13 0 27 6 8 12 25 3 24 13 13 10 29 44 4 17 30 23 19 19 13 4 9 6 26 27 23 30 19 11 25 23 31 22 18 22 19 30 18 11 31 4 18 42 25 3
30 17 48 15 12 16 27 0 25 28 15 10 26 32 14 38 18 22 37 28 11 42 42 37 13 37 28 19 25 21 50 8 17 8 16 10 5 34 6 9 38 25 32 42 18 46 25 36 35 2 28
11 30 31 11 13 9 6 25 0 3 11 25 3 30 11 15 13 33 48 10 17 36 29 25 14 19 10 13 0 30 33 23 32 17 9 25 22 36 20 16 28 24 35 24 15 37 2 24 46 23 5
13 33 33 14 16 12 8 28 3 0 14 28 5 32 14 13 16 36 51 12 20 38 31 27 17 21 12 16 3 33 35 26 35 20 12 28 25 39 23 19 30 27 38 26 18 39 5 26 49 26 7
15 19 34 0 4 5 12 15 11 14 0 14 12 23 1 24 5 23 38 13 6 33 30 25 9 22 13 6 11 20 36 12 21 7 2 14 11 29 11 7 27 17 28 27 7 37 11 24 36 13 14
27 7 43 14 15 19 25 10 25 28 14 0 26 23 14 38 15 12 27 25 8 33 37 32 19 33 25 16 25 11 45 2 7 11 16 0 5 24 13 13 30 17 22 38 14 37 25 31 25 8 28
8 29 28 12 14 10 3 26 3 5 12 26 0 27 12 12 12 32 47 7 18 33 26 22 16 16 7 12 3 29 30 24 33 18 10 26 23 34 21 17 25 22 33 21 14 34 1 21 45 24 2
22 17 23 23 27 28 24 32 30 32 23 23 27 0 24 33 18 14 25 20 22 10 17 12 32 21 20 18 30 13 25 24 21 29 25 23 27 7 33 30 9 7 7 22 16 14 28 12 23 30 27
16 19 35 1 3 5 13 14 11 14 1 14 12 24 0 24 6 24 39 14 6 34 31 26 8 23 14 7 11 21 37 12 21 6 2 14 11 30 10 6 28 18 29 28 8 38 11 25 37 12 14
11 39 23 24 26 22 13 38 15 13 24 38 12 33 24 0 23 40 55 13 30 35 24 24 28 13 13 22 15 37 24 36 43 30 22 38 35 40 33 29 27 28 39 16 24 36 13 23 53 36 10
12 17 30 5 9 10 10 18 13 16 5 15 12 18 6 23 0 20 35 10 7 28 25 20 14 19 10 1 13 17 32 13 21 12 7 15 13 24 16 12 22 12 23 24 2 32 11 19 33 16 13
29 5 37 23 27 28 29 22 33 36 23 12 32 14 24 40 20 0 15 27 18 23 31 26 31 33 27 20 33 3 39 14 8 23 25 12 17 13 25 25 23 13 11 35 18 27 31 26 13 20 32
44 20 48 38 42 43 44 37 48 51 38 27 47 25 39 55 35 15 0 42 33 30 42 37 46 46 42 35 48 18 50 29 20 38 40 27 32 19 40 40 34 27 18 47 33 33 46 37 2 35 47
2 26 21 13 17 16 4 28 10 12 13 25 7 20 14 13 10 27 42 0 17 26 19 15 22 9 0 9 10 24 23 23 30 20 14 25 23 27 24 20 18 15 26 14 11 27 8 14 40 26 7
19 13 37 6 9 11 17 11 17 20 6 8 18 22 6 30 7 18 33 17 0 32 31 26 14 26 17 8 17 15 39 6 15 7 8 8 6 26 11 9 27 15 24 31 7 36 17 25 31 9 20
27 27 20 33 37 38 30 42 36 38 33 33 33 10 34 35 28 23 30 26 32 0 14 11 42 22 26 27 36 23 21 34 31 39 35 33 37 11 43 40 8 17 13 21 26 4 34 12 28 40 33
19 33 6 30 34 35 23 42 29 31 30 37 26 17 31 24 25 31 42 19 31 14 0 5 39 12 19 24 29 30 8 37 37 37 32 37 37 23 41 37 8 20 24 8 24 13 27 6 40 40 25
16 28 11 25 29 30 19 37 25 27 25 32 22 12 26 24 20 26 37 15 26 11 5 0 34 11 15 19 25 25 13 32 32 32 27 32 32 18 36 32 3 15 19 10 19 12 23 1 35 35 22
24 26 43 9 5 6 19 13 14 17 9 19 16 32 8 28 14 31 46 22 14 42 39 34 0 31 22 15 14 29 45 17 26 8 9 19 14 38 7 6 36 26 37 36 16 46 15 33 44 13 18
8 32 12 22 26 25 13 37 19 21 22 33 16 21 23 13 19 33 46 9 26 22 12 11 31 0 9 18 19 30 14 32 36 29 23 33 32 28 33 29 14 20 28 5 19 23 17 10 44 35 14
2 26 21 13 17 16 4 28 10 12 13 25 7 20 14 13 10 27 42 0 17 26 19 15 22 9 0 9 10 24 23 23 30 20 14 25 23 27 24 20 18 15 26 14 11 27 8 14 40 26 7
11 17 29 6 10 11 9 19 13 16 6 16 12 18 7 22 1 20 35 9 8 27 24 19 15 18 9 0 13 17 31 14 21 13 8 16 14 23 17 13 21 11 22 23 2 31 11 18 33 17 12
11 30 31 11 13 9 6 25 0 3 11 25 3 30 11 15 13 33 48 10 17 36 29 25 14 19 10 13 0 30 33 23 32 17 9 25 22 36 20 16 28 24 35 24 15 37 2 24 46 23 5
26 4 36 20 24 25 26 21 30 33 20 11 29 13 21 37 17 3 18 24 15 23 30 25 29 30 24 17 30 0 38 13 8 21 22 11 16 13 24 23 22 10 11 32 15 27 28 24 16 19 29
22 41 2 36 40 39 27 50 33 35 36 45 30 25 37 24 32 39 50 23 39 21 8 13 45 14 23 31 33 38 0 45 45 43 37 45 45 31 47 43 16 28 32 9 32 19 31 14 48 48 28
25 9 43 12 13 17 23 8 23 26 12 2 24 24 12 36 13 14 29 23 6 34 37 32 17 32 23 14 23 13 45 0 9 9 14 2 3 26 11 11 31 18 24 37 13 38 23 31 27 6 26
32 4 43 21 22 26 30 17 32 35 21 7 33 21 21 43 21 8 20 30 15 31 37 32 26 36 30 21 32 8 45 9 0 18 23 7 12 21 20 20 30 17 19 39 19 35 32 31 18 15 33
22 18 41 7 5 9 19 8 17 20 7 11 18 29 6 30 12 23 38 20 7 39 37 32 8 29 20 13 17 21 43 9 18 0 8 11 6 33 4 2 33 22 31 34 13 43 17 31 36 6 20
16 21 35 2 4 3 11 16 9 12 2 16 10 25 2 22 7 25 40 14 8 35 32 27 9 23 14 8 9 22 37 14 23 8 0 16 13 31 11 7 29 19 30 28 9 39 9 26 38 14 12
27 7 43 14 15 19 25 10 25 28 14 0 26 23 14 38 15 12 27 25 8 33 37 32 19 33 25 16 25 11 45 2 7 11 16 0 5 24 13 13 30 17 22 38 14 37 25 31 25 8 28
25 12 43 11 11 15 23 5 22 25 11 5 23 27 11 35 13 17 32 23 6 37 37 32 14 32 23 14 22 16 45 3 12 6 13 5 0 29 8 8 33 20 27 37 13 41 22 31 30 3 25
29 17 29 29 33 34 31 34 36 39 29 24 34 7 30 40 24 13 19 27 26 11 23 18 38 28 27 23 36 13 31 26 21 33 31 24 29 0 37 35 15 12 2 28 22 15 34 18 17 32 34
26 20 45 11 7 11 22 6 20 23 11 13 21 33 10 33 16 25 40 24 11 43 41 36 7 33 24 17 20 24 47 11 20 4 11 13 8 37 0 4 37 26 35 38 17 47 20 35 38 6 23
22 20 41 7 3 7 18 9 16 19 7 13 17 30 6 29 12 25 40 20 9 40 37 32 6 29 20 13 16 23 43 11 20 2 7 13 8 35 4 0 34 23 33 34 14 44 16 31 38 8 19
19 26 14 27 31 32 22 38 28 30 27 30 25 9 28 27 22 23 34 18 27 8 8 3 36 14 18 21 28 22 16 31 30 33 29 30 33 15 37 34 0 13 16 13 20 10 26 4 32 36 25
17 13 26 17 21 22 19 25 24 27 17 17 22 7 18 28 12 13 27 15 15 17 20 15 26 20 15 11 24 10 28 18 17 22 19 17 20 12 26 23 13 0 11 22 10 21 22 14 25 23 22
28 15 30 28 32 33 30 32 35 38 28 22 33 7 29 39 23 11 18 26 24 13 24 19 37 28 26 22 35 11 32 24 19 31 30 22 27 2 35 33 16 11 0 29 21 17 33 19 16 30 33
13 35 7 27 31 30 18 42 24 26 27 38 21 22 28 16 24 35 47 14 31 21 8 10 36 5 14 23 24 32 9 37 39 34 28 38 37 28 38 34 13 22 29 0 24 21 22 10 45 40 19
13 15 30 7 11 12 11 18 15 18 7 14 14 16 8 24 2 18 33 11 7 26 24 19 16 19 11 2 15 15 32 13 19 13 9 14 13 22 17 14 20 10 21 24 0 30 13 18 31 16 14
28 31 19 37 41 42 31 46 37 39 37 37 34 14 38 36 32 27 33 27 36 4 13 12 46 23 27 31 37 27 19 38 35 43 39 37 41 15 47 44 10 21 17 21 30 0 35 13 32 44 34
9 28 29 11 13 9 4 25 2 5 11 25 1 28 11 13 11 31 46 8 17 34 27 23 15 17 8 11 2 28 31 23 32 17 9 25 22 34 20 16 26 22 33 22 13 35 0 22 44 23 3
15 27 12 24 28 29 18 36 24 26 24 31 21 12 25 23 19 26 37 14 25 12 6 1 33 10 14 18 24 24 14 31 31 31 26 31 31 18 35 31 4 14 19 10 18 13 22 0 35 34 21
42 18 46 36 40 41 42 35 46 49 36 25 45 23 37 53 33 13 2 40 31 28 40 35 44 44 40 33 46 16 48 27 18 36 38 25 30 17 38 38 32 25 16 45 31 32 44 35 0 33 45
28 15 46 13 11 15 25 2 23 26 13 8 24 30 12 36 16 20 35 26 9 40 40 35 13 35 26 17 23 19 48 6 15 6 14 8 3 32 6 8 36 23 30 40 16 44 23 34 33 0 26
6 29 26 14 16 12 3 28 5 7 14 28 2 27 14 10 13 32 47 7 20 33 25 22 18 14 7 12 5 29 28 26 33 20 12 28 25 34 23 19 25 22 33 19 14 34 3 21 45 26 0
0 737
156 303
382 529
461 608
155 302
389 536
495 642
247 394
170 317
424 571
377 524
136 283
311 458
581 728
421 568
137 284
538 685
204 351
417 564
584 731
495 642
522 669
547 694
226 373
493 640
526 673
188 335
407 554
139 286
91 238
559 706
196 343
274 421
225 372
139 286
45 192
64 211
15 162
588 735
161 308
388 535
579 726
380 527
74 221
208 355
319 466
211 358
157 304
556 703
134 281
585 732
0
31
52
83
79
47
42
43
35
48
82
57
70
69
24
30
44
46
40
48
18
45
14
57
49
62
37
49
59
39
46
37
46
47
87
60
42
49
74
78
53
27
34
44
50
56
51
70
75
47
30
