51
1624
0 29 30 12 12 25 17 15 20 14 20 14 25 15 25 12 27 16 13 20 11 25 25 15 18 10 18 16 3 4 26 20 18 6 10 11 13 15 25 20 14 5 25 22 12 24 21 19 15 13 15
29 0 1 32 19 25 41 37 44 32 18 39 54 19 49 38 37 43 39 29 31 31 38 42 22 36 45 25 30 26 43 26 43 28 29 19 17 40 49 27 15 31 41 8 41 50 8 19 26 37 44
30 1 0 33 20 24 41 38 44 33 17 39 54 20 49 39 36 44 39 28 31 30 39 43 23 36 46 26 30 26 44 27 44 28 29 19 17 40 49 28 16 31 40 8 41 50 9 18 26 38 44
12 32 33 0 13 36 29 5 32 2 29 26 30 13 35 9 39 14 21 32 23 37 13 13 11 20 13 8 15 16 14 12 11 18 22 19 21 27 36 11 17 17 37 27 19 32 24 29 27 5 21
12 19 20 13 0 26 29 18 32 13 19 26 37 3 37 19 33 24 25 25 20 30 23 23 7 22 26 9 15 11 26 11 24 15 18 9 11 27 37 12 4 17 33 14 24 36 11 19 20 18 27
25 25 24 36 26 0 25 40 28 37 8 25 44 28 33 36 13 40 29 8 18 6 48 39 32 26 42 35 23 21 50 36 42 19 16 17 15 26 33 37 22 22 19 18 31 37 24 7 10 38 34
17 41 41 29 29 25 0 30 3 31 25 3 21 32 8 24 17 25 10 17 10 21 42 24 35 10 27 33 14 18 41 37 30 14 12 23 24 3 8 37 30 12 10 33 13 12 36 24 16 29 16
15 37 38 5 18 40 30 0 31 6 34 27 27 18 33 6 42 10 20 35 26 40 13 10 16 20 9 13 18 19 11 16 6 21 25 24 26 27 34 15 22 20 39 32 17 30 29 34 30 2 18
20 44 44 32 32 28 3 31 0 34 28 6 19 35 5 25 19 26 11 20 13 24 44 25 38 12 28 36 17 21 42 40 31 17 15 26 27 5 5 40 33 15 12 36 14 10 39 27 19 30 16
14 32 33 2 13 37 31 6 34 0 30 28 31 13 37 11 41 15 23 34 25 39 11 14 10 22 14 7 17 18 13 10 12 20 24 20 22 29 38 9 17 19 39 27 21 34 24 30 29 6 23
20 18 17 29 19 8 25 34 28 30 0 24 42 21 33 32 19 36 27 11 16 13 41 35 25 24 38 28 20 16 43 29 38 16 15 10 8 25 33 30 15 19 23 10 29 36 16 1 9 33 32
14 39 39 26 26 25 3 27 6 28 24 0 20 29 11 21 18 22 7 17 8 22 39 21 32 7 24 30 11 15 38 34 27 12 10 21 22 1 11 34 27 9 12 31 10 12 34 23 15 26 13
25 54 54 30 37 44 21 27 19 31 42 20 0 40 16 21 38 17 15 37 26 42 39 17 41 18 19 38 24 28 35 41 22 26 28 35 37 19 17 40 39 23 31 46 13 10 46 41 34 25 10
15 19 20 13 3 28 32 18 35 13 21 29 40 0 40 21 36 26 28 28 23 33 20 25 4 25 26 7 18 14 25 8 24 18 21 12 13 30 40 9 6 20 36 16 27 39 11 21 23 18 30
25 49 49 35 37 33 8 33 5 37 33 11 16 40 0 27 23 27 14 25 18 29 46 26 43 16 29 41 22 26 44 45 32 22 20 31 32 10 1 45 38 20 16 41 16 6 44 32 24 32 16
12 38 39 9 19 36 24 6 25 11 32 21 21 21 27 0 37 5 14 31 21 36 19 4 20 14 7 17 13 16 17 21 6 17 21 22 24 21 28 20 23 15 33 33 11 24 30 31 26 5 12
27 37 36 39 33 13 17 42 19 41 19 18 38 36 23 37 0 40 25 8 16 7 52 39 40 24 42 42 24 24 53 44 43 21 17 24 24 19 22 45 31 22 7 29 28 29 35 18 13 40 31
16 43 44 14 24 40 25 10 26 15 36 22 17 26 27 5 40 0 15 35 24 40 22 1 25 16 2 22 17 20 18 25 5 21 24 27 29 22 28 24 28 18 34 38 12 23 35 35 30 9 11
13 39 39 21 25 29 10 20 11 23 27 7 15 28 14 14 25 15 0 22 11 27 33 14 30 3 17 28 10 14 31 32 20 11 13 21 22 7 15 32 26 8 19 31 3 12 33 26 19 19 6
20 29 28 32 25 8 17 35 20 34 11 17 37 28 25 31 8 35 22 0 11 5 45 34 32 20 37 34 18 16 46 36 37 14 11 16 16 18 25 37 23 17 12 21 25 29 27 10 5 33 28
11 31 31 23 20 18 10 26 13 25 16 8 26 23 18 21 16 24 11 11 0 16 36 23 27 9 26 27 8 9 37 31 27 5 2 13 14 9 18 31 20 6 14 23 14 20 26 15 8 24 17
25 31 30 37 30 6 21 40 24 39 13 22 42 33 29 36 7 40 27 5 16 0 50 39 37 25 42 39 23 21 51 41 42 19 16 21 20 23 28 42 27 22 14 23 30 33 29 12 10 38 33
25 38 39 13 23 48 42 13 44 11 41 39 39 20 46 19 52 22 33 45 36 50 0 22 16 33 20 14 28 29 5 12 17 31 35 31 33 40 47 11 26 30 50 36 30 43 30 41 40 15 31
15 42 43 13 23 39 24 10 25 14 35 21 17 25 26 4 39 1 14 34 23 39 22 0 24 15 3 21 16 19 19 24 6 20 23 26 28 21 27 23 27 17 33 37 11 22 34 34 29 8 10
18 22 23 11 7 32 35 16 38 10 25 32 41 4 43 20 40 25 30 32 27 37 16 24 0 28 24 3 21 18 21 4 22 22 25 16 17 33 43 5 10 23 40 20 29 42 14 25 27 16 31
10 36 36 20 22 26 10 20 12 22 24 7 18 25 16 14 24 16 3 20 9 25 33 15 28 0 18 26 7 11 31 30 20 8 10 18 19 7 16 30 23 5 19 28 5 14 30 23 16 19 8
18 45 46 13 26 42 27 9 28 14 38 24 19 26 29 7 42 2 17 37 26 42 20 3 24 18 0 21 19 22 16 24 3 23 26 29 31 24 30 23 30 20 36 40 14 25 37 37 32 8 13
16 25 26 8 9 35 33 13 36 7 28 30 38 7 41 17 42 22 28 34 27 39 14 21 3 26 21 0 19 18 18 4 19 22 25 18 20 31 41 4 13 21 40 23 27 40 17 28 29 13 29
3 30 30 15 15 23 14 18 17 17 20 11 24 18 22 13 24 17 10 18 8 23 28 16 21 7 19 19 0 4 29 23 19 4 8 11 13 12 22 23 16 2 22 22 11 21 23 19 13 16 14
4 26 26 16 11 21 18 19 21 18 16 15 28 14 26 16 24 20 14 16 9 21 29 19 18 11 22 18 4 0 30 22 22 4 7 7 9 16 26 22 12 6 22 18 15 25 19 15 11 17 18
26 43 44 14 26 50 41 11 42 13 43 38 35 25 44 17 53 18 31 46 37 51 5 19 21 31 16 18 29 30 0 17 13 32 36 33 35 38 45 16 30 31 50 40 28 41 35 43 41 13 29
20 26 27 12 11 36 37 16 40 10 29 34 41 8 45 21 44 25 32 36 31 41 12 24 4 30 24 4 23 22 17 0 22 26 29 20 21 35 45 1 14 25 44 24 31 44 18 29 31 16 33
18 43 44 11 24 42 30 6 31 12 38 27 22 24 32 6 43 5 20 37 27 42 17 6 22 20 3 19 19 22 13 22 0 23 27 28 30 27 33 21 28 21 39 38 17 28 35 37 32 6 16
6 28 28 18 15 19 14 21 17 20 16 12 26 18 22 17 21 21 11 14 5 19 31 20 22 8 23 22 4 4 32 26 23 0 4 10 11 12 22 26 16 3 19 20 13 22 23 15 9 19 16
10 29 29 22 18 16 12 25 15 24 15 10 28 21 20 21 17 24 13 11 2 16 35 23 25 10 26 25 8 7 36 29 27 4 0 11 12 11 20 29 18 6 15 21 15 22 24 14 6 23 18
11 19 19 19 9 17 23 24 26 20 10 21 35 12 31 22 24 27 21 16 13 21 31 26 16 18 29 18 11 7 33 20 28 10 11 0 2 22 31 21 7 13 26 11 22 32 13 10 11 23 25
13 17 17 21 11 15 24 26 27 22 8 22 37 13 32 24 24 29 22 16 14 20 33 28 17 19 31 20 13 9 35 21 30 11 12 2 0 23 32 22 7 14 26 9 24 33 12 8 11 25 27
15 40 40 27 27 26 3 27 5 29 25 1 19 30 10 21 19 22 7 18 9 23 40 21 33 7 24 31 12 16 38 35 27 12 11 22 23 0 10 35 28 10 13 32 10 11 35 24 16 26 13
25 49 49 36 37 33 8 34 5 38 33 11 17 40 1 28 22 28 15 25 18 28 47 27 43 16 30 41 22 26 45 45 33 22 20 31 32 10 0 45 38 20 15 41 17 7 44 32 24 33 17
20 27 28 11 12 37 37 15 40 9 30 34 40 9 45 20 45 24 32 37 31 42 11 23 5 30 23 4 23 22 16 1 21 26 29 21 22 35 45 0 15 25 44 25 30 43 19 30 32 15 32
14 15 16 17 4 22 30 22 33 17 15 27 39 6 38 23 31 28 26 23 20 27 26 27 10 23 30 13 16 12 30 14 28 16 18 7 7 28 38 15 0 18 33 10 26 37 7 15 18 22 29
5 31 31 17 17 22 12 20 15 19 19 9 23 20 20 15 22 18 8 17 6 22 30 17 23 5 20 21 2 6 31 25 21 3 6 13 14 10 20 25 18 0 20 23 10 19 25 18 12 18 13
25 41 40 37 33 19 10 39 12 39 23 12 31 36 16 33 7 34 19 12 14 14 50 33 40 19 36 40 22 22 50 44 39 19 15 26 26 13 15 44 33 20 0 33 22 22 38 22 15 38 25
22 8 8 27 14 18 33 32 36 27 10 31 46 16 41 33 29 38 31 21 23 23 36 37 20 28 40 23 22 18 40 24 38 20 21 11 9 32 41 25 10 23 33 0 33 42 6 11 18 32 36
12 41 41 19 24 31 13 17 14 21 29 10 13 27 16 11 28 12 3 25 14 30 30 11 29 5 14 27 11 15 28 31 17 13 15 22 24 10 17 30 26 10 22 33 0 13 33 28 21 16 3
24 50 50 32 36 37 12 30 10 34 36 12 10 39 6 24 29 23 12 29 20 33 43 22 42 14 25 40 21 25 41 44 28 22 22 32 33 11 7 43 37 19 22 42 13 0 44 35 27 29 12
21 8 9 24 11 24 36 29 39 24 16 34 46 11 44 30 35 35 33 27 26 29 30 34 14 30 37 17 23 19 35 18 35 23 24 13 12 35 44 19 7 25 38 6 33 44 0 17 23 29 36
19 19 18 29 19 7 24 34 27 30 1 23 41 21 32 31 18 35 26 10 15 12 41 34 25 23 37 28 19 15 43 29 37 15 14 10 8 24 32 30 15 18 22 11 28 35 17 0 8 32 31
15 26 26 27 20 10 16 30 19 29 9 15 34 23 24 26 13 30 19 5 8 10 40 29 27 16 32 29 13 11 41 31 32 9 6 11 11 16 24 32 18 12 15 18 21 27 23 8 0 28 24
13 37 38 5 18 38 29 2 30 6 33 26 25 18 32 5 40 9 19 33 24 38 15 8 16 19 8 13 16 17 13 16 6 19 23 23 25 26 33 15 22 18 38 32 16 29 29 32 28 0 17
15 44 44 21 27 34 16 18 16 23 32 13 10 30 16 12 31 11 6 28 17 33 31 10 31 8 13 29 14 18 29 33 16 16 18 25 27 13 17 32 29 13 25 36 3 12 36 31 24 17 0
0 792
572 572
38 38
291 291
258 258
611 611
393 393
341 341
481 481
676 676
734 734
701 701
774 774
25 25
570 570
382 382
425 425
750 750
77 77
338 338
559 559
357 357
120 120
91 91
678 678
575 575
264 264
77 77
767 767
629 629
397 397
457 457
422 422
234 234
773 773
730 730
157 157
677 677
665 665
397 397
524 524
333 333
429 429
302 302
700 700
478 478
103 103
240 240
745 745
488 488
66 66
0
28
55
48
14
75
86
84
43
27
66
33
72
92
47
88
81
46
18
60
38
52
51
31
12
38
69
36
38
57
28
56
29
43
44
34
35
31
47
87
56
85
25
50
69
33
19
58
81
28
75
