51
1623
0 24 24 31 42 21 36 10 9 28 5 31 18 13 20 37 6 27 11 29 16 13 31 41 7 38 43 20 29 22 17 38 30 26 33 34 21 18 16 33 16 32 39 37 23 12 11 22 17 12 38
24 0 25 16 19 22 12 16 22 4 19 30 12 24 5 29 20 3 29 20 17 12 17 20 17 17 19 10 29 27 25 32 24 26 13 19 28 23 29 17 17 26 27 15 25 17 18 18 25 13 17
24 25 0 39 30 37 29 15 15 27 21 7 13 33 20 52 18 27 34 42 31 17 40 43 19 25 42 30 5 3 7 53 45 2 21 18 6 35 38 18 9 47 50 25 40 13 27 7 36 24 25
31 16 39 0 29 16 22 28 33 15 26 45 26 24 19 13 29 15 30 6 16 24 1 11 25 30 18 11 44 41 39 16 11 41 27 33 42 20 27 31 31 11 11 28 17 30 21 33 22 19 30
42 19 30 29 0 39 7 32 36 15 37 31 24 42 22 42 36 16 47 35 34 29 30 24 35 6 17 27 33 33 35 45 40 30 9 14 36 40 47 13 27 40 38 5 42 31 37 23 42 31 6
21 22 37 16 39 0 32 22 25 24 17 44 25 9 21 16 21 23 15 11 6 20 15 27 18 39 34 12 42 37 33 17 9 39 35 40 37 4 11 38 28 11 20 37 3 24 10 33 6 13 39
36 12 29 22 7 32 0 27 33 8 31 31 20 35 16 35 31 9 41 28 27 23 23 19 29 8 13 20 33 32 33 38 33 30 9 15 35 33 40 13 25 33 32 6 35 27 30 22 35 25 8
10 16 15 28 32 22 27 0 6 20 6 22 8 18 11 37 4 19 19 28 16 4 28 35 4 28 35 17 20 15 11 38 30 17 23 24 15 20 23 23 6 32 38 27 25 2 12 12 21 9 28
9 22 15 33 36 25 33 6 0 26 8 22 13 20 17 41 4 25 20 33 20 10 33 41 8 32 41 22 20 13 8 42 34 17 27 27 12 23 25 27 9 36 43 31 28 6 15 15 24 14 32
28 4 27 15 15 24 8 20 26 0 23 32 16 27 9 28 24 1 33 20 19 16 16 16 21 15 15 12 31 30 29 31 25 28 12 18 32 25 32 16 21 26 26 13 27 21 22 20 27 17 15
5 19 21 26 37 17 31 6 8 23 0 28 13 12 15 33 4 22 13 25 12 8 26 36 2 33 38 15 26 21 16 34 26 23 28 29 20 15 17 28 12 28 35 32 20 8 7 18 16 7 33
31 30 7 45 31 44 31 22 22 32 28 0 20 40 26 58 25 32 41 48 38 24 46 48 26 25 44 36 2 9 14 59 51 5 22 17 11 42 45 18 16 53 56 26 47 20 34 12 43 31 25
18 12 13 26 24 25 20 8 13 16 13 20 0 24 7 39 12 15 26 29 19 6 27 31 11 20 31 17 18 15 13 40 32 15 15 16 16 25 29 15 5 34 37 19 28 7 18 8 27 12 20
13 24 33 24 42 9 35 18 20 27 12 40 24 0 21 25 16 26 6 20 8 18 23 35 14 40 39 15 38 33 28 26 18 35 35 40 32 5 5 38 24 20 29 38 10 20 6 30 4 12 40
20 5 20 19 22 21 16 11 17 9 15 26 7 21 0 32 15 8 25 22 15 7 20 24 13 19 24 10 25 22 20 33 25 22 14 19 23 21 26 17 12 27 30 17 24 12 15 14 23 9 19
37 29 52 13 42 16 35 37 41 28 33 58 39 25 32 0 37 28 31 10 21 35 12 20 33 43 28 22 57 52 48 4 7 54 40 46 52 20 27 44 43 5 5 41 15 39 26 46 22 28 43
6 20 18 29 36 21 31 4 4 24 4 25 12 16 15 37 0 23 17 29 16 8 29 39 4 32 39 18 23 17 12 38 30 20 27 28 16 19 21 27 10 32 39 31 24 6 11 16 20 10 32
27 3 27 15 16 23 9 19 25 1 22 32 15 26 8 28 23 0 32 19 18 15 16 17 20 16 16 11 31 30 28 31 24 28 13 19 31 24 31 17 20 25 26 14 26 20 21 20 26 16 16
11 29 34 30 47 15 41 19 20 33 13 41 26 6 25 31 17 32 0 26 14 21 29 41 15 44 45 21 39 33 28 32 24 36 39 42 32 11 5 41 25 26 35 42 16 21 11 31 9 16 44
29 20 42 6 35 11 28 28 33 20 25 48 29 20 22 10 29 19 26 0 13 25 5 17 25 35 24 12 47 43 39 12 5 44 32 38 43 15 22 36 33 6 10 33 11 30 18 36 17 19 35
16 17 31 16 34 6 27 16 20 19 12 38 19 8 15 21 16 18 14 13 0 14 16 27 12 34 31 7 36 31 27 22 14 33 29 34 31 6 13 32 22 16 23 32 9 18 5 27 8 7 34
13 12 17 24 29 20 23 4 10 16 8 24 6 18 7 35 8 15 21 25 14 0 24 31 6 25 31 13 22 18 15 36 28 19 20 22 19 20 23 21 8 30 34 24 23 6 12 13 21 7 25
31 17 40 1 30 15 23 28 33 16 26 46 27 23 20 12 29 16 29 5 16 24 0 12 25 31 19 11 45 42 39 15 10 42 28 34 43 19 26 32 32 10 10 29 16 30 21 34 21 19 31
41 20 43 11 24 27 19 35 41 16 36 48 31 35 24 20 39 17 41 17 27 31 12 0 35 27 8 21 47 46 44 24 22 44 27 33 47 31 38 31 36 21 15 25 28 36 31 36 33 29 27
7 17 19 25 35 18 29 4 8 21 2 26 11 14 13 33 4 20 15 25 12 6 25 35 0 31 36 14 24 19 15 34 26 21 26 27 19 16 19 26 10 28 35 30 21 6 8 16 17 6 31
38 17 25 30 6 39 8 28 32 15 33 25 20 40 19 43 32 16 44 35 34 25 31 27 31 0 21 27 27 28 31 46 40 25 5 8 31 40 45 7 23 41 40 2 42 27 34 19 42 28 0
43 19 42 18 17 34 13 35 41 15 38 44 31 39 24 28 39 16 45 24 31 31 19 8 36 21 0 24 46 45 44 32 29 43 22 28 47 37 44 26 36 29 23 19 35 36 35 35 39 32 21
20 10 30 11 27 12 20 17 22 12 15 36 17 15 10 22 18 11 21 12 7 13 11 21 14 27 24 0 35 31 28 23 15 32 23 29 32 13 20 27 21 17 21 25 15 19 11 24 15 8 27
29 29 5 44 33 42 33 20 20 31 26 2 18 38 25 57 23 31 39 47 36 22 45 47 24 27 46 35 0 7 12 58 50 3 24 19 9 40 43 20 14 52 55 28 45 18 32 11 41 29 27
22 27 3 41 33 37 32 15 13 30 21 9 15 33 22 52 17 30 33 43 31 18 42 46 19 28 45 31 7 0 5 53 45 5 24 21 3 35 38 21 10 47 52 28 40 13 27 10 36 24 28
17 25 7 39 35 33 33 11 8 29 16 14 13 28 20 48 12 28 28 39 27 15 39 44 15 31 44 28 12 5 0 49 41 9 26 24 4 31 33 24 8 43 49 30 36 9 23 12 32 20 31
38 32 53 16 45 17 38 38 42 31 34 59 40 26 33 4 38 31 32 12 22 36 15 24 34 46 32 23 58 53 49 0 8 55 43 49 53 21 28 47 44 6 9 44 16 40 27 47 23 29 46
30 24 45 11 40 9 33 30 34 25 26 51 32 18 25 7 30 24 24 5 14 28 10 22 26 40 29 15 50 45 41 8 0 47 37 43 45 13 20 41 36 2 11 38 8 32 19 39 15 21 40
26 26 2 41 30 39 30 17 17 28 23 5 15 35 22 54 20 28 36 44 33 19 42 44 21 25 43 32 3 5 9 55 47 0 21 17 8 37 40 18 11 49 52 25 42 15 29 8 38 26 25
33 13 21 27 9 35 9 23 27 12 28 22 15 35 14 40 27 13 39 32 29 20 28 27 26 5 22 23 24 24 26 43 37 21 0 6 27 35 40 4 18 38 38 4 38 22 29 14 37 23 5
34 19 18 33 14 40 15 24 27 18 29 17 16 40 19 46 28 19 42 38 34 22 34 33 27 8 28 29 19 21 24 49 43 17 6 0 24 40 45 2 18 44 44 9 43 22 34 12 42 28 8
21 28 6 42 36 37 35 15 12 32 20 11 16 32 23 52 16 31 32 43 31 19 43 47 19 31 47 32 9 3 4 53 45 8 27 24 0 35 37 24 11 47 53 31 40 13 27 13 36 24 31
18 23 35 20 40 4 33 20 23 25 15 42 25 5 21 20 19 24 11 15 6 20 19 31 16 40 37 13 40 35 31 21 13 37 35 40 35 0 7 38 26 15 24 38 5 22 8 32 2 13 40
16 29 38 27 47 11 40 23 25 32 17 45 29 5 26 27 21 31 5 22 13 23 26 38 19 45 44 20 43 38 33 28 20 40 40 45 37 7 0 43 29 22 31 43 12 25 11 35 5 17 45
33 17 18 31 13 38 13 23 27 16 28 18 15 38 17 44 27 17 41 36 32 21 32 31 26 7 26 27 20 21 24 47 41 18 4 2 24 38 43 0 18 42 42 8 41 22 32 12 40 26 7
16 17 9 31 27 28 25 6 9 21 12 16 5 24 12 43 10 20 25 33 22 8 32 36 10 23 36 21 14 10 8 44 36 11 18 18 11 26 29 18 0 38 42 22 31 4 18 6 27 15 23
32 26 47 11 40 11 33 32 36 26 28 53 34 20 27 5 32 25 26 6 16 30 10 21 28 41 29 17 52 47 43 6 2 49 38 44 47 15 22 42 38 0 9 39 10 34 21 41 17 23 41
39 27 50 11 38 20 32 38 43 26 35 56 37 29 30 5 39 26 35 10 23 34 10 15 35 40 23 21 55 52 49 9 11 52 38 44 53 24 31 42 42 9 0 38 19 40 28 44 26 29 40
37 15 25 28 5 37 6 27 31 13 32 26 19 38 17 41 31 14 42 33 32 24 29 25 30 2 19 25 28 28 30 44 38 25 4 9 31 38 43 8 22 39 38 0 40 26 32 18 40 26 2
23 25 40 17 42 3 35 25 28 27 20 47 28 10 24 15 24 26 16 11 9 23 16 28 21 42 35 15 45 40 36 16 8 42 38 43 40 5 12 41 31 10 19 40 0 27 13 36 7 16 42
12 17 13 30 31 24 27 2 6 21 8 20 7 20 12 39 6 20 21 30 18 6 30 36 6 27 36 19 18 13 9 40 32 15 22 22 13 22 25 22 4 34 40 26 27 0 14 10 23 11 27
11 18 27 21 37 10 30 12 15 22 7 34 18 6 15 26 11 21 11 18 5 12 21 31 8 34 35 11 32 27 23 27 19 29 29 34 27 8 11 32 18 21 28 32 13 14 0 24 9 6 34
22 18 7 33 23 33 22 12 15 20 18 12 8 30 14 46 16 20 31 36 27 13 34 36 16 19 35 24 11 10 12 47 39 8 14 12 13 32 35 12 6 41 44 18 36 10 24 0 33 20 19
17 25 36 22 42 6 35 21 24 27 16 43 27 4 23 22 20 26 9 17 8 21 21 33 17 42 39 15 41 36 32 23 15 38 37 42 36 2 5 40 27 17 26 40 7 23 9 33 0 15 42
12 13 24 19 31 13 25 9 14 17 7 31 12 12 9 28 10 16 16 19 7 7 19 29 6 28 32 8 29 24 20 29 21 26 23 28 24 13 17 26 15 23 29 26 16 11 6 20 15 0 28
38 17 25 30 6 39 8 28 32 15 33 25 20 40 19 43 32 16 44 35 34 25 31 27 31 0 21 27 27 28 31 46 40 25 5 8 31 40 45 7 23 41 40 2 42 27 34 19 42 28 0
0 628
203 454
62 313
219 470
168 419
341 592
309 560
222 473
273 524
79 330
236 487
140 391
22 273
179 430
247 498
99 350
33 284
204 455
183 434
196 447
373 624
264 515
321 572
124 375
273 524
142 393
346 597
372 623
204 455
5 256
79 330
340 591
373 624
17 268
357 608
235 486
21 272
274 525
68 319
34 285
149 400
84 335
67 318
318 569
231 482
102 353
16 267
58 309
130 381
175 426
98 349
0
52
63
39
53
46
22
29
61
45
32
49
28
75
66
54
32
88
27
20
24
66
46
69
73
13
82
77
33
41
62
60
25
54
62
21
71
49
58
52
13
64
56
64
83
56
72
35
51
44
39
