51
1628
0 19 24 18 10 12 15 30 6 7 25 23 14 16 15 36 10 25 26 6 13 11 8 13 29 22 32 30 22 27 7 12 21 11 21 32 10 29 8 36 29 33 17 36 12 11 16 9 15 8 21
19 0 43 33 9 21 32 42 14 22 41 39 30 35 9 53 9 44 31 21 13 26 23 21 47 39 48 46 38 45 18 27 37 10 2 44 27 45 21 53 41 49 29 53 19 24 28 24 30 11 39
24 43 0 11 34 30 11 35 29 21 14 18 19 8 38 14 34 1 41 25 36 25 24 31 6 5 18 24 18 7 26 23 14 35 45 37 20 12 23 14 38 19 30 14 32 28 29 19 20 32 5
18 33 11 0 24 27 3 39 19 11 21 24 19 8 28 25 24 12 40 21 31 22 21 28 17 6 28 31 23 17 16 21 19 25 35 41 17 22 13 25 40 29 29 25 28 25 28 9 20 22 11
10 9 34 24 0 17 23 38 5 13 34 32 23 26 5 45 0 35 30 14 12 19 16 17 38 30 41 39 31 36 9 20 30 2 11 40 20 38 12 45 37 42 25 45 15 19 24 15 23 2 30
12 21 30 27 17 0 24 21 17 19 23 20 12 22 22 35 17 30 14 6 8 6 6 1 31 30 29 26 19 29 19 8 19 19 21 23 10 27 20 35 20 30 8 35 2 3 7 20 11 17 25
15 32 11 3 23 24 0 36 18 10 18 21 16 5 27 24 23 12 37 18 28 19 18 25 17 7 26 28 20 15 15 18 16 24 34 38 14 20 12 24 37 26 26 24 25 22 25 8 17 21 9
30 42 35 39 38 21 36 0 36 37 22 17 20 32 43 32 38 35 16 24 29 20 23 21 32 39 21 14 17 30 37 20 21 40 42 2 24 26 38 31 4 22 13 31 23 19 14 36 19 37 31
6 14 29 19 5 17 18 36 0 8 31 29 20 21 10 41 5 30 31 12 15 17 14 18 34 25 38 36 28 32 4 18 27 6 16 38 16 34 7 41 35 39 23 41 16 17 22 10 21 3 26
7 22 21 11 13 19 10 37 8 0 25 26 17 13 17 33 13 22 33 13 20 17 14 20 26 17 32 33 25 24 5 17 21 14 24 39 13 28 2 33 36 33 24 33 19 18 23 2 18 11 18
25 41 14 21 34 23 18 22 31 25 0 5 11 13 39 12 34 14 31 20 31 17 18 24 10 18 8 10 5 8 29 15 4 36 42 24 15 4 27 12 25 8 19 12 25 20 20 23 12 33 10
23 39 18 24 32 20 21 17 29 26 5 0 9 16 37 17 32 19 27 18 28 14 16 21 15 23 9 7 1 13 29 12 5 34 40 19 13 9 28 17 20 10 15 17 22 17 16 25 9 31 15
14 30 19 19 23 12 16 20 20 17 11 9 0 12 28 23 23 19 22 9 20 6 7 13 19 20 18 16 8 17 20 4 7 25 31 22 4 15 19 23 21 19 11 23 14 9 10 16 1 22 14
16 35 8 8 26 22 5 32 21 13 13 16 12 0 30 20 26 9 34 17 28 17 16 23 13 8 21 23 15 11 18 15 11 27 37 34 12 15 15 20 33 21 23 20 24 20 22 11 13 24 5
15 9 38 28 5 22 27 43 10 17 39 37 28 30 0 50 5 39 35 19 17 24 21 22 43 34 46 44 36 41 12 25 35 4 11 45 25 43 15 50 42 47 30 50 20 24 29 19 28 7 35
36 53 14 25 45 35 24 32 41 33 12 17 23 20 50 0 45 13 43 32 43 29 30 36 8 19 11 18 17 9 38 27 16 46 54 33 27 8 35 1 36 10 31 1 37 32 32 31 24 43 15
10 9 34 24 0 17 23 38 5 13 34 32 23 26 5 45 0 35 30 14 12 19 16 17 38 30 41 39 31 36 9 20 30 2 11 40 20 38 12 45 37 42 25 45 15 19 24 15 23 2 30
25 44 1 12 35 30 12 35 30 22 14 19 19 9 39 13 35 0 41 26 37 25 24 31 5 6 17 23 18 6 27 23 14 36 46 37 20 11 24 13 38 18 30 13 32 28 29 20 20 33 5
26 31 41 40 30 14 37 16 31 33 31 27 22 34 35 43 30 41 0 20 18 18 20 13 41 42 35 29 26 39 33 19 29 32 29 17 23 35 34 43 13 36 12 43 15 16 12 34 21 30 36
6 21 25 21 14 6 18 24 12 13 20 18 9 17 19 32 14 26 20 0 11 5 2 7 27 25 27 25 17 25 13 6 16 16 22 26 6 24 14 32 23 28 11 32 7 5 10 14 9 13 21
13 13 36 31 12 8 28 29 15 20 31 28 20 28 17 43 12 37 18 11 0 14 13 8 38 35 37 34 27 36 18 16 27 14 13 31 17 35 21 43 28 38 16 43 6 11 15 22 19 13 32
11 26 25 22 19 6 19 20 17 17 17 14 6 17 24 29 19 25 18 5 14 0 3 7 25 25 23 20 13 23 18 2 13 21 27 22 5 21 18 29 19 24 7 29 8 3 6 17 5 18 20
8 23 24 21 16 6 18 23 14 14 18 16 7 16 21 30 16 24 20 2 13 3 0 7 25 24 25 23 15 23 15 4 14 18 24 25 4 22 15 30 22 26 10 30 8 4 9 14 7 15 19
13 21 31 28 17 1 25 21 18 20 24 21 13 23 22 36 17 31 13 7 8 7 7 0 32 31 30 26 20 30 20 9 20 19 21 23 11 28 21 36 20 31 8 36 2 4 7 21 12 17 26
29 47 6 17 38 31 17 32 34 26 10 15 19 13 43 8 38 5 41 27 38 25 25 32 0 11 13 19 15 2 31 23 12 39 49 34 21 7 28 8 35 13 29 8 33 28 29 24 20 36 8
22 39 5 6 30 30 7 39 25 17 18 23 20 8 34 19 30 6 42 25 35 25 24 31 11 0 23 28 22 12 22 23 18 31 41 41 20 17 19 19 41 24 31 19 32 28 30 15 21 28 8
32 48 18 28 41 29 26 21 38 32 8 9 18 21 46 11 41 17 35 27 37 23 25 30 13 23 0 7 10 11 37 21 11 43 49 22 22 6 34 10 25 1 24 10 31 26 25 31 18 40 17
30 46 24 31 39 26 28 14 36 33 10 7 16 23 44 18 39 23 29 25 34 20 23 26 19 28 7 0 8 17 36 19 12 41 47 15 20 12 35 17 18 8 18 17 28 23 19 32 16 38 20
22 38 18 23 31 19 20 17 28 25 5 1 8 15 36 17 31 18 26 17 27 13 15 20 15 22 10 8 0 13 28 11 4 33 39 19 12 9 27 17 20 11 14 17 21 16 15 24 8 30 14
27 45 7 17 36 29 15 30 32 24 8 13 17 11 41 9 36 6 39 25 36 23 23 30 2 12 11 17 13 0 29 21 10 37 47 32 19 5 26 9 33 12 27 9 31 26 27 22 18 34 6
7 18 26 16 9 19 15 37 4 5 29 29 20 18 12 38 9 27 33 13 18 18 15 20 31 22 37 36 28 29 0 19 26 9 20 39 16 33 3 38 36 37 24 38 19 18 23 7 21 7 23
12 27 23 21 20 8 18 20 18 17 15 12 4 15 25 27 20 23 19 6 16 2 4 9 23 23 21 19 11 21 19 0 11 22 28 22 4 19 18 27 20 22 8 27 10 5 7 17 3 19 18
21 37 14 19 30 19 16 21 27 21 4 5 7 11 35 16 30 14 29 16 27 13 14 20 12 18 11 12 4 10 26 11 0 32 38 23 11 8 23 16 24 12 17 16 21 16 17 20 8 29 10
11 10 35 25 2 19 24 40 6 14 36 34 25 27 4 46 2 36 32 16 14 21 18 19 39 31 43 41 33 37 9 22 32 0 12 42 21 40 12 46 39 44 27 46 17 21 26 16 25 3 31
21 2 45 35 11 21 34 42 16 24 42 40 31 37 11 54 11 46 29 22 13 27 24 21 49 41 49 47 39 47 20 28 38 12 0 44 28 46 23 54 41 50 29 54 19 24 28 26 31 13 41
32 44 37 41 40 23 38 2 38 39 24 19 22 34 45 33 40 37 17 26 31 22 25 23 34 41 22 15 19 32 39 22 23 42 44 0 26 27 40 32 4 23 15 32 25 21 16 38 21 39 33
10 27 20 17 20 10 14 24 16 13 15 13 4 12 25 27 20 20 23 6 17 5 4 11 21 20 22 20 12 19 16 4 11 21 28 26 0 19 15 27 24 23 12 27 12 8 11 13 5 18 15
29 45 12 22 38 27 20 26 34 28 4 9 15 15 43 8 38 11 35 24 35 21 22 28 7 17 6 12 9 5 33 19 8 40 46 27 19 0 30 8 29 7 23 8 29 24 24 26 16 37 11
8 21 23 13 12 20 12 38 7 2 27 28 19 15 15 35 12 24 34 14 21 18 15 21 28 19 34 35 27 26 3 18 23 12 23 40 15 30 0 35 37 35 25 35 20 19 24 4 20 10 20
36 53 14 25 45 35 24 31 41 33 12 17 23 20 50 1 45 13 43 32 43 29 30 36 8 19 10 17 17 9 38 27 16 46 54 32 27 8 35 0 35 9 31 0 37 32 32 31 24 43 15
29 41 38 40 37 20 37 4 35 36 25 20 21 33 42 36 37 38 13 23 28 19 22 20 35 41 25 18 20 33 36 20 24 39 41 4 24 29 37 35 0 26 12 35 22 18 13 36 20 36 34
33 49 19 29 42 30 26 22 39 33 8 10 19 21 47 10 42 18 36 28 38 24 26 31 13 24 1 8 11 12 37 22 12 44 50 23 23 7 35 9 26 0 25 9 32 27 26 31 19 41 18
17 29 30 29 25 8 26 13 23 24 19 15 11 23 30 31 25 30 12 11 16 7 10 8 29 31 24 18 14 27 24 8 17 27 29 15 12 23 25 31 12 25 0 31 10 6 1 24 10 24 25
36 53 14 25 45 35 24 31 41 33 12 17 23 20 50 1 45 13 43 32 43 29 30 36 8 19 10 17 17 9 38 27 16 46 54 32 27 8 35 0 35 9 31 0 37 32 32 31 24 43 15
12 19 32 28 15 2 25 23 16 19 25 22 14 24 20 37 15 32 15 7 6 8 8 2 33 32 31 28 21 31 19 10 21 17 19 25 12 29 20 37 22 32 10 37 0 5 9 21 13 15 27
11 24 28 25 19 3 22 19 17 18 20 17 9 20 24 32 19 28 16 5 11 3 4 4 28 28 26 23 16 26 18 5 16 21 24 21 8 24 19 32 18 27 6 32 5 0 5 18 8 18 23
16 28 29 28 24 7 25 14 22 23 20 16 10 22 29 32 24 29 12 10 15 6 9 7 29 30 25 19 15 27 23 7 17 26 28 16 11 24 24 32 13 26 1 32 9 5 0 23 9 23 24
9 24 19 9 15 20 8 36 10 2 23 25 16 11 19 31 15 20 34 14 22 17 14 21 24 15 31 32 24 22 7 17 20 16 26 38 13 26 4 31 36 31 24 31 21 18 23 0 17 13 16
15 30 20 20 23 11 17 19 21 18 12 9 1 13 28 24 23 20 21 9 19 5 7 12 20 21 18 16 8 18 21 3 8 25 31 21 5 16 20 24 20 19 10 24 13 8 9 17 0 22 15
8 11 32 22 2 17 21 37 3 11 33 31 22 24 7 43 2 33 30 13 13 18 15 17 36 28 40 38 30 34 7 19 29 3 13 39 18 37 10 43 36 41 24 43 15 18 23 13 22 0 28
21 39 5 11 30 25 9 31 26 18 10 15 14 5 35 15 30 5 36 21 32 20 19 26 8 8 17 20 14 6 23 18 10 31 41 33 15 11 20 15 34 18 25 15 27 23 24 16 15 28 0
0 327
37 69
284 316
243 275
140 172
157 189
91 123
81 113
136 168
128 160
253 285
29 61
230 262
262 294
280 312
27 59
114 146
35 67
269 301
222 254
223 255
125 157
70 102
28 60
73 105
97 129
87 119
235 267
3 35
214 246
61 93
292 324
277 309
71 103
254 286
95 127
76 108
7 39
276 308
227 259
269 301
27 59
227 259
61 93
138 170
266 298
86 118
212 244
269 301
271 303
62 94
0
39
55
44
47
47
67
61
79
71
42
14
69
71
30
72
30
63
21
42
84
70
41
25
57
29
20
32
33
51
36
59
47
45
75
87
54
33
58
45
45
58
49
53
23
70
51
36
53
60
61
