51
1625
0 16 28 40 19 11 46 47 38 27 22 15 42 38 35 47 9 46 31 46 45 34 21 39 1 45 15 30 11 28 15 29 43 11 47 27 25 42 22 43 37 21 2 40 21 34 22 14 25 19 23
16 0 21 47 28 15 43 52 42 11 37 7 46 30 25 42 25 42 37 48 38 29 5 43 15 49 30 28 5 32 19 19 47 14 40 11 9 36 8 50 39 25 18 33 5 38 9 30 16 13 26
28 21 0 35 23 17 22 35 27 18 35 15 30 10 8 21 32 21 26 30 17 8 21 27 27 31 32 9 20 21 16 6 29 17 19 19 18 15 14 37 21 16 27 12 18 24 12 37 5 9 14
40 47 35 0 21 33 28 9 8 51 24 40 9 37 41 31 35 30 10 14 38 31 51 9 41 11 29 26 44 15 29 41 10 34 40 52 50 34 46 3 15 22 38 35 49 11 44 35 38 36 22
19 28 23 21 0 13 32 28 19 33 12 21 23 30 31 34 15 33 12 28 35 24 32 20 20 26 11 18 24 9 9 28 24 14 37 34 32 31 28 24 20 7 17 30 30 15 26 17 24 18 9
11 15 17 33 13 0 35 38 28 22 22 9 32 27 25 36 15 35 23 35 34 23 20 29 10 35 17 19 11 18 4 19 33 1 36 23 21 31 17 36 26 11 10 29 18 24 16 20 15 9 12
46 43 22 28 32 35 0 23 20 39 42 37 19 16 22 3 45 2 24 14 11 14 43 19 45 18 43 16 42 23 31 26 18 36 12 40 40 9 36 28 13 25 44 13 40 19 34 49 27 31 23
47 52 35 9 28 38 23 0 10 53 33 45 6 36 40 26 43 25 16 9 34 30 56 9 48 5 38 26 49 20 34 41 6 39 35 54 53 32 49 7 14 27 45 34 53 14 47 44 40 40 26
38 42 27 8 19 28 20 10 0 45 25 35 4 29 33 23 34 22 7 9 30 23 46 2 38 7 29 18 39 10 24 33 5 29 32 46 44 26 40 10 7 17 36 27 43 4 38 35 32 30 16
27 11 18 51 33 22 39 53 45 0 44 13 48 24 18 37 35 38 41 48 31 25 7 45 26 49 38 27 16 36 24 13 47 21 33 1 2 31 5 54 39 29 28 27 6 41 7 40 13 15 29
22 37 35 24 12 22 42 33 25 44 0 31 29 42 43 45 13 44 18 34 47 36 42 27 23 32 7 30 32 19 20 39 30 23 49 45 43 43 39 27 29 19 20 42 40 23 37 12 35 29 21
15 7 15 40 21 9 37 45 35 13 31 0 39 25 21 36 22 36 30 41 32 23 11 36 14 42 25 21 5 25 12 15 40 8 34 14 12 30 8 43 32 18 15 27 9 31 7 27 11 6 19
42 46 30 9 23 32 19 6 4 48 29 39 0 31 35 22 38 21 11 5 30 25 50 3 42 3 33 21 43 14 28 36 1 33 31 49 48 27 44 9 9 21 40 29 47 8 42 39 35 34 20
38 30 10 37 30 27 16 36 29 24 42 25 31 0 6 13 41 14 30 29 8 6 29 28 37 32 41 12 30 25 25 11 30 27 10 25 25 7 22 38 22 23 37 3 26 26 21 46 14 19 21
35 25 8 41 31 25 22 40 33 18 43 21 35 6 0 19 39 20 34 34 13 10 24 32 34 36 40 16 26 29 24 6 34 24 15 19 19 13 17 42 26 24 34 9 21 30 16 44 10 16 22
47 42 21 31 34 36 3 26 23 37 45 36 22 13 19 0 47 1 27 17 8 14 42 22 46 21 45 17 41 26 32 24 21 37 9 38 38 6 35 31 16 27 45 10 39 22 33 51 26 30 25
9 25 32 35 15 15 45 43 34 35 13 22 38 41 39 47 0 46 27 43 47 36 30 35 10 41 6 31 20 24 16 33 39 15 49 36 34 44 30 38 35 20 7 42 30 30 29 5 29 23 22
46 42 21 30 33 35 2 25 22 38 44 36 21 14 20 1 46 0 26 16 9 13 42 21 45 20 44 16 41 25 31 25 20 36 10 39 39 7 35 30 15 26 44 11 39 21 33 50 26 30 24
31 37 26 10 12 23 24 16 7 41 18 30 11 30 34 27 27 26 0 16 33 24 41 9 32 14 22 18 34 5 19 32 12 24 35 42 40 29 36 13 11 12 29 30 39 5 34 28 28 26 12
46 48 30 14 28 35 14 9 9 48 34 41 5 29 34 17 43 16 16 0 25 24 51 8 45 4 38 21 46 19 31 36 4 36 26 49 48 23 44 14 9 25 44 26 48 13 42 44 35 36 23
45 38 17 38 35 34 11 34 30 31 47 32 30 8 13 8 47 9 33 25 0 11 37 29 44 29 46 17 37 30 31 19 29 34 2 32 32 4 30 39 23 28 44 5 34 29 29 52 22 26 26
34 29 8 31 24 23 14 30 23 25 36 23 25 6 10 14 36 13 24 24 11 0 29 22 33 26 35 6 28 19 20 12 24 23 13 26 26 8 22 32 16 17 33 6 26 20 20 41 13 17 15
21 5 21 51 32 20 43 56 46 7 42 11 50 29 24 42 30 42 41 51 37 29 0 47 20 52 35 30 10 36 23 18 50 19 39 7 5 36 7 54 42 29 23 32 3 42 9 35 16 16 30
39 43 27 9 20 29 19 9 2 45 27 36 3 28 32 22 35 21 9 8 29 22 47 0 39 6 31 18 40 11 25 33 4 30 31 46 45 25 41 10 6 18 37 26 44 5 39 37 32 31 17
1 15 27 41 20 10 45 48 38 26 23 14 42 37 34 46 10 45 32 45 44 33 20 39 0 45 16 29 10 28 14 28 43 10 46 26 24 41 21 44 36 21 3 39 20 34 21 15 24 18 22
45 49 31 11 26 35 18 5 7 49 32 42 3 32 36 21 41 20 14 4 29 26 52 6 45 0 36 22 46 17 31 37 2 36 30 50 49 27 45 11 10 24 43 29 49 11 43 42 36 37 23
15 30 32 29 11 17 43 38 29 38 7 25 33 41 40 45 6 44 22 38 46 35 35 31 16 36 0 29 25 20 16 35 34 17 48 39 37 42 33 32 31 18 13 41 34 26 32 6 31 25 20
30 28 9 26 18 19 16 26 18 27 30 21 21 12 16 17 31 16 18 21 17 6 30 18 29 22 29 0 26 13 15 15 20 20 19 28 27 13 23 28 12 11 28 12 27 15 21 35 14 15 9
11 5 20 44 24 11 42 49 39 16 32 5 43 30 26 41 20 41 34 46 37 28 10 40 10 46 25 26 0 29 15 20 44 10 39 16 14 35 11 47 37 22 13 32 10 35 11 25 16 11 23
28 32 21 15 9 18 23 20 10 36 19 25 14 25 29 26 24 25 5 19 30 19 36 11 28 17 20 13 29 0 14 27 15 19 32 37 35 26 31 18 11 7 26 25 34 6 29 26 23 21 7
15 19 16 29 9 4 31 34 24 24 20 12 28 25 24 32 16 31 19 31 31 20 23 25 14 31 16 15 15 14 0 19 29 5 33 25 23 28 19 32 22 7 13 26 21 20 17 21 15 9 8
29 19 6 41 28 19 26 41 33 13 39 15 36 11 6 24 33 25 32 36 19 12 18 33 28 37 35 15 20 27 19 0 35 18 21 14 14 18 11 43 27 21 28 14 15 30 10 38 4 10 20
43 47 29 10 24 33 18 6 5 47 30 40 1 30 34 21 39 20 12 4 29 24 50 4 43 2 34 20 44 15 29 35 0 34 30 48 47 26 43 10 8 22 41 28 47 9 41 40 34 35 21
11 14 17 34 14 1 36 39 29 21 23 8 33 27 24 37 15 36 24 36 34 23 19 30 10 36 17 20 10 19 5 18 34 0 36 22 20 31 16 37 27 12 10 29 17 25 15 20 14 8 13
47 40 19 40 37 36 12 35 32 33 49 34 31 10 15 9 49 10 35 26 2 13 39 31 46 30 48 19 39 32 33 21 30 36 0 34 34 6 32 40 25 30 46 7 36 31 31 54 24 28 28
27 11 19 52 34 23 40 54 46 1 45 14 49 25 19 38 36 39 42 49 32 26 7 46 26 50 39 28 16 37 25 14 48 22 34 0 2 32 6 55 40 30 29 28 6 42 8 41 14 16 30
25 9 18 50 32 21 40 53 44 2 43 12 48 25 19 38 34 39 40 48 32 26 5 45 24 49 37 27 14 35 23 14 47 20 34 2 0 32 4 53 39 28 27 28 4 40 6 39 13 14 28
42 36 15 34 31 31 9 32 26 31 43 30 27 7 13 6 44 7 29 23 4 8 36 25 41 27 42 13 35 26 28 18 26 31 6 32 32 0 29 35 19 24 41 4 33 25 27 48 20 24 22
22 8 14 46 28 17 36 49 40 5 39 8 44 22 17 35 30 35 36 44 30 22 7 41 21 45 33 23 11 31 19 11 43 16 32 6 4 29 0 49 35 24 23 25 4 36 2 35 9 10 24
43 50 37 3 24 36 28 7 10 54 27 43 9 38 42 31 38 30 13 14 39 32 54 10 44 11 32 28 47 18 32 43 10 37 40 55 53 35 49 0 16 25 41 36 52 14 47 38 41 39 25
37 39 21 15 20 26 13 14 7 39 29 32 9 22 26 16 35 15 11 9 23 16 42 6 36 10 31 12 37 11 22 27 8 27 25 40 39 19 35 16 0 16 35 20 39 6 33 37 26 27 14
21 25 16 22 7 11 25 27 17 29 19 18 21 23 24 27 20 26 12 25 28 17 29 18 21 24 18 11 22 7 7 21 22 12 30 30 28 24 24 25 16 0 19 23 27 13 22 24 18 14 2
2 18 27 38 17 10 44 45 36 28 20 15 40 37 34 45 7 44 29 44 44 33 23 37 3 43 13 28 13 26 13 28 41 10 46 29 27 41 23 41 35 19 0 39 23 32 22 12 24 18 21
40 33 12 35 30 29 13 34 27 27 42 27 29 3 9 10 42 11 30 26 5 6 32 26 39 29 41 12 32 25 26 14 28 29 7 28 28 4 25 36 20 23 39 0 29 25 24 47 17 21 21
21 5 18 49 30 18 40 53 43 6 40 9 47 26 21 39 30 39 39 48 34 26 3 44 20 49 34 27 10 34 21 15 47 17 36 6 4 33 4 52 39 27 23 29 0 39 6 35 13 13 27
34 38 24 11 15 24 19 14 4 41 23 31 8 26 30 22 30 21 5 13 29 20 42 5 34 11 26 15 35 6 20 30 9 25 31 42 40 25 36 14 6 13 32 25 39 0 34 32 28 26 12
22 9 12 44 26 16 34 47 38 7 37 7 42 21 16 33 29 33 34 42 29 20 9 39 21 43 32 21 11 29 17 10 41 15 31 8 6 27 2 47 33 22 22 24 6 34 0 34 7 8 22
14 30 37 35 17 20 49 44 35 40 12 27 39 46 44 51 5 50 28 44 52 41 35 37 15 42 6 35 25 26 21 38 40 20 54 41 39 48 35 38 37 24 12 47 35 32 34 0 34 28 26
25 16 5 38 24 15 27 40 32 13 35 11 35 14 10 26 29 26 28 35 22 13 16 32 24 36 31 14 16 23 15 4 34 14 24 14 13 20 9 41 26 18 24 17 13 28 7 34 0 6 16
19 13 9 36 18 9 31 40 30 15 29 6 34 19 16 30 23 30 26 36 26 17 16 31 18 37 25 15 11 21 9 10 35 8 28 16 14 24 10 39 27 14 18 21 13 26 8 28 6 0 14
23 26 14 22 9 12 23 26 16 29 21 19 20 21 22 25 22 24 12 23 26 15 30 17 22 23 20 9 23 7 8 20 21 13 28 30 28 22 24 25 14 2 21 21 27 12 22 26 16 14 0
0 792
285 364
629 708
683 762
270 349
507 586
548 627
161 240
566 645
404 483
127 206
50 129
203 282
358 437
90 169
483 562
150 229
102 181
397 476
369 448
640 719
522 601
357 436
14 93
344 423
26 105
209 288
687 766
637 716
98 177
351 430
573 652
673 752
154 233
105 184
245 324
128 207
660 739
337 416
288 367
187 266
259 338
628 707
503 582
115 194
483 562
127 206
195 274
584 663
231 310
223 302
0
43
42
62
85
46
25
57
70
44
64
84
26
17
32
43
53
22
26
83
85
58
35
34
60
53
62
77
66
62
28
32
73
68
48
46
37
30
47
84
39
39
64
55
58
17
18
55
82
27
36
