51
1627
0 58 14 35 39 19 13 42 41 29 39 17 48 45 24 40 20 36 46 42 23 31 17 46 18 40 13 23 45 18 40 34 12 24 10 3 31 23 36 38 46 14 32 36 9 43 47 21 40 47 15
58 0 44 26 35 39 46 26 31 41 27 50 13 14 44 20 41 42 18 16 38 46 45 18 51 28 45 38 36 40 25 28 49 38 49 56 42 48 42 27 12 48 30 25 58 38 16 41 22 13 43
14 44 0 22 28 5 4 29 28 20 28 12 35 31 16 26 7 27 33 28 10 24 7 33 14 27 2 10 35 4 27 21 5 13 5 12 22 17 27 27 32 7 19 23 15 33 33 11 27 33 2
35 26 22 0 16 17 24 10 13 30 25 24 13 12 18 6 15 36 12 14 12 21 25 12 25 9 23 19 35 18 23 19 23 22 25 32 33 31 36 25 16 22 4 1 36 36 21 22 20 19 21
39 35 28 16 0 27 32 9 4 43 41 22 22 25 15 21 21 51 17 29 18 11 34 17 23 8 30 32 51 27 39 35 27 35 29 36 46 44 51 41 30 25 13 16 43 52 36 35 36 34 30
19 39 5 17 27 0 7 26 27 16 23 16 30 26 17 21 8 24 29 23 9 25 8 29 18 24 6 5 30 1 22 16 10 8 10 17 19 17 24 22 27 11 16 18 19 28 28 8 22 28 4
13 46 4 24 32 7 0 33 32 17 26 16 37 33 20 28 11 24 36 30 14 28 4 36 18 31 2 10 33 6 27 21 9 11 8 12 19 13 24 25 34 11 23 25 12 31 34 8 27 35 3
42 26 29 10 9 26 33 0 5 39 34 27 13 16 20 13 22 46 8 21 19 20 34 8 28 2 31 29 44 27 32 28 30 32 32 39 42 41 46 34 21 29 10 9 44 45 28 32 29 25 30
41 31 28 13 4 27 32 5 0 42 37 25 18 21 18 17 21 49 13 25 18 15 34 13 26 4 30 31 47 27 35 31 29 34 31 38 45 43 49 37 26 27 11 12 43 48 32 34 32 30 30
29 41 20 30 43 16 17 39 42 0 15 32 36 30 33 29 24 8 39 25 25 41 13 39 34 38 19 11 16 17 16 13 25 8 25 28 3 7 8 14 29 27 31 30 22 14 25 9 19 28 18
39 27 28 25 41 23 26 34 37 15 0 39 25 19 37 21 29 15 29 14 29 45 22 29 40 33 28 18 10 24 2 7 33 15 33 38 16 22 15 1 17 34 29 25 36 11 11 18 5 14 27
17 50 12 24 22 16 16 27 25 32 39 0 37 36 7 30 10 39 34 36 12 14 19 34 2 25 14 21 46 15 38 32 7 24 9 14 34 29 39 38 39 5 20 25 24 44 42 23 37 41 14
48 13 35 13 22 30 37 13 18 36 25 37 0 6 31 9 28 40 5 11 25 33 37 5 38 15 36 30 35 31 23 23 36 32 38 45 39 42 40 25 11 35 17 12 49 36 18 33 20 15 34
45 14 31 12 25 26 33 16 21 30 19 36 6 0 30 6 27 34 10 5 24 33 32 10 37 17 32 25 29 27 17 17 35 26 36 43 33 37 34 19 5 34 16 11 45 30 12 28 14 9 30
24 44 16 18 15 17 20 20 18 33 37 7 31 30 0 24 9 41 28 32 8 8 22 28 8 18 18 22 47 16 36 30 12 25 14 21 36 32 41 36 34 10 14 19 29 45 38 24 34 37 17
40 20 26 6 21 21 28 13 17 29 21 30 9 6 24 0 21 35 10 8 18 27 28 10 31 13 27 21 31 22 19 17 29 23 31 38 32 33 35 21 10 28 10 5 40 32 15 24 16 13 25
20 41 7 15 21 8 11 22 21 24 29 10 28 27 9 21 0 32 26 26 3 17 14 26 11 20 9 13 38 7 28 22 8 16 10 17 27 24 32 28 30 7 12 16 22 36 32 15 27 31 9
36 42 27 36 51 24 24 46 49 8 15 39 40 34 41 35 32 0 44 29 33 49 20 44 41 45 26 19 10 25 17 18 32 16 32 35 5 13 0 15 32 34 38 37 28 8 26 17 20 29 25
46 18 33 12 17 29 36 8 13 39 29 34 5 10 28 10 26 44 0 15 23 28 37 0 35 10 35 31 39 30 27 27 34 33 36 43 42 43 44 29 15 33 14 11 48 40 22 34 24 19 33
42 16 28 14 29 23 30 21 25 25 14 36 11 5 32 8 26 29 15 0 24 35 29 15 37 21 29 22 24 24 12 12 33 22 33 40 28 32 29 14 4 33 18 13 42 25 7 25 9 5 27
23 38 10 12 18 9 14 19 18 25 29 12 25 24 8 18 3 33 23 24 0 16 16 23 13 17 12 14 39 9 28 22 11 17 13 20 28 26 33 28 27 10 9 13 25 37 30 17 26 29 12
31 46 24 21 11 25 28 20 15 41 45 14 33 33 8 27 17 49 28 35 16 0 30 28 13 18 26 30 55 24 44 38 20 33 22 28 44 40 49 44 37 18 17 22 37 53 42 32 41 40 25
17 45 7 25 34 8 4 34 34 13 22 19 37 32 22 28 14 20 37 29 16 30 0 37 21 32 6 7 29 7 23 17 12 7 12 16 15 10 20 21 33 14 24 26 14 27 30 4 23 32 5
46 18 33 12 17 29 36 8 13 39 29 34 5 10 28 10 26 44 0 15 23 28 37 0 35 10 35 31 39 30 27 27 34 33 36 43 42 43 44 29 15 33 14 11 48 40 22 34 24 19 33
18 51 14 25 23 18 18 28 26 34 40 2 38 37 8 31 11 41 35 37 13 13 21 35 0 26 16 23 48 17 39 33 9 26 11 15 36 31 41 39 40 7 21 26 26 46 43 25 38 42 16
40 28 27 9 8 24 31 2 4 38 33 25 15 17 18 13 20 45 10 21 17 18 32 10 26 0 29 28 43 25 31 27 28 31 30 37 41 40 45 33 22 27 8 8 42 44 28 31 28 26 28
13 45 2 23 30 6 2 31 30 19 28 14 36 32 18 27 9 26 35 29 12 26 6 35 16 29 0 10 35 5 28 22 7 13 6 11 21 15 26 27 33 9 21 24 13 33 34 10 28 34 2
23 38 10 19 32 5 10 29 31 11 18 21 30 25 22 21 13 19 31 22 14 30 7 31 23 28 10 0 25 6 18 12 15 3 15 21 14 12 19 17 26 16 20 20 21 23 24 3 18 25 9
45 36 35 35 51 30 33 44 47 16 10 46 35 29 47 31 38 10 39 24 39 55 29 39 48 43 35 25 0 31 12 17 40 22 40 44 15 23 10 11 27 41 39 35 38 2 20 25 15 23 34
18 40 4 18 27 1 6 27 27 17 24 15 31 27 16 22 7 25 30 24 9 24 7 30 17 25 5 6 31 0 23 17 9 9 9 16 20 17 25 23 28 10 17 19 18 29 29 8 23 29 3
40 25 27 23 39 22 27 32 35 16 2 38 23 17 36 19 28 17 27 12 28 44 23 27 39 31 28 18 12 23 0 6 32 16 32 39 17 23 17 2 15 33 27 23 37 13 9 19 3 12 26
34 28 21 19 35 16 21 28 31 13 7 32 23 17 30 17 22 18 27 12 22 38 17 27 33 27 22 12 17 17 6 0 26 10 26 33 16 20 18 6 16 27 22 19 31 17 13 13 6 15 20
12 49 5 23 27 10 9 30 29 25 33 7 36 35 12 29 8 32 34 33 11 20 12 34 9 28 7 15 40 9 32 26 0 18 2 9 27 22 32 32 37 2 20 24 17 38 38 16 32 38 7
24 38 13 22 35 8 11 32 34 8 15 24 32 26 25 23 16 16 33 22 17 33 7 33 26 31 13 3 22 9 16 10 18 0 18 23 11 11 16 14 26 19 23 23 21 20 23 3 16 25 12
10 49 5 25 29 10 8 32 31 25 33 9 38 36 14 31 10 32 36 33 13 22 12 36 11 30 6 15 40 9 32 26 2 18 0 7 27 21 32 32 37 4 22 26 15 38 38 16 32 38 7
3 56 12 32 36 17 12 39 38 28 38 14 45 43 21 38 17 35 43 40 20 28 16 43 15 37 11 21 44 16 39 33 9 23 7 0 30 23 35 37 44 11 29 33 11 42 45 20 39 45 13
31 42 22 33 46 19 19 42 45 3 16 34 39 33 36 32 27 5 42 28 28 44 15 42 36 41 21 14 15 20 17 16 27 11 27 30 0 8 5 15 32 29 34 33 23 13 26 12 20 29 20
23 48 17 31 44 17 13 41 43 7 22 29 42 37 32 33 24 13 43 32 26 40 10 43 31 40 15 12 23 17 23 20 22 11 21 23 8 0 13 21 36 24 32 32 15 21 32 9 26 35 15
36 42 27 36 51 24 24 46 49 8 15 39 40 34 41 35 32 0 44 29 33 49 20 44 41 45 26 19 10 25 17 18 32 16 32 35 5 13 0 15 32 34 38 37 28 8 26 17 20 29 25
38 27 27 25 41 22 25 34 37 14 1 38 25 19 36 21 28 15 29 14 28 44 21 29 39 33 27 17 11 23 2 6 32 14 32 37 15 21 15 0 17 33 28 25 35 12 11 17 5 14 26
46 12 32 16 30 27 34 21 26 29 17 39 11 5 34 10 30 32 15 4 27 37 33 15 40 22 33 26 27 28 15 16 37 26 37 44 32 36 32 17 0 37 20 15 46 28 7 29 12 4 31
14 48 7 22 25 11 11 29 27 27 34 5 35 34 10 28 7 34 33 33 10 18 14 33 7 27 9 16 41 10 33 27 2 19 4 11 29 24 34 33 37 0 19 23 19 39 39 18 33 38 9
32 30 19 4 13 16 23 10 11 31 29 20 17 16 14 10 12 38 14 18 9 17 24 14 21 8 21 20 39 17 27 22 20 23 22 29 34 32 38 28 20 19 0 5 34 39 25 23 24 23 20
36 25 23 1 16 18 25 9 12 30 25 25 12 11 19 5 16 37 11 13 13 22 26 11 26 8 24 20 35 19 23 19 24 23 26 33 33 32 37 25 15 23 5 0 37 36 20 23 20 18 22
9 58 15 36 43 19 12 44 43 22 36 24 49 45 29 40 22 28 48 42 25 37 14 48 26 42 13 21 38 18 37 31 17 21 15 11 23 15 28 35 46 19 34 37 0 36 44 18 37 46 15
43 38 33 36 52 28 31 45 48 14 11 44 36 30 45 32 36 8 40 25 37 53 27 40 46 44 33 23 2 29 13 17 38 20 38 42 13 21 8 12 28 39 39 36 36 0 22 23 16 25 32
47 16 33 21 36 28 34 28 32 25 11 42 18 12 38 15 32 26 22 7 30 42 30 22 43 28 34 24 20 29 9 13 38 23 38 45 26 32 26 11 7 39 25 20 44 22 0 26 7 3 32
21 41 11 22 35 8 8 32 34 9 18 23 33 28 24 24 15 17 34 25 17 32 4 34 25 31 10 3 25 8 19 13 16 3 16 20 12 9 17 17 29 18 23 23 18 23 26 0 19 28 9
40 22 27 20 36 22 27 29 32 19 5 37 20 14 34 16 27 20 24 9 26 41 23 24 38 28 28 18 15 23 3 6 32 16 32 39 20 26 20 5 12 33 24 20 37 16 7 19 0 9 26
47 13 33 19 34 28 35 25 30 28 14 41 15 9 37 13 31 29 19 5 29 40 32 19 42 26 34 25 23 29 12 15 38 25 38 45 29 35 29 14 4 38 23 18 46 25 3 28 9 0 32
15 43 2 21 30 4 3 30 30 18 27 14 34 30 17 25 9 25 33 27 12 25 5 33 16 28 2 9 34 3 26 20 7 12 7 13 20 15 25 26 31 9 20 22 15 32 32 9 26 32 0
0 273
131 212
42 123
4 85
151 232
84 165
124 205
72 153
104 185
84 165
169 250
153 234
180 261
102 183
18 99
81 162
92 173
103 184
24 105
174 255
22 103
84 165
159 240
33 114
24 105
73 154
118 199
92 173
98 179
15 96
173 254
22 103
122 203
119 200
177 258
153 234
94 175
28 109
31 112
155 236
158 239
119 200
13 94
181 262
13 94
96 177
30 111
92 173
155 236
98 179
122 203
0
22
54
75
53
13
56
29
74
19
38
77
47
45
63
74
56
35
65
35
67
64
30
70
48
75
69
60
62
44
60
51
22
59
32
15
60
32
53
44
47
37
39
59
57
29
44
71
75
55
42
