51
1624
0 44 39 30 9 27 27 46 15 42 37 31 5 36 42 40 26 28 9 12 51 39 43 30 40 30 10 33 6 43 5 14 10 19 30 9 28 46 53 35 26 4 46 38 37 26 29 35 48 28 16
44 0 12 16 35 27 22 10 31 32 8 13 40 26 12 30 18 30 38 36 11 29 13 21 29 25 39 20 43 13 46 40 34 25 16 36 17 3 9 10 26 40 6 17 34 18 35 18 11 30 29
39 12 0 18 31 16 13 22 29 41 7 10 37 14 22 39 16 33 32 34 23 17 4 24 17 13 32 8 40 4 43 38 29 20 18 34 17 12 17 7 28 37 9 26 40 16 38 25 23 33 27
30 16 18 0 21 22 17 16 15 24 12 8 25 27 12 22 4 15 25 20 21 31 22 6 31 21 27 19 28 22 31 24 21 13 0 21 2 19 25 11 10 26 20 11 22 4 20 8 18 15 14
9 35 31 21 0 21 20 37 8 36 28 23 6 30 33 34 17 22 8 8 42 33 35 22 34 24 10 26 9 35 12 11 5 11 21 5 19 37 44 26 19 6 37 30 31 17 23 27 39 22 7
27 27 16 22 21 0 5 35 24 46 19 16 27 9 33 44 18 35 18 29 37 12 18 28 13 3 18 8 29 18 32 32 17 12 22 26 20 28 33 17 30 26 25 33 44 18 39 30 36 35 21
27 22 13 17 20 5 0 30 21 41 14 11 26 10 28 39 13 30 19 26 32 14 16 23 15 4 19 6 29 16 32 30 17 9 17 24 15 23 30 12 25 26 22 28 39 13 35 25 31 30 18
46 10 22 16 37 35 30 0 31 25 16 19 41 36 5 23 20 25 41 36 5 39 23 17 39 33 43 28 44 23 47 39 37 29 16 37 18 13 16 18 22 42 16 10 27 20 30 12 2 25 30
15 31 29 15 8 24 21 31 0 28 25 19 10 31 27 26 13 14 16 5 36 35 33 15 36 25 18 27 13 33 16 9 13 12 15 6 14 34 40 23 11 11 34 23 23 13 15 20 33 14 3
42 32 41 24 36 46 41 25 28 0 34 32 37 51 20 2 28 14 44 31 30 55 44 18 55 45 46 43 39 44 42 30 40 37 24 33 26 35 40 34 18 38 38 15 6 28 15 16 27 14 30
37 8 7 12 28 19 14 16 25 34 0 6 34 20 15 32 12 27 31 30 18 24 10 18 24 17 32 12 37 10 40 34 27 18 12 30 12 9 16 2 22 34 9 19 34 12 32 18 17 27 23
31 13 10 8 23 16 11 19 19 32 6 0 28 19 17 30 6 23 25 24 23 23 14 14 23 15 26 11 31 14 34 28 21 12 8 24 7 15 22 4 18 28 15 19 30 6 28 16 21 23 17
5 40 37 25 6 27 26 41 10 37 34 28 0 36 37 35 22 23 11 7 46 39 41 25 40 30 13 32 3 41 6 9 10 17 25 4 23 43 49 32 21 1 43 33 32 22 24 30 43 23 11
36 26 14 27 30 9 10 36 31 51 20 19 36 0 35 49 23 40 27 36 37 4 14 33 5 6 27 8 38 14 41 40 26 19 27 34 25 25 30 18 35 35 22 38 49 23 45 35 37 40 28
42 12 22 12 33 33 28 5 27 20 15 17 37 35 0 18 16 20 37 32 10 39 25 12 39 32 39 27 40 25 43 34 33 25 12 33 14 15 20 17 17 38 18 5 22 16 25 7 7 20 26
40 30 39 22 34 44 39 23 26 2 32 30 35 49 18 0 26 12 42 29 28 53 42 16 53 43 44 41 37 42 40 29 38 35 22 31 24 33 38 32 16 36 36 13 6 26 14 14 25 12 28
26 18 16 4 17 18 13 20 13 28 12 6 22 23 16 26 0 17 21 18 25 27 20 10 28 17 23 16 25 20 28 22 17 9 4 18 2 21 27 10 12 22 21 15 26 0 22 12 22 17 11
28 30 33 15 22 35 30 25 14 14 27 23 23 40 20 12 17 0 30 17 30 44 37 9 45 34 32 33 25 37 28 17 26 24 15 19 16 33 39 26 5 24 35 15 9 17 5 13 27 0 16
9 38 32 25 8 18 19 41 16 44 31 25 11 27 37 42 21 30 0 16 46 30 35 29 31 21 2 25 13 35 14 19 4 13 25 13 23 40 47 29 26 10 40 36 39 21 31 33 43 30 14
12 36 34 20 8 29 26 36 5 31 30 24 7 36 32 29 18 17 16 0 41 40 38 20 41 30 18 32 8 38 11 4 13 17 20 3 19 39 45 28 15 8 39 28 25 18 17 25 38 17 8
51 11 23 21 42 37 32 5 36 30 18 23 46 37 10 28 25 30 46 41 0 39 23 22 39 35 48 30 49 23 52 44 42 34 21 42 23 12 12 20 27 47 15 15 32 25 35 17 3 30 35
39 29 17 31 33 12 14 39 35 55 24 23 39 4 39 53 27 44 30 40 39 0 16 37 1 10 30 12 41 16 44 44 29 23 31 38 29 27 32 22 39 38 24 42 53 27 49 39 40 44 32
43 13 4 22 35 18 16 23 33 44 10 14 41 14 25 42 20 37 35 38 23 16 0 28 16 15 35 10 44 0 47 42 33 24 22 38 21 11 16 11 32 41 8 29 44 20 42 28 24 37 31
30 21 24 6 22 28 23 17 15 18 18 14 25 33 12 16 10 9 29 20 22 37 28 0 37 27 31 25 28 28 31 22 25 19 6 21 8 24 30 17 5 26 26 8 16 10 14 5 19 9 15
40 29 17 31 34 13 15 39 36 55 24 23 40 5 39 53 28 45 31 41 39 1 16 37 0 11 31 12 42 16 45 45 30 24 31 39 30 27 32 22 40 39 24 42 53 28 50 39 40 45 33
30 25 13 21 24 3 4 33 25 45 17 15 30 6 32 43 17 34 21 30 35 10 15 27 11 0 21 5 32 15 35 34 20 13 21 28 19 25 30 15 29 29 22 32 43 17 39 29 34 34 22
10 39 32 27 10 18 19 43 18 46 32 26 13 27 39 44 23 32 2 18 48 30 35 31 31 21 0 25 15 35 15 21 6 14 27 15 25 41 48 30 28 12 41 38 41 23 33 35 45 32 16
33 20 8 19 26 8 6 28 27 43 12 11 32 8 27 41 16 33 25 32 30 12 10 25 12 5 25 0 35 10 38 36 23 15 19 30 18 20 25 10 28 32 17 30 41 16 38 27 29 33 24
6 43 40 28 9 29 29 44 13 39 37 31 3 38 40 37 25 25 13 8 49 41 44 28 42 32 15 35 0 44 3 9 12 20 28 7 26 46 52 35 23 3 46 36 33 25 24 33 46 25 14
43 13 4 22 35 18 16 23 33 44 10 14 41 14 25 42 20 37 35 38 23 16 0 28 16 15 35 10 44 0 47 42 33 24 22 38 21 11 16 11 32 41 8 29 44 20 42 28 24 37 31
5 46 43 31 12 32 32 47 16 42 40 34 6 41 43 40 28 28 14 11 52 44 47 31 45 35 15 38 3 47 0 12 15 23 31 10 29 49 55 38 26 6 49 39 36 28 27 36 49 28 17
14 40 38 24 11 32 30 39 9 30 34 28 9 40 34 29 22 17 19 4 44 44 42 22 45 34 21 36 9 42 12 0 16 21 24 6 23 43 49 32 17 10 43 30 24 22 15 27 41 17 12
10 34 29 21 5 17 17 37 13 40 27 21 10 26 33 38 17 26 4 13 42 29 33 25 30 20 6 23 12 33 15 16 0 9 21 10 19 36 43 25 22 9 36 32 35 17 28 29 39 26 10
19 25 20 13 11 12 9 29 12 37 18 12 17 19 25 35 9 24 13 17 34 23 24 19 24 13 14 15 20 24 23 21 9 0 13 15 11 27 34 16 19 17 27 24 33 9 27 21 31 24 9
30 16 18 0 21 22 17 16 15 24 12 8 25 27 12 22 4 15 25 20 21 31 22 6 31 21 27 19 28 22 31 24 21 13 0 21 2 19 25 11 10 26 20 11 22 4 20 8 18 15 14
9 36 34 21 5 26 24 37 6 33 30 24 4 34 33 31 18 19 13 3 42 38 38 21 39 28 15 30 7 38 10 6 10 15 21 0 19 39 45 28 17 5 39 29 28 18 20 26 39 19 7
28 17 17 2 19 20 15 18 14 26 12 7 23 25 14 24 2 16 23 19 23 29 21 8 30 19 25 18 26 21 29 23 19 11 2 19 0 20 26 11 11 24 21 13 24 2 21 10 20 16 12
46 3 12 19 37 28 23 13 34 35 9 15 43 25 15 33 21 33 40 39 12 27 11 24 27 25 41 20 46 11 49 43 36 27 19 39 20 0 7 11 29 43 3 20 37 21 38 21 13 33 32
53 9 17 25 44 33 30 16 40 40 16 22 49 30 20 38 27 39 47 45 12 32 16 30 32 30 48 25 52 16 55 49 43 34 25 45 26 7 0 18 35 49 8 25 42 27 44 27 14 39 38
35 10 7 11 26 17 12 18 23 34 2 4 32 18 17 32 10 26 29 28 20 22 11 17 22 15 30 10 35 11 38 32 25 16 11 28 11 11 18 0 21 32 11 20 33 10 31 18 19 26 21
26 26 28 10 19 30 25 22 11 18 22 18 21 35 17 16 12 5 26 15 27 39 32 5 40 29 28 28 23 32 26 17 22 19 10 17 11 29 35 21 0 22 30 13 14 12 10 10 24 5 12
4 40 37 26 6 26 26 42 11 38 34 28 1 35 38 36 22 24 10 8 47 38 41 26 39 29 12 32 3 41 6 10 9 17 26 5 24 43 49 32 22 0 43 34 33 22 25 31 44 24 12
46 6 9 20 37 25 22 16 34 38 9 15 43 22 18 36 21 35 40 39 15 24 8 26 24 22 41 17 46 8 49 43 36 27 20 39 21 3 8 11 30 43 0 23 40 21 40 24 16 35 32
38 17 26 11 30 33 28 10 23 15 19 19 33 38 5 13 15 15 36 28 15 42 29 8 42 32 38 30 36 29 39 30 32 24 11 29 13 20 25 20 13 34 23 0 17 15 20 3 12 15 23
37 34 40 22 31 44 39 27 23 6 34 30 32 49 22 6 26 9 39 25 32 53 44 16 53 43 41 41 33 44 36 24 35 33 22 28 24 37 42 33 14 33 40 17 0 26 9 16 29 9 25
26 18 16 4 17 18 13 20 13 28 12 6 22 23 16 26 0 17 21 18 25 27 20 10 28 17 23 16 25 20 28 22 17 9 4 18 2 21 27 10 12 22 21 15 26 0 22 12 22 17 11
29 35 38 20 23 39 35 30 15 15 32 28 24 45 25 14 22 5 31 17 35 49 42 14 50 39 33 38 24 42 27 15 28 27 20 20 21 38 44 31 10 25 40 20 9 22 0 18 32 5 18
35 18 25 8 27 30 25 12 20 16 18 16 30 35 7 14 12 13 33 25 17 39 28 5 39 29 35 27 33 28 36 27 29 21 8 26 10 21 27 18 10 31 24 3 16 12 18 0 14 13 20
48 11 23 18 39 36 31 2 33 27 17 21 43 37 7 25 22 27 43 38 3 40 24 19 40 34 45 29 46 24 49 41 39 31 18 39 20 13 14 19 24 44 16 12 29 22 32 14 0 27 32
28 30 33 15 22 35 30 25 14 14 27 23 23 40 20 12 17 0 30 17 30 44 37 9 45 34 32 33 25 37 28 17 26 24 15 19 16 33 39 26 5 24 35 15 9 17 5 13 27 0 16
16 29 27 14 7 21 18 30 3 30 23 17 11 28 26 28 11 16 14 8 35 32 31 15 33 22 16 24 14 31 17 12 10 9 14 7 12 32 38 21 12 12 32 23 25 11 18 20 32 16 0
0 273
133 187
187 241
181 235
118 172
57 111
193 247
211 265
74 128
193 247
32 86
3 57
142 196
112 166
69 123
140 194
69 123
55 109
125 179
141 195
13 67
117 171
56 110
116 170
148 202
151 205
177 231
103 157
57 111
26 80
41 95
100 154
1 55
35 89
156 210
100 154
143 197
207 261
207 261
25 79
97 151
111 165
202 256
95 149
197 251
145 199
82 136
45 99
207 261
211 265
152 206
0
80
24
69
78
41
84
56
34
33
61
19
37
48
44
30
17
77
20
75
45
52
72
32
46
48
63
35
18
53
57
55
67
42
50
43
19
82
56
25
40
52
54
76
86
53
67
64
46
45
28
