51
1625
0 27 47 3 34 50 19 46 20 30 0 11 5 43 35 41 40 43 15 46 28 20 46 45 30 38 6 5 14 41 29 48 38 43 20 49 24 6 5 41 27 49 27 33 43 41 22 18 29 37 12
27 0 21 24 15 23 13 19 8 6 27 25 22 16 14 21 32 16 24 19 12 7 22 18 11 33 22 32 26 26 13 21 26 28 23 22 12 22 27 21 23 22 10 14 27 31 13 9 11 20 18
47 21 0 44 27 10 34 6 27 17 47 42 42 8 13 27 46 15 45 4 29 28 22 6 17 48 41 52 47 25 30 10 40 37 44 15 31 41 46 14 31 18 20 15 36 43 33 29 18 20 35
3 24 44 0 32 47 17 43 17 27 3 8 2 40 32 39 40 40 15 43 26 17 44 42 27 38 3 8 15 38 27 45 37 41 20 46 22 3 4 38 24 46 24 30 41 41 20 15 26 34 9
34 15 27 32 0 25 15 22 21 21 34 37 31 19 28 7 20 13 24 23 6 19 12 21 26 21 32 39 26 41 5 21 13 13 20 18 10 32 36 35 38 15 25 29 12 18 12 20 26 35 30
50 23 10 47 25 0 35 4 31 22 50 48 45 7 21 23 42 12 46 6 29 30 16 5 24 44 45 55 48 34 29 4 37 33 44 9 32 45 50 23 38 12 27 23 32 39 34 32 25 28 41
19 13 34 17 15 35 0 31 11 19 19 23 16 28 27 22 25 25 11 32 9 10 27 30 23 25 17 24 13 38 10 33 20 24 10 31 5 17 21 34 28 30 20 26 24 25 3 9 22 32 17
46 19 6 43 22 4 31 0 27 18 46 44 41 3 17 22 41 10 42 2 25 26 17 1 20 43 41 51 44 30 26 4 35 32 41 10 28 41 46 19 34 13 23 19 31 38 30 28 21 24 37
20 8 27 17 21 31 11 27 0 10 20 17 15 24 17 28 36 24 20 27 16 2 30 26 12 36 14 25 22 27 17 29 30 32 21 30 14 14 19 23 17 30 9 15 32 35 14 2 11 21 10
30 6 17 27 21 22 19 18 10 0 30 26 25 15 8 26 38 18 30 17 18 11 26 17 5 39 24 35 32 20 19 20 32 34 29 24 18 24 29 15 18 24 5 8 33 37 19 12 5 14 19
0 27 47 3 34 50 19 46 20 30 0 11 5 43 35 41 40 43 15 46 28 20 46 45 30 38 6 5 14 41 29 48 38 43 20 49 24 6 5 41 27 49 27 33 43 41 22 18 29 37 12
11 25 42 8 37 48 23 44 17 26 11 0 7 41 30 44 46 41 22 43 31 19 47 43 25 45 6 13 23 33 32 46 43 47 27 47 28 6 6 36 18 47 22 28 47 47 26 17 24 31 7
5 22 42 2 31 45 16 41 15 25 5 7 0 38 30 38 39 38 15 41 25 15 43 40 25 38 1 10 16 36 26 43 36 40 20 44 21 1 6 36 22 44 22 28 40 40 19 13 24 32 7
43 16 8 40 19 7 28 3 24 15 43 41 38 0 16 19 38 7 39 4 22 23 15 2 18 40 38 48 41 30 23 5 32 29 38 9 25 38 43 20 32 12 20 18 28 35 27 25 19 24 34
35 14 13 32 28 21 27 17 17 8 35 30 30 16 0 32 46 22 37 15 26 19 30 17 5 47 29 40 39 14 27 21 40 41 37 25 26 29 34 7 18 28 8 2 40 45 27 19 6 8 23
41 21 27 39 7 23 22 22 28 26 41 44 38 19 32 0 19 12 31 23 13 26 7 21 31 21 39 46 33 45 12 20 14 10 27 14 17 39 43 39 44 11 31 33 9 16 19 27 31 39 37
40 32 46 40 20 42 25 41 36 38 40 46 39 38 46 19 0 31 25 42 20 34 26 40 43 2 40 44 26 58 19 39 7 9 20 33 22 40 44 53 53 30 42 46 10 3 22 34 43 52 42
43 16 15 40 13 12 25 10 24 18 43 41 38 7 22 12 31 0 36 11 17 23 8 9 22 33 38 48 38 36 17 8 25 22 32 6 21 38 43 27 36 6 23 24 21 28 23 25 23 30 34
15 24 45 15 24 46 11 42 20 30 15 22 15 39 37 31 25 36 0 43 19 20 36 41 32 23 16 19 2 47 19 43 23 28 5 42 15 16 19 43 36 39 29 35 29 26 13 18 31 41 21
46 19 4 43 23 6 32 2 27 17 46 43 41 4 15 23 42 11 43 0 26 26 18 2 18 44 41 51 45 28 27 6 36 33 42 11 29 41 46 17 32 14 21 17 32 39 31 28 19 22 36
28 12 29 26 6 29 9 25 16 18 28 31 25 22 26 13 20 17 19 26 0 14 18 24 23 21 26 33 21 38 1 25 14 16 16 23 4 26 30 33 33 21 22 26 16 19 6 15 23 32 25
20 7 28 17 19 30 10 26 2 11 20 19 15 23 19 26 34 23 20 26 14 0 29 25 14 34 15 25 21 28 15 28 28 30 20 29 12 15 20 25 19 29 11 17 30 33 12 2 13 23 12
46 22 22 44 12 16 27 17 30 26 46 47 43 15 30 7 26 8 36 18 18 29 0 16 30 28 43 51 38 43 17 13 21 17 32 7 22 43 48 35 44 4 31 31 16 23 24 30 31 37 40
45 18 6 42 21 5 30 1 26 17 45 43 40 2 17 21 40 9 41 2 24 25 16 0 20 42 40 50 43 30 25 4 34 31 40 9 27 40 45 19 34 12 22 19 30 37 29 27 21 24 36
30 11 17 27 26 24 23 20 12 5 30 25 25 18 5 31 43 22 32 18 23 14 30 20 0 44 24 35 34 15 24 23 37 39 33 27 23 24 29 11 14 28 3 3 38 42 24 14 1 9 18
38 33 48 38 21 44 25 43 36 39 38 45 38 40 47 21 2 33 23 44 21 34 28 42 44 0 39 42 24 59 20 41 8 11 18 35 22 39 42 54 53 32 43 47 12 5 22 34 44 53 42
6 22 41 3 32 45 17 41 14 24 6 6 1 38 29 39 40 38 16 41 26 15 43 40 24 39 0 11 17 35 27 43 37 41 21 44 22 0 5 35 21 44 21 27 41 41 20 13 23 31 6
5 32 52 8 39 55 24 51 25 35 5 13 10 48 40 46 44 48 19 51 33 25 51 50 35 42 11 0 18 46 34 53 42 47 24 54 29 11 7 46 31 54 32 38 48 45 27 23 34 42 17
14 26 47 15 26 48 13 44 22 32 14 23 16 41 39 33 26 38 2 45 21 21 38 43 34 24 17 18 0 49 21 45 24 29 6 44 17 17 19 45 37 41 31 37 30 27 15 20 33 43 22
41 26 25 38 41 34 38 30 27 20 41 33 36 30 14 45 58 36 47 28 38 28 43 30 15 59 35 46 49 0 39 34 52 54 48 39 38 35 39 11 15 41 18 12 53 57 39 29 16 6 29
29 13 30 27 5 29 10 26 17 19 29 32 26 23 27 12 19 17 19 27 1 15 17 25 24 20 27 34 21 39 0 25 13 15 15 23 5 27 31 34 34 20 23 27 15 18 7 16 24 33 26
48 21 10 45 21 4 33 4 29 20 48 46 43 5 21 20 39 8 43 6 25 28 13 4 23 41 43 53 45 34 25 0 33 30 40 6 28 43 48 23 37 9 25 23 29 36 30 30 24 28 39
38 26 40 37 13 37 20 35 30 32 38 43 36 32 40 14 7 25 23 36 14 28 21 34 37 8 37 42 24 52 13 33 0 5 18 28 16 37 41 47 47 25 36 40 6 5 17 28 37 46 37
43 28 37 41 13 33 24 32 32 34 43 47 40 29 41 10 9 22 28 33 16 30 17 31 39 11 41 47 29 54 15 30 5 0 23 24 19 41 45 48 49 21 38 42 1 6 21 31 39 48 41
20 23 44 20 20 44 10 41 21 29 20 27 20 38 37 27 20 32 5 42 16 20 32 40 33 18 21 24 6 48 15 40 18 23 0 38 13 21 24 44 38 35 30 36 24 21 11 19 32 42 25
49 22 15 46 18 9 31 10 30 24 49 47 44 9 25 14 33 6 42 11 23 29 7 9 27 35 44 54 44 39 23 6 28 24 38 0 27 44 49 28 41 3 29 27 23 30 29 31 28 33 40
24 12 31 22 10 32 5 28 14 18 24 28 21 25 26 17 22 21 15 29 4 12 22 27 23 22 22 29 17 38 5 28 16 19 13 27 0 22 26 33 31 25 21 26 19 21 2 12 23 32 22
6 22 41 3 32 45 17 41 14 24 6 6 1 38 29 39 40 38 16 41 26 15 43 40 24 39 0 11 17 35 27 43 37 41 21 44 22 0 5 35 21 44 21 27 41 41 20 13 23 31 6
5 27 46 4 36 50 21 46 19 29 5 6 6 43 34 43 44 43 19 46 30 20 48 45 29 42 5 7 19 39 31 48 41 45 24 49 26 5 0 40 24 49 26 32 45 45 24 18 28 36 11
41 21 14 38 35 23 34 19 23 15 41 36 36 20 7 39 53 27 43 17 33 25 35 19 11 54 35 46 45 11 34 23 47 48 44 28 33 35 40 0 21 31 14 8 47 52 34 25 12 7 29
27 23 31 24 38 38 28 34 17 18 27 18 22 32 18 44 53 36 36 32 33 19 44 34 14 53 21 31 37 15 34 37 47 49 38 41 31 21 24 21 0 42 13 16 49 52 31 19 13 14 15
49 22 18 46 15 12 30 13 30 24 49 47 44 12 28 11 30 6 39 14 21 29 4 12 28 32 44 54 41 41 20 9 25 21 35 3 25 44 49 31 42 0 29 29 20 27 27 31 29 35 40
27 10 20 24 25 27 20 23 9 5 27 22 22 20 8 31 42 23 29 21 22 11 31 22 3 43 21 32 31 18 23 25 36 38 30 29 21 21 26 14 13 29 0 6 37 41 22 11 2 12 15
33 14 15 30 29 23 26 19 15 8 33 28 28 18 2 33 46 24 35 17 26 17 31 19 3 47 27 38 37 12 27 23 40 42 36 27 26 27 32 8 16 29 6 0 41 45 27 17 4 6 21
43 27 36 41 12 32 24 31 32 33 43 47 40 28 40 9 10 21 29 32 16 30 16 30 38 12 41 48 30 53 15 29 6 1 24 23 19 41 45 47 49 20 37 41 0 7 21 31 38 47 41
41 31 43 41 18 39 25 38 35 37 41 47 40 35 45 16 3 28 26 39 19 33 23 37 42 5 41 45 27 57 18 36 5 6 21 30 21 41 45 52 52 27 41 45 7 0 22 33 42 51 42
22 13 33 20 12 34 3 30 14 19 22 26 19 27 27 19 22 23 13 31 6 12 24 29 24 22 20 27 15 39 7 30 17 21 11 29 2 20 24 34 31 27 22 27 21 22 0 12 24 33 20
18 9 29 15 20 32 9 28 2 12 18 17 13 25 19 27 34 25 18 28 15 2 30 27 14 34 13 23 20 29 16 30 28 31 19 31 12 13 18 25 19 31 11 17 31 33 12 0 13 23 10
29 11 18 26 26 25 22 21 11 5 29 24 24 19 6 31 43 23 31 19 23 13 31 21 1 44 23 34 33 16 24 24 37 39 32 28 23 23 28 12 13 29 2 4 38 42 24 13 0 10 17
37 20 20 34 35 28 32 24 21 14 37 31 32 24 8 39 52 30 41 22 32 23 37 24 9 53 31 42 43 6 33 28 46 48 42 33 32 31 36 7 14 35 12 6 47 51 33 23 10 0 25
12 18 35 9 30 41 17 37 10 19 12 7 7 34 23 37 42 34 21 36 25 12 40 36 18 42 6 17 22 29 26 39 37 41 25 40 22 6 11 29 15 40 15 21 41 42 20 10 17 25 0
0 682
437 641
332 536
402 606
288 492
455 659
398 602
229 433
439 643
211 415
78 282
123 327
364 568
248 452
322 526
227 431
205 409
25 229
130 334
240 444
130 334
325 529
108 312
111 315
279 483
362 566
274 478
155 359
324 528
130 334
202 406
7 211
44 248
38 242
120 324
379 583
250 454
128 332
354 558
222 426
352 556
213 417
298 502
188 392
257 461
172 376
156 360
105 309
325 529
447 651
392 596
0
65
77
65
89
15
25
40
32
61
47
40
34
55
37
31
52
69
38
42
53
21
71
73
51
29
32
76
53
60
88
45
22
53
65
40
88
38
69
47
29
59
32
49
76
39
27
22
68
49
62
