51
1625
0 40 37 42 38 39 23 20 7 41 9 51 32 51 23 12 28 31 10 33 29 9 14 34 54 37 40 22 17 21 46 20 19 24 40 17 20 37 29 15 44 21 45 44 13 18 40 0 43 51 41
40 0 8 20 28 22 17 24 37 13 31 25 35 20 21 39 20 43 31 12 11 41 32 27 26 7 23 34 33 26 18 38 30 35 6 41 42 5 30 27 22 24 17 11 33 35 15 40 14 25 20
37 8 0 27 34 29 15 18 35 5 28 33 40 28 23 33 12 46 28 17 9 36 26 32 34 1 30 27 27 28 26 40 24 37 4 43 44 3 35 23 15 18 11 7 33 37 7 37 7 33 12
42 20 27 0 8 3 24 35 35 32 36 9 19 11 19 47 34 27 37 12 22 47 40 9 12 26 3 45 42 21 6 28 41 23 26 34 33 24 15 35 42 36 37 31 29 29 34 42 34 9 39
38 28 34 8 0 6 27 38 31 39 35 16 12 19 18 46 39 20 36 17 27 46 41 4 19 33 5 48 44 17 14 22 44 17 34 28 27 31 9 36 49 39 45 39 25 23 41 38 41 16 46
39 22 29 3 6 0 24 35 32 34 33 12 16 14 16 44 34 24 34 12 22 44 39 6 15 28 1 45 42 18 9 25 41 20 28 31 30 26 12 34 44 36 39 33 26 26 36 39 36 12 41
23 17 15 24 27 24 0 11 20 20 14 33 28 31 10 23 14 33 14 12 6 25 16 24 35 14 25 21 18 15 26 26 17 24 17 29 30 14 23 11 28 12 26 22 18 23 21 23 22 33 25
20 24 18 35 38 35 11 0 21 21 11 44 38 41 20 15 8 41 10 23 14 18 8 34 46 19 36 10 9 24 37 31 6 32 22 32 35 20 33 5 24 1 25 25 22 28 20 20 23 44 21
7 37 35 35 31 32 20 21 0 40 10 44 25 45 17 18 29 24 11 27 26 16 16 27 47 34 33 24 19 14 40 13 21 17 37 11 14 34 22 16 45 22 46 42 6 11 41 7 42 44 42
41 13 5 32 39 34 20 21 40 0 32 38 45 33 28 36 14 51 31 22 14 39 29 37 39 6 35 29 29 33 31 45 27 42 7 48 49 8 40 26 10 20 6 4 38 42 2 41 2 38 7
9 31 28 36 35 33 14 11 10 32 0 45 31 44 17 11 19 33 1 25 20 11 6 31 48 28 34 14 9 18 39 22 11 24 31 21 24 28 28 6 35 12 36 35 13 19 31 9 34 45 32
51 25 33 9 16 12 33 44 44 38 45 0 28 6 28 56 43 36 46 21 31 56 49 18 3 32 11 54 51 30 7 37 50 32 31 43 42 30 24 44 47 45 42 36 38 38 40 51 39 0 45
32 35 40 19 12 16 28 38 25 45 31 28 0 30 18 42 42 8 32 23 31 41 37 10 31 39 17 45 40 14 25 13 42 8 40 19 17 37 5 34 55 39 51 46 19 14 47 32 47 28 52
51 20 28 11 19 14 31 41 45 33 44 6 30 0 28 54 39 38 45 19 27 55 47 20 6 27 14 51 49 31 5 39 47 34 26 45 44 25 26 42 41 41 36 30 39 40 35 51 33 6 40
23 21 23 19 18 16 10 20 17 28 17 28 18 28 0 28 24 23 18 10 14 28 23 14 31 22 17 30 26 5 23 17 26 14 25 20 21 21 13 18 38 21 34 30 12 14 30 23 30 28 35
12 39 33 47 46 44 23 15 18 36 11 56 42 54 28 0 23 42 10 35 28 3 7 42 58 34 45 11 7 29 49 31 10 34 37 29 32 35 39 12 39 16 40 40 23 28 35 12 38 56 36
28 20 12 34 39 34 14 8 29 14 19 43 42 39 24 23 0 47 18 22 12 26 16 37 45 13 35 15 16 29 36 39 13 38 16 40 43 15 37 13 16 7 17 18 30 36 12 28 15 43 13
31 43 46 27 20 24 33 41 24 51 33 36 8 38 23 42 47 0 34 31 37 40 39 18 39 45 25 47 42 18 33 11 44 9 48 15 12 44 13 37 61 42 57 53 20 14 53 31 53 36 58
10 31 28 37 36 34 14 10 11 31 1 46 32 45 18 10 18 34 0 26 20 11 5 32 49 28 35 13 8 19 40 23 10 25 31 22 25 28 29 5 34 11 35 35 14 20 30 10 33 46 31
33 12 17 12 17 12 12 23 27 22 25 21 23 19 10 35 22 31 26 0 10 36 28 15 23 16 13 33 30 15 14 27 29 23 17 30 31 14 18 23 32 24 28 23 22 24 24 33 24 21 29
29 11 9 22 27 22 6 14 26 14 20 31 31 27 14 28 12 37 20 10 0 30 21 25 33 8 23 24 23 19 24 31 20 28 11 34 35 8 26 16 24 14 20 16 24 28 16 29 16 31 21
9 41 36 47 46 44 25 18 16 39 11 56 41 55 28 3 26 40 11 36 30 0 10 42 59 37 45 14 10 29 50 29 13 33 40 26 29 37 38 14 42 19 43 43 22 27 38 9 41 56 39
14 32 26 40 41 39 16 8 16 29 6 49 37 47 23 7 16 39 5 28 21 10 0 37 51 27 40 8 3 24 42 28 5 30 30 27 30 28 34 5 32 9 33 33 19 25 28 14 31 49 29
34 27 32 9 4 6 24 34 27 37 31 18 10 20 14 42 37 18 32 15 25 42 37 0 21 31 7 44 40 13 15 19 40 14 32 25 24 29 6 32 47 35 43 38 21 20 39 34 39 18 44
54 26 34 12 19 15 35 46 47 39 48 3 31 6 31 58 45 39 49 23 33 59 51 21 0 33 14 56 53 33 9 40 52 35 32 46 45 31 27 46 47 47 42 36 41 41 41 54 39 3 46
37 7 1 26 33 28 14 19 34 6 28 32 39 27 22 34 13 45 28 16 8 37 27 31 33 0 29 28 27 27 25 39 25 36 3 42 43 2 34 23 16 18 12 8 32 36 8 37 8 32 13
40 23 30 3 5 1 25 36 33 35 34 11 17 14 17 45 35 25 35 13 23 45 40 7 14 29 0 46 43 19 9 26 42 21 29 32 31 27 13 35 45 37 40 34 27 27 37 40 37 11 42
22 34 27 45 48 45 21 10 24 29 14 54 45 51 30 11 15 47 13 33 24 14 8 44 56 28 46 0 5 32 47 36 4 38 31 35 38 29 42 12 29 10 32 33 27 33 27 22 30 54 26
17 33 27 42 44 42 18 9 19 29 9 51 40 49 26 7 16 42 8 30 23 10 3 40 53 27 43 5 0 27 44 31 3 33 30 30 33 28 37 8 32 9 33 33 22 28 28 17 31 51 29
21 26 28 21 17 18 15 24 14 33 18 30 14 31 5 29 29 18 19 15 19 29 24 13 33 27 19 32 27 0 26 12 28 9 30 15 16 26 10 20 43 25 39 35 8 9 35 21 35 30 40
46 18 26 6 14 9 26 37 40 31 39 7 25 5 23 49 36 33 40 14 24 50 42 15 9 25 9 47 44 26 0 34 43 29 24 40 39 23 21 37 40 38 35 29 34 35 33 46 32 7 38
20 38 40 28 22 25 26 31 13 45 22 37 13 39 17 31 39 11 23 27 31 29 28 19 40 39 26 36 31 12 34 0 33 5 42 6 5 38 13 26 54 32 51 47 9 3 47 20 47 37 51
19 30 24 41 44 41 17 6 21 27 11 50 42 47 26 10 13 44 10 29 20 13 5 40 52 25 42 4 3 28 43 33 0 35 28 32 35 26 38 8 29 7 30 31 24 30 25 19 28 50 26
24 35 37 23 17 20 24 32 17 42 24 32 8 34 14 34 38 9 25 23 28 33 30 14 35 36 21 38 33 9 29 5 35 0 39 11 10 35 8 28 52 33 48 44 11 6 44 24 44 32 49
40 6 4 26 34 28 17 22 37 7 31 31 40 26 25 37 16 48 31 17 11 40 30 32 32 3 29 31 30 30 24 42 28 39 0 45 46 4 35 26 16 21 12 6 35 39 9 40 8 31 14
17 41 43 34 28 31 29 32 11 48 21 43 19 45 20 29 40 15 22 30 34 26 27 25 46 42 32 35 30 15 40 6 32 11 45 0 3 41 19 27 56 33 54 50 11 6 50 17 50 43 53
20 42 44 33 27 30 30 35 14 49 24 42 17 44 21 32 43 12 25 31 35 29 30 24 45 43 31 38 33 16 39 5 35 10 46 3 0 42 18 30 58 36 55 51 13 7 51 20 51 42 55
37 5 3 24 31 26 14 20 34 8 28 30 37 25 21 35 15 44 28 14 8 37 28 29 31 2 27 29 28 26 23 38 26 35 4 41 42 0 32 23 18 19 14 9 32 35 10 37 10 30 15
29 30 35 15 9 12 23 33 22 40 28 24 5 26 13 39 37 13 29 18 26 38 34 6 27 34 13 42 37 10 21 13 38 8 35 19 18 32 0 30 50 34 46 41 16 14 42 29 42 24 47
15 27 23 35 36 34 11 5 16 26 6 44 34 42 18 12 13 37 5 23 16 14 5 32 46 23 35 12 8 20 37 26 8 28 26 27 30 23 30 0 29 6 30 30 17 23 25 15 28 44 26
44 22 15 42 49 44 28 24 45 10 35 47 55 41 38 39 16 61 34 32 24 42 32 47 47 16 45 29 32 43 40 54 29 52 16 56 58 18 50 29 0 23 5 11 46 51 8 44 8 47 3
21 24 18 36 39 36 12 1 22 20 12 45 39 41 21 16 7 42 11 24 14 19 9 35 47 18 37 10 9 25 38 32 7 33 21 33 36 19 34 6 23 0 24 24 23 29 19 21 22 45 20
45 17 11 37 45 39 26 25 46 6 36 42 51 36 34 40 17 57 35 28 20 43 33 43 42 12 40 32 33 39 35 51 30 48 12 54 55 14 46 30 5 24 0 6 44 48 5 45 4 42 6
44 11 7 31 39 33 22 25 42 4 35 36 46 30 30 40 18 53 35 23 16 43 33 38 36 8 34 33 33 35 29 47 31 44 6 50 51 9 41 30 11 24 6 0 40 44 6 44 3 36 10
13 33 33 29 25 26 18 22 6 38 13 38 19 39 12 23 30 20 14 22 24 22 19 21 41 32 27 27 22 8 34 9 24 11 35 11 13 32 16 17 46 23 44 40 0 6 39 13 40 38 43
18 35 37 29 23 26 23 28 11 42 19 38 14 40 14 28 36 14 20 24 28 27 25 20 41 36 27 33 28 9 35 3 30 6 39 6 7 35 14 23 51 29 48 44 6 0 44 18 44 38 48
40 15 7 34 41 36 21 20 41 2 31 40 47 35 30 35 12 53 30 24 16 38 28 39 41 8 37 27 28 35 33 47 25 44 9 50 51 10 42 25 8 19 5 6 39 44 0 40 3 40 5
0 40 37 42 38 39 23 20 7 41 9 51 32 51 23 12 28 31 10 33 29 9 14 34 54 37 40 22 17 21 46 20 19 24 40 17 20 37 29 15 44 21 45 44 13 18 40 0 43 51 41
43 14 7 34 41 36 22 23 42 2 34 39 47 33 30 38 15 53 33 24 16 41 31 39 39 8 37 30 31 35 32 47 28 44 8 50 51 10 42 28 8 22 4 3 40 44 3 43 0 39 7
51 25 33 9 16 12 33 44 44 38 45 0 28 6 28 56 43 36 46 21 31 56 49 18 3 32 11 54 51 30 7 37 50 32 31 43 42 30 24 44 47 45 42 36 38 38 40 51 39 0 45
41 20 12 39 46 41 25 21 42 7 32 45 52 40 35 36 13 58 31 29 21 39 29 44 46 13 42 26 29 40 38 51 26 49 14 53 55 15 47 26 3 20 6 10 43 48 5 41 7 45 0
0 819
251 496
280 525
292 537
236 481
567 812
106 351
430 675
442 687
132 377
500 745
351 596
478 723
35 280
426 671
357 602
501 746
1 246
553 798
126 371
440 685
10 255
71 316
442 687
155 400
197 442
288 533
198 443
63 308
496 741
472 717
379 624
563 808
39 284
365 610
294 539
254 499
435 680
393 638
464 709
263 508
466 711
252 497
45 290
283 528
310 555
147 392
295 540
440 685
520 765
105 350
0
62
73
22
60
30
30
53
62
30
56
57
51
44
54
18
50
54
27
43
42
39
35
29
57
45
63
42
69
47
61
26
43
65
32
16
25
79
56
66
42
60
62
81
72
61
68
65
67
57
51
