51
1628
0 32 18 9 8 13 15 15 30 30 20 14 37 33 20 27 39 17 35 27 20 21 10 25 7 31 27 20 30 13 25 8 19 19 29 8 16 23 8 14 6 23 13 9 29 30 17 28 25 38 17
32 0 17 24 26 33 33 38 18 16 46 18 17 8 40 33 18 39 9 18 38 27 40 36 27 13 22 23 16 33 32 39 30 34 26 27 33 35 33 20 33 16 39 40 18 19 16 7 33 6 41
18 17 0 13 14 16 25 21 26 24 29 5 19 21 32 31 31 22 23 23 31 13 28 33 15 13 24 20 24 16 29 23 25 28 28 11 25 20 17 13 17 5 27 27 11 26 2 11 19 21 31
9 24 13 0 2 18 12 22 21 21 29 8 31 24 19 20 30 24 26 18 18 23 16 20 3 25 18 11 21 18 18 17 12 15 20 11 12 28 15 5 14 18 15 16 24 21 11 22 29 30 18
8 26 14 2 0 18 11 21 23 23 28 9 32 26 18 20 32 23 28 20 17 23 14 20 1 26 19 12 23 18 18 16 12 14 21 11 11 28 14 7 13 19 13 14 25 23 12 23 29 32 17
13 33 16 18 18 0 28 5 38 38 13 17 31 37 33 38 47 6 39 35 33 11 21 37 17 27 35 29 38 0 36 11 30 31 38 7 28 10 5 22 7 19 25 19 22 38 18 27 13 37 29
15 33 25 12 11 28 0 30 23 24 35 20 43 30 7 12 32 32 32 21 6 34 13 10 11 37 17 11 24 28 10 23 4 4 17 21 1 38 23 13 21 30 8 15 36 22 23 32 39 39 9
15 38 21 22 21 5 30 0 43 43 8 22 36 42 34 41 52 2 44 40 35 16 21 40 21 32 40 33 43 5 39 10 33 34 42 12 31 12 7 27 9 24 26 19 27 43 23 32 16 42 30
30 18 26 21 23 38 23 43 0 2 50 23 35 10 29 16 9 44 11 3 27 39 36 20 24 30 6 13 2 38 16 38 19 23 8 31 22 46 36 16 35 29 31 36 34 1 24 23 45 22 31
30 16 24 21 23 38 24 43 2 0 50 21 33 8 29 18 9 44 9 3 27 37 36 22 24 28 7 13 0 38 18 38 20 23 10 31 23 44 36 16 35 27 32 36 32 3 22 21 43 20 32
20 46 29 29 28 13 35 8 50 50 0 30 44 50 36 46 59 7 52 47 37 23 23 45 27 40 47 40 50 13 44 12 38 39 49 20 36 18 14 34 15 32 28 21 35 50 31 40 22 50 32
14 18 5 8 9 17 20 22 23 21 30 0 23 21 27 26 30 23 23 20 26 17 23 28 10 17 20 15 21 17 24 22 20 23 24 10 20 24 16 8 16 10 22 22 16 23 3 14 23 24 26
37 17 19 31 32 31 43 36 35 33 44 23 0 25 50 48 35 37 26 35 49 21 46 50 33 6 38 37 33 31 46 41 43 46 42 29 43 29 34 31 35 14 45 45 9 36 20 13 25 15 49
33 8 21 24 26 37 30 42 10 8 50 21 25 0 36 26 10 43 2 11 34 34 40 30 27 21 15 19 8 37 26 41 26 30 18 31 29 41 37 19 37 23 38 40 26 11 20 15 40 12 38
20 40 32 19 18 33 7 34 29 29 36 27 50 36 0 14 38 36 38 26 2 41 13 10 18 44 23 17 29 33 13 24 10 6 21 28 7 43 28 20 26 37 8 15 43 28 30 39 45 46 5
27 33 31 20 20 38 12 41 16 18 46 26 48 26 14 0 25 43 27 16 12 43 25 4 21 42 12 11 18 38 2 34 8 9 8 31 11 48 34 18 33 36 20 27 42 15 29 36 49 38 18
39 18 31 30 32 47 32 52 9 9 59 30 35 10 38 25 0 53 9 12 36 44 45 29 33 31 15 22 9 47 25 47 28 32 17 40 31 51 45 25 44 33 40 45 36 10 29 25 50 21 40
17 39 22 24 23 6 32 2 44 44 7 23 37 43 36 43 53 0 45 41 37 16 23 42 23 33 41 35 44 6 41 12 35 36 44 13 33 11 9 28 11 25 28 21 28 44 24 33 15 43 32
35 9 23 26 28 39 32 44 11 9 52 23 26 2 38 27 9 45 0 12 36 36 42 31 29 22 16 21 9 39 27 43 28 32 19 33 31 43 39 21 39 25 40 42 27 12 22 16 42 13 40
27 18 23 18 20 35 21 40 3 3 47 20 35 11 26 16 12 41 12 0 24 36 33 19 21 29 4 10 3 35 15 35 17 20 8 28 20 43 33 13 32 27 29 33 32 3 21 22 42 23 29
20 38 31 18 17 33 6 35 27 27 37 26 49 34 2 12 36 37 36 24 0 40 14 8 17 43 21 15 27 33 11 25 8 4 19 27 6 43 28 19 26 36 9 16 42 26 29 38 45 44 6
21 27 13 23 23 11 34 16 39 37 23 17 21 34 41 43 44 16 36 36 40 0 31 43 23 17 37 32 37 11 41 22 35 37 41 13 34 8 15 25 17 11 34 29 12 39 15 20 6 30 38
10 40 28 16 14 21 13 21 36 36 23 23 46 40 13 25 45 23 42 33 14 31 0 22 13 40 30 23 36 21 23 11 17 17 30 18 14 31 16 21 14 33 5 2 39 35 26 37 34 46 9
25 36 33 20 20 37 10 40 20 22 45 28 50 30 10 4 29 42 31 19 8 43 22 0 20 44 15 13 22 37 4 33 8 6 12 30 9 47 33 20 31 38 17 24 44 19 31 38 48 42 14
7 27 15 3 1 17 11 21 24 24 27 10 33 27 18 21 33 23 29 21 17 23 13 20 0 27 20 13 24 17 19 15 13 14 22 10 11 27 14 8 12 20 13 13 26 24 13 24 28 33 16
31 13 13 25 26 27 37 32 30 28 40 17 6 21 44 42 31 33 22 29 43 17 40 44 27 0 32 31 28 27 40 35 37 40 36 23 37 25 28 25 29 8 39 39 5 31 14 7 22 14 43
27 22 24 18 19 35 17 40 6 7 47 20 38 15 23 12 15 41 16 4 21 37 30 15 20 32 0 7 7 35 11 35 13 17 4 28 16 44 33 13 32 29 25 30 34 5 22 25 43 27 25
20 23 20 11 12 29 11 33 13 13 40 15 37 19 17 11 22 35 21 10 15 32 23 13 13 31 7 0 13 29 9 28 7 11 9 22 10 39 26 7 25 25 19 23 31 12 18 25 38 29 19
30 16 24 21 23 38 24 43 2 0 50 21 33 8 29 18 9 44 9 3 27 37 36 22 24 28 7 13 0 38 18 38 20 23 10 31 23 44 36 16 35 27 32 36 32 3 22 21 43 20 32
13 33 16 18 18 0 28 5 38 38 13 17 31 37 33 38 47 6 39 35 33 11 21 37 17 27 35 29 38 0 36 11 30 31 38 7 28 10 5 22 7 19 25 19 22 38 18 27 13 37 29
25 32 29 18 18 36 10 39 16 18 44 24 46 26 13 2 25 41 27 15 11 41 23 4 19 40 11 9 18 36 0 32 6 7 8 29 9 46 32 16 31 34 18 25 40 15 27 34 47 38 17
8 39 23 17 16 11 23 10 38 38 12 22 41 41 24 34 47 12 43 35 25 22 11 33 15 35 35 28 38 11 32 0 26 27 37 12 24 21 8 22 6 27 16 9 33 38 23 34 24 44 20
19 30 25 12 12 30 4 33 19 20 38 20 43 26 10 8 28 35 28 17 8 35 17 8 13 37 13 7 20 30 6 26 0 4 13 23 3 40 26 12 25 30 12 19 36 18 23 31 41 36 12
19 34 28 15 14 31 4 34 23 23 39 23 46 30 6 9 32 36 32 20 4 37 17 6 14 40 17 11 23 31 7 27 4 0 15 24 3 41 27 16 25 33 12 19 39 22 26 35 42 40 10
29 26 28 20 21 38 17 42 8 10 49 24 42 18 21 8 17 44 19 8 19 41 30 12 22 36 4 9 10 38 8 37 13 15 0 31 16 48 35 16 34 33 25 32 38 7 26 29 47 30 25
8 27 11 11 11 7 21 12 31 31 20 10 29 31 28 31 40 13 33 28 27 13 18 30 10 23 28 22 31 7 29 12 23 24 31 0 21 17 6 15 6 15 21 17 21 31 11 22 18 32 25
16 33 25 12 11 28 1 31 22 23 36 20 43 29 7 11 31 33 31 20 6 34 14 9 11 37 16 10 23 28 9 24 3 3 16 21 0 38 24 13 22 30 9 16 36 21 23 32 39 39 9
23 35 20 28 28 10 38 12 46 44 18 24 29 41 43 48 51 11 43 43 43 8 31 47 27 25 44 39 44 10 46 21 40 41 48 17 38 0 15 32 17 19 35 29 20 46 22 28 4 38 39
8 33 17 15 14 5 23 7 36 36 14 16 34 37 28 34 45 9 39 33 28 15 16 33 14 28 33 26 36 5 32 8 26 27 35 6 24 15 0 20 2 20 20 14 25 36 17 28 18 38 24
14 20 13 5 7 22 13 27 16 16 34 8 31 19 20 18 25 28 21 13 19 25 21 20 8 25 13 7 16 22 16 22 12 16 16 15 13 32 20 0 19 18 19 21 24 16 11 19 31 26 21
6 33 17 14 13 7 21 9 35 35 15 16 35 37 26 33 44 11 39 32 26 17 14 31 12 29 32 25 35 7 31 6 25 25 34 6 22 17 2 19 0 21 18 12 27 35 17 28 20 38 22
23 16 5 18 19 19 30 24 29 27 32 10 14 23 37 36 33 25 25 27 36 11 33 38 20 8 29 25 27 19 34 27 30 33 33 15 30 19 20 18 21 0 32 32 6 30 7 9 17 19 36
13 39 27 15 13 25 8 26 31 32 28 22 45 38 8 20 40 28 40 29 9 34 5 17 13 39 25 19 32 25 18 16 12 12 25 21 9 35 20 19 18 32 0 7 38 30 25 36 38 45 4
9 40 27 16 14 19 15 19 36 36 21 22 45 40 15 27 45 21 42 33 16 29 2 24 13 39 30 23 36 19 25 9 19 19 32 17 16 29 14 21 12 32 7 0 38 35 25 36 32 46 11
29 18 11 24 25 22 36 27 34 32 35 16 9 26 43 42 36 28 27 32 42 12 39 44 26 5 34 31 32 22 40 33 36 39 38 21 36 20 25 24 27 6 38 38 0 35 13 11 17 19 42
30 19 26 21 23 38 22 43 1 3 50 23 36 11 28 15 10 44 12 3 26 39 35 19 24 31 5 12 3 38 15 38 18 22 7 31 21 46 36 16 35 30 30 35 35 0 24 24 45 23 30
17 16 2 11 12 18 23 23 24 22 31 3 20 20 30 29 29 24 22 21 29 15 26 31 13 14 22 18 22 18 27 23 23 26 26 11 23 22 17 11 17 7 25 25 13 24 0 11 21 21 29
28 7 11 22 23 27 32 32 23 21 40 14 13 15 39 36 25 33 16 22 38 20 37 38 24 7 25 25 21 27 34 34 31 35 29 22 32 28 28 19 28 9 36 36 11 24 11 0 26 10 40
25 33 19 29 29 13 39 16 45 43 22 23 25 40 45 49 50 15 42 42 45 6 34 48 28 22 43 38 43 13 47 24 41 42 47 18 39 4 18 31 20 17 38 32 17 45 21 26 0 36 42
38 6 21 30 32 37 39 42 22 20 50 24 15 12 46 38 21 43 13 23 44 30 46 42 33 14 27 29 20 37 38 44 36 40 30 32 39 38 38 26 38 19 45 46 19 23 21 10 36 0 47
17 41 31 18 17 29 9 30 31 32 32 26 49 38 5 18 40 32 40 29 6 38 9 14 16 43 25 19 32 29 17 20 12 10 25 25 9 39 24 21 22 36 4 11 42 30 29 40 42 47 0
0 519
111 370
89 348
132 391
61 320
153 412
23 282
96 355
185 444
43 302
101 360
259 518
193 452
23 282
133 392
250 509
259 518
3 262
162 421
165 424
30 289
183 442
198 457
163 422
0 259
71 330
258 517
101 360
81 340
136 395
254 513
52 311
190 449
11 270
132 391
33 292
181 440
197 456
24 283
239 498
254 513
187 446
85 344
28 287
215 474
106 365
185 444
48 307
257 516
118 377
60 319
0
59
26
35
48
48
69
33
39
72
32
74
50
85
81
33
69
75
43
79
40
59
79
51
20
21
14
21
39
32
52
31
43
69
62
55
69
39
54
44
25
44
18
28
46
78
30
80
79
67
65
