51
1625
0 39 2 30 15 26 19 28 22 16 39 28 10 24 0 6 6 15 20 1 39 30 9 14 16 4 33 31 39 20 2 28 32 18 35 8 12 20 23 23 28 29 34 6 25 9 6 20 28 34 15
39 0 37 17 33 16 21 26 18 36 1 15 36 43 39 38 34 48 35 38 33 10 48 38 27 43 7 8 42 21 38 14 8 27 29 45 38 35 35 42 27 13 9 43 30 42 45 20 42 43 25
2 37 0 28 14 24 18 27 20 16 37 27 10 23 2 5 5 16 19 1 38 29 11 13 15 6 31 29 38 19 1 26 30 17 34 10 11 19 22 22 27 28 32 7 24 9 8 19 27 33 14
30 17 28 0 19 5 21 9 10 22 16 22 32 27 30 32 26 34 19 29 17 16 38 24 25 34 12 11 25 20 29 6 10 13 13 38 35 19 18 26 33 21 8 31 33 36 36 18 25 26 22
15 33 14 19 0 17 24 15 17 3 32 31 23 12 15 19 16 15 5 14 24 28 20 5 24 16 27 25 24 23 15 19 25 6 22 23 25 5 8 11 36 32 25 13 34 23 21 22 13 19 22
26 16 24 5 17 0 16 12 5 20 15 18 27 27 26 27 21 32 19 25 21 12 35 22 20 30 10 8 29 15 25 2 8 11 17 34 30 19 19 26 28 17 8 28 28 31 32 13 26 29 17
19 21 18 21 24 16 0 27 11 27 20 9 15 36 19 17 13 34 29 19 37 11 28 28 6 23 15 15 44 1 17 15 16 21 33 24 17 29 30 35 12 10 19 25 12 21 24 3 37 42 4
28 26 27 9 15 12 27 0 16 16 25 30 34 20 28 32 27 29 12 27 11 24 35 20 30 31 21 20 17 26 28 14 19 10 7 36 37 12 10 19 39 29 17 28 39 36 34 24 16 17 27
22 18 20 10 17 5 11 16 0 20 17 15 22 27 22 22 16 31 19 21 26 11 31 22 15 26 12 10 33 10 20 6 10 11 22 29 25 19 20 26 23 15 12 25 23 26 28 8 27 32 12
16 36 16 22 3 20 27 16 20 0 35 34 26 9 16 21 19 13 4 15 23 31 20 4 27 16 30 28 23 26 17 22 28 9 22 24 27 4 7 8 39 35 28 13 37 25 22 25 12 18 25
39 1 37 16 32 15 20 25 17 35 0 15 35 42 39 37 33 47 34 38 32 9 48 37 26 43 6 8 41 20 37 13 7 26 28 44 37 34 34 41 27 13 8 42 30 41 44 19 41 42 24
28 15 27 22 31 18 9 30 15 34 15 0 24 42 28 26 22 43 34 28 39 7 37 36 15 32 11 12 47 9 26 16 13 26 35 33 26 34 35 41 12 2 16 34 15 30 33 10 42 47 13
10 36 10 32 23 27 15 34 22 26 35 24 0 33 10 5 7 25 28 11 45 26 19 23 9 14 30 29 47 16 9 28 30 24 41 11 3 28 31 32 19 25 33 16 15 6 12 17 36 42 11
24 43 23 27 12 27 36 20 27 9 42 42 33 0 24 28 27 15 8 23 24 38 25 10 36 22 37 35 19 35 24 29 35 16 24 30 34 8 10 1 48 42 35 19 46 32 28 34 6 13 34
0 39 2 30 15 26 19 28 22 16 39 28 10 24 0 6 6 15 20 1 39 30 9 14 16 4 33 31 39 20 2 28 32 18 35 8 12 20 23 23 28 29 34 6 25 9 6 20 28 34 15
6 38 5 32 19 27 17 32 22 21 37 26 5 28 6 0 6 21 24 6 43 28 15 18 13 10 32 31 43 18 4 28 32 22 39 7 6 24 27 27 24 27 34 12 20 4 7 19 32 38 13
6 34 5 26 16 21 13 27 16 19 33 22 7 27 6 6 0 21 21 6 38 24 15 17 10 10 27 26 40 14 4 22 26 17 34 13 10 21 24 26 22 23 28 12 20 10 12 14 29 35 9
15 48 16 34 15 32 34 29 31 13 47 43 25 15 15 21 21 0 17 15 36 42 10 10 31 11 42 40 34 34 17 34 40 21 35 19 27 17 20 14 43 44 40 9 40 23 17 34 21 28 30
20 35 19 19 5 19 29 12 19 4 34 34 28 8 20 24 21 17 0 19 19 30 24 8 29 20 29 27 19 28 20 21 27 8 18 28 30 0 3 7 41 34 27 17 39 28 26 26 8 14 27
1 38 1 29 14 25 19 27 21 15 38 28 11 23 1 6 6 15 19 0 38 30 10 13 16 5 32 30 38 20 2 27 31 17 34 9 12 19 22 22 28 29 33 6 25 10 7 20 27 33 15
39 33 38 17 24 21 37 11 26 23 32 39 45 24 39 43 38 36 19 38 0 33 43 27 41 39 29 28 10 36 39 23 27 21 4 47 48 19 16 24 49 38 24 36 49 47 45 34 18 14 38
30 10 29 16 28 12 11 24 11 31 9 7 26 38 30 28 24 42 30 30 33 0 39 33 17 34 4 5 41 11 28 10 6 22 29 35 28 30 31 37 19 5 9 36 21 32 35 10 38 41 15
9 48 11 38 20 35 28 35 31 20 48 37 19 25 9 15 15 10 24 10 43 39 0 16 25 5 42 40 43 29 11 37 41 26 42 11 21 24 27 24 37 38 43 7 34 16 9 29 31 38 24
14 38 13 24 5 22 28 20 22 4 37 36 23 10 14 18 17 10 8 13 27 33 16 0 26 12 32 30 27 27 14 24 30 11 26 20 24 8 11 9 38 36 30 9 36 22 18 26 15 22 24
16 27 15 25 24 20 6 30 15 27 26 15 9 36 16 13 10 31 29 16 41 17 25 26 0 20 21 20 46 7 14 20 21 22 37 20 11 29 31 35 12 16 24 22 10 15 20 8 37 43 3
4 43 6 34 16 30 23 31 26 16 43 32 14 22 4 10 10 11 20 5 39 34 5 12 20 0 37 35 39 24 6 32 36 22 38 8 16 20 23 21 32 33 38 3 29 12 6 24 27 34 19
33 7 31 12 27 10 15 21 12 30 6 11 30 37 33 32 27 42 29 32 29 4 42 32 21 37 0 2 37 15 31 8 2 21 25 39 32 29 29 36 23 9 5 37 25 36 39 13 36 38 19
31 8 29 11 25 8 15 20 10 28 8 12 29 35 31 31 26 40 27 30 28 5 40 30 20 35 2 0 36 14 30 6 1 19 24 38 31 27 27 34 24 10 4 35 26 35 37 12 34 37 18
39 42 38 25 24 29 44 17 33 23 41 47 47 19 39 43 40 34 19 38 10 41 43 27 46 39 37 36 0 43 39 31 35 24 13 47 49 19 16 20 56 46 33 36 56 47 45 41 13 6 43
20 21 19 20 23 15 1 26 10 26 20 9 16 35 20 18 14 34 28 20 36 11 29 27 7 24 15 14 43 0 18 14 15 20 32 25 18 28 29 34 13 10 18 26 13 22 25 2 36 41 5
2 38 1 29 15 25 17 28 20 17 37 26 9 24 2 4 4 17 20 2 39 28 11 14 14 6 31 30 39 18 0 26 30 18 35 9 10 20 23 23 26 27 32 8 23 8 8 18 28 34 13
28 14 26 6 19 2 15 14 6 22 13 16 28 29 28 28 22 34 21 27 23 10 37 24 20 32 8 6 31 14 26 0 6 13 19 35 31 21 21 28 27 15 6 30 27 32 34 12 28 31 18
32 8 30 10 25 8 16 19 10 28 7 13 30 35 32 32 26 40 27 31 27 6 41 30 21 36 2 1 35 15 30 6 0 19 23 39 32 27 27 34 25 11 3 35 27 36 38 13 34 36 19
18 27 17 13 6 11 21 10 11 9 26 26 24 16 18 22 17 21 8 17 21 22 26 11 22 22 21 19 24 20 18 13 19 0 17 26 27 8 9 15 33 26 19 19 32 26 24 18 16 21 19
35 29 34 13 22 17 33 7 22 22 28 35 41 24 35 39 34 35 18 34 4 29 42 26 37 38 25 24 13 32 35 19 23 17 0 43 44 18 15 24 45 34 20 35 45 43 41 30 18 16 34
8 45 10 38 23 34 24 36 29 24 44 33 11 30 8 7 13 19 28 9 47 35 11 20 20 8 39 38 47 25 9 35 39 26 43 0 10 28 31 29 29 34 41 11 25 5 2 26 35 42 20
12 38 11 35 25 30 17 37 25 27 37 26 3 34 12 6 10 27 30 12 48 28 21 24 11 16 32 31 49 18 10 31 32 27 44 10 0 30 33 33 19 27 35 18 15 5 12 19 38 44 13
20 35 19 19 5 19 29 12 19 4 34 34 28 8 20 24 21 17 0 19 19 30 24 8 29 20 29 27 19 28 20 21 27 8 18 28 30 0 3 7 41 34 27 17 39 28 26 26 8 14 27
23 35 22 18 8 19 30 10 20 7 34 35 31 10 23 27 24 20 3 22 16 31 27 11 31 23 29 27 16 29 23 21 27 9 15 31 33 3 0 9 42 35 26 20 41 31 29 27 7 12 28
23 42 22 26 11 26 35 19 26 8 41 41 32 1 23 27 26 14 7 22 24 37 24 9 35 21 36 34 20 34 23 28 34 15 24 29 33 7 9 0 47 41 34 18 45 31 27 33 7 14 33
28 27 27 33 36 28 12 39 23 39 27 12 19 48 28 24 22 43 41 28 49 19 37 38 12 32 23 24 56 13 26 27 25 33 45 29 19 41 42 47 0 14 28 34 4 24 31 15 49 54 14
29 13 28 21 32 17 10 29 15 35 13 2 25 42 29 27 23 44 34 29 38 5 38 36 16 33 9 10 46 10 27 15 11 26 34 34 27 34 35 41 14 0 14 35 17 31 34 10 42 46 14
34 9 32 8 25 8 19 17 12 28 8 16 33 35 34 34 28 40 27 33 24 9 43 30 24 38 5 4 33 18 32 6 3 19 20 41 35 27 26 34 28 14 0 36 30 38 40 16 33 34 22
6 43 7 31 13 28 25 28 25 13 42 34 16 19 6 12 12 9 17 6 36 36 7 9 22 3 37 35 36 26 8 30 35 19 35 11 18 17 20 18 34 35 36 0 31 15 9 26 24 31 21
25 30 24 33 34 28 12 39 23 37 30 15 15 46 25 20 20 40 39 25 49 21 34 36 10 29 25 26 56 13 23 27 27 32 45 25 15 39 41 45 4 17 30 31 0 20 27 15 47 53 13
9 42 9 36 23 31 21 36 26 25 41 30 6 32 9 4 10 23 28 10 47 32 16 22 15 12 36 35 47 22 8 32 36 26 43 5 5 28 31 31 24 31 38 15 20 0 7 23 36 42 17
6 45 8 36 21 32 24 34 28 22 44 33 12 28 6 7 12 17 26 7 45 35 9 18 20 6 39 37 45 25 8 34 38 24 41 2 12 26 29 27 31 34 40 9 27 7 0 26 33 40 20
20 20 19 18 22 13 3 24 8 25 19 10 17 34 20 19 14 34 26 20 34 10 29 26 8 24 13 12 41 2 18 12 13 18 30 26 19 26 27 33 15 10 16 26 15 23 26 0 34 39 6
28 42 27 25 13 26 37 16 27 12 41 42 36 6 28 32 29 21 8 27 18 38 31 15 37 27 36 34 13 36 28 28 34 16 18 35 38 8 7 7 49 42 33 24 47 36 33 34 0 7 35
34 43 33 26 19 29 42 17 32 18 42 47 42 13 34 38 35 28 14 33 14 41 38 22 43 34 38 37 6 41 34 31 36 21 16 42 44 14 12 14 54 46 34 31 53 42 40 39 7 0 40
15 25 14 22 22 17 4 27 12 25 24 13 11 34 15 13 9 30 27 15 38 15 24 24 3 19 19 18 43 5 13 18 19 19 34 20 13 27 28 33 14 14 22 21 13 17 20 6 35 40 0
0 655
204 466
156 418
103 365
48 310
367 629
45 307
292 554
157 419
373 635
179 441
184 446
367 629
130 392
254 516
341 603
209 471
314 576
234 496
67 329
84 346
14 276
133 395
379 641
110 372
146 408
43 305
252 514
250 512
300 562
296 558
357 619
44 306
317 579
280 542
26 288
328 590
122 384
310 572
15 277
45 307
351 613
158 420
17 279
318 580
368 630
247 509
156 418
352 614
367 629
180 442
0
38
33
34
61
63
54
59
50
58
35
63
60
27
71
70
85
75
51
69
33
42
30
77
76
81
67
26
15
21
27
59
38
61
64
16
41
35
51
66
51
61
26
51
49
60
77
42
53
27
21
