51
1623
0 8 44 29 47 34 41 44 20 25 45 5 43 51 19 13 27 29 30 46 32 10 45 17 9 18 29 42 9 31 45 33 24 30 19 31 46 44 6 33 11 27 26 30 45 39 32 19 16 18 20
8 0 46 21 43 34 44 47 12 27 46 3 48 47 21 5 20 24 34 48 25 18 47 25 12 26 35 47 5 36 48 29 27 23 26 35 51 41 2 38 13 32 31 23 48 36 37 11 8 26 27
44 46 0 41 25 18 7 7 46 19 9 43 18 28 25 44 35 29 16 5 33 43 2 44 35 35 28 21 41 24 9 25 21 34 37 15 17 21 44 21 33 22 24 34 9 21 20 45 42 35 31
29 21 41 0 28 24 43 46 9 28 37 24 53 32 24 16 6 12 38 46 10 39 43 46 25 43 45 53 20 44 47 17 31 8 44 38 54 29 23 44 23 40 41 8 47 24 43 10 13 43 41
47 43 25 28 0 14 31 32 35 26 16 44 42 4 30 38 23 19 34 30 18 52 27 59 38 50 46 45 40 43 34 14 32 20 52 33 42 4 45 40 36 40 42 20 34 8 39 35 35 50 47
34 34 18 24 14 0 21 23 30 12 13 33 32 18 16 30 18 12 21 23 15 38 20 45 25 36 32 34 29 30 25 7 18 16 38 20 32 11 34 27 23 27 28 16 25 6 26 29 27 36 33
41 44 7 43 31 21 0 3 45 17 16 41 11 35 23 42 37 31 11 5 36 38 6 39 33 30 21 14 39 17 4 28 18 36 32 10 11 27 42 14 31 17 19 36 4 26 13 44 41 30 26
44 47 7 46 32 23 3 0 48 20 16 44 11 35 26 45 40 34 14 2 38 41 5 42 36 33 24 15 42 20 2 30 21 39 35 13 10 28 45 17 34 20 22 39 2 27 16 47 44 33 29
20 12 46 9 35 30 45 48 0 28 43 15 51 39 22 7 12 18 36 49 17 30 48 37 18 36 41 51 11 42 49 23 29 15 37 37 54 35 14 42 17 38 37 15 49 30 41 1 5 36 35
25 27 19 28 26 12 17 20 28 0 20 24 25 30 6 25 22 16 10 21 22 27 20 33 16 24 20 25 22 19 21 16 6 21 26 10 27 23 25 17 14 15 16 21 21 18 16 27 24 24 21
45 46 9 37 16 13 16 16 43 20 0 44 27 19 26 43 31 25 22 14 28 47 11 50 36 41 34 30 41 31 18 20 24 29 43 21 26 12 45 28 34 28 30 29 18 13 27 42 40 41 37
5 3 43 24 44 33 41 44 15 24 44 0 45 48 18 8 22 25 31 45 27 15 44 22 9 23 32 44 4 33 45 30 24 25 23 32 48 42 1 35 10 29 28 25 45 37 34 14 11 23 24
43 48 18 53 42 32 11 11 51 25 27 45 0 46 29 48 47 41 15 13 47 37 16 38 37 29 18 4 44 14 9 39 22 46 31 15 3 38 46 11 36 16 18 46 9 37 11 50 47 29 25
51 47 28 32 4 18 35 35 39 30 19 48 46 0 34 42 27 23 38 33 22 56 30 63 42 54 50 49 44 47 37 18 36 24 56 37 45 8 49 44 40 44 46 24 37 12 43 39 39 54 51
19 21 25 24 30 16 23 26 22 6 26 18 29 34 0 19 19 15 14 27 21 22 26 29 10 21 21 29 16 20 27 17 7 20 23 15 32 27 19 20 8 16 17 20 27 22 19 21 18 21 19
13 5 44 16 38 30 42 45 7 25 43 8 48 42 19 0 15 19 33 46 20 23 45 30 12 29 36 47 4 37 46 24 26 18 30 34 51 36 7 38 12 33 32 18 46 31 38 6 3 29 29
27 20 35 6 23 18 37 40 12 22 31 22 47 27 19 15 0 6 32 40 5 35 37 42 21 39 40 47 18 39 41 11 26 3 40 32 48 23 22 39 19 35 36 3 41 18 38 12 12 39 37
29 24 29 12 19 12 31 34 18 16 25 25 41 23 15 19 6 0 26 34 6 34 31 41 20 36 36 41 21 34 35 5 21 5 38 26 42 17 26 33 18 30 32 5 35 12 32 17 16 36 34
30 34 16 38 34 21 11 14 36 10 22 31 15 38 14 33 32 26 0 16 32 27 17 28 22 19 12 15 29 9 15 26 7 31 21 1 18 30 32 7 21 6 8 31 15 27 6 35 32 19 15
46 48 5 46 30 23 5 2 49 21 14 45 13 33 27 46 40 34 16 0 38 43 3 44 37 35 26 17 43 22 4 30 22 39 37 15 12 26 46 19 35 22 24 39 4 26 18 48 45 35 31
32 25 33 10 18 15 36 38 17 22 28 27 47 22 21 20 5 6 32 38 0 39 35 46 25 42 42 47 23 40 40 8 27 2 44 32 47 19 27 39 23 36 38 2 40 15 38 17 17 42 40
10 18 43 39 52 38 38 41 30 27 47 15 37 56 22 23 35 34 27 43 39 0 44 7 14 9 21 36 19 24 41 38 23 37 9 28 40 49 16 27 16 21 19 37 41 44 26 29 26 9 12
45 47 2 43 27 20 6 5 48 20 11 44 16 30 26 45 37 31 17 3 35 44 0 45 36 36 27 20 42 23 7 27 22 36 38 16 15 23 45 20 34 23 25 36 7 23 19 47 44 36 32
17 25 44 46 59 45 39 42 37 33 50 22 38 63 29 30 42 41 28 44 46 7 45 0 21 9 21 36 26 24 42 45 28 44 8 29 41 56 23 27 23 22 20 44 42 51 27 36 33 9 13
9 12 35 25 38 25 33 36 18 16 36 9 37 42 10 12 21 20 22 37 25 14 36 21 0 18 24 36 8 25 37 24 15 23 19 23 40 35 10 27 2 21 20 23 37 30 26 17 13 18 17
18 26 35 43 50 36 30 33 36 24 41 23 29 54 21 29 39 36 19 35 42 9 36 9 18 0 12 27 25 15 33 38 19 40 2 20 32 47 24 18 20 13 11 40 33 42 18 35 31 0 4
29 35 28 45 46 32 21 24 41 20 34 32 18 50 21 36 40 36 12 26 42 21 27 21 24 12 0 15 32 4 23 36 15 41 14 13 21 42 33 7 24 6 4 41 23 38 8 40 36 12 9
42 47 21 53 45 34 14 15 51 25 30 44 4 49 29 47 47 41 15 17 47 36 20 36 36 27 15 0 43 12 13 41 22 46 29 15 7 41 45 9 35 15 17 46 13 39 10 50 47 27 24
9 5 41 20 40 29 39 42 11 22 41 4 44 44 16 4 18 21 29 43 23 19 42 26 8 25 32 43 0 33 43 26 22 21 26 30 47 38 5 34 8 29 28 21 43 33 34 10 7 25 25
31 36 24 44 43 30 17 20 42 19 31 33 14 47 20 37 39 34 9 22 40 24 23 24 25 15 4 12 33 0 19 35 13 39 17 10 17 39 34 3 25 4 5 39 19 36 4 41 37 15 12
45 48 9 47 34 25 4 2 49 21 18 45 9 37 27 46 41 35 15 4 40 41 7 42 37 33 23 13 43 19 0 32 22 40 35 14 8 30 46 16 35 20 22 40 0 29 15 48 45 33 29
33 29 25 17 14 7 28 30 23 16 20 30 39 18 17 24 11 5 26 30 8 38 27 45 24 38 36 41 26 35 32 0 22 9 40 26 39 12 31 33 22 31 32 9 32 7 32 22 21 38 36
24 27 21 31 32 18 18 21 29 6 24 24 22 36 7 26 26 21 7 22 27 23 22 28 15 19 15 22 22 13 22 22 0 26 21 8 25 29 25 13 14 9 11 26 22 24 12 28 25 19 15
30 23 34 8 20 16 36 39 15 21 29 25 46 24 20 18 3 5 31 39 2 37 36 44 23 40 41 46 21 39 40 9 26 0 42 31 47 21 25 38 21 35 37 0 40 16 37 15 15 40 38
19 26 37 44 52 38 32 35 37 26 43 23 31 56 23 30 40 38 21 37 44 9 38 8 19 2 14 29 26 17 35 40 21 42 0 22 34 49 24 20 21 15 13 42 35 44 20 36 32 2 6
31 35 15 38 33 20 10 13 37 10 21 32 15 37 15 34 32 26 1 15 32 28 16 29 23 20 13 15 30 10 14 26 8 31 22 0 17 29 33 7 22 7 9 31 14 26 6 36 33 20 16
46 51 17 54 42 32 11 10 54 27 26 48 3 45 32 51 48 42 18 12 47 40 15 41 40 32 21 7 47 17 8 39 25 47 34 17 0 38 49 14 39 19 21 47 8 37 14 53 50 32 28
44 41 21 29 4 11 27 28 35 23 12 42 38 8 27 36 23 17 30 26 19 49 23 56 35 47 42 41 38 39 30 12 29 21 49 29 38 0 43 36 33 36 38 21 30 5 35 34 33 47 44
6 2 44 23 45 34 42 45 14 25 45 1 46 49 19 7 22 26 32 46 27 16 45 23 10 24 33 45 5 34 46 31 25 25 24 33 49 43 0 36 11 30 29 25 46 38 35 13 10 24 25
33 38 21 44 40 27 14 17 42 17 28 35 11 44 20 38 39 33 7 19 39 27 20 27 27 18 7 9 34 3 16 33 13 38 20 7 14 36 36 0 26 6 8 38 16 33 1 41 38 18 15
11 13 33 23 36 23 31 34 17 14 34 10 36 40 8 12 19 18 21 35 23 16 34 23 2 20 24 35 8 25 35 22 14 21 21 22 39 33 11 26 0 21 20 21 35 28 26 16 12 20 19
27 32 22 40 40 27 17 20 38 15 28 29 16 44 16 33 35 30 6 22 36 21 23 22 21 13 6 15 29 4 20 31 9 35 15 7 19 36 30 6 21 0 2 35 20 33 5 37 33 13 9
26 31 24 41 42 28 19 22 37 16 30 28 18 46 17 32 36 32 8 24 38 19 25 20 20 11 4 17 28 5 22 32 11 37 13 9 21 38 29 8 20 2 0 37 22 34 7 36 32 11 7
30 23 34 8 20 16 36 39 15 21 29 25 46 24 20 18 3 5 31 39 2 37 36 44 23 40 41 46 21 39 40 9 26 0 42 31 47 21 25 38 21 35 37 0 40 16 37 15 15 40 38
45 48 9 47 34 25 4 2 49 21 18 45 9 37 27 46 41 35 15 4 40 41 7 42 37 33 23 13 43 19 0 32 22 40 35 14 8 30 46 16 35 20 22 40 0 29 15 48 45 33 29
39 36 21 24 8 6 26 27 30 18 13 37 37 12 22 31 18 12 27 26 15 44 23 51 30 42 38 39 33 36 29 7 24 16 44 26 37 5 38 33 28 33 34 16 29 0 32 29 28 42 39
32 37 20 43 39 26 13 16 41 16 27 34 11 43 19 38 38 32 6 18 38 26 19 27 26 18 8 10 34 4 15 32 12 37 20 6 14 35 35 1 26 5 7 37 15 32 0 40 37 18 14
19 11 45 10 35 29 44 47 1 27 42 14 50 39 21 6 12 17 35 48 17 29 47 36 17 35 40 50 10 41 48 22 28 15 36 36 53 34 13 41 16 37 36 15 48 29 40 0 4 35 34
16 8 42 13 35 27 41 44 5 24 40 11 47 39 18 3 12 16 32 45 17 26 44 33 13 31 36 47 7 37 45 21 25 15 32 33 50 33 10 38 12 33 32 15 45 28 37 4 0 31 30
18 26 35 43 50 36 30 33 36 24 41 23 29 54 21 29 39 36 19 35 42 9 36 9 18 0 12 27 25 15 33 38 19 40 2 20 32 47 24 18 20 13 11 40 33 42 18 35 31 0 4
20 27 31 41 47 33 26 29 35 21 37 24 25 51 19 29 37 34 15 31 40 12 32 13 17 4 9 24 25 12 29 36 15 38 6 16 28 44 25 15 19 9 7 38 29 39 14 34 30 4 0
0 682
593 593
487 487
279 279
414 414
628 628
223 223
372 372
281 281
145 145
19 19
626 626
12 12
446 446
401 401
343 343
109 109
452 452
234 234
402 402
554 554
289 289
168 168
543 543
638 638
15 15
67 67
61 61
275 275
6 6
228 228
229 229
68 68
89 89
637 637
525 525
619 619
159 159
153 153
664 664
91 91
177 177
571 571
123 123
414 414
676 676
631 631
394 394
544 544
323 323
87 87
0
80
55
39
30
67
23
58
67
17
42
61
44
54
70
45
27
62
49
76
34
52
52
55
87
64
36
22
38
31
21
76
33
36
17
51
86
43
80
36
63
32
59
74
41
86
50
24
30
65
56
