51
1625
0 21 35 15 38 13 27 11 22 24 45 41 21 11 9 21 2 39 41 25 6 15 18 14 20 21 30 13 24 18 15 12 19 15 39 25 23 13 12 28 39 27 23 12 40 21 19 28 23 30 17
21 0 20 12 44 15 33 18 11 6 49 35 9 32 19 26 23 33 45 14 16 7 5 17 15 9 34 13 5 3 27 29 24 16 33 7 13 26 10 9 21 6 19 16 25 33 24 11 9 15 38
35 20 0 20 38 23 32 26 13 14 39 19 29 44 39 27 37 18 36 10 29 27 25 23 35 29 26 22 15 23 32 36 25 22 18 13 33 33 24 14 9 17 14 36 5 35 25 9 14 5 47
15 12 20 0 33 4 22 7 7 11 38 27 19 25 20 15 17 25 34 10 9 12 14 6 23 19 23 2 11 11 16 19 13 5 25 11 23 15 5 15 24 14 9 19 25 22 13 13 9 15 29
38 44 38 33 0 30 11 29 36 41 9 24 51 36 47 18 39 24 6 34 35 44 46 27 55 51 12 31 42 43 23 27 20 28 24 40 55 25 36 44 47 44 28 48 39 17 20 40 38 38 34
13 15 23 4 30 0 19 3 11 15 36 28 21 21 19 12 15 26 32 13 7 14 16 3 25 21 21 2 15 14 12 15 10 2 26 15 25 11 6 19 28 18 11 20 28 18 10 17 13 19 25
27 33 32 22 11 19 0 18 27 32 18 22 40 26 36 7 28 21 14 25 24 33 35 16 44 40 8 20 33 32 12 17 9 17 21 31 44 14 25 35 41 35 19 37 33 8 9 31 29 31 26
11 18 26 7 29 3 18 0 14 18 35 30 23 18 18 11 13 28 31 16 6 16 18 3 26 23 20 5 18 16 9 12 9 4 28 18 27 8 8 22 31 21 13 19 30 15 9 20 16 22 22
22 11 13 7 36 11 27 14 0 5 39 24 20 32 26 20 24 22 35 3 16 16 15 12 26 20 24 9 6 12 22 25 18 11 22 4 24 22 11 8 17 8 8 25 18 28 18 6 2 8 36
24 6 14 11 41 15 32 18 5 0 44 29 15 35 25 25 26 27 40 8 18 13 11 17 21 15 29 13 1 9 27 30 23 16 27 1 19 26 12 4 15 3 13 22 19 33 23 5 3 9 40
45 49 39 38 9 36 18 35 39 44 0 21 57 44 53 24 46 21 4 37 41 50 52 33 61 57 15 37 45 49 30 35 26 34 21 43 61 32 42 47 48 47 31 54 37 25 26 43 41 40 43
41 35 19 27 24 28 22 30 24 29 21 0 44 43 47 23 43 2 19 21 35 39 39 27 50 44 14 28 30 36 29 34 22 26 2 28 48 31 32 31 28 32 18 46 17 30 22 26 26 22 45
21 9 29 19 51 21 40 23 20 15 57 44 0 31 14 33 22 42 53 23 18 7 5 24 6 0 42 20 14 8 32 32 31 23 42 16 4 30 15 18 30 15 28 11 34 38 31 20 18 24 37
11 32 44 25 36 21 26 18 32 35 44 43 31 0 18 21 9 41 40 34 17 26 29 21 29 31 32 23 35 29 14 9 21 22 41 36 33 13 23 39 49 38 31 21 48 19 21 38 34 40 6
9 19 39 20 47 19 36 18 26 25 53 47 14 18 0 29 10 45 49 29 12 12 15 21 11 14 38 19 24 16 24 21 27 21 45 26 15 22 15 28 40 25 29 3 44 30 27 30 26 34 24
21 26 27 15 18 12 7 11 20 25 24 23 33 21 29 0 22 21 20 19 17 26 28 9 37 33 11 13 26 25 7 12 2 10 21 24 37 9 18 28 35 28 13 30 30 8 2 25 22 25 23
2 23 37 17 39 15 28 13 24 26 46 43 22 9 10 22 0 41 42 27 8 17 20 16 21 22 32 15 26 20 16 12 21 17 41 27 25 14 14 30 41 29 25 13 42 22 21 30 25 32 15
39 33 18 25 24 26 21 28 22 27 21 2 42 41 45 21 41 0 19 19 33 37 37 25 48 42 13 26 28 34 27 32 20 24 0 26 46 29 30 29 27 30 16 44 16 28 20 24 24 20 43
41 45 36 34 6 32 14 31 35 40 4 19 53 40 49 20 42 19 0 33 37 46 48 29 57 53 11 33 41 45 26 31 22 30 19 39 57 28 38 43 45 43 27 50 35 21 22 39 37 37 39
25 14 10 10 34 13 25 16 3 8 37 21 23 34 29 19 27 19 33 0 19 19 18 13 29 23 22 12 9 15 23 26 17 12 19 7 27 23 14 11 16 11 6 28 15 27 17 6 5 6 37
6 16 29 9 35 7 24 6 16 18 41 35 18 17 12 17 8 33 37 19 0 11 14 9 20 18 26 7 18 13 14 14 15 9 33 19 22 12 6 22 33 21 17 13 34 20 15 22 17 24 22
15 7 27 12 44 14 33 16 16 13 50 39 7 26 12 26 17 37 46 19 11 0 3 17 11 7 35 13 12 4 25 25 24 16 37 14 11 23 8 16 28 13 21 9 32 31 24 18 15 22 32
18 5 25 14 46 16 35 18 15 11 52 39 5 29 15 28 20 37 48 18 14 3 0 19 11 5 37 15 10 3 27 28 26 18 37 12 9 26 10 14 26 11 23 12 30 33 26 16 14 20 35
14 17 23 6 27 3 16 3 12 17 33 27 24 21 21 9 16 25 29 13 9 17 19 0 28 24 18 4 17 16 10 13 7 1 25 16 28 10 9 20 29 20 10 22 27 16 7 18 14 19 24
20 15 35 23 55 25 44 26 26 21 61 50 6 29 11 37 21 48 57 29 20 11 11 28 0 6 46 24 20 14 34 32 35 27 48 22 4 32 19 24 36 21 32 8 40 40 35 26 24 30 35
21 9 29 19 51 21 40 23 20 15 57 44 0 31 14 33 22 42 53 23 18 7 5 24 6 0 42 20 14 8 32 32 31 23 42 16 4 30 15 18 30 15 28 11 34 38 31 20 18 24 37
30 34 26 23 12 21 8 20 24 29 15 14 42 32 38 11 32 13 11 22 26 35 37 18 46 42 0 22 30 34 18 23 11 19 13 28 46 20 27 32 35 32 16 39 27 16 11 28 26 26 34
13 13 22 2 31 2 20 5 9 13 37 28 20 23 19 13 15 26 33 12 7 13 15 4 24 20 22 0 13 12 14 17 11 3 26 13 24 13 5 17 26 16 10 19 27 20 11 15 11 17 27
24 5 15 11 42 15 33 18 6 1 45 30 14 35 24 26 26 28 41 9 18 12 10 17 20 14 30 13 0 8 27 30 24 16 28 2 18 26 12 4 16 3 14 21 20 33 24 6 4 10 40
18 3 23 11 43 14 32 16 12 9 49 36 8 29 16 25 20 34 45 15 13 4 3 16 14 8 34 12 8 0 25 27 23 15 34 10 12 24 8 12 24 9 20 13 28 31 23 14 11 18 35
15 27 32 16 23 12 12 9 22 27 30 29 32 14 24 7 16 27 26 23 14 25 27 10 34 32 18 14 27 25 0 5 7 11 27 26 36 2 17 30 39 30 18 27 35 6 7 28 24 29 16
12 29 36 19 27 15 17 12 25 30 35 34 32 9 21 12 12 32 31 26 14 25 28 13 32 32 23 17 30 27 5 0 12 14 32 29 35 4 19 33 42 33 23 24 40 10 12 31 27 32 11
19 24 25 13 20 10 9 9 18 23 26 22 31 21 27 2 21 20 22 17 15 24 26 7 35 31 11 11 24 23 7 12 0 8 20 22 35 9 16 26 33 26 11 28 28 10 0 23 20 23 23
15 16 22 5 28 2 17 4 11 16 34 26 23 22 21 10 17 24 30 12 9 16 18 1 27 23 19 3 16 15 11 14 8 0 24 15 27 11 8 19 28 19 9 22 26 17 8 17 13 18 25
39 33 18 25 24 26 21 28 22 27 21 2 42 41 45 21 41 0 19 19 33 37 37 25 48 42 13 26 28 34 27 32 20 24 0 26 46 29 30 29 27 30 16 44 16 28 20 24 24 20 43
25 7 13 11 40 15 31 18 4 1 43 28 16 36 26 24 27 26 39 7 19 14 12 16 22 16 28 13 2 10 26 29 22 15 26 0 20 26 13 4 14 4 12 23 18 32 22 4 2 8 40
23 13 33 23 55 25 44 27 24 19 61 48 4 33 15 37 25 46 57 27 22 11 9 28 4 4 46 24 18 12 36 35 35 27 46 20 0 34 19 22 34 19 32 12 38 42 35 24 22 28 39
13 26 33 15 25 11 14 8 22 26 32 31 30 13 22 9 14 29 28 23 12 23 26 10 32 30 20 13 26 24 2 4 9 11 29 26 34 0 16 30 39 29 19 25 36 8 9 28 24 29 15
12 10 24 5 36 6 25 8 11 12 42 32 15 23 15 18 14 30 38 14 6 8 10 9 19 15 27 5 12 8 17 19 16 8 30 13 19 16 0 16 27 15 14 14 29 23 16 16 11 19 28
28 9 14 15 44 19 35 22 8 4 47 31 18 39 28 28 30 29 43 11 22 16 14 20 24 18 32 17 4 12 30 33 26 19 29 4 22 30 16 0 12 3 16 25 19 36 26 5 6 9 44
39 21 9 24 47 28 41 31 17 15 48 28 30 49 40 35 41 27 45 16 33 28 26 29 36 30 35 26 16 24 39 42 33 28 27 14 34 39 27 12 0 15 22 37 12 43 33 11 16 10 53
27 6 17 14 44 18 35 21 8 3 47 32 15 38 25 28 29 30 43 11 21 13 11 20 21 15 32 16 3 9 30 33 26 19 30 4 19 29 15 3 15 0 16 22 22 36 26 8 6 12 43
23 19 14 9 28 11 19 13 8 13 31 18 28 31 29 13 25 16 27 6 17 21 23 10 32 28 16 10 14 20 18 23 11 9 16 12 32 19 14 16 22 16 0 28 17 21 11 12 10 12 34
12 16 36 19 48 20 37 19 25 22 54 46 11 21 3 30 13 44 50 28 13 9 12 22 8 11 39 19 21 13 27 24 28 22 44 23 12 25 14 25 37 22 28 0 41 33 28 27 24 31 27
40 25 5 25 39 28 33 30 18 19 37 17 34 48 44 30 42 16 35 15 34 32 30 27 40 34 27 27 20 28 35 40 28 26 16 18 38 36 29 19 12 22 17 41 0 38 28 14 19 10 51
21 33 35 22 17 18 8 15 28 33 25 30 38 19 30 8 22 28 21 27 20 31 33 16 40 38 16 20 33 31 6 10 10 17 28 32 42 8 23 36 43 36 21 33 38 0 10 33 30 33 18
19 24 25 13 20 10 9 9 18 23 26 22 31 21 27 2 21 20 22 17 15 24 26 7 35 31 11 11 24 23 7 12 0 8 20 22 35 9 16 26 33 26 11 28 28 10 0 23 20 23 23
28 11 9 13 40 17 31 20 6 5 43 26 20 38 30 25 30 24 39 6 22 18 16 18 26 20 28 15 6 14 28 31 23 17 24 4 24 28 16 5 11 8 12 27 14 33 23 0 5 4 42
23 9 14 9 38 13 29 16 2 3 41 26 18 34 26 22 25 24 37 5 17 15 14 14 24 18 26 11 4 11 24 27 20 13 24 2 22 24 11 6 16 6 10 24 19 30 20 5 0 9 38
30 15 5 15 38 19 31 22 8 9 40 22 24 40 34 25 32 20 37 6 24 22 20 19 30 24 26 17 10 18 29 32 23 18 20 8 28 29 19 9 10 12 12 31 10 33 23 4 9 0 43
17 38 47 29 34 25 26 22 36 40 43 45 37 6 24 23 15 43 39 37 22 32 35 24 35 37 34 27 40 35 16 11 23 25 43 40 39 15 28 44 53 43 34 27 51 18 23 42 38 43 0
0 355
171 277
114 220
43 149
186 292
154 260
84 190
155 261
139 245
231 337
185 291
234 340
94 200
96 202
141 247
116 222
107 213
93 199
49 155
94 200
179 285
41 147
100 206
119 225
49 155
70 176
129 235
208 314
223 329
60 166
154 260
133 239
183 289
188 294
66 172
62 168
174 280
164 270
26 132
100 206
17 123
190 296
8 114
155 261
150 256
235 341
88 194
194 300
185 291
225 331
230 336
0
69
91
31
76
57
89
29
63
71
41
18
25
52
31
30
60
43
48
64
59
62
78
67
35
66
15
29
33
41
44
59
74
85
30
34
80
28
85
56
28
27
78
69
48
29
34
43
29
25
41
