51
1628
0 35 34 30 44 23 44 33 2 29 25 38 26 22 32 38 18 30 7 25 19 49 23 43 46 29 34 29 28 29 37 16 11 17 11 29 30 27 3 32 17 44 12 4 45 43 30 17 40 18 35
35 0 5 21 37 12 41 35 33 24 15 5 50 13 32 34 40 54 42 30 34 43 22 31 43 6 49 13 11 8 4 19 29 18 24 50 5 32 32 11 18 37 43 34 40 34 16 18 43 37 12
34 5 0 16 32 13 36 30 32 19 11 4 46 12 27 29 36 50 41 26 30 38 18 26 38 6 45 9 7 5 3 18 29 17 23 46 8 28 31 6 17 32 42 33 35 29 11 18 38 33 7
30 21 16 0 18 21 21 14 28 3 8 20 35 15 11 14 25 36 36 12 18 24 7 13 23 18 30 8 11 14 19 17 31 20 25 32 21 13 27 10 20 18 33 27 21 15 5 22 22 22 12
44 37 32 18 0 39 5 12 42 17 26 34 38 33 12 6 32 38 47 19 25 6 23 6 6 35 28 25 28 31 33 34 48 38 42 34 38 18 41 26 38 0 41 40 3 3 23 40 12 29 25
23 12 13 21 39 0 41 34 21 23 13 17 43 6 31 34 33 47 30 27 28 45 19 34 43 7 46 15 12 9 16 11 17 7 12 44 7 29 21 15 7 39 33 23 41 36 17 6 42 30 18
44 41 36 21 5 41 0 11 42 18 28 39 34 35 13 7 31 34 47 19 25 5 24 11 2 39 23 29 32 35 38 35 49 39 43 30 42 17 41 30 39 5 40 40 2 8 26 41 7 28 30
33 35 30 14 12 34 11 0 31 11 21 34 26 28 3 6 20 26 36 8 14 16 15 15 13 32 18 22 25 28 33 26 38 30 32 22 35 6 30 24 30 12 29 29 12 12 19 32 8 17 26
2 33 32 28 42 21 42 31 0 27 23 36 27 20 30 36 18 31 9 23 19 47 21 41 44 27 34 27 26 27 35 14 9 15 9 29 28 25 1 30 15 42 14 4 43 41 28 15 39 18 33
29 24 19 3 17 23 18 11 27 0 10 23 32 17 8 11 22 33 35 9 15 22 6 14 20 21 27 11 14 17 22 17 31 21 25 29 24 10 26 13 21 17 31 26 18 14 8 23 19 19 15
25 15 11 8 26 13 28 21 23 10 0 15 35 7 18 21 25 39 32 15 19 32 7 21 30 11 34 4 4 7 14 9 23 12 17 35 14 17 22 7 12 26 31 23 28 23 5 14 29 22 10
38 5 4 20 34 17 39 34 36 23 15 0 50 16 31 33 40 54 45 30 34 40 22 28 40 10 49 13 11 9 1 22 33 21 27 50 10 32 35 10 21 34 46 37 37 31 15 22 42 37 9
26 50 46 35 38 43 34 26 27 32 35 50 0 38 28 32 10 4 22 23 17 39 29 41 35 45 12 39 39 42 49 32 36 36 35 4 48 22 26 42 36 38 14 23 36 38 37 38 27 13 45
22 13 12 15 33 6 35 28 20 17 7 16 38 0 25 28 28 42 29 21 22 39 13 28 37 7 40 10 7 7 15 6 17 5 11 38 10 23 19 12 5 33 30 21 35 30 12 7 36 25 15
32 32 27 11 12 31 13 3 30 8 18 31 28 25 0 6 20 28 35 7 13 17 12 13 15 29 20 19 22 25 30 23 37 27 31 24 32 6 29 21 27 12 29 28 13 12 16 29 11 17 23
38 34 29 14 6 34 7 6 36 11 21 33 32 28 6 0 26 32 41 13 19 11 17 9 9 32 23 22 25 28 32 28 42 32 36 28 35 12 35 23 32 6 35 34 7 6 19 34 10 23 24
18 40 36 25 32 33 31 20 18 22 25 40 10 28 20 26 0 14 17 13 7 36 19 33 33 35 16 29 29 32 39 22 27 26 25 11 38 14 17 32 26 32 10 14 32 32 27 28 25 3 35
30 54 50 36 38 47 34 26 31 33 39 54 4 42 28 32 14 0 26 24 20 39 32 41 35 49 11 42 43 46 53 36 40 40 39 4 52 23 30 45 40 38 18 27 36 38 40 42 27 17 48
7 42 41 36 47 30 47 36 9 35 32 45 22 29 35 41 17 26 0 28 22 52 29 48 49 36 33 36 35 36 44 23 18 24 18 26 37 30 10 39 24 47 8 9 48 47 37 24 42 19 42
25 30 26 12 19 27 19 8 23 9 15 30 23 21 7 13 13 24 28 0 6 24 8 20 21 26 19 18 19 22 29 18 30 22 24 20 29 2 22 21 22 19 22 21 20 19 16 24 16 10 24
19 34 30 18 25 28 25 14 19 15 19 34 17 22 13 19 7 20 22 6 0 30 12 26 27 29 18 22 23 26 33 17 27 21 22 16 32 8 18 25 21 25 16 15 26 25 20 23 21 4 28
49 43 38 24 6 45 5 16 47 22 32 40 39 39 17 11 36 39 52 24 30 0 28 12 4 41 28 31 34 37 39 39 53 43 47 35 44 22 46 32 43 6 45 45 4 9 29 45 12 33 31
23 22 18 7 23 19 24 15 21 6 7 22 29 13 12 17 19 32 29 8 12 28 0 20 26 18 27 10 11 14 21 11 25 15 19 28 21 10 20 13 15 23 26 20 24 20 8 17 23 16 16
43 31 26 13 6 34 11 15 41 14 21 28 41 28 13 9 33 41 48 20 26 12 20 0 12 30 32 20 23 26 27 30 44 33 38 37 33 19 40 20 33 6 42 40 9 3 17 35 18 30 19
46 43 38 23 6 43 2 13 44 20 30 40 35 37 15 9 33 35 49 21 27 4 26 12 0 41 24 31 34 37 39 37 51 41 45 31 44 19 43 32 41 6 42 42 3 9 28 43 8 30 31
29 6 6 18 35 7 39 32 27 21 11 10 45 7 29 32 35 49 36 26 29 41 18 30 41 0 45 10 7 4 9 13 23 12 18 45 3 28 26 10 12 35 37 28 38 33 13 12 40 32 12
34 49 45 30 28 46 23 18 34 27 34 49 12 40 20 23 16 11 33 19 18 28 27 32 24 45 0 37 38 41 48 35 43 39 40 8 48 17 33 40 39 28 25 30 25 29 35 41 16 17 42
29 13 9 8 25 15 29 22 27 11 4 13 39 10 19 22 29 42 36 18 22 31 10 20 31 10 37 0 3 6 12 13 27 15 21 38 13 20 26 3 15 25 35 27 28 23 3 17 30 26 6
28 11 7 11 28 12 32 25 26 14 4 11 39 7 22 25 29 43 35 19 23 34 11 23 34 7 38 3 0 3 10 12 24 12 18 39 10 21 25 5 12 28 35 27 31 26 6 14 33 26 8
29 8 5 14 31 9 35 28 27 17 7 9 42 7 25 28 32 46 36 22 26 37 14 26 37 4 41 6 3 0 8 13 24 12 18 42 7 24 26 6 12 31 37 28 34 29 9 14 36 29 9
37 4 3 19 33 16 38 33 35 22 14 1 49 15 30 32 39 53 44 29 33 39 21 27 39 9 48 12 10 8 0 21 32 20 26 49 9 31 34 9 20 33 45 36 36 30 14 21 41 36 8
16 19 18 17 34 11 35 26 14 17 9 22 32 6 23 28 22 36 23 18 17 39 11 30 37 13 35 13 12 13 21 0 14 4 8 33 16 20 13 16 4 34 24 15 35 31 14 6 34 19 19
11 29 29 31 48 17 49 38 9 31 23 33 36 17 37 42 27 40 18 30 27 53 25 44 51 23 43 27 24 24 32 14 0 12 6 38 24 32 10 29 12 48 23 13 49 45 28 11 46 27 32
17 18 17 20 38 7 39 30 15 21 12 21 36 5 27 32 26 40 24 22 21 43 15 33 41 12 39 15 12 12 20 4 12 0 6 37 13 24 14 17 0 38 26 16 39 35 17 2 38 23 20
11 24 23 25 42 12 43 32 9 25 17 27 35 11 31 36 25 39 18 24 22 47 19 38 45 18 40 21 18 18 26 8 6 6 0 36 19 26 9 23 6 42 22 12 43 39 22 6 40 23 26
29 50 46 32 34 44 30 22 29 29 35 50 4 38 24 28 11 4 26 20 16 35 28 37 31 45 8 38 39 42 49 33 38 37 36 0 48 19 28 41 37 34 18 25 32 34 36 39 23 14 44
30 5 8 21 38 7 42 35 28 24 14 10 48 10 32 35 38 52 37 29 32 44 21 33 44 3 48 13 10 7 9 16 24 13 19 48 0 31 27 13 13 38 39 29 41 36 16 13 43 35 15
27 32 28 13 18 29 17 6 25 10 17 32 22 23 6 12 14 23 30 2 8 22 10 19 19 28 17 20 21 24 31 20 32 24 26 19 31 0 24 23 24 18 23 23 18 18 18 26 14 11 25
3 32 31 27 41 21 41 30 1 26 22 35 26 19 29 35 17 30 10 22 18 46 20 40 43 26 33 26 25 26 34 13 10 14 9 28 27 24 0 29 14 41 13 3 42 40 27 15 38 17 32
32 11 6 10 26 15 30 24 30 13 7 10 42 12 21 23 32 45 39 21 25 32 13 20 32 10 40 3 5 6 9 16 29 17 23 41 13 23 29 0 17 26 38 30 29 23 5 19 32 29 3
17 18 17 20 38 7 39 30 15 21 12 21 36 5 27 32 26 40 24 22 21 43 15 33 41 12 39 15 12 12 20 4 12 0 6 37 13 24 14 17 0 38 26 16 39 35 17 2 38 23 20
44 37 32 18 0 39 5 12 42 17 26 34 38 33 12 6 32 38 47 19 25 6 23 6 6 35 28 25 28 31 33 34 48 38 42 34 38 18 41 26 38 0 41 40 3 3 23 40 12 29 25
12 43 42 33 41 33 40 29 14 31 31 46 14 30 29 35 10 18 8 22 16 45 26 42 42 37 25 35 35 37 45 24 23 26 22 18 39 23 13 38 26 41 0 10 41 41 34 28 35 12 41
4 34 33 27 40 23 40 29 4 26 23 37 23 21 28 34 14 27 9 21 15 45 20 40 42 28 30 27 27 28 36 15 13 16 12 25 29 23 3 30 16 40 10 0 41 40 28 18 36 14 33
45 40 35 21 3 41 2 12 43 18 28 37 36 35 13 7 32 36 48 20 26 4 24 9 3 38 25 28 31 34 36 35 49 39 43 32 41 18 42 29 39 3 41 41 0 6 26 41 9 29 28
43 34 29 15 3 36 8 12 41 14 23 31 38 30 12 6 32 38 47 19 25 9 20 3 9 33 29 23 26 29 30 31 45 35 39 34 36 18 40 23 35 3 41 40 6 0 20 37 15 29 22
30 16 11 5 23 17 26 19 28 8 5 15 37 12 16 19 27 40 37 16 20 29 8 17 28 13 35 3 6 9 14 14 28 17 22 36 16 18 27 5 17 23 34 28 26 20 0 19 27 24 8
17 18 18 22 40 6 41 32 15 23 14 22 38 7 29 34 28 42 24 24 23 45 17 35 43 12 41 17 14 14 21 6 11 2 6 39 13 26 15 19 2 40 28 18 41 37 19 0 40 25 22
40 43 38 22 12 42 7 8 39 19 29 42 27 36 11 10 25 27 42 16 21 12 23 18 8 40 16 30 33 36 41 34 46 38 40 23 43 14 38 32 38 12 35 36 9 15 27 40 0 23 34
18 37 33 22 29 30 28 17 18 19 22 37 13 25 17 23 3 17 19 10 4 33 16 30 30 32 17 26 26 29 36 19 27 23 23 14 35 11 17 29 23 29 12 14 29 29 24 25 23 0 32
35 12 7 12 25 18 30 26 33 15 10 9 45 15 23 24 35 48 42 24 28 31 16 19 31 12 42 6 8 9 8 19 32 20 26 44 15 25 32 3 20 25 41 33 28 22 8 22 34 32 0
0 819
618 699
440 521
717 798
488 569
45 126
317 398
356 437
73 154
461 542
732 813
588 669
248 329
660 741
287 368
116 197
690 771
659 740
136 217
621 702
315 396
733 814
222 303
473 554
148 229
662 743
44 125
103 184
531 612
419 500
529 610
63 144
312 393
280 361
306 387
580 661
225 306
31 112
444 525
580 661
199 280
692 773
104 185
174 255
609 690
407 488
722 803
565 646
369 450
319 400
17 98
0
65
75
38
30
71
44
59
36
59
60
34
64
40
47
61
63
55
68
57
64
54
36
55
43
36
18
43
66
33
61
83
48
64
22
53
40
54
36
23
43
50
43
47
81
82
22
39
28
47
64
