51
1622
0 3 20 12 22 20 18 18 26 10 14 9 25 20 21 16 22 11 19 10 12 2 19 10 20 23 15 27 16 8 24 22 12 19 29 8 23 19 12 15 29 17 27 10 16 12 3 14 13 22 3
3 0 22 9 24 17 15 21 28 10 14 8 26 18 18 19 19 14 20 11 9 5 19 10 17 20 14 29 15 9 22 19 15 22 30 5 25 21 15 18 32 20 30 10 18 14 5 13 15 25 6
20 22 0 26 5 33 32 32 10 29 33 17 11 30 35 30 33 21 2 11 31 21 38 13 38 35 20 13 21 13 33 37 26 19 18 25 39 3 17 20 23 18 18 29 4 10 17 21 7 13 22
12 9 26 0 30 8 6 30 34 16 19 9 30 9 9 28 10 23 24 15 8 14 21 13 12 11 12 37 11 14 13 11 24 31 29 4 31 27 24 27 41 29 39 16 23 23 14 10 22 34 15
22 24 5 30 0 37 36 33 5 31 35 21 15 34 39 31 37 22 7 15 33 23 40 17 41 39 25 8 26 17 37 41 27 17 23 29 40 3 18 19 19 17 14 31 7 12 19 25 9 10 24
20 17 33 8 37 0 3 37 41 23 25 16 34 6 2 36 3 31 31 22 14 22 26 20 13 3 16 44 15 21 7 8 32 39 32 12 38 34 32 35 49 37 46 23 30 31 22 14 29 41 23
18 15 32 6 36 3 0 34 40 20 22 15 34 8 3 33 6 29 30 21 11 20 23 19 10 6 16 43 15 20 10 6 30 37 33 10 35 33 30 33 47 35 45 20 29 29 20 14 28 40 21
18 21 32 30 33 37 34 0 32 14 15 27 41 38 37 2 40 11 31 28 23 16 18 28 30 40 33 31 34 26 42 35 6 18 47 26 8 31 15 14 25 17 27 14 28 22 20 32 25 25 15
26 28 10 34 5 41 40 32 0 33 37 25 20 38 43 30 41 22 12 19 37 25 42 21 45 43 29 3 30 21 41 45 27 14 28 33 40 7 18 18 14 15 9 33 11 14 23 29 13 7 26
10 10 29 16 31 23 20 14 33 0 4 18 35 25 23 13 26 13 28 20 9 8 9 20 16 26 24 34 24 18 29 21 10 22 39 12 15 28 16 18 32 21 31 0 25 19 12 22 22 28 7
14 14 33 19 35 25 22 15 37 4 0 22 39 28 25 14 28 17 32 24 11 12 5 24 15 28 28 38 28 22 32 21 13 26 43 15 13 32 20 22 36 25 35 4 29 23 16 26 26 32 11
9 8 17 9 21 16 15 27 25 18 22 0 21 13 18 25 16 20 15 6 14 11 26 4 21 18 6 28 7 5 17 20 21 26 22 8 32 18 19 22 35 24 30 18 14 15 9 5 13 25 12
25 26 11 30 15 34 34 41 20 35 39 21 0 28 36 39 31 30 10 15 35 27 44 17 42 33 18 23 19 17 31 40 35 30 8 29 48 14 26 29 34 29 29 35 13 19 23 20 16 24 28
20 18 30 9 34 6 8 38 38 25 28 13 28 0 8 36 3 31 28 19 17 22 30 17 18 5 10 41 9 18 4 14 32 39 26 13 40 31 32 35 48 37 43 25 27 28 21 9 26 38 23
21 18 35 9 39 2 3 37 43 23 25 18 36 8 0 36 5 32 33 24 14 23 25 22 12 5 18 46 17 23 9 6 33 40 34 13 38 36 33 36 50 38 48 23 32 32 23 16 31 43 24
16 19 30 28 31 36 33 2 30 13 14 25 39 36 36 0 38 9 29 26 22 14 18 26 29 39 31 29 32 24 40 34 4 16 45 24 10 29 13 12 24 15 25 13 26 20 18 30 23 23 13
22 19 33 10 37 3 6 40 41 26 28 16 31 3 5 38 0 33 31 22 17 24 29 20 16 2 13 44 12 21 4 11 34 41 29 14 41 34 34 37 51 39 46 26 30 31 24 12 29 41 25
11 14 21 23 22 31 29 11 22 13 17 20 30 31 32 9 33 0 20 18 20 9 22 19 28 34 26 22 27 17 35 32 5 9 37 19 18 20 4 5 19 8 18 13 17 11 11 25 14 16 8
19 20 2 24 7 31 30 31 12 28 32 15 10 28 33 29 31 20 0 9 29 20 37 11 36 33 18 15 19 11 31 35 25 20 17 23 38 5 16 19 25 19 20 28 3 9 16 19 6 15 21
10 11 11 15 15 22 21 28 19 20 24 6 15 19 24 26 22 18 9 0 20 12 29 2 27 24 10 22 11 2 22 26 22 20 19 14 33 12 16 19 29 19 24 20 8 9 8 10 7 19 13
12 9 31 8 33 14 11 23 37 9 11 14 35 17 14 22 17 20 29 20 0 12 13 18 8 17 19 38 19 18 21 12 19 29 36 6 24 30 22 25 39 27 38 9 27 23 14 17 24 33 12
2 5 21 14 23 22 20 16 25 8 12 11 27 22 23 14 24 9 20 12 12 0 17 12 20 25 17 26 18 10 26 24 10 17 31 10 21 20 10 13 27 15 26 8 17 11 4 16 14 21 1
19 19 38 21 40 26 23 18 42 9 5 26 44 30 25 18 29 22 37 29 13 17 0 29 14 29 32 43 32 27 33 20 18 31 48 19 15 37 25 27 41 30 40 9 34 28 21 30 31 37 16
10 10 13 13 17 20 19 28 21 20 24 4 17 17 22 26 20 19 11 2 18 12 29 0 25 22 8 24 9 2 20 24 22 22 20 12 33 14 17 20 31 21 26 20 10 11 8 8 9 21 13
20 17 38 12 41 13 10 30 45 16 15 21 42 18 12 29 16 28 36 27 8 20 14 25 0 16 24 46 23 25 20 6 26 37 41 13 28 38 30 33 47 35 46 16 35 31 22 22 32 41 20
23 20 35 11 39 3 6 40 43 26 28 18 33 5 5 39 2 34 33 24 17 25 29 22 16 0 15 46 14 23 5 11 35 42 31 15 41 36 35 38 52 40 48 26 32 33 25 14 31 43 26
15 14 20 12 25 16 16 33 29 24 28 6 18 10 18 31 13 26 18 10 19 17 32 8 24 15 0 32 1 9 13 22 27 30 18 13 38 22 24 27 39 28 34 24 18 19 15 2 17 29 18
27 29 13 37 8 44 43 31 3 34 38 28 23 41 46 29 44 22 15 22 38 26 43 24 46 46 32 0 33 24 44 48 27 13 31 34 39 10 18 17 12 14 7 34 14 15 24 32 15 6 27
16 15 21 11 26 15 15 34 30 24 28 7 19 9 17 32 12 27 19 11 19 18 32 9 23 14 1 33 0 10 12 21 28 31 18 13 39 23 25 28 40 29 35 24 19 20 16 2 18 30 19
8 9 13 14 17 21 20 26 21 18 22 5 17 18 23 24 21 17 11 2 18 10 27 2 25 23 9 24 10 0 22 25 20 21 21 12 31 14 15 18 30 19 26 18 10 10 6 10 9 21 11
24 22 33 13 37 7 10 42 41 29 32 17 31 4 9 40 4 35 31 22 21 26 33 20 20 5 13 44 12 22 0 15 36 42 27 17 44 34 36 39 51 41 46 29 30 31 25 12 29 41 27
22 19 37 11 41 8 6 35 45 21 21 20 40 14 6 34 11 32 35 26 12 24 20 24 6 11 22 48 21 25 15 0 31 41 39 14 34 38 34 37 51 39 49 21 34 33 24 20 33 44 24
12 15 26 24 27 32 30 6 27 10 13 21 35 32 33 4 34 5 25 22 19 10 18 22 26 35 27 27 28 20 36 31 0 14 41 20 13 25 9 10 24 13 23 10 22 16 14 26 19 21 9
19 22 19 31 17 39 37 18 14 22 26 26 30 39 40 16 41 9 20 20 29 17 31 22 37 42 30 13 31 21 42 41 14 0 37 27 26 16 7 4 10 2 9 22 17 11 18 30 14 7 17
29 30 18 29 23 32 33 47 28 39 43 22 8 26 34 45 29 37 17 19 36 31 48 20 41 31 18 31 18 21 27 39 41 37 0 30 52 21 33 36 41 36 36 39 20 26 27 20 23 31 32
8 5 25 4 29 12 10 26 33 12 15 8 29 13 13 24 14 19 23 14 6 10 19 12 13 15 13 34 13 12 17 14 20 27 30 0 27 26 20 23 37 25 35 12 22 19 10 11 20 30 11
23 25 39 31 40 38 35 8 40 15 13 32 48 40 38 10 41 18 38 33 24 21 15 33 28 41 38 39 39 31 44 34 13 26 52 27 0 38 22 22 33 25 35 15 35 29 25 37 32 33 20
19 21 3 27 3 34 33 31 7 28 32 18 14 31 36 29 34 20 5 12 30 20 37 14 38 36 22 10 23 14 34 38 25 16 21 26 38 0 16 17 20 15 15 28 4 9 16 22 6 10 21
12 15 17 24 18 32 30 15 18 16 20 19 26 32 33 13 34 4 16 16 22 10 25 17 30 35 24 18 25 15 36 34 9 7 33 20 22 16 0 3 17 5 16 16 13 7 11 24 10 12 10
15 18 20 27 19 35 33 14 18 18 22 22 29 35 36 12 37 5 19 19 25 13 27 20 33 38 27 17 28 18 39 37 10 4 36 23 22 17 3 0 14 3 13 18 16 10 14 27 13 11 13
29 32 23 41 19 49 47 25 14 32 36 35 34 48 50 24 51 19 25 29 39 27 41 31 47 52 39 12 40 30 51 51 24 10 41 37 33 20 17 14 0 12 5 32 23 20 28 39 22 10 27
17 20 18 29 17 37 35 17 15 21 25 24 29 37 38 15 39 8 19 19 27 15 30 21 35 40 28 14 29 19 41 39 13 2 36 25 25 15 5 3 12 0 11 21 16 10 16 29 13 8 15
27 30 18 39 14 46 45 27 9 31 35 30 29 43 48 25 46 18 20 24 38 26 40 26 46 48 34 7 35 26 46 49 23 9 36 35 35 15 16 13 5 11 0 31 18 16 25 34 17 5 26
10 10 29 16 31 23 20 14 33 0 4 18 35 25 23 13 26 13 28 20 9 8 9 20 16 26 24 34 24 18 29 21 10 22 39 12 15 28 16 18 32 21 31 0 25 19 12 22 22 28 7
16 18 4 23 7 30 29 28 11 25 29 14 13 27 32 26 30 17 3 8 27 17 34 10 35 32 18 14 19 10 30 34 22 17 20 22 35 4 13 16 23 16 18 25 0 6 13 18 3 13 18
12 14 10 23 12 31 29 22 14 19 23 15 19 28 32 20 31 11 9 9 23 11 28 11 31 33 19 15 20 10 31 33 16 11 26 19 29 9 7 10 20 10 16 19 6 0 9 19 3 11 12
3 5 17 14 19 22 20 20 23 12 16 9 23 21 23 18 24 11 16 8 14 4 21 8 22 25 15 24 16 6 25 24 14 18 27 10 25 16 11 14 28 16 25 12 13 9 0 14 10 20 5
14 13 21 10 25 14 14 32 29 22 26 5 20 9 16 30 12 25 19 10 17 16 30 8 22 14 2 32 2 10 12 20 26 30 20 11 37 22 24 27 39 29 34 22 18 19 14 0 17 29 17
13 15 7 22 9 29 28 25 13 22 26 13 16 26 31 23 29 14 6 7 24 14 31 9 32 31 17 15 18 9 29 33 19 14 23 20 32 6 10 13 22 13 17 22 3 3 10 17 0 12 15
22 25 13 34 10 41 40 25 7 28 32 25 24 38 43 23 41 16 15 19 33 21 37 21 41 43 29 6 30 21 41 44 21 7 31 30 33 10 12 11 10 8 5 28 13 11 20 29 12 0 22
3 6 22 15 24 23 21 15 26 7 11 12 28 23 24 13 25 8 21 13 12 1 16 13 20 26 18 27 19 11 27 24 9 17 32 11 20 21 10 13 27 15 26 7 18 12 5 17 15 22 0
0 546
349 403
131 185
291 345
455 509
313 367
19 73
335 389
356 410
0 54
309 363
13 67
245 299
434 488
213 267
54 108
171 225
46 100
302 356
473 527
335 389
1 55
373 427
307 361
297 351
49 103
452 506
408 462
284 338
10 64
328 382
73 127
42 96
66 120
218 272
185 239
187 241
477 531
68 122
27 81
358 412
374 428
114 168
177 231
129 183
172 226
260 314
128 182
480 534
101 155
465 519
0
47
48
52
26
58
60
47
57
19
67
83
36
64
54
76
71
31
53
53
57
68
77
54
41
27
23
64
42
47
17
74
53
65
51
43
26
41
72
34
66
57
52
31
44
44
13
63
45
31
71
