51
1629
0 25 27 20 6 16 21 22 16 8 26 15 26 19 24 27 26 11 15 8 8 18 17 7 26 7 16 26 18 17 15 11 3 22 23 18 20 7 25 22 17 15 20 24 23 20 14 23 14 16 22
25 0 16 41 30 27 19 43 34 22 3 40 30 21 40 47 33 34 18 31 21 43 21 32 36 25 36 34 8 22 11 32 28 6 39 7 38 32 46 46 38 35 43 30 44 45 39 43 29 19 42
27 16 0 47 33 20 31 38 41 29 13 40 17 33 33 40 23 38 13 35 28 44 31 32 26 23 30 24 13 15 13 30 30 10 32 17 31 34 42 49 36 42 41 20 41 45 40 50 37 13 49
20 41 47 0 14 35 27 32 9 19 42 17 45 25 38 37 45 9 35 12 20 12 23 19 43 26 30 45 35 37 35 25 17 39 37 34 34 16 31 6 26 6 25 43 29 19 12 5 13 36 4
6 30 33 14 0 21 22 22 12 9 31 12 31 20 25 27 31 5 21 2 10 13 18 6 30 12 17 31 23 23 21 12 3 27 24 23 21 3 23 16 16 9 18 29 21 17 9 17 11 22 16
16 27 20 35 21 0 34 18 32 24 27 24 10 34 13 20 10 26 9 23 23 29 32 17 10 9 10 10 19 5 16 12 19 22 12 23 11 20 22 35 16 30 21 8 21 27 25 38 30 8 37
21 19 31 27 22 34 0 43 18 13 22 34 40 2 45 48 42 23 27 22 13 34 4 28 44 26 37 43 18 31 21 32 21 22 44 15 41 25 45 33 38 21 40 39 43 39 30 27 14 28 26
22 43 38 32 22 18 43 0 34 30 43 15 25 41 10 5 20 26 26 24 30 21 39 16 17 18 8 19 35 23 32 11 23 39 9 37 7 19 4 28 6 31 7 22 4 14 20 37 33 26 36
16 34 41 9 12 32 18 34 0 12 35 20 42 16 37 39 42 8 31 10 13 17 15 18 42 23 29 42 28 33 28 24 14 32 36 27 33 15 34 15 28 3 28 40 32 24 15 9 5 32 8
8 22 29 19 9 24 13 30 12 0 23 21 32 11 32 35 34 12 19 10 1 22 9 15 34 15 24 34 16 23 16 19 8 20 31 15 28 12 32 24 25 13 27 31 30 26 18 21 8 20 20
26 3 13 42 31 27 22 43 35 23 0 41 29 24 40 47 33 35 18 32 22 44 23 33 36 25 36 34 8 22 11 32 28 5 39 8 38 33 46 47 38 36 43 30 44 46 40 44 30 19 43
15 40 40 17 12 24 34 15 20 21 41 0 34 32 22 20 31 12 27 12 22 6 30 8 28 17 15 30 33 27 30 12 14 37 21 33 18 9 14 14 9 17 8 32 12 5 5 22 21 27 21
26 30 17 45 31 10 40 25 42 32 29 34 0 40 17 26 6 36 13 33 31 39 38 27 9 19 20 7 23 9 20 22 29 24 17 27 18 30 29 45 26 40 31 3 29 37 35 48 40 12 47
19 21 33 25 20 34 2 41 16 11 24 32 40 0 43 46 42 21 27 20 11 32 2 26 44 25 35 43 20 31 22 30 19 23 42 16 39 23 43 31 36 19 38 39 41 37 28 25 12 28 24
24 40 33 38 25 13 45 10 37 32 40 22 17 43 0 9 11 29 22 27 32 28 41 19 8 19 8 10 32 18 29 13 25 35 1 36 4 22 14 36 13 34 17 14 14 24 27 42 36 21 41
27 47 40 37 27 20 48 5 39 35 47 20 26 46 9 0 20 31 29 29 35 26 44 21 17 23 12 19 39 25 36 16 28 42 9 42 9 24 6 33 11 36 12 23 8 19 25 42 38 28 41
26 33 23 45 31 10 42 20 42 34 33 31 6 42 11 20 0 36 15 33 33 37 40 27 3 19 17 1 25 11 22 21 29 28 11 29 13 30 24 45 22 40 27 3 24 33 35 48 40 14 47
11 34 38 9 5 26 23 26 8 12 35 12 36 21 29 31 36 0 26 3 13 11 19 10 34 17 21 36 28 28 26 16 8 32 28 27 25 7 26 12 20 5 20 34 24 16 7 13 9 27 12
15 18 13 35 21 9 27 26 31 19 18 27 13 27 22 29 15 26 0 23 18 31 25 19 18 10 18 16 10 4 7 17 18 13 21 14 20 21 30 37 23 30 28 12 29 32 27 38 27 1 37
8 31 35 12 2 23 22 24 10 10 32 12 33 20 27 29 33 3 23 0 10 12 18 8 32 14 19 33 25 25 23 14 5 29 26 24 23 5 25 15 18 7 20 31 23 17 8 15 10 24 14
8 21 28 20 10 23 13 30 13 1 22 22 31 11 32 35 33 13 18 10 0 22 9 15 33 14 24 33 15 22 15 19 8 19 31 14 28 13 33 25 25 14 28 30 31 27 18 22 9 19 21
18 43 44 12 13 29 34 21 17 22 44 6 39 32 28 26 37 11 31 12 22 0 30 12 34 21 21 36 36 32 33 17 16 40 27 36 24 11 20 8 15 14 14 37 18 7 4 17 20 31 16
17 21 31 23 18 32 4 39 15 9 23 30 38 2 41 44 40 19 25 18 9 30 0 24 42 23 33 41 18 29 20 28 17 22 40 15 37 21 41 29 34 17 36 37 39 35 26 24 10 26 23
7 32 32 19 6 17 28 16 18 15 33 8 27 26 19 21 27 10 19 8 15 12 24 0 24 9 11 26 25 20 22 6 7 29 18 25 15 3 18 18 10 15 13 25 16 13 8 23 17 19 22
26 36 26 43 30 10 44 17 42 34 36 28 9 44 8 17 3 34 18 32 33 34 42 24 0 19 14 2 28 14 25 18 29 31 8 32 10 27 21 42 19 39 24 6 21 30 32 47 40 17 46
7 25 23 26 12 9 26 18 23 15 25 17 19 25 19 23 19 17 10 14 14 21 23 9 19 0 11 19 17 11 14 7 10 21 18 19 15 11 21 27 13 21 18 17 19 22 17 29 21 10 28
16 36 30 30 17 10 37 8 29 24 36 15 20 35 8 12 17 21 18 19 24 21 33 11 14 11 0 16 28 15 25 5 17 31 7 30 4 14 12 29 6 26 11 17 11 17 19 34 28 18 33
26 34 24 45 31 10 43 19 42 34 34 30 7 43 10 19 1 36 16 33 33 36 41 26 2 19 16 0 26 12 23 20 29 29 10 30 12 29 23 44 21 40 26 4 23 32 34 48 40 15 47
18 8 13 35 23 19 18 35 28 16 8 33 23 20 32 39 25 28 10 25 15 36 18 25 28 17 28 26 0 14 3 24 20 4 31 4 30 25 38 39 30 29 35 22 36 38 32 37 24 11 36
17 22 15 37 23 5 31 23 33 23 22 27 9 31 18 25 11 28 4 25 22 32 29 20 14 11 15 12 14 0 11 16 20 17 17 18 16 22 27 38 21 32 26 8 26 32 28 40 31 3 39
15 11 13 35 21 16 21 32 28 16 11 30 20 22 29 36 22 26 7 23 15 33 20 22 25 14 25 23 3 11 0 21 18 7 28 7 27 22 35 37 27 29 32 19 33 35 29 37 24 8 36
11 32 30 25 12 12 32 11 24 19 32 12 22 30 13 16 21 16 17 14 19 17 28 6 18 7 5 20 24 16 21 0 12 28 12 26 9 9 14 24 6 21 11 20 12 16 14 29 23 17 28
3 28 30 17 3 19 21 23 14 8 28 14 29 19 25 28 29 8 18 5 8 16 17 7 29 10 17 29 20 20 18 12 0 24 24 21 21 5 25 19 17 12 20 27 23 19 12 20 12 19 19
22 6 10 39 27 22 22 39 32 20 5 37 24 23 35 42 28 32 13 29 19 40 22 29 31 21 31 29 4 17 7 28 24 0 34 7 33 29 42 43 34 33 39 25 40 42 36 41 28 14 40
23 39 32 37 24 12 44 9 36 31 39 21 17 42 1 9 11 28 21 26 31 27 40 18 8 18 7 10 31 17 28 12 24 34 0 35 3 21 13 35 12 33 16 14 13 23 26 41 35 20 40
18 7 17 34 23 23 15 37 27 15 8 33 27 16 36 42 29 27 14 24 14 36 15 25 32 19 30 30 4 18 7 26 21 7 35 0 34 25 40 39 32 28 37 26 38 38 32 36 22 15 35
20 38 31 34 21 11 41 7 33 28 38 18 18 39 4 9 13 25 20 23 28 24 37 15 10 15 4 12 30 16 27 9 21 33 3 34 0 18 11 32 9 30 14 15 11 20 23 38 32 19 37
7 32 34 16 3 20 25 19 15 12 33 9 30 23 22 24 30 7 21 5 13 11 21 3 27 11 14 29 25 22 22 9 5 29 21 25 18 0 20 17 13 12 15 28 18 14 7 20 14 21 19
25 46 42 31 23 22 45 4 34 32 46 14 29 43 14 6 24 26 30 25 33 20 41 18 21 21 12 23 38 27 35 14 25 42 13 40 11 20 0 27 8 31 6 26 2 13 19 36 34 30 35
22 46 49 6 16 35 33 28 15 24 47 14 45 31 36 33 45 12 37 15 25 8 29 18 42 27 29 44 39 38 37 24 19 43 35 39 32 17 27 0 23 12 21 43 25 15 10 10 19 37 10
17 38 36 26 16 16 38 6 28 25 38 9 26 36 13 11 22 20 23 18 25 15 34 10 19 13 6 21 30 21 27 6 17 34 12 32 9 13 8 23 0 25 5 23 6 11 14 31 27 23 30
15 35 42 6 9 30 21 31 3 13 36 17 40 19 34 36 40 5 30 7 14 14 17 15 39 21 26 40 29 32 29 21 12 33 33 28 30 12 31 12 25 0 25 38 29 21 12 8 7 31 7
20 43 41 25 18 21 40 7 28 27 43 8 31 38 17 12 27 20 28 20 28 14 36 13 24 18 11 26 35 26 32 11 20 39 16 37 14 15 6 21 5 25 0 28 4 7 13 30 29 28 29
24 30 20 43 29 8 39 22 40 31 30 32 3 39 14 23 3 34 12 31 30 37 37 25 6 17 17 4 22 8 19 20 27 25 14 26 15 28 26 43 23 38 28 0 26 34 33 46 38 11 45
23 44 41 29 21 21 43 4 32 30 44 12 29 41 14 8 24 24 29 23 31 18 39 16 21 19 11 23 36 26 33 12 23 40 13 38 11 18 2 25 6 29 4 26 0 11 17 34 32 29 33
20 45 45 19 17 27 39 14 24 26 46 5 37 37 24 19 33 16 32 17 27 7 35 13 30 22 17 32 38 32 35 16 19 42 23 38 20 14 13 15 11 21 7 34 11 0 9 24 25 32 23
14 39 40 12 9 25 30 20 15 18 40 5 35 28 27 25 35 7 27 8 18 4 26 8 32 17 19 34 32 28 29 14 12 36 26 32 23 7 19 10 14 12 13 33 17 9 0 17 16 27 16
23 43 50 5 17 38 27 37 9 21 44 22 48 25 42 42 48 13 38 15 22 17 24 23 47 29 34 48 37 40 37 29 20 41 41 36 38 20 36 10 31 8 30 46 34 24 17 0 14 39 1
14 29 37 13 11 30 14 33 5 8 30 21 40 12 36 38 40 9 27 10 9 20 10 17 40 21 28 40 24 31 24 23 12 28 35 22 32 14 34 19 27 7 29 38 32 25 16 14 0 28 13
16 19 13 36 22 8 28 26 32 20 19 27 12 28 21 28 14 27 1 24 19 31 26 19 17 10 18 15 11 3 8 17 19 14 20 15 19 21 30 37 23 31 28 11 29 32 27 39 28 0 38
22 42 49 4 16 37 26 36 8 20 43 21 47 24 41 41 47 12 37 14 21 16 23 22 46 28 33 47 36 39 36 28 19 40 40 35 37 19 35 10 30 7 29 45 33 23 16 1 13 38 0
0 519
361 361
312 312
507 507
255 255
154 154
180 180
133 133
68 68
266 266
477 477
140 140
103 103
428 428
313 313
141 141
91 91
62 62
349 349
269 269
439 439
328 328
190 190
365 365
225 225
187 187
67 67
85 85
127 127
105 105
349 349
431 431
321 321
157 157
422 422
379 379
419 419
461 461
192 192
458 458
420 420
454 454
228 228
482 482
344 344
332 332
485 485
87 87
20 20
349 349
296 296
0
50
29
64
40
62
53
37
21
51
72
59
55
66
32
30
34
53
71
63
47
61
69
37
37
71
62
26
70
40
58
52
55
42
25
44
62
50
36
61
38
65
50
54
59
24
48
64
45
65
46
