51
1625
0 40 16 10 22 33 21 11 34 9 27 22 32 7 25 16 36 9 20 10 52 25 27 40 43 43 38 42 33 18 26 10 41 12 31 25 15 31 26 40 21 39 29 25 28 55 33 28 36 47 20
40 0 28 37 37 15 32 33 10 44 17 19 43 35 15 28 15 43 21 34 23 15 26 20 17 13 41 46 27 28 21 43 3 32 27 16 43 16 17 2 23 42 18 33 16 23 30 43 7 25 23
16 28 0 9 13 17 8 5 18 16 11 11 21 16 15 0 30 15 9 6 36 15 11 24 27 27 25 30 17 20 23 15 29 4 15 12 15 26 19 26 5 26 24 12 21 39 17 19 25 31 17
10 37 9 0 12 26 12 4 27 8 20 19 22 14 23 9 37 7 17 3 45 23 19 33 36 36 28 32 25 23 27 6 38 5 23 21 6 32 26 35 14 29 30 16 28 48 24 18 34 40 21
22 37 13 12 0 25 5 13 27 17 20 24 10 26 27 13 42 16 22 14 40 27 13 27 33 35 16 20 17 33 36 15 40 12 15 24 10 38 32 35 15 17 37 6 33 45 15 6 36 32 30
33 15 17 26 25 0 20 22 5 33 7 15 29 31 15 17 26 32 16 23 19 15 12 8 10 10 26 31 12 29 25 32 18 21 12 12 32 25 20 13 12 27 25 19 21 22 15 29 17 16 24
21 32 8 12 5 20 0 10 22 19 15 19 13 23 22 8 37 18 17 11 36 22 8 23 28 30 17 22 14 28 31 17 35 9 12 19 13 33 27 30 10 18 32 4 28 40 12 11 31 29 25
11 33 5 4 13 22 10 0 23 11 16 15 23 13 19 5 33 10 13 1 41 19 16 29 32 32 27 32 22 20 24 10 34 1 20 17 10 29 22 31 10 28 27 14 24 44 22 19 30 36 18
34 10 18 27 27 5 22 23 0 34 7 12 33 29 11 18 21 33 14 24 21 11 16 13 13 11 31 36 17 25 21 33 13 22 17 9 33 20 16 8 13 32 20 23 17 23 20 33 12 20 20
9 44 16 8 17 33 19 11 34 0 27 26 26 16 30 16 43 1 24 10 52 30 27 40 43 43 33 37 33 27 33 2 45 12 31 28 7 38 33 42 21 34 36 22 35 55 31 21 41 47 27
27 17 11 20 20 7 15 16 7 27 0 8 27 24 8 11 23 26 9 17 26 8 11 15 17 17 27 32 14 22 18 26 20 15 13 5 26 19 13 15 6 28 18 17 14 29 16 26 16 23 17
22 19 11 19 24 15 19 15 12 26 8 0 31 17 4 11 19 25 2 16 33 4 17 23 25 23 33 38 22 14 13 25 20 14 21 3 25 15 8 18 9 34 13 21 10 35 24 30 15 31 9
32 43 21 22 10 29 13 23 33 26 27 31 0 36 34 21 49 25 30 24 41 34 17 28 34 37 8 11 18 41 44 24 46 22 17 31 19 45 39 41 22 9 44 10 40 46 14 5 43 32 38
7 35 16 14 26 31 23 13 29 16 24 17 36 0 20 16 29 16 16 12 50 20 27 39 41 40 40 45 33 11 19 16 35 14 31 20 20 24 19 35 21 41 22 27 21 52 33 32 29 47 13
25 15 15 23 27 15 22 19 11 30 8 4 34 20 0 15 15 29 6 20 32 0 19 23 24 22 35 40 22 14 10 29 16 18 21 3 29 11 5 15 12 36 10 24 6 34 24 33 11 31 9
16 28 0 9 13 17 8 5 18 16 11 11 21 16 15 0 30 15 9 6 36 15 11 24 27 27 25 30 17 20 23 15 29 4 15 12 15 26 19 26 5 26 24 12 21 39 17 19 25 31 17
36 15 30 37 42 26 37 33 21 43 23 19 49 29 15 30 0 42 21 34 38 15 34 34 32 28 50 55 37 18 10 42 13 33 36 18 43 5 11 17 27 51 7 39 9 38 39 48 9 40 16
9 43 15 7 16 32 18 10 33 1 26 25 25 16 29 15 42 0 23 9 51 29 26 39 42 42 32 36 32 27 32 1 44 11 30 27 6 37 32 41 20 33 35 21 34 54 30 20 40 46 26
20 21 9 17 22 16 17 13 14 24 9 2 30 16 6 9 21 23 0 14 35 6 16 24 26 25 32 37 22 14 14 23 22 12 20 5 23 17 10 20 8 33 15 20 12 37 23 28 17 32 9
10 34 6 3 14 23 11 1 24 10 17 16 24 12 20 6 34 9 14 0 42 20 17 30 33 33 28 33 23 20 24 9 35 2 21 18 9 29 23 32 11 29 27 15 25 45 23 20 31 37 18
52 23 36 45 40 19 36 41 21 52 26 33 41 50 32 36 38 51 35 42 0 32 28 13 9 10 35 38 23 46 42 51 26 40 25 30 49 39 37 22 31 34 40 34 37 5 27 44 30 9 41
25 15 15 23 27 15 22 19 11 30 8 4 34 20 0 15 15 29 6 20 32 0 19 23 24 22 35 40 22 14 10 29 16 18 21 3 29 11 5 15 12 36 10 24 6 34 24 33 11 31 9
27 26 11 19 13 12 8 16 16 27 11 17 17 27 19 11 34 26 16 17 28 19 0 15 20 22 17 22 6 30 29 25 29 15 4 16 21 30 24 24 8 18 29 7 25 32 7 17 27 21 25
40 20 24 33 27 8 23 29 13 40 15 23 28 39 23 24 34 39 24 30 13 23 15 0 6 9 24 28 10 37 33 39 23 28 12 20 36 33 28 18 19 24 33 21 29 18 14 31 25 8 32
43 17 27 36 33 10 28 32 13 43 17 25 34 41 24 27 32 42 26 33 9 24 20 6 0 4 30 34 16 38 34 42 20 31 18 22 41 32 29 15 22 30 33 27 30 12 20 37 23 8 33
43 13 27 36 35 10 30 32 11 43 17 23 37 40 22 27 28 42 25 33 10 22 22 9 4 0 33 37 19 36 32 42 16 31 20 20 42 29 27 12 22 33 30 29 27 12 23 39 20 12 31
38 41 25 28 16 26 17 27 31 33 27 33 8 40 35 25 50 32 32 28 35 35 17 24 30 33 0 5 15 45 45 31 44 26 14 32 26 46 40 39 24 1 45 13 41 40 11 13 43 26 41
42 46 30 32 20 31 22 32 36 37 32 38 11 45 40 30 55 36 37 33 38 40 22 28 34 37 5 0 19 50 50 35 49 31 19 37 30 51 45 44 29 4 50 18 46 43 16 16 48 29 46
33 27 17 25 17 12 14 22 17 33 14 22 18 33 22 17 37 32 22 23 23 22 6 10 16 19 15 19 0 36 32 31 30 21 2 19 27 33 27 25 14 15 32 11 28 28 4 21 29 15 31
18 28 20 23 33 29 28 20 25 27 22 14 41 11 14 20 18 27 14 20 46 14 30 37 38 36 45 50 36 0 8 27 27 21 34 17 29 13 11 28 22 46 11 32 12 48 37 39 21 45 5
26 21 23 27 36 25 31 24 21 33 18 13 44 19 10 23 10 32 14 24 42 10 29 33 34 32 45 50 32 8 0 32 20 24 31 13 33 5 5 21 22 46 3 34 5 43 34 42 14 41 6
10 43 15 6 15 32 17 10 33 2 26 25 24 16 29 15 42 1 23 9 51 29 25 39 42 42 31 35 31 27 32 0 44 11 29 27 5 37 32 41 20 32 35 20 34 54 29 19 40 46 26
41 3 29 38 40 18 35 34 13 45 20 20 46 35 16 29 13 44 22 35 26 16 29 23 20 16 44 49 30 27 20 44 0 33 30 17 44 15 16 5 25 45 17 36 15 25 33 46 6 28 22
12 32 4 5 12 21 9 1 22 12 15 14 22 14 18 4 33 11 12 2 40 18 15 28 31 31 26 31 21 21 24 11 33 0 19 16 11 29 22 30 9 27 27 13 24 43 21 18 29 35 18
31 27 15 23 15 12 12 20 17 31 13 21 17 31 21 15 36 30 20 21 25 21 4 12 18 20 14 19 2 34 31 29 30 19 0 18 25 32 26 25 12 15 31 9 27 30 3 19 29 17 29
25 16 12 21 24 12 19 17 9 28 5 3 31 20 3 12 18 27 5 18 30 3 16 20 22 20 32 37 19 17 13 27 17 16 18 0 27 14 8 15 9 33 13 21 9 32 21 30 13 28 12
15 43 15 6 10 32 13 10 33 7 26 25 19 20 29 15 43 6 23 9 49 29 21 36 41 42 26 30 27 29 33 5 44 11 25 27 0 38 32 41 20 27 36 16 34 53 25 14 40 42 27
31 16 26 32 38 25 33 29 20 38 19 15 45 24 11 26 5 37 17 29 39 11 30 33 32 29 46 51 33 13 5 37 15 29 32 14 38 0 7 17 23 47 2 35 5 39 35 44 9 40 11
26 17 19 26 32 20 27 22 16 33 13 8 39 19 5 19 11 32 10 23 37 5 24 28 29 27 40 45 27 11 5 32 16 22 26 8 32 7 0 17 17 41 5 29 2 39 29 38 10 36 6
40 2 26 35 35 13 30 31 8 42 15 18 41 35 15 26 17 41 20 32 22 15 24 18 15 12 39 44 25 28 21 41 5 30 25 15 41 17 17 0 21 40 19 31 16 22 28 41 8 23 23
21 23 5 14 15 12 10 10 13 21 6 9 22 21 12 5 27 20 8 11 31 12 8 19 22 22 24 29 14 22 22 20 25 9 12 9 20 23 17 21 0 25 22 12 18 34 15 21 22 27 17
39 42 26 29 17 27 18 28 32 34 28 34 9 41 36 26 51 33 33 29 34 36 18 24 30 33 1 4 15 46 46 32 45 27 15 33 27 47 41 40 25 0 46 14 42 39 12 14 44 25 42
29 18 24 30 37 25 32 27 20 36 18 13 44 22 10 24 7 35 15 27 40 10 29 33 33 30 45 50 32 11 3 35 17 27 31 13 36 2 5 19 22 46 0 34 4 41 34 43 11 40 9
25 33 12 16 6 19 4 14 23 22 17 21 10 27 24 12 39 21 20 15 34 24 7 21 27 29 13 18 11 32 34 20 36 13 9 21 16 35 29 31 12 14 34 0 30 39 9 10 33 26 29
28 16 21 28 33 21 28 24 17 35 14 10 40 21 6 21 9 34 12 25 37 6 25 29 30 27 41 46 28 12 5 34 15 24 27 9 34 5 2 16 18 42 4 30 0 38 30 39 9 37 8
55 23 39 48 45 22 40 44 23 55 29 35 46 52 34 39 38 54 37 45 5 34 32 18 12 12 40 43 28 48 43 54 25 43 30 32 53 39 39 22 34 39 41 39 38 0 32 49 30 14 43
33 30 17 24 15 15 12 22 20 31 16 24 14 33 24 17 39 30 23 23 27 24 7 14 20 23 11 16 4 37 34 29 33 21 3 21 25 35 29 28 15 12 34 9 30 32 0 17 32 18 32
28 43 19 18 6 29 11 19 33 21 26 30 5 32 33 19 48 20 28 20 44 33 17 31 37 39 13 16 21 39 42 19 46 18 19 30 14 44 38 41 21 14 43 10 39 49 17 0 42 35 36
36 7 25 34 36 17 31 30 12 41 16 15 43 29 11 25 9 40 17 31 30 11 27 25 23 20 43 48 29 21 14 40 6 29 29 13 40 9 10 8 22 44 11 33 9 30 32 42 0 31 16
47 25 31 40 32 16 29 36 20 47 23 31 32 47 31 31 40 46 32 37 9 31 21 8 8 12 26 29 15 45 41 46 28 35 17 28 42 40 36 23 27 25 40 26 37 14 18 35 31 0 40
20 23 17 21 30 24 25 18 20 27 17 9 38 13 9 17 16 26 9 18 41 9 25 32 33 31 41 46 31 5 6 26 22 18 29 12 27 11 6 23 17 42 9 29 8 43 32 36 16 40 0
0 819
357 357
750 750
16 16
246 246
254 254
46 46
573 573
386 386
331 331
715 715
740 740
490 490
809 809
575 575
388 388
284 284
245 245
232 232
629 629
758 758
774 774
704 704
793 793
6 6
767 767
556 556
121 121
794 794
139 139
163 163
676 676
205 205
617 617
381 381
543 543
714 714
496 496
74 74
188 188
565 565
528 528
226 226
649 649
639 639
444 444
531 531
427 427
539 539
647 647
653 653
0
53
48
73
68
84
21
64
80
35
34
69
21
22
58
41
71
34
83
65
57
89
56
74
45
54
74
30
25
73
14
53
67
34
33
16
39
24
24
88
48
34
39
61
67
38
23
87
13
33
64
