51
1625
0 38 48 19 41 34 9 20 19 6 14 5 36 13 10 35 28 46 19 9 41 47 21 8 35 39 4 24 7 43 37 17 11 37 35 29 25 47 9 24 10 7 34 34 41 49 30 38 31 17 6
38 0 14 29 26 5 40 27 50 36 41 33 6 26 32 29 25 13 44 40 22 14 17 31 4 2 34 29 36 28 5 28 32 36 17 10 18 10 34 36 33 44 18 24 33 14 28 21 15 48 39
48 14 0 36 23 14 50 41 57 46 48 43 12 36 44 30 39 2 51 50 17 2 29 42 14 14 44 34 46 24 18 36 42 37 17 24 25 5 46 41 45 54 19 26 29 1 31 20 19 55 49
19 29 36 0 22 24 15 29 21 13 12 16 25 8 22 16 35 34 15 15 24 34 21 18 25 31 17 5 12 24 32 3 9 19 20 28 11 36 24 8 23 21 18 15 22 37 11 20 17 19 16
41 26 23 22 0 21 37 44 42 35 33 36 20 28 42 8 46 22 35 37 6 21 31 38 22 28 37 17 34 2 30 24 30 14 9 32 18 27 44 23 43 43 9 7 7 24 12 5 12 40 38
34 5 14 24 21 0 36 29 45 32 36 29 2 22 30 24 27 12 39 36 18 13 16 28 1 7 30 24 32 23 9 23 28 31 12 12 13 13 32 31 31 40 13 19 28 15 23 16 10 43 35
9 40 50 15 37 36 0 26 10 4 5 9 38 14 17 31 34 48 10 0 39 48 25 13 37 42 9 20 4 39 41 14 8 31 35 33 25 49 18 18 18 7 33 30 37 51 26 35 31 8 3
20 27 41 29 44 29 26 0 36 22 31 17 31 21 10 44 8 40 36 26 42 41 13 13 28 28 18 34 23 46 25 26 24 48 36 17 28 37 11 37 10 27 35 39 49 41 40 39 32 34 25
19 50 57 21 42 45 10 36 0 14 9 19 46 24 27 35 44 55 7 10 45 55 35 23 46 52 19 25 14 43 51 22 18 33 41 43 32 57 28 20 28 13 39 35 41 58 30 41 38 2 13
6 36 46 13 35 32 4 22 14 0 9 5 34 10 13 29 30 44 14 4 37 45 21 9 33 38 5 18 1 37 37 11 5 31 32 29 22 45 14 18 14 8 30 28 35 47 24 33 28 12 3
14 41 48 12 33 36 5 31 9 9 0 14 37 15 22 27 39 46 5 5 36 46 28 18 37 43 14 16 8 35 42 13 9 26 32 36 23 48 23 13 23 12 30 26 33 49 22 32 29 7 8
5 33 43 16 36 29 9 17 19 5 14 0 31 8 8 32 25 41 19 9 36 42 16 4 30 34 1 21 6 38 32 13 7 35 30 24 20 42 10 22 9 12 29 29 38 44 27 33 26 17 8
36 6 12 25 20 2 38 31 46 34 37 31 0 24 32 24 29 11 40 38 16 11 18 30 3 8 32 25 34 22 11 24 30 31 11 14 14 11 34 32 33 42 12 19 27 13 23 15 10 44 37
13 26 36 8 28 22 14 21 24 10 15 8 24 0 14 24 27 34 20 14 28 35 13 10 23 28 9 13 10 30 27 5 6 27 22 21 12 35 16 16 15 18 21 21 30 37 19 25 18 22 13
10 32 44 22 42 30 17 10 27 13 22 8 32 14 0 38 18 42 27 17 41 43 15 4 30 33 8 27 14 44 30 19 15 41 35 22 25 42 2 30 1 17 34 35 44 45 33 38 31 25 15
35 29 30 16 8 24 31 44 35 29 27 32 24 24 38 0 46 28 28 31 13 28 31 34 25 31 33 11 28 8 33 19 25 7 14 34 16 33 40 15 39 37 12 5 6 31 5 10 14 34 32
28 25 39 35 46 27 34 8 44 30 39 25 29 27 18 46 0 38 44 34 44 39 15 21 26 25 26 39 31 48 21 32 31 52 38 15 30 34 19 43 18 35 37 41 51 39 43 41 34 42 33
46 13 2 34 22 12 48 40 55 44 46 41 11 34 42 28 38 0 49 48 16 1 28 40 13 13 42 32 44 23 17 34 40 35 15 23 23 6 44 39 43 52 17 24 28 3 29 18 17 53 47
19 44 51 15 35 39 10 36 7 14 5 19 40 20 27 28 44 49 0 10 38 49 33 23 40 46 19 18 13 36 47 17 14 26 35 41 26 51 28 13 28 17 33 28 34 52 23 34 32 6 13
9 40 50 15 37 36 0 26 10 4 5 9 38 14 17 31 34 48 10 0 39 48 25 13 37 42 9 20 4 39 41 14 8 31 35 33 25 49 18 18 18 7 33 30 37 51 26 35 31 8 3
41 22 17 24 6 18 39 42 45 37 36 36 16 28 41 13 44 16 38 39 0 15 29 38 19 24 37 20 36 7 27 26 32 20 6 29 16 22 43 26 42 45 8 10 12 18 15 4 10 43 40
47 14 2 34 21 13 48 41 55 45 46 42 11 35 43 28 39 1 49 48 15 0 29 41 14 14 43 32 44 22 18 34 40 35 15 24 23 7 45 39 44 53 17 24 27 3 29 18 17 53 48
21 17 29 21 31 16 25 13 35 21 28 16 18 13 15 31 15 28 33 25 29 29 0 14 15 18 17 24 22 33 16 18 19 37 23 8 15 27 17 29 16 28 22 26 36 30 28 26 19 33 24
8 31 42 18 38 28 13 13 23 9 18 4 30 10 4 34 21 40 23 13 38 41 14 0 29 32 5 23 10 40 30 15 11 37 32 22 22 41 6 26 5 15 31 31 40 43 29 35 28 21 12
35 4 14 25 22 1 37 28 46 33 37 30 3 23 30 25 26 13 40 37 19 14 15 29 0 6 31 25 33 24 8 24 29 32 13 11 14 12 32 32 31 41 14 20 29 15 24 17 11 44 36
39 2 14 31 28 7 42 28 52 38 43 34 8 28 33 31 25 13 46 42 24 14 18 32 6 0 35 31 38 30 4 30 34 38 19 11 20 9 35 38 34 46 20 26 35 14 30 23 17 50 41
4 34 44 17 37 30 9 18 19 5 14 1 32 9 8 33 26 42 19 9 37 43 17 5 31 35 0 22 6 39 33 14 8 36 31 25 21 43 9 23 9 11 30 30 39 45 28 34 27 17 7
24 29 34 5 17 24 20 34 25 18 16 21 25 13 27 11 39 32 18 20 20 32 24 23 25 31 22 0 17 19 32 8 14 14 17 29 11 36 29 7 28 26 15 10 17 35 6 16 15 23 21
7 36 46 12 34 32 4 23 14 1 8 6 34 10 14 28 31 44 13 4 36 44 22 10 33 38 6 17 0 36 37 10 4 30 31 30 21 45 15 17 15 9 29 27 34 47 23 32 27 12 4
43 28 24 24 2 23 39 46 43 37 35 38 22 30 44 8 48 23 36 39 7 22 33 40 24 30 39 19 36 0 32 26 32 14 11 34 20 29 46 23 45 45 11 9 5 25 13 7 14 42 40
37 5 18 32 30 9 41 25 51 37 42 32 11 27 30 33 21 17 47 41 27 18 16 30 8 4 33 32 37 32 0 30 33 40 21 8 21 13 32 39 31 44 22 28 37 18 32 25 19 49 40
17 28 36 3 24 23 14 26 22 11 13 13 24 5 19 19 32 34 17 14 26 34 18 15 24 30 14 8 10 26 30 0 6 22 21 25 11 35 21 11 20 19 19 17 25 37 14 22 17 20 14
11 32 42 9 30 28 8 24 18 5 9 7 30 6 15 25 31 40 14 8 32 40 19 11 29 34 8 14 4 32 33 6 0 28 27 27 17 41 17 15 16 13 25 23 31 43 20 28 23 16 8
37 36 37 19 14 31 31 48 33 31 26 35 31 27 41 7 52 35 26 31 20 35 37 37 32 38 36 14 30 14 40 22 28 0 21 40 22 40 43 13 42 38 19 12 9 38 9 17 21 32 34
35 17 17 20 9 12 35 36 41 32 32 30 11 22 35 14 38 15 35 35 6 15 23 32 13 19 31 17 31 11 21 21 27 21 0 23 10 19 37 24 36 40 2 9 16 18 14 4 4 39 35
29 10 24 28 32 12 33 17 43 29 36 24 14 21 22 34 15 23 41 33 29 24 8 22 11 11 25 29 30 34 8 25 27 40 23 0 18 20 24 36 23 36 23 29 39 24 31 27 20 41 32
25 18 25 11 18 13 25 28 32 22 23 20 14 12 25 16 30 23 26 25 16 23 15 22 14 20 21 11 21 20 21 11 17 22 10 18 0 25 27 18 26 30 9 11 21 26 13 13 6 30 25
47 10 5 36 27 13 49 37 57 45 48 42 11 35 42 33 34 6 51 49 22 7 27 41 12 9 43 36 45 29 13 35 41 40 19 20 25 0 44 43 43 53 21 28 34 5 33 23 21 55 48
9 34 46 24 44 32 18 11 28 14 23 10 34 16 2 40 19 44 28 18 43 45 17 6 32 35 9 29 15 46 32 21 17 43 37 24 27 44 0 32 1 16 36 37 46 47 35 40 33 26 15
24 36 41 8 23 31 18 37 20 18 13 22 32 16 30 15 43 39 13 18 26 39 29 26 32 38 23 7 17 23 39 11 15 13 24 36 18 43 32 0 31 25 22 16 21 42 11 22 22 19 21
10 33 45 23 43 31 18 10 28 14 23 9 33 15 1 39 18 43 28 18 42 44 16 5 31 34 9 28 15 45 31 20 16 42 36 23 26 43 1 31 0 17 35 36 45 46 34 39 32 26 15
7 44 54 21 43 40 7 27 13 8 12 12 42 18 17 37 35 52 17 7 45 53 28 15 41 46 11 26 9 45 44 19 13 38 40 36 30 53 16 25 17 0 38 36 43 55 32 41 36 12 5
34 18 19 18 9 13 33 35 39 30 30 29 12 21 34 12 37 17 33 33 8 17 22 31 14 20 30 15 29 11 22 19 25 19 2 23 9 21 36 22 35 38 0 7 16 20 12 4 3 37 33
34 24 26 15 7 19 30 39 35 28 26 29 19 21 35 5 41 24 28 30 10 24 26 31 20 26 30 10 27 9 28 17 23 12 9 29 11 28 37 16 36 36 7 0 10 27 5 6 9 33 31
41 33 29 22 7 28 37 49 41 35 33 38 27 30 44 6 51 28 34 37 12 27 36 40 29 35 39 17 34 5 37 25 31 9 16 39 21 34 46 21 45 43 16 10 0 30 11 12 19 40 38
49 14 1 37 24 15 51 41 58 47 49 44 13 37 45 31 39 3 52 51 18 3 30 43 15 14 45 35 47 25 18 37 43 38 18 24 26 5 47 42 46 55 20 27 30 0 32 21 20 56 50
30 28 31 11 12 23 26 40 30 24 22 27 23 19 33 5 43 29 23 26 15 29 28 29 24 30 28 6 23 13 32 14 20 9 14 31 13 33 35 11 34 32 12 5 11 32 0 11 13 29 27
38 21 20 20 5 16 35 39 41 33 32 33 15 25 38 10 41 18 34 35 4 18 26 35 17 23 34 16 32 7 25 22 28 17 4 27 13 23 40 22 39 41 4 6 12 21 11 0 7 39 36
31 15 19 17 12 10 31 32 38 28 29 26 10 18 31 14 34 17 32 31 10 17 19 28 11 17 27 15 27 14 19 17 23 21 4 20 6 21 33 22 32 36 3 9 19 20 13 7 0 36 31
17 48 55 19 40 43 8 34 2 12 7 17 44 22 25 34 42 53 6 8 43 53 33 21 44 50 17 23 12 42 49 20 16 32 39 41 30 55 26 19 26 12 37 33 40 56 29 39 36 0 11
6 39 49 16 38 35 3 25 13 3 8 8 37 13 15 32 33 47 13 3 40 48 24 12 36 41 7 21 4 40 40 14 8 34 35 32 25 48 15 21 15 5 33 31 38 50 27 36 31 11 0
0 600
100 280
183 363
351 531
182 362
283 463
402 582
248 428
264 444
390 570
321 501
312 492
112 292
234 414
73 253
295 475
173 353
416 596
90 270
344 524
47 227
30 210
301 481
236 416
303 483
227 407
8 188
5 185
189 369
49 229
294 474
266 446
80 260
408 588
146 326
71 251
58 238
280 460
231 411
164 344
6 186
243 423
334 514
227 407
328 508
358 538
73 253
73 253
223 403
368 548
413 593
0
34
34
63
52
45
72
61
22
78
24
71
10
53
44
70
68
61
70
63
79
42
41
35
15
36
41
73
75
73
44
33
50
21
42
73
82
69
52
59
31
46
52
47
30
36
63
27
13
49
75
