51
1626
0 17 27 25 10 5 14 18 15 26 25 15 3 16 26 26 8 14 12 25 20 14 17 16 25 23 34 24 15 32 23 16 26 8 19 20 27 10 20 21 14 11 7 17 24 17 35 11 19 28 6
17 0 43 15 26 20 21 35 31 40 41 31 15 31 21 31 24 3 24 42 37 20 2 32 42 9 41 40 15 17 39 33 42 25 26 25 44 24 34 13 14 27 24 34 23 6 20 8 18 23 11
27 43 0 40 17 28 22 13 28 6 3 12 30 34 34 23 26 40 19 10 14 39 41 22 13 42 19 4 29 49 4 12 20 22 20 22 6 19 9 36 29 23 21 14 49 38 51 38 46 34 33
25 15 40 0 26 30 18 38 40 37 40 30 25 41 8 22 33 16 22 44 40 33 13 40 45 6 34 37 11 9 36 34 49 32 21 19 44 23 31 4 11 35 29 37 38 10 11 21 33 10 22
10 26 17 26 0 13 9 12 19 16 15 5 13 22 24 20 13 23 5 18 14 24 25 16 19 28 25 14 15 35 13 8 23 9 13 14 18 3 10 22 15 12 6 11 34 22 37 21 29 24 16
5 20 28 30 13 0 19 16 11 29 25 18 5 11 31 31 4 17 17 23 18 11 20 12 23 27 38 27 20 36 26 16 22 6 24 25 26 15 23 26 19 7 8 15 21 21 39 14 18 33 9
14 21 22 18 9 19 0 21 27 19 22 12 17 30 15 12 21 19 4 26 23 28 19 25 28 20 21 19 7 27 18 17 32 17 5 6 26 6 13 14 7 20 14 20 36 16 29 21 32 15 16
18 35 13 38 12 16 21 0 15 16 10 9 20 21 36 28 14 32 17 7 2 27 35 9 7 40 30 14 27 47 13 4 11 10 22 24 10 15 14 34 27 10 11 1 37 34 49 29 34 36 24
15 31 28 40 19 11 27 15 0 30 25 22 16 6 41 38 7 28 23 20 15 17 31 6 19 38 43 28 30 47 27 17 15 10 31 32 24 21 27 36 29 7 13 14 24 32 50 25 24 42 20
26 40 6 37 16 29 19 16 30 0 8 11 29 35 30 18 27 37 16 15 17 40 38 25 18 39 14 2 26 46 3 13 25 23 16 18 12 16 6 33 26 24 21 17 50 35 47 36 45 29 31
25 41 3 40 15 25 22 10 25 8 0 10 28 31 34 24 23 38 18 8 11 36 39 19 11 42 22 6 29 49 5 9 18 19 20 22 4 17 9 36 29 20 18 11 46 37 51 36 43 34 31
15 31 12 30 5 18 12 9 22 11 10 0 18 26 27 19 17 28 8 14 11 29 29 17 16 32 21 9 19 39 8 5 20 13 13 15 14 7 5 26 19 15 10 9 39 27 41 26 34 27 21
3 15 30 25 13 5 17 20 16 29 28 18 0 16 27 29 9 12 15 27 22 11 15 17 27 22 37 27 16 31 26 19 27 10 22 23 30 13 23 21 15 12 10 19 21 16 34 9 16 29 4
16 31 34 41 22 11 30 21 6 35 31 26 16 0 42 41 9 28 26 26 21 12 31 12 25 38 47 33 31 47 32 22 21 13 34 35 30 24 31 37 30 11 16 20 18 32 50 23 19 44 20
26 21 34 8 24 31 15 36 41 30 34 27 27 42 0 14 34 21 19 41 38 37 19 40 43 14 26 30 11 17 30 32 47 32 14 12 38 21 25 8 12 35 29 35 43 15 17 26 38 2 25
26 31 23 22 20 31 12 28 38 18 24 19 29 41 14 0 32 29 15 31 30 40 29 36 34 27 12 19 16 31 20 24 39 28 7 6 28 17 15 20 17 31 25 28 48 25 31 32 44 12 28
8 24 26 33 13 4 21 14 7 27 23 17 9 9 34 32 0 21 17 21 16 13 24 9 21 31 38 25 23 40 24 14 19 4 25 26 24 15 22 29 22 4 7 13 23 25 43 18 20 36 13
14 3 40 16 23 17 19 32 28 37 38 28 12 28 21 29 21 0 21 39 34 17 3 29 39 10 39 37 13 19 36 30 39 22 24 23 41 21 31 13 12 24 21 31 22 6 22 5 17 23 8
12 24 19 22 5 17 4 17 23 16 18 8 15 26 19 15 17 21 0 22 19 26 22 21 24 24 22 16 11 31 15 13 28 13 8 9 22 2 10 18 11 16 10 16 36 19 33 21 31 19 16
25 42 10 44 18 23 26 7 20 15 8 14 27 26 41 31 21 39 22 0 5 34 42 14 3 46 29 13 33 53 12 10 10 17 27 29 5 21 16 40 33 17 18 8 44 40 55 36 41 41 31
20 37 14 40 14 18 23 2 15 17 11 11 22 21 38 30 16 34 19 5 0 29 37 9 5 42 31 15 29 49 14 6 9 12 24 26 9 17 16 36 29 12 13 3 39 36 51 31 36 38 26
14 20 39 33 24 11 28 27 17 40 36 29 11 12 37 40 13 17 26 34 29 0 20 21 34 27 48 38 26 36 37 27 31 17 33 34 37 24 34 30 25 17 19 26 10 23 39 12 7 39 12
17 2 41 13 25 20 19 35 31 38 39 29 15 31 19 29 24 3 22 42 37 20 0 32 42 7 39 38 13 16 37 32 42 25 24 23 43 22 32 11 12 27 24 34 25 4 19 8 20 21 11
16 32 22 40 16 12 25 9 6 25 19 17 17 12 40 36 9 29 21 14 9 21 32 0 13 39 38 23 29 48 22 12 10 8 29 30 18 19 22 36 29 5 11 8 30 33 51 26 28 40 21
25 42 13 45 19 23 28 7 19 18 11 16 27 25 43 34 21 39 24 3 5 34 42 13 0 47 32 16 34 54 15 11 7 17 29 31 8 22 19 41 34 17 18 8 43 41 56 36 41 43 31
23 9 42 6 28 27 20 40 38 39 42 32 22 38 14 27 31 10 24 46 42 27 7 39 47 0 38 39 13 9 38 36 49 31 24 22 46 25 33 7 13 34 29 39 32 6 12 15 27 16 18
34 41 19 34 25 38 21 30 43 14 22 21 37 47 26 12 38 39 22 29 31 48 39 38 32 38 0 16 26 43 17 26 39 34 16 16 25 24 16 31 27 36 31 30 57 35 43 42 53 24 37
24 40 4 37 14 27 19 14 28 2 6 9 27 33 30 19 25 37 16 13 15 38 38 23 16 39 16 0 26 46 1 11 23 21 16 18 10 16 6 33 26 22 19 15 48 35 47 35 43 30 30
15 15 29 11 15 20 7 27 30 26 29 19 16 31 11 16 23 13 11 33 29 26 13 29 34 13 26 26 0 20 25 23 38 21 11 10 33 12 20 7 1 24 18 26 34 9 22 16 29 13 14
32 17 49 9 35 36 27 47 47 46 49 39 31 47 17 31 40 19 31 53 49 36 16 48 54 9 43 46 20 0 45 43 58 40 30 28 53 32 40 13 20 43 38 46 40 15 3 24 35 19 27
23 39 4 36 13 26 18 13 27 3 5 8 26 32 30 20 24 36 15 12 14 37 37 22 15 38 17 1 25 45 0 10 22 20 16 18 9 15 5 32 25 21 18 14 47 34 47 34 42 30 29
16 33 12 34 8 16 17 4 17 13 9 5 19 22 32 24 14 30 13 10 6 27 32 12 11 36 26 11 23 43 10 0 15 10 18 20 11 11 10 30 23 11 9 4 37 30 45 27 34 32 22
26 42 20 49 23 22 32 11 15 25 18 20 27 21 47 39 19 39 28 10 9 31 42 10 7 49 39 23 38 58 22 15 0 18 33 35 15 26 25 45 38 15 21 12 39 43 60 36 38 47 31
8 25 22 32 9 6 17 10 10 23 19 13 10 13 32 28 4 22 13 17 12 17 25 8 17 31 34 21 21 40 20 10 18 0 21 22 20 11 18 28 21 3 3 9 27 25 43 19 24 32 14
19 26 20 21 13 24 5 22 31 16 20 13 22 34 14 7 25 24 8 27 24 33 24 29 29 24 16 16 11 30 16 18 33 21 0 2 24 10 11 17 12 24 18 22 41 20 31 26 37 14 21
20 25 22 19 14 25 6 24 32 18 22 15 23 35 12 6 26 23 9 29 26 34 23 30 31 22 16 18 10 28 18 20 35 22 2 0 26 11 13 15 11 25 19 24 42 19 29 26 38 12 22
27 44 6 44 18 26 26 10 24 12 4 14 30 30 38 28 24 41 22 5 9 37 43 18 8 46 25 10 33 53 9 11 15 20 24 26 0 21 13 40 33 20 20 11 47 40 55 38 44 38 33
10 24 19 23 3 15 6 15 21 16 17 7 13 24 21 17 15 21 2 21 17 24 22 19 22 25 24 16 12 32 15 11 26 11 10 11 21 0 10 19 12 14 8 14 34 20 34 20 29 21 15
20 34 9 31 10 23 13 14 27 6 9 5 23 31 25 15 22 31 10 16 16 34 32 22 19 33 16 6 20 40 5 10 25 18 11 13 13 10 0 27 20 20 15 14 44 29 42 30 39 25 25
21 13 36 4 22 26 14 34 36 33 36 26 21 37 8 20 29 13 18 40 36 30 11 36 41 7 31 33 7 13 32 30 45 28 17 15 40 19 27 0 7 31 25 33 35 7 15 18 30 10 18
14 14 29 11 15 19 7 27 29 26 29 19 15 30 12 17 22 12 11 33 29 25 12 29 34 13 27 26 1 20 25 23 38 21 12 11 33 12 20 7 0 24 18 26 33 9 22 15 28 14 13
11 27 23 35 12 7 20 10 7 24 20 15 12 11 35 31 4 24 16 17 12 17 27 5 17 34 36 22 24 43 21 11 15 3 24 25 20 14 20 31 24 0 6 9 27 28 46 21 24 35 16
7 24 21 29 6 8 14 11 13 21 18 10 10 16 29 25 7 21 10 18 13 19 24 11 18 29 31 19 18 38 18 9 21 3 18 19 20 8 15 25 18 6 0 10 29 23 40 18 26 29 13
17 34 14 37 11 15 20 1 14 17 11 9 19 20 35 28 13 31 16 8 3 26 34 8 8 39 30 15 26 46 14 4 12 9 22 24 11 14 14 33 26 9 10 0 36 33 48 28 33 35 23
24 23 49 38 34 21 36 37 24 50 46 39 21 18 43 48 23 22 36 44 39 10 25 30 43 32 57 48 34 40 47 37 39 27 41 42 47 34 44 35 33 27 29 36 0 28 43 18 5 45 20
17 6 38 10 22 21 16 34 32 35 37 27 16 32 15 25 25 6 19 40 36 23 4 33 41 6 35 35 9 15 34 30 43 25 20 19 40 20 29 7 9 28 23 33 28 0 18 11 23 17 12
35 20 51 11 37 39 29 49 50 47 51 41 34 50 17 31 43 22 33 55 51 39 19 51 56 12 43 47 22 3 47 45 60 43 31 29 55 34 42 15 22 46 40 48 43 18 0 27 38 19 30
11 8 38 21 21 14 21 29 25 36 36 26 9 23 26 32 18 5 21 36 31 12 8 26 36 15 42 35 16 24 34 27 36 19 26 26 38 20 30 18 15 21 18 28 18 11 27 0 13 28 5
19 18 46 33 29 18 32 34 24 45 43 34 16 19 38 44 20 17 31 41 36 7 20 28 41 27 53 43 29 35 42 34 38 24 37 38 44 29 39 30 28 24 26 33 5 23 38 13 0 40 16
28 23 34 10 24 33 15 36 42 29 34 27 29 44 2 12 36 23 19 41 38 39 21 40 43 16 24 30 13 19 30 32 47 32 14 12 38 21 25 10 14 35 29 35 45 17 19 28 40 0 27
6 11 33 22 16 9 16 24 20 31 31 21 4 20 25 28 13 8 16 31 26 12 11 21 31 18 37 30 14 27 29 22 31 14 21 22 33 15 25 18 13 16 13 23 20 12 30 5 16 27 0
0 519
188 239
322 373
90 141
414 465
434 485
375 426
265 316
104 155
7 58
393 444
337 388
410 461
445 496
23 74
240 291
140 191
265 316
174 225
288 339
134 185
236 287
337 388
266 317
88 139
216 267
268 319
171 222
10 61
369 420
393 444
292 343
309 360
89 140
165 216
9 60
47 98
379 430
312 363
401 452
61 112
307 358
411 462
126 177
66 117
39 90
130 181
217 268
308 359
119 170
197 248
0
68
51
52
29
57
35
22
38
57
77
58
49
32
32
72
29
77
40
10
61
57
56
41
53
72
43
67
81
28
26
42
35
24
73
70
77
17
70
17
71
79
45
26
79
48
25
52
43
69
69
