51
1622
0 11 44 21 7 47 35 25 39 42 34 9 17 31 42 28 26 7 7 29 19 9 35 21 10 38 21 17 25 23 21 12 25 36 28 40 20 30 20 18 20 25 8 3 26 15 32 15 14 38 38
11 0 55 32 18 58 45 34 45 53 45 12 27 37 53 37 36 12 18 40 8 19 46 27 16 48 32 27 36 34 32 18 36 47 36 45 28 41 19 21 27 35 14 9 36 22 39 26 24 45 49
44 55 0 23 37 4 16 37 35 2 12 49 28 37 4 39 24 48 37 24 62 41 13 41 41 19 23 37 19 28 25 41 19 9 41 41 39 14 50 45 35 23 47 46 25 36 32 29 31 33 10
21 32 23 0 15 26 14 27 26 21 13 28 5 23 22 30 8 26 15 21 39 21 14 21 18 18 0 22 4 16 11 18 6 18 31 31 26 9 28 24 15 6 26 23 8 14 19 9 8 24 17
7 18 37 15 0 41 29 21 37 35 28 13 11 29 35 24 21 11 0 22 26 6 29 21 12 33 15 13 19 16 14 14 18 29 24 38 16 24 23 20 18 19 11 10 21 13 30 8 10 36 32
47 58 4 26 41 0 19 41 37 6 15 53 31 40 7 43 27 52 41 28 65 45 16 44 44 21 26 41 22 32 29 44 23 13 45 43 43 17 53 48 38 26 51 49 28 39 35 33 34 35 12
35 45 16 14 29 19 0 40 20 17 5 42 18 21 19 43 9 40 29 31 51 35 3 26 30 4 14 36 10 29 24 29 16 20 44 26 40 7 36 31 21 10 40 36 10 24 16 23 21 18 7
25 34 37 27 21 41 40 0 53 35 37 22 28 50 34 3 35 22 21 13 42 16 39 42 33 44 27 8 31 11 16 35 24 28 4 58 6 33 44 41 39 33 20 28 35 34 46 20 30 51 41
39 45 35 26 37 37 20 53 0 36 25 48 27 8 38 56 19 46 37 47 48 43 23 19 29 16 26 48 25 42 37 27 32 39 57 6 52 26 30 25 19 21 47 38 18 24 7 35 27 2 25
42 53 2 21 35 6 17 35 36 0 12 47 26 38 2 37 23 46 35 22 60 39 14 40 39 20 21 35 18 26 23 39 17 7 39 42 37 13 49 44 34 22 45 44 24 35 33 27 29 34 11
34 45 12 13 28 15 5 37 25 12 0 41 18 26 14 40 12 39 28 27 52 34 2 30 31 9 13 33 9 26 21 31 13 15 41 31 37 4 39 34 24 12 39 36 13 26 21 22 21 23 4
9 12 49 28 13 53 42 22 48 47 41 0 24 40 46 25 34 2 13 29 20 8 42 30 19 46 28 15 32 23 24 21 30 40 24 49 16 37 28 27 29 32 2 11 34 24 41 20 23 47 45
17 27 28 5 11 31 18 28 27 26 18 24 0 22 27 31 10 22 11 23 34 17 19 17 13 22 5 21 9 18 13 13 10 23 32 31 25 14 23 19 12 8 22 18 10 9 20 8 3 26 22
31 37 37 23 29 40 21 50 8 38 26 40 22 0 40 53 16 38 29 44 40 35 24 11 21 20 23 42 22 39 34 19 29 38 53 9 45 26 22 17 11 18 39 30 15 16 5 30 21 9 28
42 53 4 22 35 7 19 34 38 2 14 46 27 40 0 36 25 45 35 21 61 38 16 41 40 22 22 34 19 25 22 40 18 6 38 44 36 15 50 45 35 23 44 45 26 36 35 27 30 36 13
28 37 39 30 24 43 43 3 56 37 40 25 31 53 36 0 38 25 24 15 45 19 42 45 36 47 30 11 34 14 19 38 27 30 3 61 9 36 47 44 42 36 23 31 38 37 49 23 33 54 44
26 36 24 8 21 27 9 35 19 23 12 34 10 16 25 38 0 32 21 29 42 27 11 18 21 12 8 30 6 24 19 20 13 22 39 24 34 10 27 22 12 2 32 27 1 15 12 17 12 17 15
7 12 48 26 11 52 40 22 46 46 39 2 22 38 45 25 32 0 11 28 20 7 40 28 17 44 26 15 30 22 23 19 29 39 24 47 16 35 26 25 27 30 2 9 32 22 39 19 21 45 43
7 18 37 15 0 41 29 21 37 35 28 13 11 29 35 24 21 11 0 22 26 6 29 21 12 33 15 13 19 16 14 14 18 29 24 38 16 24 23 20 18 19 11 10 21 13 30 8 10 36 32
29 40 24 21 22 28 31 13 47 22 27 29 23 44 21 15 29 28 22 0 48 21 29 40 34 35 21 14 23 6 10 35 16 15 17 52 16 24 45 41 35 27 27 32 29 32 40 16 26 45 30
19 8 62 39 26 65 51 42 48 60 52 20 34 40 61 45 42 20 26 48 0 27 53 29 21 53 39 35 43 42 40 23 44 55 44 47 36 48 19 23 32 41 22 17 41 27 43 34 31 49 56
9 19 41 21 6 45 35 16 43 39 34 8 17 35 38 19 27 7 6 21 27 0 35 27 18 39 21 8 25 15 16 20 22 32 19 44 11 30 29 26 24 25 6 12 27 19 36 12 16 42 38
35 46 13 14 29 16 3 39 23 14 2 42 19 24 16 42 11 40 29 29 53 35 0 29 32 7 14 35 10 28 23 31 15 17 43 29 39 6 38 33 23 12 40 37 12 26 19 23 22 21 4
21 27 41 21 21 44 26 42 19 40 30 30 17 11 41 45 18 28 21 40 29 27 29 0 11 27 21 34 22 34 30 9 27 38 45 19 37 27 11 6 6 18 29 20 17 8 14 24 14 20 33
10 16 41 18 12 44 30 33 29 39 31 19 13 21 40 36 21 17 12 34 21 18 32 11 0 32 18 25 22 28 24 2 23 36 36 30 28 27 11 8 11 20 18 9 20 6 23 18 10 29 35
38 48 19 18 33 21 4 44 16 20 9 46 22 20 22 47 12 44 33 35 53 39 7 27 32 0 18 40 14 33 28 31 20 24 48 22 44 11 37 32 22 14 44 39 12 26 15 27 24 14 9
21 32 23 0 15 26 14 27 26 21 13 28 5 23 22 30 8 26 15 21 39 21 14 21 18 18 0 22 4 16 11 18 6 18 31 31 26 9 28 24 15 6 26 23 8 14 19 9 8 24 17
17 27 37 22 13 41 36 8 48 35 33 15 21 42 34 11 30 15 13 14 35 8 35 34 25 40 22 0 26 9 12 27 20 28 12 51 4 29 36 33 31 28 13 20 30 26 41 13 22 46 37
25 36 19 4 19 22 10 31 25 18 9 32 9 22 19 34 6 30 19 23 43 25 10 22 22 14 4 26 0 20 15 22 7 16 35 30 30 5 31 26 16 4 30 27 7 17 18 13 12 23 13
23 34 28 16 16 32 29 11 42 26 26 23 18 39 25 14 24 22 16 6 42 15 28 34 28 33 16 9 20 0 5 29 13 19 15 47 11 22 39 35 29 22 21 26 24 26 35 10 20 40 30
21 32 25 11 14 29 24 16 37 23 21 24 13 34 22 19 19 23 14 10 40 16 23 30 24 28 11 12 15 5 0 25 8 16 20 42 16 17 35 31 25 17 22 24 19 22 30 6 16 35 25
12 18 41 18 14 44 29 35 27 39 31 21 13 19 40 38 20 19 14 35 23 20 31 9 2 31 18 27 22 29 25 0 23 36 38 28 30 27 10 6 9 19 20 11 19 5 21 19 10 27 35
25 36 19 6 18 23 16 24 32 17 13 30 10 29 18 27 13 29 18 16 44 22 15 27 23 20 6 20 7 13 8 23 0 13 28 37 24 9 33 29 21 11 28 27 14 19 25 10 13 30 17
36 47 9 18 29 13 20 28 39 7 15 40 23 38 6 30 22 39 29 15 55 32 17 38 36 24 18 28 16 19 16 36 13 0 32 45 30 13 46 42 32 20 38 39 23 32 34 21 26 37 16
28 36 41 31 24 45 44 4 57 39 41 24 32 53 38 3 39 24 24 17 44 19 43 45 36 48 31 12 35 15 20 38 28 32 0 62 8 37 47 44 42 37 22 31 39 37 50 24 34 55 45
40 45 41 31 38 43 26 58 6 42 31 49 31 9 44 61 24 47 38 52 47 44 29 19 30 22 31 51 30 47 42 28 37 45 62 0 54 32 28 24 20 26 48 39 23 25 12 39 30 8 31
20 28 39 26 16 43 40 6 52 37 37 16 25 45 36 9 34 16 16 16 36 11 39 37 28 44 26 4 30 11 16 30 24 30 8 54 0 33 39 36 34 32 14 23 34 29 45 17 26 50 41
30 41 14 9 24 17 7 33 26 13 4 37 14 26 15 36 10 35 24 24 48 30 6 27 27 11 9 29 5 22 17 27 9 13 37 32 33 0 36 31 21 9 35 32 11 22 21 18 17 24 8
20 19 50 28 23 53 36 44 30 49 39 28 23 22 50 47 27 26 23 45 19 29 38 11 11 37 28 36 31 39 35 10 33 46 47 28 39 36 0 5 15 27 27 17 26 15 25 29 20 31 42
18 21 45 24 20 48 31 41 25 44 34 27 19 17 45 44 22 25 20 41 23 26 33 6 8 32 24 33 26 35 31 6 29 42 44 24 36 31 5 0 10 22 26 16 21 10 20 25 16 26 37
20 27 35 15 18 38 21 39 19 34 24 29 12 11 35 42 12 27 18 35 32 24 23 6 11 22 15 31 16 29 25 9 21 32 42 20 34 21 15 10 0 12 28 19 11 5 12 19 10 18 27
25 35 23 6 19 26 10 33 21 22 12 32 8 18 23 36 2 30 19 27 41 25 12 18 20 14 6 28 4 22 17 19 11 20 37 26 32 9 27 22 12 0 30 26 3 14 14 15 11 19 16
8 14 47 26 11 51 40 20 47 45 39 2 22 39 44 23 32 2 11 27 22 6 40 29 18 44 26 13 30 21 22 20 28 38 22 48 14 35 27 26 28 30 0 10 32 23 40 18 21 46 43
3 9 46 23 10 49 36 28 38 44 36 11 18 30 45 31 27 9 10 32 17 12 37 20 9 39 23 20 27 26 24 11 27 39 31 39 23 32 17 16 19 26 10 0 27 14 31 18 15 37 40
26 36 25 8 21 28 10 35 18 24 13 34 10 15 26 38 1 32 21 29 41 27 12 17 20 12 8 30 7 24 19 19 14 23 39 23 34 11 26 21 11 3 32 27 0 14 11 17 12 16 16
15 22 36 14 13 39 24 34 24 35 26 24 9 16 36 37 15 22 13 32 27 19 26 8 6 26 14 26 17 26 22 5 19 32 37 25 29 22 15 10 5 14 23 14 14 0 17 16 6 23 30
32 39 32 19 30 35 16 46 7 33 21 41 20 5 35 49 12 39 30 40 43 36 19 14 23 15 19 41 18 35 30 21 25 34 50 12 45 21 25 20 12 14 40 31 11 17 0 28 20 6 23
15 26 29 9 8 33 23 20 35 27 22 20 8 30 27 23 17 19 8 16 34 12 23 24 18 27 9 13 13 10 6 19 10 21 24 39 17 18 29 25 19 15 18 18 17 16 28 0 10 33 26
14 24 31 8 10 34 21 30 27 29 21 23 3 21 30 33 12 21 10 26 31 16 22 14 10 24 8 22 12 20 16 10 13 26 34 30 26 17 20 16 10 11 21 15 12 6 20 10 0 26 25
38 45 33 24 36 35 18 51 2 34 23 47 26 9 36 54 17 45 36 45 49 42 21 20 29 14 24 46 23 40 35 27 30 37 55 8 50 24 31 26 18 19 46 37 16 23 6 33 26 0 23
38 49 10 17 32 12 7 41 25 11 4 45 22 28 13 44 15 43 32 30 56 38 4 33 35 9 17 37 13 30 25 35 17 16 45 31 41 8 42 37 27 16 43 40 16 30 23 26 25 23 0
0 300
174 204
173 203
262 292
95 125
134 164
37 67
46 76
257 287
259 289
251 281
232 262
260 290
198 228
41 71
256 286
150 180
46 76
12 42
111 141
228 258
178 208
164 194
108 138
71 101
198 228
45 75
28 58
4 34
10 40
177 207
27 57
248 278
200 230
249 279
160 190
113 143
120 150
89 119
92 122
111 141
257 287
72 102
23 53
251 281
188 218
50 80
61 91
237 267
261 291
159 189
0
80
52
65
55
41
67
64
17
29
72
68
82
33
53
33
56
53
53
54
51
53
58
80
55
57
47
72
33
61
46
21
30
40
38
43
54
57
56
38
27
41
43
14
48
69
29
11
54
69
72
