51
1626
0 2 17 17 28 12 23 18 19 15 5 5 29 23 21 30 23 7 15 29 28 18 36 25 23 22 14 33 10 29 38 12 7 18 14 18 21 30 7 9 23 31 33 13 13 30 19 32 9 2 17
2 0 16 15 27 10 22 17 20 14 5 7 30 21 20 29 21 6 16 27 28 20 37 26 21 20 14 33 10 28 36 11 9 19 14 16 22 29 7 7 21 29 33 11 14 28 17 31 7 2 18
17 16 0 22 40 10 35 1 35 27 15 20 45 29 29 42 28 20 24 26 44 35 51 41 29 6 22 46 8 37 44 24 23 35 30 24 37 42 15 16 26 37 49 19 29 36 12 40 10 15 33
17 15 22 0 19 12 15 23 22 13 20 22 31 8 8 21 6 12 31 12 31 32 34 27 7 22 29 28 22 16 22 11 24 28 21 3 23 22 22 8 6 15 37 4 19 14 13 19 14 17 22
28 27 40 19 0 30 5 41 15 13 32 32 16 13 11 2 15 21 42 27 19 30 17 15 14 41 41 11 37 7 16 16 31 26 21 16 14 4 34 24 20 14 25 21 19 16 32 5 30 29 17
12 10 10 12 30 0 25 11 27 18 13 16 36 19 19 32 18 12 24 19 36 30 42 32 19 12 22 37 11 27 34 15 19 29 23 14 28 32 15 7 16 27 42 9 21 26 7 30 3 11 25
23 22 35 15 5 25 0 36 11 8 27 27 16 11 7 7 13 16 37 25 17 26 19 13 12 37 36 13 32 9 20 11 26 22 16 12 10 7 29 19 18 16 23 16 14 17 28 9 25 24 13
18 17 1 23 41 11 36 0 36 28 16 21 46 30 30 43 29 21 25 27 45 36 52 42 30 6 23 47 9 38 45 25 24 36 31 25 38 43 16 17 27 38 50 20 30 37 13 41 11 16 34
19 20 35 22 15 27 11 36 0 9 24 21 10 20 16 15 22 15 30 33 9 15 17 6 21 38 30 14 29 20 31 12 19 11 7 19 2 14 26 20 26 27 15 20 6 28 33 20 25 21 3
15 14 27 13 13 18 8 28 9 0 19 19 18 12 8 15 14 8 29 24 18 20 24 14 13 30 28 19 24 15 26 3 18 16 9 10 10 15 21 11 17 20 24 11 7 20 24 17 17 16 9
5 5 15 20 32 13 27 16 24 19 0 5 34 26 25 34 26 11 11 32 32 20 41 30 26 21 9 38 7 33 41 16 8 21 18 21 26 34 2 12 26 34 37 16 18 33 20 36 10 3 22
5 7 20 22 32 16 27 21 21 19 5 0 30 28 25 34 28 12 10 34 28 15 37 26 28 25 9 35 12 33 43 16 3 16 14 23 23 34 5 14 28 36 32 18 15 35 23 36 13 5 18
29 30 45 31 16 36 16 46 10 18 34 30 0 27 23 14 29 25 39 41 5 21 7 4 28 48 39 7 39 23 32 21 28 17 16 28 8 12 35 29 34 30 9 29 16 32 42 21 35 31 12
23 21 29 8 13 19 11 30 20 12 26 28 27 0 4 15 2 16 37 14 28 32 30 24 1 30 35 24 28 8 15 12 28 28 21 5 20 17 28 14 7 8 34 10 19 8 21 11 20 23 21
21 20 29 8 11 19 7 30 16 8 25 25 23 4 0 13 6 14 35 18 24 28 26 20 5 30 34 20 28 8 19 9 25 24 17 5 16 14 27 14 11 12 30 10 15 12 21 11 20 22 17
30 29 42 21 2 32 7 43 15 15 34 34 14 15 13 0 17 23 43 29 18 29 15 14 16 43 43 9 39 9 18 18 32 25 21 18 13 2 36 26 22 16 23 23 20 18 34 7 32 31 18
23 21 28 6 15 18 13 29 22 14 26 28 29 2 6 17 0 17 37 12 30 34 32 26 1 28 35 26 28 10 16 14 29 30 23 5 22 19 28 14 5 9 36 10 21 8 19 13 20 23 23
7 6 20 12 21 12 16 21 15 8 11 12 25 16 14 23 17 0 22 24 24 20 32 21 17 23 20 27 16 22 31 5 12 18 11 12 17 23 13 5 18 24 30 8 9 24 18 25 10 8 13
15 16 24 31 42 24 37 25 30 29 11 10 39 37 35 43 37 22 0 43 35 19 46 35 37 30 2 44 16 43 52 26 11 22 23 32 32 43 9 23 37 45 38 27 24 44 31 46 21 14 27
29 27 26 12 27 19 25 27 33 24 32 34 41 14 18 29 12 24 43 0 42 44 44 38 13 23 41 38 30 22 23 23 36 40 33 14 34 31 34 20 7 16 48 16 31 14 14 25 22 29 33
28 28 44 31 19 36 17 45 9 18 32 28 5 28 24 18 30 24 35 42 0 17 12 4 29 47 35 12 38 26 35 21 25 13 14 28 8 16 33 29 35 33 6 29 15 34 42 24 34 30 11
18 20 35 32 30 30 26 36 15 20 20 15 21 32 28 29 34 20 19 44 17 0 28 18 33 40 19 27 27 35 46 21 12 4 11 30 16 28 20 25 37 40 19 28 13 40 37 35 27 20 13
36 37 51 34 17 42 19 52 17 24 41 37 7 30 26 15 32 32 46 44 12 28 0 11 31 54 46 6 46 24 33 27 35 24 23 31 15 13 42 35 37 31 13 35 23 33 47 22 41 38 19
25 26 41 27 15 32 13 42 6 14 30 26 4 24 20 14 26 21 35 38 4 18 11 0 25 44 35 9 35 22 31 17 24 14 12 24 4 12 31 25 31 29 10 25 12 30 38 20 31 27 8
23 21 29 7 14 19 12 30 21 13 26 28 28 1 5 16 1 17 37 13 29 33 31 25 0 29 35 25 28 9 15 13 29 29 22 5 21 18 28 14 6 8 35 10 20 7 20 12 20 23 22
22 20 6 22 41 12 37 6 38 30 21 25 48 30 30 43 28 23 30 23 47 40 54 44 29 0 28 49 14 38 43 27 28 39 34 25 40 44 21 19 24 36 53 21 32 34 9 41 13 20 36
14 14 22 29 41 22 36 23 30 28 9 9 39 35 34 43 35 20 2 41 35 19 46 35 35 28 0 44 14 42 50 25 11 22 23 30 32 43 7 21 35 43 38 25 24 42 29 45 19 12 27
33 33 46 28 11 37 13 47 14 19 38 35 7 24 20 9 26 27 44 38 12 27 6 9 25 49 44 0 43 18 27 22 33 23 21 25 12 7 40 30 31 25 16 29 20 27 41 16 36 35 17
10 10 8 22 37 11 32 9 29 24 7 12 39 28 28 39 28 16 16 30 38 27 46 35 28 14 14 43 0 36 43 21 15 28 24 23 31 39 7 14 27 36 43 18 23 35 17 39 8 8 27
29 28 37 16 7 27 9 38 20 15 33 33 23 8 8 9 10 22 43 22 26 35 24 22 9 38 42 18 36 0 11 17 33 31 24 13 19 11 35 22 15 7 32 18 22 9 29 3 28 30 22
38 36 44 22 16 34 20 45 31 26 41 43 32 15 19 18 16 31 52 23 35 46 33 31 15 43 50 27 43 11 0 27 43 42 35 20 30 20 43 29 19 7 41 25 33 9 34 11 35 38 33
12 11 24 11 16 15 11 25 12 3 16 16 21 12 9 18 14 5 26 23 21 21 27 17 13 27 25 22 21 17 27 0 16 17 10 9 13 18 18 8 16 20 27 8 8 20 21 20 14 13 11
7 9 23 24 31 19 26 24 19 18 8 3 28 28 25 32 29 12 11 36 25 12 35 24 29 28 11 33 15 33 43 16 0 13 12 24 21 32 8 16 30 36 29 20 13 36 26 35 16 8 16
18 19 35 28 26 29 22 36 11 16 21 16 17 28 24 25 30 18 22 40 13 4 24 14 29 39 22 23 28 31 42 17 13 0 7 26 12 24 21 23 33 36 16 25 9 36 36 31 26 20 9
14 14 30 21 21 23 16 31 7 9 18 14 16 21 17 21 23 11 23 33 14 11 23 12 22 34 23 21 24 24 35 10 12 7 0 19 9 21 19 16 26 29 19 18 2 29 29 25 21 16 4
18 16 24 3 16 14 12 25 19 10 21 23 28 5 5 18 5 12 32 14 28 30 31 24 5 25 30 25 23 13 20 9 24 26 19 0 20 19 23 9 7 13 34 5 17 12 16 16 15 18 19
21 22 37 23 14 28 10 38 2 10 26 23 8 20 16 13 22 17 32 34 8 16 15 4 21 40 32 12 31 19 30 13 21 12 9 20 0 12 28 21 27 26 14 21 8 27 34 19 27 23 5
30 29 42 22 4 32 7 43 14 15 34 34 12 17 14 2 19 23 43 31 16 28 13 12 18 44 43 7 39 11 20 18 32 24 21 19 12 0 36 26 24 18 21 23 19 20 35 9 32 31 17
7 7 15 22 34 15 29 16 26 21 2 5 35 28 27 36 28 13 9 34 33 20 42 31 28 21 7 40 7 35 43 18 8 21 19 23 28 36 0 14 28 36 37 18 20 35 22 38 12 5 23
9 7 16 8 24 7 19 17 20 11 12 14 29 14 14 26 14 5 23 20 29 25 35 25 14 19 21 30 14 22 29 8 16 23 16 9 21 26 14 0 14 22 35 4 14 21 13 25 6 9 18
23 21 26 6 20 16 18 27 26 17 26 28 34 7 11 22 5 18 37 7 35 37 37 31 6 24 35 31 27 15 19 16 30 33 26 7 27 24 28 14 0 12 41 10 24 10 15 18 19 23 26
31 29 37 15 14 27 16 38 27 20 34 36 30 8 12 16 9 24 45 16 33 40 31 29 8 36 43 25 36 7 7 20 36 36 29 13 26 18 36 22 12 0 39 18 27 2 27 10 28 31 28
33 33 49 37 25 42 23 50 15 24 37 32 9 34 30 23 36 30 38 48 6 19 13 10 35 53 38 16 43 32 41 27 29 16 19 34 14 21 37 35 41 39 0 35 21 40 48 30 40 35 17
13 11 19 4 21 9 16 20 20 11 16 18 29 10 10 23 10 8 27 16 29 28 35 25 10 21 25 29 18 18 25 8 20 25 18 5 21 23 18 4 10 18 35 0 16 17 13 21 10 13 19
13 14 29 19 19 21 14 30 6 7 18 15 16 19 15 20 21 9 24 31 15 13 23 12 20 32 24 20 23 22 33 8 13 9 2 17 8 19 20 14 24 27 21 16 0 27 27 23 19 15 4
30 28 36 14 16 26 17 37 28 20 33 35 32 8 12 18 8 24 44 14 34 40 33 30 7 34 42 27 35 9 9 20 36 36 29 12 27 20 35 21 10 2 40 17 27 0 25 12 27 30 29
19 17 12 13 32 7 28 13 33 24 20 23 42 21 21 34 19 18 31 14 42 37 47 38 20 9 29 41 17 29 34 21 26 36 29 16 34 35 22 13 15 27 48 13 27 25 0 32 10 18 31
32 31 40 19 5 30 9 41 20 17 36 36 21 11 11 7 13 25 46 25 24 35 22 20 12 41 45 16 39 3 11 20 35 31 25 16 19 9 38 25 18 10 30 21 23 12 32 0 31 33 22
9 7 10 14 30 3 25 11 25 17 10 13 35 20 20 32 20 10 21 22 34 27 41 31 20 13 19 36 8 28 35 14 16 26 21 15 27 32 12 6 19 28 40 10 19 27 10 31 0 8 23
2 2 15 17 29 11 24 16 21 16 3 5 31 23 22 31 23 8 14 29 30 20 38 27 23 20 12 35 8 30 38 13 8 20 16 18 23 31 5 9 23 31 35 13 15 30 18 33 8 0 19
17 18 33 22 17 25 13 34 3 9 22 18 12 21 17 18 23 13 27 33 11 13 19 8 22 36 27 17 27 22 33 11 16 9 4 19 5 17 23 18 26 28 17 19 4 29 31 22 23 19 0
0 437
199 286
249 336
156 243
307 394
304 391
230 317
137 224
13 100
122 209
216 303
50 137
225 312
189 276
299 386
48 135
116 203
79 166
259 346
229 316
208 295
314 401
253 340
19 106
124 211
142 229
166 253
248 335
12 99
182 269
287 374
123 210
49 136
256 343
218 305
158 245
329 416
75 162
150 237
54 141
163 250
184 271
58 145
283 370
147 234
49 136
16 103
97 184
132 219
235 322
15 102
0
42
32
27
64
47
90
82
25
60
70
58
67
27
43
62
59
75
78
78
22
31
52
44
60
35
72
43
30
33
60
31
67
26
58
66
41
83
38
50
44
22
63
31
36
47
36
66
30
41
57
