51
1625
0 42 10 36 11 25 18 20 29 21 11 11 29 12 31 19 7 11 13 7 3 15 28 9 18 17 27 37 11 9 23 15 20 13 21 8 13 27 4 13 10 23 34 17 33 23 12 28 41 18 21
42 0 37 10 37 17 24 43 21 25 46 31 41 35 13 41 35 36 52 49 39 36 25 36 24 26 44 5 48 37 46 29 52 44 42 43 30 33 41 48 47 23 30 37 14 46 54 33 1 26 58
10 37 0 29 1 20 15 10 31 23 21 7 19 16 24 9 10 1 17 14 7 5 30 1 14 11 35 32 12 2 33 8 16 8 11 18 7 17 7 13 12 16 24 7 26 33 21 32 36 11 23
36 10 29 0 29 11 18 33 23 24 41 25 31 30 5 31 29 28 45 42 33 26 27 29 18 19 45 6 41 30 45 21 43 37 32 38 23 23 35 41 40 13 20 27 4 45 48 35 10 18 51
11 37 1 29 0 20 15 9 32 24 22 8 18 17 24 8 11 1 18 15 8 5 31 2 14 11 36 32 12 3 34 8 15 8 10 19 7 17 8 13 13 16 24 6 26 34 22 33 36 11 23
25 17 20 11 20 0 7 26 16 14 30 14 28 19 6 24 18 19 35 32 22 19 19 19 7 9 35 12 31 20 35 12 35 27 26 27 13 21 24 31 30 9 23 21 12 35 37 26 16 9 41
18 24 15 18 15 7 0 21 17 11 24 8 26 13 13 19 12 14 29 25 15 14 18 14 1 4 30 19 26 15 29 7 30 22 21 21 8 22 17 26 25 12 25 16 19 29 30 23 23 5 36
20 43 10 33 9 26 21 0 38 32 31 17 11 26 30 2 20 9 20 21 17 7 39 11 20 17 45 38 15 12 43 14 11 9 3 28 15 15 16 13 15 20 22 6 30 43 27 42 42 17 23
29 21 31 23 32 16 17 38 0 8 29 24 43 18 20 36 23 31 42 36 28 31 4 30 18 21 23 18 39 31 25 24 46 38 38 26 25 37 30 41 38 25 39 33 27 25 40 12 20 22 49
21 25 23 24 24 14 11 32 8 0 21 16 37 10 19 30 15 24 34 28 20 25 7 22 12 15 21 22 31 23 21 18 38 30 32 18 18 33 22 33 30 22 36 27 26 21 32 12 24 16 41
11 46 21 41 22 30 24 31 29 21 0 19 40 11 36 30 13 22 20 15 14 26 25 20 24 25 18 41 21 20 13 24 30 24 32 3 22 38 15 23 20 32 44 28 42 13 14 22 45 26 28
11 31 7 25 8 14 8 17 24 16 19 0 24 11 20 16 6 8 22 18 8 11 23 6 7 6 30 26 18 7 28 5 22 14 18 16 3 20 10 18 17 13 25 13 23 28 23 27 30 7 28
29 41 19 31 18 28 26 11 43 37 40 24 0 35 29 10 29 18 31 32 26 14 44 20 25 22 54 37 26 21 52 19 22 20 8 37 21 8 26 24 26 19 13 12 27 52 38 49 41 22 34
12 35 16 30 17 19 13 26 18 10 11 11 35 0 25 25 6 17 25 19 11 21 16 15 13 16 19 30 22 16 17 16 30 22 27 8 14 31 13 24 21 24 36 23 31 17 22 16 34 17 32
31 13 24 5 24 6 13 30 20 19 36 20 29 25 0 28 24 23 40 37 28 23 23 24 13 14 40 8 36 25 40 16 39 32 29 33 18 22 30 36 35 10 21 24 7 40 43 31 12 13 46
19 41 9 31 8 24 19 2 36 30 30 16 10 25 28 0 19 8 21 22 16 5 37 10 18 15 44 36 16 11 42 12 13 10 2 27 13 13 16 15 16 18 20 4 28 42 28 41 40 15 25
7 35 10 29 11 18 12 20 23 15 13 6 29 6 24 19 0 11 19 14 5 15 22 9 11 12 25 30 16 10 23 11 24 16 21 10 9 26 7 18 15 19 31 17 29 23 19 22 34 13 26
11 36 1 28 1 19 14 9 31 24 22 8 18 17 23 8 11 0 18 15 8 4 31 2 13 10 36 31 13 3 34 7 16 9 10 19 6 16 8 14 13 15 23 6 25 34 22 33 35 10 24
13 52 17 45 18 35 29 20 42 34 20 22 31 25 40 21 19 18 0 6 14 22 41 16 29 26 38 47 6 15 33 24 14 11 23 19 22 34 12 7 5 32 41 23 42 33 8 40 51 27 8
7 49 14 42 15 32 25 21 36 28 15 18 32 19 37 22 14 15 6 0 10 19 35 13 25 23 32 44 7 12 28 21 16 12 24 13 19 31 8 9 6 29 38 21 39 28 7 34 48 24 14
3 39 7 33 8 22 15 17 28 20 14 8 26 11 28 16 5 8 14 10 0 12 27 6 15 14 29 34 11 6 26 12 19 11 18 11 10 24 2 13 10 20 31 14 30 26 15 27 38 15 21
15 36 5 26 5 19 14 7 31 25 26 11 14 21 23 5 15 4 22 19 12 0 32 6 13 10 40 31 17 7 38 7 17 11 7 23 8 12 12 16 17 13 19 2 23 38 26 37 35 10 26
28 25 30 27 31 19 18 39 4 7 25 23 44 16 23 37 22 31 41 35 27 32 0 29 19 22 19 22 38 30 21 25 45 37 39 24 25 40 29 40 37 28 42 34 30 21 38 8 24 23 48
9 36 1 29 2 19 14 11 30 22 20 6 20 15 24 10 9 2 16 13 6 6 29 0 13 10 34 31 12 1 32 8 16 8 12 17 6 18 6 12 11 16 25 8 26 32 20 31 35 11 22
18 24 14 18 14 7 1 20 18 12 24 7 25 13 13 18 11 13 29 25 15 13 19 13 0 3 31 19 25 14 30 6 29 21 20 21 7 21 17 25 24 11 24 15 18 30 30 24 23 4 35
17 26 11 19 11 9 4 17 21 15 25 6 22 16 14 15 12 10 26 23 14 10 22 10 3 0 34 21 22 11 33 3 26 18 17 22 4 18 16 22 21 8 21 12 18 33 29 27 25 1 32
27 44 35 45 36 35 30 45 23 21 18 30 54 19 40 44 25 36 38 32 29 40 19 34 31 34 0 41 38 35 5 35 47 40 46 19 33 50 31 40 37 42 55 42 47 5 31 11 43 35 46
37 5 32 6 32 12 19 38 18 22 41 26 37 30 8 36 30 31 47 44 34 31 22 31 19 21 41 0 43 32 43 24 47 39 37 38 25 29 36 43 42 18 26 32 10 43 49 30 4 21 53
11 48 12 41 12 31 26 15 39 31 21 18 26 22 36 16 16 13 6 7 11 17 38 12 25 22 38 43 0 11 34 20 9 6 18 19 18 29 9 2 1 28 36 18 38 34 13 38 47 23 11
9 37 2 30 3 20 15 12 31 23 20 7 21 16 25 11 10 3 15 12 6 7 30 1 14 11 35 32 11 0 32 9 15 7 13 17 7 19 5 11 10 17 26 9 27 32 19 32 36 12 21
23 46 33 45 34 35 29 43 25 21 13 28 52 17 40 42 23 34 33 28 26 38 21 32 30 33 5 43 34 32 0 33 43 36 44 15 31 48 27 36 33 41 53 40 47 0 26 14 45 34 41
15 29 8 21 8 12 7 14 24 18 24 5 19 16 16 12 11 7 24 21 12 7 25 8 6 3 35 24 20 9 33 0 23 16 14 21 2 15 14 20 19 8 20 9 18 33 27 30 28 3 30
20 52 16 43 15 35 30 11 46 38 30 22 22 30 39 13 24 16 14 16 19 17 45 16 29 26 47 47 9 15 43 23 0 8 14 28 22 26 17 7 10 30 33 17 40 43 22 46 51 26 12
13 44 8 37 8 27 22 9 38 30 24 14 20 22 32 10 16 9 11 12 11 11 37 8 21 18 40 39 6 7 36 16 8 0 12 21 14 23 9 5 6 24 30 12 34 36 18 38 43 19 15
21 42 11 32 10 26 21 3 38 32 32 18 8 27 29 2 21 10 23 24 18 7 39 12 20 17 46 37 18 13 44 14 14 12 0 29 15 12 18 16 18 19 19 5 29 44 30 43 41 17 26
8 43 18 38 19 27 21 28 26 18 3 16 37 8 33 27 10 19 19 13 11 23 24 17 21 22 19 38 19 17 15 21 28 21 29 0 19 35 12 21 18 29 41 25 39 15 14 21 42 23 27
13 30 7 23 7 13 8 15 25 18 22 3 21 14 18 13 9 6 22 19 10 8 25 6 7 4 33 25 18 7 31 2 22 14 15 19 0 17 12 18 17 10 22 10 20 31 25 30 29 5 28
27 33 17 23 17 21 22 15 37 33 38 20 8 31 22 13 26 16 34 31 24 12 40 18 21 18 50 29 29 19 48 15 26 23 12 35 17 0 24 28 29 12 7 11 19 48 38 45 33 17 38
4 41 7 35 8 24 17 16 30 22 15 10 26 13 30 16 7 8 12 8 2 12 29 6 17 16 31 36 9 5 27 14 17 9 18 12 12 24 0 11 8 22 31 14 32 27 15 29 40 17 19
13 48 13 41 13 31 26 13 41 33 23 18 24 24 36 15 18 14 7 9 13 16 40 12 25 22 40 43 2 11 36 20 7 5 16 21 18 28 11 0 3 28 35 17 38 36 15 40 47 23 10
10 47 12 40 13 30 25 15 38 30 20 17 26 21 35 16 15 13 5 6 10 17 37 11 24 21 37 42 1 10 33 19 10 6 18 18 17 29 8 3 0 27 36 18 37 33 12 37 46 22 11
23 23 16 13 16 9 12 20 25 22 32 13 19 24 10 18 19 15 32 29 20 13 28 16 11 8 42 18 28 17 41 8 30 24 19 29 10 12 22 28 27 0 14 14 10 41 35 34 22 7 38
34 30 24 20 24 23 25 22 39 36 44 25 13 36 21 20 31 23 41 38 31 19 42 25 24 21 55 26 36 26 53 20 33 30 19 41 22 7 31 35 36 14 0 18 16 53 45 48 30 20 45
17 37 7 27 6 21 16 6 33 27 28 13 12 23 24 4 17 6 23 21 14 2 34 8 15 12 42 32 18 9 40 9 17 12 5 25 10 11 14 17 18 14 18 0 24 40 28 39 36 12 27
33 14 26 4 26 12 19 30 27 26 42 23 27 31 7 28 29 25 42 39 30 23 30 26 18 18 47 10 38 27 47 18 40 34 29 39 20 19 32 38 37 10 16 24 0 47 45 38 14 17 48
23 46 33 45 34 35 29 43 25 21 13 28 52 17 40 42 23 34 33 28 26 38 21 32 30 33 5 43 34 32 0 33 43 36 44 15 31 48 27 36 33 41 53 40 47 0 26 14 45 34 41
12 54 21 48 22 37 30 27 40 32 14 23 38 22 43 28 19 22 8 7 15 26 38 20 30 29 31 49 13 19 26 27 22 18 30 14 25 38 15 15 12 35 45 28 45 26 0 35 53 30 15
28 33 32 35 33 26 23 42 12 12 22 27 49 16 31 41 22 33 40 34 27 37 8 31 24 27 11 30 38 32 14 30 46 38 43 21 30 45 29 40 37 34 48 39 38 14 35 0 32 28 48
41 1 36 10 36 16 23 42 20 24 45 30 41 34 12 40 34 35 51 48 38 35 24 35 23 25 43 4 47 36 45 28 51 43 41 42 29 33 40 47 46 22 30 36 14 45 53 32 0 25 57
18 26 11 18 11 9 5 17 22 16 26 7 22 17 13 15 13 10 27 24 15 10 23 11 4 1 35 21 23 12 34 3 26 19 17 23 5 17 17 23 22 7 20 12 17 34 30 28 25 0 33
21 58 23 51 23 41 36 23 49 41 28 28 34 32 46 25 26 24 8 14 21 26 48 22 35 32 46 53 11 21 41 30 12 15 26 27 28 38 19 10 11 38 45 27 48 41 15 48 57 33 0
0 327
113 178
1 66
169 234
61 126
56 121
156 221
29 94
7 72
17 82
121 186
126 191
94 159
27 92
249 314
67 132
202 267
4 69
242 307
93 158
245 310
166 231
61 126
38 103
125 190
9 74
86 151
201 266
77 142
141 206
61 126
197 262
136 201
139 204
43 108
51 116
208 273
100 165
54 119
78 143
208 273
170 235
16 81
147 212
91 156
252 317
173 238
259 324
130 195
89 154
235 300
0
63
40
45
59
60
58
51
28
27
61
56
43
48
44
75
44
46
78
68
37
33
59
17
54
34
69
25
48
29
72
57
50
38
38
80
53
17
64
15
43
58
25
53
49
80
62
51
70
88
38
