51
1625
0 44 28 10 37 31 19 17 24 10 20 24 29 29 13 15 38 46 25 29 25 33 25 12 19 36 40 29 34 37 9 43 41 6 25 41 27 28 44 29 27 42 8 34 24 32 22 41 31 21 25
44 0 58 39 44 17 40 39 40 42 31 41 39 43 42 35 48 40 20 55 25 13 20 39 31 11 31 25 44 24 47 22 13 39 19 42 21 57 13 25 54 4 43 37 33 12 46 33 20 37 20
28 58 0 25 26 51 18 20 18 22 47 17 22 18 41 42 22 37 44 5 33 51 41 40 28 54 37 33 21 39 19 45 47 28 43 31 50 1 50 33 4 59 23 28 25 49 12 36 38 21 46
10 39 25 0 27 28 9 7 14 3 23 14 19 19 20 19 28 36 21 24 15 30 20 19 9 33 30 19 24 27 8 33 31 5 21 31 25 24 34 19 22 38 4 24 14 28 14 31 21 11 22
37 44 26 27 0 44 19 20 14 28 48 15 8 10 47 45 4 11 37 21 24 42 34 46 24 44 14 19 5 20 31 25 31 32 36 5 43 25 33 19 23 46 30 7 16 38 19 12 24 16 39
31 17 51 28 44 0 33 31 35 31 14 36 37 40 26 19 46 46 7 49 20 4 10 23 23 6 37 25 42 30 35 30 21 26 8 46 4 50 23 25 47 13 32 37 29 7 39 39 21 31 6
19 40 18 9 19 33 0 2 5 9 32 5 11 10 29 28 19 28 26 16 15 33 23 28 10 36 24 16 15 24 12 30 30 14 25 23 32 17 33 16 14 41 11 16 8 31 6 24 21 4 28
17 39 20 7 20 31 2 0 7 8 30 7 12 12 27 26 21 29 24 18 14 31 21 26 8 34 24 16 17 24 12 30 30 12 23 24 30 19 33 16 16 39 10 17 8 29 8 24 20 4 26
24 40 18 14 14 35 5 7 0 14 36 1 6 5 34 33 14 23 28 15 16 35 25 33 12 38 20 15 10 21 17 27 29 19 27 18 34 17 32 15 14 42 16 11 7 32 6 19 20 4 30
10 42 22 3 28 31 9 8 14 0 25 14 20 19 21 20 28 37 24 22 18 33 23 20 12 36 32 22 24 30 5 36 34 6 24 32 28 22 37 22 20 41 2 25 16 31 13 32 24 12 25
20 31 47 23 48 14 32 30 36 25 0 37 40 41 12 6 49 52 13 47 25 18 16 10 24 20 43 30 45 36 28 40 33 19 14 51 10 47 35 30 45 27 25 42 32 20 37 44 27 32 12
24 41 17 14 15 36 5 7 1 14 37 0 7 5 34 33 14 24 29 14 17 36 26 33 13 39 21 16 10 22 17 28 30 19 28 19 35 16 33 16 13 43 16 12 8 33 5 20 21 5 31
29 39 22 19 8 37 11 12 6 20 40 7 0 4 39 37 9 17 30 17 17 37 27 38 16 39 15 14 5 18 23 24 28 24 29 12 36 21 31 14 18 41 22 6 8 33 12 14 19 8 32
29 43 18 19 10 40 10 12 5 19 41 5 4 0 39 38 9 21 33 13 20 40 30 38 17 42 19 18 5 22 22 28 32 24 32 15 39 17 35 18 14 45 21 10 11 36 9 18 23 9 35
13 42 41 20 47 26 29 27 34 21 12 34 39 39 0 7 48 56 23 42 30 30 26 3 26 32 48 35 44 43 22 49 43 15 24 51 22 41 45 35 40 39 20 44 34 30 34 49 36 31 22
15 35 42 19 45 19 28 26 33 20 6 33 37 38 7 0 46 52 17 42 25 23 19 4 22 25 43 30 42 38 23 43 36 14 18 49 15 42 39 30 40 32 20 40 30 23 33 44 30 29 15
38 48 22 28 4 46 19 21 14 28 49 14 9 9 48 46 0 15 39 17 26 46 36 47 25 48 18 23 4 24 31 29 35 33 38 9 45 21 37 23 19 50 30 11 17 42 18 16 28 17 41
46 40 37 36 11 46 28 29 23 37 52 24 17 21 56 52 15 0 39 32 27 43 36 54 30 44 9 22 16 16 40 19 27 41 38 6 45 36 28 22 34 43 39 12 22 39 29 8 25 25 41
25 20 44 21 37 7 26 24 28 24 13 29 30 33 23 17 39 39 0 42 13 9 3 20 16 12 30 18 35 23 29 27 20 20 1 39 6 43 22 18 40 18 25 30 22 8 32 32 14 24 2
29 55 5 24 21 49 16 18 15 22 47 14 17 13 42 42 17 32 42 0 31 49 39 41 26 52 32 30 16 35 20 41 44 28 41 26 48 4 47 30 2 57 22 23 22 47 10 31 35 19 44
25 25 33 15 24 20 15 14 16 18 25 17 17 20 30 25 26 27 13 31 0 20 10 28 6 22 18 5 22 13 23 19 16 19 12 26 19 32 19 5 29 26 19 17 9 16 21 19 6 12 15
33 13 51 30 42 4 33 31 35 33 18 36 37 40 30 23 46 43 9 49 20 0 10 27 23 3 34 23 42 27 37 27 18 28 9 44 8 50 20 23 47 9 34 35 29 4 39 36 18 31 8
25 20 41 20 34 10 23 21 25 23 16 26 27 30 26 19 36 36 3 39 10 10 0 23 13 13 27 15 32 20 28 24 17 20 2 36 9 40 20 15 37 18 24 27 19 8 29 29 11 21 5
12 39 40 19 46 23 28 26 33 20 10 33 38 38 3 4 47 54 20 41 28 27 23 0 24 29 46 33 43 41 21 46 40 14 21 50 19 40 42 33 39 36 19 42 32 27 33 47 33 30 19
19 31 28 9 24 23 10 8 12 12 24 13 16 17 26 22 25 30 16 26 6 23 13 24 0 26 23 10 21 18 17 24 22 13 15 27 22 27 25 10 24 31 13 18 8 21 16 23 12 8 18
36 11 54 33 44 6 36 34 38 36 20 39 39 42 32 25 48 44 12 52 22 3 13 29 26 0 35 25 44 28 40 28 19 31 12 46 10 53 20 25 50 7 37 37 31 6 42 37 20 34 11
40 31 37 30 14 37 24 24 20 32 43 21 15 19 48 43 18 9 30 32 18 34 27 46 23 35 0 13 17 7 36 11 18 35 29 12 36 36 20 13 33 34 34 9 16 30 26 2 16 20 32
29 25 33 19 19 25 16 16 15 22 30 16 14 18 35 30 23 22 18 30 5 23 15 33 10 25 13 0 19 8 27 14 14 23 17 21 24 32 17 0 29 27 23 12 8 19 21 14 5 12 20
34 44 21 24 5 42 15 17 10 24 45 10 5 5 44 42 4 16 35 16 22 42 32 43 21 44 17 19 0 21 27 27 32 29 34 10 41 20 34 19 18 46 26 8 13 38 14 16 24 13 37
37 24 39 27 20 30 24 24 21 30 36 22 18 22 43 38 24 16 23 35 13 27 20 41 18 28 7 8 21 0 35 6 11 31 22 18 29 38 13 8 35 27 31 13 16 23 27 9 9 20 25
9 47 19 8 31 35 12 12 17 5 28 17 23 22 22 23 31 40 29 20 23 37 28 21 17 40 36 27 27 35 0 41 39 9 29 35 32 19 42 27 18 46 4 28 20 36 13 36 29 16 29
43 22 45 33 25 30 30 30 27 36 40 28 24 28 49 43 29 19 27 41 19 27 24 46 24 28 11 14 27 6 41 0 9 37 26 23 33 44 9 14 41 25 37 19 22 23 33 13 13 26 29
41 13 47 31 31 21 30 30 29 34 33 30 28 32 43 36 35 27 20 44 16 18 17 40 22 19 18 14 32 11 39 9 0 35 19 29 24 46 3 14 43 16 35 24 22 14 35 20 10 26 22
6 39 28 5 32 26 14 12 19 6 19 19 24 24 15 14 33 41 20 28 19 28 20 14 13 31 35 23 29 31 9 37 35 0 20 36 23 28 38 23 26 37 6 29 19 27 19 36 25 16 20
25 19 43 21 36 8 25 23 27 24 14 28 29 32 24 18 38 38 1 41 12 9 2 21 15 12 29 17 34 22 29 26 19 20 0 38 7 42 21 17 39 17 25 29 21 7 31 31 13 23 3
41 42 31 31 5 46 23 24 18 32 51 19 12 15 51 49 9 6 39 26 26 44 36 50 27 46 12 21 10 18 35 23 29 36 38 0 45 30 31 21 28 45 34 9 19 40 24 10 26 20 41
27 21 50 25 43 4 32 30 34 28 10 35 36 39 22 15 45 45 6 48 19 8 9 19 22 10 36 24 41 29 32 33 24 23 7 45 0 49 26 24 46 17 29 36 28 10 38 38 20 30 4
28 57 1 24 25 50 17 19 17 22 47 16 21 17 41 42 21 36 43 4 32 50 40 40 27 53 36 32 20 38 19 44 46 28 42 30 49 0 49 32 3 58 22 27 24 48 11 35 37 20 45
44 13 50 34 33 23 33 33 32 37 35 33 31 35 45 39 37 28 22 47 19 20 20 42 25 20 20 17 34 13 42 9 3 38 21 31 26 49 0 17 46 16 38 26 25 16 38 22 13 29 24
29 25 33 19 19 25 16 16 15 22 30 16 14 18 35 30 23 22 18 30 5 23 15 33 10 25 13 0 19 8 27 14 14 23 17 21 24 32 17 0 29 27 23 12 8 19 21 14 5 12 20
27 54 4 22 23 47 14 16 14 20 45 13 18 14 40 40 19 34 40 2 29 47 37 39 24 50 33 29 18 35 18 41 43 26 39 28 46 3 46 29 0 55 20 24 21 45 8 32 34 17 42
42 4 59 38 46 13 41 39 42 41 27 43 41 45 39 32 50 43 18 57 26 9 18 36 31 7 34 27 46 27 46 25 16 37 17 45 17 58 16 27 55 0 42 39 35 10 47 36 22 38 17
8 43 23 4 30 32 11 10 16 2 25 16 22 21 20 20 30 39 25 22 19 34 24 19 13 37 34 23 26 31 4 37 35 6 25 34 29 22 38 23 20 42 0 27 18 32 14 34 25 14 26
34 37 28 24 7 37 16 17 11 25 42 12 6 10 44 40 11 12 30 23 17 35 27 42 18 37 9 12 8 13 28 19 24 29 29 9 36 27 26 12 24 39 27 0 10 31 17 8 17 13 32
24 33 25 14 16 29 8 8 7 16 32 8 8 11 34 30 17 22 22 22 9 29 19 32 8 31 16 8 13 16 20 22 22 19 21 19 28 24 25 8 21 35 18 10 0 25 13 17 13 4 24
32 12 49 28 38 7 31 29 32 31 20 33 33 36 30 23 42 39 8 47 16 4 8 27 21 6 30 19 38 23 36 23 14 27 7 40 10 48 16 19 45 10 32 31 25 0 37 32 14 28 8
22 46 12 14 19 39 6 8 6 13 37 5 12 9 34 33 18 29 32 10 21 39 29 33 16 42 26 21 14 27 13 33 35 19 31 24 38 11 38 21 8 47 14 17 13 37 0 25 26 9 34
41 33 36 31 12 39 24 24 19 32 44 20 14 18 49 44 16 8 32 31 19 36 29 47 23 37 2 14 16 9 36 13 20 36 31 10 38 35 22 14 32 36 34 8 17 32 25 0 18 20 34
31 20 38 21 24 21 21 20 20 24 27 21 19 23 36 30 28 25 14 35 6 18 11 33 12 20 16 5 24 9 29 13 10 25 13 26 20 37 13 5 34 22 25 17 13 14 26 18 0 17 16
21 37 21 11 16 31 4 4 4 12 32 5 8 9 31 29 17 25 24 19 12 31 21 30 8 34 20 12 13 20 16 26 26 16 23 20 30 20 29 12 17 38 14 13 4 28 9 20 17 0 26
25 20 46 22 39 6 28 26 30 25 12 31 32 35 22 15 41 41 2 44 15 8 5 19 18 11 32 20 37 25 29 29 22 20 3 41 4 45 24 20 42 17 26 32 24 8 34 34 16 26 0
0 819
256 419
395 558
186 349
68 231
624 787
180 343
368 531
222 385
218 381
339 502
211 374
91 254
576 739
593 756
114 277
53 216
385 548
186 349
640 803
133 296
515 678
459 622
638 801
540 703
242 405
333 496
337 500
519 682
214 377
87 250
193 356
109 272
605 768
142 305
92 255
648 811
525 688
190 353
144 307
526 689
558 721
225 388
133 296
502 665
299 462
345 508
586 749
7 170
230 393
409 572
0
46
46
46
20
38
51
28
47
78
20
72
33
55
49
52
21
48
38
50
69
43
58
37
29
57
40
31
64
29
76
57
48
69
71
48
38
72
35
69
72
43
66
61
32
63
31
42
85
71
56
