51
1629
0 11 33 38 27 5 36 32 47 31 48 36 30 16 31 17 1 32 22 34 11 31 10 44 25 48 42 16 23 37 34 51 9 4 27 8 12 19 17 10 18 44 41 5 6 53 37 40 14 2 28
11 0 27 32 21 8 25 23 39 23 37 36 23 10 22 8 10 23 12 30 5 25 9 37 16 40 31 5 12 31 23 43 8 10 21 4 4 11 11 1 11 37 32 7 5 45 27 34 14 11 28
33 27 0 6 7 28 23 40 21 13 32 15 9 17 40 33 32 41 28 8 32 6 36 18 33 21 26 25 25 10 22 25 35 34 7 26 23 17 16 28 37 17 21 29 30 27 21 11 19 34 14
38 32 6 0 11 33 23 41 16 14 31 19 10 22 43 37 37 43 31 12 37 7 41 13 36 16 25 29 28 6 23 20 40 39 11 31 28 21 21 33 41 12 19 34 35 22 20 5 25 39 20
27 21 7 11 0 22 17 33 20 7 27 21 3 11 33 26 26 34 21 14 26 4 30 17 26 21 21 18 18 10 16 24 29 28 0 20 17 10 10 22 30 17 17 23 24 26 15 13 15 28 17
5 8 28 33 22 0 31 31 42 26 43 32 25 11 30 16 4 31 19 30 10 26 10 39 24 43 37 12 19 32 29 46 9 7 22 4 7 14 12 9 17 39 36 1 5 48 32 35 10 6 24
36 25 23 23 17 31 0 20 17 10 12 38 14 24 22 24 35 22 16 31 29 17 33 16 19 18 6 20 14 18 2 21 33 35 17 28 24 19 23 26 27 17 8 31 30 21 3 21 30 36 34
32 23 40 41 33 31 20 0 37 28 27 54 31 29 2 16 31 2 12 47 22 34 25 36 7 38 24 19 15 37 19 41 26 31 33 27 24 25 29 22 16 37 28 30 26 41 23 40 35 32 46
47 39 21 16 20 42 17 37 0 16 17 35 17 31 39 40 46 39 32 28 43 16 47 3 35 1 14 34 30 11 18 4 47 47 20 39 35 28 30 40 43 4 9 42 43 6 14 11 35 47 35
31 23 13 14 7 26 10 28 16 0 20 28 4 16 29 26 30 29 18 21 27 7 31 14 23 17 14 18 15 10 9 20 31 31 7 23 19 12 15 24 29 14 10 26 27 22 8 13 22 31 24
48 37 32 31 27 43 12 27 17 20 0 47 24 35 29 36 47 29 28 40 41 26 45 19 28 18 6 32 26 25 14 18 45 47 27 40 36 30 34 38 38 20 12 43 42 17 12 27 41 48 44
36 36 15 19 21 32 38 54 35 28 47 0 24 26 54 44 36 55 42 7 41 21 42 32 47 35 41 36 39 24 37 39 41 39 21 33 32 29 25 37 47 31 36 33 37 41 36 24 22 38 8
30 23 9 10 3 25 14 31 17 4 24 24 0 14 33 27 29 33 21 17 28 3 32 14 26 18 18 19 18 8 13 21 31 31 3 23 19 12 13 24 31 15 14 26 27 23 12 11 18 31 20
16 10 17 22 11 11 24 29 31 16 35 26 14 0 29 18 15 30 17 20 15 15 19 28 22 32 29 10 15 21 22 35 18 17 11 9 6 5 1 11 21 28 26 12 13 37 23 24 6 17 18
31 22 40 43 33 30 22 2 39 29 29 54 33 29 0 14 30 1 12 47 20 36 23 38 7 40 26 19 15 39 21 43 24 29 33 26 24 25 29 21 14 39 30 29 25 43 25 42 35 31 46
17 8 33 37 26 16 24 16 40 26 36 44 27 18 14 0 16 15 8 38 6 30 10 39 9 41 30 8 11 35 22 44 11 15 26 12 12 16 19 7 4 40 31 15 11 45 26 38 22 17 36
1 10 32 37 26 4 35 31 46 30 47 36 29 15 30 16 0 31 21 34 10 30 9 43 24 47 41 15 22 36 33 50 8 3 26 7 11 18 16 9 17 43 40 4 5 52 36 39 14 2 28
32 23 41 43 34 31 22 2 39 29 29 55 33 30 1 15 31 0 13 48 21 36 24 38 8 40 26 20 16 39 21 43 25 30 34 27 25 26 30 22 15 39 30 30 26 43 25 42 36 32 47
22 12 28 31 21 19 16 12 32 18 28 42 21 17 12 8 21 13 0 35 13 24 17 31 5 33 22 7 3 28 14 36 18 21 21 15 12 13 17 12 11 32 23 18 16 37 18 31 23 22 34
34 30 8 12 14 30 31 47 28 21 40 7 17 20 47 38 34 48 35 0 35 14 39 25 40 28 34 30 32 17 30 32 38 37 14 29 26 23 19 31 41 24 29 31 33 34 29 17 20 36 9
11 5 32 37 26 10 29 22 43 27 41 41 28 15 20 6 10 21 13 35 0 30 4 41 15 44 35 9 15 36 27 47 5 9 26 8 9 16 16 4 7 41 36 9 5 49 31 39 19 11 33
31 25 6 7 4 26 17 34 16 7 26 21 3 15 36 30 30 36 24 14 30 0 34 13 29 17 20 22 21 6 16 20 33 32 4 24 21 14 14 26 34 13 15 27 28 22 15 9 19 32 20
10 9 36 41 30 10 33 25 47 31 45 42 32 19 23 10 9 24 17 39 4 34 0 45 19 48 39 13 19 40 31 51 1 6 30 10 13 20 20 8 9 45 40 9 6 53 35 43 20 8 34
44 37 18 13 17 39 16 36 3 14 19 32 14 28 38 39 43 38 31 25 41 13 45 0 34 4 15 32 28 8 17 7 45 45 17 37 33 26 27 38 42 1 9 40 41 9 13 8 32 45 32
25 16 33 36 26 24 19 7 35 23 28 47 26 22 7 9 24 8 5 40 15 29 19 34 0 36 24 12 8 33 17 39 20 24 26 20 17 18 22 15 10 35 26 23 19 40 21 36 28 25 39
48 40 21 16 21 43 18 38 1 17 18 35 18 32 40 41 47 40 33 28 44 17 48 4 36 0 15 35 31 11 19 4 48 48 21 40 36 29 31 41 44 4 10 43 44 6 15 11 36 48 35
42 31 26 25 21 37 6 24 14 14 6 41 18 29 26 30 41 26 22 34 35 20 39 15 24 15 0 26 20 19 8 17 39 41 21 34 30 24 28 32 33 16 6 37 36 17 6 21 35 42 38
16 5 25 29 18 12 20 19 34 18 32 36 19 10 19 8 15 20 7 30 9 22 13 32 12 35 26 0 7 27 18 38 13 15 18 8 5 8 11 6 12 32 27 11 10 40 22 30 16 16 28
23 12 25 28 18 19 14 15 30 15 26 39 18 15 15 11 22 16 3 32 15 21 19 28 8 31 20 7 0 25 12 34 20 22 18 15 12 10 14 13 14 29 21 18 17 35 16 28 21 23 31
37 31 10 6 10 32 18 37 11 10 25 24 8 21 39 35 36 39 28 17 36 6 40 8 33 11 19 27 25 0 18 15 39 38 10 30 27 20 20 32 39 7 13 33 34 17 15 3 25 38 24
34 23 22 23 16 29 2 19 18 9 14 37 13 22 21 22 33 21 14 30 27 16 31 17 17 19 8 18 12 18 0 22 31 33 16 26 22 17 21 24 25 18 9 29 28 23 4 21 28 34 33
51 43 25 20 24 46 21 41 4 20 18 39 21 35 43 44 50 43 36 32 47 20 51 7 39 4 17 38 34 15 22 0 51 51 24 43 39 32 34 44 47 8 13 46 47 2 18 15 39 51 39
9 8 35 40 29 9 33 26 47 31 45 41 31 18 24 11 8 25 18 38 5 33 1 45 20 48 39 13 20 39 31 51 0 5 29 9 12 19 19 7 10 45 40 8 5 53 35 42 19 7 33
4 10 34 39 28 7 35 31 47 31 47 39 31 17 29 15 3 30 21 37 9 32 6 45 24 48 41 15 22 38 33 51 5 0 28 8 12 19 18 9 15 45 41 6 5 53 37 41 17 2 31
27 21 7 11 0 22 17 33 20 7 27 21 3 11 33 26 26 34 21 14 26 4 30 17 26 21 21 18 18 10 16 24 29 28 0 20 17 10 10 22 30 17 17 23 24 26 15 13 15 28 17
8 4 26 31 20 4 28 27 39 23 40 33 23 9 26 12 7 27 15 29 8 24 10 37 20 40 34 8 15 30 26 43 9 8 20 0 4 11 10 5 15 37 33 3 4 45 29 33 11 8 25
12 4 23 28 17 7 24 24 35 19 36 32 19 6 24 12 11 25 12 26 9 21 13 33 17 36 30 5 12 27 22 39 12 12 17 4 0 7 7 5 15 33 29 7 8 41 25 30 11 12 24
19 11 17 21 10 14 19 25 28 12 30 29 12 5 25 16 18 26 13 23 16 14 20 26 18 29 24 8 10 20 17 32 19 19 10 11 7 0 4 12 20 26 22 14 15 34 19 23 11 19 21
17 11 16 21 10 12 23 29 30 15 34 25 13 1 29 19 16 30 17 19 16 14 20 27 22 31 28 11 14 20 21 34 19 18 10 10 7 4 0 12 22 27 25 13 14 36 22 23 7 18 17
10 1 28 33 22 9 26 22 40 24 38 37 24 11 21 7 9 22 12 31 4 26 8 38 15 41 32 6 13 32 24 44 7 9 22 5 5 12 12 0 10 38 33 8 4 46 28 35 15 10 29
18 11 37 41 30 17 27 16 43 29 38 47 31 21 14 4 17 15 11 41 7 34 9 42 10 44 33 12 14 39 25 47 10 15 30 15 15 20 22 10 0 43 34 16 12 48 29 42 25 17 39
44 37 17 12 17 39 17 37 4 14 20 31 15 28 39 40 43 39 32 24 41 13 45 1 35 4 16 32 29 7 18 8 45 45 17 37 33 26 27 38 43 0 10 40 41 10 14 7 32 45 31
41 32 21 19 17 36 8 28 9 10 12 36 14 26 30 31 40 30 23 29 36 15 40 9 26 10 6 27 21 13 9 13 40 41 17 33 29 22 25 33 34 10 0 36 37 14 5 15 32 41 34
5 7 29 34 23 1 31 30 42 26 43 33 26 12 29 15 4 30 18 31 9 27 9 40 23 43 37 11 18 33 29 46 8 6 23 3 7 14 13 8 16 40 36 0 4 48 32 36 11 5 25
6 5 30 35 24 5 30 26 43 27 42 37 27 13 25 11 5 26 16 33 5 28 6 41 19 44 36 10 17 34 28 47 5 5 24 4 8 15 14 4 12 41 37 4 0 49 32 37 15 6 29
53 45 27 22 26 48 21 41 6 22 17 41 23 37 43 45 52 43 37 34 49 22 53 9 40 6 17 40 35 17 23 2 53 53 26 45 41 34 36 46 48 10 14 48 49 0 19 17 41 53 41
37 27 21 20 15 32 3 23 14 8 12 36 12 23 25 26 36 25 18 29 31 15 35 13 21 15 6 22 16 15 4 18 35 37 15 29 25 19 22 28 29 14 5 32 32 19 0 18 29 37 32
40 34 11 5 13 35 21 40 11 13 27 24 11 24 42 38 39 42 31 17 39 9 43 8 36 11 21 30 28 3 21 15 42 41 13 33 30 23 23 35 42 7 15 36 37 17 18 0 28 41 25
14 14 19 25 15 10 30 35 35 22 41 22 18 6 35 22 14 36 23 20 19 19 20 32 28 36 35 16 21 25 28 39 19 17 15 11 11 11 7 15 25 32 32 11 15 41 29 28 0 16 14
2 11 34 39 28 6 36 32 47 31 48 38 31 17 31 17 2 32 22 36 11 32 8 45 25 48 42 16 23 38 34 51 7 2 28 8 12 19 18 10 17 45 41 5 6 53 37 41 16 0 30
28 28 14 20 17 24 34 46 35 24 44 8 20 18 46 36 28 47 34 9 33 20 34 32 39 35 38 28 31 24 33 39 33 31 17 25 24 21 17 29 39 31 34 25 29 41 32 25 14 30 0
0 464
135 320
45 230
174 359
127 312
54 239
22 207
116 301
133 318
3 188
21 206
236 421
62 247
86 271
202 387
168 353
139 324
263 448
63 248
91 276
107 292
243 428
14 199
29 214
111 296
135 320
202 387
93 278
190 375
136 321
178 363
117 302
122 307
39 224
230 415
181 366
135 320
103 288
34 219
28 213
167 352
104 289
134 319
39 224
201 386
232 417
131 316
253 438
196 381
244 429
18 203
0
79
64
62
79
32
80
26
42
64
21
85
82
84
20
18
45
43
24
76
37
77
66
31
84
50
72
52
54
43
40
62
34
48
36
66
47
30
57
33
47
41
40
32
19
63
31
59
56
59
13
