51
1627
0 33 19 14 19 39 9 38 19 24 26 19 11 33 10 10 9 41 25 24 30 29 28 5 14 22 17 26 30 16 18 16 25 22 14 16 18 13 27 24 17 26 4 24 26 26 16 23 17 18 11
33 0 42 39 30 42 41 41 14 38 8 32 42 42 23 39 31 45 44 55 38 16 46 28 45 11 46 11 3 26 37 41 25 53 20 49 20 28 14 9 49 13 35 11 22 55 23 14 38 26 22
19 42 0 5 12 24 22 23 28 8 35 38 24 16 22 28 13 25 6 18 14 29 9 23 26 31 34 31 39 34 37 4 19 17 22 17 35 14 29 33 18 29 22 33 22 15 34 28 36 36 23
14 39 5 0 11 27 18 26 25 11 32 33 20 20 17 23 8 28 11 18 17 28 14 18 23 28 30 29 36 29 32 2 18 16 19 15 30 11 28 30 16 27 17 30 21 16 29 26 31 31 18
19 30 12 11 0 20 26 19 20 8 24 34 28 16 14 29 10 23 14 29 12 17 16 19 31 23 36 19 29 29 35 13 7 27 14 26 27 6 17 24 27 17 23 25 10 27 27 17 35 31 15
39 42 24 27 20 0 45 1 37 16 37 54 47 9 34 49 30 3 19 40 10 26 17 39 50 38 56 31 41 49 55 28 18 40 33 41 46 26 28 38 42 29 43 40 20 37 47 30 55 51 35
9 41 22 18 26 45 0 44 27 29 34 21 2 38 19 7 16 46 28 20 35 38 31 13 5 30 12 35 38 22 17 18 33 18 23 11 26 21 36 32 10 35 6 32 34 22 24 32 16 24 20
38 41 23 26 19 1 44 0 36 15 36 53 46 9 33 48 29 4 19 40 9 25 17 38 49 37 55 30 40 48 54 27 17 40 32 40 45 25 27 37 41 28 42 39 19 37 46 29 54 50 34
19 14 28 25 20 37 27 36 0 28 7 21 28 36 9 25 17 40 33 41 32 15 36 14 31 3 32 10 11 15 26 27 19 39 6 35 9 14 12 5 35 11 21 5 18 41 12 8 26 16 8
24 38 8 11 8 16 29 15 28 0 32 41 31 9 22 34 15 17 6 26 6 23 8 26 34 31 41 27 37 37 42 12 13 25 22 25 35 14 24 32 26 25 28 33 16 23 35 25 41 39 23
26 8 35 32 24 37 34 36 7 32 0 26 35 37 16 32 24 40 38 48 33 12 40 21 38 4 39 6 6 20 31 34 20 46 13 42 14 21 9 2 42 8 28 5 17 48 17 7 32 21 15
19 32 38 33 34 54 21 53 21 41 26 0 21 50 20 14 26 57 44 41 46 36 47 15 23 22 15 30 29 6 6 35 38 39 23 32 12 28 33 24 31 32 18 21 37 43 9 29 7 6 20
11 42 24 20 28 47 2 46 28 31 35 21 0 40 21 7 18 48 30 21 37 40 33 14 3 31 10 36 39 22 16 20 35 19 25 12 27 23 37 33 11 36 7 33 36 23 24 33 15 24 21
33 42 16 20 16 9 38 9 36 9 37 50 40 0 30 43 24 9 10 31 4 27 8 35 42 38 50 31 41 45 51 20 17 31 30 33 43 22 28 38 34 29 37 40 20 28 43 30 50 47 31
10 23 22 17 14 34 19 33 9 22 16 20 21 30 0 18 9 37 27 33 26 19 30 7 24 12 25 16 20 15 22 19 18 31 4 26 13 8 17 14 27 16 14 14 18 33 13 13 22 17 1
10 39 28 23 29 49 7 48 25 34 32 14 7 43 18 0 19 51 34 27 40 37 37 11 9 28 7 33 36 15 10 24 35 25 22 18 21 23 34 30 17 33 6 29 36 29 18 30 9 17 18
9 31 13 8 10 30 16 29 17 15 24 26 18 24 9 19 0 32 18 24 21 23 21 11 21 20 26 22 28 22 27 10 17 22 11 18 22 5 22 22 19 21 13 22 18 24 22 19 26 24 10
41 45 25 28 23 3 46 4 40 17 40 57 48 9 37 51 32 0 19 40 11 29 17 42 51 41 58 34 44 52 58 29 21 40 36 42 49 29 31 41 43 32 45 43 23 37 50 33 58 54 38
25 44 6 11 14 19 28 19 33 6 38 44 30 10 27 34 18 19 0 21 10 29 3 29 32 36 40 33 43 40 43 10 19 21 27 23 40 19 30 38 24 31 28 38 22 18 40 31 42 42 28
24 55 18 18 29 40 20 40 41 26 48 41 21 31 33 27 24 40 21 0 31 46 23 29 20 44 31 46 52 40 37 16 36 2 35 9 42 28 45 46 10 45 25 46 39 3 40 43 36 42 34
30 38 14 17 12 10 35 9 32 6 33 46 37 4 26 40 21 11 10 31 0 23 9 31 40 34 47 27 37 41 47 18 13 31 26 31 39 18 24 34 32 25 34 36 16 28 39 26 47 43 27
29 16 29 28 17 26 38 25 15 23 12 36 40 27 19 37 23 29 29 46 23 0 31 26 43 14 44 6 16 30 41 30 10 44 15 41 24 18 3 14 42 4 33 16 7 44 27 7 41 31 19
28 46 9 14 16 17 31 17 36 8 40 47 33 8 30 37 21 17 3 23 9 31 0 32 35 39 43 35 45 43 46 13 21 23 30 26 43 22 32 40 27 33 31 41 24 20 43 33 45 45 31
5 28 23 18 19 39 13 38 14 26 21 15 14 35 7 11 11 42 29 29 31 26 32 0 17 17 18 22 25 11 16 20 24 27 11 21 13 13 23 19 22 22 7 19 25 31 11 19 16 13 7
14 45 26 23 31 50 5 49 31 34 38 23 3 42 24 9 21 51 32 20 40 43 35 17 0 34 11 39 42 24 18 22 38 18 28 11 30 26 40 36 10 39 10 36 39 22 27 36 17 26 24
22 11 31 28 23 38 30 37 3 31 4 22 31 38 12 28 20 41 36 44 34 14 39 17 34 0 35 9 8 16 27 30 21 42 9 38 10 17 11 2 38 10 24 2 18 44 13 8 28 17 11
17 46 34 30 36 56 12 55 32 41 39 15 10 50 25 7 26 58 40 31 47 44 43 18 11 35 0 40 43 20 9 30 42 29 29 22 26 30 41 37 21 40 13 35 43 33 23 37 8 21 25
26 11 31 29 19 31 35 30 10 27 6 30 36 31 16 33 22 34 33 46 27 6 35 22 39 9 40 0 10 24 35 31 14 44 12 40 18 18 3 8 41 2 29 11 11 45 21 3 36 25 15
30 3 39 36 29 41 38 40 11 37 6 29 39 41 20 36 28 44 43 52 37 16 45 25 42 8 43 10 0 23 34 38 24 50 17 46 17 25 13 6 46 12 32 8 21 52 20 13 35 23 19
16 26 34 29 29 49 22 48 15 37 20 6 22 45 15 15 22 52 40 40 41 30 43 11 24 16 20 24 23 0 11 31 32 38 17 32 6 23 27 18 32 26 16 15 31 42 3 23 12 2 14
18 37 37 32 35 55 17 54 26 42 31 6 16 51 22 10 27 58 43 37 47 41 46 16 18 27 9 35 34 11 0 34 40 35 26 28 17 29 38 29 27 37 15 26 40 39 14 34 1 12 22
16 41 4 2 13 28 18 27 27 12 34 35 20 20 19 24 10 29 10 16 18 30 13 20 22 30 30 31 38 31 34 0 20 14 21 13 32 13 30 32 14 29 19 32 23 14 31 28 33 33 20
25 25 19 18 7 18 33 17 19 13 20 38 35 17 18 35 17 21 19 36 13 10 21 24 38 21 42 14 24 32 40 20 0 34 15 33 28 12 11 21 34 12 29 23 3 34 30 13 40 34 18
22 53 17 16 27 40 18 40 39 25 46 39 19 31 31 25 22 40 21 2 31 44 23 27 18 42 29 44 50 38 35 14 34 0 33 7 40 26 43 44 8 43 23 44 37 5 38 41 34 40 32
14 20 22 19 14 33 23 32 6 22 13 23 25 30 4 22 11 36 27 35 26 15 30 11 28 9 29 12 17 17 26 21 15 33 0 29 13 8 13 11 30 12 18 11 14 35 15 9 26 19 4
16 49 17 15 26 41 11 40 35 25 42 32 12 33 26 18 18 42 23 9 31 41 26 21 11 38 22 40 46 32 28 13 33 7 29 0 34 23 40 40 1 39 16 40 36 11 32 37 27 34 27
18 20 35 30 27 46 26 45 9 35 14 12 27 43 13 21 22 49 40 42 39 24 43 13 30 10 26 18 17 6 17 32 28 40 13 34 0 21 21 12 35 20 20 9 27 44 3 17 18 7 12
13 28 14 11 6 26 21 25 14 14 21 28 23 22 8 23 5 29 19 28 18 18 22 13 26 17 30 18 25 23 29 13 12 26 8 23 21 0 17 19 24 17 17 19 13 27 21 15 29 25 9
27 14 29 28 17 28 36 27 12 24 9 33 37 28 17 34 22 31 30 45 24 3 32 23 40 11 41 3 13 27 38 30 11 43 13 40 21 17 0 11 41 1 30 13 8 44 24 4 38 28 16
24 9 33 30 24 38 32 37 5 32 2 24 33 38 14 30 22 41 38 46 34 14 40 19 36 2 37 8 6 18 29 32 21 44 11 40 12 19 11 0 40 10 26 3 18 46 15 8 30 19 13
17 49 18 16 27 42 10 41 35 26 42 31 11 34 27 17 19 43 24 10 32 42 27 22 10 38 21 41 46 32 27 14 34 8 30 1 35 24 41 40 0 40 16 40 37 12 33 38 26 34 27
26 13 29 27 17 29 35 28 11 25 8 32 36 29 16 33 21 32 31 45 25 4 33 22 39 10 40 2 12 26 37 29 12 43 12 39 20 17 1 10 40 0 29 12 9 43 23 3 37 27 15
4 35 22 17 23 43 6 42 21 28 28 18 7 37 14 6 13 45 28 25 34 33 31 7 10 24 13 29 32 16 15 19 29 23 18 16 20 17 30 26 16 29 0 26 30 27 18 26 14 18 14
24 11 33 30 25 40 32 39 5 33 5 21 33 40 14 29 22 43 38 46 36 16 41 19 36 2 35 11 8 15 26 32 23 44 11 40 9 19 13 3 40 12 26 0 20 46 12 10 27 16 13
26 22 22 21 10 20 34 19 18 16 17 37 36 20 18 36 18 23 22 39 16 7 24 25 39 18 43 11 21 31 40 23 3 37 14 36 27 13 8 18 37 9 30 20 0 37 29 10 40 33 18
26 55 15 16 27 37 22 37 41 23 48 43 23 28 33 29 24 37 18 3 28 44 20 31 22 44 33 45 52 42 39 14 34 5 35 11 44 27 44 46 12 43 27 46 37 0 42 42 38 44 34
16 23 34 29 27 47 24 46 12 35 17 9 24 43 13 18 22 50 40 40 39 27 43 11 27 13 23 21 20 3 14 31 30 38 15 32 3 21 24 15 33 23 18 12 29 42 0 20 15 4 12
23 14 28 26 17 30 32 29 8 25 7 29 33 30 13 30 19 33 31 43 26 7 33 19 36 8 37 3 13 23 34 28 13 41 9 37 17 15 4 8 38 3 26 10 10 42 20 0 34 24 12
17 38 36 31 35 55 16 54 26 41 32 7 15 50 22 9 26 58 42 36 47 41 45 16 17 28 8 36 35 12 1 33 40 34 26 27 18 29 38 30 26 37 14 27 40 38 15 34 0 13 22
18 26 36 31 31 51 24 50 16 39 21 6 24 47 17 17 24 54 42 42 43 31 45 13 26 17 21 25 23 2 12 33 34 40 19 34 7 25 28 19 34 27 18 16 33 44 4 24 13 0 16
11 22 23 18 15 35 20 34 8 23 15 20 21 31 1 18 10 38 28 34 27 19 31 7 24 11 25 15 19 14 22 20 18 32 4 27 12 9 16 13 27 15 14 13 18 34 12 12 22 16 0
0 600
42 162
103 223
122 242
160 280
318 438
360 480
241 361
463 583
365 485
284 404
160 280
411 531
446 566
101 221
161 281
126 246
307 427
35 155
267 387
459 579
232 352
29 149
164 284
79 199
353 473
196 316
311 431
10 130
457 577
78 198
131 251
188 308
169 289
77 197
54 174
465 585
194 314
341 461
43 163
62 182
10 130
375 495
188 308
401 521
132 252
455 575
181 301
320 440
139 259
375 495
0
44
47
78
54
73
19
55
65
67
48
60
22
28
36
37
55
63
73
34
31
61
30
56
39
29
18
75
41
69
62
50
57
34
58
32
27
72
78
49
36
46
61
63
25
27
82
45
55
53
83
