51
1625
0 49 19 30 25 55 11 45 31 7 32 4 11 46 52 15 6 29 20 20 43 24 18 29 12 34 24 40 45 33 17 20 23 33 16 8 26 17 9 48 11 45 41 45 41 20 40 43 40 54 21
49 0 38 51 48 24 38 16 21 45 21 46 44 7 31 36 49 25 31 31 17 31 42 45 39 18 28 29 10 37 35 34 31 48 33 41 25 33 41 8 39 10 8 25 11 37 12 9 22 26 28
19 38 0 15 10 38 16 43 32 12 17 15 8 40 33 25 25 13 23 22 42 7 4 12 23 33 27 21 31 14 7 5 8 16 14 18 14 10 14 34 12 31 32 28 36 1 35 37 23 37 19
30 51 15 0 5 43 29 57 47 23 30 26 19 53 37 39 36 26 38 37 57 21 12 6 36 48 42 25 43 16 22 20 22 7 29 31 28 25 27 46 25 43 45 32 50 16 49 51 31 41 34
25 48 10 5 0 43 24 53 42 18 27 21 14 50 37 34 31 23 33 32 52 17 7 6 31 43 37 25 41 16 17 15 18 10 24 26 24 20 22 44 20 41 42 32 46 11 45 47 31 41 29
55 24 38 43 43 0 47 38 41 49 24 51 46 30 11 50 59 27 45 45 39 32 42 37 52 38 44 18 14 27 38 36 32 38 42 51 30 39 47 16 44 14 25 11 32 37 33 30 15 3 41
11 38 16 29 24 47 0 35 21 8 23 8 11 35 44 10 13 20 10 10 33 17 17 28 7 24 15 33 35 28 10 13 16 32 5 4 17 8 3 38 4 35 30 37 30 16 29 32 32 46 10
45 16 43 57 53 38 35 0 14 43 28 43 44 9 45 30 43 32 25 25 2 36 47 52 33 11 21 42 24 45 37 38 35 55 31 37 29 34 38 23 37 24 14 39 7 42 8 8 35 40 25
31 21 32 47 42 41 21 14 0 29 23 29 32 15 45 16 29 26 11 12 12 27 35 43 19 3 7 38 27 38 25 28 26 46 19 23 21 22 24 27 25 27 16 38 10 32 9 12 33 43 13
7 45 12 23 18 49 8 43 29 0 27 3 4 42 45 17 13 23 18 18 41 18 11 22 14 32 23 33 40 26 11 14 17 26 12 9 21 12 5 43 6 40 37 39 37 13 36 39 34 48 18
32 21 17 30 27 24 23 28 23 27 0 28 24 23 23 26 36 4 22 21 28 10 21 24 28 22 23 15 14 17 16 14 10 27 18 27 6 15 24 17 21 14 15 16 21 16 21 21 11 24 17
4 46 15 26 21 51 8 43 29 3 28 0 7 43 48 14 10 25 18 18 41 20 14 25 11 32 23 36 41 29 13 16 19 29 13 6 22 13 5 44 7 41 38 41 38 16 37 40 36 50 18
11 44 8 19 14 46 11 44 32 4 24 7 0 43 41 20 17 20 21 20 42 15 7 18 17 33 25 29 38 22 9 10 14 22 13 12 19 11 8 41 7 38 36 36 38 9 37 40 31 45 19
46 7 40 53 50 30 35 9 15 42 23 43 43 0 37 31 44 27 26 26 10 33 44 47 34 12 22 35 16 40 35 35 32 50 30 38 26 32 38 15 36 16 8 31 5 39 6 3 28 32 25
52 31 33 37 37 11 44 45 45 45 23 48 41 37 0 49 56 24 45 44 46 28 37 31 50 44 46 12 21 21 35 33 29 30 40 48 28 36 44 24 41 21 32 7 39 32 40 37 12 8 40
15 36 25 39 34 50 10 30 16 17 26 14 20 31 49 0 13 26 5 6 28 24 27 37 3 19 9 39 36 36 18 21 23 41 11 8 21 15 12 39 14 36 28 42 26 25 25 28 37 50 9
6 49 25 36 31 59 13 43 29 13 36 10 17 44 56 13 0 33 18 18 41 28 24 35 10 32 22 44 48 39 21 24 27 39 18 9 30 21 12 51 15 48 41 49 39 26 38 41 44 58 21
29 25 13 26 23 27 20 32 26 23 4 25 20 27 24 26 33 0 22 21 32 6 17 20 26 25 25 13 18 13 12 10 6 23 16 24 5 12 21 21 18 18 19 17 25 12 25 25 12 26 17
20 31 23 38 33 45 10 25 11 18 22 18 21 26 45 5 18 22 0 1 23 21 26 35 8 14 5 35 31 33 16 19 20 39 9 12 17 13 13 34 14 31 23 38 21 23 20 23 33 46 5
20 31 22 37 32 45 10 25 12 18 21 18 20 26 44 6 18 21 1 0 23 20 25 34 8 14 5 34 31 32 15 18 19 38 8 12 16 12 13 33 13 31 23 37 21 22 20 23 32 45 4
43 17 42 57 52 39 33 2 12 41 28 41 42 10 46 28 41 32 23 23 0 36 45 52 31 9 19 42 25 45 35 37 35 55 29 35 29 32 36 24 35 25 14 39 7 41 8 9 35 41 23
24 31 7 21 17 32 17 36 27 18 10 20 15 33 28 24 28 6 21 20 36 0 11 16 23 28 25 16 24 12 7 5 1 19 13 20 7 9 16 27 13 24 25 22 29 6 28 30 17 31 17
18 42 4 12 7 42 17 47 35 11 21 14 7 44 37 27 24 17 26 25 45 11 0 11 24 36 30 25 35 16 10 9 12 15 17 19 18 13 15 38 13 35 36 32 40 5 39 41 27 41 22
29 45 12 6 6 37 28 52 43 22 24 25 18 47 31 37 35 20 35 34 52 16 11 0 35 44 39 19 37 10 19 16 17 4 26 30 23 22 26 40 24 37 39 26 45 12 44 45 25 35 31
12 39 23 36 31 52 7 33 19 14 28 11 17 34 50 3 10 26 8 8 31 23 24 35 0 22 12 39 38 35 17 20 22 39 10 5 22 14 9 41 11 38 31 43 29 23 28 31 38 52 11
34 18 33 48 43 38 24 11 3 32 22 32 33 12 44 19 32 25 14 14 9 28 36 44 22 0 10 37 24 38 26 28 27 47 20 26 21 23 27 24 26 24 13 37 7 32 6 9 32 40 14
24 28 27 42 37 44 15 21 7 23 23 23 25 22 46 9 22 25 5 5 19 25 30 39 12 10 0 38 30 37 20 23 24 43 13 17 20 17 18 32 18 30 21 39 17 27 16 19 34 46 8
40 29 21 25 25 18 33 42 38 33 15 36 29 35 12 39 44 13 35 34 42 16 25 19 39 37 38 0 19 9 23 21 17 20 29 36 18 25 32 22 29 19 28 7 35 20 35 34 7 16 30
45 10 31 43 41 14 35 24 27 40 14 41 38 16 21 36 48 18 31 31 25 24 35 37 38 24 30 19 0 27 29 28 24 38 30 39 19 28 37 3 34 0 11 15 18 30 19 16 12 16 27
33 37 14 16 16 27 28 45 38 26 17 29 22 40 21 36 39 13 33 32 45 12 16 10 35 38 37 9 27 0 18 15 13 11 25 31 17 21 27 30 24 27 32 16 38 13 38 38 15 25 29
17 35 7 22 17 38 10 37 25 11 16 13 9 35 35 18 21 12 16 15 35 7 10 19 17 26 20 23 29 18 0 3 6 23 7 13 10 3 9 32 6 29 27 28 30 7 29 32 23 37 12
20 34 5 20 15 36 13 38 28 14 14 16 10 35 33 21 24 10 19 18 37 5 9 16 20 28 23 21 28 15 3 0 4 20 10 16 9 6 12 31 9 28 27 26 31 4 30 32 21 35 15
23 31 8 22 18 32 16 35 26 17 10 19 14 32 29 23 27 6 20 19 35 1 12 17 22 27 24 17 24 13 6 4 0 20 12 19 6 8 15 27 12 24 24 22 28 7 27 29 17 31 16
33 48 16 7 10 38 32 55 46 26 27 29 22 50 30 41 39 23 39 38 55 19 15 4 39 47 43 20 38 11 23 20 20 0 30 34 26 26 30 41 28 38 42 27 48 16 47 48 26 36 35
16 33 14 29 24 42 5 31 19 12 18 13 13 30 40 11 18 16 9 8 29 13 17 26 10 20 13 29 30 25 7 10 12 30 0 9 12 4 8 33 6 30 25 33 25 14 24 27 28 42 6
8 41 18 31 26 51 4 37 23 9 27 6 12 38 48 8 9 24 12 12 35 20 19 30 5 26 17 36 39 31 13 16 19 34 9 0 21 12 4 42 7 39 33 41 33 19 32 35 36 50 13
26 25 14 28 24 30 17 29 21 21 6 22 19 26 28 21 30 5 17 16 29 7 18 23 22 21 20 18 19 17 10 9 6 26 12 21 0 9 18 22 15 19 18 21 22 13 21 23 16 30 12
17 33 10 25 20 39 8 34 22 12 15 13 11 32 36 15 21 12 13 12 32 9 13 22 14 23 17 25 28 21 3 6 8 26 4 12 9 0 9 31 6 28 25 29 27 10 26 29 24 38 9
9 41 14 27 22 47 3 38 24 5 24 5 8 38 44 12 12 21 13 13 36 16 15 26 9 27 18 32 37 27 9 12 15 30 8 4 18 9 0 40 3 37 33 37 33 15 32 35 32 46 13
48 8 34 46 44 16 38 23 27 43 17 44 41 15 24 39 51 21 34 33 24 27 38 40 41 24 32 22 3 30 32 31 27 41 33 42 22 31 40 0 37 3 11 18 17 33 18 15 15 18 30
11 39 12 25 20 44 4 37 25 6 21 7 7 36 41 14 15 18 14 13 35 13 13 24 11 26 18 29 34 24 6 9 12 28 6 7 15 6 3 37 0 34 31 34 31 12 30 33 29 43 12
45 10 31 43 41 14 35 24 27 40 14 41 38 16 21 36 48 18 31 31 25 24 35 37 38 24 30 19 0 27 29 28 24 38 30 39 19 28 37 3 34 0 11 15 18 30 19 16 12 16 27
41 8 32 45 42 25 30 14 16 37 15 38 36 8 32 28 41 19 23 23 14 25 36 39 31 13 21 28 11 32 27 27 24 42 25 33 18 25 33 11 31 11 0 25 7 31 8 6 21 27 20
45 25 28 32 32 11 37 39 38 39 16 41 36 31 7 42 49 17 38 37 39 22 32 26 43 37 39 7 15 16 28 26 22 27 33 41 21 29 37 18 34 15 25 0 32 27 33 31 5 9 33
41 11 36 50 46 32 30 7 10 37 21 38 38 5 39 26 39 25 21 21 7 29 40 45 29 7 17 35 18 38 30 31 28 48 25 33 22 27 33 17 31 18 7 32 0 35 1 2 28 34 20
20 37 1 16 11 37 16 42 32 13 16 16 9 39 32 25 26 12 23 22 41 6 5 12 23 32 27 20 30 13 7 4 7 16 14 19 13 10 15 33 12 30 31 27 35 0 34 36 22 36 19
40 12 35 49 45 33 29 8 9 36 21 37 37 6 40 25 38 25 20 20 8 28 39 44 28 6 16 35 19 38 29 30 27 47 24 32 21 26 32 18 30 19 8 33 1 34 0 3 29 35 19
43 9 37 51 47 30 32 8 12 39 21 40 40 3 37 28 41 25 23 23 9 30 41 45 31 9 19 34 16 38 32 32 29 48 27 35 23 29 35 15 33 16 6 31 2 36 3 0 27 32 22
40 22 23 31 31 15 32 35 33 34 11 36 31 28 12 37 44 12 33 32 35 17 27 25 38 32 34 7 12 15 23 21 17 26 28 36 16 24 32 15 29 12 21 5 28 22 29 27 0 14 28
54 26 37 41 41 3 46 40 43 48 24 50 45 32 8 50 58 26 46 45 41 31 41 35 52 40 46 16 16 25 37 35 31 36 42 50 30 38 46 18 43 16 27 9 34 36 35 32 14 0 41
21 28 19 34 29 41 10 25 13 18 17 18 19 25 40 9 21 17 5 4 23 17 22 31 11 14 8 30 27 29 12 15 16 35 6 13 12 9 13 30 12 27 20 33 20 19 19 22 28 41 0
0 409
198 402
166 370
187 391
195 399
130 334
118 322
56 260
18 222
167 371
41 245
26 230
127 331
10 214
77 281
50 254
200 404
9 213
105 309
75 279
11 215
51 255
165 369
26 230
107 311
12 216
119 323
183 387
202 406
106 310
43 247
20 224
169 373
160 364
17 221
25 229
191 395
127 331
145 349
43 247
105 309
1 205
99 303
50 254
173 377
69 273
55 259
150 354
147 351
27 231
201 405
0
71
29
74
44
68
20
60
62
32
41
80
39
80
42
25
35
11
19
36
19
17
78
38
78
60
77
39
47
67
34
34
73
60
76
58
56
74
71
45
82
29
38
63
15
33
20
66
85
78
22
