51
1626
0 25 12 29 22 40 30 23 16 32 36 21 21 19 42 25 26 22 30 20 27 43 34 24 26 35 6 9 5 20 9 11 18 18 15 14 10 37 9 18 13 34 39 10 35 37 35 29 42 40 39
25 0 16 17 17 20 11 15 30 16 12 16 20 24 18 2 18 10 14 23 19 22 15 14 12 10 30 30 27 10 23 24 18 27 33 11 30 29 18 12 31 15 18 15 15 22 24 18 26 15 26
12 16 0 17 22 35 25 22 24 20 28 21 11 11 33 16 14 19 27 11 26 31 22 12 14 26 18 14 12 18 16 8 7 13 26 5 14 37 11 17 24 22 29 4 23 35 34 17 40 31 38
29 17 17 0 33 35 28 32 40 4 28 32 9 13 23 15 4 27 31 12 36 15 6 5 6 22 35 28 28 27 32 21 12 16 42 17 27 46 27 28 40 6 14 20 7 39 41 1 43 24 43
22 17 22 33 0 24 15 2 17 33 21 1 31 33 33 19 32 8 12 33 5 39 32 28 28 25 22 31 27 7 14 29 28 35 21 18 32 15 13 5 20 32 35 18 32 15 13 33 20 30 17
40 20 35 35 24 0 10 22 40 31 8 24 39 43 17 21 37 18 12 42 20 30 29 33 31 13 43 49 45 20 35 43 37 46 44 30 49 22 31 22 43 29 25 33 29 13 17 36 12 13 17
30 11 25 28 15 10 0 13 30 27 6 14 31 35 19 13 29 8 4 34 12 29 25 25 23 11 33 39 35 10 25 33 29 37 34 20 39 19 21 12 33 25 24 23 25 12 14 29 15 15 16
23 15 22 32 2 22 13 0 19 31 19 2 31 33 31 17 32 6 10 33 4 37 30 28 27 23 23 32 28 5 15 29 28 35 23 18 33 15 14 5 22 30 33 18 30 14 12 33 19 28 16
16 30 24 40 17 40 30 19 0 41 36 17 35 35 47 32 38 22 29 35 22 52 43 35 35 38 11 25 21 20 8 27 31 34 4 23 26 29 13 18 4 43 48 20 44 32 29 40 37 43 33
32 16 20 4 33 31 27 31 41 0 24 32 13 17 19 14 8 26 30 16 35 11 2 8 6 18 38 31 31 26 33 24 15 20 43 18 31 45 28 28 41 2 10 22 3 38 40 5 41 20 42
36 12 28 28 21 8 6 19 36 24 0 20 31 35 13 13 29 14 10 34 18 24 22 25 23 6 39 42 39 16 31 36 29 38 40 23 42 24 27 18 39 22 19 27 22 16 19 29 17 9 20
21 16 21 32 1 24 14 2 17 32 20 0 30 32 33 18 31 7 12 32 6 38 31 27 27 24 21 30 26 6 13 28 27 34 21 17 31 16 12 4 20 31 34 17 31 16 14 32 21 29 18
21 20 11 9 31 39 31 31 35 13 31 30 0 4 31 18 5 27 34 3 35 24 15 7 9 27 27 19 19 26 27 12 4 7 36 13 18 46 22 26 34 15 23 15 16 42 42 8 46 31 46
19 24 11 13 33 43 35 33 35 17 35 32 4 0 35 22 9 30 37 1 37 28 19 11 13 31 25 15 15 29 27 8 6 3 34 16 14 48 22 28 32 19 27 15 20 45 45 12 50 35 49
42 18 33 23 33 17 19 31 47 19 13 33 31 35 0 17 27 26 23 34 31 14 17 24 22 9 48 47 44 27 41 40 31 38 51 28 47 37 36 29 49 17 9 32 16 29 32 24 29 4 33
25 2 16 15 19 21 13 17 32 14 13 18 18 22 17 0 16 12 16 21 21 20 13 12 10 10 31 30 27 12 24 24 16 25 34 11 30 31 19 14 32 13 16 15 13 24 26 16 28 15 28
26 18 14 4 32 37 29 32 38 8 29 31 5 9 27 16 0 27 32 8 36 19 10 4 6 24 32 24 24 27 30 17 8 12 40 15 23 47 25 27 38 10 18 18 11 40 42 3 44 28 44
22 10 19 27 8 18 8 6 22 26 14 7 27 30 26 12 27 0 8 29 9 32 25 23 21 17 25 31 27 2 17 27 24 31 26 14 32 20 13 4 25 25 27 16 25 16 15 27 21 22 19
30 14 27 31 12 12 4 10 29 30 10 12 34 37 23 16 32 8 0 36 8 33 29 28 26 15 33 39 35 10 25 35 31 39 33 22 40 15 21 12 32 29 28 24 29 8 10 32 13 19 12
20 23 11 12 33 42 34 33 35 16 34 32 3 1 34 21 8 29 36 0 37 27 18 10 12 30 26 16 16 28 27 9 5 4 35 15 15 48 22 28 33 18 26 15 19 44 44 11 49 34 48
27 19 26 36 5 20 12 4 22 35 18 6 35 37 31 21 36 9 8 37 0 40 34 32 30 23 27 36 32 9 19 33 32 39 26 22 37 11 18 9 25 34 35 22 34 10 8 36 15 27 12
43 22 31 15 39 30 29 37 52 11 24 38 24 28 14 20 19 32 33 27 40 0 9 19 17 18 49 42 42 32 44 35 26 31 54 29 42 48 39 34 52 9 5 33 8 40 43 16 41 17 44
34 15 22 6 32 29 25 30 43 2 22 31 15 19 17 13 10 25 29 18 34 9 0 10 8 16 40 33 33 25 35 26 17 22 45 20 33 44 30 27 43 0 8 24 1 37 39 7 39 18 41
24 14 12 5 28 33 25 28 35 8 25 27 7 11 24 12 4 23 28 10 32 19 10 0 2 20 30 23 23 23 27 16 7 14 37 12 23 43 22 23 35 10 17 15 11 36 38 5 40 24 40
26 12 14 6 28 31 23 27 35 6 23 27 9 13 22 10 6 21 26 12 30 17 8 2 0 18 32 25 25 22 27 18 9 16 37 12 25 41 22 23 35 8 15 16 9 34 36 6 38 22 38
35 10 26 22 25 13 11 23 38 18 6 24 27 31 9 10 24 17 15 30 23 18 16 20 18 0 40 40 37 18 33 34 26 34 42 21 40 30 28 20 41 16 13 25 16 22 25 23 23 5 26
6 30 18 35 22 43 33 23 11 38 39 21 27 25 48 31 32 25 33 26 27 49 40 30 32 40 0 14 11 23 8 17 24 24 9 20 15 37 12 21 7 40 45 16 41 37 35 35 42 45 39
9 30 14 28 31 49 39 32 25 31 42 30 19 15 47 30 24 31 39 16 36 42 33 23 25 40 14 0 4 29 18 7 16 12 23 19 1 46 18 27 21 33 40 16 34 46 44 27 51 45 48
5 27 12 28 27 45 35 28 21 31 39 26 19 15 44 27 24 27 35 16 32 42 33 23 25 37 11 4 0 25 14 7 16 14 20 16 5 42 14 23 18 33 40 12 34 42 40 27 47 42 44
20 10 18 27 7 20 10 5 20 26 16 6 26 29 27 12 27 2 10 28 9 32 25 23 22 18 23 29 25 0 15 25 23 30 24 13 30 20 11 2 23 25 28 14 25 17 16 28 22 23 20
9 23 16 32 14 35 25 15 8 33 31 13 27 27 41 24 30 17 25 27 19 44 35 27 27 33 8 18 14 15 0 20 23 27 10 15 19 29 5 13 8 35 40 12 36 29 27 32 34 38 31
11 24 8 21 29 43 33 29 27 24 36 28 12 8 40 24 17 27 35 9 33 35 26 16 18 34 17 7 7 25 20 0 9 7 26 13 7 44 16 24 24 26 33 11 27 42 41 20 47 39 45
18 18 7 12 28 37 29 28 31 15 29 27 4 6 31 16 8 24 31 5 32 26 17 7 9 26 24 16 16 23 23 9 0 9 33 10 16 43 18 23 31 17 24 11 18 39 39 11 44 31 43
18 27 13 16 35 46 37 35 34 20 38 34 7 3 38 25 12 31 39 4 39 31 22 14 16 34 24 12 14 30 27 7 9 0 33 17 11 50 23 30 31 22 30 17 23 47 46 15 52 38 50
15 33 26 42 21 44 34 23 4 43 40 21 36 34 51 34 40 26 33 35 26 54 45 37 37 42 9 23 20 24 10 26 33 33 0 25 24 33 15 22 2 45 50 22 46 36 33 42 41 47 37
14 11 5 17 18 30 20 18 23 18 23 17 13 16 28 11 15 14 22 15 22 29 20 12 12 21 20 19 16 13 15 13 10 17 25 0 19 33 10 13 23 20 25 4 21 30 29 17 35 26 33
10 30 14 27 32 49 39 33 26 31 42 31 18 14 47 30 23 32 40 15 37 42 33 23 25 40 15 1 5 30 19 7 16 11 24 19 0 47 19 28 22 33 40 16 34 47 45 26 52 45 49
37 29 37 46 15 22 19 15 29 45 24 16 46 48 37 31 47 20 15 48 11 48 44 43 41 30 37 46 42 20 29 44 43 50 33 33 47 0 28 20 33 44 43 33 44 9 5 47 11 33 6
9 18 11 27 13 31 21 14 13 28 27 12 22 22 36 19 25 13 21 22 18 39 30 22 22 28 12 18 14 11 5 16 18 23 15 10 19 28 0 9 13 30 35 7 31 28 26 27 33 33 30
18 12 17 28 5 22 12 5 18 28 18 4 26 28 29 14 27 4 12 28 9 34 27 23 23 20 21 27 23 2 13 24 23 30 22 13 28 20 9 0 21 27 30 13 27 19 17 28 24 25 21
13 31 24 40 20 43 33 22 4 41 39 20 34 32 49 32 38 25 32 33 25 52 43 35 35 41 7 21 18 23 8 24 31 31 2 23 22 33 13 21 0 43 48 20 44 35 33 40 40 46 37
34 15 22 6 32 29 25 30 43 2 22 31 15 19 17 13 10 25 29 18 34 9 0 10 8 16 40 33 33 25 35 26 17 22 45 20 33 44 30 27 43 0 8 24 1 37 39 7 39 18 41
39 18 29 14 35 25 24 33 48 10 19 34 23 27 9 16 18 27 28 26 35 5 8 17 15 13 45 40 40 28 40 33 24 30 50 25 40 43 35 30 48 8 0 29 7 35 38 15 36 12 39
10 15 4 20 18 33 23 18 20 22 27 17 15 15 32 15 18 16 24 15 22 33 24 15 16 25 16 16 12 14 12 11 11 17 22 4 16 33 7 13 20 24 29 0 25 31 30 20 36 30 34
35 15 23 7 32 29 25 30 44 3 22 31 16 20 16 13 11 25 29 19 34 8 1 11 9 16 41 34 34 25 36 27 18 23 46 21 34 44 31 27 44 1 7 25 0 37 39 8 39 17 41
37 22 35 39 15 13 12 14 32 38 16 16 42 45 29 24 40 16 8 44 10 40 37 36 34 22 37 46 42 17 29 42 39 47 36 30 47 9 28 19 35 37 35 31 37 0 4 40 5 25 4
35 24 34 41 13 17 14 12 29 40 19 14 42 45 32 26 42 15 10 44 8 43 39 38 36 25 35 44 40 16 27 41 39 46 33 29 45 5 26 17 33 39 38 30 39 4 0 42 9 28 4
29 18 17 1 33 36 29 33 40 5 29 32 8 12 24 16 3 27 32 11 36 16 7 5 6 23 35 27 27 28 32 20 11 15 42 17 26 47 27 28 40 7 15 20 8 40 42 0 44 25 44
42 26 40 43 20 12 15 19 37 41 17 21 46 50 29 28 44 21 13 49 15 41 39 40 38 23 42 51 47 22 34 47 44 52 41 35 52 11 33 24 40 39 36 36 39 5 9 44 0 25 5
40 15 31 24 30 13 15 28 43 20 9 29 31 35 4 15 28 22 19 34 27 17 18 24 22 5 45 45 42 23 38 39 31 38 47 26 45 33 33 25 46 18 12 30 17 25 28 25 25 0 29
39 26 38 43 17 17 16 16 33 42 20 18 46 49 33 28 44 19 12 48 12 44 41 40 38 26 39 48 44 20 31 45 43 50 37 33 49 6 30 21 37 41 39 34 41 4 4 44 5 29 0
0 573
181 410
232 461
33 262
245 474
174 403
301 530
301 530
37 266
331 560
203 432
183 412
51 280
265 494
323 552
42 271
147 376
272 501
35 264
98 327
152 381
339 568
31 260
247 476
23 252
113 342
245 474
259 488
128 357
270 499
51 280
297 526
23 252
230 459
221 450
2 231
263 492
89 318
41 270
17 246
135 364
312 541
93 322
334 563
116 345
65 294
126 355
211 440
16 245
287 516
264 493
0
64
34
72
79
55
48
53
13
20
46
74
39
58
67
61
47
48
70
47
81
66
79
72
15
64
36
50
12
66
27
78
81
30
72
24
33
30
46
63
57
61
45
35
26
52
36
38
39
24
68
