51
1624
0 45 13 25 42 14 13 46 47 39 4 41 16 42 37 24 35 26 28 17 46 36 46 27 29 9 9 27 40 33 23 36 4 37 33 30 22 27 39 38 42 41 32 1 42 28 36 31 13 11 24
45 0 36 29 15 38 33 16 11 28 41 8 29 22 22 23 10 34 41 30 10 26 19 19 31 37 36 26 23 27 33 23 47 20 12 25 27 22 26 10 16 21 21 44 11 23 23 32 42 34 32
13 36 0 12 30 18 4 43 41 38 12 35 13 40 24 21 26 13 33 17 34 23 43 17 30 8 10 26 27 32 10 23 17 35 24 17 21 16 38 27 39 39 30 13 30 15 34 32 20 12 26
25 29 12 0 19 28 13 39 36 41 24 30 19 40 12 24 20 5 41 23 25 11 40 13 35 19 21 30 15 36 4 11 29 35 19 5 26 8 39 19 36 39 31 25 21 6 35 37 31 21 31
42 15 30 19 0 39 29 30 26 39 39 21 28 35 8 27 12 22 46 32 6 12 33 17 37 34 35 31 8 35 23 9 45 31 14 14 31 15 37 8 29 34 29 42 4 15 33 39 43 33 36
14 38 18 28 39 0 15 36 39 26 10 33 11 31 37 15 29 31 15 8 41 38 35 22 16 10 8 16 40 20 28 36 14 26 27 31 11 26 26 33 32 30 21 13 37 28 25 18 4 7 11
13 33 4 13 29 15 0 39 38 34 11 32 9 36 24 17 23 16 29 13 33 24 39 14 26 6 8 22 27 28 13 23 17 31 21 17 17 14 34 25 35 35 26 13 29 15 30 28 18 8 22
46 16 43 39 30 36 39 0 5 16 42 9 30 8 36 22 20 44 33 29 26 40 4 27 23 39 37 20 38 18 43 36 48 10 20 37 25 31 14 23 4 8 15 45 26 34 13 24 40 35 26
47 11 41 36 26 39 38 5 0 21 43 6 31 13 33 24 17 41 37 31 21 37 9 24 27 40 38 23 34 22 40 33 49 14 17 34 28 28 19 20 8 13 18 46 22 31 17 28 43 36 29
39 28 38 41 39 26 34 16 21 0 35 20 25 8 43 18 27 46 19 22 38 46 13 28 10 32 30 12 46 6 45 43 40 8 25 39 17 33 2 31 13 8 10 38 36 36 6 10 29 28 15
4 41 12 24 39 10 11 42 43 35 0 37 12 38 34 20 31 25 25 13 42 35 42 23 25 5 5 23 37 29 22 33 6 33 29 28 18 24 35 34 38 37 28 3 38 25 32 27 10 7 20
41 8 35 30 21 33 32 9 6 20 37 0 25 14 27 18 11 35 34 25 18 31 12 18 24 34 32 19 29 20 34 27 43 12 11 28 22 22 18 14 8 13 14 40 17 25 15 25 37 30 25
16 29 13 19 28 11 9 30 31 25 12 25 0 27 26 8 19 23 22 4 30 27 30 11 17 9 7 13 29 19 21 25 18 22 17 20 8 15 25 22 26 26 17 15 26 17 21 19 15 5 13
42 22 40 40 35 31 36 8 13 8 38 14 27 0 40 19 23 45 26 25 32 44 5 27 17 35 33 15 42 12 44 40 44 5 22 38 20 32 6 27 6 1 10 41 31 35 7 17 35 31 21
37 22 24 12 8 37 24 36 33 43 34 27 26 40 0 28 17 14 47 30 14 4 39 16 40 29 30 34 3 39 16 1 40 35 18 7 32 11 41 13 35 39 33 37 11 9 37 42 41 30 37
24 23 21 24 27 15 17 22 24 18 20 18 8 19 28 0 15 29 19 7 28 30 22 12 12 17 15 6 31 12 27 27 26 14 13 23 4 17 17 19 18 18 9 23 24 20 13 14 19 13 9
35 10 26 20 12 29 23 20 17 27 31 11 19 23 17 15 0 25 34 21 13 21 22 9 25 27 26 19 19 23 24 17 37 19 2 17 19 12 25 4 18 22 17 34 9 14 21 27 33 24 24
26 34 13 5 22 31 16 44 41 46 25 35 23 45 14 29 25 0 45 27 28 12 45 18 40 21 23 35 17 41 3 13 30 40 24 9 31 13 44 24 41 44 36 26 25 11 40 42 33 24 36
28 41 33 41 46 15 29 33 37 19 25 34 22 26 47 19 34 45 0 18 47 49 31 31 10 25 23 15 50 15 42 46 27 23 32 42 15 36 20 38 29 26 20 27 43 39 20 9 15 21 10
17 30 17 23 32 8 13 29 31 22 13 25 4 25 30 7 21 27 18 0 34 31 29 15 14 10 8 10 33 16 24 29 19 20 19 24 5 19 22 25 25 24 15 16 30 21 19 16 12 6 9
46 10 34 25 6 41 33 26 21 38 42 18 30 32 14 28 13 28 47 34 0 18 29 19 38 37 37 32 14 36 29 15 48 30 15 20 32 19 36 9 26 31 30 45 4 19 33 40 45 35 37
36 26 23 11 12 38 24 40 37 46 35 31 27 44 4 30 21 12 49 31 18 0 43 18 42 30 31 36 5 42 14 4 40 39 22 7 34 13 44 17 39 43 36 36 15 10 40 44 42 31 39
46 19 43 40 33 35 39 4 9 13 42 12 30 5 39 22 22 45 31 29 29 43 0 28 21 39 37 19 41 16 44 39 48 9 21 38 24 32 11 26 4 5 14 45 29 35 11 22 39 35 25
27 19 17 13 17 22 14 27 24 28 23 18 11 27 16 12 9 18 31 15 19 18 28 0 24 18 18 18 19 24 17 15 29 22 7 11 16 5 26 11 24 26 18 26 15 8 22 26 26 16 21
29 31 30 35 37 16 26 23 27 10 25 24 17 17 40 12 25 40 10 14 38 42 21 24 0 23 21 6 43 5 38 39 30 13 23 35 9 29 11 29 19 16 10 28 34 32 10 2 19 19 5
9 37 8 19 34 10 6 39 40 32 5 34 9 35 29 17 27 21 25 10 37 30 39 18 23 0 2 20 32 26 18 28 11 30 25 23 15 19 32 29 35 34 25 8 33 20 29 25 12 4 18
9 36 10 21 35 8 8 37 38 30 5 32 7 33 30 15 26 23 23 8 37 31 37 18 21 2 0 18 33 24 20 29 11 28 24 24 13 20 30 29 33 32 23 8 33 21 27 23 11 2 16
27 26 26 30 31 16 22 20 23 12 23 19 13 15 34 6 19 35 15 10 32 36 19 18 6 20 18 0 37 6 33 33 29 10 17 29 5 23 12 23 16 14 5 26 28 26 9 8 20 16 6
40 23 27 15 8 40 27 38 34 46 37 29 29 42 3 31 19 17 50 33 14 5 41 19 43 32 33 37 0 42 19 4 43 38 21 10 35 14 44 15 37 41 36 40 12 12 40 45 44 33 40
33 27 32 36 35 20 28 18 22 6 29 20 19 12 39 12 23 41 15 16 36 42 16 24 5 26 24 6 42 0 39 39 34 8 21 35 11 29 6 27 14 11 6 32 32 32 5 6 23 22 9
23 33 10 4 23 28 13 43 40 45 22 34 21 44 16 27 24 3 42 24 29 14 44 17 38 18 20 33 19 39 0 15 27 39 23 9 29 12 43 23 40 43 35 23 25 10 39 40 30 21 33
36 23 23 11 9 36 23 36 33 43 33 27 25 40 1 27 17 13 46 29 15 4 39 15 39 28 29 33 4 39 15 0 39 35 18 6 31 10 41 13 35 39 33 36 12 8 37 41 40 29 36
4 47 17 29 45 14 17 48 49 40 6 43 18 44 40 26 37 30 27 19 48 40 48 29 30 11 11 29 43 34 27 39 0 39 35 34 24 30 40 40 44 43 34 4 44 31 38 32 12 13 25
37 20 35 35 31 26 31 10 14 8 33 12 22 5 35 14 19 40 23 20 30 39 9 22 13 30 28 10 38 8 39 35 39 0 17 33 15 27 6 23 6 4 5 36 28 30 3 14 30 26 16
33 12 24 19 14 27 21 20 17 25 29 11 17 22 18 13 2 24 32 19 15 22 21 7 23 25 24 17 21 21 23 18 35 17 0 17 17 11 23 6 17 21 15 32 11 14 19 25 31 22 22
30 25 17 5 14 31 17 37 34 39 28 28 20 38 7 23 17 9 42 24 20 7 38 11 35 23 24 29 10 35 9 6 34 33 17 0 27 6 37 15 34 37 29 30 16 3 33 37 35 24 32
22 27 21 26 31 11 17 25 28 17 18 22 8 20 32 4 19 31 15 5 32 34 24 16 9 15 13 5 35 11 29 31 24 15 17 27 0 21 17 23 21 19 10 21 28 24 14 11 15 11 5
27 22 16 8 15 26 14 31 28 33 24 22 15 32 11 17 12 13 36 19 19 13 32 5 29 19 20 23 14 29 12 10 30 27 11 6 21 0 31 12 28 31 23 27 15 3 27 31 30 19 26
39 26 38 39 37 26 34 14 19 2 35 18 25 6 41 17 25 44 20 22 36 44 11 26 11 32 30 12 44 6 43 41 40 6 23 37 17 31 0 29 11 6 8 38 34 34 4 11 29 28 15
38 10 27 19 8 33 25 23 20 31 34 14 22 27 13 19 4 24 38 25 9 17 26 11 29 29 29 23 15 27 23 13 40 23 6 15 23 12 29 0 22 26 21 37 5 13 25 31 37 27 28
42 16 39 36 29 32 35 4 8 13 38 8 26 6 35 18 18 41 29 25 26 39 4 24 19 35 33 16 37 14 40 35 44 6 17 34 21 28 11 22 0 5 11 41 25 31 9 20 36 31 22
41 21 39 39 34 30 35 8 13 8 37 13 26 1 39 18 22 44 26 24 31 43 5 26 16 34 32 14 41 11 43 39 43 4 21 37 19 31 6 26 5 0 9 40 30 34 6 17 34 30 20
32 21 30 31 29 21 26 15 18 10 28 14 17 10 33 9 17 36 20 15 30 36 14 18 10 25 23 5 36 6 35 33 34 5 15 29 10 23 8 21 11 9 0 31 26 26 4 11 25 21 11
1 44 13 25 42 13 13 45 46 38 3 40 15 41 37 23 34 26 27 16 45 36 45 26 28 8 8 26 40 32 23 36 4 36 32 30 21 27 38 37 41 40 31 0 41 28 35 30 12 10 23
42 11 30 21 4 37 29 26 22 36 38 17 26 31 11 24 9 25 43 30 4 15 29 15 34 33 33 28 12 32 25 12 44 28 11 16 28 15 34 5 25 30 26 41 0 15 30 36 41 31 33
28 23 15 6 15 28 15 34 31 36 25 25 17 35 9 20 14 11 39 21 19 10 35 8 32 20 21 26 12 32 10 8 31 30 14 3 24 3 34 13 31 34 26 28 15 0 30 34 32 21 29
36 23 34 35 33 25 30 13 17 6 32 15 21 7 37 13 21 40 20 19 33 40 11 22 10 29 27 9 40 5 39 37 38 3 19 33 14 27 4 25 9 6 4 35 30 30 0 11 28 25 14
31 32 32 37 39 18 28 24 28 10 27 25 19 17 42 14 27 42 9 16 40 44 22 26 2 25 23 8 45 6 40 41 32 14 25 37 11 31 11 31 20 17 11 30 36 34 11 0 20 21 7
13 42 20 31 43 4 18 40 43 29 10 37 15 35 41 19 33 33 15 12 45 42 39 26 19 12 11 20 44 23 30 40 12 30 31 35 15 30 29 37 36 34 25 12 41 32 28 20 0 11 14
11 34 12 21 33 7 8 35 36 28 7 30 5 31 30 13 24 24 21 6 35 31 35 16 19 4 2 16 33 22 21 29 13 26 22 24 11 19 28 27 31 30 21 10 31 21 25 21 11 0 14
24 32 26 31 36 11 22 26 29 15 20 25 13 21 37 9 24 36 10 9 37 39 25 21 5 18 16 6 40 9 33 36 25 16 22 32 5 26 15 28 22 20 11 23 33 29 14 7 14 14 0
0 355
163 340
92 269
131 308
3 180
149 326
112 289
9 186
8 185
167 344
38 215
16 193
25 202
9 186
94 271
167 344
116 293
35 212
112 289
173 350
144 321
29 206
165 342
136 313
125 302
74 251
141 318
64 241
135 312
29 206
34 211
118 295
85 262
154 331
100 277
150 327
19 196
72 249
123 300
68 245
73 250
21 198
86 263
134 311
76 253
154 331
106 283
130 307
169 346
18 195
124 301
0
44
65
16
52
74
65
48
51
59
63
44
44
80
54
34
83
52
45
53
63
44
37
39
34
15
54
42
68
27
34
76
52
31
49
33
57
50
47
45
57
41
68
41
48
56
45
56
90
40
33
