51
1625
0 29 35 18 12 28 48 37 11 30 41 41 9 20 19 45 45 24 8 29 23 17 41 14 26 41 35 23 31 39 11 20 9 32 23 3 43 17 7 24 19 11 15 4 10 32 10 9 17 13 8
29 0 7 17 33 29 25 15 32 15 19 21 32 10 25 18 19 32 21 27 9 22 21 19 11 14 19 7 13 12 26 9 30 24 27 30 15 24 33 21 12 20 21 30 19 27 29 24 13 18 31
35 7 0 24 40 36 24 17 39 14 21 24 39 17 28 16 17 34 27 28 16 29 24 24 13 7 17 14 11 5 33 15 36 23 29 36 10 31 39 28 17 26 26 36 25 26 36 31 20 24 38
18 17 24 0 17 15 32 21 16 26 25 23 16 7 25 30 30 32 15 34 8 5 23 18 22 31 32 10 26 29 10 13 25 33 29 16 30 7 25 8 16 17 20 22 14 35 13 10 5 16 17
12 33 40 17 0 19 48 38 1 39 41 37 3 23 31 47 47 36 19 41 25 13 37 25 35 47 45 26 40 45 7 27 21 43 35 9 46 11 19 19 28 22 26 16 20 44 4 9 20 23 4
28 29 36 15 19 0 33 26 19 41 27 22 21 20 40 36 35 47 29 49 20 12 22 33 37 43 47 22 41 41 17 28 37 48 44 25 39 11 35 8 31 31 35 32 28 50 19 19 20 31 22
48 25 24 32 48 33 0 11 47 38 7 11 48 28 50 8 7 57 43 52 25 35 11 43 36 28 40 26 35 26 42 33 53 47 52 48 15 37 54 29 37 44 45 51 41 50 45 42 31 42 49
37 15 17 21 38 26 11 0 37 30 4 7 37 17 39 10 9 46 32 42 14 25 7 32 26 24 34 15 28 22 31 22 42 39 42 37 14 27 43 19 26 33 34 40 30 42 34 31 20 31 38
11 32 39 16 1 19 47 37 0 38 40 37 2 22 30 46 46 35 18 40 24 12 37 24 34 46 44 25 39 44 6 26 20 42 34 8 45 11 18 19 27 21 25 15 19 43 3 8 19 22 3
30 15 14 26 39 41 38 30 38 0 33 36 38 21 16 30 31 21 22 14 22 30 36 16 4 14 6 20 3 14 32 13 27 9 16 32 24 32 31 33 11 19 16 30 20 12 35 30 21 17 37
41 19 21 25 41 27 7 4 40 33 0 5 41 21 43 9 8 50 36 46 18 28 5 36 30 27 37 19 31 25 35 26 46 42 46 41 15 30 47 22 30 37 38 44 34 45 38 35 24 35 42
41 21 24 23 37 22 11 7 37 36 5 0 38 21 44 14 13 51 36 48 18 25 0 37 32 31 40 19 34 29 32 27 46 45 47 39 20 26 47 18 31 37 39 44 34 48 35 33 24 35 39
9 32 39 16 3 21 48 37 2 38 41 38 0 22 28 46 46 33 16 38 24 13 38 22 34 46 43 25 39 44 6 26 18 40 32 6 45 12 16 20 27 19 23 13 18 41 3 8 19 21 1
20 10 17 7 23 20 28 17 22 21 21 21 22 0 23 25 25 30 15 30 3 12 21 16 17 24 27 3 21 22 16 8 25 29 27 20 23 14 26 12 12 16 18 23 13 31 19 14 3 14 21
19 25 28 25 31 40 50 39 30 16 43 44 28 23 0 43 44 7 12 10 26 28 44 7 15 30 20 25 19 29 25 17 12 14 4 22 38 29 16 33 13 9 5 17 12 13 27 23 21 9 27
45 18 16 30 47 36 8 10 46 30 9 14 46 25 43 0 1 50 39 44 22 35 14 37 29 20 32 22 27 18 40 27 48 39 45 45 7 36 51 29 30 38 39 48 37 42 43 39 28 36 46
45 19 17 30 47 35 7 9 46 31 8 13 46 25 44 1 0 51 40 45 23 34 13 38 30 21 33 22 28 19 40 28 49 40 46 45 8 36 51 28 31 39 40 48 38 43 43 39 28 37 46
24 32 34 32 36 47 57 46 35 21 50 51 33 30 7 50 51 0 19 10 33 35 51 14 21 35 23 32 24 35 32 24 15 15 5 27 44 36 19 40 20 16 12 20 19 13 34 30 28 16 32
8 21 27 15 19 29 43 32 18 22 36 36 16 15 12 39 40 19 0 22 18 17 36 6 18 33 27 18 23 31 13 12 10 24 16 10 36 18 12 23 11 3 7 9 2 25 15 11 12 5 15
29 27 28 34 41 49 52 42 40 14 46 48 38 30 10 44 45 10 22 0 32 38 48 17 16 26 13 30 17 27 35 22 22 5 6 32 38 39 26 41 18 19 15 27 22 3 37 33 29 19 37
23 9 16 8 25 20 25 14 24 22 18 18 24 3 26 22 23 33 18 32 0 13 18 19 18 23 27 2 21 21 18 10 28 30 30 23 22 15 29 12 14 19 21 26 16 33 21 17 6 17 24
17 22 29 5 13 12 35 25 12 30 28 25 13 12 28 35 34 35 17 38 13 0 25 21 26 36 36 15 30 34 7 17 25 37 32 15 35 2 24 7 20 19 23 21 16 39 10 8 9 19 14
41 21 24 23 37 22 11 7 37 36 5 0 38 21 44 14 13 51 36 48 18 25 0 37 32 31 40 19 34 29 32 27 46 45 47 39 20 26 47 18 31 37 39 44 34 48 35 33 24 35 39
14 19 24 18 25 33 43 32 24 16 36 37 22 16 7 37 38 14 6 17 19 21 37 0 12 28 21 18 17 26 18 10 12 18 11 16 33 22 16 26 7 3 2 14 5 19 21 16 14 2 21
26 11 13 22 35 37 36 26 34 4 30 32 34 17 15 29 30 21 18 16 18 26 32 12 0 16 10 16 5 14 28 9 24 13 16 28 23 28 28 29 7 15 13 26 16 16 31 26 17 13 33
41 14 7 31 47 43 28 24 46 14 27 31 46 24 30 20 21 35 33 26 23 36 31 28 16 0 13 21 11 2 40 21 40 21 30 42 13 38 44 35 22 31 29 42 31 24 43 38 27 29 45
35 19 17 32 45 47 40 34 44 6 37 40 43 27 20 32 33 23 27 13 27 36 40 21 10 13 0 25 6 14 38 19 32 8 18 37 25 38 36 39 17 24 21 35 26 11 41 36 27 23 42
23 7 14 10 26 22 26 15 25 20 19 19 25 3 25 22 22 32 18 30 2 15 19 18 16 21 25 0 19 19 19 8 28 28 28 23 20 17 29 14 12 18 20 26 16 31 22 17 6 16 24
31 13 11 26 40 41 35 28 39 3 31 34 39 21 19 27 28 24 23 17 21 30 34 17 5 11 6 19 0 11 33 13 29 12 19 33 21 32 33 33 12 20 18 31 21 15 36 31 21 18 38
39 12 5 29 45 41 26 22 44 14 25 29 44 22 29 18 19 35 31 27 21 34 29 26 14 2 14 19 11 0 38 19 38 22 30 40 11 36 42 33 20 29 27 40 29 25 41 36 25 27 43
11 26 33 10 7 17 42 31 6 32 35 32 6 16 25 40 40 32 13 35 18 7 32 18 28 40 38 19 33 38 0 20 20 36 29 8 39 6 18 14 21 16 20 15 13 37 3 2 13 16 7
20 9 15 13 27 28 33 22 26 13 26 27 26 8 17 27 28 24 12 22 10 17 27 10 9 21 19 8 13 19 20 0 21 21 20 21 24 19 24 20 4 11 12 21 10 23 23 18 8 9 25
9 30 36 25 21 37 53 42 20 27 46 46 18 25 12 48 49 15 10 22 28 25 46 12 24 40 32 28 29 38 20 21 0 26 16 12 45 26 4 32 19 10 11 5 12 25 19 18 22 12 17
32 24 23 33 43 48 47 39 42 9 42 45 40 29 14 39 40 15 24 5 30 37 45 18 13 21 8 28 12 22 36 21 26 0 11 34 33 39 30 40 17 21 17 30 23 3 39 34 28 20 39
23 27 29 29 35 44 52 42 34 16 46 47 32 27 4 45 46 5 16 6 30 32 47 11 16 30 18 28 19 30 29 20 16 11 0 26 39 33 20 37 16 13 9 21 16 9 31 27 25 13 31
3 30 36 16 9 25 48 37 8 32 41 39 6 20 22 45 45 27 10 32 23 15 39 16 28 42 37 23 33 40 8 21 12 34 26 0 43 14 10 22 21 13 17 7 12 35 7 7 17 15 5
43 15 10 30 46 39 15 14 45 24 15 20 45 23 38 7 8 44 36 38 22 35 20 33 23 13 25 20 21 11 39 24 45 33 39 43 0 37 48 31 26 35 35 45 34 36 42 37 26 33 44
17 24 31 7 11 11 37 27 11 32 30 26 12 14 29 36 36 36 18 39 15 2 26 22 28 38 38 17 32 36 6 19 26 39 33 14 37 0 24 8 22 20 24 21 17 41 9 8 11 20 13
7 33 39 25 19 35 54 43 18 31 47 47 16 26 16 51 51 19 12 26 29 24 47 16 28 44 36 29 33 42 18 24 4 30 20 10 48 24 0 31 22 13 15 3 14 29 17 16 23 15 15
24 21 28 8 19 8 29 19 19 33 22 18 20 12 33 29 28 40 23 41 12 7 18 26 29 35 39 14 33 33 14 20 32 40 37 22 31 8 31 0 23 25 28 28 22 42 17 15 12 24 21
19 12 17 16 28 31 37 26 27 11 30 31 27 12 13 30 31 20 11 18 14 20 31 7 7 22 17 12 12 20 21 4 19 17 16 21 26 22 22 23 0 9 9 20 9 19 24 19 11 7 26
11 20 26 17 22 31 44 33 21 19 37 37 19 16 9 38 39 16 3 19 19 19 37 3 15 31 24 18 20 29 16 11 10 21 13 13 35 20 13 25 9 0 4 11 3 22 18 14 13 2 18
15 21 26 20 26 35 45 34 25 16 38 39 23 18 5 39 40 12 7 15 21 23 39 2 13 29 21 20 18 27 20 12 11 17 9 17 35 24 15 28 9 4 0 14 7 18 22 18 16 4 22
4 30 36 22 16 32 51 40 15 30 44 44 13 23 17 48 48 20 9 27 26 21 44 14 26 42 35 26 31 40 15 21 5 30 21 7 45 21 3 28 20 11 14 0 11 30 14 13 20 13 12
10 19 25 14 20 28 41 30 19 20 34 34 18 13 12 37 38 19 2 22 16 16 34 5 16 31 26 16 21 29 13 10 12 23 16 12 34 17 14 22 9 3 7 11 0 24 16 11 10 3 17
32 27 26 35 44 50 50 42 43 12 45 48 41 31 13 42 43 13 25 3 33 39 48 19 16 24 11 31 15 25 37 23 25 3 9 35 36 41 29 42 19 22 18 30 24 0 40 35 30 21 40
10 29 36 13 4 19 45 34 3 35 38 35 3 19 27 43 43 34 15 37 21 10 35 21 31 43 41 22 36 41 3 23 19 39 31 7 42 9 17 17 24 18 22 14 16 40 0 5 16 19 4
9 24 31 10 9 19 42 31 8 30 35 33 8 14 23 39 39 30 11 33 17 8 33 16 26 38 36 17 31 36 2 18 18 34 27 7 37 8 16 15 19 14 18 13 11 35 5 0 11 14 7
17 13 20 5 20 20 31 20 19 21 24 24 19 3 21 28 28 28 12 29 6 9 24 14 17 27 27 6 21 25 13 8 22 28 25 17 26 11 23 12 11 13 16 20 10 30 16 11 0 12 18
13 18 24 16 23 31 42 31 22 17 35 35 21 14 9 36 37 16 5 19 17 19 35 2 13 29 23 16 18 27 16 9 12 20 13 15 33 20 15 24 7 2 4 13 3 21 19 14 12 0 20
8 31 38 17 4 22 49 38 3 37 42 39 1 21 27 46 46 32 15 37 24 14 39 21 33 45 42 24 38 43 7 25 17 39 31 5 44 13 15 21 26 18 22 12 17 40 4 7 18 20 0
0 355
169 311
75 217
52 194
211 353
103 245
152 294
137 279
159 301
15 157
113 255
191 333
204 346
174 316
92 234
31 173
32 174
170 312
168 310
142 284
199 341
137 279
200 342
43 185
163 305
35 177
99 241
58 200
115 257
161 303
29 171
193 335
37 179
103 245
49 191
86 228
192 334
103 245
109 251
81 223
168 310
170 312
44 186
203 345
207 349
168 310
28 170
115 257
35 177
199 341
197 339
0
57
57
30
59
19
69
34
42
70
60
48
19
43
50
55
56
25
52
49
73
73
49
44
63
43
30
21
44
51
49
45
62
46
54
71
54
78
54
40
51
61
42
48
57
53
64
12
16
80
78
