51
1625
0 14 5 45 42 4 14 41 33 14 35 38 28 35 5 17 25 34 12 14 47 29 39 35 25 36 31 18 41 8 36 23 26 5 20 47 17 16 14 46 17 15 36 30 6 10 27 31 15 28 25
14 0 13 33 30 11 16 37 30 16 30 35 14 21 9 7 11 22 8 16 33 17 33 32 16 22 28 8 38 7 22 10 23 10 13 33 17 19 2 32 9 18 33 16 13 6 26 24 8 21 13
5 13 0 40 37 7 9 36 28 9 30 33 26 32 5 12 22 34 12 9 43 24 34 30 25 34 26 18 36 8 34 23 21 4 20 44 12 11 11 41 17 10 31 26 1 10 22 26 15 28 20
45 33 40 0 3 42 36 23 27 36 22 24 22 15 40 28 22 32 41 36 13 16 19 27 40 22 25 36 25 40 20 30 26 40 41 15 33 39 32 2 39 38 25 17 40 39 30 21 39 47 20
42 30 37 3 0 39 33 22 24 33 20 22 20 14 37 25 20 31 38 33 15 13 17 25 38 21 23 34 24 37 19 28 23 37 39 17 30 36 29 5 37 35 23 15 37 36 27 18 37 45 17
4 11 7 42 39 0 15 42 34 15 36 39 25 32 2 14 22 30 8 15 44 26 40 36 21 32 32 14 42 4 33 19 27 3 16 44 18 18 11 43 13 17 37 27 8 6 28 31 11 24 22
14 16 9 36 33 15 0 27 19 0 21 24 26 30 13 11 21 38 20 0 41 20 25 21 32 34 17 24 27 16 34 26 12 12 28 42 3 3 14 37 25 2 22 24 8 18 13 17 23 36 17
41 37 36 23 22 42 27 0 9 27 7 3 35 32 40 30 31 48 45 27 36 21 5 7 51 40 10 44 2 42 38 41 15 39 50 38 24 29 35 25 46 29 5 29 35 43 16 13 45 58 25
33 30 28 27 24 34 19 9 0 19 5 6 32 31 32 23 27 45 38 19 39 18 9 2 46 38 2 38 9 34 37 37 7 31 43 41 16 20 28 29 39 21 4 26 27 36 7 8 38 51 21
14 16 9 36 33 15 0 27 19 0 21 24 26 30 13 11 21 38 20 0 41 20 25 21 32 34 17 24 27 16 34 26 12 12 28 42 3 3 14 37 25 2 22 24 8 18 13 17 23 36 17
35 30 30 22 20 36 21 7 5 21 0 5 30 28 34 23 25 43 38 21 34 16 4 5 45 36 4 38 8 35 34 35 9 33 43 36 18 23 28 24 39 23 3 24 29 36 10 6 38 51 19
38 35 33 24 22 39 24 3 6 24 5 0 35 32 37 28 30 48 43 24 37 21 5 4 50 40 7 43 3 39 38 40 12 36 48 39 21 26 33 26 44 26 2 29 32 41 13 11 43 56 24
28 14 26 22 20 25 26 35 32 26 30 35 0 7 23 15 5 14 21 26 19 14 30 34 18 8 30 14 37 21 8 8 26 24 19 19 25 29 15 20 17 28 33 6 26 20 30 24 18 25 11
35 21 32 15 14 32 30 32 31 30 28 32 7 0 30 20 10 18 28 30 12 13 27 33 25 8 29 21 34 28 6 15 27 30 26 12 28 33 21 13 24 32 31 6 31 27 31 23 25 32 13
5 9 5 40 37 2 13 40 32 13 34 37 23 30 0 12 20 29 7 13 42 24 38 34 20 31 30 13 40 3 31 18 25 1 15 42 16 16 9 41 12 15 35 25 6 5 26 29 10 23 20
17 7 12 28 25 14 11 30 23 11 23 28 15 20 12 0 10 27 15 11 31 12 26 25 23 23 21 15 31 12 23 15 16 12 20 32 11 14 5 29 16 13 26 14 12 13 19 17 15 28 8
25 11 22 22 20 22 21 31 27 21 25 30 5 10 20 10 0 19 19 21 22 10 26 29 20 13 25 14 33 18 13 10 21 20 20 22 20 24 11 21 17 23 28 5 21 17 25 19 17 27 6
34 22 34 32 31 30 38 48 45 38 43 48 14 18 29 27 19 0 23 38 23 27 43 47 13 10 43 16 50 26 12 12 40 30 18 22 38 41 24 30 19 40 46 19 35 24 44 37 20 19 25
12 8 12 41 38 8 20 45 38 20 38 43 21 28 7 15 19 23 0 20 39 25 41 40 13 26 36 7 46 4 28 13 31 8 8 39 23 23 10 40 5 22 41 24 13 2 33 32 3 16 21
14 16 9 36 33 15 0 27 19 0 21 24 26 30 13 11 21 38 20 0 41 20 25 21 32 34 17 24 27 16 34 26 12 12 28 42 3 3 14 37 25 2 22 24 8 18 13 17 23 36 17
47 33 43 13 15 44 41 36 39 41 34 37 19 12 42 31 22 23 39 41 0 23 32 39 33 13 37 32 38 40 11 26 36 42 36 2 39 44 33 11 35 43 37 17 43 39 40 31 36 40 24
29 17 24 16 13 26 20 21 18 20 16 21 14 13 24 12 10 27 25 20 23 0 16 20 30 20 16 23 23 24 19 20 14 24 29 24 17 23 16 17 25 22 19 8 24 23 18 10 25 37 4
39 33 34 19 17 40 25 5 9 25 4 5 30 27 38 26 26 43 41 25 32 16 0 8 46 35 8 39 7 38 33 36 13 37 45 34 22 27 31 21 41 27 6 24 33 39 14 9 41 53 20
35 32 30 27 25 36 21 7 2 21 5 4 34 33 34 25 29 47 40 21 39 20 8 0 48 40 4 40 7 36 39 39 9 33 45 41 18 22 30 29 41 23 2 28 29 38 9 10 40 53 23
25 16 25 40 38 21 32 51 46 32 45 50 18 25 20 23 20 13 13 32 33 30 46 48 0 20 44 8 53 17 22 10 39 21 5 33 33 35 18 38 8 34 48 24 26 15 42 39 10 7 26
36 22 34 22 21 32 34 40 38 34 36 40 8 8 31 23 13 10 26 34 13 20 35 40 20 0 36 19 42 28 2 13 34 32 23 13 33 37 23 20 22 36 39 12 34 26 38 30 23 27 19
31 28 26 25 23 32 17 10 2 17 4 7 30 29 30 21 25 43 36 17 37 16 8 4 44 36 0 36 10 32 35 35 5 29 41 39 14 19 26 27 37 19 5 24 25 34 6 6 36 49 19
18 8 18 36 34 14 24 44 38 24 38 43 14 21 13 15 14 16 7 24 32 23 39 40 8 19 36 0 46 10 21 6 31 14 6 32 25 27 10 34 3 26 41 19 19 8 34 32 4 14 19
41 38 36 25 24 42 27 2 9 27 8 3 37 34 40 31 33 50 46 27 38 23 7 7 53 42 10 46 0 42 40 43 15 39 51 40 24 29 36 27 47 29 5 31 35 44 16 14 46 59 27
8 7 8 40 37 4 16 42 34 16 35 39 21 28 3 12 18 26 4 16 40 24 38 36 17 28 32 10 42 0 29 15 27 4 12 40 19 19 8 39 9 18 37 23 9 2 29 29 7 20 20
36 22 34 20 19 33 34 38 37 34 34 38 8 6 31 23 13 12 28 34 11 19 33 39 22 2 35 21 40 29 0 15 33 32 25 11 33 37 23 18 24 36 37 11 34 28 37 29 25 29 18
23 10 23 30 28 19 26 41 37 26 35 40 8 15 18 15 10 12 13 26 26 20 36 39 10 13 35 6 43 15 15 0 30 19 11 26 26 29 12 28 9 28 38 14 23 13 34 29 10 17 16
26 23 21 26 23 27 12 15 7 12 9 12 26 27 25 16 21 40 31 12 36 14 13 9 39 34 5 31 15 27 33 30 0 24 36 38 9 14 21 28 32 14 10 22 20 29 4 5 31 44 15
5 10 4 40 37 3 12 39 31 12 33 36 24 30 1 12 20 30 8 12 42 24 37 33 21 32 29 14 39 4 32 19 24 0 16 42 15 15 9 41 13 14 34 25 5 6 25 28 11 24 20
20 13 20 41 39 16 28 50 43 28 43 48 19 26 15 20 20 18 8 28 36 29 45 45 5 23 41 6 51 12 25 11 36 16 0 36 30 31 15 39 4 30 46 24 21 10 39 37 5 8 25
47 33 44 15 17 44 42 38 41 42 36 39 19 12 42 32 22 22 39 42 2 24 34 41 33 13 39 32 40 40 11 26 38 42 36 0 40 45 33 13 35 44 39 18 43 39 42 33 36 40 25
17 17 12 33 30 18 3 24 16 3 18 21 25 28 16 11 20 38 23 3 39 17 22 18 33 33 14 25 24 19 33 26 9 15 30 40 0 6 15 34 26 5 19 22 11 21 10 14 25 38 15
16 19 11 39 36 18 3 29 20 3 23 26 29 33 16 14 24 41 23 3 44 23 27 22 35 37 19 27 29 19 37 29 14 15 31 45 6 0 17 40 28 1 24 27 10 21 13 19 26 39 20
14 2 11 32 29 11 14 35 28 14 28 33 15 21 9 5 11 24 10 14 33 16 31 30 18 23 26 10 36 8 23 12 21 9 15 33 15 17 0 32 11 16 31 16 11 8 24 22 10 23 12
46 32 41 2 5 43 37 25 29 37 24 26 20 13 41 29 21 30 40 37 11 17 21 29 38 20 27 34 27 39 18 28 28 41 39 13 34 40 32 0 37 39 27 16 41 38 32 23 38 45 21
17 9 17 39 37 13 25 46 39 25 39 44 17 24 12 16 17 19 5 25 35 25 41 41 8 22 37 3 47 9 24 9 32 13 4 35 26 28 11 37 0 27 42 22 18 7 35 33 2 12 21
15 18 10 38 35 17 2 29 21 2 23 26 28 32 15 13 23 40 22 2 43 22 27 23 34 36 19 26 29 18 36 28 14 14 30 44 5 1 16 39 27 0 24 26 9 20 14 19 25 38 19
36 33 31 25 23 37 22 5 4 22 3 2 33 31 35 26 28 46 41 22 37 19 6 2 48 39 5 41 5 37 37 38 10 34 46 39 19 24 31 27 42 24 0 27 30 39 11 9 41 54 22
30 16 26 17 15 27 24 29 26 24 24 29 6 6 25 14 5 19 24 24 17 8 24 28 24 12 24 19 31 23 11 14 22 25 24 18 22 27 16 16 22 26 27 0 26 22 26 18 22 31 7
6 13 1 40 37 8 8 35 27 8 29 32 26 31 6 12 21 35 13 8 43 24 33 29 26 34 25 19 35 9 34 23 20 5 21 43 11 10 11 41 18 9 30 26 0 11 21 25 16 29 20
10 6 10 39 36 6 18 43 36 18 36 41 20 27 5 13 17 24 2 18 39 23 39 38 15 26 34 8 44 2 28 13 29 6 10 39 21 21 8 38 7 20 39 22 11 0 31 30 5 18 19
27 26 22 30 27 28 13 16 7 13 10 13 30 31 26 19 25 44 33 13 40 18 14 9 42 38 6 34 16 29 37 34 4 25 39 42 10 13 24 32 35 14 11 26 21 31 0 9 34 47 19
31 24 26 21 18 31 17 13 8 17 6 11 24 23 29 17 19 37 32 17 31 10 9 10 39 30 6 32 14 29 29 29 5 28 37 33 14 19 22 23 33 19 9 18 25 30 9 0 32 45 13
15 8 15 39 37 11 23 45 38 23 38 43 18 25 10 15 17 20 3 23 36 25 41 40 10 23 36 4 46 7 25 10 31 11 5 36 25 26 10 38 2 25 41 22 16 5 34 32 0 13 21
28 21 28 47 45 24 36 58 51 36 51 56 25 32 23 28 27 19 16 36 40 37 53 53 7 27 49 14 59 20 29 17 44 24 8 40 38 39 23 45 12 38 54 31 29 18 47 45 13 0 33
25 13 20 20 17 22 17 25 21 17 19 24 11 13 20 8 6 25 21 17 24 4 20 23 26 19 19 19 27 20 18 16 15 20 25 25 15 20 12 21 21 19 22 7 20 19 19 13 21 33 0
0 600
35 275
119 359
280 520
58 298
176 416
147 387
198 438
32 272
156 396
112 352
229 469
41 281
81 321
310 550
317 557
331 571
120 360
320 560
275 515
178 418
165 405
168 408
111 351
91 331
257 497
169 409
116 356
168 408
113 353
77 317
243 483
301 541
201 441
299 539
192 432
24 264
90 330
152 392
346 586
332 572
228 468
233 473
339 579
174 414
115 355
240 480
38 278
88 328
219 459
305 545
0
48
39
61
55
59
64
78
47
24
42
55
76
43
36
31
29
63
29
66
29
65
16
63
28
45
57
57
60
52
38
52
50
71
75
66
68
31
38
50
60
48
67
26
34
27
56
53
39
61
73
