51
1625
0 22 17 19 5 27 32 24 14 12 33 9 22 22 15 28 17 13 26 18 18 11 15 21 18 28 11 26 22 33 27 6 37 31 17 29 30 14 23 16 10 19 19 24 2 8 22 11 22 30 24
22 0 39 38 17 17 46 17 25 27 17 31 44 2 9 22 25 29 4 21 34 11 24 8 39 18 33 26 14 17 5 23 24 27 39 26 42 30 8 6 32 37 19 6 20 27 26 24 17 43 12
17 39 0 14 22 41 28 38 24 18 50 8 10 39 32 40 28 16 43 30 18 28 26 38 12 42 8 36 37 50 44 17 51 42 0 40 29 20 40 33 7 13 34 41 19 13 32 21 38 27 40
19 38 14 0 22 46 42 43 31 25 51 13 8 37 29 47 17 25 42 37 29 29 15 39 2 47 10 43 40 51 43 23 55 49 14 47 42 8 41 33 13 27 24 38 19 20 39 28 28 41 42
5 17 22 22 0 24 35 21 15 15 29 14 27 17 10 26 16 16 21 17 21 7 14 17 22 25 16 25 18 29 22 9 33 30 22 28 33 16 19 11 15 24 17 19 3 13 22 13 19 33 20
27 17 41 46 24 0 35 3 18 24 10 34 48 19 23 6 38 26 17 11 28 17 37 9 45 1 37 12 6 10 16 24 10 11 41 10 31 40 9 16 35 33 34 23 27 28 14 20 34 32 5
32 46 28 42 35 35 0 32 21 20 45 30 38 48 44 30 49 19 48 25 14 35 47 39 40 36 33 24 34 45 47 26 43 29 28 27 5 44 41 40 30 15 51 52 34 24 21 23 54 3 37
24 17 38 43 21 3 32 0 15 21 13 31 45 19 21 5 36 23 17 8 25 14 34 9 42 4 34 10 3 13 16 21 13 10 38 9 28 37 9 14 32 30 32 23 24 25 11 17 32 29 5
14 25 24 31 15 18 21 15 0 6 28 18 32 27 23 17 31 8 28 7 11 14 29 20 29 19 21 12 15 28 28 9 28 18 24 16 18 28 22 19 19 16 32 31 16 11 8 3 34 18 18
12 27 18 25 15 24 20 21 6 0 34 12 26 29 25 23 29 2 31 13 7 16 27 24 23 25 15 18 21 34 32 6 34 24 18 22 18 25 26 21 13 10 31 33 14 5 14 4 34 18 24
33 17 50 51 29 10 45 13 28 34 0 42 55 19 26 15 41 36 15 21 38 22 41 12 51 9 44 21 13 0 13 33 7 20 50 19 40 45 11 19 43 43 36 22 32 37 24 30 34 42 10
9 31 8 13 14 34 30 31 18 12 42 0 14 31 24 34 22 12 35 24 16 20 20 30 11 35 3 30 30 42 36 10 44 36 8 34 29 14 32 25 1 15 27 33 11 7 26 15 31 28 33
22 44 10 8 27 48 38 45 32 26 55 14 0 44 36 48 25 25 48 38 28 33 23 43 6 49 11 44 44 55 49 24 58 50 10 48 39 16 45 38 13 23 32 45 24 21 40 29 36 37 46
22 2 39 37 17 19 48 19 27 29 19 31 44 0 8 24 23 31 5 23 36 13 23 10 38 20 33 28 16 19 7 25 26 29 39 28 44 29 10 8 32 39 17 4 20 29 28 26 15 45 14
15 9 32 29 10 23 44 21 23 25 26 24 36 8 0 26 16 26 13 21 31 9 15 14 30 24 26 29 18 26 14 19 31 31 32 30 41 21 15 7 25 34 11 9 13 23 26 22 11 41 18
28 22 40 47 26 6 30 5 17 23 15 34 48 24 26 0 41 25 22 10 26 19 39 14 45 6 37 6 8 15 21 24 13 5 40 4 25 42 14 19 35 31 37 28 29 27 9 19 37 27 10
17 25 28 17 16 38 49 36 31 29 41 22 25 23 16 41 0 30 28 33 35 22 2 29 19 39 20 41 33 41 30 23 46 46 28 44 47 9 31 22 22 36 7 22 15 25 38 28 11 47 33
13 29 16 25 16 26 19 23 8 2 36 12 25 31 26 25 30 0 33 15 5 18 28 26 23 27 15 20 23 36 34 7 36 26 16 24 18 25 28 23 13 8 32 35 15 5 16 6 35 17 26
26 4 43 42 21 17 48 17 28 31 15 35 48 5 13 22 28 33 0 23 38 15 28 9 43 18 37 27 15 15 2 27 22 27 43 26 44 34 8 10 36 41 22 7 24 31 28 28 19 45 12
18 21 30 37 17 11 25 8 7 13 21 24 38 23 21 10 33 15 23 0 17 12 31 14 35 12 27 8 9 21 22 14 21 13 30 11 21 32 16 15 25 22 32 27 19 17 5 9 32 22 12
18 34 18 29 21 28 14 25 11 7 38 16 28 36 31 26 35 5 38 17 0 23 33 30 27 29 19 21 26 38 38 12 38 27 18 25 13 30 32 28 17 5 37 40 20 10 17 10 40 12 29
11 11 28 29 7 17 35 14 14 16 22 20 33 13 9 19 22 18 15 12 23 0 20 10 29 18 22 20 11 22 16 12 26 24 28 22 32 23 12 5 21 26 20 17 10 16 17 13 20 32 13
15 24 26 15 14 37 47 34 29 27 41 20 23 23 15 39 2 28 28 31 33 20 0 29 17 38 18 39 31 41 29 21 46 44 26 42 45 7 30 22 20 34 9 23 13 23 36 26 13 45 33
21 8 38 39 17 9 39 9 20 24 12 30 43 10 14 14 29 26 9 14 30 10 29 0 39 10 32 18 6 12 8 22 17 19 38 18 35 33 2 7 31 34 25 14 20 26 19 20 25 36 4
18 39 12 2 22 45 40 42 29 23 51 11 6 38 30 45 19 23 43 35 27 29 17 39 0 46 8 41 40 51 44 21 55 47 12 45 40 10 41 33 11 25 26 39 19 18 37 26 30 39 42
28 18 42 47 25 1 36 4 19 25 9 35 49 20 24 6 39 27 18 12 29 18 38 10 46 0 38 12 7 9 17 25 9 11 42 10 31 41 10 17 36 34 35 24 28 29 15 21 35 33 6
11 33 8 10 16 37 33 34 21 15 44 3 11 33 26 37 20 15 37 27 19 22 18 32 8 38 0 33 33 44 38 13 47 39 8 37 32 12 34 27 3 18 26 35 13 10 29 18 30 31 35
26 26 36 43 25 12 24 10 12 18 21 30 44 28 29 6 41 20 27 8 21 20 39 18 41 12 33 0 12 21 26 21 19 6 36 4 19 40 19 22 31 26 40 32 27 23 4 15 40 21 15
22 14 37 40 18 6 34 3 15 21 13 30 44 16 18 8 33 23 15 9 26 11 31 6 40 7 33 12 0 13 14 20 16 13 37 12 30 34 7 11 31 31 29 20 21 24 13 17 29 31 3
33 17 50 51 29 10 45 13 28 34 0 42 55 19 26 15 41 36 15 21 38 22 41 12 51 9 44 21 13 0 13 33 7 20 50 19 40 45 11 19 43 43 36 22 32 37 24 30 34 42 10
27 5 44 43 22 16 47 16 28 32 13 36 49 7 14 21 30 34 2 22 38 16 29 8 44 17 38 26 14 13 0 28 20 26 44 25 43 35 7 11 37 42 24 9 25 32 27 28 21 44 11
6 23 17 23 9 24 26 21 9 6 33 10 24 25 19 24 23 7 27 14 12 12 21 22 21 25 13 21 20 33 28 0 34 27 17 25 24 20 24 17 11 15 25 28 8 4 17 6 28 24 23
37 24 51 55 33 10 43 13 28 34 7 44 58 26 31 13 46 36 22 21 38 26 46 17 55 9 47 19 16 7 20 34 0 15 51 16 38 49 16 24 45 43 42 29 36 38 22 30 41 40 13
31 27 42 49 30 11 29 10 18 24 20 36 50 29 31 5 46 26 27 13 27 24 44 19 47 11 39 6 13 20 26 27 15 0 42 2 24 45 19 24 37 32 42 33 32 29 10 21 42 26 15
17 39 0 14 22 41 28 38 24 18 50 8 10 39 32 40 28 16 43 30 18 28 26 38 12 42 8 36 37 50 44 17 51 42 0 40 29 20 40 33 7 13 34 41 19 13 32 21 38 27 40
29 26 40 47 28 10 27 9 16 22 19 34 48 28 30 4 44 24 26 11 25 22 42 18 45 10 37 4 12 19 25 25 16 2 40 0 22 43 18 23 35 30 41 32 30 27 8 19 41 24 14
30 42 29 42 33 31 5 28 18 18 40 29 39 44 41 25 47 18 44 21 13 32 45 35 40 31 32 19 30 40 43 24 38 24 29 22 0 43 37 36 30 16 49 48 32 23 17 20 52 2 33
14 30 20 8 16 40 44 37 28 25 45 14 16 29 21 42 9 25 34 32 30 23 7 33 10 41 12 40 34 45 35 20 49 45 20 43 43 0 35 26 15 29 16 30 13 20 36 25 20 42 36
23 8 40 41 19 9 41 9 22 26 11 32 45 10 15 14 31 28 8 16 32 12 30 2 41 10 34 19 7 11 7 24 16 19 40 18 37 35 0 9 33 36 26 14 22 28 20 22 25 38 4
16 6 33 33 11 16 40 14 19 21 19 25 38 8 7 19 22 23 10 15 28 5 22 7 33 17 27 22 11 19 11 17 24 24 33 23 36 26 9 0 26 31 18 12 14 21 20 18 18 37 11
10 32 7 13 15 35 30 32 19 13 43 1 13 32 25 35 22 13 36 25 17 21 20 31 11 36 3 31 31 43 37 11 45 37 7 35 30 15 33 26 0 15 28 34 12 8 27 16 32 29 34
19 37 13 27 24 33 15 30 16 10 43 15 23 39 34 31 36 8 41 22 5 26 34 34 25 34 18 26 31 43 42 15 43 32 13 30 16 29 36 31 15 0 38 43 21 11 22 14 41 14 34
19 19 34 24 17 34 51 32 32 31 36 27 32 17 11 37 7 32 22 32 37 20 9 25 26 35 26 40 29 36 24 25 42 42 34 41 49 16 26 18 28 38 0 15 17 27 37 30 4 49 29
24 6 41 38 19 23 52 23 31 33 22 33 45 4 9 28 22 35 7 27 40 17 23 14 39 24 35 32 20 22 9 28 29 33 41 32 48 30 14 12 34 43 15 0 22 32 32 30 12 49 18
2 20 19 19 3 27 34 24 16 14 32 11 24 20 13 29 15 15 24 19 20 10 13 20 19 28 13 27 21 32 25 8 36 32 19 30 32 13 22 14 12 21 17 22 0 10 24 13 20 32 23
8 27 13 20 13 28 24 25 11 5 37 7 21 29 23 27 25 5 31 17 10 16 23 26 18 29 10 23 24 37 32 4 38 29 13 27 23 20 28 21 8 11 27 32 10 0 19 8 30 22 27
22 26 32 39 22 14 21 11 8 14 24 26 40 28 26 9 38 16 28 5 17 17 36 19 37 15 29 4 13 24 27 17 22 10 32 8 17 36 20 20 27 22 37 32 24 19 0 11 37 18 16
11 24 21 28 13 20 23 17 3 4 30 15 29 26 22 19 28 6 28 9 10 13 26 20 26 21 18 15 17 30 28 6 30 21 21 19 20 25 22 18 16 14 30 30 13 8 11 0 32 20 20
22 17 38 28 19 34 54 32 34 34 34 31 36 15 11 37 11 35 19 32 40 20 13 25 30 35 30 40 29 34 21 28 41 42 38 41 52 20 25 18 32 41 4 12 20 30 37 32 0 52 29
30 43 27 41 33 32 3 29 18 18 42 28 37 45 41 27 47 17 45 22 12 32 45 36 39 33 31 21 31 42 44 24 40 26 27 24 2 42 38 37 29 14 49 49 32 22 18 20 52 0 34
24 12 40 42 20 5 37 5 18 24 10 33 46 14 18 10 33 26 12 12 29 13 33 4 42 6 35 15 3 10 11 23 13 15 40 14 33 36 4 11 34 34 29 18 23 27 16 20 29 34 0
0 682
1 342
103 444
338 679
209 550
18 359
339 680
333 674
66 407
199 540
333 674
39 380
164 505
64 405
101 442
5 346
298 639
120 461
49 390
268 609
164 505
217 558
240 581
198 539
139 480
258 599
322 663
129 470
135 476
194 535
149 490
141 482
275 616
225 566
29 370
141 482
280 621
134 475
277 618
293 634
334 675
42 383
338 679
85 426
197 538
157 498
145 486
246 587
145 486
86 427
178 519
0
28
34
62
59
50
33
45
83
75
48
62
67
78
58
48
67
42
34
65
16
32
28
67
28
32
48
65
34
21
48
40
80
68
45
32
48
39
71
45
43
94
11
58
33
30
50
82
74
50
50
