51
1624
0 22 33 47 38 8 8 33 24 42 23 14 57 51 29 3 42 34 31 12 43 46 33 36 51 29 32 31 21 21 45 14 28 26 34 38 40 46 55 41 15 32 45 24 19 21 47 21 35 44 8
22 0 11 25 19 15 14 14 21 21 27 8 37 31 21 19 33 12 9 13 25 24 11 14 31 9 11 34 12 4 25 8 6 16 12 17 22 24 35 21 26 26 24 27 7 7 28 11 17 22 14
33 11 0 15 16 26 25 11 26 14 34 19 28 21 24 30 30 2 2 23 20 13 5 4 24 8 8 41 21 13 18 19 6 19 1 12 18 13 25 14 35 29 18 34 16 17 21 20 16 13 25
47 25 15 0 27 40 39 19 36 17 44 33 18 11 32 44 31 13 16 36 18 10 19 11 17 19 22 49 35 27 15 33 20 29 14 22 19 3 14 13 47 35 22 44 29 31 18 34 28 15 39
38 19 16 27 0 30 30 27 40 10 46 24 44 37 38 35 46 18 17 31 36 17 11 20 40 23 9 53 17 23 34 24 15 33 17 5 34 24 41 30 45 43 7 46 26 17 37 17 3 12 30
8 15 26 40 30 0 3 28 22 35 25 7 51 45 26 5 39 27 24 7 38 39 26 29 45 23 25 33 13 15 39 7 21 22 27 30 35 39 49 35 19 30 37 26 14 13 42 13 27 37 3
8 14 25 39 30 3 0 25 19 34 22 6 49 43 23 5 36 26 23 4 35 38 25 28 43 21 24 30 15 13 37 6 20 19 26 30 32 38 47 33 16 27 37 23 11 13 39 14 27 36 0
33 14 11 19 27 28 25 0 17 24 25 21 24 18 14 30 19 9 10 21 11 22 16 9 18 5 19 31 26 13 12 21 13 10 10 23 8 19 22 8 29 18 29 25 14 21 15 25 27 23 25
24 21 26 36 40 22 19 17 0 40 8 21 36 32 5 22 18 25 24 15 22 38 30 26 30 18 31 15 31 17 24 21 25 7 26 37 19 36 34 24 13 8 44 8 14 27 26 30 38 39 19
42 21 14 17 10 35 34 24 40 0 47 28 35 28 38 39 42 15 16 34 32 7 10 16 34 22 10 54 25 24 30 28 15 33 14 6 30 14 31 26 46 42 5 47 27 22 33 24 12 2 34
23 27 34 44 46 25 22 25 8 47 0 25 44 40 13 23 23 33 32 18 30 46 37 34 38 26 38 8 35 23 32 25 32 15 34 44 27 44 42 32 9 12 51 1 20 32 34 34 44 47 22
14 8 19 33 24 7 6 21 21 28 25 0 44 38 23 11 36 20 17 7 32 32 19 22 38 16 18 33 10 8 32 0 14 18 20 24 29 32 42 28 21 28 31 26 8 7 35 9 21 30 6
57 37 28 18 44 51 49 24 36 35 44 44 0 7 31 54 23 26 29 45 15 28 33 24 7 28 36 46 48 36 12 44 33 31 27 39 17 21 4 16 49 33 40 43 38 44 11 47 44 33 49
51 31 21 11 37 45 43 18 32 28 40 38 7 0 27 48 23 19 22 39 11 21 26 17 6 22 29 44 41 30 8 38 26 27 20 32 13 14 4 10 45 30 33 39 32 37 9 40 37 26 43
29 21 24 32 38 26 23 14 5 38 13 23 31 27 0 27 13 23 22 19 17 36 28 23 25 16 29 17 33 17 19 23 23 5 24 35 14 33 29 19 18 5 42 12 15 28 21 32 37 37 23
3 19 30 44 35 5 5 30 22 39 23 11 54 48 27 0 40 31 28 9 40 43 30 33 48 26 29 31 18 18 42 11 25 24 31 35 37 43 52 38 15 30 42 24 16 18 44 18 32 41 5
42 33 30 31 46 39 36 19 18 42 23 36 23 23 13 40 0 28 29 32 13 38 35 26 17 24 38 23 45 29 16 36 32 18 29 42 12 33 23 18 31 11 47 22 28 40 14 44 46 41 36
34 12 2 13 18 27 26 9 25 15 33 20 26 19 23 31 28 0 3 24 18 13 7 2 22 7 10 40 22 14 16 20 7 18 1 14 16 12 23 12 35 27 20 33 17 18 19 21 18 14 26
31 9 2 16 17 24 23 10 24 16 32 17 29 22 22 28 29 3 0 21 20 15 6 5 25 6 9 39 19 11 19 17 4 17 3 13 18 15 26 15 33 27 20 32 14 15 22 18 17 15 23
12 13 23 36 31 7 4 21 15 34 18 7 45 39 19 9 32 24 21 0 31 36 24 25 39 17 24 26 17 10 33 7 19 15 24 30 28 35 43 29 14 23 37 19 7 14 35 16 28 35 4
43 25 20 18 36 38 35 11 22 32 30 32 15 11 17 40 13 18 20 31 0 26 25 16 8 16 28 33 37 24 3 32 24 17 19 32 3 20 13 6 35 19 37 29 24 32 4 36 36 30 35
46 24 13 10 17 39 38 22 38 7 46 32 28 21 36 43 38 13 15 36 26 0 13 13 27 20 15 53 30 26 24 32 18 31 12 13 26 7 24 20 48 40 12 46 29 27 27 29 19 5 38
33 11 5 19 11 26 25 16 30 10 37 19 33 26 28 30 35 7 6 24 25 13 0 9 29 12 3 44 18 14 23 19 5 23 6 7 23 16 30 19 36 33 14 37 17 14 26 17 11 11 25
36 14 4 11 20 29 28 9 26 16 34 22 24 17 23 33 26 2 5 25 16 13 9 0 20 8 12 40 24 16 14 22 9 19 3 16 14 10 21 10 36 27 21 34 18 20 17 23 20 15 28
51 31 24 17 40 45 43 18 30 34 38 38 7 6 25 48 17 22 25 39 8 27 29 20 0 22 32 40 43 30 6 38 29 25 23 36 11 20 6 10 43 26 39 37 32 38 4 42 40 32 43
29 9 8 19 23 23 21 5 18 22 26 16 28 22 16 26 24 7 6 17 16 20 12 8 22 0 14 33 21 8 16 16 8 11 8 19 13 18 26 12 28 21 26 26 10 16 19 20 22 21 21
32 11 8 22 9 25 24 19 31 10 38 18 36 29 29 29 38 10 9 24 28 15 3 12 32 14 0 45 15 15 26 18 6 24 9 6 26 19 33 22 37 34 13 38 18 12 29 14 8 12 24
31 34 41 49 53 33 30 31 15 54 8 33 46 44 17 31 23 40 39 26 33 53 44 40 40 33 45 0 43 30 36 33 39 22 41 51 31 50 46 36 16 14 58 7 27 40 36 42 51 54 30
21 12 21 35 17 13 15 26 31 25 35 10 48 41 33 18 45 22 19 17 37 30 18 24 43 21 15 43 0 16 37 10 15 28 22 19 34 34 45 33 31 38 24 36 18 5 40 1 14 27 15
21 4 13 27 23 15 13 13 17 24 23 8 36 30 17 18 29 14 11 10 24 26 14 16 30 8 15 30 16 0 24 8 9 12 14 21 21 26 34 20 22 22 28 23 3 11 27 15 21 25 13
45 25 18 15 34 39 37 12 24 30 32 32 12 8 19 42 16 16 19 33 3 24 23 14 6 16 26 36 37 24 0 32 23 19 17 30 5 18 10 4 37 22 35 31 26 32 3 36 34 28 37
14 8 19 33 24 7 6 21 21 28 25 0 44 38 23 11 36 20 17 7 32 32 19 22 38 16 18 33 10 8 32 0 14 18 20 24 29 32 42 28 21 28 31 26 8 7 35 9 21 30 6
28 6 6 20 15 21 20 13 25 15 32 14 33 26 23 25 32 7 4 19 24 18 5 9 29 8 6 39 15 9 23 14 0 18 7 12 21 19 30 19 31 28 19 32 12 11 26 14 14 16 20
26 16 19 29 33 22 19 10 7 33 15 18 31 27 5 24 18 18 17 15 17 31 23 19 25 11 24 22 28 12 19 18 18 0 19 30 14 29 29 17 19 10 37 15 10 23 21 27 32 32 19
34 12 1 14 17 27 26 10 26 14 34 20 27 20 24 31 29 1 3 24 19 12 6 3 23 8 9 41 22 14 17 20 7 19 0 13 17 12 24 13 36 28 19 34 17 18 20 21 17 13 26
38 17 12 22 5 30 30 23 37 6 44 24 39 32 35 35 42 14 13 30 32 13 7 16 36 19 6 51 19 21 30 24 12 30 13 0 30 19 36 26 43 40 7 44 24 17 33 18 6 8 30
40 22 18 19 34 35 32 8 19 30 27 29 17 13 14 37 12 16 18 28 3 26 23 14 11 13 26 31 34 21 5 29 21 14 17 30 0 21 15 6 32 17 35 26 21 29 7 33 34 29 32
46 24 13 3 24 39 38 19 36 14 44 32 21 14 33 43 33 12 15 35 20 7 16 10 20 18 19 50 34 26 18 32 19 29 12 19 21 0 17 15 46 37 19 44 28 30 21 33 25 12 38
55 35 25 14 41 49 47 22 34 31 42 42 4 4 29 52 23 23 26 43 13 24 30 21 6 26 33 46 45 34 10 42 30 29 24 36 15 17 0 14 47 32 36 41 36 41 10 44 41 29 47
41 21 14 13 30 35 33 8 24 26 32 28 16 10 19 38 18 12 15 29 6 20 19 10 10 12 22 36 33 20 4 28 19 17 13 26 6 15 14 0 36 22 31 31 22 28 7 32 30 24 33
15 26 35 47 45 19 16 29 13 46 9 21 49 45 18 15 31 35 33 14 35 48 36 36 43 28 37 16 31 22 37 21 31 19 36 43 32 46 47 36 0 20 50 10 19 28 39 30 42 47 16
32 26 29 35 43 30 27 18 8 42 12 28 33 30 5 30 11 27 27 23 19 40 33 27 26 21 34 14 38 22 22 28 28 10 28 40 17 37 32 22 20 0 47 11 20 33 22 37 42 41 27
45 24 18 22 7 37 37 29 44 5 51 31 40 33 42 42 47 20 20 37 37 12 14 21 39 26 13 58 24 28 35 31 19 37 19 7 35 19 36 31 50 47 0 51 31 24 38 24 10 7 37
24 27 34 44 46 26 23 25 8 47 1 26 43 39 12 24 22 33 32 19 29 46 37 34 37 26 38 7 36 23 31 26 32 15 34 44 26 44 41 31 10 11 51 0 20 33 33 35 44 47 23
19 7 16 29 26 14 11 14 14 27 20 8 38 32 15 16 28 17 14 7 24 29 17 18 32 10 18 27 18 3 26 8 12 10 17 24 21 28 36 22 19 20 31 20 0 13 28 17 24 28 11
21 7 17 31 17 13 13 21 27 22 32 7 44 37 28 18 40 18 15 14 32 27 14 20 38 16 12 40 5 11 32 7 11 23 18 17 29 30 41 28 28 33 24 33 13 0 35 4 14 24 13
47 28 21 18 37 42 39 15 26 33 34 35 11 9 21 44 14 19 22 35 4 27 26 17 4 19 29 36 40 27 3 35 26 21 20 33 7 21 10 7 39 22 38 33 28 35 0 39 37 31 39
21 11 20 34 17 13 14 25 30 24 34 9 47 40 32 18 44 21 18 16 36 29 17 23 42 20 14 42 1 15 36 9 14 27 21 18 33 33 44 32 30 37 24 35 17 4 39 0 14 26 14
35 17 16 28 3 27 27 27 38 12 44 21 44 37 37 32 46 18 17 28 36 19 11 20 40 22 8 51 14 21 34 21 14 32 17 6 34 25 41 30 42 42 10 44 24 14 37 14 0 14 27
44 22 13 15 12 37 36 23 39 2 47 30 33 26 37 41 41 14 15 35 30 5 11 15 32 21 12 54 27 25 28 30 16 32 13 8 29 12 29 24 47 41 7 47 28 24 31 26 14 0 36
8 14 25 39 30 3 0 25 19 34 22 6 49 43 23 5 36 26 23 4 35 38 25 28 43 21 24 30 15 13 37 6 20 19 26 30 32 38 47 33 16 27 37 23 11 13 39 14 27 36 0
0 437
0 218
29 247
85 303
147 365
117 335
76 294
13 231
39 257
97 315
186 404
6 224
138 356
103 321
152 370
51 269
130 348
211 429
108 326
29 247
197 415
182 400
153 371
7 225
16 234
88 306
153 371
28 246
197 415
30 248
81 299
160 378
45 263
211 429
35 253
66 284
145 363
126 344
197 415
94 312
138 356
75 293
15 233
49 267
111 329
212 430
9 227
182 400
57 275
133 351
98 316
0
35
30
60
59
66
57
31
81
79
26
75
61
43
74
56
53
50
78
25
48
36
16
34
23
56
63
63
30
43
43
39
63
78
17
13
66
43
41
64
54
40
50
74
53
76
29
51
51
53
48
