51
1625
0 14 27 10 7 21 30 20 21 34 30 33 32 9 20 4 39 17 20 22 28 11 8 28 25 24 22 18 11 19 11 11 15 35 32 18 22 32 19 41 32 3 36 37 21 16 11 18 31 13 28
14 0 38 15 17 11 20 24 35 38 38 37 35 23 8 10 49 31 34 25 19 3 7 16 28 14 32 32 25 33 25 25 25 44 26 32 20 41 17 41 31 11 40 35 16 2 9 32 42 27 14
27 38 0 23 32 38 40 18 11 17 11 21 23 19 40 30 13 16 13 20 38 35 31 47 22 37 7 15 18 17 20 22 13 11 38 25 28 11 28 33 28 29 20 32 31 40 29 22 4 17 51
10 15 23 0 17 16 22 10 23 24 24 23 22 13 17 10 34 21 23 12 20 12 8 25 15 18 17 22 15 23 16 18 10 30 23 25 13 27 10 31 22 9 26 27 13 17 6 24 27 17 28
7 17 32 17 0 25 34 27 24 41 37 40 39 13 24 7 45 20 23 29 33 14 12 32 32 28 29 21 15 21 13 12 22 42 38 16 28 39 25 48 39 8 43 43 26 17 16 17 36 16 29
21 11 38 16 25 0 9 20 39 32 34 29 27 29 5 18 45 37 39 19 8 13 13 10 20 3 31 38 31 39 32 32 26 40 15 39 12 37 10 32 23 18 33 26 7 13 11 39 42 33 17
30 20 40 22 34 9 0 22 43 32 35 28 25 35 14 27 46 43 44 20 2 22 22 13 20 6 33 44 37 45 38 40 29 41 7 47 12 38 12 25 18 27 31 19 9 22 19 46 44 39 24
20 24 18 10 27 20 22 0 23 14 14 13 12 19 24 20 25 25 25 2 20 22 18 29 5 19 11 25 20 27 22 24 9 20 20 31 10 17 10 21 12 19 16 17 13 26 15 30 22 22 36
21 35 11 23 24 39 43 23 0 28 22 30 32 12 39 25 23 5 2 25 41 32 28 47 28 40 15 4 10 6 11 13 14 22 43 14 32 22 31 42 35 24 31 40 34 37 28 11 14 8 49
34 38 17 24 41 32 32 14 28 0 6 4 7 30 37 34 16 32 30 14 30 36 32 41 12 31 13 32 30 34 32 34 19 11 26 41 20 8 23 16 14 33 3 16 25 40 29 39 18 31 49
30 38 11 24 37 34 35 14 22 6 0 10 13 25 38 33 11 27 24 15 33 36 32 43 15 33 8 26 25 28 27 29 15 6 31 36 23 3 24 22 19 32 9 22 27 40 29 33 12 26 50
33 37 21 23 40 29 28 13 30 4 10 0 3 31 34 33 20 34 32 12 27 35 31 38 9 28 15 34 31 36 33 35 20 15 22 42 17 12 20 12 10 32 4 12 22 39 28 41 22 33 46
32 35 23 22 39 27 25 12 32 7 13 3 0 31 32 32 23 36 34 10 24 34 30 36 7 26 17 36 31 38 33 35 20 18 19 42 15 15 18 10 7 31 6 9 20 37 26 41 25 33 44
9 23 19 13 13 29 35 19 12 30 25 31 31 0 29 13 32 8 11 21 33 20 17 37 24 31 17 9 2 10 3 5 11 29 36 12 26 27 23 40 31 12 33 36 26 25 18 11 23 4 37
20 8 40 17 24 5 14 24 39 37 38 34 32 29 0 17 49 37 40 24 13 10 13 8 25 8 34 38 31 39 31 31 27 44 20 38 17 41 15 37 28 17 38 31 12 8 11 38 44 33 12
4 10 30 10 7 18 27 20 25 34 33 33 32 13 17 0 42 21 24 22 26 7 5 25 25 21 25 22 15 23 15 15 18 38 31 22 21 35 18 41 32 1 36 36 19 12 9 22 34 17 24
39 49 13 34 45 45 46 25 23 16 11 20 23 32 49 42 0 28 25 26 44 46 42 54 26 44 17 27 31 29 33 35 24 5 42 37 34 8 35 31 30 41 18 32 38 51 40 34 9 30 61
17 31 16 21 20 37 43 25 5 32 27 34 36 8 37 21 28 0 3 27 41 28 25 45 30 39 19 1 6 2 7 8 16 27 44 10 33 27 31 46 37 20 35 42 34 33 26 7 19 4 45
20 34 13 23 23 39 44 25 2 30 24 32 34 11 40 24 25 3 0 27 42 31 28 48 30 41 17 2 9 4 10 11 16 24 45 12 34 24 32 44 37 23 33 42 35 36 29 9 16 7 48
22 25 20 12 29 19 20 2 25 14 15 12 10 21 24 22 26 27 27 0 18 24 20 28 3 18 13 27 22 29 24 26 11 21 18 33 8 18 9 19 10 21 16 15 12 27 16 32 24 24 36
28 19 38 20 33 8 2 20 41 30 33 27 24 33 13 26 44 41 42 18 0 21 21 14 18 5 31 42 35 43 36 38 27 39 7 45 10 36 10 25 17 25 30 19 7 21 17 44 42 37 24
11 3 35 12 14 13 22 22 32 36 36 35 34 20 10 7 46 28 31 24 21 0 4 18 27 16 29 29 22 30 22 22 22 42 28 29 20 39 17 41 31 8 38 35 17 5 8 29 39 24 17
8 7 31 8 12 13 22 18 28 32 32 31 30 17 13 5 42 25 28 20 21 4 0 21 23 16 25 26 19 27 19 19 18 38 26 26 16 35 13 37 27 5 34 31 14 9 4 26 35 21 21
28 16 47 25 32 10 13 29 47 41 43 38 36 37 8 25 54 45 48 28 14 18 21 0 29 10 40 46 39 47 39 39 35 49 20 46 21 46 19 38 31 25 42 32 16 16 19 46 51 41 11
25 28 22 15 32 20 20 5 28 12 15 9 7 24 25 25 26 30 30 3 18 27 23 29 0 19 15 30 25 32 27 29 14 21 16 36 8 18 11 16 7 24 13 12 13 30 19 35 26 27 37
24 14 37 18 28 3 6 19 40 31 33 28 26 31 8 21 44 39 41 18 5 16 16 10 19 0 30 40 33 41 34 35 26 39 12 42 11 36 9 30 21 21 32 24 6 16 14 42 41 35 19
22 32 7 17 29 31 33 11 15 13 8 15 17 17 34 25 17 19 17 13 31 29 25 40 15 30 0 19 17 21 19 21 7 13 31 28 21 10 21 27 21 24 16 26 24 34 23 26 11 18 45
18 32 15 22 21 38 44 25 4 32 26 34 36 9 38 22 27 1 2 27 42 29 26 46 30 40 19 0 7 2 8 9 16 26 45 10 34 26 32 46 37 21 35 42 35 34 27 7 18 5 46
11 25 18 15 15 31 37 20 10 30 25 31 31 2 31 15 31 6 9 22 35 22 19 39 25 33 17 7 0 8 2 4 11 29 38 11 27 27 25 41 32 14 33 37 28 27 20 10 22 2 39
19 33 17 23 21 39 45 27 6 34 28 36 38 10 39 23 29 2 4 29 43 30 27 47 32 41 21 2 8 0 9 9 18 28 46 8 35 28 33 48 39 22 37 44 36 35 28 5 20 6 47
11 25 20 16 13 32 38 22 11 32 27 33 33 3 31 15 33 7 10 24 36 22 19 39 27 34 19 8 2 9 0 2 13 31 39 9 29 29 26 43 34 14 35 39 29 27 21 8 24 3 39
11 25 22 18 12 32 40 24 13 34 29 35 35 5 31 15 35 8 11 26 38 22 19 39 29 35 21 9 4 9 2 0 15 33 41 7 30 31 28 45 36 14 37 41 31 27 21 7 26 5 39
15 25 13 10 22 26 29 9 14 19 15 20 20 11 27 18 24 16 16 11 27 22 18 35 14 26 7 16 11 18 13 15 0 20 29 22 18 17 17 30 21 17 22 26 20 27 16 21 17 13 38
35 44 11 30 42 40 41 20 22 11 6 15 18 29 44 38 5 27 24 21 39 42 38 49 21 39 13 26 29 28 31 33 20 0 37 36 29 3 30 26 25 37 13 27 33 46 35 33 10 28 56
32 26 38 23 38 15 7 20 43 26 31 22 19 36 20 31 42 44 45 18 7 28 26 20 16 12 31 45 38 46 39 41 29 37 0 48 11 34 13 18 12 30 25 12 12 28 22 47 42 40 31
18 32 25 25 16 39 47 31 14 41 36 42 42 12 38 22 37 10 12 33 45 29 26 46 36 42 28 10 11 8 9 7 22 36 48 0 37 36 35 52 43 21 44 48 38 33 28 3 28 10 45
22 20 28 13 28 12 12 10 32 20 23 17 15 26 17 21 34 33 34 8 10 20 16 21 8 11 21 34 27 35 29 30 18 29 11 37 0 26 3 21 11 20 21 15 5 22 12 37 32 29 29
32 41 11 27 39 37 38 17 22 8 3 12 15 27 41 35 8 27 24 18 36 39 35 46 18 36 10 26 27 28 29 31 17 3 34 36 26 0 27 24 22 34 11 24 30 43 32 33 10 27 53
19 17 28 10 25 10 12 10 31 23 24 20 18 23 15 18 35 31 32 9 10 17 13 19 11 9 21 32 25 33 26 28 17 30 13 35 3 27 0 24 14 17 24 18 3 19 9 34 32 27 27
41 41 33 31 48 32 25 21 42 16 22 12 10 40 37 41 31 46 44 19 25 41 37 38 16 30 27 46 41 48 43 45 30 26 18 52 21 24 24 0 10 40 13 6 25 43 33 51 34 43 49
32 31 28 22 39 23 18 12 35 14 19 10 7 31 28 32 30 37 37 10 17 31 27 31 7 21 21 37 32 39 34 36 21 25 12 43 11 22 14 10 0 31 13 5 16 33 23 42 31 34 40
3 11 29 9 8 18 27 19 24 33 32 32 31 12 17 1 41 20 23 21 25 8 5 25 24 21 24 21 14 22 14 14 17 37 30 21 20 34 17 40 31 0 35 35 18 13 8 21 33 16 25
36 40 20 26 43 33 31 16 31 3 9 4 6 33 38 36 18 35 33 16 30 38 34 42 13 32 16 35 33 37 35 37 22 13 25 44 21 11 24 13 13 35 0 15 26 42 31 42 21 34 50
37 35 32 27 43 26 19 17 40 16 22 12 9 36 31 36 32 42 42 15 19 35 31 32 12 24 26 42 37 44 39 41 26 27 12 48 15 24 18 6 5 35 15 0 19 37 27 47 34 39 43
21 16 31 13 26 7 9 13 34 25 27 22 20 26 12 19 38 34 35 12 7 17 14 16 13 6 24 35 28 36 29 31 20 33 12 38 5 30 3 25 16 18 26 19 0 18 10 37 35 30 24
16 2 40 17 17 13 22 26 37 40 40 39 37 25 8 12 51 33 36 27 21 5 9 16 30 16 34 34 27 35 27 27 27 46 28 33 22 43 19 43 33 13 42 37 18 0 11 34 44 29 12
11 9 29 6 16 11 19 15 28 29 29 28 26 18 11 9 40 26 29 16 17 8 4 19 19 14 23 27 20 28 21 21 16 35 22 28 12 32 9 33 23 8 31 27 10 11 0 28 33 22 22
18 32 22 24 17 39 46 30 11 39 33 41 41 11 38 22 34 7 9 32 44 29 26 46 35 42 26 7 10 5 8 7 21 33 47 3 37 33 34 51 42 21 42 47 37 34 28 0 25 8 46
31 42 4 27 36 42 44 22 14 18 12 22 25 23 44 34 9 19 16 24 42 39 35 51 26 41 11 18 22 20 24 26 17 10 42 28 32 10 32 34 31 33 21 34 35 44 33 25 0 21 55
13 27 17 17 16 33 39 22 8 31 26 33 33 4 33 17 30 4 7 24 37 24 21 41 27 35 18 5 2 6 3 5 13 28 40 10 29 27 27 43 34 16 34 39 30 29 22 8 21 0 41
28 14 51 28 29 17 24 36 49 49 50 46 44 37 12 24 61 45 48 36 24 17 21 11 37 19 45 46 39 47 39 39 38 56 31 45 29 53 27 49 40 25 50 43 24 12 22 46 55 41 0
0 300
219 279
168 228
185 245
132 192
168 228
196 256
151 211
207 267
5 65
20 80
219 279
196 256
152 212
154 214
115 175
45 105
167 227
163 223
142 202
151 211
10 70
67 127
36 96
203 263
182 242
162 222
36 96
105 165
101 161
156 216
59 119
132 192
108 168
167 227
29 89
236 296
70 130
43 103
231 291
236 296
3 63
200 260
85 145
101 161
27 87
40 100
231 291
11 71
143 203
1 61
0
42
35
76
53
61
33
60
59
73
54
64
70
60
23
65
16
23
28
37
66
60
33
61
43
42
46
50
60
61
38
27
43
49
16
51
52
74
70
60
27
74
61
53
14
69
63
75
70
19
40
