51
1626
0 24 19 25 6 1 30 34 2 10 38 12 29 46 29 11 15 11 36 35 36 41 21 26 25 27 46 46 43 12 31 19 34 44 26 30 32 47 36 40 35 33 39 45 41 15 36 52 23 26 13
24 0 5 2 18 23 12 41 23 14 30 36 25 32 30 13 12 28 23 22 15 30 3 10 2 21 33 32 38 31 32 9 36 38 10 16 18 52 22 19 27 25 18 38 47 12 13 38 8 12 11
19 5 0 6 13 18 13 36 18 9 29 31 22 31 26 9 7 23 22 21 18 29 2 9 6 18 32 31 37 26 28 10 32 37 9 15 17 48 21 22 26 24 21 37 43 7 17 37 11 11 6
25 2 6 0 19 24 10 40 24 15 28 37 23 30 28 14 12 28 21 20 13 28 4 8 0 19 31 30 36 31 30 11 34 36 8 14 16 50 20 17 25 23 16 36 45 12 11 36 10 10 12
6 18 13 19 0 5 24 35 5 4 34 18 27 41 27 6 10 14 31 30 30 37 15 20 19 23 42 41 41 15 29 14 33 42 20 25 27 48 31 34 31 29 33 42 42 10 30 47 18 21 7
1 23 18 24 5 0 29 35 3 9 38 13 30 46 30 10 15 12 36 35 35 41 20 25 24 27 46 46 44 13 32 18 35 45 25 30 32 48 36 39 35 33 38 46 42 15 35 52 22 26 12
30 12 13 10 24 29 0 34 28 20 19 41 17 20 22 22 15 31 12 11 6 19 13 4 10 13 21 20 28 34 24 21 28 27 4 5 6 43 10 10 16 15 9 27 39 15 7 26 20 5 17
34 41 36 40 35 35 34 0 32 34 20 36 17 34 12 38 29 24 24 25 39 24 38 32 40 21 29 34 17 26 10 44 6 18 32 29 29 13 29 41 21 20 41 19 7 29 41 39 47 30 32
2 23 18 24 5 3 28 32 0 9 36 13 27 44 27 11 13 9 34 33 34 39 20 24 24 25 44 44 41 10 29 19 32 42 24 28 30 45 34 38 33 31 37 43 39 13 34 50 23 24 12
10 14 9 15 4 9 20 34 9 0 30 22 23 37 25 4 6 15 27 26 26 33 11 16 15 19 38 37 38 18 27 12 31 38 16 21 23 47 27 30 27 25 29 38 41 6 26 43 16 17 3
38 30 29 28 34 38 19 20 36 30 0 46 9 14 12 33 24 33 7 8 23 4 30 20 28 11 9 14 9 36 11 39 14 8 20 14 13 26 12 24 3 5 24 8 24 24 25 19 38 18 27
12 36 31 37 18 13 41 36 13 22 46 0 37 57 35 23 26 13 45 44 47 50 33 37 37 36 55 57 48 10 36 31 37 49 37 41 43 48 47 51 44 42 50 50 42 26 47 63 35 37 25
29 25 22 23 27 30 17 17 27 23 9 37 0 21 5 26 17 24 9 10 22 13 24 15 23 4 18 21 15 27 7 32 11 15 15 12 12 27 14 25 7 5 24 16 22 17 24 27 33 13 20
46 32 31 30 41 46 20 34 44 37 14 57 21 0 25 39 31 44 12 13 18 10 32 22 30 21 5 0 20 47 25 41 28 19 22 16 14 38 10 16 15 16 16 19 38 31 20 6 40 20 34
29 30 26 28 27 30 22 12 27 25 12 35 5 25 0 28 19 22 13 14 27 16 28 20 28 9 21 25 14 25 2 34 6 15 20 17 17 22 18 30 10 9 29 16 17 19 29 31 37 18 22
11 13 9 14 6 10 22 38 11 4 33 23 26 39 28 0 9 19 30 29 27 36 10 18 14 22 40 39 41 21 30 8 34 41 18 23 25 50 29 31 30 28 30 41 45 9 25 45 12 19 6
15 12 7 12 10 15 15 29 13 6 24 26 17 31 19 9 0 16 21 20 21 27 9 11 12 13 32 31 32 19 21 15 25 32 11 15 17 41 21 25 21 19 24 32 36 0 21 37 18 11 3
11 28 23 28 14 12 31 24 9 15 33 13 24 44 22 19 16 0 32 31 37 37 25 27 28 23 42 44 35 3 23 27 25 36 27 29 31 37 35 41 31 29 40 37 31 16 37 50 31 26 17
36 23 22 21 31 36 12 24 34 27 7 45 9 12 13 30 21 32 0 1 16 7 23 13 21 9 11 12 16 35 14 32 18 15 13 7 6 32 5 17 4 4 17 15 29 21 18 18 31 11 24
35 22 21 20 30 35 11 25 33 26 8 44 10 13 14 29 20 31 1 0 15 8 22 12 20 8 12 13 17 34 15 31 19 16 12 6 5 33 4 16 5 5 16 16 30 20 17 19 30 10 23
36 15 18 13 30 35 6 39 34 26 23 47 22 18 27 27 21 37 16 15 0 21 17 10 13 19 22 18 32 40 29 24 33 31 10 11 10 48 11 4 20 20 3 31 44 21 2 23 23 11 23
41 30 29 28 37 41 19 24 39 33 4 50 13 10 16 36 27 37 7 8 21 0 30 20 28 14 5 10 12 40 15 39 18 11 20 14 13 30 10 22 6 8 22 10 28 27 23 15 38 18 30
21 3 2 4 15 20 13 38 20 11 30 33 24 32 28 10 9 25 23 22 17 30 0 10 4 20 33 32 38 28 30 9 34 38 10 16 18 50 22 21 27 25 20 38 45 9 15 38 9 12 8
26 10 9 8 20 25 4 32 24 16 20 37 15 22 20 18 11 27 13 12 10 20 10 0 8 11 23 22 28 30 22 19 26 28 0 6 8 42 12 14 17 15 13 28 37 11 10 28 18 2 13
25 2 6 0 19 24 10 40 24 15 28 37 23 30 28 14 12 28 21 20 13 28 4 8 0 19 31 30 36 31 30 11 34 36 8 14 16 50 20 17 25 23 16 36 45 12 11 36 10 10 12
27 21 18 19 23 27 13 21 25 19 11 36 4 21 9 22 13 23 9 8 19 14 20 11 19 0 19 21 19 26 11 28 15 19 11 8 9 31 12 22 8 6 21 19 26 13 20 27 29 9 16
46 33 32 31 42 46 21 29 44 38 9 55 18 5 21 40 32 42 11 12 22 5 33 23 31 19 0 5 15 45 20 42 23 14 23 17 15 33 11 21 11 13 21 14 33 32 24 10 41 21 35
46 32 31 30 41 46 20 34 44 37 14 57 21 0 25 39 31 44 12 13 18 10 32 22 30 21 5 0 20 47 25 41 28 19 22 16 14 38 10 16 15 16 16 19 38 31 20 6 40 20 34
43 38 37 36 41 44 28 17 41 38 9 48 15 20 14 41 32 35 16 17 32 12 38 28 36 19 15 20 0 38 12 47 12 1 28 23 22 18 21 33 12 13 33 2 18 32 34 25 46 26 35
12 31 26 31 15 13 34 26 10 18 36 10 27 47 25 21 19 3 35 34 40 40 28 30 31 26 45 47 38 0 26 29 27 39 30 32 34 38 38 44 34 32 43 40 32 19 40 53 33 29 20
31 32 28 30 29 32 24 10 29 27 11 36 7 25 2 30 21 23 14 15 29 15 30 22 30 11 20 25 12 26 0 36 4 13 22 19 19 20 19 31 11 10 31 14 15 21 31 30 39 20 24
19 9 10 11 14 18 21 44 19 12 39 31 32 41 34 8 15 27 32 31 24 39 9 19 11 28 42 41 47 29 36 0 40 47 19 25 27 56 31 28 36 34 27 47 51 15 22 47 4 21 13
34 36 32 34 33 35 28 6 32 31 14 37 11 28 6 34 25 25 18 19 33 18 34 26 34 15 23 28 12 27 4 40 0 13 26 23 23 16 23 35 15 14 35 14 11 25 35 33 43 24 28
44 38 37 36 42 45 27 18 42 38 8 49 15 19 15 41 32 36 15 16 31 11 38 28 36 19 14 19 1 39 13 47 13 0 28 22 21 19 20 32 11 13 32 1 19 32 33 24 46 26 35
26 10 9 8 20 25 4 32 24 16 20 37 15 22 20 18 11 27 13 12 10 20 10 0 8 11 23 22 28 30 22 19 26 28 0 6 8 42 12 14 17 15 13 28 37 11 10 28 18 2 13
30 16 15 14 25 30 5 29 28 21 14 41 12 16 17 23 15 29 7 6 11 14 16 6 14 8 17 16 23 32 19 25 23 22 6 0 2 38 6 14 11 10 13 22 34 15 12 22 24 4 18
32 18 17 16 27 32 6 29 30 23 13 43 12 14 17 25 17 31 6 5 10 13 18 8 16 9 15 14 22 34 19 27 23 21 8 2 0 38 4 13 10 10 12 21 34 17 12 20 26 6 20
47 52 48 50 48 48 43 13 45 47 26 48 27 38 22 50 41 37 32 33 48 30 50 42 50 31 33 38 18 38 20 56 16 19 42 38 38 0 37 49 28 28 49 20 6 41 50 43 59 40 44
36 22 21 20 31 36 10 29 34 27 12 47 14 10 18 29 21 35 5 4 11 10 22 12 20 12 11 10 21 38 19 31 23 20 12 6 4 37 0 12 9 9 12 20 34 21 13 16 30 10 24
40 19 22 17 34 39 10 41 38 30 24 51 25 16 30 31 25 41 17 16 4 22 21 14 17 22 21 16 33 44 31 28 35 32 14 14 13 49 12 0 21 21 1 32 46 25 6 20 27 15 27
35 27 26 25 31 35 16 21 33 27 3 44 7 15 10 30 21 31 4 5 20 6 27 17 25 8 11 15 12 34 11 36 15 11 17 11 10 28 9 21 0 2 21 11 25 21 22 21 35 15 24
33 25 24 23 29 33 15 20 31 25 5 42 5 16 9 28 19 29 4 5 20 8 25 15 23 6 13 16 13 32 10 34 14 13 15 10 10 28 9 21 2 0 21 13 25 19 22 22 33 13 22
39 18 21 16 33 38 9 41 37 29 24 50 24 16 29 30 24 40 17 16 3 22 20 13 16 21 21 16 33 43 31 27 35 32 13 13 12 49 12 1 21 21 0 32 46 24 5 21 26 14 26
45 38 37 36 42 46 27 19 43 38 8 50 16 19 16 41 32 37 15 16 31 10 38 28 36 19 14 19 2 40 14 47 14 1 28 22 21 20 20 32 11 13 32 0 20 32 33 23 46 26 35
41 47 43 45 42 42 39 7 39 41 24 42 22 38 17 45 36 31 29 30 44 28 45 37 45 26 33 38 18 32 15 51 11 19 37 34 34 6 34 46 25 25 46 20 0 36 46 43 54 35 39
15 12 7 12 10 15 15 29 13 6 24 26 17 31 19 9 0 16 21 20 21 27 9 11 12 13 32 31 32 19 21 15 25 32 11 15 17 41 21 25 21 19 24 32 36 0 21 37 18 11 3
36 13 17 11 30 35 7 41 34 26 25 47 24 20 29 25 21 37 18 17 2 23 15 10 11 20 24 20 34 40 31 22 35 33 10 12 12 50 13 6 22 22 5 33 46 21 0 25 21 12 23
52 38 37 36 47 52 26 39 50 43 19 63 27 6 31 45 37 50 18 19 23 15 38 28 36 27 10 6 25 53 30 47 33 24 28 22 20 43 16 20 21 22 21 23 43 37 25 0 46 26 40
23 8 11 10 18 22 20 47 23 16 38 35 33 40 37 12 18 31 31 30 23 38 9 18 10 29 41 40 46 33 39 4 43 46 18 24 26 59 30 27 35 33 26 46 54 18 21 46 0 20 16
26 12 11 10 21 26 5 30 24 17 18 37 13 20 18 19 11 26 11 10 11 18 12 2 10 9 21 20 26 29 20 21 24 26 2 4 6 40 10 15 15 13 14 26 35 11 12 26 20 0 14
13 11 6 12 7 12 17 32 12 3 27 25 20 34 22 6 3 17 24 23 23 30 8 13 12 16 35 34 35 20 24 13 28 35 13 18 20 44 24 27 24 22 26 35 39 3 23 40 16 14 0
0 655
374 374
340 340
470 470
213 213
384 384
558 558
459 459
271 271
367 367
297 297
326 326
351 351
626 626
529 529
17 17
598 598
552 552
352 352
178 178
605 605
609 609
439 439
616 616
587 587
269 269
425 425
366 366
17 17
6 6
205 205
493 493
25 25
135 135
286 286
628 628
120 120
553 553
428 428
260 260
598 598
170 170
235 235
584 584
512 512
298 298
25 25
148 148
108 108
456 456
528 528
0
12
10
72
64
72
21
82
67
84
47
63
65
16
32
71
35
85
15
75
32
36
23
54
35
12
20
78
54
38
28
77
42
76
55
69
40
72
88
30
52
60
37
46
69
34
68
58
41
52
37
