51
1622
0 29 8 20 4 15 8 10 25 21 25 12 21 16 26 20 26 8 15 17 24 21 15 24 20 26 20 31 24 30 16 14 34 12 18 23 22 14 24 24 15 12 15 8 26 14 19 20 29 14 22
29 0 26 10 25 23 35 26 44 50 39 37 11 44 38 49 34 37 43 35 37 43 37 8 36 38 31 11 21 21 27 15 42 38 31 42 45 42 33 28 15 35 20 37 34 40 32 46 33 24 46
8 26 0 16 6 20 9 2 33 24 33 20 21 24 19 27 18 16 23 11 32 29 23 20 28 19 12 31 16 33 23 13 42 12 26 31 30 16 16 16 11 9 8 16 18 22 11 28 36 19 30
20 10 16 0 16 20 25 16 41 40 36 30 10 36 29 40 26 28 35 25 34 38 32 4 33 29 21 18 13 24 24 7 43 28 28 39 40 32 25 20 5 25 10 28 26 33 22 39 34 20 40
4 25 6 16 0 14 11 8 28 25 27 15 17 20 25 24 24 12 19 17 26 24 18 20 22 25 18 27 20 28 17 10 36 14 20 26 26 17 22 22 11 13 11 12 24 18 17 24 30 13 25
15 23 20 20 14 0 23 22 21 33 16 15 12 22 39 29 38 18 21 31 14 20 14 24 13 39 32 19 29 15 4 13 23 27 8 19 22 28 36 34 17 27 21 19 38 18 31 23 16 1 23
8 35 9 25 11 23 0 11 29 15 31 16 28 17 21 19 23 10 16 12 30 24 20 29 26 21 18 38 25 38 24 21 42 4 26 28 24 7 21 23 20 5 17 9 23 17 16 21 37 22 23
10 26 2 16 8 22 11 0 35 26 35 22 21 26 17 29 16 18 25 10 34 31 25 19 30 17 10 31 14 34 25 13 44 14 28 33 32 18 14 14 11 10 6 18 16 24 9 30 38 21 32
25 44 33 41 28 21 29 35 0 28 7 14 33 13 50 19 51 19 14 41 9 5 10 45 8 50 45 39 48 31 17 34 18 32 13 2 6 29 49 49 38 34 39 20 51 12 44 9 21 21 7
21 50 24 40 25 33 15 26 28 0 34 20 42 15 32 9 35 15 15 24 33 24 23 44 29 32 30 52 40 48 33 35 45 13 31 28 22 8 33 35 35 17 32 14 35 19 28 19 44 32 21
25 39 33 36 27 16 31 35 7 34 0 15 28 19 51 25 51 21 19 42 2 10 11 40 5 51 45 34 45 24 12 29 11 34 8 6 12 31 49 49 33 36 37 22 51 15 44 15 14 16 13
12 37 20 30 15 15 16 22 14 20 15 0 26 7 37 14 38 6 6 28 14 9 4 34 10 37 32 34 35 29 13 23 26 19 11 12 11 16 36 36 26 21 26 7 38 3 31 9 24 14 10
21 11 21 10 17 12 28 21 33 42 28 26 0 33 36 39 34 27 32 31 26 32 26 13 25 36 28 10 23 14 16 8 33 31 20 31 34 34 32 29 11 30 16 28 34 29 29 35 24 13 35
16 44 24 36 20 22 17 26 13 15 19 7 33 0 38 7 40 8 1 29 19 9 9 40 15 38 35 41 40 36 20 30 30 20 17 13 7 16 38 40 31 22 31 8 40 5 33 4 30 21 6
26 38 19 29 25 39 21 17 50 32 51 37 36 38 0 39 5 31 37 9 50 45 41 30 46 0 8 46 17 50 42 29 60 20 44 49 45 25 5 10 25 16 20 30 5 38 8 42 55 38 44
20 49 27 40 24 29 19 29 19 9 25 14 39 7 39 0 41 12 8 30 26 15 16 44 22 39 36 48 43 43 27 34 36 19 24 19 13 14 39 41 35 23 35 12 41 12 34 10 37 28 12
26 34 18 26 24 38 23 16 51 35 51 38 34 40 5 41 0 33 39 12 50 47 41 26 46 5 6 44 13 48 41 27 60 22 44 49 47 27 2 6 23 18 18 32 0 40 7 44 54 37 46
8 37 16 28 12 18 10 18 19 15 21 6 27 8 31 12 33 0 7 22 20 14 10 32 16 31 28 37 32 33 18 22 32 13 17 18 15 10 31 32 23 15 23 1 33 7 26 12 30 17 14
15 43 23 35 19 21 16 25 14 15 19 6 32 1 37 8 39 7 0 28 18 9 8 39 14 37 34 40 39 35 19 29 30 19 16 13 8 15 37 39 30 21 30 7 39 4 32 5 29 20 7
17 35 11 25 17 31 12 10 41 24 42 28 31 29 9 30 12 22 28 0 41 36 32 28 37 9 7 41 18 44 33 23 51 11 35 40 36 16 10 12 20 7 15 21 12 29 5 33 46 30 35
24 37 32 34 26 14 30 34 9 33 2 14 26 19 50 26 50 20 18 41 0 11 10 38 4 50 44 32 43 22 10 27 12 33 6 7 13 30 48 48 31 35 35 21 50 14 43 16 12 14 14
21 43 29 38 24 20 24 31 5 24 10 9 32 9 45 15 47 14 9 36 11 0 6 42 8 45 41 39 44 31 17 31 21 27 13 4 2 24 45 45 34 29 35 15 47 7 40 5 23 19 3
15 37 23 32 18 14 20 25 10 23 11 4 26 9 41 16 41 10 8 32 10 6 0 36 6 41 35 33 38 27 11 25 22 23 8 8 8 20 39 39 28 25 29 11 41 4 34 9 21 13 9
24 8 20 4 20 24 29 19 45 44 40 34 13 40 30 44 26 32 39 28 38 42 36 0 37 30 24 18 13 26 28 11 46 32 32 43 44 36 25 20 9 29 13 32 26 37 25 43 37 24 44
20 36 28 33 22 13 26 30 8 29 5 10 25 15 46 22 46 16 14 37 4 8 6 37 0 46 40 31 42 23 9 26 16 29 5 6 10 26 44 44 30 31 33 17 46 10 39 13 15 13 11
26 38 19 29 25 39 21 17 50 32 51 37 36 38 0 39 5 31 37 9 50 45 41 30 46 0 8 46 17 50 42 29 60 20 44 49 45 25 5 10 25 16 20 30 5 38 8 42 55 38 44
20 31 12 21 18 32 18 10 45 30 45 32 28 35 8 36 6 28 34 7 44 41 35 24 40 8 0 38 12 42 35 21 54 17 38 43 42 22 4 5 17 13 12 27 6 34 2 39 48 31 41
31 11 31 18 27 19 38 31 39 52 34 34 10 41 46 48 44 37 40 41 32 39 33 18 31 46 38 0 31 11 22 18 33 41 26 37 41 44 42 38 21 40 26 38 44 37 39 42 24 20 42
24 21 16 13 20 29 25 14 48 40 45 35 23 40 17 43 13 32 39 18 43 44 38 13 42 17 12 31 0 37 33 16 52 27 37 46 46 32 12 7 12 23 9 32 13 38 14 44 45 29 45
30 21 33 24 28 15 38 34 31 48 24 29 14 36 50 43 48 33 35 44 22 31 27 26 23 50 42 11 37 0 16 22 22 42 19 29 33 43 46 43 25 41 30 34 48 31 43 36 13 16 34
16 27 23 24 17 4 24 25 17 33 12 13 16 20 42 27 41 18 19 33 10 17 11 28 9 42 35 22 33 16 0 17 19 28 4 15 19 28 39 38 21 28 25 19 41 15 34 20 13 4 20
14 15 13 7 10 13 21 13 34 35 29 23 8 30 29 34 27 22 29 23 27 31 25 11 26 29 21 18 16 22 17 0 36 24 21 32 33 27 25 22 4 22 9 22 27 26 22 32 29 13 33
34 42 42 43 36 23 42 44 18 45 11 26 33 30 60 36 60 32 30 51 12 21 22 46 16 60 54 33 52 22 19 36 0 45 16 17 23 42 58 57 40 46 44 33 60 26 53 26 9 23 24
12 38 12 28 14 27 4 14 32 13 34 19 31 20 20 19 22 13 19 11 33 27 23 32 29 20 17 41 27 42 28 24 45 0 30 31 27 5 20 22 23 4 20 12 22 20 15 24 41 26 26
18 31 26 28 20 8 26 28 13 31 8 11 20 17 44 24 44 17 16 35 6 13 8 32 5 44 38 26 37 19 4 21 16 30 0 11 15 27 42 42 25 30 29 18 44 12 37 17 13 8 16
23 42 31 39 26 19 28 33 2 28 6 12 31 13 49 19 49 18 13 40 7 4 8 43 6 49 43 37 46 29 15 32 17 31 11 0 6 28 47 47 36 33 37 19 49 11 42 9 19 19 7
22 45 30 40 26 22 24 32 6 22 12 11 34 7 45 13 47 15 8 36 13 2 8 44 10 45 42 41 46 33 19 33 23 27 15 6 0 23 45 46 36 29 37 15 47 8 40 3 25 21 1
14 42 16 32 17 28 7 18 29 8 31 16 34 16 25 14 27 10 15 16 30 24 20 36 26 25 22 44 32 43 28 27 42 5 27 28 23 0 25 27 27 9 24 9 27 17 20 20 40 27 22
24 33 16 25 22 36 21 14 49 33 49 36 32 38 5 39 2 31 37 10 48 45 39 25 44 5 4 42 12 46 39 25 58 20 42 47 45 25 0 5 21 16 16 30 2 38 5 42 52 35 44
24 28 16 20 22 34 23 14 49 35 49 36 29 40 10 41 6 32 39 12 48 45 39 20 44 10 5 38 7 43 38 22 57 22 42 47 46 27 5 0 18 18 13 32 6 38 7 44 50 34 46
15 15 11 5 11 17 20 11 38 35 33 26 11 31 25 35 23 23 30 20 31 34 28 9 30 25 17 21 12 25 21 4 40 23 25 36 36 27 21 18 0 20 5 23 23 29 18 35 33 17 36
12 35 9 25 13 27 5 10 34 17 36 21 30 22 16 23 18 15 21 7 35 29 25 29 31 16 13 40 23 41 28 22 46 4 30 33 29 9 16 18 20 0 16 14 18 22 11 26 41 26 28
15 20 8 10 11 21 17 6 39 32 37 26 16 31 20 35 18 23 30 15 35 35 29 13 33 20 12 26 9 30 25 9 44 20 29 37 37 24 16 13 5 16 0 23 18 29 13 35 37 21 36
8 37 16 28 12 19 9 18 20 14 22 7 28 8 30 12 32 1 7 21 21 15 11 32 17 30 27 38 32 34 19 22 33 12 18 19 15 9 30 32 23 14 23 0 32 8 25 12 31 18 14
26 34 18 26 24 38 23 16 51 35 51 38 34 40 5 41 0 33 39 12 50 47 41 26 46 5 6 44 13 48 41 27 60 22 44 49 47 27 2 6 23 18 18 32 0 40 7 44 54 37 46
14 40 22 33 18 18 17 24 12 19 15 3 29 5 38 12 40 7 4 29 14 7 4 37 10 38 34 37 38 31 15 26 26 20 12 11 8 17 38 38 29 22 29 8 40 0 33 6 25 17 8
19 32 11 22 17 31 16 9 44 28 44 31 29 33 8 34 7 26 32 5 43 40 34 25 39 8 2 39 14 43 34 22 53 15 37 42 40 20 5 7 18 11 13 25 7 33 0 37 47 30 39
20 46 28 39 24 23 21 30 9 19 15 9 35 4 42 10 44 12 5 33 16 5 9 43 13 42 39 42 44 36 20 32 26 24 17 9 3 20 42 44 35 26 35 12 44 6 37 0 28 22 2
29 33 36 34 30 16 37 38 21 44 14 24 24 30 55 37 54 30 29 46 12 23 21 37 15 55 48 24 45 13 13 29 9 41 13 19 25 40 52 50 33 41 37 31 54 25 47 28 0 17 26
14 24 19 20 13 1 22 21 21 32 16 14 13 21 38 28 37 17 20 30 14 19 13 24 13 38 31 20 29 16 4 13 23 26 8 19 21 27 35 34 17 26 21 18 37 17 30 22 17 0 22
22 46 30 40 25 23 23 32 7 21 13 10 35 6 44 12 46 14 7 35 14 3 9 44 11 44 41 42 45 34 20 33 24 26 16 7 1 22 44 46 36 28 36 14 46 8 39 2 26 22 0
0 737
85 453
97 465
151 519
320 688
0 368
190 558
123 491
300 668
82 450
315 683
60 428
55 423
40 408
333 701
180 548
158 526
89 457
124 492
141 509
170 538
342 710
165 533
136 504
71 439
99 467
352 720
154 522
307 675
339 707
41 409
14 382
152 520
241 609
270 638
47 415
368 736
281 649
194 562
143 511
358 726
7 375
228 596
238 606
323 691
166 534
319 687
61 429
63 431
158 526
101 469
0
37
30
33
40
38
60
50
40
24
38
71
84
42
60
41
78
51
81
55
45
23
30
80
62
39
49
49
35
66
35
64
52
28
25
66
39
35
76
56
79
47
61
72
49
30
76
44
49
23
58
