51
1626
0 35 4 37 39 7 38 30 14 9 11 33 34 35 29 49 54 23 22 5 29 11 14 13 11 18 37 15 30 16 42 28 23 27 14 50 34 15 6 34 14 39 30 37 36 35 26 36 37 22 6
35 0 39 18 31 40 18 7 22 34 28 2 32 16 24 17 23 31 39 37 12 41 25 22 33 31 42 22 6 41 15 8 12 12 25 23 25 20 31 28 21 11 20 16 21 5 22 14 12 31 36
4 39 0 39 39 3 42 34 17 8 13 37 34 39 30 52 57 23 21 4 33 8 16 17 14 18 36 18 34 14 45 32 27 31 16 52 35 19 10 34 18 42 34 41 40 39 28 39 41 22 5
37 18 39 0 13 38 36 13 24 32 26 20 15 33 10 16 20 20 28 35 29 37 23 30 40 22 25 22 23 33 8 24 24 28 23 14 8 28 36 11 24 9 37 34 38 23 12 4 30 20 34
39 31 39 13 0 38 47 24 28 31 28 32 5 44 10 28 27 16 23 35 40 36 25 35 45 21 15 26 34 31 20 35 34 38 25 21 6 34 40 5 29 22 48 45 49 36 13 17 42 17 34
7 40 3 38 38 0 44 33 18 7 12 38 33 41 29 51 56 22 19 3 35 5 15 20 17 17 35 18 36 11 44 34 29 33 15 51 34 21 13 33 19 41 37 43 43 41 27 38 43 21 4
38 18 42 36 47 44 0 23 28 41 35 16 48 3 39 34 40 45 49 41 9 47 32 25 30 41 57 29 13 48 33 13 16 11 32 41 41 23 32 44 27 29 9 2 3 13 37 32 6 44 41
30 7 34 13 24 33 23 0 17 27 21 8 25 20 17 19 25 24 32 30 16 34 18 20 31 24 35 16 10 34 13 11 12 15 18 21 18 18 28 21 16 9 24 21 25 12 15 9 18 24 29
14 22 17 24 28 18 28 17 0 13 7 20 27 25 18 36 41 18 22 15 19 20 5 7 17 14 32 2 19 21 29 17 12 17 5 37 23 6 12 23 1 26 23 27 28 24 15 23 27 17 14
9 34 8 32 31 7 41 27 13 0 6 32 26 38 22 45 50 15 13 4 32 7 9 18 20 10 28 12 31 8 38 29 25 30 9 45 27 18 14 26 14 35 35 40 41 36 20 32 39 14 3
11 28 13 26 28 12 35 21 7 6 0 26 25 32 18 39 44 14 16 9 26 13 3 13 19 9 28 6 25 14 32 23 19 24 3 39 23 13 13 23 8 29 30 34 35 30 15 26 33 13 8
33 2 37 20 32 38 16 8 20 32 26 0 33 14 25 19 25 32 39 35 10 39 23 20 31 31 43 20 4 39 17 6 10 10 23 25 26 18 29 29 20 13 18 14 19 4 23 16 11 32 34
34 32 34 15 5 33 48 25 27 26 25 33 0 45 9 31 32 11 18 30 40 31 23 34 43 16 10 25 35 26 23 35 33 38 23 26 7 33 38 4 28 24 47 46 50 37 12 19 43 12 29
35 16 39 33 44 41 3 20 25 38 32 14 45 0 36 32 38 42 46 38 6 44 29 22 29 38 54 26 10 45 31 10 13 8 29 39 38 20 30 41 24 27 8 2 5 11 34 29 5 41 38
29 24 30 10 10 29 39 17 18 22 18 25 9 36 0 26 30 10 18 26 31 27 15 25 35 12 18 16 27 23 18 26 24 29 15 24 5 24 30 5 19 18 38 38 41 29 3 13 35 10 25
49 17 52 16 28 51 34 19 36 45 39 19 31 32 26 0 6 36 44 48 29 52 36 39 50 38 41 34 23 49 8 25 29 29 36 8 24 37 47 27 35 10 37 32 37 21 28 14 28 36 47
54 23 57 20 27 56 40 25 41 50 44 25 32 38 30 6 0 40 48 53 35 57 41 45 56 42 42 39 29 53 12 31 35 35 41 6 26 43 53 29 41 16 43 38 43 27 32 18 34 40 52
23 31 23 20 16 22 45 24 18 15 14 32 11 42 10 36 40 0 8 19 36 20 13 25 33 5 14 16 34 15 28 32 29 34 13 34 14 24 27 12 19 28 41 44 46 36 9 23 42 1 18
22 39 21 28 23 19 49 32 22 13 16 39 18 46 18 44 48 8 0 17 40 14 17 29 33 9 16 20 39 8 36 37 33 38 17 42 22 28 27 20 23 36 45 48 50 43 17 31 47 8 16
5 37 4 35 35 3 41 30 15 4 9 35 30 38 26 48 53 19 17 0 32 6 12 17 16 14 32 15 33 11 41 31 26 30 12 48 31 18 11 30 16 38 34 40 40 38 24 35 40 18 1
29 12 33 29 40 35 9 16 19 32 26 10 40 6 31 29 35 36 40 32 0 38 23 16 24 32 49 20 6 39 27 5 7 2 23 35 34 14 24 36 18 23 8 8 10 10 29 25 8 35 32
11 41 8 37 36 5 47 34 20 7 13 39 31 44 27 52 57 20 14 6 38 0 16 23 22 15 30 19 38 6 45 36 32 36 16 51 32 24 17 31 21 42 40 46 46 43 26 39 46 19 6
14 25 16 23 25 15 32 18 5 9 3 23 23 29 15 36 41 13 17 12 23 16 0 12 20 9 27 3 22 16 29 20 16 21 0 36 20 11 15 20 6 26 28 31 33 27 12 23 30 12 11
13 22 17 30 35 20 25 20 7 18 13 20 34 22 25 39 45 25 29 17 16 23 12 0 11 21 39 9 17 26 33 15 10 14 12 41 30 2 9 30 6 29 17 24 23 22 22 28 24 24 17
11 33 14 40 45 17 30 31 17 20 19 31 43 29 35 50 56 33 33 16 24 22 20 11 0 28 47 19 28 27 44 26 21 23 20 52 40 13 6 40 16 40 21 31 27 33 32 39 32 32 17
18 31 18 22 21 17 41 24 14 10 9 31 16 38 12 38 42 5 9 14 32 15 9 21 28 0 19 12 31 11 30 29 25 30 9 36 17 20 22 16 15 29 37 40 42 35 11 24 39 4 13
37 42 36 25 15 35 57 35 32 28 28 43 10 54 18 41 42 14 16 32 49 30 27 39 47 19 0 30 45 24 33 44 42 47 27 36 17 38 41 14 33 34 55 56 59 47 20 29 53 15 31
15 22 18 22 26 18 29 16 2 12 6 20 25 26 16 34 39 16 20 15 20 19 3 9 19 12 30 0 19 19 27 17 13 18 3 35 21 8 14 21 3 24 25 28 30 24 13 21 27 15 14
30 6 34 23 34 36 13 10 19 31 25 4 35 10 27 23 29 34 39 33 6 38 22 17 28 31 45 19 0 38 21 2 7 6 22 29 28 15 26 31 18 17 14 11 15 5 25 19 8 33 33
16 41 14 33 31 11 48 34 21 8 14 39 26 45 23 49 53 15 8 11 39 6 16 26 27 11 24 19 38 0 41 36 32 37 16 47 28 26 22 26 22 40 43 47 49 43 22 35 46 14 10
42 15 45 8 20 44 33 13 29 38 32 17 23 31 18 8 12 28 36 41 27 45 29 33 44 30 33 27 21 41 0 23 25 27 29 8 16 31 41 19 29 4 35 31 36 20 20 6 27 28 40
28 8 32 24 35 34 13 11 17 29 23 6 35 10 26 25 31 32 37 31 5 36 20 15 26 29 44 17 2 36 23 0 5 4 20 31 29 13 24 31 16 19 13 12 15 7 24 20 10 31 31
23 12 27 24 34 29 16 12 12 25 19 10 33 13 24 29 35 29 33 26 7 32 16 10 21 25 42 13 7 32 25 5 0 5 16 33 28 8 19 29 11 21 14 15 17 12 22 21 15 28 26
27 12 31 28 38 33 11 15 17 30 24 10 38 8 29 29 35 34 38 30 2 36 21 14 23 30 47 18 6 37 27 4 5 0 21 35 32 12 23 34 16 23 10 10 12 10 27 24 10 33 30
14 25 16 23 25 15 32 18 5 9 3 23 23 29 15 36 41 13 17 12 23 16 0 12 20 9 27 3 22 16 29 20 16 21 0 36 20 11 15 20 6 26 28 31 33 27 12 23 30 12 11
50 23 52 14 21 51 41 21 37 45 39 25 26 39 24 8 6 34 42 48 35 51 36 41 52 36 36 35 29 47 8 31 33 35 36 0 20 39 49 23 37 12 43 39 44 28 26 14 35 34 47
34 25 35 8 6 34 41 18 23 27 23 26 7 38 5 24 26 14 22 31 34 32 20 30 40 17 17 21 28 28 16 29 28 32 20 20 0 29 35 3 24 17 42 39 43 30 8 12 36 14 30
15 20 19 28 34 21 23 18 6 18 13 18 33 20 24 37 43 24 28 18 14 24 11 2 13 20 38 8 15 26 31 13 8 12 11 39 29 0 11 29 5 27 17 22 23 20 21 26 22 23 18
6 31 10 36 40 13 32 28 12 14 13 29 38 30 30 47 53 27 27 11 24 17 15 9 6 22 41 14 26 22 41 24 19 23 15 49 35 11 0 35 12 37 24 32 30 31 27 35 32 26 12
34 28 34 11 5 33 44 21 23 26 23 29 4 41 5 27 29 12 20 30 36 31 20 30 40 16 14 21 31 26 19 31 29 34 20 23 3 29 35 0 24 20 43 42 46 33 8 15 39 12 29
14 21 18 24 29 19 27 16 1 14 8 20 28 24 19 35 41 19 23 16 18 21 6 6 16 15 33 3 18 22 29 16 11 16 6 37 24 5 12 24 0 25 22 26 27 23 16 23 26 18 15
39 11 42 9 22 41 29 9 26 35 29 13 24 27 18 10 16 28 36 38 23 42 26 29 40 29 34 24 17 40 4 19 21 23 26 12 17 27 37 20 25 0 31 27 32 16 19 5 23 28 37
30 20 34 37 48 37 9 24 23 35 30 18 47 8 38 37 43 41 45 34 8 40 28 17 21 37 55 25 14 43 35 13 14 10 28 43 42 17 24 43 22 31 0 10 6 18 36 33 13 40 34
37 16 41 34 45 43 2 21 27 40 34 14 46 2 38 32 38 44 48 40 8 46 31 24 31 40 56 28 11 47 31 12 15 10 31 39 39 22 32 42 26 27 10 0 5 11 36 30 4 43 40
36 21 40 38 49 43 3 25 28 41 35 19 50 5 41 37 43 46 50 40 10 46 33 23 27 42 59 30 15 49 36 15 17 12 33 44 43 23 30 46 27 32 6 5 0 16 39 34 9 45 40
35 5 39 23 36 41 13 12 24 36 30 4 37 11 29 21 27 36 43 38 10 43 27 22 33 35 47 24 5 43 20 7 12 10 27 28 30 20 31 33 23 16 18 11 16 0 27 19 7 36 38
26 22 28 12 13 27 37 15 15 20 15 23 12 34 3 28 32 9 17 24 29 26 12 22 32 11 20 13 25 22 20 24 22 27 12 26 8 21 27 8 16 19 36 36 39 27 0 14 33 9 23
36 14 39 4 17 38 32 9 23 32 26 16 19 29 13 14 18 23 31 35 25 39 23 28 39 24 29 21 19 35 6 20 21 24 23 14 12 26 35 15 23 5 33 30 34 19 14 0 26 23 34
37 12 41 30 42 43 6 18 27 39 33 11 43 5 35 28 34 42 47 40 8 46 30 24 32 39 53 27 8 46 27 10 15 10 30 35 36 22 32 39 26 23 13 4 9 7 33 26 0 41 40
22 31 22 20 17 21 44 24 17 14 13 32 12 41 10 36 40 1 8 18 35 19 12 24 32 4 15 15 33 14 28 31 28 33 12 34 14 23 26 12 18 28 40 43 45 36 9 23 41 0 17
6 36 5 34 34 4 41 29 14 3 8 34 29 38 25 47 52 18 16 1 32 6 11 17 17 13 31 14 33 10 40 31 26 30 11 47 30 18 12 29 15 37 34 40 40 38 23 34 40 17 0
0 682
536 672
3 139
495 631
338 474
376 512
119 255
367 503
22 158
242 378
111 247
96 232
473 609
143 279
58 194
72 208
346 482
48 184
393 529
261 397
434 570
445 581
441 577
5 141
396 532
453 589
532 668
259 395
512 648
97 233
83 219
349 485
201 337
536 672
462 598
310 446
344 480
473 609
542 678
145 281
530 666
143 279
187 323
368 504
543 679
269 405
413 549
516 652
443 579
257 393
301 437
0
45
55
49
25
55
17
46
88
88
35
58
57
54
49
73
61
45
60
63
61
55
31
39
73
41
68
40
48
16
87
44
47
23
33
35
13
25
35
73
66
26
71
46
80
22
54
61
73
19
73
