51
1625
0 37 16 31 18 38 1 25 34 52 37 51 37 59 47 23 25 35 16 22 16 15 21 27 18 42 19 7 41 4 30 33 31 51 29 29 32 33 17 44 27 44 13 39 32 42 3 20 32 26 39
37 0 33 6 37 45 37 13 4 46 2 30 1 41 22 29 36 24 33 24 33 41 30 31 19 17 39 43 54 41 47 26 48 42 8 49 49 7 39 59 10 22 24 34 43 20 39 17 11 46 13
16 33 0 27 4 22 17 24 31 36 33 36 33 43 36 7 9 20 0 10 0 8 5 11 15 31 6 16 27 18 17 18 17 35 25 16 18 28 6 30 24 30 12 23 16 29 19 16 25 13 30
31 6 27 0 31 40 31 9 6 43 6 28 6 39 20 23 30 19 27 18 27 35 24 25 13 15 33 37 48 35 41 21 42 40 2 43 43 2 33 53 5 20 18 29 37 18 33 11 6 40 11
18 37 4 31 0 23 19 28 35 37 37 40 37 47 40 11 10 24 4 14 4 4 9 15 19 35 2 15 24 18 13 22 14 37 29 12 15 32 2 27 28 34 16 26 16 33 20 20 29 9 34
38 45 22 40 23 0 39 43 46 15 43 28 44 29 34 19 13 21 22 24 22 26 20 16 35 32 22 37 10 40 14 19 15 18 40 17 15 38 24 15 41 28 34 13 7 29 41 34 34 20 34
1 37 17 31 19 39 0 25 34 53 37 52 37 60 48 24 26 36 17 23 17 16 22 28 18 43 20 8 42 4 31 34 32 52 29 30 33 33 18 45 27 45 14 40 33 43 2 21 33 27 40
25 13 24 9 28 43 25 0 9 49 14 37 14 48 29 24 31 25 24 19 24 31 24 27 9 24 30 32 49 29 41 26 41 46 7 40 42 11 30 54 4 29 13 35 38 26 27 9 14 37 20
34 4 31 6 35 46 34 9 0 49 6 34 5 45 26 29 36 25 31 24 31 39 30 31 17 21 37 41 54 38 47 27 48 46 7 47 49 8 37 59 7 26 22 35 43 24 36 15 12 44 17
52 46 36 43 37 15 53 49 49 0 44 20 45 15 30 29 27 24 36 33 36 41 31 25 44 29 37 52 23 54 29 23 30 5 44 32 30 41 39 27 46 24 44 14 22 27 55 41 37 35 33
37 2 33 6 37 43 37 14 6 44 0 28 1 39 20 28 35 22 33 24 33 41 30 29 19 15 39 43 52 41 46 24 47 40 8 48 48 5 39 57 11 20 24 32 41 18 39 17 9 46 11
51 30 36 28 40 28 52 37 34 20 28 0 29 11 10 29 31 16 36 29 36 44 31 25 36 13 41 52 38 54 40 18 41 15 30 43 41 26 42 43 33 8 39 16 31 11 54 33 23 44 17
37 1 33 6 37 44 37 14 5 45 1 29 0 40 21 29 36 23 33 24 33 41 30 30 19 16 39 43 53 41 47 25 48 41 8 49 49 6 39 58 11 21 24 33 42 19 39 17 10 46 12
59 41 43 39 47 29 60 48 45 15 39 11 40 0 21 36 37 25 43 37 43 51 38 32 46 24 47 59 37 61 43 26 44 11 41 46 44 37 49 42 44 19 48 21 35 22 62 43 34 49 28
47 22 36 20 40 34 48 29 26 30 20 10 21 21 0 29 33 16 36 26 36 44 31 26 30 5 42 51 44 51 44 18 45 25 22 46 45 18 42 49 25 6 34 21 35 7 50 27 16 46 9
23 29 7 23 11 19 24 24 29 29 28 29 29 36 29 0 7 13 7 5 7 15 2 4 16 24 13 23 25 25 18 11 19 28 22 20 20 23 13 30 22 23 15 16 14 22 26 15 19 19 23
25 36 9 30 10 13 26 31 36 27 35 31 36 37 33 7 0 17 9 12 9 14 7 7 23 28 10 25 18 27 11 15 12 27 29 13 13 30 12 23 29 27 21 16 7 26 28 22 26 13 29
35 24 20 19 24 21 36 25 25 24 22 16 23 25 16 13 17 0 20 13 20 28 15 10 21 11 26 36 31 38 28 2 29 21 20 30 30 17 26 36 22 10 23 10 20 9 38 18 13 30 13
16 33 0 27 4 22 17 24 31 36 33 36 33 43 36 7 9 20 0 10 0 8 5 11 15 31 6 16 27 18 17 18 17 35 25 16 18 28 6 30 24 30 12 23 16 29 19 16 25 13 30
22 24 10 18 14 24 23 19 24 33 24 29 24 37 26 5 12 13 10 0 10 18 6 8 11 21 16 25 30 25 23 11 24 31 17 25 25 19 16 35 17 22 11 19 19 20 25 10 15 23 20
16 33 0 27 4 22 17 24 31 36 33 36 33 43 36 7 9 20 0 10 0 8 5 11 15 31 6 16 27 18 17 18 17 35 25 16 18 28 6 30 24 30 12 23 16 29 19 16 25 13 30
15 41 8 35 4 26 16 31 39 41 41 44 41 51 44 15 14 28 8 18 8 0 13 19 23 39 4 11 26 15 15 26 16 41 33 14 17 36 2 29 32 38 18 30 19 37 17 24 33 11 38
21 30 5 24 9 20 22 24 30 31 30 31 30 38 31 2 7 15 5 6 5 13 0 6 16 26 11 21 25 23 17 13 18 30 23 19 19 25 11 30 23 25 14 18 14 24 24 15 21 17 25
27 31 11 25 15 16 28 27 31 25 29 25 30 32 26 4 7 10 11 8 11 19 6 0 19 21 17 27 23 29 18 8 19 24 24 20 20 24 17 28 25 20 19 12 12 19 30 18 20 20 22
18 19 15 13 19 35 18 9 17 44 19 36 19 46 30 16 23 21 15 11 15 23 16 19 0 25 21 24 41 22 32 21 32 42 11 31 33 15 21 45 10 28 5 30 30 26 20 3 15 28 22
42 17 31 15 35 32 43 24 21 29 15 13 16 24 5 24 28 11 31 21 31 39 26 21 25 0 37 46 42 46 39 13 40 25 17 41 41 13 37 47 20 5 29 19 31 3 45 22 11 41 4
19 39 6 33 2 22 20 30 37 37 39 41 39 47 42 13 10 26 6 16 6 4 11 17 21 37 0 15 22 19 11 24 12 37 31 10 13 34 2 25 30 36 18 26 15 35 21 22 31 7 36
7 43 16 37 15 37 8 32 41 52 43 52 43 59 51 23 25 36 16 25 16 11 21 27 24 46 15 0 37 4 26 34 27 51 35 25 28 39 13 40 34 46 19 39 30 45 6 26 38 22 45
41 54 27 48 24 10 42 49 54 23 52 38 53 37 44 25 18 31 27 30 27 26 25 23 41 42 22 37 0 41 11 29 11 26 47 13 10 47 24 5 47 38 39 23 11 39 43 40 43 17 44
4 41 18 35 18 40 4 29 38 54 41 54 41 61 51 25 27 38 18 25 18 15 23 29 22 46 19 4 41 0 30 36 31 53 33 29 32 37 17 44 31 47 17 41 34 45 2 24 36 26 43
30 47 17 41 13 14 31 41 47 29 46 40 47 43 44 18 11 28 17 23 17 15 17 18 32 39 11 26 11 30 0 26 1 32 40 3 2 41 13 14 40 38 29 24 9 37 32 32 37 6 40
33 26 18 21 22 19 34 26 27 23 24 18 25 26 18 11 15 2 18 11 18 26 13 8 21 13 24 34 29 36 26 0 27 21 21 28 28 19 24 34 23 12 22 9 18 11 36 18 15 28 15
31 48 17 42 14 15 32 41 48 30 47 41 48 44 45 19 12 29 17 24 17 16 18 19 32 40 12 27 11 31 1 27 0 33 41 2 1 42 14 13 41 39 29 25 10 38 33 33 38 6 41
51 42 35 40 37 18 52 46 46 5 40 15 41 11 25 28 27 21 35 31 35 41 30 24 42 25 37 51 26 53 32 21 33 0 41 35 33 38 39 31 43 20 42 12 24 22 54 39 34 38 29
29 8 25 2 29 40 29 7 7 44 8 30 8 41 22 22 29 20 25 17 25 33 23 24 11 17 31 35 47 33 40 21 41 41 0 41 42 4 31 52 3 22 16 30 36 19 31 9 7 38 13
29 49 16 43 12 17 30 40 47 32 48 43 49 46 46 20 13 30 16 25 16 14 19 20 31 41 10 25 13 29 3 28 2 35 41 0 3 43 12 15 40 40 28 27 12 39 31 32 39 4 42
32 49 18 43 15 15 33 42 49 30 48 41 49 44 45 20 13 30 18 25 18 17 19 20 33 41 13 28 10 32 2 28 1 33 42 3 0 43 15 12 42 39 30 25 10 39 34 34 39 7 42
33 7 28 2 32 38 33 11 8 41 5 26 6 37 18 23 30 17 28 19 28 36 25 24 15 13 34 39 47 37 41 19 42 38 4 43 43 0 34 52 7 18 20 27 36 16 35 13 4 41 9
17 39 6 33 2 24 18 30 37 39 39 42 39 49 42 13 12 26 6 16 6 2 11 17 21 37 2 13 24 17 13 24 14 39 31 12 15 34 0 27 30 36 18 28 17 35 19 22 31 9 36
44 59 30 53 27 15 45 54 59 27 57 43 58 42 49 30 23 36 30 35 30 29 30 28 45 47 25 40 5 44 14 34 13 31 52 15 12 52 27 0 52 43 42 28 16 44 46 45 48 19 49
27 10 24 5 28 41 27 4 7 46 11 33 11 44 25 22 29 22 24 17 24 32 23 25 10 20 30 34 47 31 40 23 41 43 3 40 42 7 30 52 0 25 15 32 36 22 29 8 10 37 16
44 22 30 20 34 28 45 29 26 24 20 8 21 19 6 23 27 10 30 22 30 38 25 20 28 5 36 46 38 47 38 12 39 20 22 40 39 18 36 43 25 0 32 15 29 3 47 25 15 40 9
13 24 12 18 16 34 14 13 22 44 24 39 24 48 34 15 21 23 12 11 12 18 14 19 5 29 18 19 39 17 29 22 29 42 16 28 30 20 18 42 15 32 0 30 28 29 16 7 19 25 26
39 34 23 29 26 13 40 35 35 14 32 16 33 21 21 16 16 10 23 19 23 30 18 12 30 19 26 39 23 41 24 9 25 12 30 27 25 27 28 28 32 15 30 0 15 16 42 27 23 29 22
32 43 16 37 16 7 33 38 43 22 41 31 42 35 35 14 7 20 16 19 16 19 14 12 30 31 15 30 11 34 9 18 10 24 36 12 10 36 17 16 36 29 28 15 0 29 35 29 32 14 33
42 20 29 18 33 29 43 26 24 27 18 11 19 22 7 22 26 9 29 20 29 37 24 19 26 3 35 45 39 45 37 11 38 22 19 39 39 16 35 44 22 3 29 16 29 0 45 23 12 39 7
3 39 19 33 20 41 2 27 36 55 39 54 39 62 50 26 28 38 19 25 19 17 24 30 20 45 21 6 43 2 32 36 33 54 31 31 34 35 19 46 29 47 16 42 35 45 0 23 35 28 42
20 17 16 11 20 34 21 9 15 41 17 33 17 43 27 15 22 18 16 10 16 24 15 18 3 22 22 26 40 24 32 18 33 39 9 32 34 13 22 45 8 25 7 27 29 23 23 0 12 29 19
32 11 25 6 29 34 33 14 12 37 9 23 10 34 16 19 26 13 25 15 25 33 21 20 15 11 31 38 43 36 37 15 38 34 7 39 39 4 31 48 10 15 19 23 32 12 35 12 0 38 7
26 46 13 40 9 20 27 37 44 35 46 44 46 49 46 19 13 30 13 23 13 11 17 20 28 41 7 22 17 26 6 28 6 38 38 4 7 41 9 19 37 40 25 29 14 39 28 29 38 0 42
39 13 30 11 34 34 40 20 17 33 11 17 12 28 9 23 29 13 30 20 30 38 25 22 22 4 36 45 44 43 40 15 41 29 13 42 42 9 36 49 16 9 26 22 33 7 42 19 7 42 0
0 409
62 62
78 78
249 249
37 37
252 252
338 338
350 350
124 124
303 303
122 122
396 396
337 337
292 292
388 388
290 290
376 376
116 116
105 105
162 162
239 239
298 298
225 225
58 58
238 238
138 138
40 40
269 269
209 209
178 178
304 304
165 165
103 103
158 158
54 54
44 44
61 61
372 372
285 285
345 345
86 86
99 99
348 348
127 127
154 154
371 371
374 374
40 40
76 76
67 67
162 162
0
73
31
40
49
21
46
57
13
55
30
30
38
36
30
71
60
81
75
50
35
66
50
44
63
43
34
42
22
49
38
62
35
72
57
81
42
36
18
47
77
63
59
84
39
80
51
60
57
55
52
