51
1625
0 16 14 5 26 15 15 21 20 13 19 27 29 17 26 36 31 20 11 35 6 26 40 18 15 17 7 12 22 28 27 29 23 16 22 26 9 18 35 11 16 35 16 22 18 19 33 17 39 2 20
16 0 24 12 27 31 17 20 7 29 3 34 21 16 19 23 29 30 16 36 13 11 41 20 2 24 16 25 32 13 11 30 13 29 28 27 8 29 37 5 17 21 19 32 20 6 28 20 40 18 21
14 24 0 12 20 14 29 35 24 13 27 13 27 14 24 39 25 6 9 25 11 33 30 13 25 5 8 24 8 35 35 23 35 6 10 40 16 5 23 19 13 39 30 8 13 24 28 31 29 14 15
5 12 12 0 21 19 18 24 15 17 15 24 24 12 21 31 26 18 6 30 1 22 35 13 13 14 4 17 20 24 23 24 23 17 18 30 4 17 30 7 11 30 20 20 13 14 28 21 34 7 15
26 27 20 21 0 34 39 45 20 33 28 18 10 11 9 25 5 21 15 10 20 28 15 8 29 15 19 38 23 30 33 3 40 26 12 51 22 23 12 23 11 26 41 23 8 21 8 42 14 27 6
15 31 14 19 34 0 28 34 34 2 34 23 39 26 36 50 39 16 21 39 19 41 43 26 30 19 17 17 16 43 42 37 38 8 24 37 23 13 36 26 25 49 28 16 26 33 41 29 42 13 28
15 17 29 18 39 28 0 6 24 26 19 42 38 28 36 40 44 35 24 48 19 28 53 31 15 32 22 12 37 29 24 42 13 29 36 12 17 33 48 18 28 38 2 37 31 23 45 3 52 15 33
21 20 35 24 45 34 6 0 27 32 21 48 41 34 39 41 49 41 30 54 25 29 59 37 18 38 28 17 43 30 24 48 11 35 42 7 23 39 54 22 34 39 6 43 37 26 48 5 58 21 39
20 7 24 15 20 34 24 27 0 32 8 30 14 12 12 16 22 30 15 30 15 9 35 16 9 23 18 31 32 11 13 23 20 30 24 34 11 29 32 9 13 15 26 32 16 1 21 27 34 22 16
13 29 13 17 33 2 26 32 32 0 32 23 38 25 35 48 38 16 19 38 17 39 43 25 28 18 15 16 16 41 40 36 36 8 23 36 21 13 36 24 24 47 26 16 25 31 40 27 42 11 27
19 3 27 15 28 34 19 21 8 32 0 37 22 19 20 21 30 33 19 38 16 9 43 23 4 27 19 27 35 10 8 31 12 32 31 28 11 32 40 8 20 19 21 35 23 7 29 22 42 21 24
27 34 13 24 18 23 42 48 30 23 37 0 27 18 24 41 22 8 18 17 23 39 20 14 35 10 20 37 7 41 42 20 45 15 6 53 26 11 13 29 17 42 43 7 14 30 26 44 19 27 15
29 21 27 24 10 39 38 41 14 38 22 27 0 13 3 15 10 30 19 19 23 19 23 14 23 22 23 41 32 21 25 11 34 33 21 48 22 30 22 21 14 16 40 32 14 15 7 41 22 31 12
17 16 14 12 11 26 28 34 12 25 19 18 13 0 10 25 16 19 6 20 11 21 25 4 18 11 10 29 21 23 25 14 29 20 12 40 11 18 21 12 1 25 30 21 4 13 17 31 24 18 5
26 19 24 21 9 36 36 39 12 35 20 24 3 10 0 17 10 27 16 19 20 19 23 11 21 19 20 38 29 21 25 11 32 30 18 46 19 27 21 18 11 18 38 29 11 13 9 39 22 28 9
36 23 39 31 25 50 40 41 16 48 21 41 15 25 17 0 25 44 31 34 31 12 38 28 25 36 34 47 46 11 17 26 30 45 35 47 27 43 37 25 26 2 42 46 28 17 21 43 37 38 26
31 29 25 26 5 39 44 49 22 38 30 22 10 16 10 25 0 26 20 9 25 29 13 13 31 20 24 43 28 31 35 2 42 31 17 56 27 28 13 27 16 26 46 28 13 23 4 47 12 32 11
20 30 6 18 21 16 35 41 30 16 33 8 30 19 27 44 26 0 15 24 17 39 28 16 31 8 14 30 2 41 41 24 41 8 9 46 22 3 21 25 18 44 36 2 16 30 29 37 27 20 18
11 16 9 6 15 21 24 30 15 19 19 18 19 6 16 31 20 15 0 24 5 24 29 7 17 8 4 23 17 26 27 18 27 15 12 36 8 14 24 11 5 30 26 17 7 15 22 27 28 12 9
35 36 25 30 10 39 48 54 30 38 38 17 19 20 19 34 9 24 24 0 29 38 5 17 38 20 28 47 24 40 43 8 49 31 15 60 31 26 4 32 20 35 50 24 17 31 13 51 4 36 15
6 13 11 1 20 19 19 25 15 17 16 23 23 11 20 31 25 17 5 29 0 23 34 12 14 13 3 18 19 25 24 23 24 16 17 31 5 16 29 8 10 30 21 19 12 15 27 22 33 8 14
26 11 33 22 28 41 28 29 9 39 9 39 19 21 19 12 29 39 24 38 23 0 42 25 13 32 26 36 41 2 6 30 18 39 33 35 18 38 40 15 22 10 30 41 25 9 26 31 41 28 25
40 41 30 35 15 43 53 59 35 43 43 20 23 25 23 38 13 28 29 5 34 42 0 22 43 25 33 52 27 44 48 13 54 35 20 65 36 31 7 37 25 39 55 27 22 36 17 56 1 41 20
18 20 13 13 8 26 31 37 16 25 23 14 14 4 11 28 13 16 7 17 12 25 22 0 21 8 11 30 18 27 28 11 32 19 8 43 14 16 17 15 3 28 33 18 0 16 15 34 21 19 2
15 2 25 13 29 30 15 18 9 28 4 35 23 18 21 25 31 31 17 38 14 13 43 21 0 25 17 23 33 14 12 32 11 30 29 25 9 30 38 6 18 23 17 33 21 8 30 18 42 17 23
17 24 5 14 15 19 32 38 23 18 27 10 22 11 19 36 20 8 8 20 13 32 25 8 25 0 10 29 10 34 35 18 35 11 5 43 16 8 18 19 10 36 33 10 8 23 23 34 24 18 10
7 16 8 4 19 17 22 28 18 15 19 20 23 10 20 34 24 14 4 28 3 26 33 11 17 10 0 19 16 28 27 22 27 13 15 33 8 13 28 11 9 33 23 16 11 17 26 24 32 8 13
12 25 24 17 38 17 12 17 31 16 27 37 41 29 38 47 43 30 23 47 18 36 52 30 23 29 19 0 31 37 35 41 25 23 34 20 21 27 47 22 28 46 11 31 30 30 45 12 51 11 32
22 32 8 20 23 16 37 43 32 16 35 7 32 21 29 46 28 2 17 24 19 41 27 18 33 10 16 31 0 43 43 26 43 8 11 48 24 4 20 27 20 46 38 0 18 32 31 39 26 22 20
28 13 35 24 30 43 29 30 11 41 10 41 21 23 21 11 31 41 26 40 25 2 44 27 14 34 28 37 43 0 6 32 19 41 35 36 20 40 42 17 24 9 31 43 27 11 28 32 43 30 27
27 11 35 23 33 42 24 24 13 40 8 42 25 25 25 17 35 41 27 43 24 6 48 28 12 35 27 35 43 6 0 36 13 40 36 30 19 40 45 16 25 15 26 43 28 12 32 27 47 29 29
29 30 23 24 3 37 42 48 23 36 31 20 11 14 11 26 2 24 18 8 23 30 13 11 32 18 22 41 26 32 36 0 43 29 15 54 25 26 11 26 14 27 44 26 11 24 6 45 12 30 9
23 13 35 23 40 38 13 11 20 36 12 45 34 29 32 30 42 41 27 49 24 18 54 32 11 35 27 25 43 19 13 43 0 39 39 17 19 40 49 17 29 28 15 43 32 19 41 15 53 25 34
16 29 6 17 26 8 29 35 30 8 32 15 33 20 30 45 31 8 15 31 16 39 35 19 30 11 13 23 8 41 40 29 39 0 16 41 21 5 28 24 19 45 31 8 19 30 34 32 34 14 21
22 28 10 18 12 24 36 42 24 23 31 6 21 12 18 35 17 9 12 15 17 33 20 8 29 5 15 34 11 35 36 15 39 16 0 48 20 11 13 23 11 36 38 11 8 24 20 39 19 23 9
26 27 40 30 51 37 12 7 34 36 28 53 48 40 46 47 56 46 36 60 31 35 65 43 25 43 33 20 48 36 30 54 17 41 48 0 29 44 60 29 40 45 10 48 43 33 55 9 64 27 45
9 8 16 4 22 23 17 23 11 21 11 26 22 11 19 27 27 22 8 31 5 18 36 14 9 16 8 21 24 20 19 25 19 21 20 29 0 21 31 3 11 26 19 24 14 10 28 20 35 11 16
18 29 5 17 23 13 33 39 29 13 32 11 30 18 27 43 28 3 14 26 16 38 31 16 30 8 13 27 4 40 40 26 40 5 11 44 21 0 24 24 17 43 34 4 16 29 31 35 30 18 18
35 37 23 30 12 36 48 54 32 36 40 13 22 21 21 37 13 21 24 4 29 40 7 17 38 18 28 47 20 42 45 11 49 28 13 60 31 24 0 32 20 38 50 20 17 33 17 51 6 36 16
11 5 19 7 23 26 18 22 9 24 8 29 21 12 18 25 27 25 11 32 8 15 37 15 6 19 11 22 27 17 16 26 17 24 23 29 3 24 32 0 12 24 20 27 15 8 27 21 36 13 17
16 17 13 11 11 25 28 34 13 24 20 17 14 1 11 26 16 18 5 20 10 22 25 3 18 10 9 28 20 24 25 14 29 19 11 40 11 17 20 12 0 26 30 20 3 13 18 31 24 17 5
35 21 39 30 26 49 38 39 15 47 19 42 16 25 18 2 26 44 30 35 30 10 39 28 23 36 33 46 46 9 15 27 28 45 36 45 26 43 38 24 26 0 40 46 28 16 23 41 38 37 27
16 19 30 20 41 28 2 6 26 26 21 43 40 30 38 42 46 36 26 50 21 30 55 33 17 33 23 11 38 31 26 44 15 31 38 10 19 34 50 20 30 40 0 38 33 25 47 1 54 17 35
22 32 8 20 23 16 37 43 32 16 35 7 32 21 29 46 28 2 17 24 19 41 27 18 33 10 16 31 0 43 43 26 43 8 11 48 24 4 20 27 20 46 38 0 18 32 31 39 26 22 20
18 20 13 13 8 26 31 37 16 25 23 14 14 4 11 28 13 16 7 17 12 25 22 0 21 8 11 30 18 27 28 11 32 19 8 43 14 16 17 15 3 28 33 18 0 16 15 34 21 19 2
19 6 24 14 21 33 23 26 1 31 7 30 15 13 13 17 23 30 15 31 15 9 36 16 8 23 17 30 32 11 12 24 19 30 24 33 10 29 33 8 13 16 25 32 16 0 22 26 35 21 17
33 28 28 28 8 41 45 48 21 40 29 26 7 17 9 21 4 29 22 13 27 26 17 15 30 23 26 45 31 28 32 6 41 34 20 55 28 31 17 27 18 23 47 31 15 22 0 48 16 34 13
17 20 31 21 42 29 3 5 27 27 22 44 41 31 39 43 47 37 27 51 22 31 56 34 18 34 24 12 39 32 27 45 15 32 39 9 20 35 51 21 31 41 1 39 34 26 48 0 55 18 36
39 40 29 34 14 42 52 58 34 42 42 19 22 24 22 37 12 27 28 4 33 41 1 21 42 24 32 51 26 43 47 12 53 34 19 64 35 30 6 36 24 38 54 26 21 35 16 55 0 40 19
2 18 14 7 27 13 15 21 22 11 21 27 31 18 28 38 32 20 12 36 8 28 41 19 17 18 8 11 22 30 29 30 25 14 23 27 11 18 36 13 17 37 17 22 19 21 34 18 40 0 21
20 21 15 15 6 28 33 39 16 27 24 15 12 5 9 26 11 18 9 15 14 25 20 2 23 10 13 32 20 27 29 9 34 21 9 45 16 18 16 17 5 27 35 20 2 17 13 36 19 21 0
0 464
438 438
210 210
108 108
241 241
360 360
285 285
365 365
377 377
355 355
329 329
51 51
172 172
199 199
365 365
394 394
231 231
238 238
367 367
224 224
159 159
77 77
397 397
292 292
166 166
423 423
240 240
280 280
85 85
258 258
174 174
118 118
274 274
118 118
157 157
369 369
69 69
340 340
63 63
149 149
201 201
423 423
99 99
3 3
278 278
64 64
266 266
457 457
367 367
124 124
189 189
0
54
22
82
51
38
50
68
58
70
21
31
74
64
62
52
20
36
23
17
57
63
59
50
38
51
85
58
41
25
46
28
62
85
24
37
59
25
67
44
39
83
56
66
40
21
44
67
56
53
77
