51
1625
0 35 30 5 24 17 23 18 16 36 23 33 24 29 16 2 29 17 16 30 28 7 22 18 23 24 22 15 11 36 14 29 9 33 38 24 13 15 38 23 15 25 18 23 17 23 14 29 18 14 12
35 0 30 33 13 38 55 39 37 37 57 35 36 6 31 36 42 34 27 7 14 28 57 43 36 26 14 38 34 8 36 37 39 34 3 14 41 43 5 53 33 59 27 39 38 29 36 6 28 22 23
30 30 0 34 21 20 39 21 21 7 45 5 50 29 16 29 15 43 14 34 16 30 46 48 49 6 21 45 22 25 43 10 28 4 31 33 43 45 29 36 41 45 12 16 20 8 43 27 41 20 28
5 33 34 0 23 22 28 23 21 40 26 37 19 27 21 7 34 12 20 28 29 5 25 15 18 28 21 11 16 35 9 34 14 37 36 21 10 12 36 28 10 28 22 28 22 27 9 27 13 16 10
24 13 21 23 0 26 43 27 25 28 45 26 33 8 19 24 31 29 15 13 7 18 45 36 33 15 2 31 22 12 29 26 27 25 15 13 33 35 14 41 27 47 14 26 26 17 29 7 24 10 13
17 38 20 22 26 0 19 1 1 21 25 19 41 33 7 15 12 34 11 38 26 21 26 35 40 17 24 32 6 36 31 13 10 20 41 35 30 32 39 16 32 25 12 6 0 14 31 32 33 18 23
23 55 39 28 43 19 0 18 20 39 8 37 44 50 26 22 28 37 29 53 45 30 11 33 43 36 41 34 21 55 34 31 16 38 58 47 30 29 57 3 37 7 31 24 19 33 34 49 41 33 35
18 39 21 23 27 1 18 0 2 22 24 20 42 34 8 16 13 35 12 39 27 22 25 35 41 18 25 33 7 37 32 14 9 21 42 36 30 31 40 15 33 24 13 7 1 15 32 33 34 19 24
16 37 21 21 25 1 20 2 0 22 25 20 40 32 6 14 13 33 10 37 25 20 26 34 39 16 23 31 5 35 30 14 9 21 40 34 29 31 38 17 31 26 11 7 1 13 30 31 32 17 22
36 37 7 40 28 21 39 22 22 0 46 3 56 36 20 35 12 49 20 41 23 36 47 54 55 13 28 51 26 32 49 8 31 3 38 40 49 51 36 36 47 46 18 15 21 13 49 34 48 27 35
23 57 45 26 45 25 8 24 25 46 0 44 40 52 31 22 36 33 33 53 49 30 3 28 39 41 43 29 25 57 30 38 19 45 60 47 25 24 59 11 33 2 35 31 25 38 30 51 38 35 35
33 35 5 37 26 19 37 20 20 3 44 0 53 34 17 32 11 46 17 39 21 33 45 51 52 11 26 48 23 30 46 6 28 1 36 38 46 48 34 34 44 44 15 13 19 10 46 32 45 24 32
24 36 50 19 33 41 44 42 40 56 40 53 0 31 38 26 53 7 36 29 39 20 38 15 1 44 31 11 35 42 10 51 33 53 39 23 15 17 41 45 9 42 38 47 41 43 10 33 9 30 22
29 6 29 27 8 33 50 34 32 36 52 34 31 0 26 30 39 28 22 5 13 22 51 37 31 23 9 32 29 11 30 34 34 33 9 8 35 37 10 48 27 54 22 34 33 25 30 2 22 17 17
16 31 16 21 19 7 26 8 6 20 31 17 38 26 0 15 15 31 4 31 19 18 31 34 37 10 17 31 6 29 30 13 12 17 34 28 29 31 32 23 29 32 5 9 7 8 30 25 30 11 18
2 36 29 7 24 15 22 16 14 35 22 32 26 30 15 0 27 19 15 31 28 9 21 20 25 23 22 17 10 36 16 28 7 32 39 25 15 17 38 21 17 24 17 21 15 22 16 30 20 14 13
29 42 15 34 31 12 28 13 13 12 36 11 53 39 15 27 0 46 19 44 28 33 38 47 52 16 31 44 18 38 43 5 22 12 43 43 42 44 41 25 44 35 18 6 12 14 43 38 45 26 33
17 34 43 12 29 34 37 35 33 49 33 46 7 28 31 19 46 0 29 27 35 13 31 10 6 37 27 5 28 39 3 44 26 46 37 20 8 10 38 38 2 35 31 40 34 36 3 30 6 24 16
16 27 14 20 15 11 29 12 10 20 33 17 36 22 4 15 19 29 0 27 16 16 33 34 35 8 13 31 8 26 29 15 14 17 30 24 29 31 28 27 27 34 2 13 11 7 29 21 28 7 15
30 7 34 28 13 38 53 39 37 41 53 39 29 5 31 31 44 27 27 0 18 23 52 36 29 28 14 31 33 15 29 39 37 38 10 7 34 36 12 52 26 55 27 39 38 30 29 7 21 21 18
28 14 16 29 7 26 45 27 25 23 49 21 39 13 19 28 28 35 16 18 0 24 49 42 39 12 8 37 24 10 35 23 30 20 15 19 39 41 13 42 33 50 14 26 26 15 35 11 30 14 19
7 28 30 5 18 21 30 22 20 36 30 33 20 22 18 9 33 13 16 23 24 0 29 20 19 24 16 15 15 30 13 31 15 33 31 17 15 17 31 30 11 32 18 27 21 23 13 22 12 11 5
22 57 46 25 45 26 11 25 26 47 3 45 38 51 31 21 38 31 33 52 49 29 0 25 37 41 43 27 25 57 28 39 19 46 60 46 23 21 59 14 31 5 35 32 26 39 28 51 36 35 34
18 43 48 15 36 35 33 35 34 54 28 51 15 37 34 20 47 10 34 36 42 20 25 0 14 42 34 5 29 47 7 47 26 51 46 29 5 4 47 34 10 30 36 41 35 41 7 38 15 31 23
23 36 49 18 33 40 43 41 39 55 39 52 1 31 37 25 52 6 35 29 39 19 37 14 0 43 31 11 34 42 9 50 32 52 39 23 14 16 41 44 8 41 37 46 40 42 9 33 9 30 22
24 26 6 28 15 17 36 18 16 13 41 11 44 23 10 23 16 37 8 28 12 24 41 42 43 0 16 39 16 22 37 11 22 10 27 28 37 39 25 33 35 42 6 14 17 3 37 22 35 14 22
22 14 21 21 2 24 41 25 23 28 43 26 31 9 17 22 31 27 13 14 8 16 43 34 31 16 0 29 20 14 27 27 25 25 17 12 31 33 16 39 25 45 13 25 24 17 27 8 22 8 11
15 38 45 11 31 32 34 33 31 51 29 48 11 32 31 17 44 5 31 31 37 15 27 5 11 39 29 0 26 42 2 44 24 48 41 24 4 6 42 35 5 31 33 38 32 38 2 33 10 26 18
11 34 22 16 22 6 21 7 5 26 25 23 35 29 6 10 18 28 8 33 24 15 25 29 34 16 20 26 0 34 25 18 6 23 37 29 24 26 36 19 26 26 10 12 6 14 25 28 27 12 17
36 8 25 35 12 36 55 37 35 32 57 30 42 11 29 36 38 39 26 15 10 30 57 47 42 22 14 42 34 0 40 33 39 29 7 19 45 47 4 52 37 59 24 36 36 25 40 9 33 22 25
14 36 43 9 29 31 34 32 30 49 30 46 10 30 30 16 43 3 29 29 35 13 28 7 9 37 27 2 25 40 0 43 23 46 39 22 5 7 40 35 3 32 31 37 31 36 0 31 8 24 16
29 37 10 34 26 13 31 14 14 8 38 6 51 34 13 28 5 44 15 39 23 31 39 47 50 11 27 44 18 33 43 0 23 7 38 39 42 44 36 28 42 38 14 7 13 10 43 33 43 22 30
9 39 28 14 27 10 16 9 9 31 19 28 33 34 12 7 22 26 14 37 30 15 19 26 32 22 25 24 6 39 23 23 0 29 42 31 21 22 41 15 24 20 16 16 10 20 23 33 27 17 19
33 34 4 37 25 20 38 21 21 3 45 1 53 33 17 32 12 46 17 38 20 33 46 51 52 10 25 48 23 29 46 7 29 0 35 37 46 48 33 35 44 45 15 14 20 10 46 31 45 24 32
38 3 31 36 15 41 58 42 40 38 60 36 39 9 34 39 43 37 30 10 15 31 60 46 39 27 17 41 37 7 39 38 42 35 0 17 44 46 3 56 36 62 29 41 41 30 39 9 31 25 26
24 14 33 21 13 35 47 36 34 40 47 38 23 8 28 25 43 20 24 7 19 17 46 29 23 28 12 24 29 19 22 39 31 37 17 0 27 29 18 46 19 49 25 37 35 29 22 10 14 17 12
13 41 43 10 33 30 30 30 29 49 25 46 15 35 29 15 42 8 29 34 39 15 23 5 14 37 31 4 24 45 5 42 21 46 44 27 0 2 45 31 8 27 31 36 30 36 5 36 13 26 20
15 43 45 12 35 32 29 31 31 51 24 48 17 37 31 17 44 10 31 36 41 17 21 4 16 39 33 6 26 47 7 44 22 48 46 29 2 0 47 30 10 26 33 38 32 38 7 38 15 28 22
38 5 29 36 14 39 57 40 38 36 59 34 41 10 32 38 41 38 28 12 13 31 59 47 41 25 16 42 36 4 40 36 41 33 3 18 45 47 0 55 37 61 27 39 39 28 40 9 32 24 26
23 53 36 28 41 16 3 15 17 36 11 34 45 48 23 21 25 38 27 52 42 30 14 34 44 33 39 35 19 52 35 28 15 35 56 46 31 30 55 0 38 10 28 21 16 30 35 47 41 31 34
15 33 41 10 27 32 37 33 31 47 33 44 9 27 29 17 44 2 27 26 33 11 31 10 8 35 25 5 26 37 3 42 24 44 36 19 8 10 37 38 0 35 29 38 32 34 3 28 5 22 14
25 59 45 28 47 25 7 24 26 46 2 44 42 54 32 24 35 35 34 55 50 32 5 30 41 42 45 31 26 59 32 38 20 45 62 49 27 26 61 10 35 0 36 31 25 39 32 53 40 37 37
18 27 12 22 14 12 31 13 11 18 35 15 38 22 5 17 18 31 2 27 14 18 35 36 37 6 13 33 10 24 31 14 16 15 29 25 31 33 27 28 29 36 0 12 12 5 31 21 30 9 17
23 39 16 28 26 6 24 7 7 15 31 13 47 34 9 21 6 40 13 39 26 27 32 41 46 14 25 38 12 36 37 7 16 14 41 37 36 38 39 21 38 31 12 0 6 11 37 33 39 20 27
17 38 20 22 26 0 19 1 1 21 25 19 41 33 7 15 12 34 11 38 26 21 26 35 40 17 24 32 6 36 31 13 10 20 41 35 30 32 39 16 32 25 12 6 0 14 31 32 33 18 23
23 29 8 27 17 14 33 15 13 13 38 10 43 25 8 22 14 36 7 30 15 23 39 41 42 3 17 38 14 25 36 10 20 10 30 29 36 38 28 30 34 39 5 11 14 0 36 24 35 14 22
14 36 43 9 29 31 34 32 30 49 30 46 10 30 30 16 43 3 29 29 35 13 28 7 9 37 27 2 25 40 0 43 23 46 39 22 5 7 40 35 3 32 31 37 31 36 0 31 8 24 16
29 6 27 27 7 32 49 33 31 34 51 32 33 2 25 30 38 30 21 7 11 22 51 38 33 22 8 33 28 9 31 33 33 31 9 10 36 38 9 47 28 53 21 33 32 24 31 0 24 16 17
18 28 41 13 24 33 41 34 32 48 38 45 9 22 30 20 45 6 28 21 30 12 36 15 9 35 22 10 27 33 8 43 27 45 31 14 13 15 32 41 5 40 30 39 33 35 8 24 0 21 13
14 22 20 16 10 18 33 19 17 27 35 24 30 17 11 14 26 24 7 21 14 11 35 31 30 14 8 26 12 22 24 22 17 24 25 17 26 28 24 31 22 37 9 20 18 14 24 16 21 0 8
12 23 28 10 13 23 35 24 22 35 35 32 22 17 18 13 33 16 15 18 19 5 34 23 22 22 11 18 17 25 16 30 19 32 26 12 20 22 26 34 14 37 17 27 23 22 16 17 13 8 0
0 300
55 145
121 211
97 187
209 299
138 228
12 102
27 117
114 204
180 270
74 164
11 101
6 96
85 175
150 240
158 248
197 287
1 91
27 117
133 223
18 108
5 95
11 101
160 250
33 123
152 242
90 180
108 198
167 257
189 279
135 225
172 262
19 109
55 145
205 295
60 150
105 195
31 121
159 249
62 152
120 210
39 129
196 286
71 161
108 198
60 150
74 164
206 296
111 201
60 150
127 217
0
28
12
49
52
63
60
40
17
46
27
19
61
66
45
14
67
60
70
70
61
76
53
78
43
44
24
72
67
28
69
48
43
71
57
55
69
13
49
73
39
66
60
36
56
44
54
56
69
45
15
