51
1625
0 33 36 23 20 2 39 8 11 34 19 19 7 30 15 19 33 20 10 5 22 34 7 15 26 9 6 13 35 24 20 17 24 2 25 17 29 22 17 19 30 17 15 30 29 23 18 15 6 12 41
33 0 3 18 38 34 39 30 44 17 42 46 28 16 39 14 21 47 25 36 46 5 40 47 42 24 33 38 3 26 15 17 23 31 8 29 4 14 22 24 3 20 21 35 33 23 35 35 33 31 8
36 3 0 21 41 37 40 33 47 18 45 49 31 17 42 17 22 50 28 39 49 6 43 50 44 27 36 41 2 29 18 20 25 34 11 32 7 17 25 27 6 23 24 36 34 26 38 38 36 34 5
23 18 21 0 38 24 23 25 34 11 26 30 22 7 23 10 10 31 13 25 30 15 30 36 43 16 27 34 19 8 15 16 28 21 13 30 14 6 23 25 15 6 20 17 15 5 19 19 27 29 26
20 38 41 38 0 18 57 13 22 48 39 39 16 44 35 29 48 40 25 25 42 40 21 28 6 22 14 8 41 40 24 23 18 22 31 9 35 33 16 14 36 32 19 48 47 39 38 35 14 10 43
2 34 37 24 18 0 41 6 11 35 21 21 6 31 17 20 34 22 11 7 24 35 7 15 24 10 4 11 36 26 20 17 23 4 26 15 30 23 16 17 31 18 14 32 31 25 20 17 4 10 42
39 39 40 23 57 41 0 44 47 22 27 33 41 23 28 33 18 33 32 38 30 34 44 44 63 35 45 52 38 17 38 38 51 37 36 51 36 29 45 47 36 26 42 9 10 19 22 25 45 48 45
8 30 33 25 13 6 44 0 15 36 27 27 3 32 23 18 35 28 12 13 30 31 12 21 19 9 3 9 32 27 15 13 17 9 22 9 26 21 11 11 27 19 9 35 34 26 25 22 3 4 37
11 44 47 34 22 11 47 15 0 45 22 19 17 41 19 30 44 20 21 10 22 45 4 6 28 20 12 14 46 34 30 28 32 13 36 23 40 33 26 26 41 28 24 38 38 34 25 22 12 18 52
34 17 18 11 48 35 22 36 45 0 34 39 33 4 32 19 4 40 24 36 38 12 41 47 52 27 38 45 16 15 24 25 36 32 18 39 16 15 32 34 15 17 29 20 18 13 27 28 38 38 23
19 42 45 26 39 21 27 27 22 34 0 6 25 31 4 29 31 7 20 15 4 41 21 18 45 22 25 32 44 19 34 31 42 18 35 36 38 28 35 37 39 22 31 19 20 21 7 7 25 31 50
19 46 49 30 39 21 33 27 19 39 6 0 26 36 7 33 37 1 22 14 3 45 18 13 45 24 25 31 48 25 36 33 43 18 39 36 42 32 36 38 43 26 33 25 26 26 13 11 25 31 54
7 28 31 22 16 6 41 3 17 33 25 26 0 29 21 15 32 27 9 12 28 29 13 21 22 6 5 12 30 24 14 11 17 8 20 11 24 18 10 12 25 16 8 32 31 23 23 20 5 7 36
30 16 17 7 44 31 23 32 41 4 31 36 29 0 29 15 5 37 20 32 35 11 37 43 48 23 34 41 15 13 20 21 33 28 15 35 13 11 28 30 13 13 25 19 17 10 24 25 34 34 22
15 39 42 23 35 17 28 23 19 32 4 7 21 29 0 26 30 8 16 11 7 38 17 16 41 18 21 28 41 18 30 27 38 14 32 32 35 25 31 33 36 19 27 19 20 19 6 4 21 27 47
19 14 17 10 29 20 33 18 30 19 29 33 15 15 26 0 20 34 11 22 33 15 26 33 33 10 20 27 16 17 6 6 19 17 6 20 10 4 13 15 11 8 10 26 24 14 23 22 20 20 22
33 21 22 10 48 34 18 35 44 4 31 37 32 5 30 20 0 38 23 35 35 16 40 45 53 26 37 44 20 12 25 26 38 31 20 40 18 16 33 35 18 16 30 16 14 11 24 26 37 39 27
20 47 50 31 40 22 33 28 20 40 7 1 27 37 8 34 38 0 23 15 3 46 19 14 46 25 26 32 49 26 37 34 44 19 40 37 43 33 37 39 44 27 34 26 27 27 14 12 26 32 55
10 25 28 13 25 11 32 12 21 24 20 22 9 20 16 11 23 23 0 12 23 25 17 23 31 3 14 21 27 15 14 11 23 8 17 20 21 12 16 18 22 7 12 23 22 14 15 13 14 16 33
5 36 39 25 25 7 38 13 10 36 15 14 12 32 11 22 35 15 12 0 17 37 6 11 31 12 11 17 38 24 24 21 29 5 28 22 32 24 22 24 33 19 20 29 29 24 16 13 11 17 44
22 46 49 30 42 24 30 30 22 38 4 3 28 35 7 33 35 3 23 17 0 45 21 16 48 25 28 34 48 23 37 34 45 21 39 39 42 32 38 40 43 26 34 23 24 25 11 11 28 34 54
34 5 6 15 40 35 34 31 45 12 41 45 29 11 38 15 16 46 25 37 45 0 41 48 44 25 34 39 4 23 16 18 26 32 9 31 5 13 24 26 4 19 22 30 28 20 34 34 34 32 11
7 40 43 30 21 7 44 12 4 41 21 18 13 37 17 26 40 19 17 6 21 41 0 9 27 16 9 13 42 30 27 24 29 9 32 20 36 29 23 23 37 24 21 35 35 30 22 19 9 15 48
15 47 50 36 28 15 44 21 6 47 18 13 21 43 16 33 45 14 23 11 16 48 9 0 34 23 18 20 49 34 35 32 38 16 39 29 43 35 31 32 44 30 29 35 36 34 22 20 18 24 55
26 42 44 43 6 24 63 19 28 52 45 45 22 48 41 33 53 46 31 31 48 44 27 34 0 28 20 14 45 46 28 27 19 28 35 13 39 37 20 18 40 38 23 54 53 45 44 41 20 15 45
9 24 27 16 22 10 35 9 20 27 22 24 6 23 18 10 26 25 3 12 25 25 16 23 28 0 11 18 26 18 12 9 20 7 16 17 20 13 13 15 21 10 9 26 25 17 18 16 11 13 32
6 33 36 27 14 4 45 3 12 38 25 25 5 34 21 20 37 26 14 11 28 34 9 18 20 11 0 7 35 29 18 16 20 8 25 11 29 23 14 14 30 21 12 36 35 28 24 21 0 6 40
13 38 41 34 8 11 52 9 14 45 32 31 12 41 28 27 44 32 21 17 34 39 13 20 14 18 7 0 40 36 23 21 21 15 30 11 34 30 16 16 35 28 17 43 42 35 31 28 7 7 43
35 3 2 19 41 36 38 32 46 16 44 48 30 15 41 16 20 49 27 38 48 4 42 49 45 26 35 40 0 27 17 19 26 33 10 32 6 16 25 27 5 22 23 34 32 24 37 37 35 33 7
24 26 29 8 40 26 17 27 34 15 19 25 24 13 18 17 12 26 15 24 23 23 30 34 46 18 29 36 27 0 23 21 35 22 21 34 22 14 28 30 23 9 25 9 7 3 12 14 29 31 34
20 15 18 15 24 20 38 15 30 24 34 36 14 20 30 6 25 37 14 24 37 16 27 35 28 12 18 23 17 23 0 3 13 19 7 15 11 9 8 10 12 14 6 32 30 20 28 27 18 16 22
17 17 20 16 23 17 38 13 28 25 31 33 11 21 27 6 26 34 11 21 34 18 24 32 27 9 16 21 19 21 3 0 14 16 9 14 13 10 7 9 14 12 4 30 28 19 26 24 16 14 25
24 23 25 28 18 23 51 17 32 36 42 43 17 33 38 19 38 44 23 29 45 26 29 38 19 20 20 21 26 35 13 14 0 25 18 10 21 22 7 6 22 26 11 44 42 33 38 36 20 15 26
2 31 34 21 22 4 37 9 13 32 18 18 8 28 14 17 31 19 8 5 21 32 9 16 28 7 8 15 33 22 19 16 25 0 23 18 27 20 18 20 28 15 15 28 27 21 16 13 8 13 39
25 8 11 13 31 26 36 22 36 18 35 39 20 15 32 6 20 40 17 28 39 9 32 39 35 16 25 30 10 21 7 9 18 23 0 22 4 7 15 17 5 13 13 30 28 18 28 28 25 23 16
17 29 32 30 9 15 51 9 23 39 36 36 11 35 32 20 40 37 20 22 39 31 20 29 13 17 11 11 32 34 15 14 10 18 22 0 26 24 7 5 27 25 10 43 41 32 34 31 11 5 34
29 4 7 14 35 30 36 26 40 16 38 42 24 13 35 10 18 43 21 32 42 5 36 43 39 20 29 34 6 22 11 13 21 27 4 26 0 10 19 21 1 16 17 31 29 19 31 31 29 27 12
22 14 17 6 33 23 29 21 33 15 28 32 18 11 25 4 16 33 12 24 32 13 29 35 37 13 23 30 16 14 9 10 22 20 7 24 10 0 17 19 11 6 14 23 21 11 21 21 23 23 22
17 22 25 23 16 16 45 11 26 32 35 36 10 28 31 13 33 37 16 22 38 24 23 31 20 13 14 16 25 28 8 7 7 18 15 7 19 17 0 2 20 19 4 37 35 26 31 29 14 9 27
19 24 27 25 14 17 47 11 26 34 37 38 12 30 33 15 35 39 18 24 40 26 23 32 18 15 14 16 27 30 10 9 6 20 17 5 21 19 2 0 22 21 6 39 37 28 33 31 14 9 29
30 3 6 15 36 31 36 27 41 15 39 43 25 13 36 11 18 44 22 33 43 4 37 44 40 21 30 35 5 23 12 14 22 28 5 27 1 11 20 22 0 17 18 32 30 20 32 32 30 28 11
17 20 23 6 32 18 26 19 28 17 22 26 16 13 19 8 16 27 7 19 26 19 24 30 38 10 21 28 22 9 14 12 26 15 13 25 16 6 19 21 17 0 16 18 16 7 15 15 21 23 28
15 21 24 20 19 14 42 9 24 29 31 33 8 25 27 10 30 34 12 20 34 22 21 29 23 9 12 17 23 25 6 4 11 15 13 10 17 14 4 6 18 16 0 34 32 23 27 25 12 10 28
30 35 36 17 48 32 9 35 38 20 19 25 32 19 19 26 16 26 23 29 23 30 35 35 54 26 36 43 34 9 32 30 44 28 30 43 31 23 37 39 32 18 34 0 2 12 13 16 36 39 41
29 33 34 15 47 31 10 34 38 18 20 26 31 17 20 24 14 27 22 29 24 28 35 36 53 25 35 42 32 7 30 28 42 27 28 41 29 21 35 37 30 16 32 2 0 10 14 16 35 38 39
23 23 26 5 39 25 19 26 34 13 21 26 23 10 19 14 11 27 14 24 25 20 30 34 45 17 28 35 24 3 20 19 33 21 18 32 19 11 26 28 20 7 23 12 10 0 14 15 28 30 31
18 35 38 19 38 20 22 25 25 27 7 13 23 24 6 23 24 14 15 16 11 34 22 22 44 18 24 31 37 12 28 26 38 16 28 34 31 21 31 33 32 15 27 13 14 14 0 3 24 29 43
15 35 38 19 35 17 25 22 22 28 7 11 20 25 4 22 26 12 13 13 11 34 19 20 41 16 21 28 37 14 27 24 36 13 28 31 31 21 29 31 32 15 25 16 16 15 3 0 21 26 43
6 33 36 27 14 4 45 3 12 38 25 25 5 34 21 20 37 26 14 11 28 34 9 18 20 11 0 7 35 29 18 16 20 8 25 11 29 23 14 14 30 21 12 36 35 28 24 21 0 6 40
12 31 34 29 10 10 48 4 18 38 31 31 7 34 27 20 39 32 16 17 34 32 15 24 15 13 6 7 33 31 16 14 15 13 23 5 27 23 9 9 28 23 10 39 38 30 29 26 6 0 36
41 8 5 26 43 42 45 37 52 23 50 54 36 22 47 22 27 55 33 44 54 11 48 55 45 32 40 43 7 34 22 25 26 39 16 34 12 22 27 29 11 28 28 41 39 31 43 43 40 36 0
0 409
67 189
243 365
244 366
143 265
232 354
18 140
117 239
97 219
212 334
151 273
269 391
135 257
162 284
115 237
173 295
217 339
117 239
50 172
93 215
202 324
193 315
198 320
143 265
231 353
166 288
267 389
229 351
126 248
136 258
247 369
283 405
243 365
33 155
141 263
117 239
197 319
188 310
260 382
159 281
275 397
106 228
207 329
30 152
269 391
204 326
270 392
66 188
65 187
251 373
68 190
0
41
54
19
60
66
22
64
31
40
28
42
24
78
58
33
78
74
65
24
69
82
33
45
47
26
26
53
37
40
67
36
72
27
57
31
76
71
25
80
68
58
55
28
57
53
75
22
75
68
39
