51
1624
0 45 42 24 50 36 30 48 23 26 38 22 15 9 30 13 37 34 6 43 30 38 41 40 16 43 12 23 17 45 33 51 32 7 34 32 24 38 23 44 51 17 35 50 25 34 38 29 18 42 19
45 0 13 31 22 34 39 25 32 29 28 51 30 36 49 32 33 11 44 7 15 10 20 17 29 6 48 28 30 23 12 26 13 39 43 19 25 9 22 20 25 34 17 23 42 11 19 19 33 13 40
42 13 0 21 35 41 45 37 22 19 37 53 28 34 54 29 41 14 39 6 15 19 30 4 30 7 41 20 25 34 16 39 17 38 49 26 18 18 23 32 38 27 7 36 47 14 28 24 35 0 42
24 31 21 0 45 42 41 45 1 2 40 42 15 19 46 14 43 21 19 25 17 28 38 17 20 26 20 4 10 42 22 48 21 23 45 29 7 27 18 40 47 7 14 46 39 21 35 26 27 21 34
50 22 35 45 0 20 29 5 46 44 14 46 38 41 40 40 19 24 52 29 28 17 9 39 34 28 57 41 41 7 23 4 24 44 30 18 38 18 29 6 3 47 36 1 35 24 12 21 33 35 37
36 34 41 42 20 0 9 16 43 42 6 26 30 30 20 31 1 27 41 37 29 24 14 42 24 36 47 38 35 13 25 19 25 29 10 15 35 25 24 16 19 40 39 20 15 27 15 17 18 41 19
30 39 45 41 29 9 0 25 41 41 15 17 27 26 11 28 10 31 36 41 32 29 23 46 21 40 42 37 32 22 29 28 29 24 4 20 35 30 24 25 28 37 42 29 6 31 22 21 14 45 11
48 25 37 45 5 16 25 0 46 44 10 42 36 39 36 38 15 25 50 31 28 18 7 40 32 30 55 41 39 3 23 4 24 41 26 16 38 19 27 5 3 45 37 4 31 25 10 19 30 37 33
23 32 22 1 46 43 41 46 0 3 41 41 14 18 45 13 44 22 18 26 18 29 39 18 20 27 19 5 9 43 23 49 22 22 45 30 8 28 19 41 48 6 15 47 39 22 36 27 27 22 33
26 29 19 2 44 42 41 44 3 0 40 42 15 19 46 14 43 20 21 23 16 27 37 15 20 24 22 4 10 41 21 47 20 23 45 29 7 26 18 39 46 9 12 45 39 20 34 26 27 19 34
38 28 37 40 14 6 15 10 41 40 0 32 30 32 26 32 5 24 43 31 26 18 8 39 25 30 49 36 34 7 22 13 22 31 16 12 33 19 22 10 13 40 36 14 21 24 9 14 20 37 23
22 51 53 42 46 26 17 42 41 42 32 0 28 23 9 28 27 41 28 51 38 42 39 53 24 50 34 38 32 39 39 45 38 19 18 33 38 42 30 42 45 36 48 46 11 41 37 32 18 53 11
15 30 28 15 38 30 27 36 14 15 30 28 0 6 31 2 31 19 14 28 15 24 29 26 6 28 19 11 5 33 18 40 17 10 31 20 10 23 9 32 39 10 21 38 25 19 26 17 13 28 19
9 36 34 19 41 30 26 39 18 19 32 23 6 0 28 5 31 25 11 34 21 29 32 32 7 34 17 15 9 36 24 43 23 4 30 23 16 29 14 35 42 13 27 41 22 25 29 20 12 34 16
30 49 54 46 40 20 11 36 45 46 26 9 31 28 0 32 21 40 36 50 39 39 34 54 26 49 42 42 36 33 38 39 38 25 10 30 41 40 31 36 39 41 49 40 7 40 33 30 19 54 12
13 32 29 14 40 31 28 38 13 14 32 28 2 5 32 0 32 21 12 30 17 26 31 27 7 30 17 10 4 35 20 42 19 9 32 22 11 25 11 34 41 9 22 40 26 21 28 19 14 29 20
37 33 41 43 19 1 10 15 44 43 5 27 31 31 21 32 0 27 42 36 29 23 13 42 25 35 48 39 35 12 25 18 25 30 11 15 36 24 25 15 18 41 39 19 16 27 14 18 19 41 20
34 11 14 21 24 27 31 25 22 20 24 41 19 25 40 21 27 0 33 10 4 7 18 15 18 9 37 17 19 22 2 28 3 28 35 12 14 6 11 20 27 23 12 25 33 0 15 10 23 14 30
6 44 39 19 52 41 36 50 18 21 43 28 14 11 36 12 42 33 0 41 29 38 43 36 18 41 6 19 14 47 32 54 31 12 40 34 21 37 23 46 53 12 32 52 31 33 40 31 23 39 25
43 7 6 25 29 37 41 31 26 23 31 51 28 34 50 30 36 10 41 0 13 13 24 10 28 1 43 23 27 28 12 33 13 38 45 22 20 12 21 26 32 29 11 30 43 10 22 20 33 6 40
30 15 15 17 28 29 32 28 18 16 26 38 15 21 39 17 29 4 29 13 0 11 21 15 15 13 33 13 15 25 5 31 4 25 36 14 10 10 8 23 30 19 10 29 32 4 18 12 20 15 27
38 10 19 28 17 24 29 18 29 27 18 42 24 29 39 26 23 7 38 13 11 0 11 22 22 12 43 24 26 15 6 21 7 32 33 9 21 1 16 13 20 30 19 18 32 7 9 10 24 19 31
41 20 30 38 9 14 23 7 39 37 8 39 29 32 34 31 13 18 43 24 21 11 0 33 25 23 48 34 32 4 16 11 17 35 24 9 31 12 20 3 10 38 30 9 28 18 3 12 24 30 29
40 17 4 17 39 42 46 40 18 15 39 53 26 32 54 27 42 15 36 10 15 22 33 0 29 11 37 17 23 37 17 43 18 36 50 27 16 21 23 35 42 24 5 40 47 15 30 25 35 4 42
16 29 30 20 34 24 21 32 20 20 25 24 6 7 26 7 25 18 18 28 15 22 25 29 0 27 24 16 11 29 17 36 16 10 25 16 15 22 7 28 35 16 24 34 19 18 22 13 7 30 14
43 6 7 26 28 36 40 30 27 24 30 50 28 34 49 30 35 9 41 1 13 12 23 11 27 0 44 23 27 27 11 32 12 37 44 21 21 11 20 25 31 30 12 29 42 9 21 19 32 7 39
12 48 41 20 57 47 42 55 19 22 49 34 19 17 42 17 48 37 6 43 33 43 48 37 24 44 0 21 18 52 37 59 36 18 46 39 23 42 28 51 58 14 34 57 37 37 45 36 29 41 31
23 28 20 4 41 38 37 41 5 4 36 38 11 15 42 10 39 17 19 23 13 24 34 17 16 23 21 0 6 38 18 44 17 19 41 25 3 23 14 36 43 7 13 42 35 17 31 22 23 20 30
17 30 25 10 41 35 32 39 9 10 34 32 5 9 36 4 35 19 14 27 15 26 32 23 11 27 18 6 0 36 20 43 19 13 36 23 7 25 12 35 42 6 18 41 30 19 29 20 18 25 24
45 23 34 42 7 13 22 3 43 41 7 39 33 36 33 35 12 22 47 28 25 15 4 37 29 27 52 38 36 0 20 7 21 38 23 13 35 16 24 3 6 42 34 7 28 22 7 16 27 34 30
33 12 16 22 23 25 29 23 23 21 22 39 18 24 38 20 25 2 32 12 5 6 16 17 17 11 37 18 20 20 0 26 1 27 33 10 15 5 10 18 25 24 14 24 31 2 13 8 21 16 28
51 26 39 48 4 19 28 4 49 47 13 45 40 43 39 42 18 28 54 33 31 21 11 43 36 32 59 44 43 7 26 0 27 44 29 20 41 22 31 8 1 49 40 3 34 28 14 23 33 39 36
32 13 17 21 24 25 29 24 22 20 22 38 17 23 38 19 25 3 31 13 4 7 17 18 16 12 36 17 19 21 1 27 0 26 33 10 14 6 9 19 26 23 14 25 31 3 14 8 20 17 27
7 39 38 23 44 29 24 41 22 23 31 19 10 4 25 9 30 28 12 38 25 32 35 36 10 37 18 19 13 38 27 44 26 0 28 26 20 32 17 38 44 17 31 44 19 28 32 23 11 38 13
34 43 49 45 30 10 4 26 45 45 16 18 31 30 10 32 11 35 40 45 36 33 24 50 25 44 46 41 36 23 33 29 33 28 0 24 39 34 28 26 29 41 46 30 9 35 25 25 18 49 15
32 19 26 29 18 15 20 16 30 29 12 33 20 23 30 22 15 12 34 22 14 9 9 27 16 21 39 25 23 13 10 20 10 26 24 0 22 10 11 12 19 29 24 18 23 12 6 3 16 26 22
24 25 18 7 38 35 35 38 8 7 33 38 10 16 41 11 36 14 21 20 10 21 31 16 15 21 23 3 7 35 15 41 14 20 39 22 0 20 11 33 40 9 11 39 34 14 28 19 22 18 29
38 9 18 27 18 25 30 19 28 26 19 42 23 29 40 25 24 6 37 12 10 1 12 21 22 11 42 23 25 16 5 22 6 32 34 10 20 0 15 14 21 29 18 19 33 6 10 10 24 18 31
23 22 23 18 29 24 24 27 19 18 22 30 9 14 31 11 25 11 23 21 8 16 20 23 7 20 28 14 12 24 10 31 9 17 28 11 11 15 0 23 30 18 18 29 24 11 17 8 12 23 19
44 20 32 40 6 16 25 5 41 39 10 42 32 35 36 34 15 20 46 26 23 13 3 35 28 25 51 36 35 3 18 8 19 38 26 12 33 14 23 0 7 41 32 6 31 20 6 15 27 32 32
51 25 38 47 3 19 28 3 48 46 13 45 39 42 39 41 18 27 53 32 30 20 10 42 35 31 58 43 42 6 25 1 26 44 29 19 40 21 30 7 0 48 39 2 34 27 13 22 33 38 36
17 34 27 7 47 40 37 45 6 9 40 36 10 13 41 9 41 23 12 29 19 30 38 24 16 30 14 7 6 42 24 49 23 17 41 29 9 29 18 41 48 0 20 47 35 23 35 26 23 27 29
35 17 7 14 36 39 42 37 15 12 36 48 21 27 49 22 39 12 32 11 10 19 30 5 24 12 34 13 18 34 14 40 14 31 46 24 11 18 18 32 39 20 0 37 42 12 27 22 30 7 37
50 23 36 46 1 20 29 4 47 45 14 46 38 41 40 40 19 25 52 30 29 18 9 40 34 29 57 42 41 7 24 3 25 44 30 18 39 19 29 6 2 47 37 0 35 25 12 21 33 36 37
25 42 47 39 35 15 6 31 39 39 21 11 25 22 7 26 16 33 31 43 32 32 28 47 19 42 37 35 30 28 31 34 31 19 9 23 34 33 24 31 34 35 42 35 0 33 27 23 12 47 6
34 11 14 21 24 27 31 25 22 20 24 41 19 25 40 21 27 0 33 10 4 7 18 15 18 9 37 17 19 22 2 28 3 28 35 12 14 6 11 20 27 23 12 25 33 0 15 10 23 14 30
38 19 28 35 12 15 22 10 36 34 9 37 26 29 33 28 14 15 40 22 18 9 3 30 22 21 45 31 29 7 13 14 14 32 25 6 28 10 17 6 13 35 27 12 27 15 0 9 21 28 27
29 19 24 26 21 17 21 19 27 26 14 32 17 20 30 19 18 10 31 20 12 10 12 25 13 19 36 22 20 16 8 23 8 23 25 3 19 10 8 15 22 26 22 21 23 10 9 0 14 24 21
18 33 35 27 33 18 14 30 27 27 20 18 13 12 19 14 19 23 23 33 20 24 24 35 7 32 29 23 18 27 21 33 20 11 18 16 22 24 12 27 33 23 30 33 12 23 21 14 0 35 7
42 13 0 21 35 41 45 37 22 19 37 53 28 34 54 29 41 14 39 6 15 19 30 4 30 7 41 20 25 34 16 39 17 38 49 26 18 18 23 32 38 27 7 36 47 14 28 24 35 0 42
19 40 42 34 37 19 11 33 33 34 23 11 19 16 12 20 20 30 25 40 27 31 29 42 14 39 31 30 24 30 28 36 27 13 15 22 29 31 19 32 36 29 37 37 6 30 27 21 7 42 0
0 300
120 270
103 253
144 294
114 264
136 286
100 250
134 284
24 174
104 254
41 191
9 159
31 181
88 238
90 240
115 265
21 171
17 167
45 195
62 212
87 237
8 158
35 185
21 171
118 268
107 257
63 213
18 168
119 269
36 186
58 208
71 221
12 162
82 232
106 256
134 284
26 176
4 154
105 255
123 273
86 236
138 288
135 285
79 229
13 163
4 154
26 176
144 294
71 221
105 255
29 179
0
42
44
32
77
47
30
27
62
43
84
62
32
55
22
32
50
57
80
67
46
26
55
44
64
54
88
51
80
85
32
35
57
32
46
56
74
37
42
34
57
45
58
56
58
21
35
14
19
75
77
