51
1624
0 26 8 12 38 19 16 40 31 36 11 35 9 6 37 39 37 31 21 33 15 35 14 21 11 35 12 24 18 22 24 26 42 36 14 36 42 11 19 30 38 35 32 27 21 19 42 9 27 30 21
26 0 30 33 18 20 33 14 13 12 16 9 23 26 11 15 14 30 22 23 22 29 19 14 34 30 30 2 36 23 27 29 17 11 24 10 17 16 27 33 27 11 32 17 28 30 32 17 14 16 11
8 30 0 20 44 16 8 44 31 38 14 39 17 4 39 45 43 39 17 41 23 43 22 21 18 43 4 28 26 17 32 34 44 38 22 40 44 14 27 38 46 37 40 35 15 13 50 15 27 30 27
12 33 20 0 38 31 28 47 42 44 22 42 10 18 44 41 39 25 33 32 13 30 15 32 2 29 24 31 6 34 19 20 50 44 10 43 50 22 13 23 35 43 26 27 33 31 38 18 38 41 24
38 18 44 38 0 37 49 16 30 24 31 20 29 40 22 6 4 20 39 10 25 16 24 31 39 18 45 19 39 40 24 24 25 23 28 17 25 31 27 26 13 24 22 11 45 47 15 29 32 34 17
19 20 16 31 37 0 14 33 16 24 10 26 22 14 25 35 34 41 2 38 26 43 23 7 30 44 14 18 37 3 35 37 30 24 27 28 30 10 31 41 43 23 43 32 8 10 47 14 12 15 23
16 33 8 28 49 14 0 47 30 38 18 40 25 10 39 48 47 47 14 47 31 50 29 21 26 50 4 31 34 13 40 42 44 38 30 42 44 18 35 46 52 37 48 41 9 6 56 20 26 28 32
40 14 44 47 16 33 47 0 18 11 30 8 37 40 9 10 12 36 35 26 34 32 32 26 48 34 44 16 49 36 36 37 9 10 37 5 9 30 39 41 29 11 38 23 41 43 31 31 22 22 23
31 13 31 42 30 16 30 18 0 8 20 11 32 28 9 26 26 42 17 36 33 42 30 10 41 43 30 13 47 18 39 41 14 8 35 14 14 20 38 45 40 7 44 30 23 26 45 24 4 4 23
36 12 38 44 24 24 38 11 8 0 25 4 34 35 2 19 20 41 25 32 33 38 30 17 45 40 37 13 47 26 39 41 7 1 35 7 7 25 38 45 36 1 43 28 31 34 39 28 12 12 23
11 16 14 22 31 10 18 30 20 25 0 25 12 10 26 31 29 31 12 29 16 34 13 10 21 34 14 14 27 13 25 27 31 25 17 26 31 0 21 31 34 24 33 23 17 17 38 4 16 19 14
35 9 39 42 20 26 40 8 11 4 25 0 32 35 2 15 16 37 27 28 31 34 28 19 43 36 38 11 45 28 36 37 8 3 33 3 8 25 36 41 32 4 39 24 33 36 35 26 15 15 20
9 23 17 10 29 22 25 37 32 34 12 32 0 15 34 31 29 22 24 24 6 26 5 22 11 26 21 21 15 25 15 17 40 34 5 33 40 12 10 21 29 33 23 18 29 27 33 8 28 31 14
6 26 4 18 40 14 10 40 28 35 10 35 15 0 36 41 39 37 16 38 21 40 19 18 17 40 6 24 24 16 30 32 41 35 20 36 41 10 25 36 43 34 38 32 15 13 47 11 24 27 23
37 11 39 44 22 25 39 9 9 2 26 2 34 36 0 17 18 39 26 30 33 36 30 18 45 38 38 13 47 27 38 39 6 1 35 5 6 26 38 43 34 2 41 26 32 35 37 28 13 13 22
39 15 45 41 6 35 48 10 26 19 31 15 31 41 17 0 2 26 37 16 28 22 26 29 42 24 45 17 43 38 28 28 19 18 31 12 19 31 31 32 19 19 28 15 43 45 21 30 28 30 18
37 14 43 39 4 34 47 12 26 20 29 16 29 39 18 2 0 24 36 14 26 20 24 28 40 22 43 16 41 37 26 26 21 19 29 13 21 29 29 30 17 20 26 13 42 44 19 28 28 30 16
31 30 39 25 20 41 47 36 42 41 31 37 22 37 39 26 24 0 43 10 16 5 18 39 27 4 43 29 23 44 7 5 44 40 18 35 44 31 13 6 10 40 2 13 48 48 13 27 42 45 20
21 22 17 33 39 2 14 35 17 25 12 27 24 16 26 37 36 43 0 40 28 45 25 9 32 46 14 20 39 1 37 39 31 25 29 30 31 12 33 43 45 24 45 34 6 9 49 16 13 15 25
33 23 41 32 10 38 47 26 36 32 29 28 24 38 30 16 14 10 40 0 19 6 19 34 33 8 43 23 31 41 14 14 35 31 22 26 35 29 19 16 5 32 12 6 46 46 9 27 36 39 15
15 22 23 13 25 26 31 34 33 33 16 31 6 21 33 28 26 16 28 19 0 20 3 26 14 20 27 20 15 29 9 11 39 33 3 30 39 16 5 15 23 32 17 14 33 33 28 12 31 34 11
35 29 43 30 16 43 50 32 42 38 34 34 26 40 36 22 20 5 45 6 20 0 21 39 32 2 46 29 28 46 12 10 41 37 22 32 41 34 18 11 5 38 7 12 51 51 8 30 42 45 20
14 19 22 15 24 23 29 32 30 30 13 28 5 19 30 26 24 18 25 19 3 21 0 23 16 21 25 17 17 26 12 14 36 30 5 28 36 13 8 18 24 29 20 13 30 30 28 9 28 31 9
21 14 21 32 31 7 21 26 10 17 10 19 22 18 18 29 28 39 9 34 26 39 23 0 31 40 20 12 37 10 35 37 23 17 27 21 23 10 31 41 39 16 41 28 15 17 43 14 6 9 19
11 34 18 2 39 30 26 48 41 45 21 43 11 17 45 42 40 27 32 33 14 32 16 31 0 31 22 32 8 33 21 22 51 45 11 44 51 21 15 25 37 44 28 28 32 30 40 17 37 40 25
35 30 43 29 18 44 50 34 43 40 34 36 26 40 38 24 22 4 46 8 20 2 21 40 31 0 46 30 27 47 11 9 43 39 22 34 43 34 17 9 7 40 5 13 51 51 10 30 43 46 21
12 30 4 24 45 14 4 44 30 37 14 38 21 6 38 45 43 43 14 43 27 46 25 20 22 46 0 28 30 14 36 38 43 37 26 40 43 14 31 42 48 36 44 37 11 9 52 16 26 29 28
24 2 28 31 19 18 31 16 13 13 14 11 21 24 13 17 16 29 20 23 20 29 17 12 32 30 28 0 34 21 26 28 19 13 22 12 19 14 25 32 28 12 31 17 26 28 32 15 13 16 10
18 36 26 6 39 37 34 49 47 47 27 45 15 24 47 43 41 23 39 31 15 28 17 37 8 27 30 34 0 40 17 18 53 47 12 45 53 27 12 19 33 46 23 28 39 37 36 23 43 46 26
22 23 17 34 40 3 13 36 18 26 13 28 25 16 27 38 37 44 1 41 29 46 26 10 33 47 14 21 40 0 38 40 32 26 30 31 32 13 34 44 46 25 46 35 5 8 50 17 14 15 26
24 27 32 19 24 35 40 36 39 39 25 36 15 30 38 28 26 7 37 14 9 12 12 35 21 11 36 26 17 38 0 2 44 38 11 35 44 25 6 6 16 38 8 13 42 42 20 21 39 42 16
26 29 34 20 24 37 42 37 41 41 27 37 17 32 39 28 26 5 39 14 11 10 14 37 22 9 38 28 18 40 2 0 45 40 13 36 45 27 8 4 15 40 6 14 44 44 18 23 41 44 18
42 17 44 50 25 30 44 9 14 7 31 8 40 41 6 19 21 44 31 35 39 41 36 23 51 43 43 19 53 32 44 45 0 6 41 9 0 31 44 49 38 7 46 31 37 40 40 34 18 18 28
36 11 38 44 23 24 38 10 8 1 25 3 34 35 1 18 19 40 25 31 33 37 30 17 45 39 37 13 47 26 38 40 6 0 35 6 6 25 38 44 35 1 42 27 31 34 38 28 12 12 22
14 24 22 10 28 27 30 37 35 35 17 33 5 20 35 31 29 18 29 22 3 22 5 27 11 22 26 22 12 30 11 13 41 35 0 33 41 17 5 16 26 34 19 17 34 32 30 13 33 36 14
36 10 40 43 17 28 42 5 14 7 26 3 33 36 5 12 13 35 30 26 30 32 28 21 44 34 40 12 45 31 35 36 9 6 33 0 9 26 35 40 30 7 37 22 36 38 32 27 18 18 19
42 17 44 50 25 30 44 9 14 7 31 8 40 41 6 19 21 44 31 35 39 41 36 23 51 43 43 19 53 32 44 45 0 6 41 9 0 31 44 49 38 7 46 31 37 40 40 34 18 18 28
11 16 14 22 31 10 18 30 20 25 0 25 12 10 26 31 29 31 12 29 16 34 13 10 21 34 14 14 27 13 25 27 31 25 17 26 31 0 21 31 34 24 33 23 17 17 38 4 16 19 14
19 27 27 13 27 31 35 39 38 38 21 36 10 25 38 31 29 13 33 19 5 18 8 31 15 17 31 25 12 34 6 8 44 38 5 35 44 21 0 11 22 37 14 16 38 37 26 17 36 39 16
30 33 38 23 26 41 46 41 45 45 31 41 21 36 43 32 30 6 43 16 15 11 18 41 25 9 42 32 19 44 6 4 49 44 16 40 49 31 11 0 16 44 4 18 48 48 19 27 45 48 22
38 27 46 35 13 43 52 29 40 36 34 32 29 43 34 19 17 10 45 5 23 5 24 39 37 7 48 28 33 46 16 15 38 35 26 30 38 34 22 16 0 36 12 11 51 51 5 32 41 43 20
35 11 37 43 24 23 37 11 7 1 24 4 33 34 2 19 20 40 24 32 32 38 29 16 44 40 36 12 46 25 38 40 7 1 34 7 7 24 37 44 36 0 42 27 30 33 39 27 11 11 22
32 32 40 26 22 43 48 38 44 43 33 39 23 38 41 28 26 2 45 12 17 7 20 41 28 5 44 31 23 46 8 6 46 42 19 37 46 33 14 4 12 42 0 15 50 50 15 29 44 47 22
27 17 35 27 11 32 41 23 30 28 23 24 18 32 26 15 13 13 34 6 14 12 13 28 28 13 37 17 28 35 13 14 31 27 17 22 31 23 16 18 11 27 15 0 40 40 15 21 30 33 9
21 28 15 33 45 8 9 41 23 31 17 33 29 15 32 43 42 48 6 46 33 51 30 15 32 51 11 26 39 5 42 44 37 31 34 36 37 17 38 48 51 30 50 40 0 3 55 21 19 20 31
19 30 13 31 47 10 6 43 26 34 17 36 27 13 35 45 44 48 9 46 33 51 30 17 30 51 9 28 37 8 42 44 40 34 32 38 40 17 37 48 51 33 50 40 3 0 55 21 22 23 31
42 32 50 38 15 47 56 31 45 39 38 35 33 47 37 21 19 13 49 9 28 8 28 43 40 10 52 32 36 50 20 18 40 38 30 32 40 38 26 19 5 39 15 15 55 55 0 36 45 48 24
9 17 15 18 29 14 20 31 24 28 4 26 8 11 28 30 28 27 16 27 12 30 9 14 17 30 16 15 23 17 21 23 34 28 13 27 34 4 17 27 32 27 29 21 21 21 36 0 20 23 12
27 14 27 38 32 12 26 22 4 12 16 15 28 24 13 28 28 42 13 36 31 42 28 6 37 43 26 13 43 14 39 41 18 12 33 18 18 16 36 45 41 11 44 30 19 22 45 20 0 3 23
30 16 30 41 34 15 28 22 4 12 19 15 31 27 13 30 30 45 15 39 34 45 31 9 40 46 29 16 46 15 42 44 18 12 36 18 18 19 39 48 43 11 47 33 20 23 48 23 3 0 26
21 11 27 24 17 23 32 23 23 23 14 20 14 23 22 18 16 20 25 15 11 20 9 19 25 21 28 10 26 26 16 18 28 22 14 19 28 14 16 22 20 22 22 9 31 31 24 12 23 26 0
0 355
182 217
214 249
200 235
206 241
269 304
18 53
128 163
211 246
200 235
276 311
127 162
268 303
276 311
58 93
187 222
51 86
226 261
22 57
122 157
192 227
41 76
3 38
233 268
43 78
40 75
28 63
146 181
175 210
128 163
229 264
135 170
260 295
209 244
208 243
136 171
45 80
144 179
226 261
287 322
85 120
45 80
127 162
169 204
10 45
305 340
127 162
289 324
112 147
123 158
230 265
0
78
53
24
47
69
56
64
17
67
37
58
80
76
43
46
59
86
39
27
82
55
76
27
66
24
62
40
60
50
43
38
26
72
65
57
43
54
60
39
32
49
51
26
30
30
36
40
35
25
79
