51
1624
0 28 21 18 30 15 19 31 32 20 20 28 24 34 34 31 5 7 33 28 23 47 18 3 34 22 13 27 35 10 41 15 35 32 29 35 14 28 31 32 43 22 26 25 35 22 14 21 34 7 43
28 0 13 10 24 14 9 24 45 36 9 41 26 41 41 6 24 27 39 41 6 34 10 31 42 9 16 45 23 30 28 14 27 21 30 48 14 12 42 18 25 32 41 38 21 12 23 30 25 27 32
21 13 0 13 12 12 12 12 32 23 7 28 13 28 28 19 16 25 26 28 16 27 13 24 29 4 9 32 15 28 21 16 16 12 17 35 15 7 29 11 22 19 28 25 14 1 24 17 15 17 24
18 10 13 0 25 4 1 25 43 31 6 39 26 41 41 13 14 17 39 39 5 38 0 21 42 9 9 40 27 20 32 4 29 24 30 46 4 16 41 22 31 30 37 36 25 12 13 28 28 19 36
30 24 12 25 0 24 24 1 27 21 19 23 8 19 19 30 25 35 17 24 28 18 25 31 20 16 20 29 6 38 12 28 5 4 7 28 27 12 22 8 16 16 24 21 9 13 36 14 4 23 13
15 14 12 4 24 0 5 24 39 27 7 35 23 37 37 17 10 15 35 35 9 39 4 18 38 10 5 36 27 18 33 4 28 24 28 42 3 17 37 23 32 26 33 32 26 12 12 24 27 15 36
19 9 12 1 24 5 0 24 42 30 5 38 25 40 40 13 15 18 38 38 5 37 1 22 41 8 8 39 26 21 31 5 28 23 29 45 5 15 40 21 30 29 36 35 24 11 14 27 27 19 35
31 24 12 25 1 24 24 0 28 22 19 24 9 20 20 30 26 36 18 25 28 17 25 32 21 16 21 30 5 39 11 28 4 3 8 29 27 12 23 7 15 17 25 22 8 13 36 15 3 24 12
32 45 32 43 27 39 42 28 0 12 38 4 20 9 9 51 31 39 10 4 47 39 43 31 8 36 34 8 33 42 36 42 27 31 20 3 41 37 5 35 43 13 6 7 36 33 45 15 28 25 33
20 36 23 31 21 27 30 22 12 0 28 8 13 15 15 42 19 27 15 8 35 38 31 19 14 27 22 9 27 30 33 30 24 25 17 15 29 30 11 28 37 6 6 5 30 24 33 7 24 13 32
20 9 7 6 19 7 5 19 38 28 0 34 20 35 35 15 15 22 33 34 9 32 6 23 36 3 7 37 21 25 26 10 23 18 24 41 10 10 36 16 25 25 34 31 19 6 19 23 22 18 30
28 41 28 39 23 35 38 24 4 8 34 0 16 7 7 47 27 35 8 1 43 37 39 27 6 32 30 8 29 38 33 38 23 27 16 7 37 33 3 31 39 9 3 3 32 29 41 11 24 21 31
24 26 13 26 8 23 25 9 20 13 20 16 0 15 15 32 21 31 13 16 29 25 26 25 16 17 18 22 14 34 20 27 11 12 5 22 26 17 16 15 24 8 17 14 17 14 34 6 11 17 19
34 41 28 41 19 37 40 20 9 15 35 7 15 0 0 47 32 41 2 8 44 30 41 34 1 32 32 15 24 44 28 41 18 23 12 9 40 31 4 27 34 12 10 10 28 29 46 13 20 27 24
34 41 28 41 19 37 40 20 9 15 35 7 15 0 0 47 32 41 2 8 44 30 41 34 1 32 32 15 24 44 28 41 18 23 12 9 40 31 4 27 34 12 10 10 28 29 46 13 20 27 24
31 6 19 13 30 17 13 30 51 42 15 47 32 47 47 0 27 30 45 47 8 40 13 34 48 15 21 51 29 33 34 17 33 27 36 54 17 18 48 24 30 38 47 44 27 18 25 36 31 32 38
5 24 16 14 25 10 15 26 31 19 15 27 21 32 32 27 0 10 31 27 19 42 14 8 33 17 8 27 30 13 36 11 30 27 26 34 10 23 30 27 38 20 25 24 30 17 14 19 29 6 38
7 27 25 17 35 15 18 36 39 27 22 35 31 41 41 30 10 0 40 35 22 52 17 10 41 25 16 34 40 3 46 13 40 37 36 42 13 31 38 36 46 29 33 32 39 25 7 28 39 14 48
33 39 26 39 17 35 38 18 10 15 33 8 13 2 2 45 31 40 0 9 42 29 39 33 3 30 30 16 23 43 26 39 17 21 10 11 38 29 5 25 33 11 11 10 26 27 45 12 18 26 23
28 41 28 39 24 35 38 25 4 8 34 1 16 8 8 47 27 35 9 0 43 38 39 27 7 32 30 7 30 38 34 38 24 28 17 7 37 33 4 31 40 9 2 3 33 29 41 11 25 21 32
23 6 16 5 28 9 5 28 47 35 9 43 29 44 44 8 19 22 42 43 0 39 5 26 45 12 13 44 28 25 33 9 32 26 33 50 9 17 45 23 31 34 41 40 26 15 18 32 30 24 37
47 34 27 38 18 39 37 17 39 38 32 37 25 30 30 40 42 52 29 38 39 0 38 49 31 29 36 44 12 55 6 42 14 15 21 39 42 22 34 16 10 32 39 36 13 27 51 31 15 41 6
18 10 13 0 25 4 1 25 43 31 6 39 26 41 41 13 14 17 39 39 5 38 0 21 42 9 9 40 27 20 32 4 29 24 30 46 4 16 41 22 31 30 37 36 25 12 13 28 28 19 36
3 31 24 21 31 18 22 32 31 19 23 27 25 34 34 34 8 10 33 27 26 49 21 0 33 25 16 25 37 11 43 18 36 34 30 34 17 31 30 35 46 22 25 24 38 25 17 22 35 8 44
34 42 29 42 20 38 41 21 8 14 36 6 16 1 1 48 33 41 3 7 45 31 42 33 0 33 33 14 25 44 29 42 19 24 13 8 41 32 3 28 35 13 9 9 29 30 47 14 21 27 25
22 9 4 9 16 10 8 16 36 27 3 32 17 32 32 15 17 25 30 32 12 29 9 25 33 0 9 36 18 28 23 13 20 15 21 39 13 7 33 13 22 23 32 29 16 3 22 21 19 20 27
13 16 9 9 20 5 8 21 34 22 7 30 18 32 32 21 8 16 30 30 13 36 9 16 33 9 0 31 24 19 30 9 25 21 23 37 8 15 32 20 30 21 28 27 23 9 16 19 24 11 33
27 45 32 40 29 36 39 30 8 9 37 8 22 15 15 51 27 34 16 7 44 44 40 25 14 36 31 0 35 36 40 38 30 33 23 10 37 39 11 37 45 14 5 8 38 33 41 16 31 21 38
35 23 15 27 6 27 26 5 33 27 21 29 14 24 24 29 30 40 23 30 28 12 27 37 25 18 24 35 0 43 6 31 6 3 13 33 30 11 28 5 10 22 30 27 4 15 39 20 5 29 9
10 30 28 20 38 18 21 39 42 30 25 38 34 44 44 33 13 3 43 38 25 55 20 11 44 28 19 36 43 0 49 16 43 40 39 45 16 34 41 39 49 32 36 35 42 28 9 31 42 17 51
41 28 21 32 12 33 31 11 36 33 26 33 20 28 28 34 36 46 26 34 33 6 32 43 29 23 30 40 6 49 0 36 10 9 17 37 36 16 31 10 7 28 35 32 7 21 45 26 9 35 5
15 14 16 4 28 4 5 28 42 30 10 38 27 41 41 17 11 13 39 38 9 42 4 18 42 13 9 38 31 16 36 0 32 28 32 45 1 20 40 26 35 29 36 35 29 16 9 28 31 17 40
35 27 16 29 5 28 28 4 27 24 23 23 11 18 18 33 30 40 17 24 32 14 29 36 19 20 25 30 6 43 10 32 0 6 7 27 31 15 22 10 16 18 25 22 10 17 40 17 2 28 8
32 21 12 24 4 24 23 3 31 25 18 27 12 23 23 27 27 37 21 28 26 15 24 34 24 15 21 33 3 40 9 28 6 0 11 32 27 9 26 4 13 20 28 25 5 12 36 18 4 26 12
29 30 17 30 7 28 29 8 20 17 24 16 5 12 12 36 26 36 10 17 33 21 30 30 13 21 23 23 13 39 17 32 7 11 0 21 31 19 15 15 23 11 18 15 16 18 39 10 8 22 15
35 48 35 46 28 42 45 29 3 15 41 7 22 9 9 54 34 42 11 7 50 39 46 34 8 39 37 10 33 45 37 45 27 32 21 0 44 39 6 36 43 16 9 10 37 36 48 18 29 28 33
14 14 15 4 27 3 5 27 41 29 10 37 26 40 40 17 10 13 38 37 9 42 4 17 41 13 8 37 30 16 36 1 31 27 31 44 0 20 39 26 35 28 35 34 29 15 9 27 30 16 39
28 12 7 16 12 17 15 12 37 30 10 33 17 31 31 18 23 31 29 33 17 22 16 31 32 7 15 39 11 34 16 20 15 9 19 39 20 0 33 6 15 25 34 31 9 6 29 23 13 24 20
31 42 29 41 22 37 40 23 5 11 36 3 16 4 4 48 30 38 5 4 45 34 41 30 3 33 32 11 28 41 31 40 22 26 15 6 39 33 0 30 38 11 6 6 31 30 44 13 23 24 28
32 18 11 22 8 23 21 7 35 28 16 31 15 27 27 24 27 36 25 31 23 16 22 35 28 13 20 37 5 39 10 26 10 4 15 36 26 6 30 0 11 23 32 29 3 11 35 21 8 28 14
43 25 22 31 16 32 30 15 43 37 25 39 24 34 34 30 38 46 33 40 31 10 31 46 35 22 30 45 10 49 7 35 16 13 23 43 35 15 38 11 0 32 40 37 8 21 44 30 15 39 12
22 32 19 30 16 26 29 17 13 6 25 9 8 12 12 38 20 29 11 9 34 32 30 22 13 23 21 14 22 32 28 29 18 20 11 16 28 25 11 23 32 0 9 6 25 20 34 2 19 15 26
26 41 28 37 24 33 36 25 6 6 34 3 17 10 10 47 25 33 11 2 41 39 37 25 9 32 28 5 30 36 35 36 25 28 18 9 35 34 6 32 40 9 0 3 33 29 39 11 26 19 33
25 38 25 36 21 32 35 22 7 5 31 3 14 10 10 44 24 32 10 3 40 36 36 24 9 29 27 8 27 35 32 35 22 25 15 10 34 31 6 29 37 6 3 0 30 26 38 8 23 18 30
35 21 14 25 9 26 24 8 36 30 19 32 17 28 28 27 30 39 26 33 26 13 25 38 29 16 23 38 4 42 7 29 10 5 16 37 29 9 31 3 8 25 33 30 0 14 38 23 8 31 12
22 12 1 12 13 12 11 13 33 24 6 29 14 29 29 18 17 25 27 29 15 27 12 25 30 3 9 33 15 28 21 16 17 12 18 36 15 6 30 11 21 20 29 26 14 0 24 18 16 18 24
14 23 24 13 36 12 14 36 45 33 19 41 34 46 46 25 14 7 45 41 18 51 13 17 47 22 16 41 39 9 45 9 40 36 39 48 9 29 44 35 44 34 39 38 38 24 0 33 39 20 48
21 30 17 28 14 24 27 15 15 7 23 11 6 13 13 36 19 28 12 11 32 31 28 22 14 21 19 16 20 31 26 28 17 18 10 18 27 23 13 21 30 2 11 8 23 18 33 0 17 14 25
34 25 15 28 4 27 27 3 28 24 22 24 11 20 20 31 29 39 18 25 30 15 28 35 21 19 24 31 5 42 9 31 2 4 8 29 30 13 23 8 15 19 26 23 8 16 39 17 0 27 9
7 27 17 19 23 15 19 24 25 13 18 21 17 27 27 32 6 14 26 21 24 41 19 8 27 20 11 21 29 17 35 17 28 26 22 28 16 24 24 28 39 15 19 18 31 18 20 14 27 0 36
43 32 24 36 13 36 35 12 33 32 30 31 19 24 24 38 38 48 23 32 37 6 36 44 25 27 33 38 9 51 5 40 8 12 15 33 39 20 28 14 12 26 33 30 12 24 48 25 9 36 0
0 600
581 581
418 418
42 42
427 427
415 415
114 114
187 187
221 221
265 265
23 23
340 340
156 156
513 513
157 157
216 216
74 74
552 552
333 333
37 37
53 53
269 269
63 63
446 446
369 369
142 142
53 53
469 469
271 271
176 176
202 202
360 360
16 16
243 243
113 113
511 511
5 5
313 313
287 287
356 356
396 396
175 175
7 7
280 280
591 591
485 485
288 288
138 138
171 171
156 156
255 255
0
34
49
54
72
55
72
49
48
74
47
74
53
24
33
80
70
44
35
43
25
48
31
74
59
72
74
35
51
31
71
42
24
70
43
57
15
70
38
30
54
64
39
36
50
66
63
65
30
33
28
