51
1624
0 14 37 21 8 33 17 16 27 19 28 25 29 42 13 30 21 19 13 34 16 35 43 25 27 15 31 27 33 35 34 37 13 6 9 34 31 28 17 12 19 31 23 42 41 8 37 27 30 11 27
14 0 26 28 6 19 15 6 27 8 18 27 21 31 4 22 12 6 12 20 23 21 32 17 16 18 26 24 22 34 31 26 1 15 9 27 28 28 14 2 5 20 12 31 30 6 34 16 26 3 31
37 26 0 44 29 12 27 21 36 18 29 38 36 10 28 37 19 23 30 8 41 9 6 20 10 35 26 28 4 37 34 6 27 41 31 22 31 37 26 28 21 13 25 9 5 32 34 24 27 27 44
21 28 44 0 22 45 17 27 13 29 46 9 48 47 31 49 25 34 17 43 5 44 50 26 36 10 25 20 40 21 20 42 27 26 19 29 20 13 18 26 33 34 40 47 48 27 23 44 24 25 7
8 6 29 22 0 25 11 8 23 11 24 22 26 34 9 27 13 12 7 26 17 27 35 17 19 12 25 21 25 30 28 29 5 13 3 27 25 24 11 4 11 23 18 34 33 6 31 22 24 3 25
33 19 12 45 25 0 28 19 40 16 17 40 24 22 20 25 21 14 29 4 41 4 18 24 10 36 32 32 13 42 39 17 20 34 28 30 36 41 27 21 14 20 14 21 17 25 41 12 33 22 46
17 15 27 17 11 28 0 10 12 12 32 12 36 30 19 37 8 20 4 26 14 27 33 9 19 8 14 10 23 20 17 25 14 22 8 17 14 13 1 14 17 17 26 30 31 17 20 29 13 13 18
16 6 21 27 8 19 10 0 22 3 22 22 27 26 10 28 6 10 10 18 22 19 27 11 11 17 20 18 17 28 25 21 6 20 10 21 22 23 9 7 7 15 16 26 25 11 28 19 20 6 28
27 27 36 13 23 40 12 22 0 24 44 4 48 34 31 49 20 32 16 37 15 38 40 16 30 12 12 8 32 8 7 31 26 33 20 16 7 1 13 26 29 23 38 35 37 29 10 41 11 25 9
19 8 18 29 11 16 12 3 24 0 22 24 27 23 12 28 5 10 13 15 25 16 24 10 8 20 19 18 14 28 25 18 9 23 13 20 22 25 11 10 7 12 16 23 22 14 27 19 19 9 30
28 18 29 46 24 17 32 22 44 22 0 44 7 38 15 8 27 12 30 21 41 21 35 32 23 36 41 40 29 50 47 33 19 27 27 42 44 45 31 20 15 33 6 38 34 20 49 5 41 21 49
25 27 38 9 22 40 12 22 4 24 44 0 48 38 31 49 20 32 15 38 11 39 43 18 31 10 16 11 34 12 11 34 26 31 19 20 11 4 13 26 29 26 38 39 40 28 14 41 15 25 6
29 21 36 48 26 24 36 27 48 27 7 48 0 45 17 1 32 17 33 28 43 28 42 37 29 38 46 45 36 55 52 40 22 26 29 47 49 49 35 22 20 39 11 45 41 21 54 12 46 23 51
42 31 10 47 34 22 30 26 34 23 38 38 45 0 34 46 22 30 33 18 44 19 8 21 16 38 22 27 9 33 30 5 32 46 35 18 27 35 29 33 27 13 34 1 5 37 30 33 23 32 43
13 4 28 31 9 20 19 10 31 12 15 31 17 34 0 18 16 6 16 22 26 23 34 21 18 21 30 28 25 38 35 29 5 14 12 31 32 32 18 5 7 24 10 34 32 5 38 14 30 6 34
30 22 37 49 27 25 37 28 49 28 8 49 1 46 18 0 33 18 34 29 44 29 43 38 30 39 47 46 37 56 53 41 23 27 30 48 50 50 36 23 21 40 12 46 42 22 55 13 47 24 52
21 12 19 25 13 21 8 6 20 5 27 20 32 22 16 33 0 15 11 18 22 19 25 5 11 16 14 13 15 23 20 17 12 26 13 15 17 21 7 13 12 10 21 22 23 17 22 24 14 12 26
19 6 23 34 12 14 20 10 32 10 12 32 17 30 6 18 15 0 18 16 29 17 29 20 14 24 29 28 21 38 35 25 7 20 15 30 32 33 19 8 3 22 6 30 28 11 37 10 29 9 37
13 12 30 17 7 29 4 10 16 13 30 15 33 33 16 34 11 18 0 28 12 29 36 12 21 7 18 14 26 23 21 28 11 18 4 21 18 17 4 11 17 20 24 33 34 13 24 28 17 10 19
34 20 8 43 26 4 26 18 37 15 21 38 28 18 22 29 18 16 28 0 40 1 14 21 7 34 29 29 9 39 36 13 21 35 28 26 33 38 25 22 15 16 17 17 13 26 37 16 30 23 44
16 23 41 5 17 41 14 22 15 25 41 11 43 44 26 44 22 29 12 40 0 41 47 23 33 6 25 20 37 23 22 39 22 21 14 29 22 15 15 21 28 31 35 44 45 22 25 39 24 20 12
35 21 9 44 27 4 27 19 38 16 21 39 28 19 23 29 19 17 29 1 41 0 14 22 8 35 30 30 10 40 37 14 22 36 29 27 34 39 26 23 16 17 18 18 14 27 38 16 31 24 45
43 32 6 50 35 18 33 27 40 24 35 43 42 8 34 43 25 29 36 14 47 14 0 25 16 41 29 32 10 40 37 9 33 47 37 25 34 41 32 34 27 17 31 7 3 38 37 30 30 33 49
25 17 20 26 17 24 9 11 16 10 32 18 37 21 21 38 5 20 12 21 23 22 25 0 14 17 9 8 16 18 15 16 17 30 16 10 12 17 8 17 17 8 26 21 22 22 17 29 9 17 24
27 16 10 36 19 10 19 11 30 8 23 31 29 16 18 30 11 14 21 7 33 8 16 14 0 27 22 22 7 32 29 11 17 31 21 20 26 31 18 18 11 10 18 16 14 22 31 18 23 17 37
15 18 35 10 12 36 8 17 12 20 36 10 38 38 21 39 16 24 7 34 6 35 41 17 27 0 20 15 31 20 19 33 17 21 9 24 17 13 9 16 23 25 30 38 39 18 22 34 19 15 13
31 26 26 25 25 32 14 20 12 19 41 16 46 22 30 47 14 29 18 29 25 30 29 9 22 20 0 5 22 11 8 20 25 36 22 4 5 13 14 26 26 13 35 23 26 30 9 38 1 25 21
27 24 28 20 21 32 10 18 8 18 40 11 45 27 28 46 13 28 14 29 20 30 32 8 22 15 5 0 24 10 7 23 23 32 18 9 4 9 10 23 25 15 34 28 29 27 10 37 4 22 17
33 22 4 40 25 13 23 17 32 14 29 34 36 9 25 37 15 21 26 9 37 10 10 16 7 31 22 24 0 33 30 4 23 37 27 18 27 33 22 24 18 9 25 9 8 28 30 24 23 23 40
35 34 37 21 30 42 20 28 8 28 50 12 55 33 38 56 23 38 23 39 23 40 40 18 32 20 11 10 33 0 3 31 33 41 27 15 6 8 20 33 35 24 44 34 37 36 4 47 10 32 15
34 31 34 20 28 39 17 25 7 25 47 11 52 30 35 53 20 35 21 36 22 37 37 15 29 19 8 7 30 3 0 28 30 39 25 12 3 7 17 30 32 21 41 31 34 34 3 44 7 29 15
37 26 6 42 29 17 25 21 31 18 33 34 40 5 29 41 17 25 28 13 39 14 9 16 11 33 20 23 4 31 28 0 27 41 30 16 25 32 24 28 22 8 29 5 6 32 28 28 21 27 40
13 1 27 27 5 20 14 6 26 9 19 26 22 32 5 23 12 7 11 21 22 22 33 17 17 17 25 23 23 33 30 27 0 15 8 27 27 27 13 1 6 21 13 32 31 6 33 17 25 2 30
6 15 41 26 13 34 22 20 33 23 27 31 26 46 14 27 26 20 18 35 21 36 47 30 31 21 36 32 37 41 39 41 15 0 14 39 36 34 22 14 20 35 23 46 45 9 42 27 35 14 33
9 9 31 19 3 28 8 10 20 13 27 19 29 35 12 30 13 15 4 28 14 29 37 16 21 9 22 18 27 27 25 30 8 14 0 25 22 21 8 7 14 23 21 35 35 9 28 25 21 6 22
34 27 22 29 27 30 17 21 16 20 42 20 47 18 31 48 15 30 21 26 29 27 25 10 20 24 4 9 18 15 12 16 27 39 25 0 9 17 17 27 27 10 36 19 22 32 12 38 5 27 25
31 28 31 20 25 36 14 22 7 22 44 11 49 27 32 50 17 32 18 33 22 34 34 12 26 17 5 4 27 6 3 25 27 36 22 9 0 8 14 27 29 18 38 28 31 31 6 41 4 26 16
28 28 37 13 24 41 13 23 1 25 45 4 49 35 32 50 21 33 17 38 15 39 41 17 31 13 13 9 33 8 7 32 27 34 21 17 8 0 14 27 30 24 39 36 38 30 10 42 12 26 8
17 14 26 18 11 27 1 9 13 11 31 13 35 29 18 36 7 19 4 25 15 26 32 8 18 9 14 10 22 20 17 24 13 22 8 17 14 14 0 13 16 16 25 29 30 17 20 28 13 12 19
12 2 28 26 4 21 14 7 26 10 20 26 22 33 5 23 13 8 11 22 21 23 34 17 18 16 26 23 24 33 30 28 1 14 7 27 27 27 13 0 7 22 14 33 32 5 33 18 26 1 29
19 5 21 33 11 14 17 7 29 7 15 29 20 27 7 21 12 3 17 15 28 16 27 17 11 23 26 25 18 35 32 22 6 20 14 27 29 30 16 7 0 19 9 27 25 11 34 12 26 8 35
31 20 13 34 23 20 17 15 23 12 33 26 39 13 24 40 10 22 20 16 31 17 17 8 10 25 13 15 9 24 21 8 21 35 23 10 18 24 16 22 19 0 28 13 14 26 21 28 14 21 32
23 12 25 40 18 14 26 16 38 16 6 38 11 34 10 12 21 6 24 17 35 18 31 26 18 30 35 34 25 44 41 29 13 23 21 36 38 39 25 14 9 28 0 34 30 15 43 4 35 15 43
42 31 9 47 34 21 30 26 35 23 38 39 45 1 34 46 22 30 33 17 44 18 7 21 16 38 23 28 9 34 31 5 32 46 35 19 28 36 29 33 27 13 34 0 4 37 31 33 24 32 44
41 30 5 48 33 17 31 25 37 22 34 40 41 5 32 42 23 28 34 13 45 14 3 22 14 39 26 29 8 37 34 6 31 45 35 22 31 38 30 32 25 14 30 4 0 36 34 29 27 31 46
8 6 32 27 6 25 17 11 29 14 20 28 21 37 5 22 17 11 13 26 22 27 38 22 22 18 30 27 28 36 34 32 6 9 9 32 31 30 17 5 11 26 15 37 36 0 37 19 30 5 31
37 34 34 23 31 41 20 28 10 27 49 14 54 30 38 55 22 37 24 37 25 38 37 17 31 22 9 10 30 4 3 28 33 42 28 12 6 10 20 33 34 21 43 31 34 37 0 46 8 32 18
27 16 24 44 22 12 29 19 41 19 5 41 12 33 14 13 24 10 28 16 39 16 30 29 18 34 38 37 24 47 44 28 17 27 25 38 41 42 28 18 12 28 4 33 29 19 46 0 38 19 47
30 26 27 24 24 33 13 20 11 19 41 15 46 23 30 47 14 29 17 30 24 31 30 9 23 19 1 4 23 10 7 21 25 35 21 5 4 12 13 26 26 14 35 24 27 30 8 38 0 25 20
11 3 27 25 3 22 13 6 25 9 21 25 23 32 6 24 12 9 10 23 20 24 33 17 17 15 25 22 23 32 29 27 2 14 6 27 26 26 12 1 8 21 15 32 31 5 32 19 25 0 28
27 31 44 7 25 46 18 28 9 30 49 6 51 43 34 52 26 37 19 44 12 45 49 24 37 13 21 17 40 15 15 40 30 33 22 25 16 8 19 29 35 32 43 44 46 31 18 47 20 28 0
0 737
601 674
607 680
634 707
644 717
265 338
626 699
576 649
551 624
565 638
10 83
76 149
364 437
318 391
80 153
221 294
195 268
153 226
304 377
408 481
316 389
541 614
186 259
188 261
439 512
115 188
636 709
261 334
558 631
605 678
164 237
144 217
97 170
259 332
323 396
163 236
658 731
80 153
102 175
558 631
38 111
107 180
78 151
40 113
401 474
515 588
299 372
74 147
529 602
458 531
492 565
0
70
36
27
64
22
45
61
69
41
77
77
73
63
25
56
53
30
57
40
44
70
63
51
29
51
18
45
67
79
78
64
30
21
53
71
58
48
52
32
58
25
46
35
36
40
40
72
34
51
51
