51
1627
0 36 26 16 16 38 28 26 31 31 33 13 38 24 4 42 15 46 23 19 14 7 26 28 25 41 20 36 19 46 29 22 37 25 43 40 47 18 32 24 44 13 46 44 37 26 12 27 34 16 20
36 0 20 21 29 9 21 30 18 28 20 37 2 12 33 10 29 34 13 33 35 39 30 27 19 5 24 23 20 13 37 15 4 24 35 22 31 30 9 31 16 24 13 11 14 11 32 19 4 37 19
26 20 0 19 11 16 3 10 30 9 7 20 19 13 22 30 29 23 12 14 17 25 36 8 25 25 6 11 22 24 17 16 17 4 21 14 22 11 11 11 19 13 23 22 12 19 16 1 16 18 22
16 21 19 0 17 24 22 26 15 28 25 22 22 9 15 26 10 42 9 22 20 21 17 26 9 25 16 29 3 32 31 6 22 22 40 32 40 19 18 25 31 9 32 30 25 10 17 20 19 22 4
16 29 11 17 0 26 13 10 32 15 18 9 28 17 12 37 25 30 16 5 6 14 34 12 26 34 5 20 20 34 14 19 26 9 27 24 31 2 20 8 30 8 34 32 23 23 5 12 25 8 21
38 9 16 24 26 0 16 25 27 20 12 35 7 15 35 19 33 25 15 30 32 40 37 22 26 13 21 14 24 8 32 18 5 20 26 13 22 27 6 27 7 25 8 6 5 18 31 15 7 34 24
28 21 3 22 13 16 0 9 32 7 5 22 20 15 24 31 32 20 14 15 19 27 38 6 27 26 8 8 24 23 16 18 18 4 18 12 19 13 12 11 18 16 22 21 11 21 18 2 17 20 24
26 30 10 26 10 25 9 0 40 6 13 16 29 23 22 40 35 20 22 8 13 23 43 3 35 35 10 14 29 32 7 26 27 6 18 18 22 8 21 3 26 18 31 30 20 29 14 11 26 13 30
31 18 30 15 32 27 32 40 0 39 34 37 20 17 30 16 18 50 18 37 35 36 12 38 6 19 30 37 12 31 46 14 22 34 49 38 47 34 23 39 34 24 31 29 30 11 32 30 20 37 11
31 28 9 28 15 20 7 6 39 0 8 22 26 22 27 38 37 15 21 14 19 28 45 3 34 32 12 8 31 27 12 25 24 6 12 12 16 13 19 9 21 20 26 25 15 28 19 9 24 19 31
33 20 7 25 18 12 5 13 34 8 0 27 18 18 29 30 35 17 17 20 24 32 41 10 30 24 13 4 27 19 20 21 16 9 16 7 15 18 11 16 13 20 18 17 7 23 23 6 16 25 27
13 37 20 22 9 35 22 16 37 22 27 0 37 25 9 45 25 36 24 8 3 7 36 19 31 42 14 29 25 43 17 25 35 18 34 33 38 9 29 13 39 13 43 41 32 30 5 21 34 3 26
38 2 19 22 28 7 20 29 20 26 18 37 0 14 35 12 31 32 15 32 34 40 32 26 21 6 23 21 22 11 36 16 2 23 33 20 29 29 8 30 14 25 11 9 12 13 33 18 4 36 21
24 12 13 9 17 15 15 23 17 22 18 25 14 0 21 20 18 35 1 22 23 27 23 21 12 17 13 22 9 23 29 3 13 17 33 24 33 19 9 22 22 12 23 21 16 6 20 13 10 25 9
4 33 22 15 12 35 24 22 30 27 29 9 35 21 0 41 16 42 20 15 10 6 27 24 24 38 16 32 18 43 25 20 34 21 39 36 43 14 29 20 41 10 43 41 34 25 8 23 31 12 19
42 10 30 26 37 19 31 40 16 38 30 45 12 20 41 0 32 44 21 42 43 47 28 37 20 6 33 33 24 20 47 21 14 34 45 32 41 39 19 41 25 32 21 19 24 16 40 29 14 45 23
15 29 29 10 25 33 32 35 18 37 35 25 31 18 16 32 0 52 19 29 25 22 11 35 12 33 25 39 9 41 39 15 31 31 49 42 50 27 27 33 40 17 41 39 34 18 22 30 28 27 10
46 34 23 42 30 25 20 20 50 15 17 36 32 35 42 44 52 0 34 28 33 43 58 18 47 38 27 13 44 28 23 38 30 21 3 12 5 28 27 23 22 35 27 28 20 40 34 22 31 33 44
23 13 12 9 16 15 14 22 18 21 17 24 15 1 20 21 19 34 0 21 22 26 24 20 13 18 12 21 10 23 28 4 14 16 32 23 32 18 9 21 22 11 23 21 16 7 19 12 11 24 10
19 33 14 22 5 30 15 8 37 14 20 8 32 22 15 42 29 28 21 0 5 15 39 11 31 38 9 22 25 38 10 24 30 11 26 26 30 3 24 5 33 13 37 36 26 28 7 15 29 5 26
14 35 17 20 6 32 19 13 35 19 24 3 34 23 10 43 25 33 22 5 0 10 36 16 29 40 11 26 23 40 15 23 32 15 31 30 35 6 26 10 36 11 40 38 29 28 3 18 31 2 24
7 39 25 21 14 40 27 23 36 28 32 7 40 27 6 47 22 43 26 15 10 0 33 25 30 44 19 34 24 48 24 26 39 23 40 38 44 15 34 20 44 15 48 46 37 31 9 26 36 10 25
26 30 36 17 34 37 38 43 12 45 41 36 32 23 27 28 11 58 24 39 36 33 0 43 11 31 33 45 14 43 48 20 33 39 56 47 56 36 32 42 44 26 43 41 39 19 33 36 30 38 14
28 27 8 26 12 22 6 3 38 3 10 19 26 21 24 37 35 18 20 11 16 25 43 0 33 32 10 11 29 29 10 24 24 4 15 15 19 10 18 6 23 18 28 27 17 27 16 8 23 16 29
25 19 25 9 26 26 27 35 6 34 30 31 21 12 24 20 12 47 13 31 29 30 11 33 0 21 25 34 6 32 40 9 22 29 45 36 45 28 21 34 33 18 32 30 28 8 26 25 19 31 5
41 5 25 25 34 13 26 35 19 32 24 42 6 17 38 6 33 38 18 38 40 44 31 32 21 0 29 27 24 14 42 19 8 29 39 26 35 35 14 36 19 29 15 13 18 15 37 24 9 42 23
20 24 6 16 5 21 8 10 30 12 13 14 23 13 16 33 25 27 12 9 11 19 33 10 25 29 0 16 19 29 16 16 21 6 24 20 27 6 15 9 25 8 29 27 18 19 10 7 20 13 20
36 23 11 29 20 14 8 14 37 8 4 29 21 22 32 33 39 13 21 22 26 34 45 11 34 27 16 0 31 19 20 25 19 11 12 4 11 20 14 17 13 24 18 19 9 27 25 10 19 27 31
19 20 22 3 20 24 24 29 12 31 27 25 22 9 18 24 9 44 10 25 23 24 14 29 6 24 19 31 0 32 34 6 22 25 42 33 42 22 18 28 31 12 32 30 25 9 20 22 19 25 1
46 13 24 32 34 8 23 32 31 27 19 43 11 23 43 20 41 28 23 38 40 48 43 29 32 14 29 19 32 0 39 26 10 27 29 16 23 35 14 34 6 33 1 2 12 24 39 23 13 42 31
29 37 17 31 14 32 16 7 46 12 20 17 36 29 25 47 39 23 28 10 15 24 48 10 40 42 16 20 34 39 0 32 34 13 20 24 26 12 28 7 33 22 38 37 27 35 17 18 33 14 35
22 15 16 6 19 18 18 26 14 25 21 25 16 3 20 21 15 38 4 24 23 26 20 24 9 19 16 25 6 26 32 0 16 20 36 27 36 21 12 25 25 12 26 24 19 5 20 16 13 25 6
37 4 17 22 26 5 18 27 22 24 16 35 2 13 34 14 31 30 14 30 32 39 33 24 22 8 21 19 22 10 34 16 0 21 31 18 27 27 6 28 12 24 10 8 10 14 31 16 3 34 21
25 24 4 22 9 20 4 6 34 6 9 18 23 17 21 34 31 21 16 11 15 23 39 4 29 29 6 11 25 27 13 20 21 0 18 15 22 9 15 7 22 14 26 25 15 23 14 5 20 16 25
43 35 21 40 27 26 18 18 49 12 16 34 33 33 39 45 49 3 32 26 31 40 56 15 45 39 24 12 42 29 20 36 31 18 0 13 7 25 26 21 23 32 28 29 21 39 31 20 31 31 42
40 22 14 32 24 13 12 18 38 12 7 33 20 24 36 32 42 12 23 26 30 38 47 15 36 26 20 4 33 16 24 27 18 15 13 0 9 24 15 21 10 27 15 16 8 28 29 13 19 31 33
47 31 22 40 31 22 19 22 47 16 15 38 29 33 43 41 50 5 32 30 35 44 56 19 45 35 27 11 42 23 26 36 27 22 7 9 0 29 24 25 17 35 22 23 17 37 35 21 28 35 42
18 30 11 19 2 27 13 8 34 13 18 9 29 19 14 39 27 28 18 3 6 15 36 10 28 35 6 20 22 35 12 21 27 9 25 24 29 0 21 6 30 10 34 33 23 25 6 12 26 7 23
32 9 11 18 20 6 12 21 23 19 11 29 8 9 29 19 27 27 9 24 26 34 32 18 21 14 15 14 18 14 28 12 6 15 26 15 24 21 0 22 13 19 14 12 7 13 25 10 5 28 18
24 31 11 25 8 27 11 3 39 9 16 13 30 22 20 41 33 23 21 5 10 20 42 6 34 36 9 17 28 34 7 25 28 7 21 21 25 6 22 0 29 16 33 32 22 28 12 12 27 10 29
44 16 19 31 30 7 18 26 34 21 13 39 14 22 41 25 40 22 22 33 36 44 44 23 33 19 25 13 31 6 33 25 12 22 23 10 17 30 13 29 0 31 5 6 7 25 35 18 14 37 31
13 24 13 9 8 25 16 18 24 20 20 13 25 12 10 32 17 35 11 13 11 15 26 18 18 29 8 24 12 33 22 12 24 14 32 27 35 10 19 16 31 0 33 31 24 17 8 14 21 13 13
46 13 23 32 34 8 22 31 31 26 18 43 11 23 43 21 41 27 23 37 40 48 43 28 32 15 29 18 32 1 38 26 10 26 28 15 22 34 14 33 5 33 0 2 11 24 39 22 13 41 31
44 11 22 30 32 6 21 30 29 25 17 41 9 21 41 19 39 28 21 36 38 46 41 27 30 13 27 19 30 2 37 24 8 25 29 16 23 33 12 32 6 31 2 0 10 22 37 21 11 40 29
37 14 12 25 23 5 11 20 30 15 7 32 12 16 34 24 34 20 16 26 29 37 39 17 28 18 18 9 25 12 27 19 10 15 21 8 17 23 7 22 7 24 11 10 0 20 28 11 11 30 25
26 11 19 10 23 18 21 29 11 28 23 30 13 6 25 16 18 40 7 28 28 31 19 27 8 15 19 27 9 24 35 5 14 23 39 28 37 25 13 28 25 17 24 22 20 0 25 19 11 30 8
12 32 16 17 5 31 18 14 32 19 23 5 33 20 8 40 22 34 19 7 3 9 33 16 26 37 10 25 20 39 17 20 31 14 31 29 35 6 25 12 35 8 39 37 28 25 0 17 29 5 21
27 19 1 20 12 15 2 11 30 9 6 21 18 13 23 29 30 22 12 15 18 26 36 8 25 24 7 10 22 23 18 16 16 5 20 13 21 12 10 12 18 14 22 21 11 19 17 0 15 19 22
34 4 16 19 25 7 17 26 20 24 16 34 4 10 31 14 28 31 11 29 31 36 30 23 19 9 20 19 19 13 33 13 3 20 31 19 28 26 5 27 14 21 13 11 11 11 29 15 0 33 18
16 37 18 22 8 34 20 13 37 19 25 3 36 25 12 45 27 33 24 5 2 10 38 16 31 42 13 27 25 42 14 25 34 16 31 31 35 7 28 10 37 13 41 40 30 30 5 19 33 0 26
20 19 22 4 21 24 24 30 11 31 27 26 21 9 19 23 10 44 10 26 24 25 14 29 5 23 20 31 1 31 35 6 21 25 42 33 42 23 18 29 31 13 31 29 25 8 21 22 18 26 0
0 710
5 147
346 488
325 467
275 417
379 521
526 668
43 185
228 370
284 426
518 660
524 666
283 425
493 635
172 314
397 539
173 315
451 593
280 422
352 494
318 460
393 535
358 500
479 621
450 592
254 396
551 693
550 692
507 649
523 665
432 574
186 328
264 406
451 593
346 488
1 143
353 495
554 696
150 292
56 198
185 327
246 388
384 526
254 396
148 290
390 532
384 526
217 359
199 341
234 376
293 435
0
50
35
60
19
50
63
26
57
60
80
53
41
68
65
35
79
70
69
69
41
48
24
76
20
60
33
74
46
26
49
27
34
55
34
80
50
67
42
44
21
67
54
23
19
64
58
37
64
57
59
