51
1628
0 26 18 12 27 30 20 34 7 21 19 22 8 21 25 13 19 17 28 10 17 17 14 11 32 32 18 20 24 26 29 21 4 17 14 35 17 10 7 23 31 29 8 16 25 24 23 15 16 30 8
26 0 10 14 44 5 37 17 30 29 20 24 34 5 19 33 44 34 26 36 18 34 40 22 24 15 23 45 18 22 48 25 23 35 30 16 30 35 19 13 6 20 27 33 46 43 7 37 18 19 25
18 10 0 7 38 14 31 23 23 19 18 23 26 5 13 23 34 24 27 27 15 28 31 16 27 15 21 35 19 23 42 23 16 25 20 23 20 28 12 14 15 16 20 23 40 37 10 30 8 16 15
12 14 7 0 31 18 24 23 16 23 12 17 20 9 20 21 31 24 22 22 9 21 26 9 25 22 15 32 16 19 35 17 9 25 20 23 21 21 5 12 19 23 13 23 33 30 11 23 12 23 13
27 44 38 31 0 44 7 39 20 48 25 22 26 39 50 39 38 43 26 31 27 10 30 22 33 53 22 39 29 28 6 21 24 43 41 40 44 23 27 32 45 54 19 42 8 4 38 13 41 54 35
30 5 14 18 44 0 38 12 34 33 19 23 38 9 24 37 48 38 24 40 18 35 44 23 20 19 22 49 16 20 49 24 27 39 34 11 34 39 23 12 1 25 29 37 47 44 7 38 22 24 29
20 37 31 24 7 38 0 35 13 41 19 18 19 32 43 32 32 36 24 24 20 3 24 15 30 46 16 33 24 24 11 17 17 36 34 36 37 16 20 26 39 47 12 35 9 6 31 6 34 47 28
34 17 23 23 39 12 35 0 35 42 16 17 41 18 35 44 53 47 15 44 18 32 47 24 8 31 19 54 11 12 45 18 30 48 43 1 43 41 27 11 12 37 30 46 44 41 13 37 31 36 36
7 30 23 16 20 34 13 35 0 28 19 21 7 25 32 19 21 23 27 12 17 11 13 11 32 38 17 22 24 26 22 20 7 23 21 35 24 6 11 24 35 36 5 22 18 17 27 8 23 37 15
21 29 19 23 48 33 41 42 28 0 35 40 25 24 12 12 23 11 45 21 32 38 25 30 46 21 37 24 38 42 50 40 24 12 8 42 5 28 23 33 34 14 29 10 46 45 29 36 11 16 13
19 20 18 12 25 19 19 16 19 35 0 5 26 17 31 31 38 35 10 29 3 16 32 8 13 33 3 39 5 7 30 5 15 35 31 17 33 25 13 7 20 34 14 34 28 25 13 21 24 34 24
22 24 23 17 22 23 18 17 21 40 5 0 28 22 36 35 41 39 6 32 8 15 34 11 12 38 4 42 7 6 28 1 18 39 35 18 38 27 18 11 24 39 16 38 27 24 17 21 29 39 28
8 34 26 20 26 38 19 41 7 25 26 28 0 29 32 14 14 18 34 5 24 18 6 18 39 39 24 15 31 33 26 27 11 17 17 42 20 3 15 30 39 36 12 17 21 22 31 13 23 37 14
21 5 5 9 39 9 32 18 25 24 17 22 29 0 17 28 39 29 24 31 14 29 35 17 22 16 20 40 16 20 43 22 18 30 25 18 25 30 14 11 10 19 22 28 41 38 5 32 13 19 20
25 19 13 20 50 24 43 35 32 12 31 36 32 17 0 22 34 22 40 31 28 40 35 29 39 10 34 35 32 36 54 36 26 23 18 35 16 35 23 27 25 4 31 21 50 49 22 40 9 6 18
13 33 23 21 39 37 32 44 19 12 31 35 14 28 22 0 12 4 41 9 28 30 13 24 44 32 31 13 35 38 40 34 17 4 4 44 7 17 18 33 38 26 21 3 35 36 31 27 16 28 8
19 44 34 31 38 48 32 53 21 23 38 41 14 39 34 12 0 13 47 9 36 31 8 30 51 44 37 1 43 45 37 40 23 12 16 54 18 16 26 42 49 37 26 13 32 34 42 26 28 39 19
17 34 24 24 43 38 36 47 23 11 35 39 18 29 22 4 13 0 45 13 32 34 17 28 48 32 35 14 39 42 44 38 21 1 4 47 6 21 22 36 39 25 25 1 39 40 34 31 16 27 11
28 26 27 22 26 24 24 15 27 45 10 6 34 24 40 41 47 45 0 38 13 21 40 17 7 40 10 48 8 4 32 7 24 45 41 16 43 33 23 13 24 43 22 44 33 29 19 27 34 43 34
10 36 27 22 31 40 24 44 12 21 29 32 5 31 31 9 9 13 38 0 27 23 4 21 42 38 28 10 34 36 31 31 14 12 13 45 16 8 17 33 41 34 17 12 26 27 33 18 22 36 13
17 18 15 9 27 18 20 18 17 32 3 8 24 14 28 28 36 32 13 27 0 17 30 6 16 30 6 37 7 10 31 8 13 32 28 18 30 23 10 7 19 31 12 31 29 26 11 21 21 31 21
17 34 28 21 10 35 3 32 11 38 16 15 18 29 40 30 31 34 21 23 17 0 23 12 27 43 13 32 21 21 14 14 14 34 31 33 34 15 17 23 36 44 9 33 12 9 28 6 31 44 25
14 40 31 26 30 44 24 47 13 25 32 34 6 35 35 13 8 17 40 4 30 23 0 24 45 42 30 9 37 39 29 33 17 16 17 48 20 8 21 36 45 38 18 16 24 26 37 18 26 40 17
11 22 16 9 22 23 15 24 11 30 8 11 18 17 29 24 30 28 17 21 6 12 24 0 21 31 7 31 13 15 26 10 7 28 24 24 27 17 7 13 24 32 6 27 24 21 16 15 21 32 17
32 24 27 25 33 20 30 8 32 46 13 12 39 22 39 44 51 48 7 42 16 27 45 21 0 38 15 52 9 6 39 13 28 48 44 9 46 38 26 13 20 41 27 47 39 36 17 33 35 41 37
32 15 15 22 53 19 46 31 38 21 33 38 39 16 10 32 44 32 40 38 30 43 42 31 38 0 36 45 32 36 57 38 31 33 28 30 26 42 27 27 19 7 35 31 55 52 21 45 16 5 25
18 23 21 15 22 22 16 19 17 37 3 4 24 20 34 31 37 35 10 28 6 13 30 7 15 36 0 38 8 9 27 3 14 35 31 20 34 23 14 10 23 37 12 34 25 22 16 18 27 37 24
20 45 35 32 39 49 33 54 22 24 39 42 15 40 35 13 1 14 48 10 37 32 9 31 52 45 38 0 44 46 38 41 24 13 17 55 19 17 27 43 50 38 27 14 33 35 43 27 29 40 20
24 18 19 16 29 16 24 11 24 38 5 7 31 16 32 35 43 39 8 34 7 21 37 13 9 32 8 44 0 4 35 8 20 39 35 12 37 30 17 5 17 35 19 38 33 30 11 26 27 35 28
26 22 23 19 28 20 24 12 26 42 7 6 33 20 36 38 45 42 4 36 10 21 39 15 6 36 9 46 4 0 34 7 22 42 38 13 40 32 20 9 20 39 21 41 33 30 15 27 31 39 31
29 48 42 35 6 49 11 45 22 50 30 28 26 43 54 40 37 44 32 31 31 14 29 26 39 57 27 38 35 34 0 27 28 43 43 46 46 23 31 37 50 58 23 43 5 5 42 14 45 58 37
21 25 23 17 21 24 17 18 20 40 5 1 27 22 36 34 40 38 7 31 8 14 33 10 13 38 3 41 8 7 27 0 17 38 34 19 37 26 17 12 25 39 15 37 26 23 18 20 29 39 27
4 23 16 9 24 27 17 30 7 24 15 18 11 18 26 17 23 21 24 14 13 14 17 7 28 31 14 24 20 22 28 17 0 21 18 31 21 12 4 19 28 30 5 20 24 23 20 14 17 31 11
17 35 25 25 43 39 36 48 23 12 35 39 17 30 23 4 12 1 45 12 32 34 16 28 48 33 35 13 39 42 43 38 21 0 5 48 7 20 22 37 40 26 25 2 38 39 35 30 17 28 12
14 30 20 20 41 34 34 43 21 8 31 35 17 25 18 4 16 4 41 13 28 31 17 24 44 28 31 17 35 38 43 34 18 5 0 43 3 20 18 32 35 22 22 3 38 38 30 29 12 24 7
35 16 23 23 40 11 36 1 35 42 17 18 42 18 35 44 54 47 16 45 18 33 48 24 9 30 20 55 12 13 46 19 31 48 43 0 43 41 28 12 12 36 30 46 45 42 13 38 31 35 36
17 30 20 21 44 34 37 43 24 5 33 38 20 25 16 7 18 6 43 16 30 34 20 27 46 26 34 19 37 40 46 37 21 7 3 43 0 23 21 33 35 19 25 5 41 41 30 32 12 21 10
10 35 28 21 23 39 16 41 6 28 25 27 3 30 35 17 16 21 33 8 23 15 8 17 38 42 23 17 30 32 23 26 12 20 20 41 23 0 16 30 40 39 11 20 18 19 32 10 26 40 17
7 19 12 5 27 23 20 27 11 23 13 18 15 14 23 18 26 22 23 17 10 17 21 7 26 27 14 27 17 20 31 17 4 22 18 28 21 16 0 16 24 27 8 21 28 26 16 18 14 28 11
23 13 14 12 32 12 26 11 24 33 7 11 30 11 27 33 42 36 13 33 7 23 36 13 13 27 10 43 5 9 37 12 19 37 32 12 33 30 16 0 13 30 19 35 35 32 6 28 22 30 25
31 6 15 19 45 1 39 12 35 34 20 24 39 10 25 38 49 39 24 41 19 36 45 24 20 19 23 50 17 20 50 25 28 40 35 12 35 40 24 13 0 26 30 38 48 45 8 39 23 24 30
29 20 16 23 54 25 47 37 36 14 34 39 36 19 4 26 37 25 43 34 31 44 38 32 41 7 37 38 35 39 58 39 30 26 22 36 19 39 27 30 26 0 35 24 54 53 24 44 13 2 22
8 27 20 13 19 29 12 30 5 29 14 16 12 22 31 21 26 25 22 17 12 9 18 6 27 35 12 27 19 21 23 15 5 25 22 30 25 11 8 19 30 35 0 24 20 18 22 10 22 36 16
16 33 23 23 42 37 35 46 22 10 34 38 17 28 21 3 13 1 44 12 31 33 16 27 47 31 34 14 38 41 43 37 20 2 3 46 5 20 21 35 38 24 24 0 38 39 33 30 15 26 10
25 46 40 33 8 47 9 44 18 46 28 27 21 41 50 35 32 39 33 26 29 12 24 24 39 55 25 33 33 33 5 26 24 38 38 45 41 18 28 35 48 54 20 38 0 4 40 10 41 55 33
24 43 37 30 4 44 6 41 17 45 25 24 22 38 49 36 34 40 29 27 26 9 26 21 36 52 22 35 30 30 5 23 23 39 38 42 41 19 26 32 45 53 18 39 4 0 37 9 40 53 32
23 7 10 11 38 7 31 13 27 29 13 17 31 5 22 31 42 34 19 33 11 28 37 16 17 21 16 43 11 15 42 18 20 35 30 13 30 32 16 6 8 24 22 33 40 37 0 31 18 24 23
15 37 30 23 13 38 6 37 8 36 21 21 13 32 40 27 26 31 27 18 21 6 18 15 33 45 18 27 26 27 14 20 14 30 29 38 32 10 18 28 39 44 10 30 10 9 31 0 31 45 23
16 18 8 12 41 22 34 31 23 11 24 29 23 13 9 16 28 16 34 22 21 31 26 21 35 16 27 29 27 31 45 29 17 17 12 31 12 26 14 22 23 13 22 15 41 40 18 31 0 14 9
30 19 16 23 54 24 47 36 37 16 34 39 37 19 6 28 39 27 43 36 31 44 40 32 41 5 37 40 35 39 58 39 31 28 24 35 21 40 28 30 24 2 36 26 55 53 24 45 14 0 23
8 25 15 13 35 29 28 36 15 13 24 28 14 20 18 8 19 11 34 13 21 25 17 17 37 25 24 20 28 31 37 27 11 12 7 36 10 17 11 25 30 22 16 10 33 32 23 23 9 23 0
0 273
40 40
18 18
31 31
77 77
180 180
54 54
54 54
169 169
224 224
255 255
32 32
54 54
168 168
108 108
11 11
28 28
146 146
67 67
231 231
15 15
227 227
179 179
30 30
102 102
136 136
80 80
71 71
3 3
201 201
54 54
47 47
173 173
210 210
204 204
180 180
6 6
28 28
232 232
43 43
59 59
103 103
21 21
118 118
3 3
120 120
99 99
251 251
122 122
124 124
237 237
0
55
46
13
65
32
55
45
46
43
76
49
52
33
63
23
46
44
77
24
33
84
34
38
70
19
40
41
67
46
51
61
36
44
72
44
32
70
66
81
43
40
75
53
58
57
75
25
66
67
29
