51
1625
0 8 13 23 19 11 22 26 16 12 17 28 28 33 19 10 21 36 13 7 29 19 13 14 15 20 21 12 25 13 10 6 28 17 22 27 20 19 15 22 10 15 24 6 29 28 27 17 29 10 14
8 0 21 15 21 6 30 31 24 12 19 26 28 33 19 15 23 36 7 3 21 18 5 16 15 15 29 4 33 21 2 14 20 12 30 31 12 27 23 30 18 15 32 2 29 20 28 18 27 17 21
13 21 0 36 20 23 13 23 5 22 22 38 35 39 23 12 22 42 25 20 42 29 26 21 25 31 9 25 14 5 23 8 40 28 11 26 33 7 3 11 4 21 12 19 36 41 31 24 39 7 8
23 15 36 0 34 17 45 40 39 20 27 24 30 35 30 30 36 37 15 18 9 21 11 24 21 15 44 12 48 36 13 29 10 18 45 39 3 42 38 45 33 26 47 17 31 6 32 25 24 32 36
19 21 20 34 0 17 33 42 25 31 35 47 47 52 5 9 2 55 19 18 41 38 23 33 34 36 29 23 34 24 23 16 41 17 31 44 31 27 23 31 16 8 32 20 48 39 45 36 48 13 12
11 6 23 17 17 0 33 36 27 18 25 32 34 39 13 13 19 42 2 4 24 24 6 22 21 21 32 6 36 24 8 15 24 6 33 37 14 30 25 33 19 9 35 7 35 22 34 24 33 17 20
22 30 13 45 33 33 0 14 8 25 20 37 32 34 36 25 35 37 35 29 45 29 35 21 26 33 5 34 4 9 32 19 43 39 3 17 42 7 10 3 17 34 7 28 33 47 27 23 38 20 21
26 31 23 40 42 36 14 0 18 20 13 27 19 20 44 33 44 23 37 32 39 21 35 16 20 27 19 34 17 18 31 26 37 42 17 3 37 20 20 17 26 41 21 29 20 41 14 16 28 29 31
16 24 5 39 25 27 8 18 0 22 20 36 33 36 28 17 27 39 29 23 43 27 29 19 24 31 5 28 9 3 26 12 41 33 6 21 36 3 2 6 9 26 8 22 34 43 28 22 37 12 13
12 12 22 20 31 18 25 20 22 0 7 16 16 21 29 22 33 24 18 14 21 7 15 4 3 9 27 14 29 19 11 17 19 23 26 19 17 25 22 26 21 25 30 11 17 22 16 6 17 21 25
17 19 22 27 35 25 20 13 20 7 0 17 13 18 36 26 37 21 25 21 26 9 22 3 7 14 24 21 24 17 18 20 24 30 22 12 24 23 20 22 23 32 26 18 14 28 10 3 18 24 28
28 26 38 24 47 32 37 27 36 16 17 0 8 12 45 38 49 13 31 29 17 9 27 17 13 11 41 26 41 34 24 33 15 36 39 24 23 39 37 39 37 41 43 27 7 19 13 14 1 37 41
28 28 35 30 47 34 32 19 33 16 13 8 0 5 45 38 49 8 34 30 24 10 31 15 13 15 36 30 36 30 27 32 22 39 34 16 27 36 33 34 36 41 38 27 1 26 5 12 9 36 40
33 33 39 35 52 39 34 20 36 21 18 12 5 0 50 43 54 3 39 35 29 15 36 20 18 20 39 35 37 34 32 37 27 44 37 17 32 39 37 37 41 46 41 32 5 31 8 17 13 41 45
19 19 23 30 5 13 36 44 28 29 36 45 45 50 0 11 6 53 15 16 37 36 19 33 32 34 32 19 37 27 21 18 37 13 34 46 27 30 26 34 19 4 35 18 46 35 45 35 46 16 16
10 15 12 30 9 13 25 33 17 22 26 38 38 43 11 0 11 46 15 12 36 29 19 24 25 29 21 18 26 16 17 7 35 17 23 35 27 19 15 23 8 9 24 13 39 35 36 27 39 5 7
21 23 22 36 2 19 35 44 27 33 37 49 49 54 6 11 0 57 21 20 43 40 25 35 36 38 31 25 36 26 25 18 43 19 33 46 33 29 25 33 18 10 34 22 50 41 47 38 50 15 14
36 36 42 37 55 42 37 23 39 24 21 13 8 3 53 46 57 0 42 38 30 18 39 23 21 23 42 38 40 37 35 40 28 47 40 20 35 42 40 40 44 49 44 35 7 32 11 20 13 44 48
13 7 25 15 19 2 35 37 29 18 25 31 34 39 15 15 21 42 0 6 22 24 4 22 21 20 34 5 38 26 7 17 22 5 35 37 12 32 27 35 21 11 37 8 35 20 34 24 32 19 22
7 3 20 18 18 4 29 32 23 14 21 29 30 35 16 12 20 38 6 0 24 21 7 18 17 18 28 6 32 20 5 12 23 10 29 33 15 26 22 29 16 12 31 3 31 23 30 20 30 14 18
29 21 42 9 41 24 45 39 43 21 26 17 24 29 37 36 43 30 22 24 0 18 18 24 19 12 48 19 49 40 19 35 2 27 47 38 10 46 43 47 39 33 51 23 24 3 28 23 17 38 42
19 18 29 21 38 24 29 21 27 7 9 9 10 15 36 29 40 18 24 21 18 0 21 8 4 6 32 20 33 25 17 24 16 29 31 20 18 30 28 31 28 32 35 18 11 20 11 6 10 28 32
13 5 26 11 23 6 35 35 29 15 22 27 31 36 19 19 25 39 4 7 18 21 0 19 18 16 34 1 38 26 4 19 18 9 35 34 8 32 28 35 23 15 37 7 32 16 31 21 28 21 25
14 16 21 24 33 22 21 16 19 4 3 17 15 20 33 24 35 23 22 18 24 8 19 0 5 12 24 18 25 17 15 17 22 27 23 15 21 22 20 23 21 29 27 15 16 26 13 3 18 21 25
15 15 25 21 34 21 26 20 24 3 7 13 13 18 32 25 36 21 21 17 19 4 18 5 0 7 29 17 30 21 14 20 17 26 28 19 18 27 24 28 24 28 32 14 14 21 13 4 14 24 28
20 15 31 15 36 21 33 27 31 9 14 11 15 20 34 29 38 23 20 18 12 6 16 12 7 0 36 15 37 28 13 25 10 25 35 26 12 34 31 35 29 30 39 16 16 14 17 11 12 29 33
21 29 9 44 29 32 5 19 5 27 24 41 36 39 32 21 31 42 34 28 48 32 34 24 29 36 0 33 5 8 31 17 46 37 2 22 41 2 7 2 13 30 3 27 37 48 31 27 42 16 17
12 4 25 12 23 6 34 34 28 14 21 26 30 35 19 18 25 38 5 6 19 20 1 18 17 15 33 0 37 25 3 18 18 10 34 33 9 31 27 34 22 15 36 6 31 17 30 20 27 20 24
25 33 14 48 34 36 4 17 9 29 24 41 36 37 37 26 36 40 38 32 49 33 38 25 30 37 5 37 0 12 35 21 47 42 3 20 45 7 11 3 18 35 5 31 37 51 31 27 42 21 22
13 21 5 36 24 24 9 18 3 19 17 34 30 34 27 16 26 37 26 20 40 25 26 17 21 28 8 25 12 0 23 10 38 30 9 21 33 6 3 9 8 25 11 19 31 40 26 20 35 11 13
10 2 23 13 23 8 32 31 26 11 18 24 27 32 21 17 25 35 7 5 19 17 4 15 14 13 31 3 35 23 0 16 18 12 32 30 10 29 25 32 20 17 34 4 28 18 27 17 25 19 23
6 14 8 29 16 15 19 26 12 17 20 33 32 37 18 7 18 40 17 12 35 24 19 17 20 25 17 18 21 10 16 0 34 21 18 28 26 15 10 18 4 15 20 12 33 34 30 20 34 4 8
28 20 40 10 41 24 43 37 41 19 24 15 22 27 37 35 43 28 22 23 2 16 18 22 17 10 46 18 47 38 18 34 0 27 45 36 10 44 41 45 38 33 49 22 22 4 26 21 15 37 41
17 12 28 18 17 6 39 42 33 23 30 36 39 44 13 17 19 47 5 10 27 29 9 27 26 25 37 10 42 30 12 21 27 0 39 42 17 35 31 39 24 9 40 13 40 24 39 29 37 21 24
22 30 11 45 31 33 3 17 6 26 22 39 34 37 34 23 33 40 35 29 47 31 35 23 28 35 2 34 3 9 32 18 45 39 0 20 42 4 8 0 15 32 4 28 35 48 29 25 40 18 19
27 31 26 39 44 37 17 3 21 19 12 24 16 17 46 35 46 20 37 33 38 20 34 15 19 26 22 33 20 21 30 28 36 42 20 0 36 23 23 20 29 42 24 30 17 40 11 15 25 32 34
20 12 33 3 31 14 42 37 36 17 24 23 27 32 27 27 33 35 12 15 10 18 8 21 18 12 41 9 45 33 10 26 10 17 42 36 0 39 35 42 30 23 44 14 28 8 29 22 23 29 33
19 27 7 42 27 30 7 20 3 25 23 39 36 39 30 19 29 42 32 26 46 30 32 22 27 34 2 31 7 6 29 15 44 35 4 23 39 0 5 4 11 28 5 25 37 46 31 25 40 14 15
15 23 3 38 23 25 10 20 2 22 20 37 33 37 26 15 25 40 27 22 43 28 28 20 24 31 7 27 11 3 25 10 41 31 8 23 35 5 0 8 7 24 10 21 34 43 29 23 38 10 11
22 30 11 45 31 33 3 17 6 26 22 39 34 37 34 23 33 40 35 29 47 31 35 23 28 35 2 34 3 9 32 18 45 39 0 20 42 4 8 0 15 32 4 28 35 48 29 25 40 18 19
10 18 4 33 16 19 17 26 9 21 23 37 36 41 19 8 18 44 21 16 39 28 23 21 24 29 13 22 18 8 20 4 38 24 15 29 30 11 7 15 0 17 16 16 37 38 33 24 38 3 5
15 15 21 26 8 9 34 41 26 25 32 41 41 46 4 9 10 49 11 12 33 32 15 29 28 30 30 15 35 25 17 15 33 9 32 42 23 28 24 32 17 0 33 14 42 31 41 31 42 14 15
24 32 12 47 32 35 7 21 8 30 26 43 38 41 35 24 34 44 37 31 51 35 37 27 32 39 3 36 5 11 34 20 49 40 4 24 44 5 10 4 16 33 0 30 39 51 33 29 44 19 20
6 2 19 17 20 7 28 29 22 11 18 27 27 32 18 13 22 35 8 3 23 18 7 15 14 16 27 6 31 19 4 12 22 13 28 30 14 25 21 28 16 14 30 0 28 22 27 17 28 15 19
29 29 36 31 48 35 33 20 34 17 14 7 1 5 46 39 50 7 35 31 24 11 32 16 14 16 37 31 37 31 28 33 22 40 35 17 28 37 34 35 37 42 39 28 0 26 6 13 8 37 41
28 20 41 6 39 22 47 41 43 22 28 19 26 31 35 35 41 32 20 23 3 20 16 26 21 14 48 17 51 40 18 34 4 24 48 40 8 46 43 48 38 31 51 22 26 0 30 25 19 37 41
27 28 31 32 45 34 27 14 28 16 10 13 5 8 45 36 47 11 34 30 28 11 31 13 13 17 31 30 31 26 27 30 26 39 29 11 29 31 29 29 33 41 33 27 6 30 0 10 14 34 38
17 18 24 25 36 24 23 16 22 6 3 14 12 17 35 27 38 20 24 20 23 6 21 3 4 11 27 20 27 20 17 20 21 29 25 15 22 25 23 25 24 31 29 17 13 25 10 0 15 24 28
29 27 39 24 48 33 38 28 37 17 18 1 9 13 46 39 50 13 32 30 17 10 28 18 14 12 42 27 42 35 25 34 15 37 40 25 23 40 38 40 38 42 44 28 8 19 14 15 0 38 42
10 17 7 32 13 17 20 29 12 21 24 37 36 41 16 5 15 44 19 14 38 28 21 21 24 29 16 20 21 11 19 4 37 21 18 32 29 14 10 18 3 14 19 15 37 37 34 24 38 0 4
14 21 8 36 12 20 21 31 13 25 28 41 40 45 16 7 14 48 22 18 42 32 25 25 28 33 17 24 22 13 23 8 41 24 19 34 33 15 11 19 5 15 20 19 41 41 38 28 42 4 0
0 273
186 213
92 119
110 137
112 139
26 53
3 30
198 225
72 99
40 67
4 31
23 50
38 65
13 40
101 128
50 77
55 82
193 220
204 231
179 206
27 54
99 126
238 265
76 103
20 47
60 87
170 197
19 46
191 218
41 68
156 183
73 100
215 242
75 102
12 39
218 245
76 103
89 116
206 233
212 239
215 242
101 128
214 241
108 135
91 118
74 101
36 63
71 98
205 232
204 231
106 133
0
37
54
60
19
73
19
71
30
81
27
78
68
15
79
60
26
69
76
30
44
63
41
32
40
39
86
19
38
25
45
46
46
73
18
75
90
73
49
55
53
48
40
33
16
76
72
58
56
41
37
