51
1627
0 3 10 28 23 13 7 17 25 44 36 17 34 35 18 18 15 33 13 24 36 31 34 36 16 4 18 14 41 23 20 28 14 17 14 29 9 15 27 19 14 3 31 34 28 37 7 28 10 21 21
3 0 12 30 20 10 7 16 28 44 36 18 35 38 21 18 18 34 15 27 37 31 37 35 13 4 17 17 41 26 23 31 15 20 15 29 6 12 30 22 13 6 34 36 29 40 6 28 13 24 24
10 12 0 18 26 22 17 15 17 38 31 10 24 27 11 16 7 23 3 16 27 27 25 33 22 9 16 5 35 15 25 20 21 18 7 22 15 20 19 11 15 8 22 24 21 28 17 21 11 12 14
28 30 18 0 37 40 35 26 12 34 30 17 9 13 16 25 15 10 16 10 16 28 8 34 37 27 26 14 32 10 38 12 38 30 17 19 31 34 13 13 27 26 5 6 17 10 35 21 25 7 17
23 20 26 37 0 21 26 11 42 32 24 20 36 49 37 13 33 34 25 41 34 19 45 19 9 20 11 30 29 40 43 45 35 40 21 23 14 8 44 37 11 26 42 41 25 47 25 21 33 34 40
13 10 22 40 21 0 9 21 38 49 41 27 44 48 31 23 28 43 24 37 46 36 47 39 12 13 22 27 46 36 25 41 17 26 24 36 10 14 40 32 18 16 44 45 37 50 8 34 22 34 34
7 7 17 35 26 9 0 23 32 51 43 24 41 42 24 25 22 40 20 31 43 38 41 42 18 11 24 21 48 30 17 35 9 17 21 36 12 18 34 26 20 9 38 41 35 44 1 35 14 28 27
17 16 15 26 11 21 23 0 31 28 20 9 26 38 26 2 22 24 14 30 25 15 34 19 13 13 1 19 25 29 37 34 31 32 10 15 11 10 33 26 3 19 31 30 16 36 22 13 25 23 29
25 28 17 12 42 38 32 31 0 46 41 23 21 10 8 30 10 22 17 2 28 38 12 44 39 26 32 13 43 3 29 3 31 21 21 30 32 37 2 6 31 23 11 18 28 15 32 31 18 9 6
44 44 38 34 32 49 51 28 46 0 8 28 26 44 46 26 42 24 35 44 19 13 39 13 39 40 27 39 3 43 63 46 58 56 31 17 39 36 47 44 31 45 38 31 18 39 50 17 49 37 49
36 36 31 30 24 41 43 20 41 8 0 21 23 41 40 18 36 21 28 39 17 5 36 6 31 32 19 33 5 38 56 42 50 49 24 11 31 28 42 38 23 38 35 28 13 36 42 10 42 32 43
17 18 10 17 20 27 24 9 23 28 21 0 18 29 19 8 15 16 7 21 19 17 25 23 21 14 9 12 25 20 35 25 30 28 3 12 17 18 24 19 11 17 22 21 11 27 24 11 21 14 22
34 35 24 9 36 44 41 26 21 26 23 18 0 18 25 24 23 2 21 19 7 22 13 28 39 31 26 21 24 19 47 21 45 39 20 13 34 36 22 22 29 32 12 5 11 13 41 15 33 15 26
35 38 27 13 49 48 42 38 10 44 41 29 18 0 18 37 20 20 26 11 25 40 5 46 49 36 38 22 42 12 39 7 41 31 29 31 42 46 8 16 39 33 8 13 29 8 42 33 28 16 16
18 21 11 16 37 31 24 26 8 46 40 19 25 18 0 25 4 25 12 8 31 36 19 42 32 19 27 7 43 7 22 11 23 14 16 30 25 31 10 3 26 15 17 22 28 22 24 30 10 10 3
18 18 16 25 13 23 25 2 30 26 18 8 24 37 25 0 21 22 13 29 23 13 33 18 15 14 2 18 23 28 38 33 32 33 9 13 13 12 32 25 5 20 30 28 14 35 24 11 26 22 28
15 18 7 15 33 28 22 22 10 42 36 15 23 20 4 21 0 23 8 9 29 32 20 38 29 16 23 3 39 8 24 13 23 16 12 26 22 27 12 4 22 13 17 21 24 23 22 26 10 8 7
33 34 23 10 34 43 40 24 22 24 21 16 2 20 25 22 23 0 20 20 6 20 15 26 37 30 24 21 22 20 47 22 44 39 19 11 33 34 23 22 27 31 14 7 9 15 40 13 33 15 27
13 15 3 16 25 24 20 14 17 35 28 7 21 26 12 13 8 20 0 16 24 24 23 30 23 11 15 5 32 15 28 20 24 21 4 19 16 20 19 12 14 11 20 21 18 26 20 18 14 10 15
24 27 16 10 41 37 31 30 2 44 39 21 19 11 8 29 9 20 16 0 26 36 11 42 38 25 30 11 41 1 30 4 31 22 20 28 31 36 3 5 30 22 9 16 26 14 31 29 18 7 7
36 37 27 16 34 46 43 25 28 19 17 19 7 25 31 23 29 6 24 26 0 18 20 23 38 33 25 26 17 26 52 28 48 45 22 11 36 35 29 28 28 35 19 12 9 20 43 13 38 21 33
31 31 27 28 19 36 38 15 38 13 5 17 22 40 36 13 32 20 24 36 18 0 35 6 26 27 14 29 10 35 51 40 45 45 20 9 26 23 39 35 18 33 33 27 11 35 37 7 38 29 39
34 37 25 8 45 47 41 34 12 39 36 25 13 5 19 33 20 15 23 11 20 35 0 41 45 34 34 20 37 12 41 9 42 33 25 26 39 42 10 16 35 32 3 8 24 3 41 28 29 13 18
36 35 33 34 19 39 42 19 44 13 6 23 28 46 42 18 38 26 30 42 23 6 41 0 28 32 18 35 10 41 56 46 50 51 26 15 30 25 45 41 22 38 39 33 17 41 41 13 44 35 45
16 13 22 37 9 12 18 13 39 39 31 21 39 49 32 15 29 37 23 38 38 26 45 28 0 13 13 27 36 37 35 42 27 33 20 28 7 3 41 33 10 19 42 42 29 47 17 26 26 33 35
4 4 9 27 20 13 11 13 26 40 32 14 31 36 19 14 16 30 11 25 33 27 34 32 13 0 14 14 37 24 24 29 18 20 11 26 6 12 28 20 10 6 31 32 25 37 10 25 13 21 22
18 17 16 26 11 22 24 1 32 27 19 9 26 38 27 2 23 24 15 30 25 14 34 18 13 14 0 20 24 29 38 34 32 33 11 15 12 10 33 27 4 20 31 30 16 36 23 13 26 23 30
14 17 5 14 30 27 21 19 13 39 33 12 21 22 7 18 3 21 5 11 26 29 20 35 27 14 20 0 36 10 26 15 24 19 9 23 20 25 14 7 19 12 17 20 21 23 21 23 12 7 10
41 41 35 32 29 46 48 25 43 3 5 25 24 42 43 23 39 22 32 41 17 10 37 10 36 37 24 36 0 40 60 44 55 53 28 14 36 33 44 41 28 42 36 29 15 37 47 14 46 34 46
23 26 15 10 40 36 30 29 3 43 38 20 19 12 7 28 8 20 15 1 26 35 12 41 37 24 29 10 40 0 29 5 30 21 19 27 30 35 4 4 29 21 10 16 25 15 30 28 17 6 7
20 23 25 38 43 25 17 37 29 63 56 35 47 39 22 38 24 47 28 30 52 51 41 56 35 24 38 26 60 29 0 32 8 8 32 47 29 35 31 25 34 18 39 44 46 44 18 46 14 32 23
28 31 20 12 45 41 35 34 3 46 42 25 21 7 11 33 13 22 20 4 28 40 9 46 42 29 34 15 44 5 32 0 34 24 24 31 35 40 1 9 34 26 9 16 29 12 35 33 21 11 9
14 15 21 38 35 17 9 31 31 58 50 30 45 41 23 32 23 44 24 31 48 45 42 50 27 18 32 24 55 30 8 34 0 11 27 42 21 27 33 26 28 13 40 44 41 45 10 41 13 31 25
17 20 18 30 40 26 17 32 21 56 49 28 39 31 14 33 16 39 21 22 45 45 33 51 33 20 33 19 53 21 8 24 11 0 25 40 26 32 23 17 30 14 31 36 39 36 18 39 7 24 15
14 15 7 17 21 24 21 10 21 31 24 3 20 29 16 9 12 19 4 20 22 20 25 26 20 11 11 9 28 19 32 24 27 25 0 15 14 17 23 16 10 14 22 22 14 27 21 14 18 13 19
29 29 22 19 23 36 36 15 30 17 11 12 13 31 30 13 26 11 19 28 11 9 26 15 28 26 15 23 14 27 47 31 42 40 15 0 26 25 31 27 18 29 24 18 2 26 35 2 33 21 32
9 6 15 31 14 10 12 11 32 39 31 17 34 42 25 13 22 33 16 31 36 26 39 30 7 6 12 20 36 30 29 35 21 26 14 26 0 6 34 26 8 12 36 36 27 41 11 24 19 26 28
15 12 20 34 8 14 18 10 37 36 28 18 36 46 31 12 27 34 20 36 35 23 42 25 3 12 10 25 33 35 35 40 27 32 17 25 6 0 39 31 7 18 39 39 26 44 17 23 25 30 34
27 30 19 13 44 40 34 33 2 47 42 24 22 8 10 32 12 23 19 3 29 39 10 45 41 28 33 14 44 4 31 1 33 23 23 31 34 39 0 8 33 25 10 17 29 13 34 32 20 10 8
19 22 11 13 37 32 26 26 6 44 38 19 22 16 3 25 4 22 12 5 28 35 16 41 33 20 27 7 41 4 25 9 26 17 16 27 26 31 8 0 26 17 14 19 26 19 26 28 13 7 5
14 13 15 27 11 18 20 3 31 31 23 11 29 39 26 5 22 27 14 30 28 18 35 22 10 10 4 19 28 29 34 34 28 30 10 18 8 7 33 26 0 16 32 32 19 37 19 16 23 23 29
3 6 8 26 26 16 9 19 23 45 38 17 32 33 15 20 13 31 11 22 35 33 32 38 19 6 20 12 42 21 18 26 13 14 14 29 12 18 25 17 16 0 29 32 28 35 9 28 7 19 18
31 34 22 5 42 44 38 31 11 38 35 22 12 8 17 30 17 14 20 9 19 33 3 39 42 31 31 17 36 10 39 9 40 31 22 24 36 39 10 14 32 29 0 7 22 6 38 26 27 10 16
34 36 24 6 41 45 41 30 18 31 28 21 5 13 22 28 21 7 21 16 12 27 8 33 42 32 30 20 29 16 44 16 44 36 22 18 36 39 17 19 32 32 7 0 16 8 41 20 31 13 23
28 29 21 17 25 37 35 16 28 18 13 11 11 29 28 14 24 9 18 26 9 11 24 17 29 25 16 21 15 25 46 29 41 39 14 2 27 26 29 26 19 28 22 16 0 24 35 4 32 19 31
37 40 28 10 47 50 44 36 15 39 36 27 13 8 22 35 23 15 26 14 20 35 3 41 47 37 36 23 37 15 44 12 45 36 27 26 41 44 13 19 37 35 6 8 24 0 44 28 32 16 21
7 6 17 35 25 8 1 22 32 50 42 24 41 42 24 24 22 40 20 31 43 37 41 41 17 10 23 21 47 30 18 35 10 18 21 35 11 17 34 26 19 9 38 41 35 44 0 34 14 28 27
28 28 21 21 21 34 35 13 31 17 10 11 15 33 30 11 26 13 18 29 13 7 28 13 26 25 13 23 14 28 46 33 41 39 14 2 24 23 32 28 16 28 26 20 4 28 34 0 32 22 33
10 13 11 25 33 22 14 25 18 49 42 21 33 28 10 26 10 33 14 18 38 38 29 44 26 13 26 12 46 17 14 21 13 7 18 33 19 25 20 13 23 7 27 31 32 32 14 32 0 18 13
21 24 12 7 34 34 28 23 9 37 32 14 15 16 10 22 8 15 10 7 21 29 13 35 33 21 23 7 34 6 32 11 31 24 13 21 26 30 10 7 23 19 10 13 19 16 28 22 18 0 12
21 24 14 17 40 34 27 29 6 49 43 22 26 16 3 28 7 27 15 7 33 39 18 45 35 22 30 10 46 7 23 9 25 15 19 32 28 34 8 5 29 18 16 23 31 21 27 33 13 12 0
0 273
35 171
106 242
88 224
40 176
105 241
63 199
23 159
81 217
71 207
85 221
131 267
118 254
10 146
53 189
124 260
57 193
56 192
120 256
111 247
50 186
132 268
33 169
111 247
51 187
59 195
94 230
123 259
40 176
12 148
38 174
21 157
62 198
100 236
136 272
67 203
1 137
67 203
86 222
52 188
45 181
36 172
38 174
18 154
121 257
101 237
73 209
95 231
19 155
95 231
85 221
0
49
43
47
77
54
72
44
53
60
66
77
13
54
35
64
68
56
37
63
38
64
76
56
43
26
68
32
58
39
32
44
52
84
28
42
43
45
24
33
65
63
61
25
54
36
34
54
55
48
48
