51
1625
0 18 44 11 18 23 24 22 16 15 32 29 24 26 15 29 14 25 29 2 25 28 16 5 24 16 23 13 14 14 31 15 4 19 13 17 27 16 39 8 28 15 10 31 22 4 16 4 26 18 13
18 0 45 9 32 33 41 11 19 31 48 41 12 32 32 45 6 7 37 16 9 34 23 22 21 30 12 23 32 19 24 32 18 35 16 35 43 18 43 24 24 5 27 40 39 22 33 22 17 11 29
44 45 0 48 62 26 41 34 28 36 38 26 35 18 44 38 48 43 20 43 41 18 28 42 24 60 33 31 54 30 22 38 40 32 32 52 37 29 6 39 21 49 54 22 42 48 40 47 28 34 35
11 9 48 0 23 32 35 19 20 26 43 40 20 33 26 40 3 16 37 9 18 35 23 16 26 21 20 21 23 19 31 26 13 30 16 27 38 19 45 19 30 4 18 40 33 14 27 14 24 16 24
18 32 62 23 0 38 31 40 34 28 41 43 42 44 21 38 26 39 44 20 41 44 34 20 42 2 41 31 10 32 49 27 22 33 31 14 36 34 57 23 46 27 8 46 29 14 26 15 44 36 28
23 33 26 32 38 0 16 28 15 10 18 8 30 9 18 16 33 36 6 23 35 8 10 18 20 36 29 11 28 14 26 12 19 6 17 26 14 16 20 15 23 34 30 8 17 24 14 23 26 24 10
24 41 41 35 31 16 0 39 27 11 10 16 41 25 10 7 38 47 21 26 46 24 22 19 34 30 40 21 21 25 41 9 23 10 28 17 5 27 35 17 38 39 25 20 2 23 8 22 39 35 13
22 11 34 19 40 28 39 0 13 28 45 36 2 25 33 42 16 10 31 20 8 27 18 23 11 38 1 18 36 14 13 30 19 30 11 38 40 12 33 23 13 16 32 34 38 26 32 26 6 4 26
16 19 28 20 34 15 27 13 0 17 32 23 15 13 24 29 20 21 18 15 20 15 5 16 8 32 14 6 29 2 15 19 12 17 4 30 27 1 25 14 12 21 26 21 27 20 21 20 13 9 15
15 31 36 26 28 10 11 28 17 0 18 15 30 18 8 15 29 36 16 17 35 18 12 10 24 26 29 11 18 15 31 2 13 5 17 16 13 17 30 7 28 30 21 18 10 16 4 15 29 24 2
32 48 38 43 41 18 10 45 32 18 0 12 47 25 20 3 46 53 19 34 52 23 27 27 38 40 46 27 31 31 44 17 30 15 34 27 5 33 32 24 41 47 35 16 12 32 16 31 44 41 19
29 41 26 40 43 8 16 36 23 15 12 0 38 13 22 12 41 44 7 31 43 11 18 24 27 41 37 19 33 22 32 16 27 10 25 30 11 24 20 21 29 42 36 4 17 30 18 29 33 32 16
24 12 35 20 42 30 41 2 15 30 47 38 0 27 35 44 17 8 33 22 6 29 20 25 13 40 2 20 38 16 14 32 21 32 13 40 42 14 35 25 14 17 34 36 40 28 34 28 7 6 28
26 32 18 33 44 9 25 25 13 18 25 13 27 0 26 24 33 34 6 26 33 2 10 24 14 42 25 13 36 14 19 20 22 15 17 34 23 14 13 21 16 34 36 9 26 30 22 29 20 22 17
15 32 44 26 21 18 10 33 24 8 20 22 35 26 0 17 29 39 24 17 39 26 20 10 32 20 34 18 11 22 39 6 14 12 22 8 15 24 38 10 36 30 15 25 8 13 5 12 35 29 10
29 45 38 40 38 16 7 42 29 15 3 12 44 24 17 0 43 50 19 31 49 22 24 24 36 37 43 24 28 28 42 14 27 12 31 24 2 30 32 21 39 44 32 16 9 29 13 28 42 38 16
14 6 48 3 26 33 38 16 20 29 46 41 17 33 29 43 0 13 37 12 15 35 23 19 24 24 17 22 26 19 29 29 16 33 16 30 41 19 45 22 28 1 21 40 36 17 30 17 22 14 27
25 7 43 16 39 36 47 10 21 36 53 44 8 34 39 50 13 0 39 23 2 36 26 29 21 37 10 26 39 22 22 38 25 38 19 42 48 20 43 30 22 12 34 42 45 29 39 29 15 12 34
29 37 20 37 44 6 21 31 18 16 19 7 33 6 24 19 37 39 0 29 38 4 14 24 20 42 31 16 34 18 25 18 25 12 21 32 18 19 14 21 22 38 36 3 22 30 20 29 26 27 16
2 16 43 9 20 23 26 20 15 17 34 31 22 26 17 31 12 23 29 0 23 28 16 7 22 18 21 13 16 14 29 17 4 21 11 19 29 14 39 10 26 13 12 31 24 6 18 6 24 16 15
25 9 41 18 41 35 46 8 20 35 52 43 6 33 39 49 15 2 38 23 0 35 25 29 19 39 8 25 39 21 20 37 25 37 18 42 47 19 41 30 20 14 35 41 45 29 39 29 13 11 33
28 34 18 35 44 8 24 27 15 18 23 11 29 2 26 22 35 36 4 28 35 0 12 24 16 42 27 15 36 16 21 20 24 14 19 34 21 16 13 21 18 36 36 7 25 30 22 29 22 24 17
16 23 28 23 34 10 22 18 5 12 27 18 20 10 20 24 23 26 14 16 25 12 0 14 12 32 19 3 27 4 19 14 12 12 7 27 22 6 23 11 16 24 26 17 22 20 16 19 18 14 10
5 22 42 16 20 18 19 23 16 10 27 24 25 24 10 24 19 29 24 7 29 24 14 0 24 18 24 11 13 14 31 10 4 14 13 15 22 16 37 3 28 20 12 26 17 6 11 5 26 19 8
24 21 24 26 42 20 34 11 8 24 38 27 13 14 32 36 24 21 20 22 19 16 12 24 0 40 11 14 37 10 7 26 20 24 11 38 34 8 22 22 4 25 34 23 34 28 28 28 6 10 22
16 30 60 21 2 36 30 38 32 26 40 41 40 42 20 37 24 37 42 18 39 42 32 18 40 0 39 29 9 30 47 25 20 31 29 14 35 32 55 21 44 25 6 44 28 12 24 13 42 34 26
23 12 33 20 41 29 40 1 14 29 46 37 2 25 34 43 17 10 31 21 8 27 19 24 11 39 0 19 37 15 12 31 20 31 12 39 41 13 33 24 12 17 33 34 39 27 33 27 5 5 27
13 23 31 21 31 11 21 18 6 11 27 19 20 13 18 24 22 26 16 13 25 15 3 11 14 29 19 0 24 4 21 13 9 12 7 24 22 6 26 8 18 23 23 19 21 17 15 16 18 14 9
14 32 54 23 10 28 21 36 29 18 31 33 38 36 11 28 26 39 34 16 39 36 27 13 37 9 37 24 0 27 44 17 17 23 26 5 26 29 48 16 41 27 6 36 19 10 16 10 39 32 19
14 19 30 19 32 14 25 14 2 15 31 22 16 14 22 28 19 22 18 14 21 16 4 14 10 30 15 4 27 0 17 17 10 16 3 28 26 2 27 12 14 20 24 21 25 18 19 18 14 10 13
31 24 22 31 49 26 41 13 15 31 44 32 14 19 39 42 29 22 25 29 20 21 19 31 7 47 12 21 44 17 0 33 27 31 18 45 40 15 23 29 3 29 41 28 41 35 35 35 7 15 29
15 32 38 26 27 12 9 30 19 2 17 16 32 20 6 14 29 38 18 17 37 20 14 10 26 25 31 13 17 17 33 0 14 6 19 14 12 19 32 8 30 30 20 19 8 16 2 15 31 26 4
4 18 40 13 22 19 23 19 12 13 30 27 21 22 14 27 16 25 25 4 25 24 12 4 20 20 20 9 17 10 27 14 0 17 9 19 25 12 35 6 24 17 14 27 21 8 15 8 22 15 11
19 35 32 30 33 6 10 30 17 5 15 10 32 15 12 12 33 38 12 21 37 14 12 14 24 31 31 12 23 16 31 6 17 0 19 20 10 18 26 11 28 34 26 13 11 20 8 19 30 26 6
13 16 32 16 31 17 28 11 4 17 34 25 13 17 22 31 16 19 21 11 18 19 7 13 11 29 12 7 26 3 18 19 9 19 0 28 29 3 29 12 15 17 23 24 27 17 21 17 13 7 15
17 35 52 27 14 26 17 38 30 16 27 30 40 34 8 24 30 42 32 19 42 34 27 15 38 14 39 24 5 28 45 14 19 20 28 0 22 30 46 16 42 31 11 33 15 14 13 13 41 34 18
27 43 37 38 36 14 5 40 27 13 5 11 42 23 15 2 41 48 18 29 47 21 22 22 34 35 41 22 26 26 40 12 25 10 29 22 0 28 31 19 37 42 30 15 7 27 11 26 40 36 14
16 18 29 19 34 16 27 12 1 17 33 24 14 14 24 30 19 20 19 14 19 16 6 16 8 32 13 6 29 2 15 19 12 18 3 30 28 0 26 14 12 20 26 22 27 20 21 20 12 8 15
39 43 6 45 57 20 35 33 25 30 32 20 35 13 38 32 45 43 14 39 41 13 23 37 22 55 33 26 48 27 23 32 35 26 29 46 31 26 0 34 21 46 49 16 36 43 34 42 28 32 30
8 24 39 19 23 15 17 23 14 7 24 21 25 21 10 21 22 30 21 10 30 21 11 3 22 21 24 8 16 12 29 8 6 11 12 16 19 14 34 0 26 23 15 23 15 9 9 8 25 19 5
28 24 21 30 46 23 38 13 12 28 41 29 14 16 36 39 28 22 22 26 20 18 16 28 4 44 12 18 41 14 3 30 24 28 15 42 37 12 21 26 0 29 38 25 38 32 32 32 7 14 26
15 5 49 4 27 34 39 16 21 30 47 42 17 34 30 44 1 12 38 13 14 36 24 20 25 25 17 23 27 20 29 30 17 34 17 31 42 20 46 23 29 0 22 41 37 18 31 18 22 15 28
10 27 54 18 8 30 25 32 26 21 35 36 34 36 15 32 21 34 36 12 35 36 26 12 34 6 33 23 6 24 41 20 14 26 23 11 30 26 49 15 38 22 0 38 23 6 19 7 36 28 20
31 40 22 40 46 8 20 34 21 18 16 4 36 9 25 16 40 42 3 31 41 7 17 26 23 44 34 19 36 21 28 19 27 13 24 33 15 22 16 23 25 41 38 0 21 32 21 31 29 30 18
22 39 42 33 29 17 2 38 27 10 12 17 40 26 8 9 36 45 22 24 45 25 22 17 34 28 39 21 19 25 41 8 21 11 27 15 7 27 36 15 38 37 23 21 0 21 6 20 39 34 12
4 22 48 14 14 24 23 26 20 16 32 30 28 30 13 29 17 29 30 6 29 30 20 6 28 12 27 17 10 18 35 16 8 20 17 14 27 20 43 9 32 18 6 32 21 0 16 1 30 22 14
16 33 40 27 26 14 8 32 21 4 16 18 34 22 5 13 30 39 20 18 39 22 16 11 28 24 33 15 16 19 35 2 15 8 21 13 11 21 34 9 32 31 19 21 6 16 0 15 33 28 6
4 22 47 14 15 23 22 26 20 15 31 29 28 29 12 28 17 29 29 6 29 29 19 5 28 13 27 16 10 18 35 15 8 19 17 13 26 20 42 8 32 18 7 31 20 1 15 0 30 22 13
26 17 28 24 44 26 39 6 13 29 44 33 7 20 35 42 22 15 26 24 13 22 18 26 6 42 5 18 39 14 7 31 22 30 13 41 40 12 28 25 7 22 36 29 39 30 33 30 0 8 27
18 11 34 16 36 24 35 4 9 24 41 32 6 22 29 38 14 12 27 16 11 24 14 19 10 34 5 14 32 10 15 26 15 26 7 34 36 8 32 19 14 15 28 30 34 22 28 22 8 0 22
13 29 35 24 28 10 13 26 15 2 19 16 28 17 10 16 27 34 16 15 33 17 10 8 22 26 27 9 19 13 29 4 11 6 15 18 14 15 30 5 26 28 20 18 12 14 6 13 27 22 0
0 737
325 546
278 499
110 331
96 317
267 488
418 639
35 256
37 258
308 529
389 610
306 527
141 362
262 483
298 519
235 456
102 323
262 483
71 292
87 308
305 526
233 454
197 418
283 504
76 297
64 285
10 231
173 394
494 715
456 677
331 552
334 555
37 258
138 359
191 412
93 314
444 665
376 597
112 333
313 534
455 676
239 460
221 442
342 563
142 363
191 412
325 546
231 452
193 414
398 619
358 579
0
74
27
65
21
54
54
50
39
56
47
62
54
68
66
69
80
24
52
32
63
52
28
75
51
57
73
57
28
17
34
41
60
15
67
68
55
68
71
33
60
36
44
48
75
31
33
29
24
46
66
