51
1626
0 11 24 23 25 21 18 17 22 25 8 9 9 16 26 13 31 31 15 34 19 16 16 3 9 4 26 26 18 27 4 22 27 26 29 27 6 23 25 26 19 11 17 22 19 16 28 34 10 26 17
11 0 22 20 25 19 28 6 33 14 13 19 14 18 24 21 25 26 4 27 18 5 27 14 9 12 26 37 13 27 14 32 37 16 35 34 17 16 32 20 28 17 27 33 26 26 37 36 10 36 22
24 22 0 42 6 3 28 26 43 23 32 32 16 11 2 36 13 11 24 19 5 25 37 24 15 28 4 47 10 7 22 31 34 21 24 25 26 36 24 11 25 35 29 43 20 37 32 20 14 47 41
23 20 42 0 45 39 39 16 36 28 15 23 32 38 43 20 43 44 18 44 38 17 31 25 29 19 46 40 32 47 27 43 48 31 52 49 27 8 47 38 41 16 38 36 42 27 50 56 30 36 13
25 25 6 45 0 8 24 30 40 28 33 32 16 9 6 36 18 16 28 24 7 29 35 24 17 29 3 44 15 2 22 26 29 26 18 20 25 40 19 17 20 36 25 40 15 37 27 14 16 44 42
21 19 3 39 8 0 26 23 41 20 29 30 14 9 5 34 13 12 21 18 3 22 35 22 12 25 7 45 7 10 20 30 33 18 25 26 24 33 24 10 24 32 27 41 19 35 32 22 11 45 38
18 28 28 39 24 26 0 34 16 39 24 17 15 17 30 22 39 38 32 44 23 33 13 15 20 20 27 20 29 25 14 4 9 40 15 12 12 40 10 36 4 24 1 16 9 17 11 24 19 20 30
17 6 26 16 30 23 34 0 38 12 15 23 20 24 27 23 27 28 2 28 23 1 32 20 15 16 30 42 16 32 20 38 43 15 41 40 23 10 38 22 34 19 33 38 32 30 43 42 16 40 22
22 33 43 36 40 41 16 38 0 47 23 15 27 32 45 16 52 52 37 55 38 38 6 19 30 22 43 4 39 41 21 16 20 48 31 28 17 40 26 47 20 20 15 0 25 9 24 40 30 4 24
25 14 23 28 28 20 39 12 47 0 26 33 24 27 24 34 18 20 11 16 22 11 41 28 19 26 27 51 14 30 27 43 47 3 44 44 31 20 42 14 38 30 39 47 36 40 47 42 20 50 34
8 13 32 15 33 29 24 15 23 26 0 8 17 24 34 8 38 38 15 40 27 15 17 10 17 4 34 27 25 35 12 28 33 28 37 34 12 17 32 33 26 4 23 23 27 15 35 42 18 25 10
9 19 32 23 32 30 17 23 15 33 8 0 16 23 34 5 40 40 23 43 27 23 9 8 18 7 34 19 27 34 10 21 26 35 32 29 7 25 27 35 21 7 16 15 23 7 28 39 19 17 13
9 14 16 32 16 14 15 20 27 24 17 16 0 7 18 20 27 26 18 30 11 19 21 8 5 13 18 31 14 18 6 19 23 25 21 20 10 30 18 22 14 20 15 27 12 21 23 25 4 31 26
16 18 11 38 9 9 17 24 32 27 24 23 7 0 13 27 22 21 22 27 6 23 26 15 9 20 11 36 13 11 13 21 24 25 17 17 16 34 15 19 15 27 18 32 10 28 23 18 8 36 33
26 24 2 43 6 5 30 27 45 24 34 34 18 13 0 38 12 10 25 18 7 26 39 26 17 30 3 49 11 6 24 32 35 21 24 26 28 37 25 11 26 37 31 45 21 39 33 19 16 49 43
13 21 36 20 36 34 22 23 16 34 8 5 20 27 38 0 44 44 23 47 31 23 11 12 22 9 38 20 31 38 14 25 30 36 37 34 12 24 32 39 26 4 21 16 28 7 33 44 23 17 8
31 25 13 43 18 13 39 27 52 18 38 40 27 22 12 44 0 2 25 6 16 26 46 33 22 35 15 56 13 18 31 43 46 15 36 38 35 37 37 5 37 42 40 52 32 46 45 31 23 56 47
31 26 11 44 16 12 38 28 52 20 38 40 26 21 10 44 2 0 26 8 15 27 46 33 22 35 13 56 13 16 31 42 45 17 34 36 35 38 35 6 36 42 39 52 31 46 43 29 22 56 48
15 4 24 18 28 21 32 2 37 11 15 23 18 22 25 23 25 26 0 26 21 1 31 18 13 16 28 41 14 30 18 36 41 13 39 38 21 12 36 20 32 19 31 37 30 30 41 40 14 40 23
34 27 19 44 24 18 44 28 55 16 40 43 30 27 18 47 6 8 26 0 21 27 49 36 25 38 21 59 16 24 34 48 51 13 42 44 38 36 42 8 42 44 45 55 37 49 50 37 26 59 49
19 18 5 38 7 3 23 23 38 22 27 27 11 6 7 31 16 15 21 21 0 22 32 19 10 23 8 42 8 9 17 27 30 20 23 23 21 33 21 13 21 30 24 38 16 32 29 21 9 42 36
16 5 25 17 29 22 33 1 38 11 15 23 19 23 26 23 26 27 1 27 22 0 32 19 14 16 29 42 15 31 19 37 42 14 40 39 22 11 37 21 33 19 32 38 31 30 42 41 15 40 23
16 27 37 31 35 35 13 32 6 41 17 9 21 26 39 11 46 46 31 49 32 32 0 13 24 16 37 10 33 37 15 15 20 42 28 25 11 34 23 41 17 15 12 6 22 4 23 37 24 10 19
3 14 24 25 24 22 15 20 19 28 10 8 8 15 26 12 33 33 18 36 19 19 13 0 11 6 26 23 20 26 2 19 24 29 27 25 3 26 23 28 17 12 14 19 17 14 26 32 11 23 18
9 9 15 29 17 12 20 15 30 19 17 18 5 9 17 22 22 22 13 25 10 14 24 11 0 13 17 34 9 19 9 24 28 20 26 25 13 25 23 17 19 20 20 30 17 24 28 27 1 34 26
4 12 28 19 29 25 20 16 22 26 4 7 13 20 30 9 35 35 16 38 23 16 16 6 13 0 30 26 22 31 8 24 29 28 33 30 8 20 28 30 22 7 19 22 23 14 31 38 14 24 13
26 26 4 46 3 7 27 30 43 27 34 34 18 11 3 38 15 13 28 21 8 29 37 26 17 30 0 47 14 3 24 29 32 24 21 23 27 40 22 14 23 37 28 43 18 39 30 16 16 47 43
26 37 47 40 44 45 20 42 4 51 27 19 31 36 49 20 56 56 41 59 42 42 10 23 34 26 47 0 43 45 25 19 21 52 35 31 21 44 30 51 24 24 19 4 29 13 26 44 34 5 28
18 13 10 32 15 7 29 16 39 14 25 27 14 13 11 31 13 13 14 16 8 15 33 20 9 22 14 43 0 17 18 33 37 12 30 30 22 26 28 8 28 29 29 39 23 33 36 29 10 43 35
27 27 7 47 2 10 25 32 41 30 35 34 18 11 6 38 18 16 30 24 9 31 37 26 19 31 3 45 17 0 24 27 30 27 18 20 27 42 19 17 21 38 26 41 16 39 27 13 18 45 44
4 14 22 27 22 20 14 20 21 27 12 10 6 13 24 14 31 31 18 34 17 19 15 2 9 8 24 25 18 24 0 18 23 28 25 23 4 27 21 26 15 14 13 21 15 15 24 30 9 25 20
22 32 31 43 26 30 4 38 16 43 28 21 19 21 32 25 43 42 36 48 27 37 15 19 24 24 29 19 33 27 18 0 5 44 16 12 16 44 11 40 6 28 5 16 11 19 8 25 23 20 33
27 37 34 48 29 33 9 43 20 47 33 26 23 24 35 30 46 45 41 51 30 42 20 24 28 29 32 21 37 30 23 5 0 48 16 12 21 49 11 43 9 33 10 20 14 24 5 25 27 24 38
26 16 21 31 26 18 40 15 48 3 28 35 25 25 21 36 15 17 13 13 20 14 42 29 20 28 24 52 12 27 28 44 48 0 42 42 32 23 40 11 39 32 40 48 35 42 48 40 21 52 36
29 35 24 52 18 25 15 41 31 44 37 32 21 17 24 37 36 34 39 42 23 40 28 27 26 33 21 35 30 18 25 16 16 42 0 4 25 51 5 35 11 38 16 31 10 32 11 9 25 35 44
27 34 25 49 20 26 12 40 28 44 34 29 20 17 26 34 38 36 38 44 23 39 25 25 25 30 23 31 30 20 23 12 12 42 4 0 22 50 2 36 8 35 13 28 8 29 7 13 24 32 41
6 17 26 27 25 24 12 23 17 31 12 7 10 16 28 12 35 35 21 38 21 22 11 3 13 8 27 21 22 27 4 16 21 32 25 22 0 28 20 30 14 13 11 17 16 12 23 32 13 21 19
23 16 36 8 40 33 40 10 40 20 17 25 30 34 37 24 37 38 12 36 33 11 34 26 25 20 40 44 26 42 27 44 49 23 51 50 28 0 48 32 42 20 39 40 42 31 51 52 26 41 19
25 32 24 47 19 24 10 38 26 42 32 27 18 15 25 32 37 35 36 42 21 37 23 23 23 28 22 30 28 19 21 11 11 40 5 2 20 48 0 34 6 33 11 26 6 27 8 14 22 30 39
26 20 11 38 17 10 36 22 47 14 33 35 22 19 11 39 5 6 20 8 13 21 41 28 17 30 14 51 8 17 26 40 43 11 35 36 30 32 34 0 34 37 37 47 29 41 42 30 18 51 42
19 28 25 41 20 24 4 34 20 38 26 21 14 15 26 26 37 36 32 42 21 33 17 17 19 22 23 24 28 21 15 6 9 39 11 8 14 42 6 34 0 27 5 20 5 21 9 20 18 24 33
11 17 35 16 36 32 24 19 20 30 4 7 20 27 37 4 42 42 19 44 30 19 15 12 20 7 37 24 29 38 14 28 33 32 38 35 13 20 33 37 27 0 23 20 29 11 35 44 21 21 6
17 27 29 38 25 27 1 33 15 39 23 16 15 18 31 21 40 39 31 45 24 32 12 14 20 19 28 19 29 26 13 5 10 40 16 13 11 39 11 37 5 23 0 15 10 16 12 25 19 19 29
22 33 43 36 40 41 16 38 0 47 23 15 27 32 45 16 52 52 37 55 38 38 6 19 30 22 43 4 39 41 21 16 20 48 31 28 17 40 26 47 20 20 15 0 25 9 24 40 30 4 24
19 26 20 42 15 19 9 32 25 36 27 23 12 10 21 28 32 31 30 37 16 31 22 17 17 23 18 29 23 16 15 11 14 35 10 8 16 42 6 29 5 29 10 25 0 26 13 16 16 29 35
16 26 37 27 37 35 17 30 9 40 15 7 21 28 39 7 46 46 30 49 32 30 4 14 24 14 39 13 33 39 15 19 24 42 32 29 12 31 27 41 21 11 16 9 26 0 27 41 24 10 15
28 37 32 50 27 32 11 43 24 47 35 28 23 23 33 33 45 43 41 50 29 42 23 26 28 31 30 26 36 27 24 8 5 48 11 7 23 51 8 42 9 35 12 24 13 27 0 20 27 28 41
34 36 20 56 14 22 24 42 40 42 42 39 25 18 19 44 31 29 40 37 21 41 37 32 27 38 16 44 29 13 30 25 25 40 9 13 32 52 14 30 20 44 25 40 16 41 20 0 26 44 50
10 10 14 30 16 11 19 16 30 20 18 19 4 8 16 23 23 22 14 26 9 15 24 11 1 14 16 34 10 18 9 23 27 21 25 24 13 26 22 18 18 21 19 30 16 24 27 26 0 34 27
26 36 47 36 44 45 20 40 4 50 25 17 31 36 49 17 56 56 40 59 42 40 10 23 34 24 47 5 43 45 25 20 24 52 35 32 21 41 30 51 24 21 19 4 29 10 28 44 34 0 23
17 22 41 13 42 38 30 22 24 34 10 13 26 33 43 8 47 48 23 49 36 23 19 18 26 13 43 28 35 44 20 33 38 36 44 41 19 19 39 42 33 6 29 24 35 15 41 50 27 23 0
0 764
277 659
74 456
301 683
110 492
177 559
350 732
26 408
83 465
323 705
267 649
0 382
302 684
126 508
58 440
271 653
67 449
63 445
216 598
76 458
183 565
219 601
278 660
10 392
230 612
235 617
238 620
172 554
39 421
246 628
169 551
19 401
342 724
193 575
355 737
61 443
280 662
202 584
228 610
226 608
248 630
1 383
288 670
358 740
129 511
329 711
131 513
314 696
189 571
201 583
137 519
0
49
58
40
10
55
26
38
39
62
39
75
73
87
61
59
39
35
32
43
46
62
60
62
67
37
33
51
64
43
25
74
61
38
79
43
54
40
38
69
62
56
73
55
59
38
67
58
17
30
20
