51
1624
0 38 36 40 36 12 39 35 25 24 45 3 54 31 21 35 35 50 52 32 33 41 8 14 34 39 50 9 8 28 55 19 31 35 22 15 50 43 33 25 31 12 25 8 24 12 25 40 41 20 14
38 0 49 26 6 39 7 37 43 32 17 36 35 39 17 33 43 30 34 41 32 18 33 25 36 51 37 33 30 43 34 30 16 32 16 31 25 39 5 44 46 30 13 30 14 26 26 26 25 21 25
36 49 0 28 44 24 46 16 11 19 43 33 38 10 35 19 8 37 36 8 19 37 28 32 15 4 32 27 34 8 41 21 33 20 38 23 41 23 46 11 5 27 37 35 36 33 24 28 29 30 40
40 26 28 0 20 34 21 13 29 17 15 37 14 19 23 9 20 10 12 21 9 9 32 27 13 28 13 31 33 26 15 22 13 8 26 26 13 13 26 31 26 28 20 34 21 29 15 0 1 21 34
36 6 44 20 0 37 3 31 40 27 11 34 29 34 15 27 37 24 28 36 26 12 31 23 30 45 31 31 28 39 28 28 11 26 16 29 19 33 8 42 41 28 11 29 12 24 21 20 19 19 26
12 39 24 34 37 0 40 28 13 17 43 9 47 21 22 28 25 44 45 22 26 37 7 14 27 27 43 6 13 16 49 12 29 28 23 8 46 36 34 13 19 9 26 14 25 14 19 34 34 18 20
39 7 46 21 3 40 0 33 42 29 10 37 29 36 18 29 39 24 28 38 28 12 34 26 32 47 31 34 31 41 27 30 13 28 19 32 18 34 10 44 43 31 14 32 15 27 23 21 20 22 29
35 37 16 13 31 28 33 0 18 11 28 32 22 8 27 4 8 21 20 9 5 22 27 26 1 16 17 26 31 15 25 16 21 5 30 20 26 8 35 20 14 24 27 33 26 28 15 13 14 22 35
25 43 11 29 40 13 42 18 0 14 42 22 40 10 27 20 12 38 38 9 20 36 18 22 17 14 35 17 24 3 42 13 29 21 30 13 42 26 39 2 6 17 30 25 29 23 19 29 30 22 30
24 32 19 17 27 17 29 11 14 0 28 21 30 9 17 11 13 27 28 11 9 22 16 15 10 21 26 15 20 12 32 5 16 11 20 9 30 19 28 16 14 13 19 22 18 17 6 17 18 12 24
45 17 43 15 11 43 10 28 42 28 0 43 19 34 24 24 35 14 18 36 24 6 40 32 28 43 22 39 37 40 17 31 15 23 26 35 8 28 19 44 41 36 20 38 21 33 24 15 14 27 35
3 36 33 37 34 9 37 32 22 21 43 0 51 28 19 32 32 47 49 29 30 39 5 12 31 36 47 6 6 25 52 16 29 32 20 12 48 40 31 22 28 9 23 6 22 10 22 37 38 18 12
54 35 38 14 29 47 29 22 40 30 19 51 0 30 37 20 30 5 2 31 21 17 46 41 23 35 6 45 47 37 3 35 26 19 39 39 11 15 36 42 36 42 33 48 34 43 29 14 14 35 48
31 39 10 19 34 21 36 8 10 9 34 28 30 0 26 10 4 28 28 2 10 28 23 24 7 12 25 22 27 7 32 13 23 11 29 16 32 16 36 12 7 20 27 29 26 26 14 19 20 21 33
21 17 35 23 15 22 18 27 27 17 24 19 37 26 0 25 30 32 35 28 23 20 16 8 26 38 36 16 13 27 36 14 11 24 3 15 29 33 13 28 30 13 4 14 3 9 12 23 23 5 11
35 33 19 9 27 28 29 4 20 11 24 32 20 10 25 0 11 18 18 12 2 18 27 25 4 19 16 26 31 17 22 16 17 1 28 20 22 9 31 22 17 24 23 32 23 27 13 9 10 20 33
35 43 8 20 37 25 39 8 12 13 35 32 30 4 30 11 0 29 28 3 11 29 27 28 7 8 24 26 31 9 33 17 27 12 33 20 33 15 40 14 6 24 31 33 30 30 18 20 21 25 37
50 30 37 10 24 44 24 21 38 27 14 47 5 28 32 18 29 0 4 30 19 12 42 37 22 36 8 41 43 35 5 32 21 17 34 36 7 16 31 40 35 38 28 44 29 39 25 10 10 31 43
52 34 36 12 28 45 28 20 38 28 18 49 2 28 35 18 28 4 0 29 19 16 44 39 21 33 4 43 45 35 5 33 24 17 37 37 11 13 35 40 34 40 31 46 32 41 27 12 12 33 46
32 41 8 21 36 22 38 9 9 11 36 29 31 2 28 12 3 30 29 0 12 30 24 25 8 10 26 23 28 6 34 14 25 13 31 17 34 17 38 11 5 21 29 30 28 27 16 21 22 23 34
33 32 19 9 26 26 28 5 20 9 24 30 21 10 23 2 11 19 19 12 0 18 25 23 4 19 17 24 29 17 23 14 16 2 26 18 22 11 30 22 17 22 22 30 22 25 11 9 10 18 31
41 18 37 9 12 37 12 22 36 22 6 39 17 28 20 18 29 12 16 30 18 0 35 27 22 37 19 34 33 34 16 25 10 17 22 29 9 22 19 38 35 31 16 34 17 29 18 9 8 22 31
8 33 28 32 31 7 34 27 18 16 40 5 46 23 16 27 27 42 44 24 25 35 0 8 26 31 42 1 6 20 47 11 25 27 17 7 44 35 28 18 23 4 20 7 19 7 17 32 33 13 13
14 25 32 27 23 14 26 26 22 15 32 12 41 24 8 25 28 37 39 25 23 27 8 0 25 35 39 8 6 24 42 11 17 24 9 9 36 34 20 23 27 6 12 7 11 2 12 27 27 6 9
34 36 15 13 30 27 32 1 17 10 28 31 23 7 26 4 7 22 21 8 4 22 26 25 0 15 18 25 30 14 26 15 20 5 29 19 26 9 34 19 13 23 26 32 25 27 14 13 14 21 34
39 51 4 28 45 27 47 16 14 21 43 36 35 12 38 19 8 36 33 10 19 37 31 35 15 0 29 30 37 11 38 24 35 20 41 26 41 20 48 15 8 30 39 38 38 36 26 28 29 33 43
50 37 32 13 31 43 31 17 35 26 22 47 6 25 36 16 24 8 4 26 17 19 42 39 18 29 0 41 45 32 9 31 25 15 38 35 15 9 38 37 30 39 32 46 33 41 27 13 13 34 47
9 33 27 31 31 6 34 26 17 15 39 6 45 22 16 26 26 41 43 23 24 34 1 8 25 30 41 0 7 19 46 10 24 26 17 6 43 34 28 17 22 3 20 8 19 8 16 31 32 12 14
8 30 34 33 28 13 31 31 24 20 37 6 47 27 13 31 31 43 45 28 29 33 6 6 30 37 45 7 0 26 48 15 23 30 14 11 42 39 25 24 29 7 17 2 16 4 18 33 33 12 7
28 43 8 26 39 16 41 15 3 12 40 25 37 7 27 17 9 35 35 6 17 34 20 24 14 11 32 19 26 0 39 13 28 18 30 15 39 23 39 5 3 19 30 27 29 25 18 26 27 22 32
55 34 41 15 28 49 27 25 42 32 17 52 3 32 36 22 33 5 5 34 23 16 47 42 26 38 9 46 48 39 0 37 26 21 38 41 9 18 35 44 39 43 32 49 33 44 30 15 15 36 47
19 30 21 22 28 12 30 16 13 5 31 16 35 13 14 16 17 32 33 14 14 25 11 11 15 24 31 10 15 13 37 0 17 16 17 4 34 24 26 14 16 8 17 17 16 13 7 22 22 9 20
31 16 33 13 11 29 13 21 29 16 15 29 26 23 11 17 27 21 24 25 16 10 25 17 20 35 25 24 23 28 26 17 0 16 13 21 19 25 14 31 30 21 7 24 8 19 10 13 12 12 22
35 32 20 8 26 28 28 5 21 11 23 32 19 11 24 1 12 17 17 13 2 17 27 24 5 20 15 26 30 18 21 16 16 0 27 20 21 10 30 23 18 24 22 31 22 26 12 8 9 19 32
22 16 38 26 16 23 19 30 30 20 26 20 39 29 3 28 33 34 37 31 26 22 17 9 29 41 38 17 14 30 38 17 13 27 0 18 31 36 11 31 33 15 6 14 5 10 15 26 25 8 10
15 31 23 26 29 8 32 20 13 9 35 12 39 16 15 20 20 36 37 17 18 29 7 9 19 26 35 6 11 15 41 4 21 20 18 0 38 28 27 14 18 4 18 13 17 10 11 26 26 10 17
50 25 41 13 19 46 18 26 42 30 8 48 11 32 29 22 33 7 11 34 22 9 44 36 26 41 15 43 42 39 9 34 19 21 31 38 0 23 27 44 39 40 25 43 26 38 27 13 12 31 40
43 39 23 13 33 36 34 8 26 19 28 40 15 16 33 9 15 16 13 17 11 22 35 34 9 20 9 34 39 23 18 24 25 10 36 28 23 0 39 28 21 32 32 41 32 36 22 13 14 29 42
33 5 46 26 8 34 10 35 39 28 19 31 36 36 13 31 40 31 35 38 30 19 28 20 34 48 38 28 25 39 35 26 14 30 11 27 27 39 0 40 42 26 9 25 10 21 22 26 25 17 20
25 44 11 31 42 13 44 20 2 16 44 22 42 12 28 22 14 40 40 11 22 38 18 23 19 15 37 17 24 5 44 14 31 23 31 14 44 28 40 0 8 18 31 25 30 24 21 31 32 23 31
31 46 5 26 41 19 43 14 6 14 41 28 36 7 30 17 6 35 34 5 17 35 23 27 13 8 30 22 29 3 39 16 30 18 33 18 39 21 42 8 0 22 33 30 32 28 20 26 27 25 35
12 30 27 28 28 9 31 24 17 13 36 9 42 20 13 24 24 38 40 21 22 31 4 6 23 30 39 3 7 19 43 8 21 24 15 4 40 32 26 18 22 0 17 9 16 6 13 28 29 9 13
25 13 37 20 11 26 14 27 30 19 20 23 33 27 4 23 31 28 31 29 22 16 20 12 26 39 32 20 17 30 32 17 7 22 6 18 25 32 9 31 33 17 0 18 1 13 13 20 19 8 15
8 30 35 34 29 14 32 33 25 22 38 6 48 29 14 32 33 44 46 30 30 34 7 7 32 38 46 8 2 27 49 17 24 31 14 13 43 41 25 25 30 9 18 0 17 5 19 34 34 13 6
24 14 36 21 12 25 15 26 29 18 21 22 34 26 3 23 30 29 32 28 22 17 19 11 25 38 33 19 16 29 33 16 8 22 5 17 26 32 10 30 32 16 1 17 0 12 12 21 20 7 14
12 26 33 29 24 14 27 28 23 17 33 10 43 26 9 27 30 39 41 27 25 29 7 2 27 36 41 8 4 25 44 13 19 26 10 10 38 36 21 24 28 6 13 5 12 0 14 29 29 8 7
25 26 24 15 21 19 23 15 19 6 24 22 29 14 12 13 18 25 27 16 11 18 17 12 14 26 27 16 18 18 30 7 10 12 15 11 27 22 22 21 20 13 13 19 12 14 0 15 16 7 20
40 26 28 0 20 34 21 13 29 17 15 37 14 19 23 9 20 10 12 21 9 9 32 27 13 28 13 31 33 26 15 22 13 8 26 26 13 13 26 31 26 28 20 34 21 29 15 0 1 21 34
41 25 29 1 19 34 20 14 30 18 14 38 14 20 23 10 21 10 12 22 10 8 33 27 14 29 13 32 33 27 15 22 12 9 25 26 12 14 25 32 27 29 19 34 20 29 16 1 0 21 34
20 21 30 21 19 18 22 22 22 12 27 18 35 21 5 20 25 31 33 23 18 22 13 6 21 33 34 12 12 22 36 9 12 19 8 10 31 29 17 23 25 9 8 13 7 8 7 21 21 0 13
14 25 40 34 26 20 29 35 30 24 35 12 48 33 11 33 37 43 46 34 31 31 13 9 34 43 47 14 7 32 47 20 22 32 10 17 40 42 20 31 35 13 15 6 14 7 20 34 34 13 0
0 682
148 420
101 373
10 282
20 292
306 578
83 355
59 331
309 581
142 414
192 464
135 407
141 413
25 297
227 499
223 495
397 669
68 340
164 436
331 603
396 668
383 655
95 367
187 459
6 278
374 646
2 274
326 598
57 329
42 314
22 294
169 441
333 605
289 561
67 339
143 415
98 370
247 519
249 521
287 559
123 395
195 467
390 662
149 421
230 502
205 477
17 289
388 660
152 424
341 613
400 672
0
46
38
70
24
68
40
41
57
74
27
58
40
54
56
27
51
32
19
31
47
84
47
62
77
78
29
62
32
83
82
18
64
38
28
61
65
55
74
50
59
29
42
15
45
55
45
78
41
32
68
