51
1627
0 56 37 6 32 2 56 42 49 27 37 11 36 33 33 47 11 30 11 32 38 33 51 31 11 23 11 35 29 46 27 6 4 41 5 53 11 42 41 43 46 28 46 27 27 14 25 41 27 43 35
56 0 46 52 39 54 2 18 9 37 38 46 43 41 45 18 45 42 53 24 23 28 12 37 53 36 53 35 33 28 35 58 60 15 51 3 48 14 40 13 12 28 14 29 31 45 41 16 40 32 32
37 46 0 31 7 35 45 40 39 13 50 32 54 5 4 45 26 50 42 27 23 18 35 45 42 17 42 47 37 53 39 42 41 31 32 43 26 32 7 33 37 22 42 23 31 23 44 31 44 15 45
6 52 31 0 26 4 52 40 45 21 38 9 38 27 27 45 7 32 16 28 34 29 47 31 16 18 16 35 27 45 26 12 10 37 4 49 5 38 35 39 42 24 44 23 25 8 26 37 27 37 34
32 39 7 26 0 30 38 33 32 6 43 27 47 2 6 38 21 43 37 20 16 11 29 38 37 10 37 40 30 46 32 37 36 24 27 36 21 25 9 26 30 15 35 16 24 18 37 24 37 12 38
2 54 35 4 30 0 54 40 47 25 36 9 36 31 31 45 9 30 12 30 36 31 49 30 12 21 12 34 27 44 25 8 6 39 3 51 9 40 39 41 44 26 44 25 25 12 24 39 26 41 33
56 2 45 52 38 54 0 19 9 36 39 46 44 40 44 19 45 43 53 24 22 27 10 38 53 36 53 36 33 30 35 58 60 15 51 3 48 14 38 13 12 28 15 29 31 45 41 16 40 30 33
42 18 40 40 33 40 19 0 10 28 21 31 26 35 39 5 33 24 35 13 19 22 20 19 35 26 35 18 15 14 17 41 45 11 37 16 37 11 38 12 7 18 4 18 15 34 23 10 22 31 15
49 9 39 45 32 47 9 10 0 30 31 38 36 34 38 12 38 34 44 17 16 21 11 29 44 29 44 28 24 23 26 49 52 8 44 6 41 7 35 6 3 21 8 22 22 38 32 8 31 27 25
27 37 13 21 6 25 36 28 30 0 38 21 42 8 11 33 16 37 31 15 14 9 28 33 31 4 31 35 25 41 27 32 31 22 22 34 16 23 15 24 28 10 32 11 19 13 31 22 31 16 33
37 38 50 38 43 36 39 21 31 38 0 29 5 45 49 20 34 7 26 26 36 35 41 7 26 35 26 3 13 12 13 32 37 30 34 36 38 31 51 32 28 28 24 27 19 37 12 29 11 47 6
11 46 32 9 27 9 46 31 38 21 29 0 29 28 28 36 6 23 10 22 29 26 42 22 10 17 10 26 18 36 17 12 14 31 6 43 9 32 36 33 36 19 35 18 16 9 17 31 18 37 25
36 43 54 38 47 36 44 26 36 42 5 29 0 49 53 25 35 6 25 30 40 39 46 9 25 39 25 8 17 17 16 31 36 35 34 41 38 36 55 37 33 32 29 31 23 38 12 34 12 51 11
33 41 5 27 2 31 40 35 34 8 45 28 49 0 4 40 22 45 38 22 18 13 31 40 38 12 38 42 32 48 34 38 37 26 28 38 22 27 8 28 32 17 37 18 26 19 39 26 39 13 40
33 45 4 27 6 31 44 39 38 11 49 28 53 4 0 44 22 48 38 26 22 17 35 44 38 15 38 46 36 52 38 38 37 30 28 42 22 31 10 32 36 21 41 22 30 19 42 30 42 17 44
47 18 45 45 38 45 19 5 12 33 20 36 25 40 44 0 38 25 38 18 24 27 23 21 38 31 38 18 18 11 20 44 49 16 42 16 42 16 43 15 10 23 4 23 20 39 26 15 24 36 16
11 45 26 7 21 9 45 33 38 16 34 6 35 22 22 38 0 29 16 21 27 22 40 27 16 12 16 31 22 40 21 16 15 30 6 42 4 31 30 32 35 17 37 16 18 3 23 30 23 32 29
30 42 50 32 43 30 43 24 34 37 7 23 6 45 48 25 29 0 19 26 36 35 44 5 19 33 19 7 13 19 11 25 30 33 28 40 32 34 51 35 31 28 28 27 19 32 6 32 6 47 10
11 53 42 16 37 12 53 35 44 31 26 10 25 38 38 38 16 19 0 30 38 35 50 20 0 27 0 24 20 36 18 6 11 39 12 50 18 40 46 41 41 28 39 27 22 19 14 38 16 47 25
32 24 27 28 20 30 24 13 17 15 26 22 30 22 26 18 21 26 30 0 10 10 20 21 30 13 30 23 13 26 15 34 36 9 27 21 25 10 26 11 14 5 17 5 8 22 21 9 20 22 20
38 23 23 34 16 36 22 19 16 14 36 29 40 18 22 24 27 36 38 10 0 5 14 31 38 16 38 33 23 33 25 41 42 8 33 20 29 9 19 10 15 10 20 11 18 26 31 9 30 12 30
33 28 18 29 11 31 27 22 21 9 35 26 39 13 17 27 22 35 35 10 5 0 19 30 35 11 35 32 22 36 24 38 37 13 28 25 24 14 16 15 19 7 24 8 16 21 30 13 29 12 30
51 12 35 47 29 49 10 20 11 28 41 42 46 31 35 23 40 44 50 20 14 19 0 39 50 30 50 38 32 34 34 54 55 11 46 10 43 10 28 9 13 23 19 24 28 40 40 12 39 20 35
31 37 45 31 38 30 38 19 29 33 7 22 9 40 44 21 27 5 20 21 31 30 39 0 20 30 20 4 8 16 7 26 31 28 28 35 31 29 46 30 26 23 23 22 14 30 6 27 4 42 5
11 53 42 16 37 12 53 35 44 31 26 10 25 38 38 38 16 19 0 30 38 35 50 20 0 27 0 24 20 36 18 6 11 39 12 50 18 40 46 41 41 28 39 27 22 19 14 38 16 47 25
23 36 17 18 10 21 36 26 29 4 35 17 39 12 15 31 12 33 27 13 16 11 30 30 27 0 27 32 22 38 23 28 27 21 18 33 13 22 19 23 27 8 30 8 16 10 27 21 27 20 30
11 53 42 16 37 12 53 35 44 31 26 10 25 38 38 38 16 19 0 30 38 35 50 20 0 27 0 24 20 36 18 6 11 39 12 50 18 40 46 41 41 28 39 27 22 19 14 38 16 47 25
35 35 47 35 40 34 36 18 28 35 3 26 8 42 46 18 31 7 24 23 33 32 38 4 24 32 24 0 10 12 10 30 35 27 32 33 35 28 48 29 25 25 21 24 16 34 10 26 8 44 3
29 33 37 27 30 27 33 15 24 25 13 18 17 32 36 18 22 13 20 13 23 22 32 8 20 22 20 10 0 19 2 26 31 21 24 30 26 22 38 23 21 15 19 14 6 24 8 20 7 34 8
46 28 53 45 46 44 30 14 23 41 12 36 17 48 52 11 40 19 36 26 33 36 34 16 36 38 36 12 19 0 19 42 47 25 42 27 44 25 52 26 21 31 15 30 23 43 22 24 20 45 11
27 35 39 26 32 25 35 17 26 27 13 17 16 34 38 20 21 11 18 15 25 24 34 7 18 23 18 10 2 19 0 24 29 23 23 32 25 24 40 25 23 17 21 16 8 24 6 22 5 36 8
6 58 42 12 37 8 58 41 49 32 32 12 31 38 38 44 16 25 6 34 41 38 54 26 6 28 6 30 26 42 24 0 5 43 10 55 16 44 46 45 47 31 45 30 27 19 20 43 22 48 31
4 60 41 10 36 6 60 45 52 31 37 14 36 37 37 49 15 30 11 36 42 37 55 31 11 27 11 35 31 47 29 5 0 45 9 57 15 46 45 47 50 32 49 31 30 18 25 45 27 47 36
41 15 31 37 24 39 15 11 8 22 30 31 35 26 30 16 30 33 39 9 8 13 11 28 39 21 39 27 21 25 23 43 45 0 36 12 33 1 27 2 7 13 12 14 17 30 29 1 28 20 24
5 51 32 4 27 3 51 37 44 22 34 6 34 28 28 42 6 28 12 27 33 28 46 28 12 18 12 32 24 42 23 10 9 36 0 48 6 37 36 38 41 23 41 22 22 9 22 36 24 38 31
53 3 43 49 36 51 3 16 6 34 36 43 41 38 42 16 42 40 50 21 20 25 10 35 50 33 50 33 30 27 32 55 57 12 48 0 45 11 37 10 9 25 12 26 28 42 38 13 37 29 30
11 48 26 5 21 9 48 37 41 16 38 9 38 22 22 42 4 32 18 25 29 24 43 31 18 13 18 35 26 44 25 16 15 33 6 45 0 34 30 35 39 20 41 20 22 3 26 33 27 32 33
42 14 32 38 25 40 14 11 7 23 31 32 36 27 31 16 31 34 40 10 9 14 10 29 40 22 40 28 22 25 24 44 46 1 37 11 34 0 28 1 6 14 12 15 18 31 30 2 29 21 25
41 40 7 35 9 39 38 38 35 15 51 36 55 8 10 43 30 51 46 26 19 16 28 46 46 19 46 48 38 52 40 46 45 27 36 37 30 28 0 29 34 23 39 24 32 27 46 28 45 8 46
43 13 33 39 26 41 13 12 6 24 32 33 37 28 32 15 32 35 41 11 10 15 9 30 41 23 41 29 23 26 25 45 47 2 38 10 35 1 29 0 5 15 11 16 19 32 31 3 30 21 26
46 12 37 42 30 44 12 7 3 28 28 36 33 32 36 10 35 31 41 14 15 19 13 26 41 27 41 25 21 21 23 47 50 7 41 9 39 6 34 5 0 19 6 19 20 36 29 6 28 26 22
28 28 22 24 15 26 28 18 21 10 28 19 32 17 21 23 17 28 28 5 10 7 23 23 28 8 28 25 15 31 17 31 32 13 23 25 20 14 23 15 19 0 22 1 9 17 23 13 22 19 23
46 14 42 44 35 44 15 4 8 32 24 35 29 37 41 4 37 28 39 17 20 24 19 23 39 30 39 21 19 15 21 45 49 12 41 12 41 12 39 11 6 22 0 22 19 38 27 11 26 32 18
27 29 23 23 16 25 29 18 22 11 27 18 31 18 22 23 16 27 27 5 11 8 24 22 27 8 27 24 14 30 16 30 31 14 22 26 20 15 24 16 19 1 22 0 8 17 22 14 21 20 22
27 31 31 25 24 25 31 15 22 19 19 16 23 26 30 20 18 19 22 8 18 16 28 14 22 16 22 16 6 23 8 27 30 17 22 28 22 18 32 19 20 9 19 8 0 20 14 16 13 28 14
14 45 23 8 18 12 45 34 38 13 37 9 38 19 19 39 3 32 19 22 26 21 40 30 19 10 19 34 24 43 24 19 18 30 9 42 3 31 27 32 36 17 38 17 20 0 26 30 26 29 32
25 41 44 26 37 24 41 23 32 31 12 17 12 39 42 26 23 6 14 21 31 30 40 6 14 27 14 10 8 22 6 20 25 29 22 38 26 30 46 31 29 23 27 22 14 26 0 28 2 42 11
41 16 31 37 24 39 16 10 8 22 29 31 34 26 30 15 30 32 38 9 9 13 12 27 38 21 38 26 20 24 22 43 45 1 36 13 33 2 28 3 6 13 11 14 16 30 28 0 27 21 23
27 40 44 27 37 26 40 22 31 31 11 18 12 39 42 24 23 6 16 20 30 29 39 4 16 27 16 8 7 20 5 22 27 28 24 37 27 29 45 30 28 22 26 21 13 26 2 27 0 41 9
43 32 15 37 12 41 30 31 27 16 47 37 51 13 17 36 32 47 47 22 12 12 20 42 47 20 47 44 34 45 36 48 47 20 38 29 32 21 8 21 26 19 32 20 28 29 42 21 41 0 42
35 32 45 34 38 33 33 15 25 33 6 25 11 40 44 16 29 10 25 20 30 30 35 5 25 30 25 3 8 11 8 31 36 24 31 30 33 25 46 26 22 23 18 22 14 32 11 23 9 42 0
0 409
143 306
156 319
188 351
35 198
44 207
72 235
1 164
234 397
165 328
176 339
223 386
81 244
69 232
145 308
87 250
154 317
109 272
219 382
215 378
26 189
82 245
133 296
201 364
35 198
187 350
75 238
85 248
76 239
194 357
191 354
81 244
4 167
151 314
93 256
23 186
240 403
82 245
11 174
13 176
121 284
63 226
179 342
113 276
99 262
43 206
120 283
23 186
197 360
122 285
196 359
0
29
27
26
37
72
60
35
72
62
47
48
72
59
24
63
61
77
59
56
50
44
52
22
27
26
42
28
86
80
69
70
61
51
62
62
70
58
59
54
13
72
15
37
25
24
63
24
49
47
74
