51
1627
0 16 15 13 31 43 3 18 5 36 10 28 22 31 38 39 39 4 42 28 23 14 7 46 30 38 15 12 22 17 5 46 35 9 33 46 22 41 35 44 42 13 34 39 22 30 6 9 12 11 4
16 0 20 3 15 27 19 7 11 35 6 12 7 16 30 23 24 17 26 12 14 7 11 30 21 27 22 11 11 13 11 31 22 21 17 30 9 25 19 28 26 6 21 23 6 29 10 21 8 5 16
15 20 0 17 29 42 15 27 16 21 16 26 21 27 24 37 34 11 40 26 14 24 19 44 19 47 4 23 31 8 16 40 26 24 31 41 18 37 34 42 41 14 27 36 26 15 16 24 22 15 19
13 3 17 0 18 30 16 10 8 32 3 15 9 18 29 26 26 14 29 15 13 8 9 33 20 30 19 11 14 10 8 33 23 18 20 33 10 28 22 31 29 3 22 26 9 26 7 18 8 2 13
31 15 29 18 0 13 34 20 26 33 21 3 9 4 24 8 10 31 11 3 16 22 26 15 17 30 33 26 21 21 26 17 12 36 2 15 11 10 8 13 13 18 11 8 12 29 25 36 23 20 31
43 27 42 30 13 0 46 28 38 46 33 16 22 17 36 9 15 44 10 16 29 32 38 13 30 25 46 36 26 34 38 20 24 48 11 16 24 13 8 12 1 31 23 11 21 42 37 48 33 32 43
3 19 15 16 34 46 0 21 8 36 13 31 25 34 39 42 42 4 45 31 24 17 10 49 31 41 14 15 25 18 8 49 36 9 36 49 25 44 38 47 45 16 37 42 25 30 9 9 15 14 7
18 7 27 10 20 28 21 0 13 42 11 17 14 23 37 28 30 20 31 17 21 4 11 35 28 20 29 8 4 20 13 37 29 20 22 35 16 30 20 33 27 13 28 28 8 36 12 20 6 12 17
5 11 16 8 26 38 8 13 0 36 5 23 17 26 34 34 34 7 37 23 18 9 3 41 25 33 17 8 17 14 0 41 30 10 28 41 17 36 30 39 37 8 29 34 17 30 1 10 7 6 5
36 35 21 32 33 46 36 42 36 0 32 33 30 29 10 37 31 32 38 33 21 40 38 41 16 59 23 41 46 22 36 33 22 45 35 37 27 34 41 39 46 29 23 35 37 6 35 45 39 31 40
10 6 16 3 21 33 13 11 5 32 0 18 12 21 29 29 29 12 32 18 13 8 7 36 20 31 18 9 15 10 5 36 25 15 23 36 12 31 25 34 32 3 24 29 12 26 4 15 7 1 10
28 12 26 15 3 16 31 17 23 33 18 0 6 6 26 11 13 28 14 0 14 19 23 18 17 27 30 23 18 18 23 20 14 33 5 18 8 13 8 16 15 15 13 11 9 29 22 33 20 17 28
22 7 21 9 9 22 25 14 17 30 12 6 0 9 24 17 17 22 20 6 10 14 18 24 15 29 25 18 16 13 17 24 16 27 11 24 3 19 14 22 21 9 15 17 7 25 16 27 15 11 22
31 16 27 18 4 17 34 23 26 29 21 6 9 0 20 11 8 31 13 6 13 23 27 17 13 33 31 27 24 19 26 15 8 36 6 15 9 10 12 15 17 18 7 9 15 25 25 36 24 20 31
38 30 24 29 24 36 39 37 34 10 29 26 24 20 0 27 21 35 28 26 16 37 36 31 9 53 27 38 40 21 34 23 12 44 25 27 21 24 32 29 36 26 13 25 31 11 33 44 36 28 39
39 23 37 26 8 9 42 28 34 37 29 11 17 11 27 0 6 39 3 11 24 30 34 7 22 33 41 34 29 29 34 11 15 44 6 8 19 4 10 5 10 26 14 2 20 34 33 44 31 28 39
39 24 34 26 10 15 42 30 34 31 29 13 17 8 21 6 0 39 7 13 20 31 35 10 16 38 38 35 31 26 34 7 9 44 9 7 17 3 15 8 16 26 8 4 22 28 33 44 32 28 39
4 17 11 14 31 44 4 20 7 32 12 28 22 31 35 39 39 0 42 28 20 16 10 46 27 40 11 15 24 14 7 46 32 13 33 46 22 41 36 44 43 13 33 39 23 26 8 13 14 12 8
42 26 40 29 11 10 45 31 37 38 32 14 20 13 28 3 7 42 0 14 26 33 37 4 23 35 44 37 32 32 37 10 16 47 9 6 22 4 13 2 11 29 15 4 23 35 36 47 34 31 42
28 12 26 15 3 16 31 17 23 33 18 0 6 6 26 11 13 28 14 0 14 19 23 18 17 27 30 23 18 18 23 20 14 33 5 18 8 13 8 16 15 15 13 11 9 29 22 33 20 17 28
23 14 14 13 16 29 24 21 18 21 13 14 10 13 16 24 20 20 26 14 0 21 20 30 7 39 18 22 25 6 18 26 12 28 18 27 7 23 22 28 29 10 13 22 17 15 17 28 20 12 23
14 7 24 8 22 32 17 4 9 40 8 19 14 23 37 30 31 16 33 19 21 0 7 37 28 24 26 4 8 18 9 38 29 16 24 37 16 32 24 35 31 11 28 30 11 34 8 16 2 9 13
7 11 19 9 26 38 10 11 3 38 7 23 18 27 36 34 35 10 37 23 20 7 0 41 27 31 20 5 15 17 3 42 32 10 28 41 19 36 30 39 37 10 31 34 17 32 3 10 5 8 6
46 30 44 33 15 13 49 35 41 41 36 18 24 17 31 7 10 46 4 18 30 37 41 0 26 38 48 41 36 36 41 9 19 51 13 5 26 7 17 2 14 33 18 8 27 38 40 51 38 35 46
30 21 19 20 17 30 31 28 25 16 20 17 15 13 9 22 16 27 23 17 7 28 27 26 0 44 23 29 31 13 25 21 7 35 19 23 12 19 25 24 30 17 8 20 22 12 24 35 27 19 30
38 27 47 30 30 25 41 20 33 59 31 27 29 33 53 33 38 40 35 27 39 24 31 38 44 0 49 28 16 40 33 44 41 39 30 41 32 37 23 37 24 33 40 35 22 54 32 39 26 32 37
15 22 4 19 33 46 14 29 17 23 18 30 25 31 27 41 38 11 44 30 18 26 20 48 23 49 0 25 33 12 17 44 30 23 35 45 22 41 38 46 45 17 31 40 28 17 18 23 24 17 19
12 11 23 11 26 36 15 8 8 41 9 23 18 27 38 34 35 15 37 23 22 4 5 41 29 28 25 0 12 19 8 42 33 12 28 41 20 36 28 39 35 12 32 34 15 35 7 12 3 10 9
22 11 31 14 21 26 25 4 17 46 15 18 16 24 40 29 31 24 32 18 25 8 15 36 31 16 33 12 0 24 17 38 31 24 23 36 19 31 20 34 25 17 30 29 9 40 16 24 10 16 21
17 13 8 10 21 34 18 20 14 22 10 18 13 19 21 29 26 14 32 18 6 18 17 36 13 40 12 19 24 0 14 32 18 24 23 33 10 29 26 34 33 7 19 28 19 16 14 24 17 9 19
5 11 16 8 26 38 8 13 0 36 5 23 17 26 34 34 34 7 37 23 18 9 3 41 25 33 17 8 17 14 0 41 30 10 28 41 17 36 30 39 37 8 29 34 17 30 1 10 7 6 5
46 31 40 33 17 20 49 37 41 33 36 20 24 15 23 11 7 46 10 20 26 38 42 9 21 44 44 42 38 32 41 0 14 51 15 4 24 7 21 8 21 33 13 9 29 33 40 51 39 35 46
35 22 26 23 12 24 36 29 30 22 25 14 16 8 12 15 9 32 16 14 12 29 32 19 7 41 30 33 31 18 30 14 0 40 13 16 13 12 20 17 24 22 1 13 22 19 29 40 30 24 35
9 21 24 18 36 48 9 20 10 45 15 33 27 36 44 44 44 13 47 33 28 16 10 51 35 39 23 12 24 24 10 51 40 0 38 51 27 46 40 49 47 18 39 44 27 39 11 0 15 16 5
33 17 31 20 2 11 36 22 28 35 23 5 11 6 25 6 9 33 9 5 18 24 28 13 19 30 35 28 23 23 28 15 13 38 0 13 13 8 7 11 11 20 12 6 14 31 27 38 25 22 33
46 30 41 33 15 16 49 35 41 37 36 18 24 15 27 8 7 46 6 18 27 37 41 5 23 41 45 41 36 33 41 4 16 51 13 0 24 5 18 4 17 33 15 7 27 35 40 51 38 35 46
22 9 18 10 11 24 25 16 17 27 12 8 3 9 21 19 17 22 22 8 7 16 19 26 12 32 22 20 19 10 17 24 13 27 13 24 0 19 16 24 23 9 12 18 10 22 16 27 17 11 22
41 25 37 28 10 13 44 30 36 34 31 13 19 10 24 4 3 41 4 13 23 32 36 7 19 37 41 36 31 29 36 7 12 46 8 5 19 0 14 5 14 28 11 2 22 31 35 46 33 30 41
35 19 34 22 8 8 38 20 30 41 25 8 14 12 32 10 15 36 13 8 22 24 30 17 25 23 38 28 20 26 30 21 20 40 7 18 16 14 0 15 7 23 19 12 13 37 29 40 25 24 35
44 28 42 31 13 12 47 33 39 39 34 16 22 15 29 5 8 44 2 16 28 35 39 2 24 37 46 39 34 34 39 8 17 49 11 4 24 5 15 0 13 31 16 6 25 36 38 49 36 33 44
42 26 41 29 13 1 45 27 37 46 32 15 21 17 36 10 16 43 11 15 29 31 37 14 30 24 45 35 25 33 37 21 24 47 11 17 23 14 7 13 0 30 23 12 20 42 36 47 32 31 42
13 6 14 3 18 31 16 13 8 29 3 15 9 18 26 26 26 13 29 15 10 11 10 33 17 33 17 12 17 7 8 33 22 18 20 33 9 28 23 31 30 0 21 26 12 23 7 18 10 2 13
34 21 27 22 11 23 37 28 29 23 24 13 15 7 13 14 8 33 15 13 13 28 31 18 8 40 31 32 30 19 29 13 1 39 12 15 12 11 19 16 23 21 0 12 21 20 28 39 29 23 34
39 23 36 26 8 11 42 28 34 35 29 11 17 9 25 2 4 39 4 11 22 30 34 8 20 35 40 34 29 28 34 9 13 44 6 7 18 2 12 6 12 26 12 0 20 32 33 44 31 28 39
22 6 26 9 12 21 25 8 17 37 12 9 7 15 31 20 22 23 23 9 17 11 17 27 22 22 28 15 9 19 17 29 22 27 14 27 10 22 13 25 20 12 21 20 0 32 16 27 12 11 22
30 29 15 26 29 42 30 36 30 6 26 29 25 25 11 34 28 26 35 29 15 34 32 38 12 54 17 35 40 16 30 33 19 39 31 35 22 31 37 36 42 23 20 32 32 0 29 39 33 25 34
6 10 16 7 25 37 9 12 1 35 4 22 16 25 33 33 33 8 36 22 17 8 3 40 24 32 18 7 16 14 1 40 29 11 27 40 16 35 29 38 36 7 28 33 16 29 0 11 6 5 6
9 21 24 18 36 48 9 20 10 45 15 33 27 36 44 44 44 13 47 33 28 16 10 51 35 39 23 12 24 24 10 51 40 0 38 51 27 46 40 49 47 18 39 44 27 39 11 0 15 16 5
12 8 22 8 23 33 15 6 7 39 7 20 15 24 36 31 32 14 34 20 20 2 5 38 27 26 24 3 10 17 7 39 30 15 25 38 17 33 25 36 32 10 29 31 12 33 6 15 0 8 11
11 5 15 2 20 32 14 12 6 31 1 17 11 20 28 28 28 12 31 17 12 9 8 35 19 32 17 10 16 9 6 35 24 16 22 35 11 30 24 33 31 2 23 28 11 25 5 16 8 0 11
4 16 19 13 31 43 7 17 5 40 10 28 22 31 39 39 39 8 42 28 23 13 6 46 30 37 19 9 21 19 5 46 35 5 33 46 22 41 35 44 42 13 34 39 22 34 6 5 11 11 0
0 546
465 465
352 352
198 198
14 14
427 427
118 118
450 450
318 318
268 268
266 266
309 309
169 169
75 75
472 472
380 380
56 56
425 425
69 69
21 21
217 217
538 538
321 321
216 216
182 182
102 102
362 362
498 498
488 488
98 98
32 32
159 159
448 448
72 72
483 483
304 304
14 14
55 55
476 476
493 493
429 429
316 316
150 150
153 153
366 366
531 531
209 209
119 119
398 398
365 365
469 469
0
61
16
47
26
24
19
12
53
70
48
71
80
62
16
54
51
83
82
52
55
39
51
45
67
53
59
62
83
54
51
74
34
45
71
33
45
50
50
21
35
72
63
59
24
26
30
54
65
60
45
