51
1626
0 24 21 32 6 19 15 21 40 32 40 53 24 56 2 34 48 30 39 27 50 22 25 32 4 17 18 30 16 31 17 41 7 41 11 31 38 35 36 31 30 27 43 33 26 36 17 21 28 7 11
24 0 10 26 18 21 10 16 21 22 16 29 5 32 22 11 24 13 20 3 26 7 7 9 21 19 24 27 21 7 7 22 19 18 25 11 31 19 18 7 10 16 28 16 21 24 23 22 25 20 15
21 10 0 16 16 11 7 6 19 32 26 39 15 41 21 15 30 9 30 13 30 16 17 19 21 9 14 35 26 15 12 20 20 28 18 21 22 14 28 17 20 7 23 26 11 34 14 12 33 15 19
32 26 16 0 30 14 23 12 15 48 36 47 31 47 34 23 34 14 43 27 29 32 33 32 35 15 17 51 42 26 28 16 35 39 25 36 6 11 43 29 35 10 12 41 6 50 18 13 49 25 35
6 18 16 30 0 18 9 18 34 29 34 47 18 50 5 28 42 24 34 21 44 16 19 26 5 15 17 28 15 25 11 35 6 35 12 25 36 30 31 25 24 23 39 28 24 33 16 20 26 6 8
19 21 11 14 18 0 13 5 24 41 37 50 26 51 21 25 40 17 41 24 38 25 28 30 22 3 3 43 31 26 20 25 24 39 11 32 20 19 39 28 31 11 25 37 8 44 4 2 41 12 24
15 10 7 23 9 13 0 11 25 28 26 39 13 42 14 19 34 15 29 13 35 12 15 19 14 10 15 30 19 17 7 26 13 28 15 20 29 21 27 17 19 14 30 24 17 31 14 15 28 10 12
21 16 6 12 18 5 11 0 19 38 32 45 21 46 23 20 35 12 36 19 33 22 23 25 23 4 8 41 30 21 18 20 23 34 15 27 18 14 34 23 26 6 22 32 6 40 9 6 39 14 23
40 21 19 15 34 24 25 19 0 40 24 33 25 32 39 12 19 10 32 20 14 28 27 22 39 23 27 47 42 16 28 1 38 27 34 26 15 5 33 19 25 13 8 31 18 41 28 24 45 33 36
32 22 32 48 29 41 28 38 40 0 23 31 17 35 30 28 35 35 15 22 41 16 15 18 28 38 43 7 17 24 21 41 25 20 41 15 53 40 12 21 15 38 48 11 43 4 42 43 7 35 21
40 16 26 36 34 37 26 32 24 23 0 13 16 16 38 13 12 22 8 13 19 19 16 8 37 34 39 30 32 12 23 25 34 3 41 10 38 25 11 9 11 28 32 12 34 21 39 38 29 36 30
53 29 39 47 47 50 39 45 33 31 13 0 29 4 51 25 14 34 16 26 21 32 29 21 50 47 52 38 44 25 36 33 47 13 54 23 48 36 19 22 24 40 40 22 46 29 52 51 38 49 43
24 5 15 31 18 26 13 21 25 17 16 29 0 32 22 13 26 18 16 5 28 3 2 8 21 23 28 22 17 9 7 26 18 17 28 7 36 23 14 8 6 21 32 11 26 19 27 27 20 22 14
56 32 41 47 50 51 42 46 32 35 16 4 32 0 54 26 13 35 20 29 20 35 32 24 53 50 54 42 48 27 39 32 50 17 57 26 47 36 23 25 27 41 39 26 47 33 55 52 42 52 46
2 22 21 34 5 21 14 23 39 30 38 51 22 54 0 33 46 29 37 25 48 20 23 30 2 19 20 28 14 29 15 40 5 39 13 29 40 35 34 29 28 28 44 31 28 34 19 23 26 9 9
34 11 15 23 28 25 19 20 12 28 13 25 13 26 33 0 15 9 21 8 16 16 15 10 32 24 28 35 30 4 18 13 30 16 33 14 25 12 21 7 13 15 20 19 21 29 29 26 33 29 26
48 24 30 34 42 40 34 35 19 35 12 14 26 13 46 15 0 23 20 21 7 29 26 18 45 39 43 42 43 17 31 19 43 15 48 22 34 23 23 18 21 29 26 24 35 33 44 40 41 44 39
30 13 9 14 24 17 15 12 10 35 22 34 18 35 29 9 23 0 29 13 21 20 20 18 29 16 20 40 32 12 18 11 28 25 27 22 18 6 29 15 21 6 15 27 12 36 21 17 38 24 26
39 20 30 43 34 41 29 36 32 15 8 16 16 20 37 21 20 29 0 17 27 18 15 11 35 38 43 22 28 17 23 33 32 5 44 9 46 33 3 14 10 34 40 6 40 13 43 42 22 38 28
27 3 13 27 21 24 13 19 20 22 13 26 5 29 25 8 21 13 17 0 23 8 7 6 24 21 26 27 22 4 10 21 22 15 28 9 31 18 16 4 8 17 27 14 23 23 26 25 25 23 18
50 26 30 29 44 38 35 33 14 41 19 21 28 20 48 16 7 21 27 23 0 31 30 23 47 37 41 48 45 19 33 13 45 22 48 27 29 19 30 21 26 27 20 31 32 40 42 38 46 45 41
22 7 16 32 16 25 12 22 28 16 19 32 3 35 20 16 29 20 18 8 31 0 3 11 18 22 27 20 14 12 5 29 15 19 26 9 37 26 15 11 8 22 35 12 27 19 26 27 18 20 11
25 7 17 33 19 28 15 23 27 15 16 29 2 32 23 15 26 20 15 7 30 3 0 8 21 25 30 20 17 11 8 28 18 16 29 6 38 25 12 9 5 23 34 9 28 17 29 29 18 23 14
32 9 19 32 26 30 19 25 22 18 8 21 8 24 30 10 18 18 11 6 23 11 8 0 29 27 32 25 25 6 15 23 26 9 34 4 35 22 11 3 3 23 30 9 29 19 32 31 23 29 22
4 21 21 35 5 22 14 23 39 28 37 50 21 53 2 32 45 29 35 24 47 18 21 29 0 20 21 26 12 28 14 40 3 37 15 27 41 35 32 28 26 28 44 29 29 32 20 24 24 10 7
17 19 9 15 15 3 10 4 23 38 34 47 23 50 19 24 39 16 38 21 37 22 25 27 20 0 5 40 28 24 17 24 21 36 11 30 21 18 37 25 29 10 26 34 9 41 5 5 38 10 21
18 24 14 17 17 3 15 8 27 43 39 52 28 54 20 28 43 20 43 26 41 27 30 32 21 5 0 45 32 29 22 28 23 41 9 35 23 22 42 30 34 14 28 39 11 46 2 4 43 11 25
30 27 35 51 28 43 30 41 47 7 30 38 22 42 28 35 42 40 22 27 48 20 20 25 26 40 45 0 14 31 23 48 23 27 40 21 57 45 19 28 22 42 54 18 46 10 43 45 2 34 20
16 21 26 42 15 31 19 30 42 17 32 44 17 48 14 30 43 32 28 22 45 14 17 25 12 28 32 14 0 26 14 43 9 32 26 22 48 38 25 25 22 33 47 22 36 21 30 33 12 21 7
31 7 15 26 25 26 17 21 16 24 12 25 9 27 29 4 17 12 17 4 19 12 11 6 28 24 29 31 26 0 14 17 26 14 32 10 29 16 17 3 9 17 24 15 23 25 29 27 29 27 22
17 7 12 28 11 20 7 18 28 21 23 36 7 39 15 18 31 18 23 10 33 5 8 15 14 17 22 23 14 14 0 29 12 24 21 14 34 24 20 14 13 19 33 17 23 24 21 22 21 15 8
41 22 20 16 35 25 26 20 1 41 25 33 26 32 40 13 19 11 33 21 13 29 28 23 40 24 28 48 43 17 29 0 39 28 35 27 16 6 34 20 26 14 8 32 19 42 29 25 46 34 37
7 19 20 35 6 24 13 23 38 25 34 47 18 50 5 30 43 28 32 22 45 15 18 26 3 21 23 23 9 26 12 39 0 34 17 24 41 34 29 26 23 27 43 26 29 29 22 26 21 12 4
41 18 28 39 35 39 28 34 27 20 3 13 17 17 39 16 15 25 5 15 22 19 16 9 37 36 41 27 32 14 24 28 34 0 43 10 41 28 8 11 11 31 35 10 37 18 41 40 27 38 30
11 25 18 25 12 11 15 15 34 41 41 54 28 57 13 33 48 27 44 28 48 26 29 34 15 11 9 40 26 32 21 35 17 43 0 35 31 29 41 32 34 21 36 38 19 44 7 13 38 6 20
31 11 21 36 25 32 20 27 26 15 10 23 7 26 29 14 22 22 9 9 27 9 6 4 27 30 35 21 22 10 14 27 24 10 35 0 39 26 7 7 1 26 34 5 32 15 34 33 20 29 20
38 31 22 6 36 20 29 18 15 53 38 48 36 47 40 25 34 18 46 31 29 37 38 35 41 21 23 57 48 29 34 16 41 41 31 39 0 13 46 32 38 15 9 44 12 54 24 19 55 31 41
35 19 14 11 30 19 21 14 5 40 25 36 23 36 35 12 23 6 33 18 19 26 25 22 35 18 22 45 38 16 24 6 34 28 29 26 13 0 33 19 25 8 9 31 13 41 23 19 43 28 32
36 18 28 43 31 39 27 34 33 12 11 19 14 23 34 21 23 29 3 16 30 15 12 11 32 37 42 19 25 17 20 34 29 8 41 7 46 33 0 14 8 33 41 3 39 10 41 40 19 35 25
31 7 17 29 25 28 17 23 19 21 9 22 8 25 29 7 18 15 14 4 21 11 9 3 28 25 30 28 25 3 14 20 26 11 32 7 32 19 14 0 6 20 27 12 26 22 30 29 26 27 22
30 10 20 35 24 31 19 26 25 15 11 24 6 27 28 13 21 21 10 8 26 8 5 3 26 29 34 22 22 9 13 26 23 11 34 1 38 25 8 6 0 25 33 6 31 16 33 32 20 28 19
27 16 7 10 23 11 14 6 13 38 28 40 21 41 28 15 29 6 34 17 27 22 23 23 28 10 14 42 33 17 19 14 27 31 21 26 15 8 33 20 25 0 16 31 6 40 15 11 40 20 26
43 28 23 12 39 25 30 22 8 48 32 40 32 39 44 20 26 15 40 27 20 35 34 30 44 26 28 54 47 24 33 8 43 35 36 34 9 9 41 27 33 16 0 39 17 49 29 24 52 36 41
33 16 26 41 28 37 24 32 31 11 12 22 11 26 31 19 24 27 6 14 31 12 9 9 29 34 39 18 22 15 17 32 26 10 38 5 44 31 3 12 6 31 39 0 37 10 38 38 17 32 22
26 21 11 6 24 8 17 6 18 43 34 46 26 47 28 21 35 12 40 23 32 27 28 29 29 9 11 46 36 23 23 19 29 37 19 32 12 13 39 26 31 6 17 37 0 45 12 7 44 19 29
36 24 34 50 33 44 31 40 41 4 21 29 19 33 34 29 33 36 13 23 40 19 17 19 32 41 46 10 21 25 24 42 29 18 44 15 54 41 10 22 16 40 49 10 45 0 45 46 11 38 25
17 23 14 18 16 4 14 9 28 42 39 52 27 55 19 29 44 21 43 26 42 26 29 32 20 5 2 43 30 29 21 29 22 41 7 34 24 23 41 30 33 15 29 38 12 45 0 6 41 10 23
21 22 12 13 20 2 15 6 24 43 38 51 27 52 23 26 40 17 42 25 38 27 29 31 24 5 4 45 33 27 22 25 26 40 13 33 19 19 40 29 32 11 24 38 7 46 6 0 43 14 26
28 25 33 49 26 41 28 39 45 7 29 38 20 42 26 33 41 38 22 25 46 18 18 23 24 38 43 2 12 29 21 46 21 27 38 20 55 43 19 26 20 40 52 17 44 11 41 43 0 32 18
7 20 15 25 6 12 10 14 33 35 36 49 22 52 9 29 44 24 38 23 45 20 23 29 10 10 11 34 21 27 15 34 12 38 6 29 31 28 35 27 28 20 36 32 19 38 10 14 32 0 14
11 15 19 35 8 24 12 23 36 21 30 43 14 46 9 26 39 26 28 18 41 11 14 22 7 21 25 20 7 22 8 37 4 30 20 20 41 32 25 22 19 26 41 22 29 25 23 26 18 14 0
0 628
6 6
521 521
105 105
276 276
603 603
469 469
438 438
319 319
263 263
197 197
25 25
413 413
306 306
118 118
267 267
392 392
607 607
279 279
223 223
369 369
624 624
212 212
10 10
425 425
105 105
156 156
217 217
25 25
527 527
520 520
129 129
0 0
325 325
1 1
34 34
528 528
323 323
380 380
444 444
461 461
297 297
139 139
524 524
182 182
441 441
192 192
599 599
497 497
26 26
457 457
0
24
40
40
66
52
60
69
63
37
22
41
82
29
63
49
74
56
56
47
29
67
29
15
56
86
19
16
76
19
81
32
45
71
55
36
35
38
91
19
88
61
53
66
36
42
68
47
84
39
32
