51
1627
0 14 6 18 8 9 32 25 12 36 28 33 14 2 14 25 3 7 34 12 10 28 29 29 27 7 27 37 3 26 33 8 30 24 36 18 29 10 36 22 26 24 36 28 9 13 20 17 5 36 16
14 0 8 32 13 14 45 39 20 49 35 46 18 16 27 31 17 11 48 8 17 42 39 39 40 12 34 51 11 33 41 6 43 37 50 27 43 9 50 36 40 34 50 41 16 20 34 30 19 50 30
6 8 0 24 8 6 37 31 15 42 31 38 15 8 19 28 9 3 40 9 9 34 31 31 32 4 30 43 3 29 37 2 35 29 42 22 35 7 42 28 32 29 42 34 11 12 26 22 11 42 22
18 32 24 0 21 26 27 19 16 19 20 29 21 19 17 20 15 25 23 26 25 22 32 32 23 25 19 20 21 19 21 26 27 26 19 12 12 25 19 8 9 11 22 11 18 26 5 19 13 22 2
8 13 8 21 0 14 39 31 7 36 23 41 7 10 22 20 8 11 40 5 17 34 37 37 34 12 22 41 7 21 29 9 38 32 39 14 33 4 40 26 30 21 40 28 3 20 21 25 9 40 20
9 14 6 26 14 0 32 27 20 44 36 32 21 7 15 33 12 3 36 15 3 29 25 25 27 3 35 45 7 34 41 8 29 23 44 26 37 13 44 28 34 32 40 36 16 6 28 17 13 40 24
32 45 37 27 39 32 0 8 39 40 47 3 43 30 18 47 31 35 8 44 29 5 14 14 5 34 46 29 35 46 48 39 5 11 33 38 26 42 30 19 26 38 14 35 38 28 32 15 30 14 25
25 39 31 19 31 27 8 0 31 33 39 10 35 24 12 39 24 29 9 36 24 3 16 16 4 28 38 26 28 38 40 33 8 10 29 30 20 35 27 11 19 30 14 28 30 23 24 10 22 14 17
12 20 15 16 7 20 39 31 0 29 16 41 5 14 23 13 10 17 38 12 22 34 39 39 34 18 15 35 13 14 22 16 38 33 32 7 27 11 33 23 24 14 37 21 4 25 14 26 10 37 16
36 49 42 19 36 44 40 33 29 0 20 43 33 37 36 23 33 43 32 41 44 36 48 48 37 43 20 12 39 21 15 44 41 42 7 22 14 40 10 22 14 15 26 8 33 45 16 38 31 26 21
28 35 31 20 23 36 47 39 16 20 0 49 17 29 36 4 25 33 43 27 37 42 51 51 43 34 1 31 29 2 6 32 47 45 27 10 27 26 29 28 24 9 40 16 20 40 15 38 23 40 22
33 46 38 29 41 32 3 10 41 43 49 0 45 31 19 49 33 35 11 45 29 8 12 12 7 34 48 32 36 48 50 40 3 9 36 40 29 43 33 21 29 40 17 38 40 26 34 16 32 17 27
14 18 15 21 7 21 43 35 5 33 17 45 0 16 26 13 12 18 43 10 24 38 42 42 38 19 16 40 14 15 23 15 42 36 36 11 32 9 38 28 29 18 42 25 5 27 19 29 13 42 21
2 16 8 19 10 7 30 24 14 37 29 31 16 0 12 27 5 7 33 14 8 27 27 27 25 6 28 38 5 28 34 10 28 22 37 19 30 12 37 22 27 25 35 29 11 11 21 15 6 35 17
14 27 19 17 22 15 18 12 23 36 36 19 26 12 0 35 14 17 21 26 12 15 16 16 13 16 35 33 17 35 38 21 16 10 33 26 25 24 32 15 23 28 26 28 21 11 22 3 13 26 15
25 31 28 20 20 33 47 39 13 23 4 49 13 27 35 0 23 30 43 23 35 42 50 50 43 31 3 33 26 2 10 28 47 44 29 9 28 22 31 28 25 10 41 18 17 38 15 37 22 41 22
3 17 9 15 8 12 31 24 10 33 25 33 12 5 14 23 0 10 32 13 13 27 30 30 26 10 24 34 6 23 30 11 30 24 33 15 26 11 33 19 23 21 33 25 7 16 17 17 2 33 13
7 11 3 25 11 3 35 29 17 43 33 35 18 7 17 30 10 0 38 12 6 32 28 28 30 1 32 44 4 31 39 5 32 26 43 24 36 10 43 29 33 31 42 35 13 9 27 20 12 42 23
34 48 40 23 40 36 8 9 38 32 43 11 43 33 21 43 32 38 0 45 33 7 22 22 10 37 42 21 37 42 43 42 13 17 25 35 19 43 22 15 20 34 6 29 39 32 28 19 31 6 22
12 8 9 26 5 15 44 36 12 41 27 45 10 14 26 23 13 12 45 0 18 39 40 40 39 13 26 46 9 25 33 7 42 36 44 19 38 2 45 31 35 26 45 33 8 21 26 29 14 45 25
10 17 9 25 17 3 29 24 22 44 37 29 24 8 12 35 13 6 33 18 0 26 22 22 24 6 36 44 10 36 42 11 26 20 43 27 36 16 43 26 33 33 38 36 19 3 29 14 14 38 23
28 42 34 22 34 29 5 3 34 36 42 8 38 27 15 42 27 32 7 39 26 0 15 15 3 31 41 27 31 41 43 36 6 10 30 33 22 38 28 14 22 33 13 31 33 25 27 12 25 13 20
29 39 31 32 37 25 14 16 39 48 51 12 42 27 16 50 30 28 22 40 22 15 0 0 12 28 50 42 31 50 53 33 9 6 44 41 36 38 43 26 34 43 28 43 37 19 37 13 29 28 30
29 39 31 32 37 25 14 16 39 48 51 12 42 27 16 50 30 28 22 40 22 15 0 0 12 28 50 42 31 50 53 33 9 6 44 41 36 38 43 26 34 43 28 43 37 19 37 13 29 28 30
27 40 32 23 34 27 5 4 34 37 43 7 38 25 13 43 26 30 10 39 24 3 12 12 0 29 42 30 30 42 44 34 4 7 33 34 24 37 31 15 23 34 16 32 33 23 28 10 25 16 21
7 12 4 25 12 3 34 28 18 43 34 34 19 6 16 31 10 1 37 13 6 31 28 28 29 0 33 44 5 32 40 6 31 25 43 25 36 11 43 28 33 31 41 35 14 9 27 19 12 41 23
27 34 30 19 22 35 46 38 15 20 1 48 16 28 35 3 24 32 42 26 36 41 50 50 42 33 0 31 28 1 7 31 46 44 26 9 26 25 29 27 23 8 39 16 19 39 14 37 22 39 21
37 51 43 20 41 45 29 26 35 12 31 32 40 38 33 33 34 44 21 46 44 27 42 42 30 44 31 0 40 31 27 45 33 36 5 29 8 45 2 18 11 23 15 15 38 44 21 34 32 15 21
3 11 3 21 7 7 35 28 13 39 29 36 14 5 17 26 6 4 37 9 10 31 31 31 30 5 28 40 0 27 35 5 33 27 39 20 32 8 39 25 29 27 39 31 9 13 23 20 8 39 19
26 33 29 19 21 34 46 38 14 21 2 48 15 28 35 2 23 31 42 25 36 41 50 50 42 32 1 31 27 0 8 30 46 44 27 9 26 24 29 27 23 8 39 16 18 39 14 37 22 39 21
33 41 37 21 29 41 48 40 22 15 6 50 23 34 38 10 30 39 43 33 42 43 53 53 44 40 7 27 35 8 0 38 48 47 22 15 25 32 25 29 23 10 39 14 26 45 16 40 28 39 23
8 6 2 26 9 8 39 33 16 44 32 40 15 10 21 28 11 5 42 7 11 36 33 33 34 6 31 45 5 30 38 0 37 31 44 23 37 6 44 30 34 30 44 36 12 14 28 24 13 44 24
30 43 35 27 38 29 5 8 38 41 47 3 42 28 16 47 30 32 13 42 26 6 9 9 4 31 46 33 33 46 48 37 0 6 36 38 28 40 34 19 27 38 19 36 37 23 32 13 29 19 25
24 37 29 26 32 23 11 10 33 42 45 9 36 22 10 44 24 26 17 36 20 10 6 6 7 25 44 36 27 44 47 31 6 0 38 35 30 34 37 20 28 37 23 37 31 17 31 7 23 23 24
36 50 42 19 39 44 33 29 32 7 27 36 36 37 33 29 33 43 25 44 43 30 44 44 33 43 26 5 39 27 22 44 36 38 0 25 9 43 3 18 10 19 19 11 36 44 18 34 31 19 20
18 27 22 12 14 26 38 30 7 22 10 40 11 19 26 9 15 24 35 19 27 33 41 41 34 25 9 29 20 9 15 23 38 35 25 0 21 18 27 20 18 7 34 14 11 30 8 28 13 34 13
29 43 35 12 33 37 26 20 27 14 27 29 32 30 25 28 26 36 19 38 36 22 36 36 24 36 26 8 32 26 25 37 28 30 9 21 0 37 7 10 3 18 14 11 30 36 13 26 24 14 13
10 9 7 25 4 13 42 35 11 40 26 43 9 12 24 22 11 10 43 2 16 38 38 38 37 11 25 45 8 24 32 6 40 34 43 18 37 0 44 30 34 25 44 32 7 19 25 27 13 44 24
36 50 42 19 40 44 30 27 33 10 29 33 38 37 32 31 33 43 22 45 43 28 43 43 31 43 29 2 39 29 25 44 34 37 3 27 7 44 0 17 10 21 16 13 37 43 19 33 31 16 20
22 36 28 8 26 28 19 11 23 22 28 21 28 22 15 28 19 29 15 31 26 14 26 26 15 28 27 18 25 27 29 30 19 20 18 20 10 30 17 0 8 19 14 17 25 26 13 16 17 14 7
26 40 32 9 30 34 26 19 24 14 24 29 29 27 23 25 23 33 20 35 33 22 34 34 23 33 23 11 29 23 23 34 27 28 10 18 3 34 10 8 0 15 16 9 27 34 10 24 21 16 10
24 34 29 11 21 32 38 30 14 15 9 40 18 25 28 10 21 31 34 26 33 33 43 43 34 31 8 23 27 8 10 30 38 37 19 7 18 25 21 19 15 0 31 8 18 36 6 30 19 31 13
36 50 42 22 40 40 14 14 37 26 40 17 42 35 26 41 33 42 6 45 38 13 28 28 16 41 39 15 39 39 39 44 19 23 19 34 14 44 16 14 16 31 0 25 39 37 26 24 31 0 21
28 41 34 11 28 36 35 28 21 8 16 38 25 29 28 18 25 35 29 33 36 31 43 43 32 35 16 15 31 16 14 36 36 37 11 14 11 32 13 17 9 8 25 0 25 37 8 30 23 25 13
9 16 11 18 3 16 38 30 4 33 20 40 5 11 21 17 7 13 39 8 19 33 37 37 33 14 19 38 9 18 26 12 37 31 36 11 30 7 37 25 27 18 39 25 0 22 18 24 8 39 18
13 20 12 26 20 6 28 23 25 45 40 26 27 11 11 38 16 9 32 21 3 25 19 19 23 9 39 44 13 39 45 14 23 17 44 30 36 19 43 26 34 36 37 37 22 0 31 13 17 37 24
20 34 26 5 21 28 32 24 14 16 15 34 19 21 22 15 17 27 28 26 29 27 37 37 28 27 14 21 23 14 16 28 32 31 18 8 13 25 19 13 10 6 26 8 18 31 0 24 15 26 7
17 30 22 19 25 17 15 10 26 38 38 16 29 15 3 37 17 20 19 29 14 12 13 13 10 19 37 34 20 37 40 24 13 7 34 28 26 27 33 16 24 30 24 30 24 13 24 0 16 24 17
5 19 11 13 9 13 30 22 10 31 23 32 13 6 13 22 2 12 31 14 14 25 29 29 25 12 22 32 8 22 28 13 29 23 31 13 24 13 31 17 21 19 31 23 8 17 15 16 0 31 11
36 50 42 22 40 40 14 14 37 26 40 17 42 35 26 41 33 42 6 45 38 13 28 28 16 41 39 15 39 39 39 44 19 23 19 34 14 44 16 14 16 31 0 25 39 37 26 24 31 0 21
16 30 22 2 20 24 25 17 16 21 22 27 21 17 15 22 13 23 22 25 23 20 30 30 21 23 21 21 19 21 23 24 25 24 20 13 13 24 20 7 10 13 21 13 18 24 7 17 11 21 0
0 437
237 368
157 288
106 237
249 380
76 207
260 391
13 144
159 290
161 292
46 177
61 192
208 339
219 350
167 298
96 227
143 274
79 210
190 321
276 407
138 269
59 190
203 334
109 240
16 147
301 432
259 390
230 361
18 149
234 365
218 349
168 299
190 321
162 293
28 159
81 212
179 310
159 290
305 436
273 404
197 328
189 320
117 248
257 388
144 275
211 342
219 350
197 328
30 161
240 371
278 409
0
33
57
85
48
25
37
34
78
59
54
44
46
22
76
15
66
50
45
29
88
61
23
71
45
26
62
36
25
79
44
48
45
40
57
64
63
46
23
66
15
69
46
76
44
49
65
33
76
26
88
