51
1627
0 12 11 25 10 26 17 28 25 5 10 27 30 18 23 19 28 7 18 17 20 10 17 20 29 30 14 28 29 2 8 15 4 22 18 28 11 27 24 29 29 30 15 9 21 31 8 22 19 5 25
12 0 5 20 21 38 5 19 24 12 21 38 21 24 31 7 40 10 9 25 8 3 22 20 33 40 26 19 20 11 15 26 13 32 30 39 21 38 36 32 20 42 18 15 32 40 20 13 8 11 32
11 5 0 16 17 37 10 17 19 13 17 34 19 26 27 10 39 6 7 26 12 2 17 15 28 36 25 17 18 11 16 22 13 33 29 39 22 34 35 27 18 41 21 17 28 36 19 11 9 7 27
25 20 16 0 28 48 22 11 7 29 28 43 11 42 28 17 50 18 11 42 20 18 17 8 22 37 38 12 12 26 32 29 28 47 40 51 36 42 46 19 9 52 37 33 33 35 32 9 16 20 26
10 21 17 28 0 20 26 34 26 14 0 17 36 23 14 27 22 12 24 20 29 18 13 21 24 20 10 34 35 12 16 5 13 21 12 23 13 17 18 25 35 24 24 18 11 21 5 28 26 10 17
26 38 37 48 20 0 43 54 46 27 20 10 56 26 27 45 3 32 44 22 46 36 32 41 39 24 12 54 55 27 27 20 26 15 8 8 19 11 3 42 55 4 32 28 19 27 18 48 45 30 30
17 5 10 22 26 43 0 18 28 17 26 43 20 27 36 5 45 15 11 28 4 8 27 25 38 45 31 17 18 16 18 31 17 36 35 44 26 43 41 37 19 47 19 18 37 45 25 13 6 16 37
28 19 17 11 34 54 18 0 18 30 34 51 2 43 38 13 56 23 10 43 15 19 27 19 33 48 42 1 1 28 33 38 30 50 46 56 39 51 52 30 2 58 37 34 43 46 36 6 12 24 37
25 24 19 7 26 46 28 18 0 30 26 40 18 43 24 23 48 19 17 42 26 21 14 5 15 32 36 19 19 27 33 26 29 47 38 49 36 39 44 12 16 50 40 34 30 30 31 16 22 20 21
5 12 13 29 14 27 17 30 30 0 14 29 32 13 28 19 29 11 20 13 20 11 22 25 34 34 15 30 31 3 3 19 1 20 19 27 9 29 25 34 31 31 10 4 25 35 10 24 20 10 30
10 21 17 28 0 20 26 34 26 14 0 17 36 23 14 27 22 12 24 20 29 18 13 21 24 20 10 34 35 12 16 5 13 21 12 23 13 17 18 25 35 24 24 18 11 21 5 28 26 10 17
27 38 34 43 17 10 43 51 40 29 17 0 53 33 18 44 13 29 41 29 46 35 26 35 30 14 16 51 52 28 30 14 28 24 12 18 23 1 12 33 51 13 36 32 10 17 19 45 43 27 21
30 21 19 11 36 56 20 2 18 32 36 53 0 45 39 15 58 25 12 45 17 21 28 19 33 48 44 3 2 30 35 39 32 52 48 58 41 53 54 30 2 60 39 36 44 46 38 8 14 26 37
18 24 26 42 23 26 27 43 43 13 23 33 45 0 37 31 27 24 33 4 31 24 35 38 47 43 17 43 44 16 10 28 14 12 21 22 10 33 23 47 44 29 8 9 34 44 18 37 32 23 40
23 31 27 28 14 27 36 38 24 28 14 18 39 37 0 37 30 21 32 34 39 28 11 20 12 10 23 39 39 25 30 9 27 34 23 34 27 17 28 15 37 31 38 32 8 9 19 34 36 20 3
19 7 10 17 27 45 5 13 23 19 27 44 15 31 37 0 47 16 6 32 3 10 26 21 36 46 33 12 13 18 22 32 20 39 37 46 28 44 43 34 14 49 24 22 38 45 27 8 1 17 36
28 40 39 50 22 3 45 56 48 29 22 13 58 27 30 47 0 34 46 23 48 38 35 43 42 27 14 56 57 29 28 23 28 15 10 6 20 14 4 45 57 2 33 29 22 30 20 50 47 32 33
7 10 6 18 12 32 15 23 19 11 12 29 25 24 21 16 34 0 13 24 18 7 12 14 24 30 20 23 24 8 14 16 10 29 24 34 18 29 30 24 23 36 21 15 22 30 14 17 15 2 22
18 9 7 11 24 44 11 10 17 20 24 41 12 33 32 6 46 13 0 33 9 9 21 15 30 42 32 10 11 18 23 29 20 40 36 46 29 41 42 28 11 48 27 24 35 40 26 4 5 14 31
17 25 26 42 20 22 28 43 42 13 20 29 45 4 34 32 23 24 33 0 32 24 33 37 44 39 13 43 44 16 11 25 14 8 17 18 7 29 19 45 44 25 11 10 30 41 15 37 33 22 37
20 8 12 20 29 46 4 15 26 20 29 46 17 31 39 3 48 18 9 32 0 11 29 24 39 48 34 14 15 19 22 34 21 40 38 47 29 46 44 37 17 50 23 22 40 48 28 11 4 19 39
10 3 2 18 18 36 8 19 21 11 18 35 21 24 28 10 38 7 9 24 11 0 19 17 30 37 24 19 20 9 14 23 11 31 28 38 20 35 34 29 20 40 19 15 29 37 18 13 9 8 29
17 22 17 17 13 32 27 27 14 22 13 26 28 35 11 26 35 12 21 33 29 19 0 9 12 21 23 28 28 19 25 12 21 34 25 36 26 25 31 12 26 36 32 26 16 19 18 23 25 13 10
20 20 15 8 21 41 25 19 5 25 21 35 19 38 20 21 43 14 15 37 24 17 9 0 15 29 31 20 20 22 28 21 24 42 33 44 31 34 39 13 17 45 35 29 25 27 26 15 20 15 18
29 33 28 22 24 39 38 33 15 34 24 30 33 47 12 36 42 24 30 44 39 30 12 15 0 20 34 34 34 31 37 20 33 45 34 45 37 29 40 3 31 43 44 38 20 17 29 30 35 25 9
30 40 36 37 20 24 45 48 32 34 20 14 48 43 10 46 27 30 42 39 48 37 21 29 20 0 26 49 49 32 36 15 33 37 24 32 33 13 26 23 46 27 44 38 9 3 25 44 45 29 11
14 26 25 38 10 12 31 42 36 15 10 16 44 17 23 33 14 20 32 13 34 24 23 31 34 26 0 42 43 15 15 14 14 11 4 14 7 16 10 35 43 16 20 16 17 28 6 36 33 18 26
28 19 17 12 34 54 17 1 19 30 34 51 3 43 39 12 56 23 10 43 14 19 28 20 34 49 42 0 1 28 33 38 30 50 46 56 39 51 52 31 3 58 36 34 44 47 36 6 11 24 38
29 20 18 12 35 55 18 1 19 31 35 52 2 44 39 13 57 24 11 44 15 20 28 20 34 49 43 1 0 29 34 39 31 51 47 57 40 52 53 31 3 59 37 35 44 47 37 7 12 25 38
2 11 11 26 12 27 16 28 27 3 12 28 30 16 25 18 29 8 18 16 19 9 19 22 31 32 15 28 29 0 6 17 2 22 19 29 11 28 25 31 29 31 13 7 23 33 10 22 18 7 27
8 15 16 32 16 27 18 33 33 3 16 30 35 10 30 22 28 14 23 11 22 14 25 28 37 36 15 33 34 6 0 21 4 18 19 26 8 31 24 37 34 30 8 2 27 37 12 27 23 13 33
15 26 22 29 5 20 31 38 26 19 5 14 39 28 9 32 23 16 29 25 34 23 12 21 20 15 14 38 39 17 21 0 18 25 14 25 18 14 20 23 37 24 29 23 6 16 10 32 31 15 12
4 13 13 28 13 26 17 30 29 1 13 28 32 14 27 20 28 10 20 14 21 11 21 24 33 33 14 30 31 2 4 18 0 20 18 27 9 28 24 33 31 30 11 5 24 34 9 24 20 9 29
22 32 33 47 21 15 36 50 47 20 21 24 52 12 34 39 15 29 40 8 40 31 34 42 45 37 11 50 51 22 18 25 20 0 13 10 11 25 12 46 51 17 19 18 28 39 17 44 40 27 37
18 30 29 40 12 8 35 46 38 19 12 12 48 21 23 37 10 24 36 17 38 28 25 33 34 24 4 46 47 19 19 14 18 13 0 11 11 12 6 37 47 12 24 20 16 27 10 40 37 22 26
28 39 39 51 23 8 44 56 49 27 23 18 58 22 34 46 6 34 46 18 47 38 36 44 45 32 14 56 57 29 26 25 27 10 11 0 18 19 6 48 57 8 29 27 26 35 20 50 47 32 37
11 21 22 36 13 19 26 39 36 9 13 23 41 10 27 28 20 18 29 7 29 20 26 31 37 33 7 39 40 11 8 18 9 11 11 18 0 23 16 38 40 22 13 9 24 34 8 33 29 16 30
27 38 34 42 17 11 43 51 39 29 17 1 53 33 17 44 14 29 41 29 46 35 25 34 29 13 16 51 52 28 31 14 28 25 12 19 23 0 13 32 51 14 36 32 9 16 19 45 43 27 20
24 36 35 46 18 3 41 52 44 25 18 12 54 23 28 43 4 30 42 19 44 34 31 39 40 26 10 52 53 25 24 20 24 12 6 6 16 13 0 43 53 6 29 25 20 29 16 46 43 28 31
29 32 27 19 25 42 37 30 12 34 25 33 30 47 15 34 45 24 28 45 37 29 12 13 3 23 35 31 31 31 37 23 33 46 37 48 38 32 43 0 28 46 44 38 23 20 30 28 33 25 12
29 20 18 9 35 55 19 2 16 31 35 51 2 44 37 14 57 23 11 44 17 20 26 17 31 46 43 3 3 29 34 37 31 51 47 57 40 51 53 28 0 59 38 35 42 44 37 7 13 25 35
30 42 41 52 24 4 47 58 50 31 24 13 60 29 31 49 2 36 48 25 50 40 36 45 43 27 16 58 59 31 30 24 30 17 12 8 22 14 6 46 59 0 35 31 23 30 22 52 49 34 34
15 18 21 37 24 32 19 37 40 10 24 36 39 8 38 24 33 21 27 11 23 19 32 35 44 44 20 36 37 13 8 29 11 19 24 29 13 36 29 44 38 35 0 6 35 45 20 31 25 20 40
9 15 17 33 18 28 18 34 34 4 18 32 36 9 32 22 29 15 24 10 22 15 26 29 38 38 16 34 35 7 2 23 5 18 20 27 9 32 25 38 35 31 6 0 29 39 14 28 23 14 34
21 32 28 33 11 19 37 43 30 25 11 10 44 34 8 38 22 22 35 30 40 29 16 25 20 9 17 44 44 23 27 6 24 28 16 26 24 9 20 23 42 23 35 29 0 11 16 38 37 21 11
31 40 36 35 21 27 45 46 30 35 21 17 46 44 9 45 30 30 40 41 48 37 19 27 17 3 28 47 47 33 37 16 34 39 27 35 34 16 29 20 44 30 45 39 11 0 26 42 44 29 9
8 20 19 32 5 18 25 36 31 10 5 19 38 18 19 27 20 14 26 15 28 18 18 26 29 25 6 36 37 10 12 10 9 17 10 20 8 19 16 30 37 22 20 14 16 26 0 30 27 12 22
22 13 11 9 28 48 13 6 16 24 28 45 8 37 34 8 50 17 4 37 11 13 23 15 30 44 36 6 7 22 27 32 24 44 40 50 33 45 46 28 7 52 31 28 38 42 30 0 7 18 33
19 8 9 16 26 45 6 12 22 20 26 43 14 32 36 1 47 15 5 33 4 9 25 20 35 45 33 11 12 18 23 31 20 40 37 47 29 43 43 33 13 49 25 23 37 44 27 7 0 16 35
5 11 7 20 10 30 16 24 20 10 10 27 26 23 20 17 32 2 14 22 19 8 13 15 25 29 18 24 25 7 13 15 9 27 22 32 16 27 28 25 25 34 20 14 21 29 12 18 16 0 22
25 32 27 26 17 30 37 37 21 30 17 21 37 40 3 36 33 22 31 37 39 29 10 18 9 11 26 38 38 27 33 12 29 37 26 37 30 20 31 12 35 34 40 34 11 9 22 33 35 22 0
0 600
427 487
261 321
249 309
220 280
198 258
299 359
39 99
328 388
6 66
468 528
230 290
212 272
42 102
223 283
174 234
353 413
192 252
283 343
412 472
82 142
77 137
478 538
356 416
421 481
292 352
38 98
124 184
473 533
52 112
283 343
450 510
301 361
215 275
181 241
344 404
442 502
163 223
507 567
468 528
378 438
93 153
460 520
367 427
466 526
227 287
534 594
391 451
210 270
343 403
286 346
0
74
47
70
47
51
34
55
57
71
18
79
31
66
57
64
85
15
24
69
67
40
52
23
48
45
57
35
33
65
25
35
61
58
74
59
52
48
69
46
65
43
31
44
42
78
27
56
32
28
50
