51
1627
0 26 31 21 36 17 16 41 28 24 6 38 7 2 3 18 38 17 16 30 29 33 2 19 39 18 36 13 20 15 21 29 28 22 37 38 37 40 21 27 16 4 29 31 9 10 34 14 14 34 40
26 0 41 17 19 23 10 34 26 7 32 44 33 27 26 23 26 23 37 33 21 19 27 42 21 8 31 20 25 20 25 33 13 46 30 44 30 45 32 43 37 29 23 38 32 23 44 33 18 42 30
31 41 0 24 34 18 33 28 18 34 29 8 28 33 34 18 30 18 17 12 24 31 29 22 37 34 22 23 16 44 16 10 32 27 24 8 24 10 10 8 17 34 22 5 24 40 3 17 24 4 28
21 17 24 0 15 8 12 21 10 10 26 27 26 23 23 7 17 8 24 16 8 12 21 31 18 12 17 9 8 26 8 16 8 36 17 27 17 28 16 27 24 25 8 21 23 26 27 20 7 25 19
36 19 34 15 0 23 23 16 16 15 41 34 41 38 38 22 8 23 39 23 10 3 36 46 3 21 16 24 22 37 21 24 9 51 14 34 14 34 30 41 39 40 12 29 38 38 35 35 22 33 12
17 23 18 8 23 0 15 24 11 17 21 23 20 19 19 1 22 0 16 13 14 20 16 23 26 16 19 5 3 26 4 12 16 28 20 23 20 24 9 20 16 21 12 16 16 24 21 12 6 20 24
16 10 33 12 23 15 0 33 22 8 22 38 23 17 16 16 27 15 27 28 20 20 17 32 26 2 29 10 18 14 19 27 14 36 29 38 29 39 23 34 27 19 20 31 22 15 36 23 9 35 31
41 34 28 21 16 24 33 0 13 27 45 22 44 43 43 23 8 24 39 16 13 15 40 46 17 32 6 29 21 47 20 18 21 51 4 22 4 22 28 35 39 45 13 23 40 47 28 35 28 25 4
28 26 18 10 16 11 22 13 0 19 32 18 31 30 30 10 13 11 26 7 6 13 27 33 19 22 8 16 8 36 7 8 14 38 9 18 9 19 15 25 26 32 4 13 27 35 19 22 16 17 13
24 7 34 10 15 17 8 27 19 0 30 37 31 25 24 17 19 17 32 26 14 12 25 39 18 6 24 15 18 22 18 26 6 43 23 37 23 38 26 37 32 27 16 31 29 23 37 28 13 35 23
6 32 29 26 41 21 22 45 32 30 0 37 1 6 7 22 43 21 12 32 34 38 6 13 44 24 40 18 24 19 25 30 33 16 41 37 41 39 20 24 12 5 33 30 5 14 32 12 19 33 45
38 44 8 27 34 23 38 22 18 37 37 0 36 40 41 22 26 23 25 11 24 31 36 30 36 38 18 28 20 49 19 11 32 35 20 0 20 2 17 16 25 41 22 7 32 47 7 25 29 4 24
7 33 28 26 41 20 23 44 31 31 1 36 0 7 8 21 42 20 11 31 34 38 6 12 44 25 39 17 23 20 24 29 33 15 40 36 40 38 19 23 11 6 32 29 4 15 31 11 19 32 44
2 27 33 23 38 19 17 43 30 25 6 40 7 0 1 20 40 19 17 32 31 35 4 19 41 19 38 15 22 13 23 31 30 22 39 40 39 42 23 29 17 2 31 33 10 8 36 16 16 36 42
3 26 34 23 38 19 16 43 30 24 7 41 8 1 0 20 40 19 18 32 31 35 5 20 41 18 38 14 22 12 23 31 29 23 39 41 39 43 24 30 18 3 30 34 11 7 37 17 16 37 42
18 23 18 7 22 1 16 23 10 17 22 22 21 20 20 0 21 1 17 12 13 19 17 24 25 16 18 6 2 27 3 11 15 29 19 22 19 23 9 20 17 22 11 15 17 25 21 13 7 19 23
38 26 30 17 8 22 27 8 13 19 43 26 42 40 40 21 0 22 38 18 9 7 38 45 10 25 8 26 20 41 20 20 13 50 6 26 6 26 28 37 38 42 10 25 38 42 31 34 24 28 4
17 23 18 8 23 0 15 24 11 17 21 23 20 19 19 1 22 0 16 13 14 20 16 23 26 16 19 5 3 26 4 12 16 28 20 23 20 24 9 20 16 21 12 16 16 24 21 12 6 20 24
16 37 17 24 39 16 27 39 26 32 12 25 11 17 18 17 38 16 0 23 30 36 14 7 42 29 33 17 18 30 19 21 32 12 35 25 35 27 11 12 0 17 28 20 7 25 20 4 19 21 39
30 33 12 16 23 13 28 16 7 26 32 11 31 32 32 12 18 13 23 0 13 20 29 30 26 28 10 18 10 39 9 2 21 35 12 11 12 12 12 19 23 34 11 7 27 37 13 20 19 11 16
29 21 24 8 10 14 20 13 6 14 34 24 34 31 31 13 9 14 30 13 0 7 29 37 13 19 10 17 12 34 12 14 8 42 9 24 9 25 20 31 30 33 2 19 30 34 25 26 15 23 11
33 19 31 12 3 20 20 15 13 12 38 31 38 35 35 19 7 20 36 20 7 0 33 43 6 18 14 21 19 34 18 21 6 48 12 31 12 32 27 38 36 37 9 26 35 35 32 32 19 30 11
2 27 29 21 36 16 17 40 27 25 6 36 6 4 5 17 38 16 14 29 29 33 0 17 39 19 35 12 19 17 20 28 28 20 36 36 36 38 19 25 14 5 28 29 7 12 32 12 14 32 40
19 42 22 31 46 23 32 46 33 39 13 30 12 19 20 24 45 23 7 30 37 43 17 0 49 34 40 24 25 32 26 28 39 5 42 30 42 32 18 15 7 18 35 26 10 27 25 11 26 26 46
39 21 37 18 3 26 26 17 19 18 44 36 44 41 41 25 10 26 42 26 13 6 39 49 0 24 18 27 25 40 24 27 12 54 16 36 16 36 33 44 42 43 15 32 41 41 38 38 25 36 13
18 8 34 12 21 16 2 32 22 6 24 38 25 19 18 16 25 16 29 28 19 18 19 34 24 0 28 12 18 16 19 27 12 38 28 38 28 39 25 36 29 21 19 31 24 17 37 25 10 35 29
36 31 22 17 16 19 29 6 8 24 40 18 39 38 38 18 8 19 33 10 10 14 35 40 18 28 0 24 16 43 15 12 18 45 2 18 2 18 22 29 33 40 9 17 35 43 23 30 24 20 6
13 20 23 9 24 5 10 29 16 15 18 28 17 15 14 6 26 5 17 18 17 21 12 24 27 12 24 0 8 21 9 17 16 28 25 28 25 29 13 24 17 17 16 21 14 19 26 13 2 25 28
20 25 16 8 22 3 18 21 8 18 24 20 23 22 22 2 20 3 18 10 12 19 19 25 25 18 16 8 0 29 1 9 16 30 17 20 17 21 8 19 18 24 10 13 19 27 19 14 9 17 21
15 20 44 26 37 26 14 47 36 22 19 49 20 13 12 27 41 26 30 39 34 34 17 32 40 16 43 21 29 0 30 38 28 35 43 49 43 50 34 42 30 15 34 42 23 5 47 29 20 46 45
21 25 16 8 21 4 19 20 7 18 25 19 24 23 23 3 20 4 19 9 12 18 20 26 24 19 15 9 1 30 0 8 16 31 16 19 16 20 9 20 19 25 10 13 20 28 19 15 10 17 20
29 33 10 16 24 12 27 18 8 26 30 11 29 31 31 11 20 12 21 2 14 21 28 28 27 27 12 17 9 38 8 0 22 33 14 11 14 12 10 17 21 33 12 5 25 36 11 18 18 9 18
28 13 32 8 9 16 14 21 14 6 33 32 33 30 29 15 13 16 32 21 8 6 28 39 12 12 18 16 16 28 16 22 0 44 17 32 17 33 24 35 32 32 10 27 30 29 33 28 14 31 17
22 46 27 36 51 28 36 51 38 43 16 35 15 22 23 29 50 28 12 35 42 48 20 5 54 38 45 28 30 35 31 33 44 0 47 35 47 37 23 19 12 21 40 31 14 30 29 16 30 31 51
37 30 24 17 14 20 29 4 9 23 41 20 40 39 39 19 6 20 35 12 9 12 36 42 16 28 2 25 17 43 16 14 17 47 0 20 0 20 24 31 35 41 9 19 36 43 25 31 24 22 4
38 44 8 27 34 23 38 22 18 37 37 0 36 40 41 22 26 23 25 11 24 31 36 30 36 38 18 28 20 49 19 11 32 35 20 0 20 2 17 16 25 41 22 7 32 47 7 25 29 4 24
37 30 24 17 14 20 29 4 9 23 41 20 40 39 39 19 6 20 35 12 9 12 36 42 16 28 2 25 17 43 16 14 17 47 0 20 0 20 24 31 35 41 9 19 36 43 25 31 24 22 4
40 45 10 28 34 24 39 22 19 38 39 2 38 42 43 23 26 24 27 12 25 32 38 32 36 39 18 29 21 50 20 12 33 37 20 2 20 0 19 18 27 43 23 9 34 48 8 27 30 6 24
21 32 10 16 30 9 23 28 15 26 20 17 19 23 24 9 28 9 11 12 20 27 19 18 33 25 22 13 8 34 9 10 24 23 24 17 24 19 0 11 11 24 18 10 15 30 13 8 15 13 28
27 43 8 27 41 20 34 35 25 37 24 16 23 29 30 20 37 20 12 19 31 38 25 15 44 36 29 24 19 42 20 17 35 19 31 16 31 18 11 0 12 29 29 13 19 37 10 13 26 12 35
16 37 17 24 39 16 27 39 26 32 12 25 11 17 18 17 38 16 0 23 30 36 14 7 42 29 33 17 18 30 19 21 32 12 35 25 35 27 11 12 0 17 28 20 7 25 20 4 19 21 39
4 29 34 25 40 21 19 45 32 27 5 41 6 2 3 22 42 21 17 34 33 37 5 18 43 21 40 17 24 15 25 33 32 21 41 41 41 43 24 29 17 0 33 34 10 10 37 17 18 37 44
29 23 22 8 12 12 20 13 4 16 33 22 32 31 30 11 10 12 28 11 2 9 28 35 15 19 9 16 10 34 10 12 10 40 9 22 9 23 18 29 28 33 0 17 28 34 23 24 15 21 12
31 38 5 21 29 16 31 23 13 31 30 7 29 33 34 15 25 16 20 7 19 26 29 26 32 31 17 21 13 42 13 5 27 31 19 7 19 9 10 13 20 34 17 0 25 40 6 18 22 4 23
9 32 24 23 38 16 22 40 27 29 5 32 4 10 11 17 38 16 7 27 30 35 7 10 41 24 35 14 19 23 20 25 30 14 36 32 36 34 15 19 7 10 28 25 0 18 27 7 16 28 40
10 23 40 26 38 24 15 47 35 23 14 47 15 8 7 25 42 24 25 37 34 35 12 27 41 17 43 19 27 5 28 36 29 30 43 47 43 48 30 37 25 10 34 40 18 0 43 24 19 43 45
34 44 3 27 35 21 36 28 19 37 32 7 31 36 37 21 31 21 20 13 25 32 32 25 38 37 23 26 19 47 19 11 33 29 25 7 25 8 13 10 20 37 23 6 27 43 0 20 27 3 29
14 33 17 20 35 12 23 35 22 28 12 25 11 16 17 13 34 12 4 20 26 32 12 11 38 25 30 13 14 29 15 18 28 16 31 25 31 27 8 13 4 17 24 18 7 24 20 0 15 21 35
14 18 24 7 22 6 9 28 16 13 19 29 19 16 16 7 24 6 19 19 15 19 14 26 25 10 24 2 9 20 10 18 14 30 24 29 24 30 15 26 19 18 15 22 16 19 27 15 0 26 26
34 42 4 25 33 20 35 25 17 35 33 4 32 36 37 19 28 20 21 11 23 30 32 26 36 35 20 25 17 46 17 9 31 31 22 4 22 6 13 12 21 37 21 4 28 43 3 21 26 0 26
40 30 28 19 12 24 31 4 13 23 45 24 44 42 42 23 4 24 39 16 11 11 40 46 13 29 6 28 21 45 20 18 17 51 4 24 4 24 28 35 39 44 12 23 40 45 29 35 26 26 0
0 764
12 241
1 230
202 431
492 721
255 484
466 695
357 586
182 411
180 409
233 462
329 558
376 605
440 669
489 718
356 585
192 421
485 714
244 473
162 391
490 719
4 233
214 443
45 274
364 593
257 486
208 437
59 288
100 329
267 496
91 320
335 564
371 600
483 712
184 413
305 534
462 691
174 403
495 724
6 235
458 687
515 744
309 538
72 301
313 542
497 726
34 263
225 454
369 598
299 528
156 385
0
63
56
49
48
26
28
57
45
64
58
54
41
40
31
55
59
49
13
64
56
35
39
50
37
42
32
62
66
49
23
78
56
79
39
51
64
44
41
43
80
67
64
22
70
43
43
53
62
55
58
