51
1627
0 44 38 38 27 16 28 31 24 27 27 28 41 27 19 37 34 37 15 22 24 8 27 35 37 8 34 27 34 15 21 35 25 25 6 22 27 26 34 20 16 15 27 29 30 18 22 16 36 4 3
44 0 9 14 37 33 40 13 21 45 17 27 11 23 28 14 23 16 32 45 32 40 22 11 11 51 10 26 30 55 40 9 38 24 50 46 28 37 15 24 45 35 41 38 39 51 46 42 8 47 44
38 9 0 18 36 29 39 8 14 36 13 18 17 14 21 5 14 7 25 36 31 36 21 12 2 45 5 17 31 51 31 10 29 23 44 43 19 28 16 19 38 31 32 29 39 47 37 35 10 41 37
38 14 18 0 26 23 29 12 22 49 12 31 3 27 29 23 30 24 32 48 22 32 12 6 20 43 14 30 16 45 43 8 42 14 42 36 32 41 4 19 46 25 45 42 27 41 49 43 8 39 40
27 37 36 26 0 12 3 28 30 51 23 41 29 37 33 40 44 41 32 47 5 19 15 27 37 28 31 40 12 27 44 29 45 13 28 11 41 45 23 22 42 12 48 48 3 19 48 41 29 26 30
16 33 29 23 12 0 14 21 20 39 16 31 26 27 21 32 34 33 20 35 8 9 11 23 30 20 24 30 18 22 32 24 33 9 19 14 30 33 19 12 31 2 36 36 15 18 36 29 25 16 19
28 40 39 29 3 14 0 31 33 53 26 44 32 40 35 43 47 44 34 49 8 20 18 30 40 28 34 43 14 26 46 32 47 16 29 10 44 47 26 25 44 14 50 50 3 18 50 43 32 26 31
31 13 8 12 28 21 31 0 10 37 5 19 13 15 17 12 19 13 21 36 23 28 13 6 9 38 3 18 24 43 31 5 30 15 37 35 20 29 10 11 34 23 33 30 31 39 37 31 6 34 32
24 21 14 22 30 20 33 10 0 28 10 11 23 7 7 13 14 13 11 26 25 23 17 16 13 32 11 10 29 38 21 15 21 18 30 34 12 20 18 8 24 22 24 21 33 36 27 21 16 28 23
27 45 36 49 51 39 53 37 28 0 38 18 50 22 21 32 25 31 19 5 47 35 42 43 34 33 36 19 54 40 7 42 7 42 31 49 17 8 46 32 11 39 5 8 54 45 6 11 43 31 24
27 17 13 12 23 16 26 5 10 38 0 21 14 17 17 17 22 18 20 36 18 23 8 8 14 34 8 20 20 38 31 8 31 10 33 30 22 30 8 7 34 18 34 31 26 34 37 31 9 30 28
28 27 18 31 41 31 44 19 11 18 21 0 32 4 10 14 7 13 13 18 36 30 28 25 16 36 18 1 40 43 14 24 11 29 34 44 1 10 29 19 21 31 14 11 44 43 19 18 25 32 26
41 11 17 3 29 26 32 13 23 50 14 32 0 28 30 22 30 24 34 49 25 35 15 7 19 46 14 31 19 48 44 8 43 17 45 39 33 42 7 21 47 28 46 43 30 44 50 44 7 42 42
27 23 14 27 37 27 40 15 7 22 17 4 28 0 9 11 7 10 12 22 32 29 24 21 12 35 14 3 36 42 17 20 15 25 33 41 5 14 25 15 24 28 18 15 40 42 23 21 21 31 25
19 28 21 29 33 21 35 17 7 21 17 10 30 9 0 19 16 19 4 19 28 20 21 23 20 27 18 9 33 34 14 22 14 21 25 34 9 14 25 11 17 21 17 16 36 33 20 14 23 23 17
37 14 5 23 40 32 43 12 13 32 17 14 22 11 19 0 9 2 23 32 35 36 25 17 3 45 9 13 36 51 28 15 25 27 43 46 15 24 21 20 35 34 28 25 43 49 33 32 15 41 36
34 23 14 30 44 34 47 19 14 25 22 7 30 7 16 9 0 7 19 25 39 36 30 24 12 42 16 7 42 49 21 22 18 32 40 48 8 17 28 22 28 35 20 17 47 49 26 25 23 38 32
37 16 7 24 41 33 44 13 13 31 18 13 24 10 19 2 7 0 22 31 36 36 26 18 5 45 10 12 37 51 27 16 24 28 43 47 14 23 22 21 34 35 26 23 44 49 32 31 17 41 35
15 32 25 32 32 20 34 21 11 19 20 13 34 12 4 23 19 22 0 16 28 18 23 27 24 23 22 12 35 30 12 26 13 23 21 32 12 13 28 13 14 21 16 16 35 31 17 11 27 19 13
22 45 36 48 47 35 49 36 26 5 36 18 49 22 19 32 25 31 16 0 43 30 39 42 34 28 36 19 51 35 5 41 7 39 26 44 17 8 44 29 6 35 8 11 50 40 1 6 42 26 19
24 32 31 22 5 8 8 23 25 47 18 36 25 32 28 35 39 36 28 43 0 16 10 22 32 27 26 35 10 27 40 24 41 8 26 14 36 41 18 17 39 9 44 44 8 21 44 37 24 23 27
8 40 36 32 19 9 20 28 23 35 23 30 35 29 20 36 36 36 18 30 16 0 20 31 36 11 31 29 26 15 28 31 31 18 10 14 29 31 28 17 24 7 34 34 22 13 30 24 32 7 11
27 22 21 12 15 11 18 13 17 42 8 28 15 24 21 25 30 26 23 39 10 20 0 12 22 31 16 27 12 33 35 14 35 2 30 24 29 35 8 10 37 13 38 37 18 29 40 34 14 27 28
35 11 12 6 27 23 30 6 16 43 8 25 7 21 23 17 24 18 27 42 22 31 12 0 14 42 8 24 19 45 37 2 36 14 41 36 26 35 4 15 40 25 39 36 28 41 43 37 3 38 36
37 11 2 20 37 30 40 9 13 34 14 16 19 12 20 3 12 5 24 34 32 36 22 14 0 45 6 15 33 51 29 12 27 24 43 44 17 26 18 19 36 32 30 27 40 48 35 33 12 41 36
8 51 45 43 28 20 28 38 32 33 34 36 46 35 27 45 42 45 23 28 27 11 31 42 45 0 41 35 37 7 28 42 32 29 2 19 35 33 39 27 22 18 34 36 31 13 28 23 43 4 10
34 10 5 14 31 24 34 3 11 36 8 18 14 14 18 9 16 10 22 36 26 31 16 8 6 41 0 17 27 46 31 6 29 18 40 38 19 28 12 14 35 26 32 29 34 42 37 32 7 37 34
27 26 17 30 40 30 43 18 10 19 20 1 31 3 9 13 7 12 12 19 35 29 27 24 15 35 17 0 39 42 15 23 12 28 33 43 2 11 28 18 22 30 15 12 43 42 20 19 24 31 25
34 30 31 16 12 18 14 24 29 54 20 40 19 36 33 36 42 37 35 51 10 26 12 19 33 37 27 39 0 37 47 21 47 12 36 23 41 47 15 22 48 19 50 49 11 31 52 46 22 33 37
15 55 51 45 27 22 26 43 38 40 38 43 48 42 34 51 49 51 30 35 27 15 33 45 51 7 46 42 37 0 35 46 39 31 9 16 42 40 41 32 29 20 41 43 29 8 35 30 47 11 17
21 40 31 43 44 32 46 31 21 7 31 14 44 17 14 28 21 27 12 5 40 28 35 37 29 28 31 15 47 35 0 36 4 35 26 42 13 5 39 25 8 32 6 8 47 39 6 6 37 25 18
35 9 10 8 29 24 32 5 15 42 8 24 8 20 22 15 22 16 26 41 24 31 14 2 12 42 6 23 21 46 36 0 35 16 41 38 25 34 6 15 39 26 38 35 30 42 42 36 1 38 36
25 38 29 42 45 33 47 30 21 7 31 11 43 15 14 25 18 24 13 7 41 31 35 36 27 32 29 12 47 39 4 35 0 35 30 45 10 1 39 25 12 34 3 4 48 43 8 10 36 29 22
25 24 23 14 13 9 16 15 18 42 10 29 17 25 21 27 32 28 23 39 8 18 2 14 24 29 18 28 12 31 35 16 35 0 28 22 29 35 10 10 36 11 38 37 16 27 40 34 16 25 27
6 50 44 42 28 19 29 37 30 31 33 34 45 33 25 43 40 43 21 26 26 10 30 41 43 2 40 33 36 9 26 41 30 28 0 21 33 31 38 26 20 17 32 34 31 15 26 21 42 3 8
22 46 43 36 11 14 10 35 34 49 30 44 39 41 34 46 48 47 32 44 14 14 24 36 44 19 38 43 23 16 42 38 45 22 21 0 43 45 32 26 38 13 48 48 13 8 44 38 38 19 25
27 28 19 32 41 30 44 20 12 17 22 1 33 5 9 15 8 14 12 17 36 29 29 26 17 35 19 2 41 42 13 25 10 29 33 43 0 9 30 19 20 30 13 10 44 42 18 17 26 31 25
26 37 28 41 45 33 47 29 20 8 30 10 42 14 14 24 17 23 13 8 41 31 35 35 26 33 28 11 47 40 5 34 1 35 31 45 9 0 38 25 13 34 4 3 48 44 9 11 35 30 23
34 15 16 4 23 19 26 10 18 46 8 29 7 25 25 21 28 22 28 44 18 28 8 4 18 39 12 28 15 41 39 6 39 10 38 32 30 38 0 15 42 21 42 39 24 37 45 39 7 35 36
20 24 19 19 22 12 25 11 8 32 7 19 21 15 11 20 22 21 13 29 17 17 10 15 19 27 14 18 22 32 25 15 25 10 26 26 19 25 15 0 27 14 28 27 25 30 30 24 16 23 21
16 45 38 46 42 31 44 34 24 11 34 21 47 24 17 35 28 34 14 6 39 24 37 40 36 22 35 22 48 29 8 39 12 36 20 38 20 13 42 27 0 30 14 16 45 34 6 3 40 20 13
15 35 31 25 12 2 14 23 22 39 18 31 28 28 21 34 35 35 21 35 9 7 13 25 32 18 26 30 19 20 32 26 34 11 17 13 30 34 21 14 30 0 37 37 15 16 36 29 27 14 18
27 41 32 45 48 36 50 33 24 5 34 14 46 18 17 28 20 26 16 8 44 34 38 39 30 34 32 15 50 41 6 38 3 38 32 48 13 4 42 28 14 37 0 3 51 45 9 12 39 31 24
29 38 29 42 48 36 50 30 21 8 31 11 43 15 16 25 17 23 16 11 44 34 37 36 27 36 29 12 49 43 8 35 4 37 34 48 10 3 39 27 16 37 3 0 51 47 12 14 36 33 26
30 39 39 27 3 15 3 31 33 54 26 44 30 40 36 43 47 44 35 50 8 22 18 28 40 31 34 43 11 29 47 30 48 16 31 13 44 48 24 25 45 15 51 51 0 21 51 44 31 29 33
18 51 47 41 19 18 18 39 36 45 34 43 44 42 33 49 49 49 31 40 21 13 29 41 48 13 42 42 31 8 39 42 43 27 15 8 42 44 37 30 34 16 45 47 21 0 40 34 43 14 21
22 46 37 49 48 36 50 37 27 6 37 19 50 23 20 33 26 32 17 1 44 30 40 43 35 28 37 20 52 35 6 42 8 40 26 44 18 9 45 30 6 36 9 12 51 40 0 7 43 26 19
16 42 35 43 41 29 43 31 21 11 31 18 44 21 14 32 25 31 11 6 37 24 34 37 33 23 32 19 46 30 6 36 10 34 21 38 17 11 39 24 3 29 12 14 44 34 7 0 37 20 13
36 8 10 8 29 25 32 6 16 43 9 25 7 21 23 15 23 17 27 42 24 32 14 3 12 43 7 24 22 47 37 1 36 16 42 38 26 35 7 16 40 27 39 36 31 43 43 37 0 39 37
4 47 41 39 26 16 26 34 28 31 30 32 42 31 23 41 38 41 19 26 23 7 27 38 41 4 37 31 33 11 25 38 29 25 3 19 31 30 35 23 20 14 31 33 29 14 26 20 39 0 7
3 44 37 40 30 19 31 32 23 24 28 26 42 25 17 36 32 35 13 19 27 11 28 36 36 10 34 25 37 17 18 36 22 27 8 25 25 23 36 21 13 18 24 26 33 21 19 13 37 7 0
0 491
14 210
91 287
54 250
191 387
32 228
229 425
14 210
119 315
147 343
111 307
178 374
191 387
130 326
17 213
203 399
104 300
292 488
166 362
87 283
162 358
230 426
3 199
293 489
119 315
127 323
282 478
32 228
262 458
136 332
185 381
268 464
239 435
165 361
194 390
189 385
37 233
135 331
289 485
164 360
255 451
51 247
26 222
1 197
161 357
272 468
75 271
222 418
67 263
104 300
54 250
0
90
28
71
34
46
49
45
76
35
39
64
16
46
59
63
64
46
73
19
53
14
63
41
43
35
44
40
72
59
74
16
67
19
30
39
50
83
41
66
28
37
39
71
77
51
60
76
46
68
38
