51
1624
0 19 43 10 19 25 15 30 16 7 20 27 23 37 18 30 34 18 9 20 6 36 20 35 22 5 14 13 5 7 27 11 16 14 38 26 25 22 14 27 25 42 39 37 33 11 36 36 14 34 32
19 0 46 26 24 33 14 22 30 24 38 39 37 26 32 44 42 21 16 25 20 37 6 43 30 16 32 13 21 23 35 17 17 5 46 40 14 3 6 32 12 48 39 38 34 26 19 40 28 49 44
43 46 0 53 24 20 34 26 31 40 41 21 26 32 29 30 12 27 34 23 49 9 40 13 22 45 41 35 38 37 18 32 31 43 10 31 33 45 48 16 36 5 10 8 12 35 43 7 33 35 19
10 26 53 0 29 34 25 40 24 14 23 35 31 47 26 35 43 28 19 30 6 46 28 44 31 10 17 23 15 16 36 21 26 21 47 31 35 29 20 37 33 51 49 47 43 19 44 46 22 38 40
19 24 24 29 0 9 10 17 13 17 26 16 17 24 13 25 18 3 10 1 25 18 18 19 6 21 22 11 15 14 11 8 7 19 22 22 15 23 24 8 17 24 21 19 15 14 29 17 13 31 20
25 33 20 34 9 0 19 24 11 20 23 7 9 31 9 17 9 12 18 8 31 16 27 10 3 29 21 20 20 18 2 16 16 28 13 15 24 32 33 6 26 17 20 17 15 15 38 13 13 23 11
15 14 34 25 10 19 0 16 19 16 29 26 25 22 21 33 28 7 6 11 19 25 9 29 16 15 24 2 13 14 21 5 3 9 32 29 10 14 14 18 10 34 28 26 22 16 23 27 17 38 30
30 22 26 40 17 24 16 0 30 31 42 31 33 7 30 41 28 14 21 17 35 17 16 29 22 31 38 18 28 28 25 19 14 23 30 38 8 21 27 19 11 29 17 18 14 30 17 21 29 47 35
16 30 31 24 13 11 19 30 0 10 13 11 7 37 2 14 19 16 14 13 22 27 27 20 10 21 11 18 11 9 13 14 18 25 23 10 28 32 29 16 29 27 31 28 25 5 42 24 2 19 16
7 24 40 14 17 20 16 31 10 0 14 21 17 38 12 23 29 18 10 17 12 34 23 30 18 12 8 14 3 3 22 12 17 19 33 19 26 27 21 24 26 37 37 35 31 5 39 33 8 27 26
20 38 41 23 26 23 29 42 13 14 0 20 15 49 14 14 29 28 24 25 24 39 37 29 23 25 6 28 17 16 25 24 29 33 32 10 39 41 34 29 39 37 43 40 38 13 52 36 13 15 23
27 39 21 35 16 7 26 31 11 21 20 0 5 38 9 10 9 19 24 15 33 21 34 9 10 32 21 26 22 20 6 22 23 34 12 10 31 39 39 12 33 17 25 22 20 16 45 17 13 16 5
23 37 26 31 17 9 25 33 7 17 15 5 0 40 5 8 14 20 21 16 29 25 34 14 11 28 16 25 18 16 10 21 23 32 17 6 32 39 36 15 34 22 29 26 24 12 46 21 9 14 9
37 26 32 47 24 31 22 7 37 38 49 38 40 0 37 48 35 21 28 24 41 23 20 36 29 37 45 24 35 35 32 26 21 27 36 45 12 24 31 26 14 35 22 24 20 37 13 27 36 54 42
18 32 29 26 13 9 21 30 2 12 14 9 5 37 0 12 17 16 16 13 24 25 29 18 9 23 12 20 13 11 11 16 19 27 21 9 28 34 31 15 30 25 29 26 24 7 42 22 4 18 14
30 44 30 35 25 17 33 41 14 23 14 10 8 48 12 0 19 28 28 24 35 31 41 18 19 35 18 32 25 23 16 28 31 39 20 4 40 46 43 22 42 25 35 32 30 19 54 27 16 6 11
34 42 12 43 18 9 28 28 19 29 29 9 14 35 17 19 0 21 27 17 40 13 36 1 12 38 29 29 29 27 7 25 25 37 4 19 32 41 42 10 34 8 16 13 15 24 45 8 21 24 8
18 21 27 28 3 12 7 14 16 18 28 19 20 21 16 28 21 0 9 4 24 18 15 22 9 20 24 8 15 15 14 7 4 16 25 25 12 20 21 11 14 27 21 19 15 16 26 20 15 34 23
9 16 34 19 10 18 6 21 14 10 24 24 21 28 16 28 27 9 0 11 15 27 13 28 15 11 18 4 7 8 20 2 7 11 31 24 16 18 15 18 16 34 30 28 24 11 29 27 12 33 29
20 25 23 30 1 8 11 17 13 17 25 15 16 24 13 24 17 4 11 0 26 17 19 18 5 22 22 12 15 14 10 9 8 20 21 21 16 24 25 7 18 23 20 18 14 14 30 16 12 30 19
6 20 49 6 25 31 19 35 22 12 24 33 29 41 24 35 40 24 15 26 0 42 22 41 28 4 18 17 11 13 33 17 22 15 44 31 29 23 14 33 27 48 45 43 39 17 38 42 20 39 38
36 37 9 46 18 16 25 17 27 34 39 21 25 23 25 31 13 18 27 17 42 0 31 14 17 38 37 26 32 31 15 25 22 34 14 31 24 36 39 11 27 13 4 1 3 30 34 5 28 37 21
20 6 40 28 18 27 9 16 27 23 37 34 34 20 29 41 36 15 13 19 22 31 0 37 24 18 31 9 20 21 29 13 11 7 40 37 8 5 11 26 6 42 33 32 28 24 16 34 25 46 38
35 43 13 44 19 10 29 29 20 30 29 9 14 36 18 18 1 22 28 18 41 14 37 0 13 39 30 30 30 28 8 26 26 38 3 19 33 42 43 11 35 8 17 14 16 25 46 9 22 23 7
22 30 22 31 6 3 16 22 10 18 23 10 11 29 9 19 12 9 15 5 28 17 24 13 0 26 21 17 17 15 5 13 13 25 16 17 21 29 30 6 23 20 21 18 15 13 35 15 11 25 14
5 16 45 10 21 29 15 31 21 12 25 32 28 37 23 35 38 20 11 22 4 38 18 39 26 0 19 13 10 12 31 13 18 11 42 31 25 19 10 29 23 45 41 39 35 16 34 38 19 39 37
14 32 41 17 22 21 24 38 11 8 6 21 16 45 12 18 29 24 18 22 18 37 31 30 21 19 0 22 11 10 23 19 24 27 33 14 34 35 28 27 34 37 41 38 36 8 47 34 10 21 25
13 13 35 23 11 20 2 18 18 14 28 26 25 24 20 32 29 8 4 12 17 26 9 30 17 13 22 0 11 12 22 4 5 8 33 28 12 14 13 19 12 35 29 27 23 15 25 28 16 37 31
5 21 38 15 15 20 13 28 11 3 17 22 18 35 13 25 29 15 7 15 11 32 20 30 17 10 11 11 0 2 22 9 14 16 33 21 23 24 18 22 23 37 35 33 29 6 36 31 9 30 27
7 23 37 16 14 18 14 28 9 3 16 20 16 35 11 23 27 15 8 14 13 31 21 28 15 12 10 12 2 0 20 9 14 18 31 19 24 26 20 21 24 35 34 32 28 4 37 30 7 28 25
27 35 18 36 11 2 21 25 13 22 25 6 10 32 11 16 7 14 20 10 33 15 29 8 5 31 23 22 22 20 0 18 18 30 11 16 26 34 35 6 28 15 19 16 14 17 40 11 15 22 10
11 17 32 21 8 16 5 19 14 12 24 22 21 26 16 28 25 7 2 9 17 25 13 26 13 13 19 4 9 9 18 0 5 12 29 24 15 18 17 16 15 32 28 26 22 11 28 25 12 33 27
16 17 31 26 7 16 3 14 18 17 29 23 23 21 19 31 25 4 7 8 22 22 11 26 13 18 24 5 14 14 18 5 0 12 29 28 10 16 17 15 11 31 25 23 19 16 24 24 17 37 27
14 5 43 21 19 28 9 23 25 19 33 34 32 27 27 39 37 16 11 20 15 34 7 38 25 11 27 8 16 18 30 12 12 0 41 35 15 8 5 27 13 43 37 35 31 21 23 36 23 44 39
38 46 10 47 22 13 32 30 23 33 32 12 17 36 21 20 4 25 31 21 44 14 40 3 16 42 33 33 33 31 11 29 29 41 0 22 35 45 46 14 38 5 17 14 16 28 47 9 25 25 9
26 40 31 31 22 15 29 38 10 19 10 10 6 45 9 4 19 25 24 21 31 31 37 19 17 31 14 28 21 19 16 24 28 35 22 0 37 42 39 21 39 27 35 32 30 15 51 27 12 9 13
25 14 33 35 15 24 10 8 28 26 39 31 32 12 28 40 32 12 16 16 29 24 8 33 21 25 34 12 23 24 26 15 10 15 35 37 0 13 19 22 3 36 25 25 21 26 14 28 27 46 35
22 3 45 29 23 32 14 21 32 27 41 39 39 24 34 46 41 20 18 24 23 36 5 42 29 19 35 14 24 26 34 18 16 8 45 42 13 0 9 31 10 47 38 37 33 29 16 39 30 51 43
14 6 48 20 24 33 14 27 29 21 34 39 36 31 31 43 42 21 15 25 14 39 11 43 30 10 28 13 18 20 35 17 17 5 46 39 19 9 0 32 17 48 42 40 36 24 25 41 27 48 44
27 32 16 37 8 6 18 19 16 24 29 12 15 26 15 22 10 11 18 7 33 11 26 11 6 29 27 19 22 21 6 16 15 27 14 21 22 31 32 0 24 16 15 12 9 19 35 9 17 28 16
25 12 36 33 17 26 10 11 29 26 39 33 34 14 30 42 34 14 16 18 27 27 6 35 23 23 34 12 23 24 28 15 11 13 38 39 3 10 17 24 0 39 28 28 24 26 13 31 27 48 37
42 48 5 51 24 17 34 29 27 37 37 17 22 35 25 25 8 27 34 23 48 13 42 8 20 45 37 35 37 35 15 32 31 43 5 27 36 47 48 16 39 0 15 12 15 32 46 8 29 30 14
39 39 10 49 21 20 28 17 31 37 43 25 29 22 29 35 16 21 30 20 45 4 33 17 21 41 41 29 35 34 19 28 25 37 17 35 25 38 42 15 28 15 0 3 6 34 34 8 32 40 24
37 38 8 47 19 17 26 18 28 35 40 22 26 24 26 32 13 19 28 18 43 1 32 14 18 39 38 27 33 32 16 26 23 35 14 32 25 37 40 12 28 12 3 0 4 31 35 5 29 37 21
33 34 12 43 15 15 22 14 25 31 38 20 24 20 24 30 15 15 24 14 39 3 28 16 15 35 36 23 29 28 14 22 19 31 16 30 21 33 36 9 24 15 6 4 0 28 31 7 26 36 23
11 26 35 19 14 15 16 30 5 5 13 16 12 37 7 19 24 16 11 14 17 30 24 25 13 16 8 15 6 4 17 11 16 21 28 15 26 29 24 19 26 32 34 31 28 0 39 28 3 24 21
36 19 43 44 29 38 23 17 42 39 52 45 46 13 42 54 45 26 29 30 38 34 16 46 35 34 47 25 36 37 40 28 24 23 47 51 14 16 25 35 13 46 34 35 31 39 0 38 40 60 49
36 40 7 46 17 13 27 21 24 33 36 17 21 27 22 27 8 20 27 16 42 5 34 9 15 38 34 28 31 30 11 25 24 36 9 27 28 39 41 9 31 8 8 5 7 28 38 0 26 32 16
14 28 33 22 13 13 17 29 2 8 13 13 9 36 4 16 21 15 12 12 20 28 25 22 11 19 10 16 9 7 15 12 17 23 25 12 27 30 27 17 27 29 32 29 26 3 40 26 0 21 18
34 49 35 38 31 23 38 47 19 27 15 16 14 54 18 6 24 34 33 30 39 37 46 23 25 39 21 37 30 28 22 33 37 44 25 9 46 51 48 28 48 30 40 37 36 24 60 32 21 0 16
32 44 19 40 20 11 30 35 16 26 23 5 9 42 14 11 8 23 29 19 38 21 38 7 14 37 25 31 27 25 10 27 27 39 9 13 35 43 44 16 37 14 24 21 23 21 49 16 18 16 0
0 300
178 298
79 199
142 262
89 209
149 269
43 163
47 167
75 195
175 295
67 187
79 199
75 195
21 141
121 241
66 186
90 210
30 150
73 193
4 124
176 296
3 123
96 216
39 159
24 144
148 268
124 244
114 234
121 241
152 272
63 183
25 145
47 167
155 275
50 170
66 186
105 225
121 241
68 188
111 231
15 135
130 250
152 272
140 260
37 157
132 252
157 277
87 207
35 155
18 138
84 204
0
52
24
28
38
18
41
58
27
73
45
86
80
68
12
30
68
15
56
60
55
47
65
75
65
47
40
37
72
64
71
83
37
74
36
64
75
54
41
34
25
54
29
40
48
67
22
81
51
39
27
