51
1626
0 39 43 18 11 36 3 40 42 3 26 27 14 12 28 21 40 20 22 41 33 33 44 34 22 38 6 5 21 7 3 22 15 39 43 30 14 18 2 22 35 32 46 30 28 43 41 33 40 33 21
39 0 8 21 47 10 36 14 27 36 17 20 26 36 14 26 1 22 32 13 6 34 23 19 37 1 35 42 21 36 40 44 31 16 22 26 39 44 40 40 36 20 32 15 11 29 8 32 12 6 18
43 8 0 25 52 8 40 9 35 40 23 20 30 42 20 32 9 28 39 8 10 42 31 16 37 8 39 47 27 41 44 51 34 24 30 34 42 50 44 47 44 28 40 23 15 37 2 40 20 10 22
18 21 25 0 27 18 15 22 32 15 12 12 5 18 11 13 22 8 20 23 15 29 32 18 20 20 14 22 9 16 19 30 12 25 31 22 19 27 19 27 31 20 37 16 10 34 23 28 25 15 3
11 47 52 27 0 45 14 49 40 14 31 38 25 11 33 23 47 25 20 50 42 29 44 45 33 46 17 6 26 11 14 13 26 41 43 28 25 9 13 15 31 34 43 34 37 41 50 30 44 42 30
36 10 8 18 45 0 33 6 35 33 18 12 23 36 15 27 11 23 34 5 5 39 32 9 29 9 32 40 22 34 37 46 26 24 31 31 34 45 37 42 40 25 40 19 8 37 6 37 21 5 15
3 36 40 15 14 33 0 37 40 0 23 24 11 11 25 19 37 17 21 38 30 32 42 31 20 35 3 8 18 6 4 23 12 36 41 28 13 19 4 22 34 30 44 27 25 41 38 32 37 30 18
40 14 9 22 49 6 37 0 41 37 24 13 26 40 21 32 15 28 39 1 11 45 37 7 30 14 35 44 27 38 40 51 27 30 36 37 35 49 41 47 46 31 46 25 13 43 7 43 26 11 19
42 27 35 32 40 35 40 41 0 40 20 40 37 31 22 21 26 25 20 40 30 13 5 43 52 28 41 40 24 35 44 30 44 11 5 12 51 32 44 26 11 12 5 17 31 2 35 11 15 30 32
3 36 40 15 14 33 0 37 40 0 23 24 11 11 25 19 37 17 21 38 30 32 42 31 20 35 3 8 18 6 4 23 12 36 41 28 13 19 4 22 34 30 44 27 25 41 38 32 37 30 18
26 17 23 12 31 18 23 24 20 23 0 20 17 20 3 9 16 6 16 23 13 21 20 24 32 16 24 26 5 20 27 28 24 13 19 13 31 28 27 24 23 8 25 4 12 22 21 19 14 13 12
27 20 20 12 38 12 24 13 40 24 20 0 13 30 18 24 21 19 31 14 14 40 39 7 17 19 22 32 19 27 27 42 14 32 38 32 22 39 28 39 42 28 45 23 10 42 18 38 30 14 9
14 26 30 5 25 23 11 26 37 11 17 13 0 17 16 17 27 12 22 27 20 33 37 20 15 25 10 19 13 14 15 29 7 30 36 26 14 26 15 28 35 25 42 21 15 39 28 32 30 20 8
12 36 42 18 11 36 11 40 31 11 20 30 17 0 22 12 36 14 11 41 32 22 35 36 30 35 14 9 15 5 15 12 22 30 34 19 24 9 14 11 24 23 35 23 28 32 40 22 33 32 21
28 14 20 11 33 15 25 21 22 25 3 18 16 22 0 12 14 8 19 20 10 24 21 21 31 13 25 28 7 22 29 31 23 14 20 16 30 30 29 27 26 11 27 5 9 24 18 22 14 10 10
21 26 32 13 23 27 19 32 21 19 9 24 17 12 12 0 25 5 7 32 22 16 23 30 32 25 20 21 5 15 23 19 24 18 22 9 30 19 23 15 18 11 25 11 19 22 30 15 21 22 15
40 1 9 22 47 11 37 15 26 37 16 21 27 36 14 25 0 22 31 14 7 33 22 20 38 2 36 42 21 36 41 43 32 15 21 25 40 44 41 39 35 19 31 14 12 28 9 31 11 7 19
20 22 28 8 25 23 17 28 25 17 6 19 12 14 8 5 22 0 12 28 18 21 26 25 27 21 18 20 1 14 21 23 19 19 25 14 26 22 21 20 23 13 30 10 15 27 26 20 20 18 10
22 32 39 20 20 34 21 39 20 21 16 31 22 11 19 7 31 12 0 39 29 11 24 37 37 32 23 20 12 15 25 12 29 21 23 8 33 13 24 8 13 14 24 17 26 21 37 11 25 29 22
41 13 8 23 50 5 38 1 40 38 23 14 27 41 20 32 14 28 39 0 10 44 36 8 31 13 36 45 27 39 41 51 28 29 35 36 36 50 42 47 45 30 45 24 13 42 6 42 25 10 20
33 6 10 15 42 5 30 11 30 30 13 14 20 32 10 22 7 18 29 10 0 34 27 13 31 5 29 37 17 31 34 41 25 19 26 26 33 40 34 37 35 20 35 14 5 32 8 32 16 0 12
33 34 42 29 29 39 32 45 13 32 21 40 33 22 24 16 33 21 11 44 34 0 18 45 48 34 34 31 21 26 36 18 40 19 18 8 44 20 35 14 2 14 14 20 33 12 41 2 23 34 31
44 23 31 32 44 32 42 37 5 42 20 39 37 35 21 23 22 26 24 36 27 18 0 40 52 24 43 44 25 38 46 35 44 8 1 16 51 37 46 31 16 13 9 16 30 7 31 16 11 27 31
34 19 16 18 45 9 31 7 43 31 24 7 20 36 21 30 20 25 37 8 13 45 40 0 23 18 29 39 25 34 34 48 21 32 39 37 29 45 35 45 47 32 48 26 12 45 14 43 29 13 15
22 37 37 20 33 29 20 30 52 20 32 17 15 30 31 32 38 27 37 31 31 48 52 23 0 36 17 27 28 25 19 42 8 45 51 41 8 39 20 41 50 40 57 36 26 54 35 47 45 31 21
38 1 8 20 46 9 35 14 28 35 16 19 25 35 13 25 2 21 32 13 5 34 24 18 36 0 34 41 20 35 39 44 30 17 23 26 38 43 39 40 36 20 33 15 10 30 7 32 13 5 17
6 35 39 14 17 32 3 35 41 3 24 22 10 14 25 20 36 18 23 36 29 34 43 29 17 34 0 11 19 9 5 26 9 37 42 29 10 22 6 25 36 31 45 28 24 42 37 34 38 29 17
5 42 47 22 6 40 8 44 40 8 26 32 19 9 28 21 42 20 20 45 37 31 44 39 27 41 11 0 21 6 8 17 20 39 43 28 19 13 7 18 33 32 44 30 32 41 45 31 40 37 25
21 21 27 9 26 22 18 27 24 18 5 19 13 15 7 5 21 1 12 27 17 21 25 25 28 20 19 21 0 15 22 24 20 18 24 13 27 23 22 20 23 12 29 9 14 26 25 19 19 17 10
7 36 41 16 11 34 6 38 35 6 20 27 14 5 22 15 36 14 15 39 31 26 38 34 25 35 9 6 15 0 10 17 17 33 37 23 19 14 9 16 28 26 39 24 26 36 39 26 34 31 19
3 40 44 19 14 37 4 40 44 4 27 27 15 15 29 23 41 21 25 41 34 36 46 34 19 39 5 8 22 10 0 25 13 40 45 32 11 21 1 25 38 34 48 31 29 45 42 36 41 34 22
22 44 51 30 13 46 23 51 30 23 28 42 29 12 31 19 43 23 12 51 41 18 35 48 42 44 26 17 24 17 25 0 34 33 35 20 36 4 24 4 20 26 32 29 38 30 49 19 37 41 33
15 31 34 12 26 26 12 27 44 12 24 14 7 22 23 24 32 19 29 28 25 40 44 21 8 30 9 20 20 17 13 34 0 37 43 33 8 31 14 33 42 32 49 28 20 46 32 39 37 25 14
39 16 24 25 41 24 36 30 11 36 13 32 30 30 14 18 15 19 21 29 19 19 8 32 45 17 37 39 18 33 40 33 37 0 7 13 44 34 40 29 20 8 16 9 22 13 24 17 4 19 24
43 22 30 31 43 31 41 36 5 41 19 38 36 34 20 22 21 25 23 35 26 18 1 39 51 23 42 43 24 37 45 35 43 7 0 15 50 36 45 31 16 12 10 15 29 7 30 16 10 26 30
30 26 34 22 28 31 28 37 12 28 13 32 26 19 16 9 25 14 8 36 26 8 16 37 41 26 29 28 13 23 32 20 33 13 15 0 39 21 32 16 10 6 16 12 25 13 33 6 17 26 23
14 39 42 19 25 34 13 35 51 13 31 22 14 24 30 30 40 26 33 36 33 44 51 29 8 38 10 19 27 19 11 36 8 44 50 39 0 32 12 35 46 39 55 35 28 52 40 44 44 33 22
18 44 50 27 9 45 19 49 32 19 28 39 26 9 30 19 44 22 13 50 40 20 37 45 39 43 22 13 23 14 21 4 31 34 36 21 32 0 20 6 22 27 34 30 37 32 48 21 38 40 30
2 40 44 19 13 37 4 41 44 4 27 28 15 14 29 23 41 21 24 42 34 35 46 35 20 39 6 7 22 9 1 24 14 40 45 32 12 20 0 24 37 34 48 31 29 45 42 35 41 34 22
22 40 47 27 15 42 22 47 26 22 24 39 28 11 27 15 39 20 8 47 37 14 31 45 41 40 25 18 20 16 25 4 33 29 31 16 35 6 24 0 16 22 28 25 34 26 45 15 33 37 30
35 36 44 31 31 40 34 46 11 34 23 42 35 24 26 18 35 23 13 45 35 2 16 47 50 36 36 33 23 28 38 20 42 20 16 10 46 22 37 16 0 16 12 21 35 10 43 4 24 35 33
32 20 28 20 34 25 30 31 12 30 8 28 25 23 11 11 19 13 14 30 20 14 13 32 40 20 31 32 12 26 34 26 32 8 12 6 39 27 34 22 16 0 17 6 20 14 27 12 11 20 20
46 32 40 37 43 40 44 46 5 44 25 45 42 35 27 25 31 30 24 45 35 14 9 48 57 33 45 44 29 39 48 32 49 16 10 16 55 34 48 28 12 17 0 22 36 3 40 14 20 35 37
30 15 23 16 34 19 27 25 17 27 4 23 21 23 5 11 14 10 17 24 14 20 16 26 36 15 28 30 9 24 31 29 28 9 15 12 35 30 31 25 21 6 22 0 14 19 22 18 10 14 15
28 11 15 10 37 8 25 13 31 25 12 10 15 28 9 19 12 15 26 13 5 33 30 12 26 10 24 32 14 26 29 38 20 22 29 25 28 37 29 34 35 20 36 14 0 33 13 31 20 5 7
43 29 37 34 41 37 41 43 2 41 22 42 39 32 24 22 28 27 21 42 32 12 7 45 54 30 42 41 26 36 45 30 46 13 7 13 52 32 45 26 10 14 3 19 33 0 37 11 17 32 34
41 8 2 23 50 6 38 7 35 38 21 18 28 40 18 30 9 26 37 6 8 41 31 14 35 7 37 45 25 39 42 49 32 24 30 33 40 48 42 45 43 27 40 22 13 37 0 39 20 8 20
33 32 40 28 30 37 32 43 11 32 19 38 32 22 22 15 31 20 11 42 32 2 16 43 47 32 34 31 19 26 36 19 39 17 16 6 44 21 35 15 4 12 14 18 31 11 39 0 21 32 29
40 12 20 25 44 21 37 26 15 37 14 30 30 33 14 21 11 20 25 25 16 23 11 29 45 13 38 40 19 34 41 37 37 4 10 17 44 38 41 33 24 11 20 10 20 17 20 21 0 16 24
33 6 10 15 42 5 30 11 30 30 13 14 20 32 10 22 7 18 29 10 0 34 27 13 31 5 29 37 17 31 34 41 25 19 26 26 33 40 34 37 35 20 35 14 5 32 8 32 16 0 12
21 18 22 3 30 15 18 19 32 18 12 9 8 21 10 15 19 10 22 20 12 31 31 15 21 17 17 25 10 19 22 33 14 24 30 23 22 30 22 30 33 20 37 15 7 34 20 29 24 12 0
0 573
277 391
324 438
433 547
305 419
353 467
142 256
250 364
306 420
321 435
348 462
238 352
94 208
221 335
117 231
272 386
318 432
92 206
3 117
426 540
458 572
135 249
387 501
336 450
57 171
51 165
138 252
29 143
68 182
282 396
349 463
24 138
65 179
332 446
118 232
242 356
391 505
335 449
347 461
426 540
64 178
396 510
134 248
344 458
114 228
350 464
305 419
91 205
170 284
445 559
257 371
0
45
12
77
49
37
52
39
29
48
22
47
43
21
71
52
60
43
72
49
31
78
23
58
35
18
69
44
36
50
20
51
86
48
52
41
37
79
35
48
49
61
43
68
40
81
84
52
75
71
70
