51
1624
0 20 15 18 26 37 21 35 25 4 22 40 20 17 12 21 17 20 23 26 17 11 21 19 43 16 7 3 12 27 8 25 33 11 12 19 26 17 28 17 31 15 7 6 16 19 3 24 20 17 9
20 0 24 22 18 48 41 36 17 16 19 36 40 37 11 41 4 36 42 42 10 13 7 1 36 36 18 23 24 43 12 10 24 12 9 1 26 37 39 37 30 9 24 16 36 32 23 5 11 3 22
15 24 0 6 19 24 26 20 18 14 13 28 25 22 13 26 20 15 21 21 26 22 29 23 32 20 21 14 4 20 16 23 25 21 15 23 14 25 15 23 19 24 21 10 24 9 15 29 17 22 6
18 22 6 0 13 27 32 17 12 16 7 22 31 28 11 32 18 21 27 26 25 23 28 21 26 26 23 19 10 25 17 18 19 22 14 21 8 31 18 29 13 23 25 12 30 14 20 27 12 21 11
26 18 19 13 0 38 44 21 1 23 6 18 43 40 15 44 14 34 40 39 25 26 25 17 18 38 28 29 23 38 20 8 7 25 16 17 12 43 30 41 14 23 33 20 42 27 29 22 7 18 22
37 48 24 27 38 0 34 20 37 38 32 32 33 33 37 33 44 21 24 19 50 46 53 47 37 31 44 35 25 16 40 45 40 45 39 47 26 37 9 35 26 48 42 34 38 18 36 53 39 46 28
21 41 26 32 44 34 0 44 43 25 39 54 2 4 32 1 38 15 10 15 37 31 41 40 58 6 25 18 22 18 29 45 51 31 33 40 40 5 28 4 45 36 19 26 6 22 19 45 40 38 22
35 36 20 17 21 20 44 0 21 33 17 12 42 40 28 43 32 29 35 32 42 40 43 35 17 38 40 34 24 29 34 29 21 39 31 35 10 44 18 42 7 40 41 29 44 22 35 41 25 36 26
25 17 18 12 1 37 43 21 0 22 5 19 42 39 14 43 13 33 39 38 24 25 24 16 19 37 27 28 22 37 19 8 8 24 15 16 11 42 29 40 14 22 32 19 41 26 28 22 6 17 21
4 16 14 16 23 38 25 33 22 0 20 38 24 21 8 25 13 23 27 29 14 9 17 15 41 20 7 7 13 30 4 21 30 8 8 15 24 21 29 21 29 12 10 4 20 21 7 20 16 13 10
22 19 13 7 6 32 39 17 5 20 0 19 38 35 12 39 15 28 34 33 26 24 26 18 21 33 26 25 17 32 18 13 12 23 15 18 7 38 24 36 11 24 29 16 37 21 25 24 8 19 17
40 36 28 22 18 32 54 12 19 38 19 0 52 50 31 53 32 40 46 44 43 43 43 35 5 48 45 41 32 41 37 26 14 42 34 35 14 53 30 51 9 41 47 34 52 33 42 40 25 36 33
20 40 25 31 43 33 2 42 42 24 38 52 0 3 31 1 37 13 9 14 37 31 41 39 57 5 26 17 21 17 28 44 50 31 32 39 39 6 26 4 43 35 20 25 7 20 18 44 39 37 21
17 37 22 28 40 33 4 40 39 21 35 50 3 0 28 4 34 12 10 15 34 28 38 36 54 2 23 14 18 18 25 41 47 28 29 36 36 4 25 2 41 32 17 22 5 18 15 41 36 34 18
12 11 13 11 15 37 32 28 14 8 12 31 31 28 0 32 7 25 31 31 14 12 17 10 33 27 14 15 13 32 6 13 22 11 3 10 19 29 28 28 23 12 18 6 28 21 15 16 8 10 11
21 41 26 32 44 33 1 43 43 25 39 53 1 4 32 0 38 14 9 14 38 32 42 40 58 6 26 18 22 17 29 45 51 32 33 40 40 6 27 5 44 36 20 26 7 21 19 45 40 38 22
17 4 20 18 14 44 38 32 13 13 15 32 37 34 7 38 0 32 38 38 11 12 11 3 32 33 17 20 20 39 9 8 21 12 5 3 22 34 35 34 26 9 22 12 33 28 20 9 7 4 18
20 36 15 21 34 21 15 29 33 23 28 40 13 12 25 14 32 0 6 6 36 31 39 35 45 10 27 17 12 7 26 37 40 31 27 35 27 16 13 14 31 34 24 20 17 7 18 41 31 34 14
23 42 21 27 40 24 10 35 39 27 34 46 9 10 31 9 38 6 0 5 40 34 44 41 51 8 30 20 18 8 31 43 46 34 33 41 33 14 19 12 37 38 25 26 15 13 21 47 37 40 20
26 42 21 26 39 19 15 32 38 29 33 44 14 15 31 14 38 6 5 0 42 37 45 41 49 13 33 23 18 3 32 43 45 37 33 41 32 19 14 17 35 40 30 26 20 12 24 47 37 40 20
17 10 26 25 25 50 37 42 24 14 26 43 37 34 14 38 11 36 40 42 0 6 4 9 43 33 12 20 25 43 10 18 32 6 11 9 33 32 41 34 37 2 18 16 31 33 19 8 18 7 22
11 13 22 23 26 46 31 40 25 9 24 43 31 28 12 32 12 31 34 37 6 0 10 12 44 27 6 14 21 38 6 20 33 1 10 12 31 26 37 28 35 5 12 12 25 29 14 14 19 10 18
21 7 29 28 25 53 41 43 24 17 26 43 41 38 17 42 11 39 44 45 4 10 0 8 43 37 16 24 28 46 13 17 31 10 14 8 33 36 44 38 37 6 22 19 35 36 23 4 18 7 25
19 1 23 21 17 47 40 35 16 15 18 35 39 36 10 40 3 35 41 41 9 12 8 0 35 35 17 22 23 42 11 9 23 11 8 0 25 36 38 36 29 8 23 15 35 31 22 6 10 2 21
43 36 32 26 18 37 58 17 19 41 21 5 57 54 33 58 32 45 51 49 43 44 43 35 0 52 46 45 36 46 38 26 12 43 34 35 18 57 35 55 14 41 50 37 56 38 46 40 25 36 37
16 36 20 26 38 31 6 38 37 20 33 48 5 2 27 6 33 10 8 13 33 27 37 35 52 0 23 13 16 16 24 40 45 27 28 35 34 6 23 4 39 31 17 21 7 16 14 40 34 33 16
7 18 21 23 28 44 25 40 27 7 26 45 26 23 14 26 17 27 30 33 12 6 16 17 46 23 0 10 19 34 8 25 35 6 12 17 31 20 35 22 36 11 6 11 19 26 9 20 21 15 16
3 23 14 19 29 35 18 34 28 7 25 41 17 14 15 18 20 17 20 23 20 14 24 22 45 13 10 0 11 24 11 28 36 14 15 22 27 14 26 14 32 18 7 9 13 17 1 27 23 20 8
12 24 4 10 23 25 22 24 22 13 17 32 21 18 13 22 20 12 18 18 25 21 28 23 36 16 19 11 0 19 15 25 29 20 16 23 18 21 16 19 23 23 18 9 20 8 12 29 19 23 3
27 43 20 25 38 16 18 29 37 30 32 41 17 18 32 17 39 7 8 3 43 38 46 42 46 16 34 24 19 0 33 43 44 38 34 42 30 22 11 20 33 41 31 27 23 11 25 48 37 41 21
8 12 16 17 20 40 29 34 19 4 18 37 28 25 6 29 9 26 31 32 10 6 13 11 38 24 8 11 15 33 0 17 27 5 4 11 25 25 31 25 29 8 13 6 24 23 11 16 13 9 12
25 10 23 18 8 45 45 29 8 21 13 26 44 41 13 45 8 37 43 43 18 20 17 9 26 40 25 28 25 43 17 0 14 20 13 9 19 42 36 41 22 17 30 19 41 32 28 14 6 11 24
33 24 25 19 7 40 51 21 8 30 12 14 50 47 22 51 21 40 46 45 32 33 31 23 12 45 35 36 29 44 27 14 0 32 23 23 14 50 34 48 14 30 40 27 49 33 36 28 14 25 29
11 12 21 22 25 45 31 39 24 8 23 42 31 28 11 32 12 31 34 37 6 1 10 11 43 27 6 14 20 38 5 20 32 0 9 11 30 26 36 28 34 5 12 11 25 28 13 14 18 9 17
12 9 15 14 16 39 33 31 15 8 15 34 32 29 3 33 5 27 33 33 11 10 14 8 34 28 12 15 16 34 4 13 23 9 0 8 22 29 30 29 26 9 17 7 28 24 15 14 9 7 13
19 1 23 21 17 47 40 35 16 15 18 35 39 36 10 40 3 35 41 41 9 12 8 0 35 35 17 22 23 42 11 9 23 11 8 0 25 36 38 36 29 8 23 15 35 31 22 6 10 2 21
26 26 14 8 12 26 40 10 11 24 7 14 39 36 19 40 22 27 33 32 33 31 33 25 18 34 31 27 18 30 25 19 14 30 22 25 0 39 20 37 5 31 33 20 38 20 28 31 15 26 19
17 37 25 31 43 37 5 44 42 21 38 53 6 4 29 6 34 16 14 19 32 26 36 36 57 6 20 14 21 22 25 42 50 26 29 36 39 0 29 2 44 31 14 23 1 22 14 40 37 34 21
28 39 15 18 30 9 28 18 29 29 24 30 26 25 28 27 35 13 19 14 41 37 44 38 35 23 35 26 16 11 31 36 34 36 30 38 20 29 0 27 22 39 33 25 30 9 27 44 30 37 19
17 37 23 29 41 35 4 42 40 21 36 51 4 2 28 5 34 14 12 17 34 28 38 36 55 4 22 14 19 20 25 41 48 28 29 36 37 2 27 0 42 32 16 22 3 20 15 41 36 34 19
31 30 19 13 14 26 45 7 14 29 11 9 43 41 23 44 26 31 37 35 37 35 37 29 14 39 36 32 23 33 29 22 14 34 26 29 5 44 22 42 0 35 38 25 43 24 33 35 19 30 24
15 9 24 23 23 48 36 40 22 12 24 41 35 32 12 36 9 34 38 40 2 5 6 8 41 31 11 18 23 41 8 17 30 5 9 8 31 31 39 32 35 0 17 14 30 31 18 9 16 6 20
7 24 21 25 33 42 19 41 32 10 29 47 20 17 18 20 22 24 25 30 18 12 22 23 50 17 6 7 18 31 13 30 40 12 17 23 33 14 33 16 38 17 0 13 13 24 6 26 26 21 15
6 16 10 12 20 34 26 29 19 4 16 34 25 22 6 26 12 20 26 26 16 12 19 15 37 21 11 9 9 27 6 19 27 11 7 15 20 23 25 22 25 14 13 0 22 17 9 21 14 14 6
16 36 24 30 42 38 6 44 41 20 37 52 7 5 28 7 33 17 15 20 31 25 35 35 56 7 19 13 20 23 24 41 49 25 28 35 38 1 30 3 43 30 13 22 0 22 13 39 36 33 20
19 32 9 14 27 18 22 22 26 21 21 33 20 18 21 21 28 7 13 12 33 29 36 31 38 16 26 17 8 11 23 32 33 28 24 31 20 22 9 20 24 31 24 17 22 0 18 37 26 31 11
3 23 15 20 29 36 19 35 28 7 25 42 18 15 15 19 20 18 21 24 19 14 23 22 46 14 9 1 12 25 11 28 36 13 15 22 28 14 27 15 33 18 6 9 13 18 0 27 23 20 9
24 5 29 27 22 53 45 41 22 20 24 40 44 41 16 45 9 41 47 47 8 14 4 6 40 40 20 27 29 48 16 14 28 14 14 6 31 40 44 41 35 9 26 21 39 37 27 0 16 7 27
20 11 17 12 7 39 40 25 6 16 8 25 39 36 8 40 7 31 37 37 18 19 18 10 25 34 21 23 19 37 13 6 14 18 9 10 15 37 30 36 19 16 26 14 36 26 23 16 0 11 18
17 3 22 21 18 46 38 36 17 13 19 36 37 34 10 38 4 34 40 40 7 10 7 2 36 33 15 20 23 41 9 11 25 9 7 2 26 34 37 34 30 6 21 14 33 31 20 7 11 0 20
9 22 6 11 22 28 22 26 21 10 17 33 21 18 11 22 18 14 20 20 22 18 25 21 37 16 16 8 3 21 12 24 29 17 13 21 19 21 19 19 24 20 15 6 20 11 9 27 18 20 0
0 573
79 250
6 177
100 271
168 339
273 444
310 481
106 277
59 230
150 321
390 561
4 175
136 307
246 417
326 497
169 340
128 299
38 209
370 541
291 462
149 320
354 525
256 427
236 407
290 461
217 388
232 403
0 171
278 449
214 385
88 259
294 465
367 538
176 347
56 227
176 347
92 263
181 352
103 274
164 335
396 567
195 366
363 534
291 462
134 305
202 373
141 312
199 370
342 513
15 186
308 479
0
59
53
23
61
35
35
85
71
68
23
35
50
49
27
76
43
53
43
66
63
56
58
31
20
92
25
37
34
39
64
23
76
23
45
73
27
45
70
28
89
49
69
33
63
80
71
61
38
13
48
