51
1626
0 25 16 29 30 18 24 34 24 14 25 49 25 11 40 8 24 35 4 4 17 40 34 21 20 17 17 38 41 31 38 37 28 14 9 41 16 29 35 32 26 5 7 32 20 33 11 35 13 23 11
25 0 34 22 45 39 42 35 22 26 17 41 30 14 15 20 7 26 27 23 9 25 22 4 11 20 15 19 31 9 39 12 38 36 17 32 12 39 36 45 2 20 27 45 5 29 26 31 19 7 16
16 34 0 27 14 7 8 25 22 8 25 43 16 22 49 14 30 32 12 14 25 39 33 30 25 16 20 40 37 37 27 46 14 8 18 36 29 15 25 16 34 19 9 16 29 28 8 29 15 34 18
29 22 27 0 32 34 34 13 5 19 5 21 13 22 31 21 15 6 29 25 17 12 6 20 12 12 13 15 12 18 17 30 22 33 21 12 26 21 14 28 20 25 26 29 19 7 21 9 16 26 19
30 45 14 32 0 15 8 23 28 19 33 40 19 35 60 27 41 35 26 28 36 43 38 41 36 27 31 47 37 47 23 57 10 19 31 36 42 11 22 5 45 33 23 4 40 30 21 29 26 47 31
18 39 7 34 15 0 7 32 29 15 32 50 23 27 54 19 36 39 14 17 30 46 40 35 31 23 26 47 44 43 33 51 20 4 23 43 33 21 32 20 40 22 12 19 34 35 14 36 21 39 23
24 42 8 34 8 7 0 28 29 16 33 45 21 30 57 22 38 38 20 22 33 46 40 38 33 24 28 48 42 45 28 54 15 11 26 41 37 16 27 13 42 27 17 12 37 33 16 34 23 42 26
34 35 25 13 23 32 28 0 14 20 18 18 9 32 44 27 28 13 31 30 29 21 17 33 25 19 23 26 14 31 4 43 13 33 30 13 38 12 1 19 33 33 28 20 32 8 23 6 23 39 28
24 22 22 5 28 29 29 14 0 14 5 26 9 18 32 16 15 11 24 20 15 17 11 19 11 7 9 19 17 19 18 31 18 28 17 17 24 18 15 25 20 21 21 25 18 10 16 12 11 25 15
14 26 8 19 19 15 16 20 14 0 17 37 11 16 41 8 22 25 11 10 17 31 25 22 17 8 12 32 31 29 24 38 14 14 12 30 23 15 21 20 26 14 8 20 21 22 3 23 7 28 12
25 17 25 5 33 32 33 18 5 17 0 26 14 17 27 17 10 11 25 21 12 15 9 15 7 9 8 15 17 14 22 26 23 31 16 17 21 23 19 30 15 20 23 30 14 12 19 14 12 21 14
49 41 43 21 40 50 45 18 26 37 26 0 27 43 44 41 35 15 48 45 38 18 19 40 33 32 34 25 10 34 17 44 30 51 42 9 47 29 18 36 39 46 45 37 40 16 40 14 36 47 40
25 30 16 13 19 23 21 9 9 11 14 27 0 24 41 18 24 17 22 21 22 25 19 27 19 11 16 28 21 28 13 40 9 24 21 20 31 9 10 16 29 24 19 16 26 12 14 13 14 33 19
11 14 22 22 35 27 30 32 18 16 17 43 24 0 29 8 13 28 14 10 6 31 26 10 10 14 9 28 34 20 36 26 30 24 4 34 7 31 33 36 15 6 15 36 9 28 14 30 10 12 5
40 15 49 31 60 54 57 44 32 41 27 44 41 29 0 35 19 32 42 38 24 26 28 19 24 33 29 19 35 13 48 3 50 51 32 36 26 50 45 57 15 35 42 57 20 37 41 39 34 20 31
8 20 14 21 27 19 22 27 16 8 17 41 18 8 35 0 18 27 8 4 11 32 26 16 13 9 9 31 33 25 31 32 22 16 4 33 15 23 28 28 21 6 7 28 15 25 6 27 5 20 4
24 7 30 15 41 36 38 28 15 22 10 35 24 13 19 18 0 20 25 21 7 20 16 5 5 14 10 15 25 7 32 17 32 34 15 26 14 33 29 39 5 19 25 39 6 22 22 24 15 12 14
35 26 32 6 35 39 38 13 11 25 11 15 17 28 32 27 20 0 35 31 23 8 4 25 18 18 19 13 6 19 16 31 25 39 27 6 32 24 14 31 24 31 32 32 25 5 27 7 22 32 25
4 27 12 29 26 14 20 31 24 11 25 48 22 14 42 8 25 35 0 4 18 40 34 23 21 17 17 39 41 32 35 39 24 10 10 41 19 25 32 28 28 8 3 28 22 33 8 34 13 26 12
4 23 14 25 28 17 22 30 20 10 21 45 21 10 38 4 21 31 4 0 14 36 30 19 17 13 13 35 37 28 34 35 24 14 6 37 16 25 31 29 24 5 5 29 18 29 7 31 9 22 8
17 9 25 17 36 30 33 29 15 17 12 38 22 6 24 11 7 23 18 14 0 26 21 5 5 11 6 22 29 14 33 21 29 27 8 29 9 30 30 36 10 12 18 36 4 24 17 26 10 11 7
40 25 39 12 43 46 46 21 17 31 15 18 25 31 26 32 20 8 40 36 26 0 6 25 21 23 23 7 9 17 24 26 33 45 31 10 34 32 22 39 23 35 38 40 26 13 33 15 27 32 29
34 22 33 6 38 40 40 17 11 25 9 19 19 26 28 26 16 4 34 30 21 6 0 21 16 17 17 9 9 15 20 27 28 39 25 10 30 27 18 34 20 29 32 35 22 9 27 11 21 28 23
21 4 30 20 41 35 38 33 19 22 15 40 27 10 19 16 5 25 23 19 5 25 21 0 8 16 11 20 30 11 37 16 34 32 13 31 9 35 34 41 5 16 23 41 1 27 22 29 15 7 12
20 11 25 12 36 31 33 25 11 17 7 33 19 10 24 13 5 18 21 17 5 21 16 8 0 9 5 18 24 12 29 22 27 29 11 24 14 28 26 34 10 15 20 34 7 19 17 21 10 14 9
17 20 16 12 27 23 24 19 7 8 9 32 11 14 33 9 14 18 17 13 11 23 17 16 9 0 5 24 24 21 23 31 18 22 11 24 20 19 20 25 19 15 15 25 15 16 10 18 4 22 9
17 15 20 13 31 26 28 23 9 12 8 34 16 9 29 9 10 19 17 13 6 23 17 11 5 5 0 22 25 17 27 27 23 24 8 25 15 24 24 30 15 12 16 30 10 19 12 21 5 17 6
38 19 40 15 47 47 48 26 19 32 15 25 28 28 19 31 15 13 39 35 22 7 9 20 18 24 22 0 16 10 29 19 37 46 29 17 29 36 27 43 17 33 38 44 21 18 34 20 27 26 27
41 31 37 12 37 44 42 14 17 31 17 10 21 34 35 33 25 6 41 37 29 9 9 30 24 24 25 16 0 24 17 35 27 45 33 1 38 26 15 33 29 37 38 34 31 9 33 8 28 37 31
31 9 37 18 47 43 45 31 19 29 14 34 28 20 13 25 7 19 32 28 14 17 15 11 12 21 17 10 24 0 35 12 37 41 22 25 20 37 32 44 7 26 32 44 12 24 29 26 22 16 21
38 39 27 17 23 33 28 4 18 24 22 17 13 36 48 31 32 16 35 34 33 24 20 37 29 23 27 29 17 35 0 47 13 35 34 16 42 12 3 19 37 37 32 20 36 11 27 9 27 43 32
37 12 46 30 57 51 54 43 31 38 26 44 40 26 3 32 17 31 39 35 21 26 27 16 22 31 27 19 35 12 47 0 49 48 29 36 23 49 44 56 12 32 39 56 17 36 38 38 31 17 28
28 38 14 22 10 20 15 13 18 14 23 30 9 30 50 22 32 25 24 24 29 33 28 34 27 18 23 37 27 37 13 49 0 22 26 26 37 1 12 7 37 28 21 7 33 20 17 19 21 40 26
14 36 8 33 19 4 11 33 28 14 31 51 24 24 51 16 34 39 10 14 27 45 39 32 29 22 24 46 45 41 35 48 22 0 20 44 29 23 33 23 37 18 9 22 31 36 12 37 19 36 20
9 17 18 21 31 23 26 30 17 12 16 42 21 4 32 4 15 27 10 6 8 31 25 13 11 11 8 29 33 22 34 29 26 20 0 33 11 27 31 32 18 4 11 32 12 27 10 29 7 16 2
41 32 36 12 36 43 41 13 17 30 17 9 20 34 36 33 26 6 41 37 29 10 10 31 24 24 25 17 1 25 16 36 26 44 33 0 38 25 14 32 30 37 38 33 31 8 33 7 28 38 31
16 12 29 26 42 33 37 38 24 23 21 47 31 7 26 15 14 32 19 16 9 34 30 9 14 20 15 29 38 20 42 23 37 29 11 38 0 38 39 43 14 11 21 43 8 33 21 35 17 7 12
29 39 15 21 11 21 16 12 18 15 23 29 9 31 50 23 33 24 25 25 30 32 27 35 28 19 24 36 26 37 12 49 1 23 27 25 38 0 11 7 38 29 22 8 34 19 18 18 21 41 26
35 36 25 14 22 32 27 1 15 21 19 18 10 33 45 28 29 14 32 31 30 22 18 34 26 20 24 27 15 32 3 44 12 33 31 14 39 11 0 18 34 34 29 19 33 9 24 7 24 40 29
32 45 16 28 5 20 13 19 25 20 30 36 16 36 57 28 39 31 28 29 36 39 34 41 34 25 30 43 33 44 19 56 7 23 32 32 43 7 18 0 44 34 25 1 40 26 22 25 27 47 32
26 2 34 20 45 40 42 33 20 26 15 39 29 15 15 21 5 24 28 24 10 23 20 5 10 19 15 17 29 7 37 12 37 37 18 30 14 38 34 44 0 21 28 44 6 27 26 29 19 9 17
5 20 19 25 33 22 27 33 21 14 20 46 24 6 35 6 19 31 8 5 12 35 29 16 15 15 12 33 37 26 37 32 28 18 4 37 11 29 34 34 21 0 10 34 15 31 12 33 11 18 6
7 27 9 26 23 12 17 28 21 8 23 45 19 15 42 7 25 32 3 5 18 38 32 23 20 15 16 38 38 32 32 39 21 9 11 38 21 22 29 25 28 10 0 25 22 30 5 31 11 27 11
32 45 16 29 4 19 12 20 25 20 30 37 16 36 57 28 39 32 28 29 36 40 35 41 34 25 30 44 34 44 20 56 7 22 32 33 43 8 19 1 44 34 25 0 40 27 22 26 27 47 32
20 5 29 19 40 34 37 32 18 21 14 40 26 9 20 15 6 25 22 18 4 26 22 1 7 15 10 21 31 12 36 17 33 31 12 31 8 34 33 40 6 15 22 40 0 26 21 28 14 7 11
33 29 28 7 30 35 33 8 10 22 12 16 12 28 37 25 22 5 33 29 24 13 9 27 19 16 19 18 9 24 11 36 20 36 27 8 33 19 9 26 27 31 30 27 26 0 25 2 20 33 25
11 26 8 21 21 14 16 23 16 3 19 40 14 14 41 6 22 27 8 7 17 33 27 22 17 10 12 34 33 29 27 38 17 12 10 33 21 18 24 22 26 12 5 22 21 25 0 26 7 26 10
35 31 29 9 29 36 34 6 12 23 14 14 13 30 39 27 24 7 34 31 26 15 11 29 21 18 21 20 8 26 9 38 19 37 29 7 35 18 7 25 29 33 31 26 28 2 26 0 22 35 27
13 19 15 16 26 21 23 23 11 7 12 36 14 10 34 5 15 22 13 9 10 27 21 15 10 4 5 27 28 22 27 31 21 19 7 28 17 21 24 27 19 11 11 27 14 20 7 22 0 21 5
23 7 34 26 47 39 42 39 25 28 21 47 33 12 20 20 12 32 26 22 11 32 28 7 14 22 17 26 37 16 43 17 40 36 16 38 7 41 40 47 9 18 27 47 7 33 26 35 21 0 17
11 16 18 19 31 23 26 28 15 12 14 40 19 5 31 4 14 25 12 8 7 29 23 12 9 9 6 27 31 21 32 28 26 20 2 31 12 26 29 32 17 6 11 32 11 25 10 27 5 17 0
0 655
235 562
123 450
10 337
281 608
106 433
236 563
274 601
227 554
33 360
27 354
200 527
38 365
284 611
297 624
99 426
181 508
7 334
211 538
147 474
139 466
94 421
299 626
27 354
102 429
7 334
89 416
318 645
304 631
109 436
139 466
252 579
145 472
138 465
260 587
32 359
76 403
106 433
196 523
316 643
314 641
138 465
39 366
179 506
284 611
171 498
281 608
259 586
264 591
316 643
214 541
0
58
68
34
67
58
63
79
46
21
64
30
43
79
21
41
58
48
62
84
38
50
59
44
49
82
67
46
33
35
36
32
16
46
31
58
46
47
42
50
73
65
28
42
56
61
43
47
45
32
78
