51
1624
0 45 38 46 21 35 28 34 43 43 33 47 26 26 25 32 23 20 29 25 23 11 47 43 21 46 34 20 26 50 3 27 12 28 14 46 47 23 19 31 5 38 42 22 15 27 17 16 38 28 8
45 0 13 4 45 29 17 20 48 22 13 4 30 19 44 43 23 37 24 24 37 36 17 12 24 7 31 45 36 11 42 33 39 32 47 4 5 22 35 25 41 30 18 26 40 24 37 40 39 17 47
38 13 0 17 44 34 17 7 53 31 12 17 31 19 44 44 16 36 11 13 38 35 30 24 23 20 18 44 37 24 38 34 38 34 46 17 18 21 24 12 33 37 27 17 39 25 36 39 44 17 44
46 4 17 0 45 26 18 24 44 18 15 2 29 20 43 41 25 37 28 27 36 37 13 8 25 3 35 46 35 7 43 32 40 31 48 0 1 23 38 29 42 26 14 29 41 24 38 41 35 18 48
21 45 44 45 0 22 28 44 24 31 33 47 16 26 5 13 30 9 40 36 9 12 38 39 21 44 48 1 12 46 18 14 9 15 9 45 46 23 35 42 22 25 33 32 6 22 8 5 21 28 15
35 29 34 26 22 0 18 38 19 9 22 28 9 18 19 15 26 15 36 32 13 24 16 18 19 23 46 23 11 25 32 8 23 7 29 26 26 18 39 39 33 3 12 30 21 12 18 21 10 18 32
28 17 17 18 28 18 0 20 36 17 5 19 14 2 28 27 10 20 18 15 21 19 19 15 7 18 28 28 20 22 25 17 22 17 30 18 19 5 24 21 24 20 14 14 23 8 20 23 27 0 30
34 20 7 24 44 38 20 0 56 36 16 24 33 20 44 46 14 36 5 9 38 33 36 30 23 27 11 44 39 31 34 36 36 36 44 24 25 21 18 5 29 40 32 13 38 27 36 39 47 20 40
43 48 53 44 24 19 36 56 0 26 41 46 23 36 19 11 43 24 53 49 21 33 33 36 34 41 63 25 18 42 40 20 31 20 33 44 44 35 54 56 43 18 30 46 28 29 27 27 9 36 39
43 22 31 18 31 9 17 36 26 0 20 20 17 19 28 24 27 24 35 32 22 32 7 10 23 15 45 32 20 16 40 17 32 16 38 18 18 21 41 38 40 8 4 31 30 16 27 30 17 17 41
33 13 12 15 33 22 5 16 41 20 0 17 19 7 33 32 10 25 15 13 26 24 21 16 12 17 25 33 25 21 30 22 27 22 35 15 16 10 24 18 28 25 16 14 28 13 25 28 32 5 35
47 4 17 2 47 28 19 24 46 20 17 0 31 21 45 43 27 39 28 28 38 38 15 10 26 5 35 47 37 9 44 34 41 33 49 2 3 24 39 29 43 28 16 30 42 26 39 42 37 19 49
26 30 31 29 16 9 14 33 23 17 19 31 0 13 14 13 20 8 30 26 7 15 23 23 11 28 40 17 6 30 23 3 15 3 21 29 30 12 32 33 24 12 18 23 13 6 10 13 15 14 24
26 19 19 20 26 18 2 20 36 19 7 21 13 0 26 26 9 18 18 15 19 17 21 17 5 20 28 26 19 24 23 16 20 16 28 20 21 3 23 21 22 21 16 13 21 7 18 21 27 2 28
25 44 44 43 5 19 28 44 19 28 33 45 14 26 0 8 30 8 40 36 7 16 35 36 21 41 50 6 8 43 22 11 13 12 14 43 44 23 39 43 26 22 30 33 10 20 10 9 16 28 20
32 43 44 41 13 15 27 46 11 24 32 43 13 26 8 0 33 13 43 39 10 22 31 33 24 38 53 14 8 40 29 10 20 11 22 41 41 25 44 46 32 16 27 36 17 19 16 16 8 27 28
23 23 16 25 30 26 10 14 43 27 10 27 20 9 30 33 0 22 10 6 24 19 29 25 9 27 20 30 26 31 22 23 22 23 30 25 26 8 14 13 18 29 24 4 24 14 22 25 34 10 28
20 37 36 37 9 15 20 36 24 24 25 39 8 18 8 13 22 0 32 28 3 9 31 31 13 36 42 10 6 38 17 7 8 8 14 37 38 15 31 35 19 18 26 25 6 13 3 6 18 20 17
29 24 11 28 40 36 18 5 53 35 15 28 30 18 40 43 10 32 0 4 34 28 36 31 19 31 10 40 36 35 29 33 31 33 39 28 29 18 13 3 24 38 31 8 34 24 32 35 44 18 35
25 24 13 27 36 32 15 9 49 32 13 28 26 15 36 39 6 28 4 0 30 24 34 29 15 30 14 36 32 34 25 29 27 29 35 27 28 14 11 7 20 35 29 4 30 20 28 31 40 15 31
23 37 38 36 9 13 21 38 21 22 26 38 7 19 7 10 24 3 34 30 0 12 29 30 15 35 44 10 3 37 20 5 11 6 17 36 37 17 34 37 22 16 24 27 9 13 6 8 15 21 20
11 36 35 37 12 24 19 33 33 32 24 38 15 17 16 22 19 9 28 24 12 0 37 34 12 37 36 12 15 41 8 16 3 17 11 37 38 14 23 30 10 27 32 20 6 17 6 7 27 19 11
47 17 30 13 38 16 19 36 33 7 21 15 23 21 35 31 29 31 36 34 29 37 0 6 26 10 46 39 27 9 44 24 37 23 44 13 13 24 43 39 43 15 5 33 36 20 33 36 24 19 47
43 12 24 8 39 18 15 30 36 10 16 10 23 17 36 33 25 31 31 29 30 34 6 0 22 5 41 40 28 7 40 25 37 24 44 8 8 20 39 34 39 18 6 29 36 19 33 36 27 15 45
21 24 23 25 21 19 7 23 34 23 12 26 11 5 21 24 9 13 19 15 15 12 26 22 0 25 29 21 17 29 18 14 15 14 23 25 26 2 21 22 17 22 21 12 16 7 13 16 26 7 23
46 7 20 3 44 23 18 27 41 15 17 5 28 20 41 38 27 36 31 30 35 37 10 5 25 0 38 45 33 4 43 30 40 29 48 3 3 23 41 32 42 23 11 31 40 23 37 40 32 18 48
34 31 18 35 48 46 28 11 63 45 25 35 40 28 50 53 20 42 10 14 44 36 46 41 29 38 0 48 46 42 35 43 39 43 46 35 36 28 15 7 30 48 41 17 42 34 41 43 54 28 41
20 45 44 46 1 23 28 44 25 32 33 47 17 26 6 14 30 10 40 36 10 12 39 40 21 45 48 0 13 47 17 15 9 16 8 46 47 23 35 42 22 26 34 32 6 22 8 5 22 28 14
26 36 37 35 12 11 20 39 18 20 25 37 6 19 8 8 26 6 36 32 3 15 27 28 17 33 46 13 0 35 23 3 14 4 20 35 36 18 36 39 25 14 22 29 12 12 9 11 12 20 23
50 11 24 7 46 25 22 31 42 16 21 9 30 24 43 40 31 38 35 34 37 41 9 7 29 4 42 47 35 0 47 32 44 31 51 7 6 27 45 36 46 24 13 35 43 26 40 43 33 22 52
3 42 38 43 18 32 25 34 40 40 30 44 23 23 22 29 22 17 29 25 20 8 44 40 18 43 35 17 23 47 0 24 9 25 11 43 44 20 20 31 5 35 39 21 12 24 14 13 35 25 6
27 33 34 32 14 8 17 36 20 17 22 34 3 16 11 10 23 7 33 29 5 16 24 25 14 30 43 15 3 32 24 0 15 1 21 32 33 15 35 36 26 11 19 26 13 9 10 13 12 17 24
12 39 38 40 9 23 22 36 31 32 27 41 15 20 13 20 22 8 31 27 11 3 37 37 15 40 39 9 14 44 9 15 0 16 9 40 41 17 26 33 13 26 32 23 3 18 5 4 26 22 10
28 32 34 31 15 7 17 36 20 16 22 33 3 16 12 11 23 8 33 29 6 17 23 24 14 29 43 16 4 31 25 1 16 0 22 31 32 15 35 36 27 10 18 26 14 9 11 14 12 17 25
14 47 46 48 9 29 30 44 33 38 35 49 21 28 14 22 30 14 39 35 17 11 44 44 23 48 46 8 20 51 11 21 9 22 0 48 49 25 31 41 16 32 39 31 8 25 11 9 30 30 6
46 4 17 0 45 26 18 24 44 18 15 2 29 20 43 41 25 37 28 27 36 37 13 8 25 3 35 46 35 7 43 32 40 31 48 0 1 23 38 29 42 26 14 29 41 24 38 41 35 18 48
47 5 18 1 46 26 19 25 44 18 16 3 30 21 44 41 26 38 29 28 37 38 13 8 26 3 36 47 36 6 44 33 41 32 49 1 0 24 39 30 43 26 14 30 42 25 39 42 35 19 49
23 22 21 23 23 18 5 21 35 21 10 24 12 3 23 25 8 15 18 14 17 14 24 20 2 23 28 23 18 27 20 15 17 15 25 23 24 0 21 21 19 21 19 12 18 6 15 18 26 5 25
19 35 24 38 35 39 24 18 54 41 24 39 32 23 39 44 14 31 13 11 34 23 43 39 21 41 15 35 36 45 20 35 26 35 31 38 39 21 0 13 15 42 38 10 29 27 29 30 47 24 26
31 25 12 29 42 39 21 5 56 38 18 29 33 21 43 46 13 35 3 7 37 30 39 34 22 32 7 42 39 36 31 36 33 36 41 29 30 21 13 0 26 41 34 10 36 27 34 37 47 21 37
5 41 33 42 22 33 24 29 43 40 28 43 24 22 26 32 18 19 24 20 22 10 43 39 17 42 30 22 25 46 5 26 13 27 16 42 43 19 15 26 0 36 38 17 16 24 16 17 37 24 11
38 30 37 26 25 3 20 40 18 8 25 28 12 21 22 16 29 18 38 35 16 27 15 18 22 23 48 26 14 24 35 11 26 10 32 26 26 21 42 41 36 0 12 33 24 15 21 24 9 20 35
42 18 27 14 33 12 14 32 30 4 16 16 18 16 30 27 24 26 31 29 24 32 5 6 21 11 41 34 22 13 39 19 32 18 39 14 14 19 38 34 38 12 0 28 31 15 28 31 21 14 42
22 26 17 29 32 30 14 13 46 31 14 30 23 13 33 36 4 25 8 4 27 20 33 29 12 31 17 32 29 35 21 26 23 26 31 29 30 12 10 10 17 33 28 0 26 18 24 27 38 14 27
15 40 39 41 6 21 23 38 28 30 28 42 13 21 10 17 24 6 34 30 9 6 36 36 16 40 42 6 12 43 12 13 3 14 8 41 42 18 29 36 16 24 31 26 0 17 3 1 24 23 11
27 24 25 24 22 12 8 27 29 16 13 26 6 7 20 19 14 13 24 20 13 17 20 19 7 23 34 22 12 26 24 9 18 9 25 24 25 6 27 27 24 15 15 18 17 0 14 17 20 8 28
17 37 36 38 8 18 20 36 27 27 25 39 10 18 10 16 22 3 32 28 6 6 33 33 13 37 41 8 9 40 14 10 5 11 11 38 39 15 29 34 16 21 28 24 3 14 0 3 21 20 14
16 40 39 41 5 21 23 39 27 30 28 42 13 21 9 16 25 6 35 31 8 7 36 36 16 40 43 5 11 43 13 13 4 14 9 41 42 18 30 37 17 24 31 27 1 17 3 0 23 23 12
38 39 44 35 21 10 27 47 9 17 32 37 15 27 16 8 34 18 44 40 15 27 24 27 26 32 54 22 12 33 35 12 26 12 30 35 35 26 47 47 37 9 21 38 24 20 21 23 0 27 35
28 17 17 18 28 18 0 20 36 17 5 19 14 2 28 27 10 20 18 15 21 19 19 15 7 18 28 28 20 22 25 17 22 17 30 18 19 5 24 21 24 20 14 14 23 8 20 23 27 0 30
8 47 44 48 15 32 30 40 39 41 35 49 24 28 20 28 28 17 35 31 20 11 47 45 23 48 41 14 23 52 6 24 10 25 6 48 49 25 26 37 11 35 42 27 11 28 14 12 35 30 0
0 409
210 291
47 128
180 261
76 157
66 147
227 308
224 305
132 213
317 398
163 244
306 387
251 332
212 293
136 217
176 257
98 179
87 168
211 292
41 122
99 180
319 400
120 201
170 251
1 82
77 158
168 249
320 401
124 205
105 186
169 250
209 290
210 291
323 404
264 345
141 222
261 342
226 307
288 369
169 250
51 132
182 263
43 124
206 287
38 119
4 85
300 381
14 95
282 363
234 315
209 290
0
39
69
37
47
53
24
35
26
85
32
25
59
35
90
46
61
56
24
38
72
72
27
65
56
50
21
50
31
51
79
36
59
54
61
72
77
54
52
82
55
72
30
62
41
46
40
54
38
25
33
