51
1625
0 22 19 10 29 16 31 28 5 27 32 18 28 3 23 30 30 32 29 21 23 11 33 13 36 21 7 43 17 10 6 27 33 6 30 24 27 24 9 9 21 25 19 31 24 24 25 37 23 11 15
22 0 36 31 43 36 9 15 19 5 14 18 15 20 1 39 17 43 13 19 20 33 46 22 30 24 16 28 12 13 25 26 11 28 8 40 32 29 24 26 20 27 3 26 14 26 7 19 5 29 32
19 36 0 19 10 10 45 47 24 41 41 37 32 22 37 14 49 14 47 22 23 13 14 32 32 18 26 43 36 28 20 23 47 17 42 5 16 15 25 23 21 18 33 28 29 19 36 42 35 24 4
10 31 19 0 29 10 40 36 12 36 42 24 38 12 32 33 38 33 37 29 31 6 33 17 44 29 15 52 25 18 6 35 41 4 39 23 32 29 10 7 29 32 29 39 34 32 35 47 33 5 15
29 43 10 29 0 19 52 57 34 47 45 47 36 32 44 8 59 6 56 26 27 23 4 42 31 21 36 44 46 38 30 24 54 27 47 6 15 16 35 33 25 19 40 29 33 20 41 45 41 34 14
16 36 10 10 19 0 45 44 20 41 46 33 38 19 37 24 46 24 45 28 29 5 23 26 40 25 23 50 33 26 14 31 47 11 44 13 25 23 19 17 27 26 33 36 34 27 39 48 37 15 7
31 9 45 40 52 45 0 14 28 5 14 24 20 29 9 45 15 49 11 26 25 42 52 30 35 31 25 28 18 22 34 31 3 37 6 49 38 36 33 35 27 33 12 31 19 32 11 19 11 38 41
28 15 47 36 57 44 14 0 24 16 27 14 30 25 16 54 2 58 3 34 35 39 60 21 45 39 21 41 11 19 30 41 12 33 19 52 47 44 28 31 35 42 18 41 29 41 22 32 20 34 43
5 19 24 12 34 20 28 24 0 24 32 13 30 3 20 35 26 37 25 24 26 15 38 8 39 26 3 45 13 6 6 31 29 9 27 29 32 29 5 7 24 30 18 34 26 29 25 37 23 10 20
27 5 41 36 47 41 5 16 24 0 11 23 15 25 4 40 17 44 13 21 20 38 47 27 30 26 21 25 17 18 30 26 8 33 3 45 33 31 29 31 22 28 8 26 14 27 6 16 6 34 37
32 14 41 42 45 46 14 27 32 11 0 32 9 31 13 38 28 42 24 19 18 43 45 36 22 24 29 14 26 26 37 22 17 38 8 45 31 29 37 39 20 26 14 19 12 25 7 5 9 42 40
18 18 37 24 47 33 24 14 13 23 32 0 33 15 19 47 16 50 16 31 33 28 51 7 46 34 11 46 6 10 19 38 24 22 26 42 42 39 14 17 32 38 19 41 30 37 25 37 23 20 33
28 15 32 38 36 38 20 30 30 15 9 33 0 28 14 29 31 33 27 10 9 36 36 35 15 15 28 15 27 25 34 13 23 34 14 36 22 20 35 37 11 17 14 11 4 16 9 10 10 39 31
3 20 22 12 32 19 29 25 3 25 31 15 28 0 21 33 27 35 26 22 24 14 36 11 37 23 4 43 14 7 6 29 30 8 28 27 29 26 8 9 22 27 17 32 24 26 24 36 22 11 18
23 1 37 32 44 37 9 16 20 4 13 19 14 21 0 39 17 43 13 19 19 34 46 23 29 24 17 27 13 14 26 25 11 29 7 41 32 29 25 27 20 27 4 25 13 26 6 18 4 30 33
30 39 14 33 8 24 45 54 35 40 38 47 29 33 39 0 56 4 52 20 20 27 7 43 23 15 37 37 45 37 34 17 48 31 40 13 7 10 39 37 19 12 36 22 26 13 34 38 35 38 18
30 17 49 38 59 46 15 2 26 17 28 16 31 27 17 56 0 60 4 36 36 41 62 23 46 41 23 42 13 21 32 42 12 35 20 54 49 46 30 33 37 44 20 42 30 43 23 33 21 36 45
32 43 14 33 6 24 49 58 37 44 42 50 33 35 43 4 60 0 56 24 24 27 3 45 27 19 39 41 48 40 34 21 52 31 44 12 11 14 39 37 23 16 40 26 30 17 38 42 39 38 18
29 13 47 37 56 45 11 3 25 13 24 16 27 26 13 52 4 56 0 32 32 40 59 23 42 37 22 38 12 19 31 38 9 34 16 52 45 42 29 32 33 40 16 38 26 39 19 29 17 35 43
21 19 22 29 26 28 26 34 24 21 19 31 10 22 19 20 36 24 32 0 2 26 27 30 15 5 23 23 27 21 27 7 29 25 21 26 13 10 29 30 1 8 16 10 7 7 15 20 15 32 21
23 20 23 31 27 29 25 35 26 20 18 33 9 24 19 20 36 24 32 2 0 28 27 32 13 6 25 21 29 23 29 6 28 27 20 27 13 11 31 32 2 8 17 8 6 7 14 19 15 34 22
11 33 13 6 23 5 42 39 15 38 43 28 36 14 34 27 41 27 40 26 28 0 27 21 40 25 18 49 28 21 9 31 44 6 41 17 27 25 14 12 26 27 30 36 32 27 36 46 34 11 9
33 46 14 33 4 23 52 60 38 47 45 51 36 36 46 7 62 3 59 27 27 27 0 46 30 22 40 44 50 42 34 24 55 31 47 10 14 17 39 37 26 19 43 29 33 20 41 45 42 38 18
13 22 32 17 42 26 30 21 8 27 36 7 35 11 23 43 23 45 23 30 32 21 46 0 45 33 7 50 12 10 12 37 30 15 30 37 39 36 7 10 31 37 22 40 31 36 29 41 27 13 28
36 30 32 44 31 40 35 45 39 30 22 46 15 37 29 23 46 27 42 15 13 40 30 45 0 15 38 15 41 36 42 9 38 40 29 34 17 17 44 45 15 14 29 5 17 13 24 19 25 47 33
21 24 18 29 21 25 31 39 26 26 24 34 15 23 24 15 41 19 37 5 6 25 22 33 15 0 26 26 31 24 27 6 34 25 26 22 8 5 30 30 4 4 21 11 12 3 20 25 20 32 18
7 16 26 15 36 23 25 21 3 21 29 11 28 4 17 37 23 39 22 23 25 18 40 7 38 26 0 43 10 3 9 30 26 12 24 31 32 29 8 10 24 30 15 33 24 29 22 34 20 13 22
43 28 43 52 44 50 28 41 45 25 14 46 15 43 27 37 42 41 38 23 21 49 44 50 15 26 43 0 40 40 49 20 31 48 22 45 30 28 50 52 23 25 28 15 19 25 21 9 23 54 43
17 12 36 25 46 33 18 11 13 17 26 6 27 14 13 45 13 48 12 27 29 28 50 12 41 31 10 40 0 8 19 34 18 22 20 41 39 36 17 20 28 35 13 36 24 34 19 31 17 23 32
10 13 28 18 38 26 22 19 6 18 26 10 25 7 14 37 21 40 19 21 23 21 42 10 36 24 3 40 8 0 12 28 23 15 21 33 32 29 11 13 22 28 12 31 21 27 19 31 17 16 24
6 25 20 6 30 14 34 30 6 30 37 19 34 6 26 34 32 34 31 27 29 9 34 12 42 27 9 49 19 12 0 33 35 3 33 25 32 29 5 3 27 31 23 37 30 30 30 42 28 5 16
27 26 23 35 24 31 31 41 31 26 22 38 13 29 25 17 42 21 38 7 6 31 24 37 9 6 30 20 34 28 33 0 34 31 26 25 10 8 36 36 7 5 23 5 12 5 20 21 21 38 24
33 11 47 41 54 47 3 12 29 8 17 24 23 30 11 48 12 52 9 29 28 44 55 30 38 34 26 31 18 23 35 34 0 38 9 51 41 39 34 36 30 36 14 34 22 35 14 22 14 39 43
6 28 17 4 27 11 37 33 9 33 38 22 34 8 29 31 35 31 34 25 27 6 31 15 40 25 12 48 22 15 3 31 38 0 36 22 29 26 8 6 25 28 25 35 30 28 31 43 29 7 13
30 8 42 39 47 44 6 19 27 3 8 26 14 28 7 40 20 44 16 21 20 41 47 30 29 26 24 22 20 21 33 26 9 36 0 46 33 31 32 34 22 28 11 25 14 27 6 13 7 37 39
24 40 5 23 6 13 49 52 29 45 45 42 36 27 41 13 54 12 52 26 27 17 10 37 34 22 31 45 41 33 25 25 51 22 46 0 17 17 30 28 25 20 37 30 33 21 41 46 39 28 9
27 32 16 32 15 25 38 47 32 33 31 42 22 29 32 7 49 11 45 13 13 27 14 39 17 8 32 30 39 32 32 10 41 29 33 17 0 3 36 35 12 5 29 15 19 6 27 31 28 36 18
24 29 15 29 16 23 36 44 29 31 29 39 20 26 29 10 46 14 42 10 11 25 17 36 17 5 29 28 36 29 29 8 39 26 31 17 3 0 33 32 9 3 26 13 17 4 25 29 25 33 16
9 24 25 10 35 19 33 28 5 29 37 14 35 8 25 39 30 39 29 29 31 14 39 7 44 30 8 50 17 11 5 36 34 8 32 30 36 33 0 3 29 34 23 39 31 33 30 42 28 6 21
9 26 23 7 33 17 35 31 7 31 39 17 37 9 27 37 33 37 32 30 32 12 37 10 45 30 10 52 20 13 3 36 36 6 34 28 35 32 3 0 30 34 25 40 33 33 32 44 30 3 19
21 20 21 29 25 27 27 35 24 22 20 32 11 22 20 19 37 23 33 1 2 26 26 31 15 4 24 23 28 22 27 7 30 25 22 25 12 9 29 30 0 8 17 10 8 7 16 21 16 32 20
25 27 18 32 19 26 33 42 30 28 26 38 17 27 27 12 44 16 40 8 8 27 19 37 14 4 30 25 35 28 31 5 36 28 28 20 5 3 34 34 8 0 24 10 14 1 22 26 23 35 19
19 3 33 29 40 33 12 18 18 8 14 19 14 17 4 36 20 40 16 16 17 30 43 22 29 21 15 28 13 12 23 23 14 25 11 37 29 26 23 25 17 24 0 24 12 23 7 19 5 28 29
31 26 28 39 29 36 31 41 34 26 19 41 11 32 25 22 42 26 38 10 8 36 29 40 5 11 33 15 36 31 37 5 34 35 25 30 15 13 39 40 10 10 24 0 12 10 20 17 21 42 29
24 14 29 34 33 34 19 29 26 14 12 30 4 24 13 26 30 30 26 7 6 32 33 31 17 12 24 19 24 21 30 12 22 30 14 33 19 17 31 33 8 14 12 12 0 13 8 14 9 35 28
24 26 19 32 20 27 32 41 29 27 25 37 16 26 26 13 43 17 39 7 7 27 20 36 13 3 29 25 34 27 30 5 35 28 27 21 6 4 33 33 7 1 23 10 13 0 21 25 22 35 20
25 7 36 35 41 39 11 22 25 6 7 25 9 24 6 34 23 38 19 15 14 36 41 29 24 20 22 21 19 19 30 20 14 31 6 41 27 25 30 32 16 22 7 20 8 21 0 12 2 35 34
37 19 42 47 45 48 19 32 37 16 5 37 10 36 18 38 33 42 29 20 19 46 45 41 19 25 34 9 31 31 42 21 22 43 13 46 31 29 42 44 21 26 19 17 14 25 12 0 14 47 41
23 5 35 33 41 37 11 20 23 6 9 23 10 22 4 35 21 39 17 15 15 34 42 27 25 20 20 23 17 17 28 21 14 29 7 39 28 25 28 30 16 23 5 21 9 22 2 14 0 33 32
11 29 24 5 34 15 38 34 10 34 42 20 39 11 30 38 36 38 35 32 34 11 38 13 47 32 13 54 23 16 5 38 39 7 37 28 36 33 6 3 32 35 28 42 35 35 35 47 33 0 20
15 32 4 15 14 7 41 43 20 37 40 33 31 18 33 18 45 18 43 21 22 9 18 28 33 18 22 43 32 24 16 24 43 13 39 9 18 16 21 19 20 19 29 29 28 20 34 41 32 20 0
0 382
197 311
227 341
54 168
210 324
215 329
173 287
228 342
16 130
209 323
59 173
0 114
13 127
180 294
238 352
221 335
39 153
246 360
66 180
15 129
81 195
234 348
264 378
43 157
267 381
9 123
233 347
163 277
40 154
147 261
97 211
129 243
58 172
1 115
133 247
162 276
60 174
55 169
83 197
12 126
92 206
180 294
220 334
5 119
151 265
102 216
168 282
145 259
27 141
232 346
127 241
0
53
36
64
37
31
28
56
71
26
55
55
42
30
70
79
39
35
65
54
62
63
45
55
23
58
26
45
65
62
62
62
51
51
18
53
49
74
66
76
33
67
68
84
33
42
34
37
28
36
46
