51
1627
0 19 25 35 33 22 52 51 24 30 28 22 38 41 52 39 26 6 40 43 34 19 46 61 49 37 49 12 21 60 41 7 24 32 38 44 46 39 28 47 47 47 29 41 6 50 23 17 29 47 30
19 0 30 30 14 9 38 35 7 26 15 3 33 23 41 22 9 16 27 24 22 25 41 48 35 18 36 7 2 46 29 12 21 28 42 27 27 42 15 30 36 41 24 44 16 34 29 23 24 28 17
25 30 0 16 38 23 38 46 30 13 22 33 18 42 34 39 29 19 28 49 22 6 24 44 37 45 35 25 32 46 25 23 12 12 13 44 49 14 23 47 29 28 14 16 19 42 3 8 14 53 23
35 30 16 0 33 21 23 32 27 6 16 32 3 34 18 31 25 29 14 43 10 20 11 28 22 40 20 29 32 30 10 30 11 4 18 35 41 17 17 37 13 12 6 18 29 28 19 20 6 46 14
33 14 38 33 0 15 31 23 9 29 17 11 36 9 40 9 9 29 25 11 24 35 44 43 28 7 30 21 13 39 29 26 27 31 47 13 13 46 16 16 36 42 27 48 29 24 39 33 27 15 19
22 9 23 21 15 0 30 29 7 17 6 11 24 21 32 19 6 17 18 26 13 20 32 39 27 22 27 11 11 38 20 15 13 19 34 24 28 34 6 27 27 32 15 36 17 28 24 18 15 30 8
52 38 38 23 31 30 0 12 31 26 24 37 24 24 13 22 29 46 12 33 18 41 27 12 3 34 3 41 38 8 13 45 30 26 40 21 29 39 24 22 13 22 25 40 46 8 41 40 25 34 22
51 35 46 32 23 29 12 0 28 34 25 33 34 14 24 14 26 46 18 22 24 46 37 23 11 25 13 40 35 18 23 44 35 35 50 10 18 49 25 10 23 32 32 50 46 4 48 44 32 23 24
24 7 30 27 9 7 31 28 0 23 11 6 30 17 37 15 2 20 22 20 18 26 38 42 28 16 29 12 7 39 25 17 20 25 41 20 22 40 10 23 32 37 21 42 20 27 30 24 21 24 13
30 26 13 6 29 17 26 34 23 0 12 28 8 32 24 29 21 24 16 40 10 15 16 33 25 36 23 24 28 34 13 25 6 2 18 34 39 17 13 37 19 18 2 19 24 30 15 15 2 44 12
28 15 22 16 17 6 24 25 11 12 0 17 19 20 26 17 9 22 12 28 7 21 27 33 21 24 21 17 17 32 14 21 10 14 30 22 27 29 1 25 21 26 10 31 22 23 23 19 10 32 2
22 3 33 32 11 11 37 33 6 28 17 0 35 20 43 19 8 19 28 21 24 28 43 48 34 15 35 10 2 45 31 15 24 30 45 24 24 45 16 27 38 43 26 47 19 33 32 26 26 25 19
38 33 18 3 36 24 24 34 30 8 19 35 0 36 17 33 28 32 16 45 12 22 8 27 23 43 21 32 35 30 11 33 14 6 16 37 43 15 20 40 13 10 9 16 32 30 21 22 9 48 17
41 23 42 34 9 21 24 14 17 32 20 20 36 0 35 3 16 37 22 9 24 41 43 36 22 11 24 29 22 32 27 34 30 34 50 4 7 49 19 7 33 40 30 51 37 17 43 39 30 12 21
52 41 34 18 40 32 13 24 37 24 26 43 17 35 0 32 35 46 15 44 19 38 16 10 13 44 11 43 43 14 12 47 28 22 32 33 41 31 27 34 5 11 23 31 46 20 37 38 23 46 24
39 22 39 31 9 19 22 14 15 29 17 19 33 3 32 0 13 35 19 12 21 38 40 34 19 12 21 27 21 30 24 32 27 31 47 5 10 46 16 8 30 37 27 48 35 15 40 36 27 15 18
26 9 29 25 9 6 29 26 2 21 9 8 28 16 35 13 0 22 20 20 16 26 36 40 26 16 27 14 9 37 23 19 19 23 39 18 22 38 8 21 30 35 19 40 22 25 30 24 19 24 11
6 16 19 29 29 17 46 46 20 24 22 19 32 37 46 35 22 0 34 40 28 13 40 55 43 34 43 9 18 54 35 4 18 26 32 40 42 33 22 43 41 41 23 35 0 45 17 11 23 44 24
40 27 28 14 25 18 12 18 22 16 12 28 16 22 15 19 20 34 0 31 6 29 21 21 9 31 9 29 29 20 5 33 18 17 32 22 29 31 13 24 11 18 14 32 34 14 30 29 14 34 10
43 24 49 43 11 26 33 22 20 40 28 21 45 9 44 12 20 40 31 0 33 46 52 45 31 6 33 31 23 40 36 36 38 42 58 12 4 57 27 12 42 49 38 59 40 25 50 44 38 4 29
34 22 22 10 24 13 18 24 18 10 7 24 12 24 19 21 16 28 6 33 0 23 20 27 15 31 15 24 24 26 7 28 12 11 27 25 31 26 8 28 14 19 8 28 28 20 24 23 8 36 5
19 25 6 20 35 20 41 46 26 15 21 28 22 41 38 38 26 13 29 46 23 0 29 48 38 42 38 19 27 49 28 17 11 16 19 43 48 20 22 46 33 32 16 22 13 43 4 2 16 50 22
46 41 24 11 44 32 27 37 38 16 27 43 8 43 16 40 36 40 21 52 20 29 0 26 26 51 24 40 43 30 16 41 22 14 16 43 50 15 28 45 14 5 17 15 40 33 27 30 17 55 25
61 48 44 28 43 39 12 23 42 33 33 48 27 36 10 34 40 55 21 45 27 48 26 0 15 46 13 50 49 6 20 54 37 32 42 33 41 41 34 33 15 21 32 41 55 20 47 47 32 46 31
49 35 37 22 28 27 3 11 28 25 21 34 23 22 13 19 26 43 9 31 15 38 26 15 0 31 2 38 35 11 12 42 27 25 39 20 28 38 21 21 12 21 23 39 43 7 39 38 23 33 19
37 18 45 40 7 22 34 25 16 36 24 15 43 11 44 12 16 34 31 6 31 42 51 46 31 0 33 25 17 42 36 30 34 38 54 15 10 53 23 16 42 49 34 55 34 27 46 40 34 10 26
49 36 35 20 30 27 3 13 29 23 21 35 21 24 11 21 27 43 9 33 15 38 24 13 2 33 0 38 36 11 10 42 27 23 37 22 30 36 22 23 10 19 22 37 43 9 38 37 22 35 19
12 7 25 29 21 11 41 40 12 24 17 10 32 29 43 27 14 9 29 31 24 19 40 50 38 25 38 0 9 49 31 5 18 26 38 32 34 38 17 35 38 41 23 40 9 39 23 17 23 35 19
21 2 32 32 13 11 38 35 7 28 17 2 35 22 43 21 9 18 29 23 24 27 43 49 35 17 36 9 0 46 31 14 23 30 44 26 26 44 17 29 38 43 26 46 18 34 31 25 26 27 19
60 46 46 30 39 38 8 18 39 34 32 45 30 32 14 30 37 54 20 40 26 49 30 6 11 42 11 49 46 0 21 53 38 34 45 28 36 44 32 28 17 25 33 45 54 15 49 48 33 41 30
41 29 25 10 29 20 13 23 25 13 14 31 11 27 12 24 23 35 5 36 7 28 16 20 12 36 10 31 31 21 0 35 17 13 27 27 34 26 15 29 7 13 12 27 35 19 28 27 12 39 12
7 12 23 30 26 15 45 44 17 25 21 15 33 34 47 32 19 4 33 36 28 17 41 54 42 30 42 5 14 53 35 0 19 27 36 37 39 37 21 40 42 42 24 39 4 43 21 15 24 40 23
24 21 12 11 27 13 30 35 20 6 10 24 14 30 28 27 19 18 18 38 12 11 22 37 27 34 27 18 23 38 17 19 0 8 21 32 37 21 11 35 23 23 5 23 18 32 13 11 5 42 11
32 28 12 4 31 19 26 35 25 2 14 30 6 34 22 31 23 26 17 42 11 16 14 32 25 38 23 26 30 34 13 27 8 0 16 36 41 15 15 39 17 16 4 17 26 31 15 16 4 46 14
38 42 13 18 47 34 40 50 41 18 30 45 16 50 32 47 39 32 32 58 27 19 16 42 39 54 37 38 44 45 27 36 21 16 0 52 57 1 31 55 28 21 20 3 32 46 15 21 20 62 30
44 27 44 35 13 24 21 10 20 34 22 24 37 4 33 5 18 40 22 12 25 43 43 33 20 15 22 32 26 28 27 37 32 36 52 0 8 51 21 3 32 40 32 53 40 13 45 41 32 13 23
46 27 49 41 13 28 29 18 22 39 27 24 43 7 41 10 22 42 29 4 31 48 50 41 28 10 30 34 26 36 34 39 37 41 57 8 0 56 26 8 40 47 37 58 42 21 50 46 37 5 28
39 42 14 17 46 34 39 49 40 17 29 45 15 49 31 46 38 33 31 57 26 20 15 41 38 53 36 38 44 44 26 37 21 15 1 51 56 0 30 54 27 20 19 2 33 45 16 22 19 61 29
28 15 23 17 16 6 24 25 10 13 1 16 20 19 27 16 8 22 13 27 8 22 28 34 21 23 22 17 17 32 15 21 11 15 31 21 26 30 0 24 22 27 11 32 22 23 24 20 11 31 3
47 30 47 37 16 27 22 10 23 37 25 27 40 7 34 8 21 43 24 12 28 46 45 33 21 16 23 35 29 28 29 40 35 39 55 3 8 54 24 0 33 42 35 55 43 14 48 44 35 13 26
47 36 29 13 36 27 13 23 32 19 21 38 13 33 5 30 30 41 11 42 14 33 14 15 12 42 10 38 38 17 7 42 23 17 28 32 40 27 22 33 0 9 18 28 41 19 32 33 18 45 19
47 41 28 12 42 32 22 32 37 18 26 43 10 40 11 37 35 41 18 49 19 32 5 21 21 49 19 41 43 25 13 42 23 16 21 40 47 20 27 42 9 0 18 20 41 28 31 32 18 52 24
29 24 14 6 27 15 25 32 21 2 10 26 9 30 23 27 19 23 14 38 8 16 17 32 23 34 22 23 26 33 12 24 5 4 20 32 37 19 11 35 18 18 0 21 23 28 16 15 0 42 10
41 44 16 18 48 36 40 50 42 19 31 47 16 51 31 48 40 35 32 59 28 22 15 41 39 55 37 40 46 45 27 39 23 17 3 53 58 2 32 55 28 20 21 0 35 46 18 24 21 63 31
6 16 19 29 29 17 46 46 20 24 22 19 32 37 46 35 22 0 34 40 28 13 40 55 43 34 43 9 18 54 35 4 18 26 32 40 42 33 22 43 41 41 23 35 0 45 17 11 23 44 24
50 34 42 28 24 28 8 4 27 30 23 33 30 17 20 15 25 45 14 25 20 43 33 20 7 27 9 39 34 15 19 43 32 31 46 13 21 45 23 14 19 28 28 46 45 0 44 42 28 26 21
23 29 3 19 39 24 41 48 30 15 23 32 21 43 37 40 30 17 30 50 24 4 27 47 39 46 38 23 31 49 28 21 13 15 15 45 50 16 24 48 32 31 16 18 17 44 0 6 16 54 24
17 23 8 20 33 18 40 44 24 15 19 26 22 39 38 36 24 11 29 44 23 2 30 47 38 40 37 17 25 48 27 15 11 16 21 41 46 22 20 44 33 32 15 24 11 42 6 0 15 48 21
29 24 14 6 27 15 25 32 21 2 10 26 9 30 23 27 19 23 14 38 8 16 17 32 23 34 22 23 26 33 12 24 5 4 20 32 37 19 11 35 18 18 0 21 23 28 16 15 0 42 10
47 28 53 46 15 30 34 23 24 44 32 25 48 12 46 15 24 44 34 4 36 50 55 46 33 10 35 35 27 41 39 40 42 46 62 13 5 61 31 13 45 52 42 63 44 26 54 48 42 0 33
30 17 23 14 19 8 22 24 13 12 2 19 17 21 24 18 11 24 10 29 5 22 25 31 19 26 19 19 19 30 12 23 11 14 30 23 28 29 3 26 19 24 10 31 24 21 24 21 10 33 0
0 519
282 437
297 452
114 269
124 279
39 194
290 445
231 386
251 406
193 348
26 181
145 300
199 354
41 196
60 215
183 338
145 300
228 383
235 390
49 204
229 384
255 410
269 424
144 299
51 206
327 482
347 502
306 461
163 318
234 389
199 354
359 514
324 479
122 277
77 232
92 247
321 476
211 366
54 209
215 370
118 273
174 329
164 319
324 479
167 322
152 307
209 364
199 354
349 504
325 480
90 245
0
47
34
61
63
29
59
44
67
23
68
61
61
30
65
46
41
50
44
41
60
15
37
70
48
53
48
72
50
22
77
61
54
57
30
49
50
70
77
59
28
34
47
55
41
69
59
34
23
76
43
