51
1624
0 29 29 15 38 3 27 36 36 4 45 14 28 42 21 13 21 11 29 17 41 39 4 28 19 4 24 27 9 4 27 31 41 7 27 42 25 28 39 27 13 36 24 36 14 1 2 32 9 17 34
29 0 21 15 39 31 17 42 26 26 33 19 4 30 8 35 15 23 42 14 37 40 33 41 10 25 34 35 21 26 15 43 45 23 4 34 14 14 35 24 42 35 15 26 21 28 27 30 20 35 45
29 21 0 27 18 32 4 22 7 25 16 31 25 13 20 27 32 18 26 28 16 19 33 25 20 26 19 17 29 25 6 25 24 22 24 14 34 7 14 5 40 14 7 7 15 29 28 9 27 25 26
15 15 27 0 43 16 24 43 34 15 43 4 13 40 9 26 6 16 39 2 43 44 19 38 8 12 31 34 6 15 23 40 48 13 12 41 10 22 41 29 28 40 20 34 18 14 13 35 7 28 43
38 39 18 43 0 41 22 6 19 34 24 46 43 23 37 27 49 28 15 45 9 1 40 15 37 36 15 11 40 34 24 12 6 32 42 16 51 25 10 15 41 4 24 19 25 38 37 9 38 23 10
3 31 32 16 41 0 30 39 39 7 48 15 29 45 23 16 22 14 32 18 44 42 3 31 21 6 27 30 10 7 30 34 44 10 28 45 26 31 42 30 13 39 27 39 17 3 4 35 11 20 37
27 17 4 24 22 30 0 25 10 23 19 28 21 16 16 27 28 16 28 24 20 23 31 27 16 24 20 19 26 23 2 27 28 20 20 18 30 3 18 7 38 18 4 10 13 27 26 13 24 25 28
36 42 22 43 6 39 25 0 24 32 30 45 46 28 38 24 49 27 9 45 15 7 37 9 37 35 12 9 40 32 27 6 5 31 45 22 52 28 16 18 37 9 27 24 25 36 35 13 38 20 4
36 26 7 34 19 39 10 24 0 32 9 38 30 6 26 33 38 25 30 34 12 20 40 29 26 33 24 22 36 32 12 28 25 29 29 8 39 12 10 10 47 15 14 0 22 36 35 11 34 31 28
4 26 25 15 34 7 23 32 32 0 41 15 26 38 18 11 21 7 26 17 37 35 8 25 16 3 20 23 9 0 23 28 37 3 25 38 25 24 35 23 16 32 20 32 10 4 3 28 8 14 31
45 33 16 43 24 48 19 30 9 41 0 47 37 3 35 42 47 34 38 43 15 24 49 37 35 42 33 30 45 41 21 36 29 38 37 8 47 21 14 19 56 21 23 9 31 45 44 19 43 40 34
14 19 31 4 46 15 28 45 38 15 47 0 17 44 13 26 8 18 41 6 47 47 18 40 12 12 33 36 6 15 27 42 50 15 16 45 12 26 45 33 27 43 24 38 21 13 13 39 8 29 45
28 4 25 13 43 29 21 46 30 26 37 17 0 34 8 35 11 23 44 11 41 44 32 43 10 24 36 38 19 26 19 45 49 23 1 38 10 18 39 28 41 39 19 30 23 27 26 34 19 36 48
42 30 13 40 23 45 16 28 6 38 3 44 34 0 32 39 44 31 36 40 14 23 46 35 32 39 30 28 42 38 18 34 28 35 34 7 44 18 13 16 53 19 20 6 28 42 41 17 40 37 32
21 8 20 9 37 23 16 38 26 18 35 13 8 32 0 27 12 15 36 9 36 38 25 35 2 17 28 30 13 18 14 37 43 15 7 34 14 14 34 22 34 33 13 26 15 20 19 28 12 28 40
13 35 27 26 27 16 27 24 33 11 42 26 35 39 27 0 32 12 16 28 33 28 14 15 25 14 12 16 20 11 27 18 29 13 34 38 36 28 33 23 14 26 24 33 14 14 14 26 19 4 21
21 15 32 6 49 22 28 49 38 21 47 8 11 44 12 32 0 22 45 4 48 50 25 44 12 18 37 40 12 21 26 46 54 19 11 46 4 26 46 34 34 45 25 38 24 20 19 40 13 34 49
11 23 18 16 28 14 16 27 25 7 34 18 23 31 15 12 22 0 23 18 30 29 15 22 13 8 15 18 13 7 16 24 32 4 22 31 26 17 28 16 22 25 13 25 3 11 10 21 11 13 27
29 42 26 39 15 32 28 9 30 26 38 41 44 36 36 16 45 23 0 41 24 16 30 1 35 29 8 9 35 26 30 3 14 26 43 30 49 31 24 21 29 17 28 30 22 30 29 19 33 12 6
17 14 28 2 45 18 24 45 34 17 43 6 11 40 9 28 4 18 41 0 44 46 21 40 8 14 33 36 8 17 23 42 50 15 10 42 8 22 42 30 30 41 21 34 20 16 15 36 9 30 45
41 37 16 43 9 44 20 15 12 37 15 47 41 14 36 33 48 30 24 44 0 9 45 24 36 38 21 17 42 37 22 21 14 34 40 7 50 23 2 15 47 7 23 12 27 41 40 9 40 29 19
39 40 19 44 1 42 23 7 20 35 24 47 44 23 38 28 50 29 16 46 9 0 41 16 38 37 16 12 41 35 25 13 6 33 43 16 52 26 10 16 42 5 25 20 26 39 38 10 39 24 11
4 33 33 19 40 3 31 37 40 8 49 18 32 46 25 14 25 15 30 21 45 41 0 29 23 8 25 29 13 8 31 32 42 11 31 46 29 32 43 31 10 39 28 40 18 5 6 36 13 18 35
28 41 25 38 15 31 27 9 29 25 37 40 43 35 35 15 44 22 1 40 24 16 29 0 34 28 7 8 34 25 29 3 14 25 42 30 48 30 24 20 28 17 27 29 21 29 28 18 32 11 6
19 10 20 8 37 21 16 37 26 16 35 12 10 32 2 25 12 13 35 8 36 38 23 34 0 15 27 29 11 16 15 36 42 13 9 34 15 14 34 22 32 33 13 26 13 18 17 28 10 26 38
4 25 26 12 36 6 24 35 33 3 42 12 24 39 17 14 18 8 29 14 38 37 8 28 15 0 23 26 6 3 24 31 40 4 23 39 22 25 36 24 17 33 21 33 11 3 2 29 5 17 34
24 34 19 31 15 27 20 12 24 20 33 33 36 30 28 12 37 15 8 33 21 16 25 7 27 23 0 4 28 20 22 9 17 19 35 26 41 23 21 14 26 14 20 24 14 24 23 14 26 8 12
27 35 17 34 11 30 19 9 22 23 30 36 38 28 30 16 40 18 9 36 17 12 29 8 29 26 4 0 31 23 21 8 14 22 37 23 44 22 17 12 30 10 20 22 16 27 26 11 29 12 10
9 21 29 6 40 10 26 40 36 9 45 6 19 42 13 20 12 13 35 8 42 41 13 34 11 6 28 31 0 9 25 37 45 9 18 43 16 25 40 28 22 37 22 36 15 8 7 33 2 23 40
4 26 25 15 34 7 23 32 32 0 41 15 26 38 18 11 21 7 26 17 37 35 8 25 16 3 20 23 9 0 23 28 37 3 25 38 25 24 35 23 16 32 20 32 10 4 3 28 8 14 31
27 15 6 23 24 30 2 27 12 23 21 27 19 18 14 27 26 16 30 23 22 25 31 29 15 24 22 21 25 23 0 29 30 20 18 20 28 1 20 9 38 20 3 12 13 27 26 15 23 26 30
31 43 25 40 12 34 27 6 28 28 36 42 45 34 37 18 46 24 3 42 21 13 32 3 36 31 9 8 37 28 29 0 11 28 44 28 50 30 22 20 31 15 28 28 23 32 31 17 35 14 3
41 45 24 48 6 44 28 5 25 37 29 50 49 28 43 29 54 32 14 50 14 6 42 14 42 40 17 14 45 37 30 11 0 36 48 21 57 31 16 21 42 10 30 25 30 41 40 15 43 25 8
7 23 22 13 32 10 20 31 29 3 38 15 23 35 15 13 19 4 26 15 34 33 11 25 13 4 19 22 9 3 20 28 36 0 22 35 23 21 32 20 19 29 17 29 7 7 6 25 7 15 31
27 4 24 12 42 28 20 45 29 25 37 16 1 34 7 34 11 22 43 10 40 43 31 42 9 23 35 37 18 25 18 44 48 22 0 37 10 17 38 27 40 38 18 29 22 26 25 33 18 35 47
42 34 14 41 16 45 18 22 8 38 8 45 38 7 34 38 46 31 30 42 7 16 46 30 34 39 26 23 43 38 20 28 21 35 37 0 47 20 6 15 52 13 21 8 28 42 41 12 41 34 26
25 14 34 10 51 26 30 52 39 25 47 12 10 44 14 36 4 26 49 8 50 52 29 48 15 22 41 44 16 25 28 50 57 23 10 47 0 27 48 36 38 47 27 39 28 24 23 42 17 38 53
28 14 7 22 25 31 3 28 12 24 21 26 18 18 14 28 26 17 31 22 23 26 32 30 14 25 23 22 25 24 1 30 31 21 17 20 27 0 21 10 39 21 4 12 14 28 27 16 23 27 31
39 35 14 41 10 42 18 16 10 35 14 45 39 13 34 33 46 28 24 42 2 10 43 24 34 36 21 17 40 35 20 22 16 32 38 6 48 21 0 13 47 7 21 10 25 39 38 7 38 29 20
27 24 5 29 15 30 7 18 10 23 19 33 28 16 22 23 34 16 21 30 15 16 31 20 22 24 14 12 28 23 9 20 21 20 27 15 36 10 13 0 37 11 9 10 13 27 26 6 26 21 21
13 42 40 28 41 13 38 37 47 16 56 27 41 53 34 14 34 22 29 30 47 42 10 28 32 17 26 30 22 16 38 31 42 19 40 52 38 39 47 37 0 40 35 47 25 14 15 40 22 18 34
36 35 14 40 4 39 18 9 15 32 21 43 39 19 33 26 45 25 17 41 7 5 39 17 33 33 14 10 37 32 20 15 10 29 38 13 47 21 7 11 40 0 20 15 22 36 35 5 35 22 13
24 15 7 20 24 27 4 27 14 20 23 24 19 20 13 24 25 13 28 21 23 25 28 27 13 21 20 20 22 20 3 28 30 17 18 21 27 4 21 9 35 20 0 14 10 24 23 15 20 23 30
36 26 7 34 19 39 10 24 0 32 9 38 30 6 26 33 38 25 30 34 12 20 40 29 26 33 24 22 36 32 12 28 25 29 29 8 39 12 10 10 47 15 14 0 22 36 35 11 34 31 28
14 21 15 18 25 17 13 25 22 10 31 21 23 28 15 14 24 3 22 20 27 26 18 21 13 11 14 16 15 10 13 23 30 7 22 28 28 14 25 13 25 22 10 22 0 14 13 18 13 14 25
1 28 29 14 38 3 27 36 36 4 45 13 27 42 20 14 20 11 30 16 41 39 5 29 18 3 24 27 8 4 27 32 41 7 26 42 24 28 39 27 14 36 24 36 14 0 1 32 8 18 35
2 27 28 13 37 4 26 35 35 3 44 13 26 41 19 14 19 10 29 15 40 38 6 28 17 2 23 26 7 3 26 31 40 6 25 41 23 27 38 26 15 35 23 35 13 1 0 31 7 17 34
32 30 9 35 9 35 13 13 11 28 19 39 34 17 28 26 40 21 19 36 9 10 36 18 28 29 14 11 33 28 15 17 15 25 33 12 42 16 7 6 40 5 15 11 18 32 31 0 31 22 17
9 20 27 7 38 11 24 38 34 8 43 8 19 40 12 19 13 11 33 9 40 39 13 32 10 5 26 29 2 8 23 35 43 7 18 41 17 23 38 26 22 35 20 34 13 8 7 31 0 22 38
17 35 25 28 23 20 25 20 31 14 40 29 36 37 28 4 34 13 12 30 29 24 18 11 26 17 8 12 23 14 26 14 25 15 35 34 38 27 29 21 18 22 23 31 14 18 17 22 22 0 17
34 45 26 43 10 37 28 4 28 31 34 45 48 32 40 21 49 27 6 45 19 11 35 6 38 34 12 10 40 31 30 3 8 31 47 26 53 31 20 21 34 13 30 28 25 35 34 17 38 17 0
0 300
91 91
22 22
74 74
100 100
138 138
189 189
63 63
26 26
22 22
277 277
11 11
67 67
203 203
90 90
18 18
128 128
66 66
80 80
55 55
108 108
276 276
144 144
217 217
279 279
198 198
102 102
249 249
254 254
220 220
162 162
9 9
112 112
39 39
103 103
280 280
54 54
172 172
110 110
4 4
249 249
190 190
24 24
298 298
9 9
122 122
13 13
127 127
66 66
57 57
44 44
0
32
59
75
73
49
45
21
54
74
52
71
69
64
48
22
56
62
40
66
66
31
32
20
18
27
27
16
23
82
61
27
20
65
80
25
72
69
34
70
44
75
68
16
48
55
46
42
88
71
47
