51
1627
0 14 51 8 30 22 53 30 27 35 30 4 34 35 41 35 46 20 20 4 47 18 41 20 34 19 43 44 39 26 33 10 40 35 36 13 22 31 34 27 40 24 43 7 38 10 34 26 15 11 40
14 0 42 20 20 24 43 16 17 21 20 10 23 25 31 34 37 21 19 11 37 15 40 14 20 6 42 34 33 13 33 19 38 21 35 2 18 22 29 29 30 27 43 17 40 18 20 12 2 7 38
51 42 0 49 23 34 11 39 26 36 23 47 22 18 17 26 5 33 31 47 10 33 26 31 38 43 28 13 12 43 28 44 20 37 25 44 29 20 17 33 15 35 29 46 30 43 39 34 44 40 20
8 20 49 0 34 17 57 36 31 40 34 11 38 39 45 30 44 17 18 9 50 18 36 20 40 25 38 48 37 32 28 5 36 41 31 19 21 32 32 22 44 19 38 3 33 6 40 30 21 15 36
30 20 23 34 0 24 23 18 3 16 0 26 4 5 11 26 19 21 19 26 17 17 31 14 18 20 33 14 17 20 27 30 25 17 26 22 15 6 15 28 10 27 34 31 33 29 19 11 21 19 25
22 24 34 17 24 0 44 35 22 37 24 20 28 28 34 13 29 3 5 19 38 9 19 12 38 29 21 37 22 34 11 12 19 38 14 24 9 20 17 6 33 3 22 15 17 12 39 27 26 17 19
53 43 11 57 23 44 0 38 26 33 23 49 21 18 14 36 15 42 40 49 7 39 37 37 35 42 39 9 22 42 38 52 31 34 35 45 36 25 27 43 13 45 40 54 41 51 36 33 44 42 31
30 16 39 36 18 35 38 0 17 5 18 26 17 21 24 42 36 32 30 27 32 26 48 23 4 11 50 29 34 5 42 35 42 5 42 17 27 23 32 40 25 38 51 33 49 34 4 8 15 22 42
27 17 26 31 3 22 26 17 0 17 3 23 7 8 14 26 21 19 17 23 20 14 31 11 19 17 33 17 17 18 26 27 25 18 26 19 13 6 15 26 13 25 34 28 33 26 20 9 18 16 25
35 21 36 40 16 37 33 5 17 0 16 31 14 18 19 42 33 34 32 32 27 28 47 25 2 16 49 24 33 10 43 38 41 1 42 22 29 22 31 42 21 40 50 37 49 37 3 10 20 25 41
30 20 23 34 0 24 23 18 3 16 0 26 4 5 11 26 19 21 19 26 17 17 31 14 18 20 33 14 17 20 27 30 25 17 26 22 15 6 15 28 10 27 34 31 33 29 19 11 21 19 25
4 10 47 11 26 20 49 26 23 31 26 0 30 31 37 33 42 18 18 2 43 15 39 16 30 15 41 40 36 22 31 11 38 31 34 9 19 27 31 26 36 23 42 8 37 10 30 22 11 7 38
34 23 22 38 4 28 21 17 7 14 4 30 0 4 8 29 19 25 23 30 15 21 34 18 16 21 36 12 19 21 30 34 28 15 29 25 19 9 18 31 8 31 37 35 36 33 17 12 24 23 28
35 25 18 39 5 28 18 21 8 18 5 31 4 0 6 27 15 25 23 31 12 22 32 19 20 25 34 9 16 25 29 35 26 19 27 27 19 8 16 30 5 31 35 36 34 34 21 16 26 24 26
41 31 17 45 11 34 14 24 14 19 11 37 8 6 0 32 16 31 29 37 8 28 35 25 21 29 37 5 19 28 34 41 29 20 32 33 25 14 21 36 2 37 38 42 39 40 22 20 32 30 29
35 34 26 30 26 13 36 42 26 42 26 33 29 27 32 0 21 15 15 31 31 19 6 20 44 38 8 32 14 42 2 25 6 43 1 35 16 20 11 8 30 11 9 28 7 25 45 34 36 28 6
46 37 5 44 19 29 15 36 21 33 19 42 19 15 16 21 0 28 26 42 11 28 22 26 35 38 24 13 7 39 23 39 16 34 20 39 24 15 12 28 14 30 25 41 26 38 36 30 39 35 16
20 21 33 17 21 3 42 32 19 34 21 18 25 25 31 15 28 0 2 16 35 6 21 9 35 26 23 34 21 31 13 12 21 35 16 21 6 17 16 9 30 6 24 14 20 11 36 24 23 14 21
20 19 31 18 19 5 40 30 17 32 19 18 23 23 29 15 26 2 0 17 33 4 21 7 33 24 23 32 19 29 14 13 20 33 16 20 4 15 14 10 28 8 24 15 21 12 34 22 21 13 20
4 11 47 9 26 19 49 27 23 32 26 2 30 31 37 31 42 16 17 0 43 14 37 16 31 16 39 40 35 23 29 9 37 32 32 10 18 27 30 25 36 22 40 6 36 8 31 22 12 7 37
47 37 10 50 17 38 7 32 20 27 17 43 15 12 8 31 11 35 33 43 0 32 33 30 29 36 35 3 17 36 33 45 27 28 30 39 29 18 21 37 7 39 36 47 37 44 30 27 38 36 27
18 15 33 18 17 9 39 26 14 28 17 15 21 22 28 19 28 6 4 14 32 0 25 3 29 20 27 31 21 25 18 13 24 29 20 16 4 14 16 14 27 12 28 15 25 12 30 18 17 9 24
41 40 26 36 31 19 37 48 31 47 31 39 34 32 35 6 22 21 21 37 33 25 0 26 49 44 2 34 16 48 8 31 6 48 6 41 22 25 16 14 33 17 3 34 4 31 50 40 42 34 6
20 14 31 20 14 12 37 23 11 25 14 16 18 19 25 20 26 9 7 16 30 3 26 0 26 18 28 28 20 22 19 16 24 26 21 15 4 12 15 17 24 15 29 17 26 15 27 15 16 9 24
34 20 38 40 18 38 35 4 19 2 18 30 16 20 21 44 35 35 33 31 29 29 49 26 0 15 51 26 35 9 45 39 43 1 44 21 30 24 33 43 23 41 52 37 51 38 1 11 19 26 43
19 6 43 25 20 29 42 11 17 16 20 15 21 25 29 38 38 26 24 16 36 20 44 18 15 0 46 33 34 7 37 25 41 16 39 6 22 23 31 34 29 32 47 22 44 24 15 9 4 12 41
43 42 28 38 33 21 39 50 33 49 33 41 36 34 37 8 24 23 23 39 35 27 2 28 51 46 0 36 18 50 10 33 8 50 8 43 24 27 18 16 35 19 1 36 5 33 52 42 44 36 8
44 34 13 48 14 37 9 29 17 24 14 40 12 9 5 32 13 34 32 40 3 31 34 28 26 33 36 0 18 33 34 44 28 25 31 36 28 17 22 38 4 40 37 45 38 43 27 24 35 33 28
39 33 12 37 17 22 22 34 17 33 17 36 19 16 19 14 7 21 19 35 17 21 16 20 35 34 18 18 0 35 16 32 10 34 13 35 17 11 5 21 17 23 19 34 20 31 36 26 35 29 10
26 13 43 32 20 34 42 5 18 10 20 22 21 25 28 42 39 31 29 23 36 25 48 22 9 7 50 33 35 0 41 32 43 10 43 13 26 24 33 39 29 37 51 29 48 31 9 9 11 19 43
33 33 28 28 27 11 38 42 26 43 27 31 30 29 34 2 23 13 14 29 33 18 8 19 45 37 10 34 16 41 0 23 8 44 3 34 15 21 13 6 32 9 11 26 7 23 46 34 35 27 8
10 19 44 5 30 12 52 35 27 38 30 11 34 35 41 25 39 12 13 9 45 13 31 16 39 25 33 44 32 32 23 0 31 39 26 19 16 27 27 17 40 14 33 3 28 1 39 28 21 13 31
40 38 20 36 25 19 31 42 25 41 25 38 28 26 29 6 16 21 20 37 27 24 6 24 43 41 8 28 10 43 8 31 0 42 5 39 20 19 10 14 27 17 9 34 10 31 44 34 40 32 0
35 21 37 41 17 38 34 5 18 1 17 31 15 19 20 43 34 35 33 32 28 29 48 26 1 16 50 25 34 10 44 39 42 0 43 22 30 23 32 43 22 41 51 38 50 38 2 11 20 26 42
36 35 25 31 26 14 35 42 26 42 26 34 29 27 32 1 20 16 16 32 30 20 6 21 44 39 8 31 13 43 3 26 5 43 0 36 17 20 11 9 30 12 9 29 7 26 45 34 37 29 5
13 2 44 19 22 24 45 17 19 22 22 9 25 27 33 35 39 21 20 10 39 16 41 15 21 6 43 36 35 13 34 19 39 22 36 0 19 24 30 30 32 27 44 16 41 18 21 14 2 7 39
22 18 29 21 15 9 36 27 13 29 15 19 19 19 25 16 24 6 4 18 29 4 22 4 30 22 24 28 17 26 15 16 20 30 17 19 0 11 12 13 24 12 25 18 22 15 31 19 20 12 20
31 22 20 32 6 20 25 23 6 22 6 27 9 8 14 20 15 17 15 27 18 14 25 12 24 23 27 17 11 24 21 27 19 23 20 24 11 0 9 22 13 23 28 29 27 26 25 15 24 20 19
34 29 17 32 15 17 27 32 15 31 15 31 18 16 21 11 12 16 14 30 21 16 16 15 33 31 18 22 5 33 13 27 10 32 11 30 12 9 0 16 19 18 19 29 18 26 34 24 31 24 10
27 29 33 22 28 6 43 40 26 42 28 26 31 30 36 8 28 9 10 25 37 14 14 17 43 34 16 38 21 39 6 17 14 43 9 30 13 22 16 0 35 3 16 20 11 17 44 32 31 23 14
40 30 15 44 10 33 13 25 13 21 10 36 8 5 2 30 14 30 28 36 7 27 33 24 23 29 35 4 17 29 32 40 27 22 30 32 24 13 19 35 0 36 36 41 37 39 24 20 31 29 27
24 27 35 19 27 3 45 38 25 40 27 23 31 31 37 11 30 6 8 22 39 12 17 15 41 32 19 40 23 37 9 14 17 41 12 27 12 23 18 3 36 0 19 17 14 14 42 30 29 20 17
43 43 29 38 34 22 40 51 34 50 34 42 37 35 38 9 25 24 24 40 36 28 3 29 52 47 1 37 19 51 11 33 9 51 9 44 25 28 19 16 36 19 0 36 5 33 53 43 45 37 9
7 17 46 3 31 15 54 33 28 37 31 8 35 36 42 28 41 14 15 6 47 15 34 17 37 22 36 45 34 29 26 3 34 38 29 16 18 29 29 20 41 17 36 0 31 3 37 27 18 12 34
38 40 30 33 33 17 41 49 33 49 33 37 36 34 39 7 26 20 21 36 37 25 4 26 51 44 5 38 20 48 7 28 10 50 7 41 22 27 18 11 37 14 5 31 0 28 52 41 42 34 10
10 18 43 6 29 12 51 34 26 37 29 10 33 34 40 25 38 11 12 8 44 12 31 15 38 24 33 43 31 31 23 1 31 38 26 18 15 26 26 17 39 14 33 3 28 0 38 27 20 12 31
34 20 39 40 19 39 36 4 20 3 19 30 17 21 22 45 36 36 34 31 30 30 50 27 1 15 52 27 36 9 46 39 44 2 45 21 31 25 34 44 24 42 53 37 52 38 0 12 19 26 44
26 12 34 30 11 27 33 8 9 10 11 22 12 16 20 34 30 24 22 22 27 18 40 15 11 9 42 24 26 9 34 28 34 11 34 14 19 15 24 32 20 30 43 27 41 27 12 0 12 15 34
15 2 44 21 21 26 44 15 18 20 21 11 24 26 32 36 39 23 21 12 38 17 42 16 19 4 44 35 35 11 35 21 40 20 37 2 20 24 31 31 31 29 45 18 42 20 19 12 0 9 40
11 7 40 15 19 17 42 22 16 25 19 7 23 24 30 28 35 14 13 7 36 9 34 9 26 12 36 33 29 19 27 13 32 26 29 7 12 20 24 23 29 20 37 12 34 12 26 15 9 0 32
40 38 20 36 25 19 31 42 25 41 25 38 28 26 29 6 16 21 20 37 27 24 6 24 43 41 8 28 10 43 8 31 0 42 5 39 20 19 10 14 27 17 9 34 10 31 44 34 40 32 0
0 764
306 458
321 473
449 601
419 571
546 698
50 202
34 186
257 409
235 387
197 349
341 493
301 453
59 211
257 409
40 192
263 415
579 731
522 674
152 304
349 501
93 245
572 724
377 529
419 571
593 745
46 198
512 664
550 702
463 615
605 757
374 526
143 295
404 556
474 626
456 608
511 663
84 236
270 422
62 214
386 538
200 352
289 441
572 724
337 489
555 707
431 583
598 750
233 385
343 495
543 695
0
10
70
62
23
46
52
46
81
36
80
30
53
43
63
28
31
44
48
32
60
64
54
20
19
78
65
43
44
59
37
38
71
44
73
31
85
86
30
62
69
30
23
50
59
63
20
76
78
61
32
