51
1625
0 40 35 36 29 16 6 22 16 28 33 27 23 27 24 32 16 21 15 26 11 12 21 10 19 13 20 25 22 13 24 35 25 8 26 12 23 30 32 7 33 39 26 12 25 18 31 27 25 41 30
40 0 8 16 38 56 34 18 24 32 33 38 23 38 19 15 33 19 55 39 46 29 35 43 29 53 30 15 35 27 22 11 16 46 33 51 42 13 33 43 7 8 26 29 35 41 22 40 20 8 25
35 8 0 9 30 51 29 13 19 24 25 38 23 38 12 7 30 16 50 31 39 24 27 36 22 48 29 12 27 22 22 4 10 41 25 45 34 5 35 37 8 4 18 25 35 34 25 32 20 6 27
36 16 9 0 24 52 30 16 20 18 18 43 29 43 12 4 34 20 51 25 37 25 23 34 20 48 34 18 22 23 28 5 12 42 19 43 29 8 41 35 16 9 13 27 40 30 33 26 27 11 34
29 38 30 24 0 38 27 27 23 6 8 48 37 48 21 23 36 29 36 3 20 23 8 19 13 33 39 30 7 25 38 28 24 37 6 27 7 26 51 22 35 32 13 29 45 11 44 3 37 34 44
16 56 51 52 38 0 22 38 32 41 46 35 37 35 40 48 27 37 2 35 18 28 34 21 33 5 31 41 35 29 38 51 41 12 39 11 32 46 42 18 49 55 40 28 34 27 44 36 40 57 41
6 34 29 30 27 22 0 16 10 25 30 24 17 24 18 26 12 15 21 25 15 6 19 13 15 19 16 19 20 7 18 29 19 12 24 18 24 24 28 11 27 33 22 6 22 19 25 26 19 35 24
22 18 13 16 27 38 16 0 6 21 25 27 13 27 6 12 18 4 37 26 28 11 20 25 14 35 18 4 20 9 13 14 4 28 21 33 27 9 26 25 11 17 14 12 24 26 19 27 12 19 19
16 24 19 20 23 32 10 6 0 20 24 26 14 26 8 16 14 6 31 22 22 5 16 19 10 29 17 9 16 3 15 19 9 22 19 27 23 14 28 19 17 23 13 7 23 20 21 23 14 25 21
28 32 24 18 6 41 25 21 20 0 5 45 34 45 15 17 33 25 39 8 23 20 7 20 10 36 36 24 6 22 34 22 18 36 2 30 12 20 47 23 29 26 7 26 42 14 39 8 33 28 40
33 33 25 18 8 46 30 25 24 5 0 50 38 50 19 18 38 29 44 11 28 25 12 25 15 41 41 28 11 27 38 22 22 41 7 35 15 21 51 28 31 26 11 31 47 19 43 11 37 28 44
27 38 38 43 48 35 24 27 26 45 50 0 15 0 33 39 12 23 37 47 38 25 41 37 35 37 9 26 41 23 16 41 31 24 44 39 47 36 7 34 31 41 39 19 3 43 16 48 18 43 13
23 23 23 29 37 37 17 13 14 34 38 15 0 15 19 25 10 9 38 36 32 15 30 30 24 36 7 11 30 13 1 26 17 25 33 35 37 21 14 28 16 26 27 11 12 33 8 37 3 28 7
27 38 38 43 48 35 24 27 26 45 50 0 15 0 33 39 12 23 37 47 38 25 41 37 35 37 9 26 41 23 16 41 31 24 44 39 47 36 7 34 31 41 39 19 3 43 16 48 18 43 13
24 19 12 12 21 40 18 6 8 15 19 33 19 33 0 8 22 10 39 21 27 13 16 24 11 37 24 9 16 11 19 12 3 30 15 33 23 7 32 25 14 16 8 15 30 23 24 22 18 18 25
32 15 7 4 23 48 26 12 16 17 18 39 25 39 8 0 30 16 47 24 34 21 21 31 17 45 30 14 20 19 24 5 8 38 18 40 28 4 37 32 14 9 11 23 36 28 29 25 23 11 30
16 33 30 34 36 27 12 18 14 33 38 12 10 12 22 30 0 14 28 35 27 13 29 25 23 28 4 18 29 11 11 32 22 15 32 28 35 27 16 23 26 34 27 7 10 31 17 36 13 36 14
21 19 16 20 29 37 15 4 6 25 29 23 9 23 10 16 14 0 36 28 28 10 22 25 16 34 14 4 22 8 9 18 8 27 24 32 29 13 22 24 12 20 18 10 20 26 15 29 8 22 15
15 55 50 51 36 2 21 37 31 39 44 37 38 37 39 47 28 36 0 33 16 27 32 19 31 3 32 40 33 28 39 50 40 13 37 9 30 45 43 16 48 54 38 27 35 25 45 34 40 56 42
26 39 31 25 3 35 25 26 22 8 11 47 36 47 21 24 35 28 33 0 17 22 6 16 12 30 38 30 6 24 37 29 24 34 6 24 4 26 50 19 35 33 13 28 44 8 43 1 36 35 43
11 46 39 37 20 18 15 28 22 23 28 38 32 38 27 34 27 28 16 17 0 18 16 3 17 13 31 31 17 20 33 39 30 19 21 7 14 34 43 4 39 43 24 21 36 9 40 18 34 45 39
12 29 24 25 23 28 6 11 5 20 25 25 15 25 13 21 13 10 27 22 18 0 16 15 10 25 16 14 16 2 16 24 14 18 19 22 23 19 28 14 22 28 16 6 22 18 23 23 16 30 22
21 35 27 23 8 34 19 20 16 7 12 41 30 41 16 21 29 22 32 6 16 16 0 13 6 29 32 24 1 18 31 26 19 29 5 23 7 22 44 16 30 30 10 22 38 7 37 7 30 32 37
10 43 36 34 19 21 13 25 19 20 25 37 30 37 24 31 25 25 19 16 3 15 13 0 14 16 29 28 14 17 31 36 27 18 18 10 13 31 41 3 36 40 21 19 35 8 38 17 31 42 37
19 29 22 20 13 33 15 14 10 10 15 35 24 35 11 17 23 16 31 12 17 10 6 14 0 28 26 18 6 12 25 22 13 27 9 23 13 17 38 15 24 26 7 16 32 12 31 13 24 28 31
13 53 48 48 33 5 19 35 29 36 41 37 36 37 37 45 28 34 3 30 13 25 29 16 28 0 32 38 30 26 37 48 38 13 34 6 27 43 43 13 46 52 35 25 35 22 44 31 38 54 42
20 30 29 34 39 31 16 18 17 36 41 9 7 9 24 30 4 14 32 38 31 16 32 29 26 32 0 17 32 14 8 32 22 19 35 32 38 27 12 27 23 33 30 10 6 34 13 39 10 35 10
25 15 12 18 30 41 19 4 9 24 28 26 11 26 9 14 18 4 40 30 31 14 24 28 18 38 17 0 24 12 10 15 7 31 24 36 31 10 23 28 8 16 17 14 23 29 15 31 9 18 16
22 35 27 22 7 35 20 20 16 6 11 41 30 41 16 20 29 22 33 6 17 16 1 14 6 30 32 24 0 18 31 25 19 30 4 24 8 22 44 17 30 29 9 22 38 8 37 7 30 31 37
13 27 22 23 25 29 7 9 3 22 27 23 13 23 11 19 11 8 28 24 20 2 18 17 12 26 14 12 18 0 14 22 12 19 21 24 25 17 26 16 20 26 16 4 20 20 21 25 14 28 20
24 22 22 28 38 38 18 13 15 34 38 16 1 16 19 24 11 9 39 37 33 16 31 31 25 37 8 10 31 14 0 25 17 26 33 36 38 20 13 29 15 25 27 12 13 34 7 38 2 27 6
35 11 4 5 28 51 29 14 19 22 22 41 26 41 12 5 32 18 50 29 39 24 26 36 22 48 32 15 25 22 25 0 10 41 23 45 33 5 38 37 12 4 16 26 38 33 29 30 24 6 31
25 16 10 12 24 41 19 4 9 18 22 31 17 31 3 8 22 8 40 24 30 14 19 27 13 38 22 7 19 12 17 10 0 31 18 35 26 5 30 27 11 14 11 16 28 25 22 25 16 16 23
8 46 41 42 37 12 12 28 22 36 41 24 25 24 30 38 15 27 13 34 19 18 29 18 27 13 19 31 30 19 26 41 31 0 34 15 31 36 30 15 39 45 34 17 22 26 32 35 28 47 29
26 33 25 19 6 39 24 21 19 2 7 44 33 44 15 18 32 24 37 6 21 19 5 18 9 34 35 24 4 21 33 23 18 34 0 28 10 20 46 21 29 27 7 25 41 12 39 7 32 29 39
12 51 45 43 27 11 18 33 27 30 35 39 35 39 33 40 28 32 9 24 7 22 23 10 23 6 32 36 24 24 36 45 35 15 28 0 21 40 44 8 44 49 30 24 37 16 43 25 37 51 42
23 42 34 29 7 32 24 27 23 12 15 47 37 47 23 28 35 29 30 4 14 23 7 13 13 27 38 31 8 25 38 33 26 31 10 21 0 29 50 16 37 37 17 28 44 5 44 4 37 39 44
30 13 5 8 26 46 24 9 14 20 21 36 21 36 7 4 27 13 45 26 34 19 22 31 17 43 27 10 22 17 20 5 5 36 20 40 29 0 33 32 10 9 13 21 33 29 25 27 19 11 26
32 33 35 41 51 42 28 26 28 47 51 7 14 7 32 37 16 22 43 50 43 28 44 41 38 43 12 23 44 26 13 38 30 30 46 44 50 33 0 39 27 37 40 22 8 46 11 51 15 39 8
7 43 37 35 22 18 11 25 19 23 28 34 28 34 25 32 23 24 16 19 4 14 16 3 15 13 27 28 17 16 29 37 27 15 21 8 16 32 39 0 36 41 22 17 32 11 36 20 30 43 35
33 7 8 16 35 49 27 11 17 29 31 31 16 31 14 14 26 12 48 35 39 22 30 36 24 46 23 8 30 20 15 12 11 39 29 44 37 10 27 36 0 10 22 22 28 36 17 36 13 12 19
39 8 4 9 32 55 33 17 23 26 26 41 26 41 16 9 34 20 54 33 43 28 30 40 26 52 33 16 29 26 25 4 14 45 27 49 37 9 37 41 10 0 20 29 38 37 27 34 23 2 29
26 26 18 13 13 40 22 14 13 7 11 39 27 39 8 11 27 18 38 13 24 16 10 21 7 35 30 17 9 16 27 16 11 34 7 30 17 13 40 22 22 20 0 20 36 17 32 14 26 22 33
12 29 25 27 29 28 6 12 7 26 31 19 11 19 15 23 7 10 27 28 21 6 22 19 16 25 10 14 22 4 12 26 16 17 25 24 28 21 22 17 22 29 20 0 16 24 19 29 13 31 18
25 35 35 40 45 34 22 24 23 42 47 3 12 3 30 36 10 20 35 44 36 22 38 35 32 35 6 23 38 20 13 38 28 22 41 37 44 33 8 32 28 38 36 16 0 40 14 45 15 40 11
18 41 34 30 11 27 19 26 20 14 19 43 33 43 23 28 31 26 25 8 9 18 7 8 12 22 34 29 8 20 34 33 25 26 12 16 5 29 46 11 36 37 17 24 40 0 41 9 34 39 40
31 22 25 33 44 44 25 19 21 39 43 16 8 16 24 29 17 15 45 43 40 23 37 38 31 44 13 15 37 21 7 29 22 32 39 43 44 25 11 36 17 27 32 19 14 41 0 44 7 29 3
27 40 32 26 3 36 26 27 23 8 11 48 37 48 22 25 36 29 34 1 18 23 7 17 13 31 39 31 7 25 38 30 25 35 7 25 4 27 51 20 36 34 14 29 45 9 44 0 37 36 44
25 20 20 27 37 40 19 12 14 33 37 18 3 18 18 23 13 8 40 36 34 16 30 31 24 38 10 9 30 14 2 24 16 28 32 37 37 19 15 30 13 23 26 13 15 34 7 37 0 25 7
41 8 6 11 34 57 35 19 25 28 28 43 28 43 18 11 36 22 56 35 45 30 32 42 28 54 35 18 31 28 27 6 16 47 29 51 39 11 39 43 12 2 22 31 40 39 29 36 25 0 31
30 25 27 34 44 41 24 19 21 40 44 13 7 13 25 30 14 15 42 43 39 22 37 37 31 42 10 16 37 20 6 31 23 29 39 42 44 26 8 35 19 29 33 18 11 40 3 44 7 31 0
0 382
110 262
158 310
69 221
73 225
229 381
228 380
103 255
142 294
25 177
182 334
44 196
153 305
17 169
208 360
164 316
187 339
86 238
61 213
123 275
38 190
152 304
42 194
15 167
0 152
53 205
178 330
170 322
112 264
60 212
164 316
58 210
195 347
26 178
96 248
0 152
60 212
189 341
218 370
106 258
211 363
157 309
14 166
20 172
59 211
90 242
70 222
34 186
162 314
32 184
138 290
0
12
60
76
83
46
39
63
54
54
82
52
42
94
26
51
66
88
19
31
89
27
84
36
44
26
36
53
43
18
32
28
78
43
59
41
65
75
21
64
20
16
49
78
58
29
52
64
40
59
34
