51
1622
0 27 30 28 33 23 8 17 24 33 38 40 32 19 34 13 5 18 34 13 3 28 11 11 3 35 29 41 17 34 10 37 22 21 16 48 12 30 19 37 17 39 32 3 39 39 18 15 35 25 22
27 0 4 28 19 23 24 37 20 36 11 13 5 36 25 14 22 9 7 19 26 32 28 16 30 11 18 23 14 9 22 19 17 38 18 44 26 38 10 12 18 31 35 27 33 12 9 34 16 9 23
30 4 0 32 23 27 28 41 24 40 9 10 3 40 29 18 25 12 5 22 29 36 32 19 33 12 22 25 18 10 25 21 21 42 19 48 30 42 14 13 19 34 39 31 37 10 12 38 18 8 22
28 28 32 0 14 5 20 24 8 8 32 36 31 20 9 23 28 27 33 34 31 6 19 28 31 24 11 20 17 26 35 18 11 20 35 20 17 12 19 26 36 12 8 25 11 34 26 21 19 34 43
33 19 23 14 0 13 25 34 10 21 19 23 20 32 6 22 30 24 21 33 34 20 26 27 36 11 4 8 17 13 35 4 11 32 33 25 24 26 16 12 34 12 21 30 14 21 23 31 5 28 40
23 23 27 5 13 0 15 22 4 13 30 34 27 19 11 18 23 22 29 29 26 9 15 23 26 22 9 21 12 24 30 17 6 19 30 25 13 15 14 24 31 16 12 20 16 32 21 19 17 29 38
8 24 28 20 25 15 0 14 16 25 34 37 29 14 26 11 9 18 31 18 11 20 5 13 11 29 21 33 10 29 17 29 14 16 21 40 4 22 14 31 22 31 24 5 31 36 17 11 28 25 28
17 37 41 24 34 22 14 0 24 24 47 50 42 4 33 25 20 32 44 29 20 20 9 26 18 41 30 42 23 42 27 38 24 6 32 39 11 18 27 43 33 36 23 14 35 49 31 3 38 39 39
24 20 24 8 10 4 16 24 0 16 26 30 24 22 10 15 22 19 25 26 26 13 17 20 27 18 6 18 9 20 28 14 3 23 27 27 15 19 11 20 28 16 16 21 17 28 18 21 14 26 35
33 36 40 8 21 13 25 24 16 0 40 44 39 20 15 31 34 35 41 42 36 5 23 36 36 32 19 26 25 34 42 25 19 20 43 15 21 8 27 33 44 14 1 30 11 42 34 23 26 42 51
38 11 9 32 19 30 34 47 26 40 0 4 6 46 25 25 33 20 4 30 37 38 38 27 41 8 21 20 24 6 33 17 24 47 28 44 36 44 20 7 28 30 40 38 33 2 20 44 14 17 31
40 13 10 36 23 34 37 50 30 44 4 0 8 49 29 27 35 22 6 32 39 42 41 29 43 12 25 24 27 10 35 21 28 51 29 48 39 48 23 11 29 34 44 40 37 2 22 47 18 18 32
32 5 3 31 20 27 29 42 24 39 6 8 0 41 26 19 27 14 2 24 31 36 33 21 35 9 20 22 19 7 27 18 21 43 22 45 31 42 15 10 22 31 39 32 34 7 14 39 15 11 25
19 36 40 20 32 19 14 4 22 20 46 49 41 0 29 24 22 31 43 31 22 16 9 27 21 39 28 40 22 40 29 36 22 2 34 35 10 14 26 41 35 32 19 16 31 48 30 4 36 38 41
34 25 29 9 6 11 26 33 10 15 25 29 26 29 0 25 32 28 27 36 36 15 26 30 37 17 7 11 19 19 38 10 13 29 37 19 24 21 20 18 38 6 15 31 8 27 27 30 11 34 44
13 14 18 23 22 18 11 25 15 31 25 27 19 24 25 0 8 7 21 11 12 27 16 5 16 22 19 29 6 21 13 25 12 26 12 42 14 31 6 24 13 31 30 13 32 26 6 22 22 14 20
5 22 25 28 30 23 9 20 22 34 33 35 27 22 32 8 0 13 29 9 4 29 13 6 8 30 26 37 13 29 8 33 19 24 12 48 13 31 14 32 13 38 33 6 39 34 13 18 30 20 19
18 9 12 27 24 22 18 32 19 35 20 22 14 31 28 7 13 0 16 10 17 31 23 7 21 20 21 30 12 18 13 26 16 33 9 46 21 37 8 21 10 34 34 19 36 21 1 29 23 8 16
34 7 5 33 21 29 31 44 25 41 4 6 2 43 27 21 29 16 0 26 33 38 35 23 37 10 22 23 21 8 29 19 23 45 24 46 33 44 17 10 24 32 41 34 35 5 16 41 16 13 27
13 19 22 34 33 29 18 29 26 42 30 32 24 31 36 11 9 10 26 0 10 37 22 6 14 30 30 40 17 28 3 36 23 33 3 53 22 40 17 31 4 42 41 15 43 31 11 27 33 14 10
3 26 29 31 34 26 11 20 26 36 37 39 31 22 36 12 4 17 33 10 0 31 14 10 4 34 30 41 17 33 7 37 23 24 13 51 15 33 18 36 14 42 35 6 42 38 17 18 34 24 19
28 32 36 6 20 9 20 20 13 5 38 42 36 16 15 27 29 31 38 37 31 0 18 31 31 30 17 26 21 32 37 24 15 15 39 20 16 6 23 32 40 17 4 25 15 40 30 18 25 38 47
11 28 32 19 26 15 5 9 17 23 38 41 33 9 26 16 13 23 35 22 14 18 0 18 14 32 22 34 14 33 21 30 15 11 25 38 2 19 18 34 26 31 22 8 30 40 22 6 30 30 32
11 16 19 28 27 23 13 26 20 36 27 29 21 27 30 5 6 7 23 6 10 31 18 0 14 26 24 34 11 25 8 30 17 29 8 47 17 35 11 28 9 36 35 12 37 28 7 23 27 14 16
3 30 33 31 36 26 11 18 27 36 41 43 35 21 37 16 8 21 37 14 4 31 14 14 0 38 32 44 20 37 11 40 25 23 17 51 15 33 22 40 18 42 35 6 42 42 21 17 38 28 23
35 11 12 24 11 22 29 41 18 32 8 12 9 39 17 22 30 20 10 30 34 30 32 26 38 0 13 13 19 2 33 9 17 40 29 36 30 36 16 2 29 22 32 34 25 10 19 38 6 20 34
29 18 22 11 4 9 21 30 6 19 21 25 20 28 7 19 26 21 22 30 30 17 22 24 32 13 0 12 13 15 32 8 7 28 30 26 20 23 13 15 31 13 19 26 15 23 20 27 8 27 37
41 23 25 20 8 21 33 42 18 26 20 24 22 40 11 29 37 30 23 40 41 26 34 34 44 13 12 0 25 15 42 4 19 40 39 25 32 32 23 13 40 12 26 38 15 22 29 39 7 32 46
17 14 18 17 17 12 10 23 9 25 24 27 19 22 19 6 13 12 21 17 17 21 14 11 20 19 13 25 0 19 19 21 6 24 18 36 12 25 4 21 19 25 24 15 26 26 11 20 18 19 26
34 9 10 26 13 24 29 42 20 34 6 10 7 40 19 21 29 18 8 28 33 32 33 25 37 2 15 15 19 0 31 11 18 41 27 38 31 38 15 3 27 24 34 33 27 8 18 39 8 18 32
10 22 25 35 35 30 17 27 28 42 33 35 27 29 38 13 8 13 29 3 7 37 21 8 11 33 32 42 19 31 0 38 25 31 6 55 21 39 19 34 7 44 41 13 45 34 14 25 35 17 12
37 19 21 18 4 17 29 38 14 25 17 21 18 36 10 25 33 26 19 36 37 24 30 30 40 9 8 4 21 11 38 0 15 36 35 27 28 30 19 10 36 13 25 34 16 19 25 35 3 28 42
22 17 21 11 11 6 14 24 3 19 24 28 21 22 13 12 19 16 23 23 23 15 15 17 25 17 7 19 6 18 25 15 0 23 24 30 13 21 8 19 25 19 18 19 20 26 15 21 15 23 32
21 38 42 20 32 19 16 6 23 20 47 51 43 2 29 26 24 33 45 33 24 15 11 29 23 40 28 40 24 41 31 36 23 0 36 35 12 13 28 42 37 32 19 18 30 49 32 6 36 40 43
16 18 19 35 33 30 21 32 27 43 28 29 22 34 37 12 12 9 24 3 13 39 25 8 17 29 30 39 18 27 6 35 24 36 0 54 25 43 17 30 1 43 42 18 44 29 10 30 32 11 8
48 44 48 20 25 25 40 39 27 15 44 48 45 35 19 42 48 46 46 53 51 20 38 47 51 36 26 25 36 38 55 27 30 35 54 0 36 22 38 37 55 14 16 45 11 46 45 38 30 53 62
12 26 30 17 24 13 4 11 15 21 36 39 31 10 24 14 13 21 33 22 15 16 2 17 15 30 20 32 12 31 21 28 13 12 25 36 0 18 16 32 26 29 20 9 28 38 20 8 28 28 32
30 38 42 12 26 15 22 18 19 8 44 48 42 14 21 31 31 37 44 40 33 6 19 35 33 36 23 32 25 38 39 30 21 13 43 22 18 0 29 38 44 22 7 27 19 46 36 17 31 44 50
19 10 14 19 16 14 14 27 11 27 20 23 15 26 20 6 14 8 17 17 18 23 18 11 22 16 13 23 4 15 19 19 8 28 17 38 16 29 0 18 18 26 26 18 28 22 7 24 16 15 24
37 12 13 26 12 24 31 43 20 33 7 11 10 41 18 24 32 21 10 31 36 32 34 28 40 2 15 13 21 3 34 10 19 42 30 37 32 38 18 0 30 23 33 36 26 9 21 40 7 21 35
17 18 19 36 34 31 22 33 28 44 28 29 22 35 38 13 13 10 24 4 14 40 26 9 18 29 31 40 19 27 7 36 25 37 1 55 26 44 18 30 0 44 43 19 45 29 11 31 33 11 7
39 31 34 12 12 16 31 36 16 14 30 34 31 32 6 31 38 34 32 42 42 17 31 36 42 22 13 12 25 24 44 13 19 32 43 14 29 22 26 23 44 0 15 36 3 32 33 33 16 40 50
32 35 39 8 21 12 24 23 16 1 40 44 39 19 15 30 33 34 41 41 35 4 22 35 35 32 19 26 24 34 41 25 18 19 42 16 20 7 26 33 43 15 0 29 12 42 33 22 26 41 50
3 27 31 25 30 20 5 14 21 30 38 40 32 16 31 13 6 19 34 15 6 25 8 12 6 34 26 38 15 33 13 34 19 18 18 45 9 27 18 36 19 36 29 0 36 39 19 12 33 26 25
39 33 37 11 14 16 31 35 17 11 33 37 34 31 8 32 39 36 35 43 42 15 30 37 42 25 15 15 26 27 45 16 20 30 44 11 28 19 28 26 45 3 12 36 0 35 35 32 19 42 52
39 12 10 34 21 32 36 49 28 42 2 2 7 48 27 26 34 21 5 31 38 40 40 28 42 10 23 22 26 8 34 19 26 49 29 46 38 46 22 9 29 32 42 39 35 0 21 46 16 18 32
18 9 12 26 23 21 17 31 18 34 20 22 14 30 27 6 13 1 16 11 17 30 22 7 21 19 20 29 11 18 14 25 15 32 10 45 20 36 7 21 11 33 33 19 35 21 0 28 22 8 17
15 34 38 21 31 19 11 3 21 23 44 47 39 4 30 22 18 29 41 27 18 18 6 23 17 38 27 39 20 39 25 35 21 6 30 38 8 17 24 40 31 33 22 12 32 46 28 0 35 36 37
35 16 18 19 5 17 28 38 14 26 14 18 15 36 11 22 30 23 16 33 34 25 30 27 38 6 8 7 18 8 35 3 15 36 32 30 28 31 16 7 33 16 26 33 19 16 22 35 0 25 39
25 9 8 34 28 29 25 39 26 42 17 18 11 38 34 14 20 8 13 14 24 38 30 14 28 20 27 32 19 18 17 28 23 40 11 53 28 44 15 21 11 40 41 26 42 18 8 36 25 0 14
22 23 22 43 40 38 28 39 35 51 31 32 25 41 44 20 19 16 27 10 19 47 32 16 23 34 37 46 26 32 12 42 32 43 8 62 32 50 24 35 7 50 50 25 52 32 17 37 39 14 0
0 737
47 47
258 258
343 343
0 0
622 622
694 694
659 659
400 400
519 519
524 524
730 730
85 85
543 543
708 708
479 479
350 350
174 174
29 29
693 693
350 350
721 721
490 490
260 260
356 356
130 130
76 76
621 621
129 129
338 338
688 688
272 272
549 549
708 708
365 365
683 683
300 300
43 43
592 592
617 617
224 224
299 299
209 209
315 315
620 620
728 728
110 110
710 710
103 103
533 533
689 689
0
52
73
57
49
73
16
28
47
50
68
44
26
44
49
37
84
52
36
36
52
39
58
67
54
52
35
43
55
69
39
61
45
46
35
32
69
40
60
72
25
47
57
69
51
52
73
68
42
36
31
