51
1625
0 10 8 24 19 23 22 13 12 11 16 16 9 25 17 16 20 14 3 17 30 24 16 17 20 8 26 5 31 10 30 28 22 15 19 24 15 19 22 25 17 11 27 29 34 18 15 16 16 29 16
10 0 17 33 19 25 22 10 17 21 21 24 7 32 26 25 12 16 12 25 40 34 16 26 12 18 36 15 36 7 40 33 23 18 29 26 7 27 15 35 27 20 31 39 39 15 25 26 25 39 21
8 17 0 16 15 29 30 15 7 10 10 9 17 18 10 8 24 21 5 9 23 22 24 9 24 7 23 9 26 18 24 21 18 11 19 30 19 12 24 19 12 14 22 27 28 26 14 15 8 27 11
24 33 16 0 23 41 44 28 17 19 13 10 33 7 9 8 37 35 21 8 13 24 38 7 37 19 20 23 18 34 15 11 23 19 25 42 34 7 35 11 13 25 19 26 18 42 21 21 8 24 15
19 19 15 23 0 41 39 9 8 25 10 14 24 20 22 19 15 32 16 16 34 37 33 20 15 22 36 23 18 25 35 19 4 4 34 42 14 16 12 30 26 29 13 42 22 33 29 30 19 40 8
23 25 29 41 41 0 5 34 35 22 39 38 18 46 32 34 37 9 26 37 43 28 9 35 37 23 33 20 54 18 41 50 45 38 21 1 32 41 40 38 29 16 50 32 57 14 22 23 34 33 39
22 22 30 44 39 5 0 31 34 25 38 38 15 47 35 36 34 9 25 38 46 32 6 37 34 25 37 21 53 15 44 50 43 37 25 5 29 41 37 41 32 19 49 36 56 9 25 26 36 37 38
13 10 15 28 9 34 31 0 11 23 15 18 16 25 25 22 9 25 12 20 37 36 25 23 9 20 38 18 27 17 38 26 13 9 32 35 6 21 9 33 27 24 22 41 31 25 28 28 22 41 13
12 17 7 17 8 35 34 11 0 17 4 7 21 15 14 11 20 26 9 9 26 29 28 12 20 14 28 16 19 22 27 16 11 4 26 36 17 10 19 22 18 21 15 34 22 30 21 22 11 32 4
11 21 10 19 25 22 25 23 17 0 19 17 18 24 10 12 31 16 11 15 21 13 20 13 31 3 16 6 34 19 20 28 28 21 10 23 26 19 32 16 7 6 31 18 35 26 5 5 12 18 21
16 21 10 13 10 39 38 15 4 19 0 4 25 11 12 9 24 30 13 6 24 27 32 10 24 17 26 19 16 26 25 12 10 6 28 40 21 6 22 20 16 24 12 32 18 34 24 24 9 30 2
16 24 9 10 14 38 38 18 7 17 4 0 25 9 8 5 27 30 13 2 20 23 32 6 27 15 22 18 18 26 21 12 14 10 24 39 24 3 26 16 12 22 15 28 19 34 20 20 5 26 6
9 7 17 33 24 18 15 16 21 18 25 25 0 34 26 25 19 9 12 26 39 30 9 26 19 16 33 12 40 1 38 37 28 23 24 19 14 28 22 34 25 15 36 35 43 9 21 22 25 35 25
25 32 18 7 20 46 47 25 15 24 11 9 34 0 15 12 34 38 22 9 20 30 41 12 34 23 27 26 11 35 22 4 18 16 31 47 31 6 32 18 19 30 12 33 11 43 27 27 12 31 12
17 26 10 9 22 32 35 25 14 10 12 8 26 15 0 3 34 26 14 6 14 15 29 3 34 10 14 14 25 27 14 19 22 18 16 33 29 10 33 9 4 16 23 20 26 34 12 12 3 18 14
16 25 8 8 19 34 36 22 11 12 9 5 25 12 3 0 31 27 13 3 15 18 30 1 31 11 17 15 22 26 16 16 19 15 19 35 27 7 30 11 7 18 20 23 23 34 15 15 0 21 11
20 12 24 37 15 37 34 9 20 31 24 27 19 34 34 31 0 28 20 29 46 44 28 32 0 28 46 25 33 19 47 34 19 18 39 38 5 30 5 42 35 31 28 49 37 25 35 36 31 49 22
14 16 21 35 32 9 9 25 26 16 30 30 9 38 26 27 28 0 17 29 37 25 4 28 28 16 28 12 45 10 35 42 36 29 18 10 23 33 31 32 23 10 41 30 48 10 16 17 27 30 30
3 12 5 21 16 26 25 12 9 11 13 13 12 22 14 13 20 17 0 14 28 24 19 14 20 8 26 7 28 13 28 25 19 12 21 27 15 16 21 23 15 13 24 29 31 21 16 16 13 29 13
17 25 9 8 16 37 38 20 9 15 6 2 26 9 6 3 29 29 14 0 18 21 32 4 29 14 20 17 19 27 19 13 16 12 22 38 26 4 28 14 10 21 17 26 20 35 18 18 3 24 8
30 40 23 13 34 43 46 37 26 21 24 20 39 20 14 15 46 37 28 18 0 17 41 14 46 23 12 27 31 40 3 24 34 30 23 44 42 20 45 5 14 27 32 17 31 47 21 20 15 15 26
24 34 22 24 37 28 32 36 29 13 27 23 30 30 15 18 44 25 24 21 17 0 29 18 44 16 5 19 40 31 14 34 37 33 7 29 39 25 45 13 11 15 38 5 41 35 9 8 18 5 29
16 16 24 38 33 9 6 25 28 20 32 32 9 41 29 30 28 4 19 32 41 29 0 31 28 19 32 15 47 9 39 44 37 31 22 10 23 35 31 36 27 14 43 34 50 6 20 21 30 34 32
17 26 9 7 20 35 37 23 12 13 10 6 26 12 3 1 32 28 14 4 14 18 31 0 32 12 17 16 23 27 15 16 20 16 19 36 28 8 31 10 7 19 21 23 23 35 15 15 1 21 12
20 12 24 37 15 37 34 9 20 31 24 27 19 34 34 31 0 28 20 29 46 44 28 32 0 28 46 25 33 19 47 34 19 18 39 38 5 30 5 42 35 31 28 49 37 25 35 36 31 49 22
8 18 7 19 22 23 25 20 14 3 17 15 16 23 10 11 28 16 8 14 23 16 19 12 28 0 18 4 33 17 22 27 25 18 13 24 23 18 29 18 9 7 29 21 34 24 8 8 11 21 18
26 36 23 20 36 33 37 38 28 16 26 22 33 27 14 17 46 28 26 20 12 5 32 17 46 18 0 22 38 34 9 31 36 32 12 34 41 24 47 9 11 18 37 6 38 38 12 11 17 4 28
5 15 9 23 23 20 21 18 16 6 19 18 12 26 14 15 25 12 7 17 27 19 15 16 25 4 22 0 35 13 26 30 26 19 14 21 20 21 27 22 13 6 31 24 37 20 10 11 15 24 20
31 36 26 18 18 54 53 27 19 34 16 18 40 11 25 22 33 45 28 19 31 40 47 23 33 33 38 35 0 41 33 7 14 18 41 55 32 15 30 29 29 40 5 44 4 49 37 37 22 42 15
10 7 18 34 25 18 15 17 22 19 26 26 1 35 27 26 19 10 13 27 40 31 9 27 19 17 34 13 41 0 39 38 29 24 25 19 14 29 22 35 26 16 37 36 44 8 22 23 26 36 26
30 40 24 15 35 41 44 38 27 20 25 21 38 22 14 16 47 35 28 19 3 14 39 15 47 22 9 26 33 39 0 26 35 31 20 42 43 22 46 5 13 25 34 14 33 45 19 18 16 12 27
28 33 21 11 19 50 50 26 16 28 12 12 37 4 19 16 34 42 25 13 24 34 44 16 34 27 31 30 7 38 26 0 16 17 35 51 32 9 31 22 23 34 9 37 7 46 31 31 16 35 13
22 23 18 23 4 45 43 13 11 28 10 14 28 18 22 19 19 36 19 16 34 37 37 20 19 25 36 26 14 29 35 16 0 7 37 46 18 16 16 30 26 32 9 42 18 37 32 33 19 40 8
15 18 11 19 4 38 37 9 4 21 6 10 23 16 18 15 18 29 12 12 30 33 31 16 18 18 32 19 18 24 31 17 7 0 30 39 15 12 16 26 22 25 13 38 22 32 25 26 15 36 4
19 29 19 25 34 21 25 32 26 10 28 24 24 31 16 19 39 18 21 22 23 7 22 19 39 13 12 14 41 25 20 35 37 30 0 22 34 26 41 18 12 9 39 12 42 28 5 5 19 12 30
24 26 30 42 42 1 5 35 36 23 40 39 19 47 33 35 38 10 27 38 44 29 10 36 38 24 34 21 55 19 42 51 46 39 22 0 33 42 41 39 30 17 51 33 58 14 23 24 35 34 40
15 7 19 34 14 32 29 6 17 26 21 24 14 31 29 27 5 23 15 26 42 39 23 28 5 23 41 20 32 14 43 32 18 15 34 33 0 27 8 38 30 26 27 44 36 22 30 31 27 44 19
19 27 12 7 16 41 41 21 10 19 6 3 28 6 10 7 30 33 16 4 20 25 35 8 30 18 24 21 15 29 22 9 16 12 26 42 27 0 28 17 14 25 13 30 16 37 22 22 7 28 8
22 15 24 35 12 40 37 9 19 32 22 26 22 32 33 30 5 31 21 28 45 45 31 31 5 29 47 27 30 22 46 31 16 16 41 41 8 28 0 41 36 33 25 50 34 30 37 37 30 50 20
25 35 19 11 30 38 41 33 22 16 20 16 34 18 9 11 42 32 23 14 5 13 36 10 42 18 9 22 29 35 5 22 30 26 18 39 38 17 41 0 9 22 30 15 29 42 16 15 11 13 22
17 27 12 13 26 29 32 27 18 7 16 12 25 19 4 7 35 23 15 10 14 11 27 7 35 9 11 13 29 26 13 23 26 22 12 30 30 14 36 9 0 13 27 16 30 33 8 8 7 15 18
11 20 14 25 29 16 19 24 21 6 24 22 15 30 16 18 31 10 13 21 27 15 14 19 31 7 18 6 40 16 25 34 32 25 9 17 26 25 33 22 13 0 36 20 41 20 6 7 18 20 25
27 31 22 19 13 50 49 22 15 31 12 15 36 12 23 20 28 41 24 17 32 38 43 21 28 29 37 31 5 37 34 9 9 13 39 51 27 13 25 30 27 36 0 43 9 45 35 35 20 41 11
29 39 27 26 42 32 36 41 34 18 32 28 35 33 20 23 49 30 29 26 17 5 34 23 49 21 6 24 44 36 14 37 42 38 12 33 44 30 50 15 16 20 43 0 44 40 14 13 23 2 34
34 39 28 18 22 57 56 31 22 35 18 19 43 11 26 23 37 48 31 20 31 41 50 23 37 34 38 37 4 44 33 7 18 22 42 58 36 16 34 29 30 41 9 44 0 52 38 38 23 42 18
18 15 26 42 33 14 9 25 30 26 34 34 9 43 34 34 25 10 21 35 47 35 6 35 25 24 38 20 49 8 45 46 37 32 28 14 22 37 30 42 33 20 45 40 52 0 26 27 34 40 34
15 25 14 21 29 22 25 28 21 5 24 20 21 27 12 15 35 16 16 18 21 9 20 15 35 8 12 10 37 22 19 31 32 25 5 23 30 22 37 16 8 6 35 14 38 26 0 1 15 14 25
16 26 15 21 30 23 26 28 22 5 24 20 22 27 12 15 36 17 16 18 20 8 21 15 36 8 11 11 37 23 18 31 33 26 5 24 31 22 37 15 8 7 35 13 38 27 1 0 15 13 26
16 25 8 8 19 34 36 22 11 12 9 5 25 12 3 0 31 27 13 3 15 18 30 1 31 11 17 15 22 26 16 16 19 15 19 35 27 7 30 11 7 18 20 23 23 34 15 15 0 21 11
29 39 27 24 40 33 37 41 32 18 30 26 35 31 18 21 49 30 29 24 15 5 34 21 49 21 4 24 42 36 12 35 40 36 12 34 44 28 50 13 15 20 41 2 42 40 14 13 21 0 32
16 21 11 15 8 39 38 13 4 21 2 6 25 12 14 11 22 30 13 8 26 29 32 12 22 18 28 20 15 26 27 13 8 4 30 40 19 8 20 22 18 25 11 34 18 34 25 26 11 32 0
0 382
237 275
180 218
183 221
158 196
242 280
268 306
124 162
331 369
288 326
287 325
180 218
166 204
147 185
177 215
7 45
131 169
105 143
67 105
18 56
230 268
277 315
37 75
190 228
61 99
50 88
26 64
191 229
40 78
332 370
231 269
192 230
231 269
280 318
252 290
85 123
134 172
237 275
311 349
236 274
70 108
154 192
316 354
28 66
241 279
91 129
218 256
105 143
52 90
7 45
7 45
0
67
39
55
55
55
51
49
43
30
26
49
55
51
18
61
80
82
33
31
44
43
43
52
55
76
66
70
77
50
79
70
32
54
42
28
14
40
37
40
68
36
75
65
27
41
75
39
41
58
33
