51
1625
0 30 18 14 8 23 12 16 11 15 21 18 22 29 10 17 10 15 15 21 8 16 21 26 36 19 23 10 28 18 13 15 27 25 13 32 17 20 17 21 23 24 24 21 23 18 15 18 29 16 20
30 0 16 37 28 39 42 27 20 32 24 36 9 26 39 38 28 37 29 51 34 29 51 31 9 14 22 34 43 47 18 45 14 18 17 47 30 11 32 36 53 46 28 21 8 24 25 34 34 44 34
18 16 0 21 12 23 30 11 7 16 24 30 12 16 24 22 19 29 24 39 24 13 39 18 19 14 23 18 27 32 5 32 9 9 6 31 14 10 16 20 40 30 15 21 13 8 20 18 21 29 18
14 37 21 0 10 9 20 11 18 6 34 32 31 23 8 3 24 29 29 24 22 9 25 18 37 30 35 4 16 12 20 16 26 22 21 18 10 29 7 9 23 11 18 33 32 14 29 6 20 9 8
8 28 12 10 0 17 20 8 8 7 26 26 21 21 12 12 16 23 22 28 16 8 28 18 31 20 26 6 21 20 10 20 21 17 11 25 9 19 9 14 28 21 16 24 22 10 21 11 21 17 12
23 39 23 9 17 0 29 12 24 10 43 41 35 21 17 6 33 38 38 32 31 10 33 14 38 35 43 13 7 19 25 24 27 23 26 9 10 33 8 3 30 8 16 41 36 15 38 6 15 16 5
12 42 30 20 20 29 0 28 23 23 27 16 33 40 12 23 16 13 19 10 9 26 9 36 48 30 29 18 36 14 25 8 39 37 25 38 27 31 25 29 13 26 35 27 34 30 21 26 39 15 28
16 27 11 11 8 12 28 0 12 5 32 34 23 13 17 11 24 31 30 33 24 2 34 10 26 23 31 10 16 23 13 25 15 11 14 20 3 21 5 9 33 19 8 29 24 3 28 7 13 20 7
11 20 7 18 8 24 23 12 0 14 20 25 13 21 19 20 14 24 19 32 18 14 32 21 25 12 20 14 28 27 2 26 16 15 3 32 15 11 16 21 34 29 18 18 14 11 16 18 24 24 19
15 32 16 6 7 10 23 5 14 0 33 33 27 17 12 6 23 30 29 28 23 3 29 13 31 26 33 5 14 18 16 20 20 16 17 18 4 25 2 7 28 15 12 31 28 8 28 4 16 15 5
21 24 24 34 26 43 27 32 20 33 0 15 15 40 30 37 11 16 8 36 18 34 35 40 33 10 3 30 47 38 19 33 30 32 18 51 35 14 35 40 40 45 37 3 16 30 6 37 43 36 38
18 36 30 32 26 41 16 34 25 33 15 0 27 46 25 35 11 3 7 24 10 34 23 44 44 22 18 28 46 30 25 24 39 39 24 50 35 25 35 39 28 41 42 17 28 36 11 36 47 30 38
22 9 12 31 21 35 33 23 13 27 15 27 0 27 31 33 19 28 20 43 25 25 42 30 18 5 14 27 39 39 11 37 17 19 10 43 26 2 28 32 45 42 27 12 1 20 16 30 33 37 30
29 26 16 23 21 21 40 13 21 17 40 46 27 0 29 22 35 44 40 45 37 14 46 8 22 30 39 22 20 35 21 37 12 8 22 24 13 26 16 18 45 29 5 37 28 11 36 18 10 32 16
10 39 24 8 12 17 12 17 19 12 30 25 31 29 0 11 19 22 25 16 15 15 17 25 43 29 32 7 24 8 21 8 32 28 22 26 16 29 14 17 16 16 24 30 32 20 24 14 28 6 16
17 38 22 3 12 6 23 11 20 6 37 35 33 22 11 0 27 32 32 26 25 9 27 16 37 32 38 7 13 14 22 18 26 22 23 15 9 31 6 6 25 9 17 36 34 14 32 4 18 11 6
10 28 19 24 16 33 16 24 14 23 11 11 19 35 19 27 0 10 6 26 7 24 25 34 36 14 13 20 37 27 14 22 28 28 13 41 25 17 25 30 29 34 32 11 20 25 5 27 37 25 28
15 37 29 29 23 38 13 31 24 30 16 3 28 44 22 32 10 0 8 21 7 31 20 41 45 23 19 25 43 27 24 21 38 38 23 47 32 26 32 36 25 38 39 18 29 33 12 33 44 27 35
15 29 24 29 22 38 19 30 19 29 8 7 20 40 25 32 6 8 0 28 10 30 27 40 37 15 11 25 43 31 19 26 33 33 18 47 31 18 31 36 32 39 37 10 21 30 4 33 43 30 34
21 51 39 24 28 32 10 33 32 28 36 24 43 45 16 26 26 21 28 0 19 31 1 41 57 40 39 23 39 13 34 8 48 44 34 39 32 41 30 32 4 26 40 37 44 36 31 30 44 16 32
8 34 24 22 16 31 9 24 18 23 18 10 25 37 15 25 7 7 10 19 0 24 18 34 42 21 20 18 36 21 19 16 33 33 19 40 25 23 25 29 22 31 32 18 26 26 12 26 37 20 28
16 29 13 9 8 10 26 2 14 3 34 34 25 14 15 9 24 31 30 31 24 0 32 10 28 25 33 8 14 21 15 23 17 13 16 18 1 23 3 7 31 17 9 31 26 5 29 5 13 18 5
21 51 39 25 28 33 9 34 32 29 35 23 42 46 17 27 25 20 27 1 18 32 0 42 57 39 38 24 40 14 34 9 48 45 34 40 33 40 31 33 5 27 41 36 43 37 30 31 45 17 33
26 31 18 18 18 14 36 10 21 13 40 44 30 8 25 16 34 41 40 41 34 10 42 0 28 31 39 18 12 30 21 33 17 13 22 16 9 28 11 11 41 22 3 37 31 10 36 12 3 27 10
36 9 19 37 31 38 48 26 25 31 33 44 18 22 43 37 36 45 37 57 42 28 57 28 0 23 31 36 40 49 23 51 11 15 23 44 29 19 31 35 59 45 25 30 17 23 33 33 31 46 33
19 14 14 30 20 35 30 23 12 26 10 22 5 30 29 32 14 23 15 40 21 25 39 31 23 0 9 26 39 37 10 34 20 22 9 43 26 4 28 32 42 41 28 7 6 21 11 30 34 35 30
23 22 23 35 26 43 29 31 20 33 3 18 14 39 32 38 13 19 11 39 20 33 38 39 31 9 0 31 47 40 18 35 29 31 17 51 34 13 35 40 42 46 36 2 14 29 8 37 42 38 38
10 34 18 4 6 13 18 10 14 5 30 28 27 22 7 7 20 25 25 23 18 8 24 18 36 26 31 0 18 14 16 15 25 21 17 22 9 25 7 11 23 15 17 29 28 13 25 8 21 11 10
28 43 27 16 21 7 36 16 28 14 47 46 39 20 24 13 37 43 43 39 36 14 40 12 40 39 47 18 0 26 29 31 29 25 30 4 14 37 12 7 37 14 15 45 40 19 42 10 11 23 9
18 47 32 12 20 19 14 23 27 18 38 30 39 35 8 14 27 27 31 13 21 21 14 30 49 37 40 14 26 0 29 6 38 34 30 26 22 37 19 20 11 13 30 38 40 26 32 18 32 3 20
13 18 5 20 10 25 25 13 2 16 19 25 11 21 21 22 14 24 19 34 19 15 34 21 23 10 18 16 29 29 0 28 14 14 1 33 16 9 18 22 36 31 18 16 12 11 15 20 24 26 20
15 45 32 16 20 24 8 25 26 20 33 24 37 37 8 18 22 21 26 8 16 23 9 33 51 34 35 15 31 6 28 0 40 36 28 32 24 35 22 24 8 19 32 33 38 28 27 22 36 8 24
27 14 9 26 21 27 39 15 16 20 30 39 17 12 32 26 28 38 33 48 33 17 48 17 11 20 29 25 29 38 14 40 0 4 15 33 18 16 20 24 48 34 14 27 17 12 29 22 20 35 22
25 18 9 22 17 23 37 11 15 16 32 39 19 8 28 22 28 38 33 44 33 13 45 13 15 22 31 21 25 34 14 36 4 0 15 29 14 18 16 20 44 30 10 29 20 8 29 18 16 31 18
13 17 6 21 11 26 25 14 3 17 18 24 10 22 22 23 13 23 18 34 19 16 34 22 23 9 17 17 30 30 1 28 15 15 0 34 17 8 19 23 36 32 19 15 11 12 14 21 25 27 21
32 47 31 18 25 9 38 20 32 18 51 50 43 24 26 15 41 47 47 39 40 18 40 16 44 43 51 22 4 26 33 32 33 29 34 0 18 41 16 11 37 13 19 49 44 23 46 14 15 24 13
17 30 14 10 9 10 27 3 15 4 35 35 26 13 16 9 25 32 31 32 25 1 33 9 29 26 34 9 14 22 16 24 18 14 17 18 0 24 3 7 32 17 8 32 27 6 30 5 12 19 5
20 11 10 29 19 33 31 21 11 25 14 25 2 26 29 31 17 26 18 41 23 23 40 28 19 4 13 25 37 37 9 35 16 18 8 41 24 0 26 30 43 40 25 11 3 18 14 28 31 35 28
17 32 16 7 9 8 25 5 16 2 35 35 28 16 14 6 25 32 31 30 25 3 31 11 31 28 35 7 12 19 18 22 20 16 19 16 3 26 0 5 30 14 11 33 29 8 30 2 14 16 3
21 36 20 9 14 3 29 9 21 7 40 39 32 18 17 6 30 36 36 32 29 7 33 11 35 32 40 11 7 20 22 24 24 20 23 11 7 30 5 0 31 11 13 38 33 12 35 3 12 17 2
23 53 40 23 28 30 13 33 34 28 40 28 45 45 16 25 29 25 32 4 22 31 5 41 59 42 42 23 37 11 36 8 48 44 36 37 32 43 30 31 0 24 40 40 46 36 34 29 43 14 31
24 46 30 11 21 8 26 19 29 15 45 41 42 29 16 9 34 38 39 26 31 17 27 22 45 41 46 15 14 13 31 19 34 30 32 13 17 40 14 11 24 0 24 44 43 22 39 12 23 11 13
24 28 15 18 16 16 35 8 18 12 37 42 27 5 24 17 32 39 37 40 32 9 41 3 25 28 36 17 15 30 18 32 14 10 19 19 8 25 11 13 40 24 0 34 28 7 33 13 6 27 11
21 21 21 33 24 41 27 29 18 31 3 17 12 37 30 36 11 18 10 37 18 31 36 37 30 7 2 29 45 38 16 33 27 29 15 49 32 11 33 38 40 44 34 0 13 27 6 35 40 36 36
23 8 13 32 22 36 34 24 14 28 16 28 1 28 32 34 20 29 21 44 26 26 43 31 17 6 14 28 40 40 12 38 17 20 11 44 27 3 29 33 46 43 28 13 0 21 17 31 34 38 31
18 24 8 14 10 15 30 3 11 8 30 36 20 11 20 14 25 33 30 36 26 5 37 10 23 21 29 13 19 26 11 28 12 8 12 23 6 18 8 12 36 22 7 27 21 0 26 10 13 23 10
15 25 20 29 21 38 21 28 16 28 6 11 16 36 24 32 5 12 4 31 12 29 30 36 33 11 8 25 42 32 15 27 29 29 14 46 30 14 30 35 34 39 33 6 17 26 0 32 39 30 33
18 34 18 6 11 6 26 7 18 4 37 36 30 18 14 4 27 33 33 30 26 5 31 12 33 30 37 8 10 18 20 22 22 18 21 14 5 28 2 3 29 12 13 35 31 10 32 0 14 15 2
29 34 21 20 21 15 39 13 24 16 43 47 33 10 28 18 37 44 43 44 37 13 45 3 31 34 42 21 11 32 24 36 20 16 25 15 12 31 14 12 43 23 6 40 34 13 39 14 0 29 12
16 44 29 9 17 16 15 20 24 15 36 30 37 32 6 11 25 27 30 16 20 18 17 27 46 35 38 11 23 3 26 8 35 31 27 24 19 35 16 17 14 11 27 36 38 23 30 15 29 0 17
20 34 18 8 12 5 28 7 19 5 38 38 30 16 16 6 28 35 34 32 28 5 33 10 33 30 38 10 9 20 20 24 22 18 21 13 5 28 3 2 31 13 11 36 31 10 33 2 12 17 0
0 628
457 582
72 197
92 217
154 279
314 439
3 128
425 550
266 391
337 462
309 434
322 447
169 294
251 376
55 180
414 539
160 285
425 550
369 494
262 387
159 284
241 366
357 482
39 164
102 227
372 497
139 264
12 137
149 274
210 335
210 335
59 184
370 495
12 137
387 512
440 565
3 128
325 450
469 594
311 436
469 594
115 240
347 472
426 551
81 206
386 511
317 442
500 625
323 448
5 130
433 558
0
76
48
66
40
25
38
36
61
33
58
34
77
54
31
45
55
42
53
33
68
34
38
57
33
21
33
28
13
53
64
86
70
85
24
80
71
71
65
49
69
21
49
37
55
69
26
24
55
81
65
