51
1624
0 25 34 11 14 2 29 21 13 39 36 15 24 40 48 34 32 45 21 51 37 34 33 9 33 42 36 12 26 39 17 12 47 15 6 27 31 27 12 30 17 14 33 18 37 22 32 11 21 3 40
25 0 23 31 11 27 20 6 24 35 32 10 30 38 35 41 8 38 11 39 35 35 9 30 8 35 11 17 32 26 31 14 34 13 24 3 49 13 28 12 31 34 9 7 23 17 17 19 26 27 29
34 23 0 30 27 36 5 27 23 13 11 26 20 16 14 25 16 15 17 17 14 16 23 31 23 12 26 22 19 5 25 26 13 31 29 20 39 11 27 11 26 32 23 25 3 12 6 35 18 32 6
11 31 30 0 21 13 25 28 7 29 28 22 14 30 44 24 32 36 21 43 27 24 38 2 38 34 41 14 16 35 7 18 43 24 8 32 20 26 3 29 6 3 38 25 33 19 29 22 14 8 35
14 11 27 21 0 16 22 7 16 36 33 1 26 39 40 37 18 41 10 44 36 34 19 19 19 38 22 8 28 31 23 3 39 4 13 13 41 17 19 18 23 24 19 4 28 16 22 8 22 16 33
2 27 36 13 16 0 31 23 15 41 38 17 26 42 50 36 34 47 23 53 39 36 35 11 35 44 38 14 28 41 19 14 49 17 8 29 33 29 14 32 19 16 35 20 39 24 34 11 23 5 42
29 20 5 25 22 31 0 23 18 15 12 21 16 18 19 23 14 19 12 22 15 15 21 26 21 16 24 17 16 10 20 21 18 26 24 18 36 7 22 9 21 27 21 20 8 7 5 30 13 27 11
21 6 27 28 7 23 23 0 22 37 34 6 30 40 39 41 14 42 11 43 37 35 15 26 14 39 16 14 32 30 29 10 38 7 20 9 47 16 25 16 29 31 15 3 27 17 21 13 26 23 33
13 24 23 7 16 15 18 22 0 26 23 16 12 27 37 23 25 32 14 38 24 21 31 8 31 29 34 8 14 28 7 13 36 20 7 25 25 19 4 22 7 10 31 19 26 12 22 19 8 10 29
39 35 13 29 36 41 15 37 26 0 3 35 15 3 15 13 29 7 26 14 2 5 36 31 36 5 39 30 13 15 22 34 18 40 33 33 30 22 27 24 23 29 36 34 15 20 19 43 18 36 10
36 32 11 28 33 38 12 34 23 3 0 32 14 6 16 14 26 9 23 15 3 5 33 30 33 6 36 27 12 14 21 31 18 37 30 30 31 19 26 21 22 28 33 31 13 17 16 40 15 33 9
15 10 26 22 1 17 21 6 16 35 32 0 25 38 39 36 17 40 9 43 35 33 18 20 18 37 21 8 27 30 23 4 38 5 14 12 41 16 19 17 23 25 18 3 27 15 21 9 21 17 32
24 30 20 14 26 26 16 30 12 15 14 25 0 16 30 11 28 22 19 29 13 10 35 16 35 20 38 18 2 25 7 23 31 30 19 29 20 20 12 23 8 14 35 27 23 13 21 31 4 21 22
40 38 16 30 39 42 18 40 27 3 6 38 16 0 16 13 32 6 29 13 3 6 39 32 39 6 42 32 14 17 23 37 19 43 34 36 30 25 28 27 24 30 39 37 18 23 22 45 19 37 12
48 35 14 44 40 50 19 39 37 15 16 39 30 16 0 28 28 10 30 5 17 20 33 45 34 10 37 36 28 9 37 40 3 44 43 32 45 23 41 23 38 44 33 37 12 26 18 48 30 46 9
34 41 25 24 37 36 23 41 23 13 14 36 11 13 28 0 37 19 30 26 11 9 44 26 44 18 47 29 9 28 17 34 31 41 29 40 17 30 22 32 18 22 44 38 27 24 28 42 15 31 23
32 8 16 32 18 34 14 14 25 29 26 17 28 32 28 37 0 31 11 32 29 29 7 32 7 28 10 20 30 19 30 20 26 21 27 5 48 8 29 5 31 35 7 14 16 15 10 26 24 30 22
45 38 15 36 41 47 19 42 32 7 9 40 22 6 10 19 31 0 31 7 9 12 37 38 38 3 41 35 20 14 29 39 13 45 39 35 36 26 34 26 30 36 37 39 15 25 21 48 24 42 9
21 11 17 21 10 23 12 11 14 26 23 9 19 29 30 30 11 31 0 34 26 24 17 21 17 28 20 9 21 21 20 10 29 14 16 11 39 7 18 9 21 24 17 8 18 6 12 18 15 19 23
51 39 17 43 44 53 22 43 38 14 15 43 29 13 5 26 32 7 34 0 16 19 38 45 39 9 42 39 27 14 36 43 8 48 45 36 43 27 41 27 37 43 38 41 16 29 22 52 30 48 11
37 35 14 27 36 39 15 37 24 2 3 35 13 3 17 11 29 9 26 16 0 3 36 29 36 7 39 29 11 17 20 34 20 40 31 33 28 22 25 24 21 27 36 34 16 20 19 42 16 34 12
34 35 16 24 34 36 15 35 21 5 5 33 10 6 20 9 29 12 24 19 3 0 36 26 36 10 39 27 8 19 17 32 23 38 28 33 26 22 22 24 18 24 36 32 18 18 20 40 13 31 14
33 9 23 38 19 35 21 15 31 36 33 18 35 39 33 44 7 37 17 38 36 36 0 37 1 34 4 24 37 24 37 22 30 22 31 6 55 15 35 12 38 41 0 15 22 22 17 27 31 34 28
9 30 31 2 19 11 26 26 8 31 30 20 16 32 45 26 32 38 21 45 29 26 37 0 37 36 40 13 18 36 9 16 44 22 6 31 22 27 4 30 8 5 37 23 34 20 30 20 15 6 36
33 8 23 38 19 35 21 14 31 36 33 18 35 39 34 44 7 38 17 39 36 36 1 37 0 35 3 24 37 25 37 22 31 21 31 6 55 15 35 12 38 41 1 15 23 22 17 27 31 34 29
42 35 12 34 38 44 16 39 29 5 6 37 20 6 10 18 28 3 28 9 7 10 34 36 35 0 38 32 18 11 27 36 13 42 36 32 35 23 32 23 28 34 34 36 12 22 18 45 21 39 6
36 11 26 41 22 38 24 16 34 39 36 21 38 42 37 47 10 41 20 42 39 39 4 40 3 38 0 27 40 28 40 25 34 23 34 9 58 18 38 15 41 44 4 18 26 25 20 29 34 37 32
12 17 22 14 8 14 17 14 8 30 27 8 18 32 36 29 20 35 9 39 29 27 24 13 24 32 27 0 20 27 15 5 35 12 7 18 33 15 11 18 15 17 24 11 25 10 20 13 14 10 28
26 32 19 16 28 28 16 32 14 13 12 27 2 14 28 9 30 20 21 27 11 8 37 18 37 18 40 20 0 24 9 25 30 32 21 31 20 22 14 25 10 16 37 29 22 15 21 33 6 23 21
39 26 5 35 31 41 10 30 28 15 14 30 25 17 9 28 19 14 21 14 17 19 24 36 25 11 28 27 24 0 30 31 8 35 34 23 44 14 32 14 31 37 24 28 3 17 9 39 23 37 5
17 31 25 7 23 19 20 29 7 22 21 23 7 23 37 17 30 29 20 36 20 17 37 9 37 27 40 15 9 30 0 20 37 27 12 31 19 22 5 25 1 7 37 26 28 15 25 26 7 14 28
12 14 26 18 3 14 21 10 13 34 31 4 23 37 40 34 20 39 10 43 34 32 22 16 22 36 25 5 25 31 20 0 39 7 10 16 38 17 16 19 20 21 22 7 28 14 22 9 19 13 32
47 34 13 43 39 49 18 38 36 18 18 38 31 19 3 31 26 13 29 8 20 23 30 44 31 13 34 35 30 8 37 39 0 43 42 31 48 22 40 22 38 44 30 36 11 25 17 47 30 45 9
15 13 31 24 4 17 26 7 20 40 37 5 30 43 44 41 21 45 14 48 40 38 22 22 21 42 23 12 32 35 27 7 43 0 16 16 44 21 23 22 27 27 22 7 32 20 26 6 26 18 37
6 24 29 8 13 8 24 20 7 33 30 14 19 34 43 29 27 39 16 45 31 28 31 6 31 36 34 7 21 34 12 10 42 16 0 25 28 22 7 25 12 11 31 17 32 17 27 14 15 3 35
27 3 20 32 13 29 18 9 25 33 30 12 29 36 32 40 5 35 11 36 33 33 6 31 6 32 9 18 31 23 31 16 31 16 25 0 49 11 29 9 32 35 6 9 20 16 14 21 25 28 26
31 49 39 20 41 33 36 47 25 30 31 41 20 30 45 17 48 36 39 43 28 26 55 22 55 35 58 33 20 44 19 38 48 44 28 49 0 40 22 43 18 17 55 44 42 33 41 42 24 28 40
27 13 11 26 17 29 7 16 19 22 19 16 20 25 23 30 8 26 7 27 22 22 15 27 15 23 18 15 22 14 22 17 22 21 22 11 40 0 23 3 23 29 15 14 11 7 5 25 16 25 17
12 28 27 3 19 14 22 25 4 27 26 19 12 28 41 22 29 34 18 41 25 22 35 4 35 32 38 11 14 32 5 16 40 23 7 29 22 23 0 26 5 6 35 22 30 16 26 21 11 9 32
30 12 11 29 18 32 9 16 22 24 21 17 23 27 23 32 5 26 9 27 24 24 12 30 12 23 15 18 25 14 25 19 22 22 25 9 43 3 26 0 26 32 12 15 11 10 5 26 19 28 17
17 31 26 6 23 19 21 29 7 23 22 23 8 24 38 18 31 30 21 37 21 18 38 8 38 28 41 15 10 31 1 20 38 27 12 32 18 23 5 26 0 6 38 26 29 16 26 26 8 14 29
14 34 32 3 24 16 27 31 10 29 28 25 14 30 44 22 35 36 24 43 27 24 41 5 41 34 44 17 16 37 7 21 44 27 11 35 17 29 6 32 6 0 41 28 35 22 32 25 14 11 35
33 9 23 38 19 35 21 15 31 36 33 18 35 39 33 44 7 37 17 38 36 36 0 37 1 34 4 24 37 24 37 22 30 22 31 6 55 15 35 12 38 41 0 15 22 22 17 27 31 34 28
18 7 25 25 4 20 20 3 19 34 31 3 27 37 37 38 14 39 8 41 34 32 15 23 15 36 18 11 29 28 26 7 36 7 17 9 44 14 22 15 26 28 15 0 25 14 19 12 23 20 31
37 23 3 33 28 39 8 27 26 15 13 27 23 18 12 27 16 15 18 16 16 18 22 34 23 12 26 25 22 3 28 28 11 32 32 20 42 11 30 11 29 35 22 25 0 15 6 36 21 35 6
22 17 12 19 16 24 7 17 12 20 17 15 13 23 26 24 15 25 6 29 20 18 22 20 22 22 25 10 15 17 15 14 25 20 17 16 33 7 16 10 16 22 22 14 15 0 10 23 9 20 18
32 17 6 29 22 34 5 21 22 19 16 21 21 22 18 28 10 21 12 22 19 20 17 30 17 18 20 20 21 9 25 22 17 26 27 14 41 5 26 5 26 32 17 19 6 10 0 30 18 30 12
11 19 35 22 8 11 30 13 19 43 40 9 31 45 48 42 26 48 18 52 42 40 27 20 27 45 29 13 33 39 26 9 47 6 14 21 42 25 21 26 26 25 27 12 36 23 30 0 27 14 41
21 26 18 14 22 23 13 26 8 18 15 21 4 19 30 15 24 24 15 30 16 13 31 15 31 21 34 14 6 23 7 19 30 26 15 25 24 16 11 19 8 14 31 23 21 9 18 27 0 18 21
3 27 32 8 16 5 27 23 10 36 33 17 21 37 46 31 30 42 19 48 34 31 34 6 34 39 37 10 23 37 14 13 45 18 3 28 28 25 9 28 14 11 34 20 35 20 30 14 18 0 38
40 29 6 35 33 42 11 33 29 10 9 32 22 12 9 23 22 9 23 11 12 14 28 36 29 6 32 28 21 5 28 32 9 37 35 26 40 17 32 17 29 35 28 31 6 18 12 41 21 38 0
0 628
237 299
116 178
504 566
439 501
163 225
207 269
434 496
361 423
65 127
133 195
544 606
176 238
452 514
557 619
547 609
15 77
439 501
416 478
307 369
146 208
376 438
352 414
89 151
235 297
554 616
440 502
377 439
123 185
556 618
192 254
79 141
487 549
229 291
550 612
341 403
420 482
418 480
445 507
476 538
191 253
1 63
65 127
368 430
177 239
156 218
257 319
183 245
267 329
304 366
514 576
0
91
43
41
73
80
34
70
61
31
48
54
62
37
42
86
74
34
80
30
29
92
59
39
61
50
76
58
24
57
56
40
32
27
45
49
29
57
41
39
37
45
19
64
14
76
18
38
30
51
75
