51
1623
0 19 25 27 18 15 18 28 21 5 30 23 32 23 16 21 28 18 18 10 36 7 11 10 30 15 26 23 25 21 24 28 13 12 23 21 30 22 17 23 21 22 27 18 19 19 15 18 26 5 20
19 0 6 42 27 9 37 22 7 24 46 24 17 40 26 34 17 14 26 29 26 26 30 29 24 23 20 33 20 20 14 19 18 16 8 40 47 41 22 26 39 32 16 20 4 4 4 35 41 23 23
25 6 0 47 32 13 43 25 10 30 51 27 13 46 31 39 17 17 30 35 27 32 36 35 27 28 21 38 23 22 17 22 23 21 9 46 52 47 26 29 45 37 16 24 8 8 10 40 46 29 27
27 42 47 0 15 42 13 55 48 26 43 48 45 36 16 8 38 30 17 26 63 21 25 20 55 19 33 43 52 28 51 55 24 26 49 10 42 29 21 48 33 42 38 24 45 45 40 9 40 22 22
18 27 32 15 0 29 17 45 33 20 43 41 30 36 2 8 23 15 2 23 51 16 23 18 47 4 18 39 42 13 39 44 9 11 34 18 43 32 6 41 34 38 23 9 30 30 25 11 39 14 7
15 9 13 42 29 0 33 17 6 18 38 15 26 33 28 35 25 19 28 23 22 22 24 25 19 25 26 25 14 25 10 15 20 18 8 36 39 35 24 17 33 24 24 24 5 5 5 33 33 20 27
18 37 43 13 17 33 0 45 39 16 30 38 45 23 15 11 38 30 18 15 53 11 13 9 45 18 33 32 42 28 42 45 22 24 41 3 30 17 21 38 20 31 38 24 37 37 33 6 27 14 23
28 22 25 55 45 17 45 0 15 29 35 7 38 34 43 49 39 36 45 31 9 34 33 36 2 42 42 20 3 42 8 3 37 35 16 48 37 40 41 9 35 20 38 41 18 18 22 46 31 33 44
21 7 10 48 33 6 39 15 0 24 43 17 23 39 32 40 24 21 32 29 19 28 30 31 17 29 27 29 13 27 7 12 24 22 2 42 45 41 28 19 39 28 23 27 3 3 8 39 39 26 30
5 24 30 26 20 18 16 29 24 0 25 22 37 18 18 21 33 23 21 5 37 5 6 7 29 19 31 19 26 26 27 29 18 17 26 19 25 17 22 22 16 18 32 23 23 23 20 17 21 6 25
30 46 51 43 43 38 30 35 43 25 0 28 62 7 41 41 58 48 44 20 44 27 20 25 35 43 56 16 34 51 40 37 42 42 45 33 2 15 46 26 10 15 57 47 43 43 42 36 5 30 49
23 24 27 48 41 15 38 7 17 22 28 0 40 27 39 43 40 34 41 24 16 27 26 29 7 38 41 13 6 40 12 9 34 32 19 41 30 33 38 2 28 13 39 38 20 20 20 39 24 27 41
32 17 13 45 30 26 45 38 23 37 62 40 0 55 30 38 7 16 28 42 40 38 43 41 40 27 12 50 36 17 30 35 24 22 22 47 62 54 24 42 53 49 7 21 21 21 21 40 58 35 23
23 40 46 36 36 33 23 34 39 18 7 27 55 0 34 34 51 41 37 13 43 20 13 18 34 36 49 15 33 44 38 36 35 35 41 26 7 8 39 25 3 14 50 40 38 38 36 29 4 23 42
16 26 31 16 2 28 15 43 32 18 41 39 30 34 0 8 23 15 3 21 50 14 21 16 45 3 18 37 40 13 38 42 8 10 33 17 41 30 6 39 32 36 23 9 29 29 24 10 37 12 8
21 34 39 8 8 35 11 49 40 21 41 43 38 34 8 0 31 23 10 22 57 16 21 16 50 11 26 39 46 21 45 49 16 18 41 11 41 28 14 43 31 38 31 17 37 37 32 5 38 16 15
28 17 17 38 23 25 38 39 24 33 58 40 7 51 23 31 0 11 21 38 43 33 39 36 41 20 5 49 37 10 31 36 18 17 25 40 58 50 17 42 49 48 1 14 21 21 20 33 54 30 16
18 14 17 30 15 19 30 36 21 23 48 34 16 41 15 23 11 0 13 28 40 22 29 25 38 12 8 39 33 6 28 33 8 6 22 32 48 39 9 36 39 38 10 7 18 18 14 25 44 19 10
18 26 30 17 2 28 18 45 32 21 44 41 28 37 3 10 21 13 0 24 50 17 24 19 47 3 16 40 42 11 38 43 8 10 33 20 44 33 4 41 35 39 21 7 29 29 24 13 40 15 5
10 29 35 26 23 23 15 31 29 5 20 24 42 13 21 22 38 28 24 0 40 7 2 6 31 23 36 17 29 31 31 32 22 22 31 18 20 13 26 23 11 16 37 27 28 28 25 17 16 10 29
36 26 27 63 51 22 53 9 19 37 44 16 40 43 50 57 43 40 50 40 0 42 42 44 10 47 46 29 11 46 12 8 42 40 18 56 46 49 46 18 44 29 42 45 22 22 26 54 40 41 48
7 26 32 21 16 22 11 34 28 5 27 27 38 20 14 16 33 22 17 7 42 0 7 3 34 16 29 24 31 24 31 34 15 16 30 14 27 17 19 27 18 23 32 20 26 26 22 12 23 3 22
11 30 36 25 23 24 13 33 30 6 20 26 43 13 21 21 39 29 24 2 42 7 0 5 33 23 36 19 31 31 32 34 22 23 32 16 20 11 26 25 11 18 38 27 29 29 26 16 17 10 29
10 29 35 20 18 25 9 36 31 7 25 29 41 18 16 16 36 25 19 6 44 3 5 0 36 18 32 23 33 27 34 36 18 19 33 12 25 14 21 29 16 22 35 23 29 29 25 11 22 6 24
30 24 27 55 47 19 45 2 17 29 35 7 40 34 45 50 41 38 47 31 10 34 33 36 0 44 44 20 5 44 10 5 39 37 18 48 37 40 43 9 35 20 40 43 20 20 24 46 31 34 46
15 23 28 19 4 25 18 42 29 19 43 38 27 36 3 11 20 12 3 23 47 16 23 18 44 0 15 38 39 10 35 40 5 7 30 20 43 32 3 38 34 37 20 6 26 26 21 13 39 13 6
26 20 21 33 18 26 33 42 27 31 56 41 12 49 18 26 5 8 16 36 46 29 36 32 44 15 0 47 40 5 34 39 14 14 28 35 56 46 12 43 47 46 5 9 24 24 21 28 52 26 11
23 33 38 43 39 25 32 20 29 19 16 13 50 15 37 39 49 39 40 17 29 24 19 23 20 38 47 0 19 44 25 22 36 35 31 35 18 21 40 11 16 1 48 41 30 30 29 34 12 25 43
25 20 23 52 42 14 42 3 13 26 34 6 36 33 40 46 37 33 42 29 11 31 31 33 5 39 40 19 0 39 7 3 34 32 15 45 36 39 38 8 34 19 36 38 16 16 19 43 30 30 41
21 20 22 28 13 25 28 42 27 26 51 40 17 44 13 21 10 6 11 31 46 24 31 27 44 10 5 44 39 0 34 39 9 9 28 30 51 41 7 42 42 43 10 4 24 24 20 23 47 21 6
24 14 17 51 39 10 42 8 7 27 40 12 30 38 38 45 31 28 38 31 12 31 32 34 10 35 34 25 7 34 0 5 30 28 8 45 42 42 34 14 38 25 30 33 10 10 14 42 36 29 36
28 19 22 55 44 15 45 3 12 29 37 9 35 36 42 49 36 33 43 32 8 34 34 36 5 40 39 22 3 39 5 0 35 33 13 48 39 42 39 11 37 22 35 38 15 15 19 46 33 33 41
13 18 23 24 9 20 22 37 24 18 42 34 24 35 8 16 18 8 8 22 42 15 22 18 39 5 14 36 34 9 30 35 0 2 25 24 42 32 4 35 33 35 18 5 21 21 16 17 38 12 7
12 16 21 26 11 18 24 35 22 17 42 32 22 35 10 18 17 6 10 22 40 16 23 19 37 7 14 35 32 9 28 33 2 0 23 26 42 33 6 34 33 34 16 6 19 19 14 19 38 13 9
23 8 9 49 34 8 41 16 2 26 45 19 22 41 33 41 25 22 33 31 18 30 32 33 18 30 28 31 15 28 8 13 25 23 0 44 47 43 29 21 41 30 24 28 4 4 9 40 41 28 31
21 40 46 10 18 36 3 48 42 19 33 41 47 26 17 11 40 32 20 18 56 14 16 12 48 20 35 35 45 30 45 48 24 26 44 0 32 19 23 41 23 34 40 26 40 40 36 7 30 17 25
30 47 52 42 43 39 30 37 45 25 2 30 62 7 41 41 58 48 44 20 46 27 20 25 37 43 56 18 36 51 42 39 42 42 47 32 0 13 46 28 10 17 57 47 44 44 43 36 6 30 49
22 41 47 29 32 35 17 40 41 17 15 33 54 8 30 28 50 39 33 13 49 17 11 14 40 32 46 21 39 41 42 42 32 33 43 19 13 0 35 31 5 20 49 37 40 40 37 23 12 20 38
17 22 26 21 6 24 21 41 28 22 46 38 24 39 6 14 17 9 4 26 46 19 26 21 43 3 12 40 38 7 34 39 4 6 29 23 46 35 0 39 37 39 17 3 25 25 20 16 42 16 3
23 26 29 48 41 17 38 9 19 22 26 2 42 25 39 43 42 36 41 23 18 27 25 29 9 38 43 11 8 42 14 11 35 34 21 41 28 31 39 0 26 11 41 40 22 22 22 39 22 28 42
21 39 45 33 34 33 20 35 39 16 10 28 53 3 32 31 49 39 35 11 44 18 11 16 35 34 47 16 34 42 38 37 33 33 41 23 10 5 37 26 0 15 48 38 38 38 35 26 7 21 40
22 32 37 42 38 24 31 20 28 18 15 13 49 14 36 38 48 38 39 16 29 23 18 22 20 37 46 1 19 43 25 22 35 34 30 34 17 20 39 11 15 0 47 40 29 29 28 33 11 24 42
27 16 16 38 23 24 38 38 23 32 57 39 7 50 23 31 1 10 21 37 42 32 38 35 40 20 5 48 36 10 30 35 18 16 24 40 57 49 17 41 48 47 0 14 20 20 19 33 53 29 16
18 20 24 24 9 24 24 41 27 23 47 38 21 40 9 17 14 7 7 27 45 20 27 23 43 6 9 41 38 4 33 38 5 6 28 26 47 37 3 40 38 40 14 0 24 24 19 19 43 17 3
19 4 8 45 30 5 37 18 3 23 43 20 21 38 29 37 21 18 29 28 22 26 29 29 20 26 24 30 16 24 10 15 21 19 4 40 44 40 25 22 38 29 20 24 0 0 5 36 38 24 27
19 4 8 45 30 5 37 18 3 23 43 20 21 38 29 37 21 18 29 28 22 26 29 29 20 26 24 30 16 24 10 15 21 19 4 40 44 40 25 22 38 29 20 24 0 0 5 36 38 24 27
15 4 10 40 25 5 33 22 8 20 42 20 21 36 24 32 20 14 24 25 26 22 26 25 24 21 21 29 19 20 14 19 16 14 9 36 43 37 20 22 35 28 19 19 5 5 0 31 37 19 22
18 35 40 9 11 33 6 46 39 17 36 39 40 29 10 5 33 25 13 17 54 12 16 11 46 13 28 34 43 23 42 46 17 19 40 7 36 23 16 39 26 33 33 19 36 36 31 0 33 13 18
26 41 46 40 39 33 27 31 39 21 5 24 58 4 37 38 54 44 40 16 40 23 17 22 31 39 52 12 30 47 36 33 38 38 41 30 6 12 42 22 7 11 53 43 38 38 37 33 0 26 45
5 23 29 22 14 20 14 33 26 6 30 27 35 23 12 16 30 19 15 10 41 3 10 6 34 13 26 25 30 21 29 33 12 13 28 17 30 20 16 28 21 24 29 17 24 24 19 13 26 0 19
20 23 27 22 7 27 23 44 30 25 49 41 23 42 8 15 16 10 5 29 48 22 29 24 46 6 11 43 41 6 36 41 7 9 31 25 49 38 3 42 40 42 16 3 27 27 22 18 45 19 0
0 819
442 769
237 564
64 391
479 806
153 480
469 796
61 388
137 464
101 428
235 562
367 694
108 435
251 578
112 439
197 524
22 349
201 528
37 364
113 440
257 584
335 662
14 341
468 795
11 338
142 469
62 389
27 354
44 371
425 752
446 773
242 569
338 665
333 660
196 523
86 413
45 372
368 695
262 589
241 568
262 589
306 633
194 521
354 681
329 656
161 488
258 585
281 608
194 521
452 779
288 615
0
25
73
75
57
46
40
81
53
72
86
40
51
85
50
34
38
28
43
26
69
77
38
28
44
64
38
30
57
29
69
46
66
58
65
45
52
22
22
36
44
69
28
78
64
77
41
54
40
16
27
