51
1627
0 41 18 27 19 44 23 14 19 33 8 31 41 21 40 41 47 9 21 16 22 41 48 8 24 43 32 28 16 33 27 46 22 20 20 22 20 47 45 51 20 20 13 26 43 27 37 38 10 25 27
41 0 45 39 24 18 23 34 33 33 43 28 7 28 9 26 11 34 40 26 24 16 8 34 36 14 27 25 44 27 24 7 25 35 27 19 30 6 4 16 36 27 42 21 28 24 4 10 38 36 23
18 45 0 43 22 54 22 12 12 47 10 21 42 35 40 33 53 23 6 24 21 37 53 15 11 39 24 41 2 25 22 52 35 10 34 27 34 51 48 58 9 18 5 36 35 22 41 44 9 40 23
27 39 43 0 29 30 34 35 39 10 35 44 42 11 42 54 36 20 44 23 33 48 40 28 45 47 45 14 41 46 40 38 14 41 12 27 10 42 43 38 42 35 38 18 56 40 35 29 34 3 39
19 24 22 29 0 33 5 10 11 30 19 15 23 18 22 25 31 14 18 6 4 23 32 11 17 24 16 22 20 17 11 30 17 13 17 5 19 30 28 36 14 6 18 17 27 11 20 22 14 26 10
44 18 54 30 33 0 35 43 44 20 49 42 25 24 27 44 8 35 51 30 35 34 13 39 49 32 43 17 52 43 38 12 22 46 24 28 27 17 21 8 47 38 49 18 46 38 19 11 45 28 37
23 23 22 34 5 35 0 11 10 34 21 10 20 23 19 20 32 19 17 11 1 18 31 15 15 20 11 26 21 12 6 30 22 12 22 8 24 29 26 38 13 4 19 20 22 6 19 24 16 31 5
14 34 12 35 10 43 11 0 5 37 10 17 31 25 30 29 41 15 10 13 10 29 42 7 11 31 20 30 10 21 15 40 24 7 24 15 25 40 37 46 7 8 8 25 31 15 30 32 5 32 15
19 33 12 39 11 44 10 5 0 40 15 12 30 28 28 24 42 20 7 16 9 26 41 12 6 27 15 33 11 16 11 40 27 2 27 16 29 39 36 47 3 6 10 28 26 11 29 33 10 36 11
33 33 47 10 30 20 34 37 40 0 40 44 37 12 38 52 27 24 47 24 34 44 32 32 46 43 45 8 45 46 40 30 13 42 13 26 13 35 37 28 43 36 42 14 54 40 30 23 38 9 39
8 43 10 35 19 49 21 10 15 40 0 26 41 28 40 38 50 16 13 19 20 39 51 10 17 41 29 35 8 30 25 49 29 14 27 24 27 49 47 55 13 18 5 31 40 25 39 41 5 33 25
31 28 21 44 15 42 10 17 12 44 26 0 24 33 22 12 38 29 15 21 11 17 36 23 10 19 3 36 21 4 4 35 32 12 32 18 34 34 30 44 13 11 21 30 14 4 24 31 22 41 5
41 7 42 42 23 25 20 31 30 37 41 24 0 31 2 19 18 34 37 26 21 9 15 34 32 7 21 29 41 20 20 14 28 32 30 19 33 11 6 23 33 24 39 24 21 20 7 16 36 39 19
21 28 35 11 18 24 23 25 28 12 28 33 31 0 31 43 28 12 35 12 22 37 30 20 34 36 34 7 33 35 29 28 3 30 1 16 3 32 32 32 31 24 30 7 45 29 24 19 26 8 28
40 9 40 42 22 27 19 30 28 38 40 22 2 31 0 17 20 33 35 25 20 7 17 33 30 5 19 30 39 18 18 16 28 30 30 18 33 13 8 25 31 22 38 24 19 18 8 17 35 39 17
41 26 33 54 25 44 20 29 24 52 38 12 19 43 17 0 37 39 27 31 21 10 34 33 22 12 9 44 33 8 14 33 41 24 42 27 44 30 25 42 25 21 33 38 2 14 25 34 34 51 15
47 11 53 36 31 8 32 41 42 27 50 38 18 28 20 37 0 38 49 31 33 27 5 40 46 25 38 22 51 38 34 4 25 44 27 26 30 9 13 6 45 36 49 21 39 34 14 9 45 33 33
9 34 23 20 14 35 19 15 20 24 16 29 34 12 33 39 38 0 24 8 18 36 40 8 26 37 30 19 21 31 25 38 13 22 11 15 11 40 38 42 22 19 18 17 41 25 30 29 14 17 24
21 40 6 44 18 51 17 10 7 47 13 15 37 35 35 27 49 24 0 23 16 32 48 16 5 34 18 40 6 19 17 47 34 5 34 23 35 46 43 54 4 13 8 35 29 17 36 40 11 41 18
16 26 24 23 6 30 11 13 16 24 19 21 26 12 25 31 31 8 23 0 10 28 32 9 22 29 22 17 22 23 17 30 11 18 11 7 13 32 30 36 19 12 19 12 33 17 22 22 15 20 16
22 24 21 33 4 35 1 10 9 34 20 11 21 22 20 21 33 18 16 10 0 19 32 14 14 21 12 26 20 13 7 31 21 11 21 8 23 30 27 39 12 3 18 20 23 7 20 25 15 30 6
41 16 37 48 23 34 18 29 26 44 39 17 9 37 7 10 27 36 32 28 19 0 24 33 27 2 14 36 36 13 15 23 34 27 36 21 39 20 15 32 28 21 36 30 12 15 15 24 34 45 15
48 8 53 40 32 13 31 42 41 32 51 36 15 30 17 34 5 40 48 32 32 24 0 41 44 22 35 26 52 35 32 2 27 43 29 27 32 4 9 9 44 35 50 23 36 32 12 11 46 37 31
8 34 15 28 11 39 15 7 12 32 10 23 34 20 33 33 40 8 16 9 14 33 41 0 18 35 24 26 13 25 19 39 20 14 19 15 19 40 38 45 14 12 10 21 35 19 30 31 6 25 19
24 36 11 45 17 49 15 11 6 46 17 10 32 34 30 22 46 26 5 22 14 27 44 18 0 29 13 39 11 14 12 43 33 4 33 22 35 42 38 52 4 11 12 34 24 12 32 39 14 42 13
43 14 39 47 24 32 20 31 27 43 41 19 7 36 5 12 25 37 34 29 21 2 22 35 29 0 16 35 38 15 17 21 33 29 35 22 38 18 13 30 30 23 37 29 14 17 13 22 36 44 16
32 27 24 45 16 43 11 20 15 45 29 3 21 34 19 9 38 30 18 22 12 14 35 24 13 16 0 37 24 1 5 34 33 15 33 19 35 32 27 43 16 12 24 31 11 5 24 32 25 42 6
28 25 41 14 22 17 26 30 33 8 35 36 29 7 30 44 22 19 40 17 26 36 26 26 39 35 37 0 39 38 32 24 6 35 8 18 10 28 29 25 36 28 36 6 46 32 22 15 32 11 31
16 44 2 41 20 52 21 10 11 45 8 21 41 33 39 33 51 21 6 22 20 36 52 13 11 38 24 39 0 25 21 50 33 9 32 25 32 50 47 56 8 17 3 34 35 21 40 42 7 38 22
33 27 25 46 17 43 12 21 16 46 30 4 20 35 18 8 38 31 19 23 13 13 35 25 14 15 1 38 25 0 6 34 34 16 34 20 36 31 26 43 17 13 25 32 10 6 24 32 26 43 7
27 24 22 40 11 38 6 15 11 40 25 4 20 29 18 14 34 25 17 17 7 15 32 19 12 17 5 32 21 6 0 31 28 12 28 14 30 30 26 40 13 7 21 26 16 0 20 27 20 37 1
46 7 52 38 30 12 30 40 40 30 49 35 14 28 16 33 4 38 47 30 31 23 2 39 43 21 34 24 50 34 31 0 25 42 27 25 30 5 9 9 43 34 48 21 35 31 11 9 44 35 30
22 25 35 14 17 22 22 24 27 13 29 32 28 3 28 41 25 13 34 11 21 34 27 20 33 33 33 6 33 34 28 25 0 29 2 14 5 29 29 29 30 23 30 4 43 28 21 16 26 11 27
20 35 10 41 13 46 12 7 2 42 14 12 32 30 30 24 44 22 5 18 11 27 43 14 4 29 15 35 9 16 12 42 29 0 29 18 31 41 38 49 1 8 9 30 26 12 31 35 10 38 13
20 27 34 12 17 24 22 24 27 13 27 32 30 1 30 42 27 11 34 11 21 36 29 19 33 35 33 8 32 34 28 27 2 29 0 15 3 31 31 31 30 23 29 6 44 28 23 18 25 9 27
22 19 27 27 5 28 8 15 16 26 24 18 19 16 18 27 26 15 23 7 8 21 27 15 22 22 19 18 25 20 14 25 14 18 15 0 18 25 23 31 19 11 23 12 29 14 15 17 19 24 13
20 30 34 10 19 27 24 25 29 13 27 34 33 3 33 44 30 11 35 13 23 39 32 19 35 38 35 10 32 36 30 30 5 31 3 18 0 34 34 34 32 25 29 9 46 30 26 21 25 7 29
47 6 51 42 30 17 29 40 39 35 49 34 11 32 13 30 9 40 46 32 30 20 4 40 42 18 32 28 50 31 30 5 29 41 31 25 34 0 5 13 42 33 48 25 32 30 10 13 44 39 29
45 4 48 43 28 21 26 37 36 37 47 30 6 32 8 25 13 38 43 30 27 15 9 38 38 13 27 29 47 26 26 9 29 38 31 23 34 5 0 18 39 30 45 25 27 26 8 14 42 40 25
51 16 58 38 36 8 38 46 47 28 55 44 23 32 25 42 6 42 54 36 39 32 9 45 52 30 43 25 56 43 40 9 29 49 31 31 34 13 18 0 50 42 54 25 44 40 20 14 50 36 39
20 36 9 42 14 47 13 7 3 43 13 13 33 31 31 25 45 22 4 19 12 28 44 14 4 30 16 36 8 17 13 43 30 1 30 19 32 42 39 50 0 9 8 31 27 13 32 36 10 39 14
20 27 18 35 6 38 4 8 6 36 18 11 24 24 22 21 36 19 13 12 3 21 35 12 11 23 12 28 17 13 7 34 23 8 23 11 25 33 30 42 9 0 16 23 23 7 23 28 13 32 7
13 42 5 38 18 49 19 8 10 42 5 21 39 30 38 33 49 18 8 19 18 36 50 10 12 37 24 36 3 25 21 48 30 9 29 23 29 48 45 54 8 16 0 31 35 21 38 40 4 35 21
26 21 36 18 17 18 20 25 28 14 31 30 24 7 24 38 21 17 35 12 20 30 23 21 34 29 31 6 34 32 26 21 4 30 6 12 9 25 25 25 31 23 31 0 40 26 17 12 27 15 25
43 28 35 56 27 46 22 31 26 54 40 14 21 45 19 2 39 41 29 33 23 12 36 35 24 14 11 46 35 10 16 35 43 26 44 29 46 32 27 44 27 23 35 40 0 16 27 36 36 53 17
27 24 22 40 11 38 6 15 11 40 25 4 20 29 18 14 34 25 17 17 7 15 32 19 12 17 5 32 21 6 0 31 28 12 28 14 30 30 26 40 13 7 21 26 16 0 20 27 20 37 1
37 4 41 35 20 19 19 30 29 30 39 24 7 24 8 25 14 30 36 22 20 15 12 30 32 13 24 22 40 24 20 11 21 31 23 15 26 10 8 20 32 23 38 17 27 20 0 9 34 32 19
38 10 44 29 22 11 24 32 33 23 41 31 16 19 17 34 9 29 40 22 25 24 11 31 39 22 32 15 42 32 27 9 16 35 18 17 21 13 14 14 36 28 40 12 36 27 9 0 36 26 26
10 38 9 34 14 45 16 5 10 38 5 22 36 26 35 34 45 14 11 15 15 34 46 6 14 36 25 32 7 26 20 44 26 10 25 19 25 44 42 50 10 13 4 27 36 20 34 36 0 31 20
25 36 40 3 26 28 31 32 36 9 33 41 39 8 39 51 33 17 41 20 30 45 37 25 42 44 42 11 38 43 37 35 11 38 9 24 7 39 40 36 39 32 35 15 53 37 32 26 31 0 36
27 23 23 39 10 37 5 15 11 39 25 5 19 28 17 15 33 24 18 16 6 15 31 19 13 16 6 31 22 7 1 30 27 13 27 13 29 29 25 39 14 7 21 25 17 1 19 26 20 36 0
0 519
40 247
16 223
304 511
32 239
282 489
38 245
166 373
309 516
267 474
0 207
247 454
292 499
12 219
147 354
31 238
25 232
48 255
265 472
97 304
284 491
55 262
237 444
10 217
125 332
299 506
18 225
32 239
111 318
12 219
96 303
146 353
205 412
261 468
0 207
80 287
233 440
54 261
234 441
133 340
218 425
119 326
216 423
70 277
267 474
12 219
234 441
136 343
277 484
216 423
117 324
0
45
35
19
61
42
64
35
56
43
32
80
68
14
35
81
78
70
78
65
35
54
78
47
67
40
19
22
60
55
34
60
62
26
48
53
43
60
41
66
18
22
70
50
60
61
55
78
17
72
28
