51
1627
0 23 56 23 28 48 14 3 7 43 45 36 37 14 33 44 32 7 44 38 54 37 35 15 28 46 43 5 38 34 20 32 27 22 43 25 27 30 51 35 34 43 12 19 33 45 27 45 20 29 30
23 0 33 22 15 29 16 21 18 24 26 16 24 9 11 26 10 16 23 19 34 16 20 18 6 27 21 26 21 12 15 10 14 11 22 23 4 28 28 13 14 20 13 16 14 23 8 23 13 13 28
56 33 0 44 30 13 43 53 51 16 15 31 26 42 23 16 28 49 26 20 10 29 24 44 31 14 14 58 36 26 39 28 31 35 25 43 29 42 11 21 31 13 44 40 24 21 33 12 37 37 43
23 22 44 0 14 33 10 20 25 29 30 38 19 22 25 29 31 21 43 24 39 37 20 8 27 31 30 22 43 31 7 31 13 11 42 2 23 7 44 26 36 32 16 6 21 42 30 32 9 35 7
28 15 30 14 0 20 14 25 27 15 17 29 10 20 11 16 22 23 32 10 26 28 7 15 18 18 16 29 34 21 9 22 1 7 31 13 14 15 30 13 27 18 17 10 7 30 22 18 8 27 16
48 29 13 33 20 0 34 45 45 5 3 33 14 37 18 4 28 42 32 10 6 31 13 35 27 2 8 49 38 26 29 28 21 26 31 32 25 30 20 16 32 11 36 30 15 27 31 6 28 36 31
14 16 43 10 14 34 0 11 15 29 31 32 23 13 22 30 26 11 39 24 40 32 21 2 22 32 29 15 37 27 6 26 13 8 38 12 19 17 42 24 30 30 6 5 19 38 24 31 6 28 17
3 21 53 20 25 45 11 0 8 40 42 35 34 13 30 41 31 6 43 35 51 36 32 12 27 43 40 5 38 33 17 31 24 19 42 22 25 27 49 32 33 40 9 16 30 44 26 42 17 29 27
7 18 51 25 27 45 15 8 0 40 42 30 37 9 29 42 26 4 38 35 51 31 34 17 23 43 39 12 31 28 20 26 26 20 37 27 22 32 46 31 28 38 10 20 30 39 21 41 19 22 32
43 24 16 29 15 5 29 40 40 0 2 30 11 32 13 2 24 37 29 5 11 28 9 30 23 3 4 44 35 22 24 24 16 21 28 28 20 27 20 12 28 8 31 25 10 24 27 4 23 32 28
45 26 15 30 17 3 31 42 42 2 0 31 11 34 15 1 26 39 30 7 9 29 10 32 25 1 6 46 36 24 26 26 18 23 29 29 22 27 20 14 30 9 33 27 12 25 29 4 25 34 28
36 16 31 38 29 33 32 35 30 30 31 0 34 22 18 32 7 29 8 26 38 2 30 34 11 32 26 40 5 8 31 7 28 27 8 39 15 43 21 18 2 22 28 32 23 11 9 27 29 8 44
37 24 26 19 10 14 23 34 37 11 11 34 0 30 16 10 27 33 36 9 20 33 4 23 26 12 14 38 39 26 18 27 11 17 35 18 22 16 30 16 32 18 27 18 11 34 30 15 18 35 17
14 9 42 22 20 37 13 13 9 32 34 22 30 0 20 34 18 7 30 27 43 23 27 15 14 35 30 18 25 20 16 18 19 14 29 23 13 28 37 22 20 29 7 16 22 31 13 32 14 16 28
33 11 23 25 11 18 22 30 29 13 15 18 16 20 0 15 11 27 21 9 23 17 12 23 11 16 10 35 23 10 18 11 12 14 20 24 7 26 20 2 16 10 21 19 5 19 15 12 16 20 27
44 26 16 29 16 4 30 41 42 2 1 32 10 34 15 0 26 39 31 7 10 30 9 31 25 2 6 45 37 24 25 26 17 23 30 28 22 26 21 14 30 10 33 26 12 26 29 5 24 34 27
32 10 28 31 22 28 26 31 26 24 26 7 27 18 11 26 0 25 13 20 33 6 23 28 4 27 20 36 12 2 24 0 21 20 12 32 8 36 20 12 5 17 23 25 16 13 5 22 22 9 37
7 16 49 21 23 42 11 6 4 37 39 29 33 7 27 39 25 0 37 32 48 30 30 13 21 40 37 11 32 27 16 25 22 16 36 23 20 28 44 29 27 36 6 16 27 38 20 39 15 23 28
44 23 26 43 32 32 39 43 38 29 30 8 36 30 21 31 13 37 0 28 35 7 32 41 17 31 25 48 10 12 36 13 33 32 1 44 20 47 15 20 10 21 36 37 26 5 17 26 34 16 48
38 19 20 24 10 10 24 35 35 5 7 26 9 27 9 7 20 32 28 0 16 25 5 25 19 8 6 39 31 18 19 20 11 16 27 23 16 23 21 8 24 9 26 20 5 25 23 8 18 28 24
54 34 10 39 26 6 40 51 51 11 9 38 20 43 23 10 33 48 35 16 0 36 19 41 32 8 13 55 43 31 35 33 27 32 34 38 30 36 20 21 37 16 42 36 21 30 36 11 34 41 37
37 16 29 37 28 31 32 36 31 28 29 2 33 23 17 30 6 30 7 25 36 0 29 34 10 30 24 41 7 7 30 6 27 26 6 38 14 42 19 17 3 20 29 31 22 9 10 25 28 10 43
35 20 24 20 7 13 21 32 34 9 10 30 4 27 12 9 23 30 32 5 19 29 0 22 22 11 11 36 35 22 16 23 8 14 31 19 18 18 26 12 28 14 24 17 7 30 26 12 15 31 19
15 18 44 8 15 35 2 12 17 30 32 34 23 15 23 31 28 13 41 25 41 34 22 0 24 33 30 15 39 29 6 28 14 9 40 10 21 15 43 25 32 31 8 5 20 40 26 32 7 30 15
28 6 31 27 18 27 22 27 23 23 25 11 26 14 11 25 4 21 17 19 32 10 22 24 0 26 19 32 16 6 20 4 18 16 16 28 4 32 24 11 9 18 19 21 15 17 4 21 18 9 33
46 27 14 31 18 2 32 43 43 3 1 32 12 35 16 2 27 40 31 8 8 30 11 33 26 0 7 47 37 25 27 27 19 24 30 30 23 28 20 15 31 10 34 28 13 26 30 5 26 35 29
43 21 14 30 16 8 29 40 39 4 6 26 14 30 10 6 20 37 25 6 13 24 11 30 19 7 0 44 31 18 25 20 17 21 24 29 17 29 16 8 24 4 31 26 10 20 23 2 23 28 30
5 26 58 22 29 49 15 5 12 44 46 40 38 18 35 45 36 11 48 39 55 41 36 15 32 47 44 0 43 38 21 36 28 23 47 24 30 29 54 37 38 45 14 20 34 49 31 46 21 34 29
38 21 36 43 34 38 37 38 31 35 36 5 39 25 23 37 12 32 10 31 43 7 35 39 16 37 31 43 0 13 36 12 33 32 11 44 20 48 25 23 7 27 32 37 28 15 13 32 34 9 49
34 12 26 31 21 26 27 33 28 22 24 8 26 20 10 24 2 27 12 18 31 7 22 29 6 25 18 38 13 0 24 2 21 20 11 32 8 36 18 10 6 15 24 25 15 11 7 20 22 11 37
20 15 39 7 9 29 6 17 20 24 26 31 18 16 18 25 24 16 36 19 35 30 16 6 20 27 25 21 36 24 0 24 8 4 35 8 16 13 38 20 29 26 10 1 15 35 23 27 2 28 13
32 10 28 31 22 28 26 31 26 24 26 7 27 18 11 26 0 25 13 20 33 6 23 28 4 27 20 36 12 2 24 0 21 20 12 32 8 36 20 12 5 17 23 25 16 13 5 22 22 9 37
27 14 31 13 1 21 13 24 26 16 18 28 11 19 12 17 21 22 33 11 27 27 8 14 18 19 17 28 33 21 8 21 0 6 32 13 14 15 31 13 26 19 16 9 8 31 22 19 7 27 16
22 11 35 11 7 26 8 19 20 21 23 27 17 14 14 23 20 16 32 16 32 26 14 9 16 24 21 23 32 20 4 20 6 0 31 12 12 17 34 16 25 22 10 5 11 31 19 23 2 24 17
43 22 25 42 31 31 38 42 37 28 29 8 35 29 20 30 12 36 1 27 34 6 31 40 16 30 24 47 11 11 35 12 32 31 0 43 19 46 14 19 9 20 35 36 25 4 16 25 33 16 47
25 23 43 2 13 32 12 22 27 28 29 39 18 23 24 28 32 23 44 23 38 38 19 10 28 30 29 24 44 32 8 32 13 12 43 0 24 5 43 26 37 31 17 7 20 43 31 31 10 36 5
27 4 29 23 14 25 19 25 22 20 22 15 22 13 7 22 8 20 20 16 30 14 18 21 4 23 17 30 20 8 16 8 14 12 19 24 0 28 24 9 13 16 16 17 11 19 8 19 14 13 29
30 28 42 7 15 30 17 27 32 27 27 43 16 28 26 26 36 28 47 23 36 42 18 15 32 28 29 29 48 36 13 36 15 17 46 5 28 0 44 28 41 32 22 12 22 45 36 30 15 41 1
51 28 11 44 30 20 42 49 46 20 20 21 30 37 20 21 20 44 15 21 20 19 26 43 24 20 16 54 25 18 38 20 31 34 14 43 24 44 0 18 21 12 40 39 23 10 25 16 36 28 45
35 13 21 26 13 16 24 32 31 12 14 18 16 22 2 14 12 29 20 8 21 17 12 25 11 15 8 37 23 10 20 12 13 16 19 26 9 28 18 0 16 8 23 21 6 18 15 10 18 20 29
34 14 31 36 27 32 30 33 28 28 30 2 32 20 16 30 5 27 10 24 37 3 28 32 9 31 24 38 7 6 29 5 26 25 9 37 13 41 21 16 0 21 26 30 21 12 7 26 27 7 42
43 20 13 32 18 11 30 40 38 8 9 22 18 29 10 10 17 36 21 9 16 20 14 31 18 10 4 45 27 15 26 17 19 22 20 31 16 32 12 8 21 0 31 27 11 16 22 5 24 26 33
12 13 44 16 17 36 6 9 10 31 33 28 27 7 21 33 23 6 36 26 42 29 24 8 19 34 31 14 32 24 10 23 16 10 35 17 16 22 40 23 26 31 0 10 21 35 19 33 9 23 22
19 16 40 6 10 30 5 16 20 25 27 32 18 16 19 26 25 16 37 20 36 31 17 5 21 28 26 20 37 25 1 25 9 5 36 7 17 12 39 21 30 27 10 0 16 36 24 28 3 29 12
33 14 24 21 7 15 19 30 30 10 12 23 11 22 5 12 16 27 26 5 21 22 7 20 15 13 10 34 28 15 15 16 8 11 25 20 11 22 23 6 21 11 21 16 0 24 19 12 13 24 23
45 23 21 42 30 27 38 44 39 24 25 11 34 31 19 26 13 38 5 25 30 9 30 40 17 26 20 49 15 11 35 13 31 31 4 43 19 45 10 18 12 16 35 36 24 0 18 21 33 19 46
27 8 33 30 22 31 24 26 21 27 29 9 30 13 15 29 5 20 17 23 36 10 26 26 4 30 23 31 13 7 23 5 22 19 16 31 8 36 25 15 7 22 19 24 19 18 0 25 21 5 36
45 23 12 32 18 6 31 42 41 4 4 27 15 32 12 5 22 39 26 8 11 25 12 32 21 5 2 46 32 20 27 22 19 23 25 31 19 30 16 10 26 5 33 28 12 21 25 0 25 30 31
20 13 37 9 8 28 6 17 19 23 25 29 18 14 16 24 22 15 34 18 34 28 15 7 18 26 23 21 34 22 2 22 7 2 33 10 14 15 36 18 27 24 9 3 13 33 21 25 0 26 15
29 13 37 35 27 36 28 29 22 32 34 8 35 16 20 34 9 23 16 28 41 10 31 30 9 35 28 34 9 11 28 9 27 24 16 36 13 41 28 20 7 26 23 29 24 19 5 30 26 0 41
30 28 43 7 16 31 17 27 32 28 28 44 17 28 27 27 37 28 48 24 37 43 19 15 33 29 30 29 49 37 13 37 16 17 47 5 29 1 45 29 42 33 22 12 23 46 36 31 15 41 0
0 655
385 581
64 260
254 450
431 627
293 489
109 305
55 251
353 549
118 314
25 221
116 312
361 557
76 272
447 643
384 580
1 197
422 618
214 410
248 444
448 644
247 443
268 464
442 638
131 327
373 569
342 538
89 285
68 264
379 575
219 415
226 422
145 341
104 300
146 342
240 436
357 553
107 303
126 322
349 545
285 481
378 574
192 388
319 515
163 359
431 627
306 502
414 610
60 256
414 610
126 322
0
40
67
76
54
50
54
60
57
76
55
36
64
35
25
41
39
69
81
82
46
20
41
47
57
58
30
27
60
38
23
76
71
38
74
34
39
42
75
32
59
64
30
60
46
41
58
48
38
31
38
