51
1624
0 46 49 16 12 41 41 8 22 39 26 36 17 43 22 47 32 20 40 36 41 48 42 19 41 52 39 19 35 46 33 19 29 50 16 31 25 15 30 41 29 43 23 11 24 24 11 37 23 34 40
46 0 26 46 41 64 51 39 25 19 37 16 37 63 51 53 28 31 46 21 64 34 26 36 64 28 62 48 22 32 17 27 17 27 46 53 41 36 22 22 57 24 49 42 50 40 35 52 52 38 20
49 26 0 41 37 46 31 41 28 11 26 15 32 44 40 31 17 29 26 13 47 8 7 30 47 3 45 40 14 8 18 31 24 1 41 39 30 34 19 8 45 6 38 38 39 29 39 35 41 21 10
16 46 41 0 6 25 26 12 21 34 15 33 9 27 6 32 24 15 27 31 25 38 34 11 25 44 23 3 30 36 30 21 29 42 0 15 12 11 26 35 13 36 7 7 8 12 19 21 7 22 35
12 41 37 6 0 31 29 6 16 29 14 28 5 33 12 35 20 10 28 26 31 36 30 7 31 40 29 9 25 34 25 15 24 38 6 21 13 5 21 31 19 32 13 1 14 12 13 26 13 22 30
41 64 46 25 31 0 15 37 41 46 27 48 31 3 19 18 36 35 20 43 1 39 41 30 1 48 2 22 42 38 47 43 48 47 25 11 23 34 42 45 12 44 18 32 17 24 44 12 19 27 46
41 51 31 26 29 15 0 34 33 32 17 35 25 13 21 6 24 27 5 30 16 24 26 23 16 33 14 23 29 23 35 35 38 32 26 11 16 27 30 30 18 29 19 30 18 17 38 5 21 14 32
8 39 41 12 6 37 34 0 14 31 18 28 10 39 18 40 24 12 33 28 37 40 34 11 37 44 35 15 27 38 25 12 22 42 12 27 18 7 23 33 25 35 19 5 20 17 7 32 19 26 32
22 25 28 21 16 41 33 14 0 18 16 14 12 42 26 38 13 6 31 15 41 30 22 11 41 31 39 23 14 28 11 3 8 29 21 30 18 11 9 20 32 22 24 17 25 17 11 32 27 22 19
39 19 11 34 29 46 32 31 18 0 20 4 25 45 34 34 10 19 27 3 46 15 7 23 46 14 44 34 4 13 7 21 13 12 34 36 24 24 9 3 40 5 32 30 33 23 29 34 35 19 1
26 37 26 15 14 27 17 18 16 20 0 22 9 27 14 22 10 10 15 17 27 23 19 7 27 29 25 14 16 21 20 18 23 27 15 16 4 11 15 21 20 22 12 15 13 3 22 16 15 8 21
36 16 15 33 28 48 35 28 14 4 22 0 24 47 36 37 12 18 30 5 48 19 11 23 48 18 46 35 6 17 3 17 9 16 33 38 26 23 8 7 42 9 34 29 35 25 25 36 37 22 5
17 37 32 9 5 31 25 10 12 25 9 24 0 32 14 31 15 6 24 22 31 31 25 2 31 35 29 11 21 29 21 13 20 33 9 20 9 3 17 26 21 27 13 6 14 8 14 23 15 17 26
43 63 44 27 33 3 13 39 42 45 27 47 32 0 21 16 35 36 18 42 4 37 39 31 4 46 5 24 41 36 46 44 49 45 27 12 24 35 41 43 15 42 20 34 19 25 46 11 22 26 45
22 51 40 6 12 19 21 18 26 34 14 36 14 21 0 27 24 20 22 31 19 36 33 15 19 43 17 3 30 34 34 26 34 41 6 10 10 16 29 35 7 36 2 13 3 11 25 16 1 20 35
47 53 31 32 35 18 6 40 38 34 22 37 31 16 27 0 26 32 7 32 19 23 27 29 19 32 18 29 31 23 37 40 40 32 32 17 22 33 32 31 24 30 25 36 24 23 44 11 27 16 33
32 28 17 24 20 36 24 24 13 10 10 12 15 35 24 26 0 12 19 7 36 17 10 13 36 20 34 24 6 15 11 16 14 18 24 26 14 17 6 11 30 12 22 21 23 13 24 24 25 10 11
20 31 29 15 10 35 27 12 6 19 10 18 6 36 20 32 12 0 25 16 35 29 22 5 35 32 33 17 15 27 15 8 14 30 15 24 12 5 11 21 26 23 18 11 19 11 13 26 21 17 20
40 46 26 27 28 20 5 33 31 27 15 30 24 18 22 7 19 25 0 25 21 19 21 22 21 28 19 24 24 18 30 33 33 27 27 15 15 26 25 25 22 24 20 29 19 16 37 9 23 9 27
36 21 13 31 26 43 30 28 15 3 17 5 22 42 31 32 7 16 25 0 43 16 8 20 43 16 41 31 1 14 6 18 12 14 31 33 21 21 6 5 37 7 29 27 30 20 26 31 32 17 4
41 64 47 25 31 1 16 37 41 46 27 48 31 4 19 19 36 35 21 43 0 40 41 30 0 49 2 22 42 39 47 43 48 48 25 11 23 34 42 45 12 44 18 32 17 24 44 12 19 27 46
48 34 8 38 36 39 24 40 30 15 23 19 31 37 36 23 17 29 19 16 40 0 8 29 40 9 38 36 17 2 22 33 28 9 38 33 26 33 21 12 40 10 34 37 34 26 41 28 37 16 14
42 26 7 34 30 41 26 34 22 7 19 11 25 39 33 27 10 22 21 8 41 8 0 23 41 10 39 33 9 6 14 25 20 8 34 32 23 27 13 4 38 3 31 31 32 22 33 29 34 14 6
19 36 30 11 7 30 23 11 11 23 7 23 2 31 15 29 13 5 22 20 30 29 23 0 30 33 28 12 19 27 20 13 19 31 11 19 7 4 15 24 21 25 13 8 14 6 15 21 16 15 24
41 64 47 25 31 1 16 37 41 46 27 48 31 4 19 19 36 35 21 43 0 40 41 30 0 49 2 22 42 39 47 43 48 48 25 11 23 34 42 45 12 44 18 32 17 24 44 12 19 27 46
52 28 3 44 40 48 33 44 31 14 29 18 35 46 43 32 20 32 28 16 49 9 10 33 49 0 47 43 17 10 21 34 27 2 44 42 33 37 22 11 48 9 41 41 42 32 42 37 44 24 13
39 62 45 23 29 2 14 35 39 44 25 46 29 5 17 18 34 33 19 41 2 38 39 28 2 47 0 20 40 37 45 41 46 46 23 9 21 32 40 43 10 42 16 30 15 22 42 10 17 25 44
19 48 40 3 9 22 23 15 23 34 14 35 11 24 3 29 24 17 24 31 22 36 33 12 22 43 20 0 30 34 32 23 31 41 3 12 10 13 27 35 10 36 4 10 5 11 22 18 4 20 35
35 22 14 30 25 42 29 27 14 4 16 6 21 41 30 31 6 15 24 1 42 17 9 19 42 17 40 30 0 15 6 17 12 15 30 32 20 20 5 6 36 8 28 26 29 19 25 30 31 16 5
46 32 8 36 34 38 23 38 28 13 21 17 29 36 34 23 15 27 18 14 39 2 6 27 39 10 37 34 15 0 20 31 26 9 36 32 24 31 19 10 38 8 32 35 32 24 39 27 35 14 12
33 17 18 30 25 47 35 25 11 7 20 3 21 46 34 37 11 15 30 6 47 22 14 20 47 21 45 32 6 20 0 14 6 19 30 36 24 20 5 10 40 12 32 26 33 23 22 35 35 21 8
19 27 31 21 15 43 35 12 3 21 18 17 13 44 26 40 16 8 33 18 43 33 25 13 43 34 41 23 17 31 14 0 10 32 21 32 20 10 12 23 33 25 26 16 27 19 8 34 27 25 22
29 17 24 29 24 48 38 22 8 13 23 9 20 49 34 40 14 14 33 12 48 28 20 19 48 27 46 31 12 26 6 10 0 25 29 37 25 19 8 16 40 18 32 25 33 24 18 38 35 24 14
50 27 1 42 38 47 32 42 29 12 27 16 33 45 41 32 18 30 27 14 48 9 8 31 48 2 46 41 15 9 19 32 25 0 42 40 31 35 20 9 46 7 39 39 40 30 40 36 42 22 11
16 46 41 0 6 25 26 12 21 34 15 33 9 27 6 32 24 15 27 31 25 38 34 11 25 44 23 3 30 36 30 21 29 42 0 15 12 11 26 35 13 36 7 7 8 12 19 21 7 22 35
31 53 39 15 21 11 11 27 30 36 16 38 20 12 10 17 26 24 15 33 11 33 32 19 11 42 9 12 32 32 36 32 37 40 15 0 12 23 31 36 7 35 8 22 7 13 34 6 10 18 37
25 41 30 12 13 23 16 18 18 24 4 26 9 24 10 22 14 12 15 21 23 26 23 7 23 33 21 10 20 24 24 20 25 31 12 12 0 11 19 25 16 26 8 14 9 1 22 14 11 10 25
15 36 34 11 5 34 27 7 11 24 11 23 3 35 16 33 17 5 26 21 34 33 27 4 34 37 32 13 20 31 20 10 19 35 11 23 11 0 16 26 23 28 16 6 17 10 11 25 17 19 25
30 22 19 26 21 42 30 23 9 9 15 8 17 41 29 32 6 11 25 6 42 21 13 15 42 22 40 27 5 19 5 12 8 20 26 31 19 16 0 11 35 13 27 22 28 18 20 30 30 16 10
41 22 8 35 31 45 30 33 20 3 21 7 26 43 35 31 11 21 25 5 45 12 4 24 45 11 43 35 6 10 10 23 16 9 35 36 25 26 11 0 41 2 33 32 34 24 31 33 36 18 2
29 57 45 13 19 12 18 25 32 40 20 42 21 15 7 24 30 26 22 37 12 40 38 21 12 48 10 10 36 38 40 33 40 46 13 7 16 23 35 41 0 41 8 20 7 17 32 13 7 24 41
43 24 6 36 32 44 29 35 22 5 22 9 27 42 36 30 12 23 24 7 44 10 3 25 44 9 42 36 8 8 12 25 18 7 36 35 26 28 13 2 41 0 34 33 35 25 33 32 37 17 4
23 49 38 7 13 18 19 19 24 32 12 34 13 20 2 25 22 18 20 29 18 34 31 13 18 41 16 4 28 32 32 26 32 39 7 8 8 16 27 33 8 34 0 14 1 9 26 14 3 18 33
11 42 38 7 1 32 30 5 17 30 15 29 6 34 13 36 21 11 29 27 32 37 31 8 32 41 30 10 26 35 26 16 25 39 7 22 14 6 22 32 20 33 14 0 15 13 12 27 14 23 31
24 50 39 8 14 17 18 20 25 33 13 35 14 19 3 24 23 19 19 30 17 34 32 14 17 42 15 5 29 32 33 27 33 40 8 7 9 17 28 34 7 35 1 15 0 10 27 13 4 18 34
24 40 29 12 12 24 17 17 17 23 3 25 8 25 11 23 13 11 16 20 24 26 22 6 24 32 22 11 19 24 23 19 24 30 12 13 1 10 18 24 17 25 9 13 10 0 21 15 12 11 24
11 35 39 19 13 44 38 7 11 29 22 25 14 46 25 44 24 13 37 26 44 41 33 15 44 42 42 22 25 39 22 8 18 40 19 34 22 11 20 31 32 33 26 12 27 21 0 36 26 30 30
37 52 35 21 26 12 5 32 32 34 16 36 23 11 16 11 24 26 9 31 12 28 29 21 12 37 10 18 30 27 35 34 38 36 21 6 14 25 30 33 13 32 14 27 13 15 36 0 16 15 34
23 52 41 7 13 19 21 19 27 35 15 37 15 22 1 27 25 21 23 32 19 37 34 16 19 44 17 4 31 35 35 27 35 42 7 10 11 17 30 36 7 37 3 14 4 12 26 16 0 21 36
34 38 21 22 22 27 14 26 22 19 8 22 17 26 20 16 10 17 9 17 27 16 14 15 27 24 25 20 16 14 21 25 24 22 22 18 10 19 16 18 24 17 18 23 18 11 30 15 21 0 19
40 20 10 35 30 46 32 32 19 1 21 5 26 45 35 33 11 20 27 4 46 14 6 24 46 13 44 35 5 12 8 22 14 11 35 37 25 25 10 2 41 4 33 31 34 24 30 34 36 19 0
0 764
71 376
355 660
245 550
305 610
78 383
334 639
368 673
443 748
215 520
391 696
287 592
278 583
178 483
42 347
449 754
219 524
162 467
397 702
107 412
281 586
178 483
61 366
241 546
26 331
309 614
350 655
391 696
396 701
220 525
290 595
453 758
77 382
277 582
261 566
374 679
187 492
90 395
170 475
213 518
260 565
213 518
86 391
246 551
313 618
272 577
325 630
151 456
192 497
135 440
425 730
0
58
57
21
41
35
31
63
18
51
46
40
47
71
37
33
48
69
60
82
80
33
60
42
65
28
23
56
56
70
73
63
31
44
64
48
65
41
43
66
67
34
33
32
72
18
73
41
47
66
56
