51
1626
0 43 38 44 6 51 31 43 39 36 38 39 19 39 24 14 37 40 41 14 16 34 19 20 23 28 35 21 40 36 24 55 33 24 47 31 10 46 35 26 38 3 29 25 24 19 2 34 23 41 29
43 0 21 17 49 11 14 8 7 8 13 20 28 32 29 37 29 4 11 30 40 38 27 23 22 31 9 35 14 20 22 12 10 20 15 30 51 3 16 17 24 46 31 35 22 27 45 16 36 12 25
38 21 0 35 43 32 22 13 24 14 8 35 20 12 37 38 9 17 10 28 30 50 19 20 17 42 15 41 7 2 14 31 17 23 35 42 44 22 5 18 39 41 15 44 14 29 39 30 22 30 37
44 17 35 0 50 10 16 24 11 21 28 7 35 46 22 32 43 19 26 30 47 26 34 29 29 22 20 28 29 34 32 17 19 22 3 20 54 18 30 24 10 47 42 26 32 25 46 10 46 5 17
6 49 43 50 0 57 37 49 45 42 43 45 23 41 30 20 39 46 46 20 16 40 24 26 29 34 41 27 45 41 29 61 39 30 53 37 4 52 40 32 44 4 31 31 29 25 4 40 24 47 35
51 11 32 10 57 0 20 19 12 19 24 17 38 43 31 40 40 15 22 37 50 36 37 33 32 32 19 37 25 31 33 7 20 27 7 30 61 10 27 27 20 54 42 36 33 33 53 18 47 11 27
31 14 22 16 37 20 0 16 8 9 16 14 19 32 16 23 29 12 16 17 31 28 18 13 13 21 8 22 18 21 16 25 5 7 17 20 41 17 17 8 17 34 26 23 16 13 33 8 30 11 15
43 8 13 24 49 19 16 0 13 7 6 26 26 25 32 38 22 5 3 30 38 44 25 23 21 37 8 38 6 13 20 18 11 21 23 36 50 9 9 17 30 46 25 39 20 28 45 22 32 19 31
39 7 24 11 45 12 8 13 0 10 17 13 26 35 22 30 32 8 15 25 38 31 25 21 20 24 9 28 18 23 22 17 8 15 11 23 49 10 19 15 17 42 32 28 22 21 41 9 36 6 18
36 8 14 21 42 19 9 7 10 0 7 22 20 25 25 31 22 4 7 23 32 37 19 16 14 30 1 31 9 13 14 20 4 14 21 29 44 11 9 10 25 39 23 32 14 21 38 16 28 16 24
38 13 8 28 43 24 16 6 17 7 0 29 20 19 32 36 16 9 3 27 32 44 19 19 16 37 8 37 2 7 14 24 11 19 28 36 44 15 3 14 32 41 19 39 14 26 39 23 26 23 31
39 20 35 7 45 17 14 26 13 22 29 0 31 46 15 25 43 21 28 25 43 20 30 25 26 15 21 21 31 34 30 24 18 18 10 13 49 23 30 22 4 41 40 19 30 20 41 6 42 8 10
19 28 20 35 23 38 19 26 26 20 20 31 0 22 24 21 19 24 23 11 12 38 1 6 6 29 19 26 22 18 6 40 18 13 36 32 24 31 17 11 34 21 12 30 6 15 19 25 11 30 27
39 32 12 46 41 43 32 25 35 25 19 46 22 0 43 42 3 28 22 32 25 57 22 25 22 48 26 46 19 12 18 43 28 30 46 50 40 34 16 25 49 41 10 50 18 34 39 40 17 41 45
24 29 37 22 30 31 16 32 22 25 32 15 24 43 0 10 40 28 32 14 33 14 23 18 21 5 24 6 34 35 25 38 21 14 25 8 34 32 32 19 14 26 35 7 25 9 26 13 35 20 5
14 37 38 32 20 40 23 38 30 31 36 25 21 42 10 0 39 34 38 10 26 20 20 18 21 14 30 7 38 36 25 47 27 17 35 17 24 40 35 22 24 16 32 11 25 10 16 22 31 29 15
37 29 9 43 39 40 29 22 32 22 16 43 19 3 40 39 0 25 19 29 23 54 19 22 19 45 23 43 16 9 15 40 25 27 43 47 38 31 13 22 46 39 8 47 15 31 37 37 15 38 42
40 4 17 19 46 15 12 5 8 4 9 21 24 28 28 34 25 0 7 27 36 39 23 20 18 32 5 34 10 16 18 16 7 17 19 31 48 7 12 14 25 43 27 35 18 24 42 17 32 14 26
41 11 10 26 46 22 16 3 15 7 3 28 23 22 32 38 19 7 0 29 35 44 22 22 19 37 8 38 3 10 17 21 11 21 26 36 47 12 6 16 32 44 22 39 17 28 42 23 29 21 31
14 30 28 30 20 37 17 30 25 23 27 25 11 32 14 10 29 27 29 0 19 28 10 8 11 19 22 15 29 26 15 42 20 10 33 22 24 33 25 13 27 17 22 19 15 5 16 20 22 27 18
16 40 30 47 16 50 31 38 38 32 32 43 12 25 33 26 23 36 35 19 0 46 13 18 18 38 31 33 34 28 18 52 30 25 48 41 15 43 29 23 46 17 15 37 18 24 15 37 8 42 37
34 38 50 26 40 36 28 44 31 37 44 20 38 57 14 20 54 39 44 28 46 0 37 32 35 9 36 13 46 49 39 43 33 28 29 8 44 41 45 33 16 36 49 9 39 23 36 22 49 28 13
19 27 19 34 24 37 18 25 25 19 19 30 1 22 23 20 19 23 22 10 13 37 0 5 5 28 18 25 21 17 5 39 17 12 35 31 25 30 16 10 33 22 12 29 5 14 20 24 12 29 26
20 23 20 29 26 33 13 23 21 16 19 25 6 25 18 18 22 20 22 8 18 32 5 0 3 23 15 21 21 18 7 35 13 7 30 26 28 26 17 6 28 23 17 25 7 9 22 19 17 24 21
23 22 17 29 29 32 13 21 20 14 16 26 6 22 21 21 19 18 19 11 18 35 5 3 0 26 13 24 18 15 4 34 12 8 30 28 30 25 14 5 29 26 14 28 4 12 25 20 17 24 23
28 31 42 22 34 32 21 37 24 30 37 15 29 48 5 14 45 32 37 19 38 9 28 23 26 0 29 7 39 40 30 39 26 19 25 3 38 34 37 24 13 30 40 4 30 14 30 15 40 22 6
35 9 15 20 41 19 8 8 9 1 8 21 19 26 24 30 23 5 8 22 31 36 18 15 13 29 0 30 10 14 14 21 3 13 20 28 43 12 10 9 24 38 24 31 14 20 37 15 28 15 23
21 35 41 28 27 37 22 38 28 31 37 21 26 46 6 7 43 34 38 15 33 13 25 21 24 7 30 0 39 39 28 44 27 18 31 10 31 38 36 23 19 23 37 4 28 12 23 19 37 26 11
40 14 7 29 45 25 18 6 18 9 2 31 22 19 34 38 16 10 3 29 34 46 21 21 18 39 10 39 0 8 16 24 13 21 29 38 46 15 5 16 34 43 21 41 16 28 41 25 28 24 33
36 20 2 34 41 31 21 13 23 13 7 34 18 12 35 36 9 16 10 26 28 49 17 18 15 40 14 39 8 0 12 31 16 21 34 41 42 22 4 16 38 39 13 42 12 27 37 29 20 29 36
24 22 14 32 29 33 16 20 22 14 14 30 6 18 25 25 15 18 17 15 18 39 5 7 4 30 14 28 16 12 0 34 14 12 33 32 30 25 11 8 33 27 10 32 0 16 25 24 14 27 27
55 12 31 17 61 7 25 18 17 20 24 24 40 43 38 47 40 16 21 42 52 43 39 35 34 39 21 44 24 31 34 0 22 32 14 37 63 10 27 29 27 58 43 43 34 38 57 25 48 18 34
33 10 17 19 39 20 5 11 8 4 11 18 18 28 21 27 25 7 11 20 30 33 17 13 12 26 3 27 13 16 14 22 0 10 19 25 41 13 12 7 22 36 24 28 14 17 35 13 28 14 20
24 20 23 22 30 27 7 21 15 14 19 18 13 30 14 17 27 17 21 10 25 28 12 7 8 19 13 18 21 21 12 32 10 0 24 20 34 23 18 5 21 27 22 21 12 7 26 12 24 18 15
47 15 35 3 53 7 17 23 11 21 28 10 36 46 25 35 43 19 26 33 48 29 35 30 30 25 20 31 29 34 33 14 19 24 0 23 57 16 30 25 13 50 43 29 33 28 49 13 47 6 20
31 30 42 20 37 30 20 36 23 29 36 13 32 50 8 17 47 31 36 22 41 8 31 26 28 3 28 10 38 41 32 37 25 20 23 0 41 33 37 25 10 33 42 7 32 17 33 14 43 21 5
10 51 44 54 4 61 41 50 49 44 44 49 24 40 34 24 38 48 47 24 15 44 25 28 30 38 43 31 46 42 30 63 41 34 57 41 0 54 41 34 48 8 30 35 30 29 8 44 23 51 39
46 3 22 18 52 10 17 9 10 11 15 23 31 34 32 40 31 7 12 33 43 41 30 26 25 34 12 38 15 22 25 10 13 23 16 33 54 0 18 20 27 49 34 38 25 30 48 19 39 15 28
35 16 5 30 40 27 17 9 19 9 3 30 17 16 32 35 13 12 6 25 29 45 16 17 14 37 10 36 5 4 11 27 12 18 30 37 41 18 0 13 34 38 16 39 11 25 36 25 23 25 32
26 17 18 24 32 27 8 17 15 10 14 22 11 25 19 22 22 14 16 13 23 33 10 6 5 24 9 23 16 16 8 29 7 5 25 25 34 20 13 0 25 29 18 26 8 12 28 16 22 19 20
38 24 39 10 44 20 17 30 17 25 32 4 34 49 14 24 46 25 32 27 46 16 33 28 29 13 24 19 34 38 33 27 22 21 13 10 48 27 34 25 0 40 43 17 33 22 40 9 45 12 9
3 46 41 47 4 54 34 46 42 39 41 41 21 41 26 16 39 43 44 17 17 36 22 23 26 30 38 23 43 39 27 58 36 27 50 33 8 49 38 29 40 0 31 27 27 22 2 37 25 44 31
29 31 15 42 31 42 26 25 32 23 19 40 12 10 35 32 8 27 22 22 15 49 12 17 14 40 24 37 21 13 10 43 24 22 43 42 30 34 16 18 43 31 0 41 10 26 29 34 7 37 37
25 35 44 26 31 36 23 39 28 32 39 19 30 50 7 11 47 35 39 19 37 9 29 25 28 4 31 4 41 42 32 43 28 21 29 7 35 38 39 26 17 27 41 0 32 16 27 19 41 26 10
24 22 14 32 29 33 16 20 22 14 14 30 6 18 25 25 15 18 17 15 18 39 5 7 4 30 14 28 16 12 0 34 14 12 33 32 30 25 11 8 33 27 10 32 0 16 25 24 14 27 27
19 27 29 25 25 33 13 28 21 21 26 20 15 34 9 10 31 24 28 5 24 23 14 9 12 14 20 12 28 27 16 38 17 7 28 17 29 30 25 12 22 22 26 16 16 0 21 15 26 22 13
2 45 39 46 4 53 33 45 41 38 39 41 19 39 26 16 37 42 42 16 15 36 20 22 25 30 37 23 41 37 25 57 35 26 49 33 8 48 36 28 40 2 29 27 25 21 0 36 23 43 31
34 16 30 10 40 18 8 22 9 16 23 6 25 40 13 22 37 17 23 20 37 22 24 19 20 15 15 19 25 29 24 25 13 12 13 14 44 19 25 16 9 37 34 19 24 15 36 0 36 7 9
23 36 22 46 24 47 30 32 36 28 26 42 11 17 35 31 15 32 29 22 8 49 12 17 17 40 28 37 28 20 14 48 28 24 47 43 23 39 23 22 45 25 7 41 14 26 23 36 0 41 38
41 12 30 5 47 11 11 19 6 16 23 8 30 41 20 29 38 14 21 27 42 28 29 24 24 22 15 26 24 29 27 18 14 18 6 21 51 15 25 19 12 44 37 26 27 22 43 7 41 0 16
29 25 37 17 35 27 15 31 18 24 31 10 27 45 5 15 42 26 31 18 37 13 26 21 23 6 23 11 33 36 27 34 20 15 20 5 39 28 32 20 9 31 37 10 27 13 31 9 38 16 0
0 491
155 400
96 341
204 449
103 348
203 448
161 406
235 480
194 439
121 366
102 347
34 279
106 351
140 385
19 264
41 286
149 394
59 304
61 306
131 376
244 489
118 363
149 394
217 462
144 389
47 292
224 469
61 306
11 256
92 337
46 291
93 338
188 433
100 345
240 485
99 344
101 346
147 392
34 279
16 261
173 418
171 416
13 258
84 329
123 368
161 406
82 327
17 262
115 360
37 282
100 345
0
47
83
56
64
73
71
29
48
30
34
70
69
47
33
61
67
32
51
62
29
59
59
71
72
56
63
56
46
26
19
26
53
47
44
70
64
27
68
64
24
33
86
47
41
24
79
25
27
22
47
