51
1627
0 22 24 40 51 48 6 37 27 24 31 48 43 41 45 35 13 4 15 24 42 35 8 19 38 13 37 10 25 16 26 39 44 25 41 37 9 46 39 26 40 24 37 19 17 30 18 38 32 39 20
22 0 33 48 54 47 16 25 16 43 27 50 46 32 49 44 27 25 10 34 31 45 15 22 36 12 38 12 16 13 39 41 26 23 32 46 17 50 25 15 46 41 44 32 15 41 7 38 45 29 39
24 33 0 17 28 25 29 32 25 16 17 24 19 27 22 12 11 22 35 1 33 12 23 11 18 34 15 28 23 20 7 16 40 15 27 14 20 23 35 25 17 14 14 5 18 8 26 16 12 26 16
40 48 17 0 11 14 45 37 35 27 23 10 7 26 6 5 27 38 52 16 34 8 40 26 15 51 12 45 34 35 18 9 45 26 26 3 37 6 40 36 4 26 4 21 33 14 41 12 16 28 29
51 54 28 11 0 8 55 39 39 38 27 4 9 27 6 16 38 49 59 27 35 19 48 34 18 59 16 53 38 42 29 13 47 31 27 14 45 5 42 40 11 37 14 32 40 25 47 16 27 30 40
48 47 25 14 8 0 50 31 32 39 20 4 7 19 8 17 35 46 53 25 27 21 43 29 11 54 11 48 31 36 29 9 39 25 19 17 40 8 34 33 10 37 13 30 34 26 41 10 29 22 40
6 16 29 45 55 50 0 36 26 30 32 51 46 40 49 40 18 10 9 29 41 40 7 21 40 7 39 4 24 15 31 42 40 26 40 42 10 50 37 25 45 30 42 24 17 35 14 40 37 38 26
37 25 32 37 39 31 36 0 10 48 15 35 33 12 36 37 34 38 35 33 6 40 29 25 22 36 26 32 13 21 39 28 8 18 12 39 28 37 3 11 33 46 34 35 21 40 22 25 44 9 46
27 16 25 35 39 32 26 10 0 39 12 35 31 16 34 34 24 28 25 26 15 36 19 16 21 26 23 22 3 11 32 26 17 10 16 36 18 35 12 1 31 37 31 26 11 33 12 23 37 13 37
24 43 16 27 38 39 30 48 39 0 33 37 32 43 33 22 16 20 39 16 49 19 28 23 34 37 31 33 36 30 10 31 56 30 43 24 26 33 51 38 29 2 26 13 29 13 36 32 12 42 4
31 27 17 23 27 20 32 15 12 33 0 23 19 10 22 22 21 30 34 18 16 25 25 12 9 35 11 29 11 17 24 14 23 6 10 24 22 23 18 13 19 31 19 20 15 25 21 11 29 9 31
48 50 24 10 4 4 51 35 35 37 23 0 5 23 4 15 35 46 55 24 31 18 44 30 14 55 12 49 34 38 27 9 43 27 23 13 41 4 38 36 8 35 11 29 36 24 43 12 26 26 38
43 46 19 7 9 7 46 33 31 32 19 5 0 22 3 10 30 41 51 19 30 14 39 25 11 50 8 44 30 34 22 5 41 23 22 10 36 4 36 32 3 30 6 24 32 19 39 8 22 24 33
41 32 27 26 27 19 40 12 16 43 10 23 22 0 25 27 31 40 41 28 8 31 33 22 11 42 15 37 17 25 34 17 20 16 0 28 32 26 15 17 22 41 23 30 24 33 28 14 37 3 41
45 49 22 6 6 8 49 36 34 33 22 4 3 25 0 11 32 43 54 21 33 14 42 28 14 53 11 47 33 37 24 8 44 26 25 9 39 1 39 35 5 32 8 26 35 20 42 11 22 27 35
35 44 12 5 16 17 40 37 34 22 22 15 10 27 11 0 22 33 47 11 35 4 35 22 16 46 12 40 32 31 13 10 45 24 27 2 32 11 40 34 7 21 4 16 29 9 37 13 12 29 24
13 27 11 27 38 35 18 34 24 16 21 35 30 31 32 22 0 11 25 11 36 22 13 9 26 24 25 18 21 14 13 26 41 16 31 24 10 33 36 23 27 14 24 6 13 17 20 26 19 30 13
4 25 22 38 49 46 10 38 28 20 30 46 41 40 43 33 11 0 19 22 43 33 10 18 37 17 36 14 26 17 23 37 45 25 40 35 10 44 40 27 38 20 35 17 18 27 20 37 29 39 16
15 10 35 52 59 53 9 35 25 39 34 55 51 41 54 47 25 19 0 36 40 47 12 26 42 2 43 7 24 17 38 46 36 28 41 49 15 55 35 24 50 39 48 31 19 42 13 43 44 38 35
24 34 1 16 27 25 29 33 26 16 18 24 19 28 21 11 11 22 36 0 34 11 24 12 19 35 15 29 24 21 6 16 41 16 28 13 21 22 36 26 16 14 13 5 19 7 27 16 11 27 15
42 31 33 34 35 27 41 6 15 49 16 31 30 8 33 35 36 43 40 34 0 39 34 27 19 41 23 37 18 26 40 25 13 20 8 36 33 34 8 16 30 47 31 36 26 41 27 22 45 7 47
35 45 12 8 19 21 40 40 36 19 25 18 14 31 14 4 22 33 47 11 39 0 35 23 20 46 16 40 34 32 10 14 48 26 31 5 32 14 43 36 11 18 8 16 30 6 38 17 8 33 21
8 15 23 40 48 43 7 29 19 28 25 44 39 33 42 35 13 10 12 24 34 35 0 14 33 11 32 5 17 8 26 35 36 19 33 37 3 43 31 18 38 27 36 19 10 30 10 33 32 31 24
19 22 11 26 34 29 21 25 16 23 12 30 25 22 28 22 9 18 26 12 27 23 14 0 19 25 18 19 13 9 17 21 33 7 22 24 11 29 28 15 24 21 22 10 7 19 15 19 23 21 21
38 36 18 15 18 11 40 22 21 34 9 14 11 11 14 16 26 37 42 19 19 20 33 19 0 43 4 37 20 25 25 6 30 14 11 17 30 15 25 22 11 32 12 23 23 23 30 3 27 13 34
13 12 34 51 59 54 7 36 26 37 35 55 50 42 53 46 24 17 2 35 41 46 11 25 43 0 43 6 25 18 37 46 38 29 42 48 14 54 37 25 49 37 47 30 20 41 14 44 43 39 33
37 38 15 12 16 11 39 26 23 31 11 12 8 15 11 12 25 36 43 15 23 16 32 18 4 43 0 37 22 26 21 3 34 15 15 13 29 12 29 24 8 29 8 20 24 19 31 1 23 17 30
10 12 28 45 53 48 4 32 22 33 29 49 44 37 47 40 18 14 7 29 37 40 5 19 37 6 37 0 21 12 31 40 36 23 37 42 8 48 33 21 43 32 41 24 14 35 10 38 37 35 29
25 16 23 34 38 31 24 13 3 36 11 34 30 17 33 32 21 26 24 24 18 34 17 13 20 25 22 21 0 9 30 25 20 8 17 34 16 34 15 2 30 34 30 23 9 31 11 22 35 14 34
16 13 20 35 42 36 15 21 11 30 17 38 34 25 37 31 14 17 17 21 26 32 8 9 25 18 26 12 9 0 26 29 28 11 25 33 7 38 23 10 33 28 31 19 2 28 6 26 32 23 27
26 39 7 18 29 29 31 39 32 10 24 27 22 34 24 13 13 23 38 6 40 10 26 17 25 37 21 31 30 26 0 21 47 22 34 15 23 24 42 32 19 8 16 7 24 4 32 22 6 33 11
39 41 16 9 13 9 42 28 26 31 14 9 5 17 8 10 26 37 46 16 25 14 35 21 6 46 3 40 25 29 21 0 36 18 17 11 32 9 31 27 5 29 6 21 27 18 34 3 22 19 31
44 26 40 45 47 39 40 8 17 56 23 43 41 20 44 45 41 45 36 41 13 48 36 33 30 38 34 36 20 28 47 36 0 26 20 47 35 45 5 18 41 54 42 43 28 48 26 33 52 17 54
25 23 15 26 31 25 26 18 10 30 6 27 23 16 26 24 16 25 28 16 20 26 19 7 14 29 15 23 8 11 22 18 26 0 16 26 16 27 21 10 23 28 22 17 9 23 16 16 27 14 28
41 32 27 26 27 19 40 12 16 43 10 23 22 0 25 27 31 40 41 28 8 31 33 22 11 42 15 37 17 25 34 17 20 16 0 28 32 26 15 17 22 41 23 30 24 33 28 14 37 3 41
37 46 14 3 14 17 42 39 36 24 24 13 10 28 9 2 24 35 49 13 36 5 37 24 17 48 13 42 34 33 15 11 47 26 28 0 34 9 42 36 7 23 5 18 31 11 39 14 13 30 26
9 17 20 37 45 40 10 28 18 26 22 41 36 32 39 32 10 10 15 21 33 32 3 11 30 14 29 8 16 7 23 32 35 16 32 34 0 40 30 17 35 24 33 16 8 27 11 30 29 30 22
46 50 23 6 5 8 50 37 35 33 23 4 4 26 1 11 33 44 55 22 34 14 43 29 15 54 12 48 34 38 24 9 45 27 26 9 40 0 40 36 6 32 9 27 36 20 43 12 22 28 35
39 25 35 40 42 34 37 3 12 51 18 38 36 15 39 40 36 40 35 36 8 43 31 28 25 37 29 33 15 23 42 31 5 21 15 42 30 40 0 13 36 49 37 38 23 43 23 28 47 12 49
26 15 25 36 40 33 25 11 1 38 13 36 32 17 35 34 23 27 24 26 16 36 18 15 22 25 24 21 2 10 32 27 18 10 17 36 17 36 13 0 32 36 32 25 10 33 11 24 37 14 36
40 46 17 4 11 10 45 33 31 29 19 8 3 22 5 7 27 38 50 16 30 11 38 24 11 49 8 43 30 33 19 5 41 23 22 7 35 6 36 32 0 27 3 21 31 16 39 8 19 24 30
24 41 14 26 37 37 30 46 37 2 31 35 30 41 32 21 14 20 39 14 47 18 27 21 32 37 29 32 34 28 8 29 54 28 41 23 24 32 49 36 27 0 24 11 27 12 34 30 11 40 4
37 44 14 4 14 13 42 34 31 26 19 11 6 23 8 4 24 35 48 13 31 8 36 22 12 47 8 41 30 31 16 6 42 22 23 5 33 9 37 32 3 24 0 18 29 13 37 9 16 25 27
19 32 5 21 32 30 24 35 26 13 20 29 24 30 26 16 6 17 31 5 36 16 19 10 23 30 20 24 23 19 7 21 43 17 30 18 16 27 38 25 21 11 18 0 17 11 25 21 13 29 11
17 15 18 33 40 34 17 21 11 29 15 36 32 24 35 29 13 18 19 19 26 30 10 7 23 20 24 14 9 2 24 27 28 9 24 31 8 36 23 10 31 27 29 17 0 26 8 24 30 22 26
30 41 8 14 25 26 35 40 33 13 25 24 19 33 20 9 17 27 42 7 41 6 30 19 23 41 19 35 31 28 4 18 48 23 33 11 27 20 43 33 16 12 13 11 26 0 34 20 4 34 15
18 7 26 41 47 41 14 22 12 36 21 43 39 28 42 37 20 20 13 27 27 38 10 15 30 14 31 10 11 6 32 34 26 16 28 39 11 43 23 11 39 34 37 25 8 34 0 32 38 25 33
38 38 16 12 16 10 40 25 23 32 11 12 8 14 11 13 26 37 43 16 22 17 33 19 3 44 1 38 22 26 22 3 33 16 14 14 30 12 28 24 8 30 9 21 24 20 32 0 24 16 31
32 45 12 16 27 29 37 44 37 12 29 26 22 37 22 12 19 29 44 11 45 8 32 23 27 43 23 37 35 32 6 22 52 27 37 13 29 22 47 37 19 11 16 13 30 4 38 24 0 38 15
39 29 26 28 30 22 38 9 13 42 9 26 24 3 27 29 30 39 38 27 7 33 31 21 13 39 17 35 14 23 33 19 17 14 3 30 30 28 12 14 24 40 25 29 22 34 25 16 38 0 40
20 39 16 29 40 40 26 46 37 4 31 38 33 41 35 24 13 16 35 15 47 21 24 21 34 33 30 29 34 27 11 31 54 28 41 26 22 35 49 36 30 4 27 11 26 15 33 31 15 40 0
0 355
266 266
253 253
2 2
300 300
315 315
267 267
36 36
100 100
230 230
63 63
171 171
302 302
68 68
23 23
77 77
146 146
67 67
304 304
301 301
56 56
164 164
179 179
0 0
307 307
188 188
184 184
277 277
269 269
249 249
145 145
108 108
214 214
147 147
91 91
259 259
54 54
252 252
338 338
40 40
299 299
58 58
122 122
140 140
7 7
172 172
135 135
215 215
168 168
116 116
15 15
0
18
78
74
15
58
67
34
71
54
22
75
19
62
64
47
35
56
19
59
60
59
59
53
40
36
30
53
26
35
45
87
71
55
66
65
65
78
79
65
38
49
48
58
18
42
21
25
30
52
67
