51
1627
0 7 29 27 31 28 26 9 22 13 5 2 29 22 27 41 25 38 15 22 27 13 26 27 41 14 20 19 23 38 18 35 27 4 38 37 33 19 36 12 25 24 4 24 36 17 13 1 26 11 19
7 0 22 20 30 21 19 8 15 20 9 7 22 16 20 42 18 38 8 15 21 14 21 20 35 7 17 22 17 38 17 36 28 11 33 31 26 12 36 19 24 25 3 17 37 22 12 6 27 18 14
29 22 0 4 46 7 5 30 15 41 28 28 10 9 2 62 19 54 17 16 22 35 31 18 37 15 31 43 8 54 35 57 48 32 37 33 22 18 52 40 40 45 25 17 56 44 32 28 48 39 26
27 20 4 0 42 3 6 27 11 39 26 26 6 9 2 58 15 50 14 12 18 32 27 14 33 13 27 40 8 50 32 54 45 30 33 29 18 14 48 38 36 42 23 13 52 42 29 26 45 37 22
31 30 46 42 0 40 46 22 31 35 35 32 39 44 44 17 29 8 30 30 27 19 16 31 25 35 15 19 44 8 13 17 10 34 21 24 33 28 6 38 6 11 29 31 11 25 18 31 14 38 20
28 21 7 3 40 0 9 26 9 40 27 27 3 12 5 56 12 48 13 10 15 31 25 11 30 14 25 39 11 48 30 52 43 31 30 26 15 12 46 39 34 40 24 10 50 42 28 27 44 38 20
26 19 5 6 46 9 0 27 16 37 23 24 12 4 4 61 20 54 16 17 23 33 32 20 39 12 31 41 3 54 34 55 47 28 39 35 24 18 52 36 40 44 22 19 56 41 31 25 46 35 26
9 8 30 27 22 26 27 0 18 18 13 10 26 24 28 34 20 30 13 18 21 6 17 22 33 15 11 14 25 30 9 28 20 12 29 29 28 15 28 20 16 17 7 20 29 16 4 9 19 19 11
22 15 15 11 31 9 16 18 0 34 24 22 8 16 13 47 4 39 7 1 7 22 16 6 23 11 16 30 16 39 21 43 34 26 23 19 12 3 37 34 25 31 18 3 41 34 19 21 35 33 11
13 20 41 39 35 40 37 18 34 0 15 13 42 33 39 39 37 39 28 34 39 17 34 39 50 26 28 16 34 39 23 31 26 9 46 46 45 31 37 3 30 24 17 36 35 11 19 14 23 4 29
5 9 28 26 35 27 23 13 24 15 0 3 29 19 26 46 27 43 17 24 30 18 30 29 44 13 24 24 20 43 22 39 32 6 42 40 35 21 41 14 29 29 7 26 41 22 17 4 30 13 23
2 7 28 26 32 27 24 10 22 13 3 0 29 20 26 43 25 40 15 22 28 15 27 27 42 13 21 21 21 40 19 36 29 4 39 38 33 19 38 12 26 26 4 24 38 19 14 1 27 11 20
29 22 10 6 39 3 12 26 8 42 29 29 0 15 8 55 10 47 14 9 12 30 23 8 27 16 24 38 14 47 29 51 42 33 27 23 12 11 45 41 33 39 25 8 49 42 27 28 43 40 19
22 16 9 9 44 12 4 24 16 33 19 20 15 0 7 58 20 52 14 17 23 30 31 21 39 9 29 38 1 52 32 52 44 24 39 35 27 17 50 32 38 41 19 19 53 38 28 21 43 31 25
27 20 2 2 44 5 4 28 13 39 26 26 8 7 0 60 17 52 15 14 20 33 29 16 35 13 29 41 6 52 33 55 46 30 35 31 20 16 50 38 38 43 23 15 54 42 30 26 46 37 24
41 42 62 58 17 56 61 34 47 39 46 43 55 58 60 0 46 11 45 46 44 28 33 48 42 49 31 23 59 11 27 9 14 42 38 41 50 44 12 42 22 17 41 47 6 28 30 42 16 43 36
25 18 19 15 29 12 20 20 4 37 27 25 10 20 17 46 0 37 10 3 3 23 13 2 19 15 15 31 20 37 20 42 33 29 19 15 8 6 35 37 24 30 21 2 40 35 20 24 34 36 10
38 38 54 50 8 48 54 30 39 39 43 40 47 52 52 11 37 0 38 38 35 25 24 39 31 43 23 23 52 0 21 16 13 41 27 30 41 36 2 42 14 15 37 39 7 29 26 39 17 43 28
15 8 17 14 30 13 16 13 7 28 17 15 14 14 15 45 10 38 0 7 13 18 18 12 29 5 15 26 14 38 18 40 31 19 28 25 18 4 36 27 24 28 11 9 40 29 15 14 31 26 11
22 15 16 12 30 10 17 18 1 34 24 22 9 17 14 46 3 38 7 0 6 22 15 5 22 12 15 30 17 38 20 42 33 26 22 18 11 3 36 34 24 30 18 2 40 34 19 21 34 33 10
27 21 22 18 27 15 23 21 7 39 30 28 12 23 20 44 3 35 13 6 0 24 11 4 16 18 14 32 23 35 20 41 32 31 16 12 7 9 33 39 22 30 24 5 38 36 21 27 34 38 11
13 14 35 32 19 31 33 6 22 17 18 15 30 30 33 28 23 25 18 22 24 0 17 25 33 21 11 8 31 25 6 22 14 16 29 29 31 19 23 20 13 11 13 24 23 12 3 14 13 20 13
26 21 31 27 16 25 32 17 16 34 30 27 23 31 29 33 13 24 18 15 11 17 0 15 16 23 6 24 31 24 12 30 21 29 12 12 17 14 22 37 11 20 23 15 27 29 15 26 24 36 7
27 20 18 14 31 11 20 22 6 39 29 27 8 21 16 48 2 39 12 5 4 25 15 0 19 17 17 33 21 39 22 44 35 31 19 15 6 8 37 39 26 32 23 3 42 37 22 26 36 38 12
41 35 37 33 25 30 39 33 23 50 44 42 27 39 35 42 19 31 29 22 16 33 16 19 0 34 22 40 39 31 28 42 34 45 4 4 15 25 30 53 24 34 38 21 36 45 31 41 38 52 22
14 7 15 13 35 14 12 15 11 26 13 13 16 9 13 49 15 43 5 12 18 21 23 17 34 0 20 29 10 43 23 43 35 17 33 30 23 9 41 25 29 32 10 14 44 29 19 13 34 24 16
20 17 31 27 15 25 31 11 16 28 24 21 24 29 29 31 15 23 15 15 14 11 6 17 22 20 0 18 29 23 6 27 18 23 18 18 21 13 21 31 9 16 18 16 25 23 9 20 20 30 5
19 22 43 40 19 39 41 14 30 16 24 21 38 38 41 23 31 23 26 30 32 8 24 33 40 29 18 0 39 23 12 16 10 19 36 36 39 27 21 19 16 8 20 32 19 6 11 20 7 20 21
23 17 8 8 44 11 3 25 16 34 20 21 14 1 6 59 20 52 14 17 23 31 31 21 39 10 29 39 0 52 32 53 45 25 39 35 26 17 50 33 38 42 20 19 54 39 29 22 44 32 25
38 38 54 50 8 48 54 30 39 39 43 40 47 52 52 11 37 0 38 38 35 25 24 39 31 43 23 23 52 0 21 16 13 41 27 30 41 36 2 42 14 15 37 39 7 29 26 39 17 43 28
18 17 35 32 13 30 34 9 21 23 22 19 29 32 33 27 20 21 18 20 20 6 12 22 28 23 6 12 32 21 0 22 13 21 24 24 27 18 19 26 7 10 16 21 22 17 5 18 14 26 10
35 36 57 54 17 52 55 28 43 31 39 36 51 52 55 9 42 16 40 42 41 22 30 44 42 43 27 16 53 16 22 0 9 35 38 40 47 40 15 34 19 12 35 43 9 20 25 35 9 35 32
27 28 48 45 10 43 47 20 34 26 32 29 42 44 46 14 33 13 31 33 32 14 21 35 34 35 18 10 45 13 13 9 0 29 30 31 38 31 11 29 10 3 27 34 9 16 16 28 4 30 23
4 11 32 30 34 31 28 12 26 9 6 4 33 24 30 42 29 41 19 26 31 16 29 31 45 17 23 19 25 41 21 35 29 0 41 41 37 23 39 8 28 26 8 28 38 16 16 5 26 7 23
38 33 37 33 21 30 39 29 23 46 42 39 27 39 35 38 19 27 28 22 16 29 12 19 4 33 18 36 39 27 24 38 30 41 0 4 17 24 26 49 20 30 35 21 32 41 27 38 34 48 19
37 31 33 29 24 26 35 29 19 46 40 38 23 35 31 41 15 30 25 18 12 29 12 15 4 30 18 36 35 30 24 40 31 41 4 0 13 21 29 49 21 31 34 17 35 41 27 37 35 48 18
33 26 22 18 33 15 24 28 12 45 35 33 12 27 20 50 8 41 18 11 7 31 17 6 15 23 21 39 26 41 27 47 38 37 17 13 0 14 39 45 28 37 29 9 44 43 28 32 41 44 18
19 12 18 14 28 12 18 15 3 31 21 19 11 17 16 44 6 36 4 3 9 19 14 8 25 9 13 27 17 36 18 40 31 23 24 21 14 0 34 31 22 28 15 5 38 31 16 18 32 30 8
36 36 52 48 6 46 52 28 37 37 41 38 45 50 50 12 35 2 36 36 33 23 22 37 30 41 21 21 50 2 19 15 11 39 26 29 39 34 0 40 12 13 35 37 6 27 24 37 15 41 26
12 19 40 38 38 39 36 20 34 3 14 12 41 32 38 42 37 42 27 34 39 20 37 39 53 25 31 19 33 42 26 34 29 8 49 49 45 31 40 0 33 27 16 36 38 14 22 13 26 1 31
25 24 40 36 6 34 40 16 25 30 29 26 33 38 38 22 24 14 24 24 22 13 11 26 24 29 9 16 38 14 7 19 10 28 20 21 28 22 12 33 0 10 23 25 16 22 12 25 14 33 14
24 25 45 42 11 40 44 17 31 24 29 26 39 41 43 17 30 15 28 30 30 11 20 32 34 32 16 8 42 15 10 12 3 26 30 31 37 28 13 27 10 0 24 31 12 14 13 25 4 28 20
4 3 25 23 29 24 22 7 18 17 7 4 25 19 23 41 21 37 11 18 24 13 23 23 38 10 18 20 20 37 16 35 27 8 35 34 29 15 35 16 23 24 0 20 36 20 11 3 26 15 16
24 17 17 13 31 10 19 20 3 36 26 24 8 19 15 47 2 39 9 2 5 24 15 3 21 14 16 32 19 39 21 43 34 28 21 17 9 5 37 36 25 31 20 0 41 36 21 23 35 35 11
36 37 56 52 11 50 56 29 41 35 41 38 49 53 54 6 40 7 40 40 38 23 27 42 36 44 25 19 54 7 22 9 9 38 32 35 44 38 6 38 16 12 36 41 0 25 25 37 13 39 30
17 22 44 42 25 42 41 16 34 11 22 19 42 38 42 28 35 29 29 34 36 12 29 37 45 29 23 6 39 29 17 20 16 16 41 41 43 31 27 14 22 14 20 36 25 0 15 18 12 15 25
13 12 32 29 18 28 31 4 19 19 17 14 27 28 30 30 20 26 15 19 21 3 15 22 31 19 9 11 29 26 5 25 16 16 27 27 28 16 24 22 12 13 11 21 25 15 0 13 16 21 10
1 6 28 26 31 27 25 9 21 14 4 1 28 21 26 42 24 39 14 21 27 14 26 26 41 13 20 20 22 39 18 35 28 5 38 37 32 18 37 13 25 25 3 23 37 18 13 0 26 12 19
26 27 48 45 14 44 46 19 35 23 30 27 43 43 46 16 34 17 31 34 34 13 24 36 38 34 20 7 44 17 14 9 4 26 34 35 41 32 15 26 14 4 26 35 13 12 16 26 0 27 24
11 18 39 37 38 38 35 19 33 4 13 11 40 31 37 43 36 43 26 33 38 20 36 38 52 24 30 20 32 43 26 35 30 7 48 48 44 30 41 1 33 28 15 35 39 15 21 12 27 0 30
19 14 26 22 20 20 26 11 11 29 23 20 19 25 24 36 10 28 11 10 11 13 7 12 22 16 5 21 25 28 10 32 23 23 19 18 18 8 26 31 14 20 16 11 30 25 10 19 24 30 0
0 464
204 436
27 259
167 399
78 310
77 309
107 339
226 458
52 284
7 239
127 359
187 419
119 351
173 405
146 378
61 293
194 426
84 316
85 317
225 457
207 439
214 446
88 320
197 429
59 291
170 402
3 235
75 307
8 240
186 418
183 415
224 456
126 358
134 366
182 414
162 394
225 457
45 277
177 409
195 427
161 393
66 298
144 376
204 436
114 346
132 364
191 423
49 281
225 457
215 447
171 403
0
25
87
24
59
60
61
42
40
34
36
81
47
74
78
38
51
45
72
34
53
37
66
21
56
28
68
48
48
39
44
67
77
34
68
27
47
48
66
71
71
43
28
54
22
24
56
38
48
28
89
