51
1624
0 25 12 13 38 3 5 39 15 43 11 29 13 34 24 20 18 12 21 24 32 32 9 9 33 22 48 26 34 25 9 27 38 13 32 10 17 9 23 22 9 24 27 33 29 27 43 15 7 45 13
25 0 30 30 17 22 23 15 11 19 14 14 38 15 19 29 11 33 18 27 9 30 32 22 35 3 24 8 13 10 33 22 15 18 15 28 16 17 26 3 28 12 25 11 31 3 19 21 19 20 28
12 30 0 25 39 12 17 45 19 45 21 30 13 35 36 32 20 3 20 17 39 25 6 8 26 29 51 28 36 34 7 39 45 12 33 2 29 13 16 27 3 25 22 40 22 32 46 12 19 50 4
13 30 25 0 47 15 8 42 24 49 16 39 19 43 20 8 28 23 33 37 34 44 20 22 46 27 54 35 43 25 20 22 39 24 42 23 15 21 36 29 22 34 40 34 42 33 49 28 11 48 26
38 17 39 47 0 35 40 16 23 9 31 10 49 4 35 46 20 42 20 29 20 27 41 31 32 20 14 12 4 27 42 38 23 27 7 37 33 29 28 18 37 14 24 22 30 14 10 28 36 15 36
3 22 12 15 35 0 7 37 12 40 9 26 16 31 24 22 15 13 18 22 30 30 10 7 31 20 45 23 31 23 11 27 36 10 29 10 17 6 21 19 9 21 25 31 27 24 40 13 7 42 13
5 23 17 8 40 7 0 38 17 42 9 32 16 36 20 15 21 16 25 29 30 36 13 14 38 21 47 28 36 22 14 23 36 16 34 15 13 13 28 22 14 27 32 31 34 26 42 20 4 43 18
39 15 45 42 16 37 38 0 26 9 29 23 52 17 25 39 25 48 29 39 8 40 47 37 45 17 12 18 15 17 48 27 7 33 20 43 27 32 38 18 43 22 35 9 41 13 8 35 34 6 43
15 11 19 24 23 12 17 26 0 28 9 15 28 19 22 27 4 22 10 19 20 23 21 11 28 10 34 11 19 17 22 25 26 7 18 17 17 6 18 8 17 10 18 21 24 13 29 11 13 31 17
43 19 45 49 9 40 42 9 28 0 33 18 55 12 34 47 25 48 28 37 17 36 47 37 41 22 6 17 10 25 48 36 16 33 15 43 35 34 36 21 43 21 32 18 38 16 1 35 38 6 43
11 14 21 16 31 9 9 29 9 33 0 24 24 27 16 18 13 22 19 25 21 32 19 13 34 12 38 19 27 14 20 19 27 12 26 19 9 8 24 13 18 19 27 22 30 17 33 16 5 34 20
29 14 30 39 10 26 32 23 15 18 24 0 40 6 33 42 11 33 10 19 21 18 32 22 23 17 24 6 8 24 33 36 27 18 3 28 29 20 18 13 28 5 14 23 20 12 19 18 28 24 26
13 38 13 19 49 16 16 52 28 55 24 40 0 45 36 27 30 10 31 30 45 38 8 18 39 35 61 38 46 38 7 39 51 22 43 14 29 22 29 35 13 35 35 46 35 40 56 24 20 58 17
34 15 35 43 4 31 36 17 19 12 27 6 45 0 33 44 16 38 16 25 19 24 37 27 29 18 18 8 2 25 38 36 23 23 3 33 31 25 24 15 33 10 20 21 26 12 13 24 32 18 32
24 19 36 20 35 24 20 25 22 34 16 33 36 33 0 15 26 36 32 41 17 45 33 29 50 16 37 27 31 9 33 3 20 28 33 34 7 24 40 20 33 29 40 16 46 21 33 32 17 31 36
20 29 32 8 46 22 15 39 27 47 18 42 27 44 15 0 31 31 37 43 31 50 28 28 52 26 51 36 42 22 28 15 35 30 43 30 13 26 42 29 29 37 45 31 48 32 47 34 15 45 33
18 11 20 28 20 15 21 25 4 25 13 11 30 16 26 31 0 23 7 16 20 20 22 12 25 12 31 8 16 19 23 29 26 8 14 18 21 9 15 8 18 6 15 22 21 12 26 10 17 30 18
12 33 3 23 42 13 16 48 22 48 22 33 10 38 36 31 23 0 23 20 42 28 3 11 29 32 54 31 39 36 4 39 48 15 36 5 29 16 19 30 5 28 25 43 25 35 49 15 19 53 7
21 18 20 33 20 18 25 29 10 28 19 10 31 16 32 37 7 23 0 10 26 13 23 13 18 19 34 11 18 26 24 35 32 9 13 18 27 12 9 15 19 7 8 28 14 17 29 8 23 33 16
24 27 17 37 29 22 29 39 19 37 25 19 30 25 41 43 16 20 10 0 36 8 22 15 9 28 43 21 27 35 23 44 42 13 22 16 34 17 1 24 17 17 6 38 5 27 38 9 28 43 13
32 9 39 34 20 30 30 8 20 17 21 21 45 19 17 31 20 42 26 36 0 37 40 31 42 10 20 15 17 9 41 19 6 27 21 37 19 26 35 12 37 19 32 2 38 9 16 30 26 14 37
32 30 25 44 27 30 36 40 23 36 32 18 38 24 45 50 20 28 13 8 37 0 30 23 5 31 41 22 26 38 31 48 43 20 21 24 40 24 9 27 25 18 5 39 4 28 37 17 35 42 21
9 32 6 20 41 10 13 47 21 47 19 32 8 37 33 28 22 3 23 22 40 30 0 10 31 30 53 30 38 33 1 36 46 14 35 6 26 15 21 29 5 27 27 41 27 34 48 16 16 52 9
9 22 8 22 31 7 14 37 11 37 13 22 18 27 29 28 12 11 13 15 31 23 10 0 24 21 43 20 28 26 11 32 37 4 25 6 22 5 14 19 6 17 18 32 20 24 38 6 13 42 7
33 35 26 46 32 31 38 45 28 41 34 23 39 29 50 52 25 29 18 9 42 5 31 24 0 36 46 27 31 43 32 53 48 22 26 25 43 26 10 32 26 23 10 44 4 33 42 18 37 47 22
22 3 29 27 20 20 21 17 10 22 12 17 35 18 16 26 12 32 19 28 10 31 30 21 36 0 27 11 16 7 31 19 16 17 18 27 13 16 27 4 27 13 26 11 32 6 22 21 17 23 27
48 24 51 54 14 45 47 12 34 6 38 24 61 18 37 51 31 54 34 43 20 41 53 43 46 27 0 23 16 29 54 39 18 39 21 49 39 40 42 26 49 27 38 21 44 21 5 41 43 6 49
26 8 28 35 12 23 28 18 11 17 19 6 38 8 27 36 8 31 11 21 15 22 30 20 27 11 23 0 8 18 31 30 21 16 7 26 23 17 20 7 26 4 17 17 23 6 18 18 24 22 26
34 13 36 43 4 31 36 15 19 10 27 8 46 2 31 42 16 39 18 27 17 26 38 28 31 16 16 8 0 23 39 34 21 24 5 34 29 25 26 14 34 11 22 19 28 10 11 25 32 16 33
25 10 34 25 27 23 22 17 17 25 14 24 38 25 9 22 19 36 26 35 9 38 33 26 43 7 29 18 23 0 34 12 14 24 25 32 10 21 34 11 32 20 33 9 39 13 25 28 18 23 33
9 33 7 20 42 11 14 48 22 48 20 33 7 38 33 28 23 4 24 23 41 31 1 11 32 31 54 31 39 34 0 36 47 15 36 7 26 16 22 30 6 28 28 42 28 35 49 17 16 53 10
27 22 39 22 38 27 23 27 25 36 19 36 39 36 3 15 29 39 35 44 19 48 36 32 53 19 39 30 34 12 36 0 22 31 36 37 10 27 43 23 36 32 43 18 49 24 35 35 20 33 39
38 15 45 39 23 36 36 7 26 16 27 27 51 23 20 35 26 48 32 42 6 43 46 37 48 16 18 21 21 14 47 22 0 33 25 43 24 32 41 18 43 25 38 5 44 15 15 36 32 12 43
13 18 12 24 27 10 16 33 7 33 12 18 22 23 28 30 8 15 9 13 27 20 14 4 22 17 39 16 24 24 15 31 33 0 21 10 21 4 12 15 10 13 16 28 18 20 34 4 15 38 10
32 15 33 42 7 29 34 20 18 15 26 3 43 3 33 43 14 36 13 22 21 21 35 25 26 18 21 7 5 25 36 36 25 21 0 31 30 23 21 14 31 8 17 23 23 12 16 21 31 21 29
10 28 2 23 37 10 15 43 17 43 19 28 14 33 34 30 18 5 18 16 37 24 6 6 25 27 49 26 34 32 7 37 43 10 31 0 27 11 15 25 1 23 21 38 21 30 44 10 17 48 3
17 16 29 15 33 17 13 27 17 35 9 29 29 31 7 13 21 29 27 34 19 40 26 22 43 13 39 23 29 10 26 10 24 21 30 27 0 17 33 16 26 25 35 19 39 19 34 25 10 33 29
9 17 13 21 29 6 13 32 6 34 8 20 22 25 24 26 9 16 12 17 26 24 15 5 26 16 40 17 25 21 16 27 32 4 23 11 17 0 16 14 11 15 20 27 22 19 35 8 11 37 12
23 26 16 36 28 21 28 38 18 36 24 18 29 24 40 42 15 19 9 1 35 9 21 14 10 27 42 20 26 34 22 43 41 12 21 15 33 16 0 23 16 16 6 37 6 26 37 8 27 42 12
22 3 27 29 18 19 22 18 8 21 13 13 35 15 20 29 8 30 15 24 12 27 29 19 32 4 26 7 14 11 30 23 18 15 14 25 16 14 23 0 25 9 22 14 28 5 21 18 18 23 25
9 28 3 22 37 9 14 43 17 43 18 28 13 33 33 29 18 5 19 17 37 25 5 6 26 27 49 26 34 32 6 36 43 10 31 1 26 11 16 25 0 23 22 38 22 30 44 11 16 48 4
24 12 25 34 14 21 27 22 10 21 19 5 35 10 29 37 6 28 7 17 19 18 27 17 23 13 27 4 11 20 28 32 25 13 8 23 25 15 16 9 23 0 13 21 19 10 22 14 23 26 22
27 25 22 40 24 25 32 35 18 32 27 14 35 20 40 45 15 25 8 6 32 5 27 18 10 26 38 17 22 33 28 43 38 16 17 21 35 20 6 22 22 13 0 34 6 23 33 12 31 38 18
33 11 40 34 22 31 31 9 21 18 22 23 46 21 16 31 22 43 28 38 2 39 41 32 44 11 21 17 19 9 42 18 5 28 23 38 19 27 37 14 38 21 34 0 40 11 17 32 27 15 38
29 31 22 42 30 27 34 41 24 38 30 20 35 26 46 48 21 25 14 5 38 4 27 20 4 32 44 23 28 39 28 49 44 18 23 21 39 22 6 28 22 19 6 40 0 29 39 14 33 44 18
27 3 32 33 14 24 26 13 13 16 17 12 40 12 21 32 12 35 17 27 9 28 34 24 33 6 21 6 10 13 35 24 15 20 12 30 19 19 26 5 30 10 23 11 29 0 16 22 22 18 30
43 19 46 49 10 40 42 8 29 1 33 19 56 13 33 47 26 49 29 38 16 37 48 38 42 22 5 18 11 25 49 35 15 34 16 44 34 35 37 21 44 22 33 17 39 16 0 36 38 5 44
15 21 12 28 28 13 20 35 11 35 16 18 24 24 32 34 10 15 8 9 30 17 16 6 18 21 41 18 25 28 17 35 36 4 21 10 25 8 8 18 11 14 12 32 14 22 36 0 19 40 8
7 19 19 11 36 7 4 34 13 38 5 28 20 32 17 15 17 19 23 28 26 35 16 13 37 17 43 24 32 18 16 20 32 15 31 17 10 11 27 18 16 23 31 27 33 22 38 19 0 39 20
45 20 50 48 15 42 43 6 31 6 34 24 58 18 31 45 30 53 33 43 14 42 52 42 47 23 6 22 16 23 53 33 12 38 21 48 33 37 42 23 48 26 38 15 44 18 5 40 39 0 48
13 28 4 26 36 13 18 43 17 43 20 26 17 32 36 33 18 7 16 13 37 21 9 7 22 27 49 26 33 33 10 39 43 10 29 3 29 12 12 25 4 22 18 38 18 30 44 8 20 48 0
0 437
140 314
128 302
54 228
122 296
262 436
177 351
147 321
191 365
121 295
229 403
104 278
61 235
109 283
105 279
90 264
184 358
147 321
35 209
225 399
250 424
73 247
201 375
261 435
214 388
54 228
2 176
91 265
176 350
203 377
88 262
253 427
47 221
226 400
194 368
246 420
197 371
27 201
158 332
41 215
161 335
71 245
34 208
27 201
165 339
161 335
228 402
96 270
6 180
35 209
167 341
0
25
19
35
46
66
38
19
50
48
51
52
45
67
83
35
60
26
71
28
26
43
65
39
51
17
30
19
83
42
40
85
35
85
39
58
48
43
91
65
62
64
83
81
24
71
20
79
44
71
31
