51
1625
0 24 16 29 32 17 34 40 47 26 43 36 10 21 29 25 7 43 15 19 47 21 44 47 17 8 42 39 24 43 27 37 43 53 29 43 27 13 25 22 29 37 35 50 39 41 26 55 30 50 21
24 0 10 39 46 8 38 31 31 16 38 40 14 28 29 1 17 33 24 9 47 38 30 31 16 18 19 30 0 20 37 42 34 41 16 23 3 12 6 29 28 41 49 38 48 28 29 44 33 38 35
16 10 0 30 37 8 30 27 32 11 33 32 6 19 21 10 9 30 15 3 41 29 28 32 7 15 26 26 10 27 28 34 30 38 13 27 12 10 9 20 20 33 40 35 39 25 21 41 25 35 26
29 39 30 0 8 37 11 27 40 28 24 13 29 11 15 40 28 31 16 30 24 10 36 40 23 36 48 27 39 48 2 10 30 40 30 44 40 36 36 10 16 14 11 38 10 33 12 39 12 38 8
32 46 37 8 0 44 18 35 48 35 31 19 36 18 23 47 34 39 23 37 30 11 44 48 30 40 56 35 46 56 9 15 38 47 38 52 47 42 43 17 24 20 3 46 11 41 20 46 20 46 12
17 8 8 37 44 0 38 34 38 18 40 40 8 27 29 8 11 37 21 10 49 34 35 38 15 10 27 33 8 28 35 42 37 45 20 31 11 4 12 28 28 41 47 42 47 32 29 48 33 42 32
34 38 30 11 18 38 0 18 31 22 13 2 32 13 9 39 31 22 19 29 13 21 27 31 24 39 42 18 38 42 12 4 20 29 24 38 36 39 32 12 10 3 20 28 11 25 10 28 5 28 18
40 31 27 27 35 34 18 0 13 16 8 18 32 22 14 32 34 4 27 24 17 34 9 13 23 41 27 1 31 26 27 22 3 14 15 20 29 37 25 21 13 17 38 11 29 7 17 15 15 11 31
47 31 32 40 48 38 31 13 0 21 20 31 38 33 25 32 40 10 36 29 28 45 4 0 30 47 18 13 31 17 39 35 12 11 19 11 28 42 26 32 24 30 51 8 42 7 28 14 28 8 42
26 16 11 28 35 18 22 16 21 0 22 24 17 17 13 17 19 19 17 8 31 30 18 21 9 26 21 15 16 21 26 26 19 28 3 19 14 21 10 18 12 25 38 25 33 15 16 31 17 25 27
43 38 33 24 31 40 13 8 20 22 0 12 37 22 14 39 38 10 28 30 9 33 16 20 28 46 35 8 38 34 25 16 8 16 22 28 36 43 32 21 14 11 33 15 23 15 17 15 13 15 30
36 40 32 13 19 40 2 18 31 24 12 0 34 15 11 41 33 22 21 31 11 23 27 31 26 41 44 18 40 44 14 4 20 28 26 38 38 41 34 14 12 1 21 27 11 25 12 27 7 27 20
10 14 6 29 36 8 32 32 38 17 37 34 0 19 24 15 3 35 13 9 44 26 34 38 9 9 32 31 14 33 27 35 35 44 19 33 17 7 15 20 23 35 39 41 39 31 23 47 28 41 24
21 28 19 11 18 27 13 22 33 17 22 15 19 0 8 29 18 25 6 19 26 13 29 33 12 26 38 21 28 38 9 16 25 35 20 36 29 26 25 1 9 16 21 32 20 26 5 37 9 32 10
29 29 21 15 23 29 9 14 25 13 14 11 24 8 0 30 25 17 14 20 20 20 21 25 15 33 33 13 29 33 14 13 17 27 15 29 27 31 23 7 1 12 26 24 20 18 3 29 4 24 17
25 1 10 40 47 8 39 32 32 17 39 41 15 29 30 0 18 34 25 10 48 39 31 32 17 18 20 31 1 21 38 43 35 42 17 24 4 12 7 30 29 42 50 39 49 29 30 45 34 39 36
7 17 9 28 34 11 31 34 40 19 38 33 3 18 25 18 0 37 12 12 44 24 37 40 11 8 35 33 17 36 26 34 37 47 22 36 20 8 18 19 24 34 37 44 38 34 23 49 27 44 22
43 33 30 31 39 37 22 4 10 19 10 22 35 25 17 34 37 0 30 27 18 37 6 10 26 44 25 4 33 24 31 26 2 10 17 18 31 40 27 24 16 21 42 7 33 6 20 12 19 7 34
15 24 15 16 23 21 19 27 36 17 28 21 13 6 14 25 12 30 0 15 32 14 32 36 8 20 38 26 24 38 14 22 30 40 20 36 26 20 22 7 14 22 26 37 26 29 11 42 15 37 11
19 9 3 30 37 10 29 24 29 8 30 31 9 19 20 10 12 27 15 0 39 29 25 29 7 18 24 23 9 25 28 33 27 35 10 24 11 13 7 20 19 32 40 32 39 22 20 38 24 32 26
47 47 41 24 30 49 13 17 28 31 9 11 44 26 20 48 44 18 32 39 0 34 24 28 35 52 43 17 47 42 25 15 16 21 31 36 45 51 41 25 21 10 32 21 21 24 22 19 17 21 31
21 38 29 10 11 34 21 34 45 30 33 23 26 13 20 39 24 37 14 29 34 0 41 45 22 29 51 33 38 51 9 20 37 47 33 49 40 32 36 13 21 24 14 44 20 38 17 48 20 44 3
44 30 28 36 44 35 27 9 4 18 16 27 34 29 21 31 37 6 32 25 24 41 0 4 27 43 19 9 30 18 35 31 8 11 15 12 27 38 24 28 20 26 47 8 38 3 24 14 24 8 38
47 31 32 40 48 38 31 13 0 21 20 31 38 33 25 32 40 10 36 29 28 45 4 0 30 47 18 13 31 17 39 35 12 11 19 11 28 42 26 32 24 30 51 8 42 7 28 14 28 8 42
17 16 7 23 30 15 24 23 30 9 28 26 9 12 15 17 11 26 8 7 35 22 27 30 0 18 30 22 16 30 21 28 26 36 12 28 18 16 14 13 14 27 33 33 32 24 14 38 19 33 19
8 18 15 36 40 10 39 41 47 26 46 41 9 26 33 18 8 44 20 18 52 29 43 47 18 0 37 40 18 38 34 42 44 53 28 41 21 6 22 27 32 42 43 50 46 40 31 56 35 50 28
42 19 26 48 56 27 42 27 18 21 35 44 32 38 33 20 35 25 38 24 43 51 19 18 30 37 0 27 19 1 47 46 27 29 18 7 16 31 17 39 32 44 59 26 53 20 36 32 37 26 48
39 30 26 27 35 33 18 1 13 15 8 18 31 21 13 31 33 4 26 23 17 33 9 13 22 40 27 0 30 26 27 22 4 14 14 20 28 36 24 20 12 17 38 11 29 7 16 16 15 11 30
24 0 10 39 46 8 38 31 31 16 38 40 14 28 29 1 17 33 24 9 47 38 30 31 16 18 19 30 0 20 37 42 34 41 16 23 3 12 6 29 28 41 49 38 48 28 29 44 33 38 35
43 20 27 48 56 28 42 26 17 21 34 44 33 38 33 21 36 24 38 25 42 51 18 17 30 38 1 26 20 0 47 46 26 28 18 6 17 32 18 39 32 43 59 25 53 19 36 31 37 25 48
27 37 28 2 9 35 12 27 39 26 25 14 27 9 14 38 26 31 14 28 25 9 35 39 21 34 47 27 37 47 0 12 30 40 29 43 38 34 34 8 15 15 12 38 12 32 11 40 12 38 6
37 42 34 10 15 42 4 22 35 26 16 4 35 16 13 43 34 26 22 33 15 20 31 35 28 42 46 22 42 46 12 0 24 32 28 42 40 42 36 15 14 5 17 31 7 29 14 31 9 31 18
43 34 30 30 38 37 20 3 12 19 8 20 35 25 17 35 37 2 30 27 16 37 8 12 26 44 27 4 34 26 30 24 0 11 18 20 32 40 28 24 16 19 40 8 31 8 20 12 18 8 34
53 41 38 40 47 45 29 14 11 28 16 28 44 35 27 42 47 10 40 35 21 47 11 11 36 53 29 14 41 28 40 32 11 0 25 22 38 48 35 34 26 27 49 3 39 13 30 3 28 3 44
29 16 13 30 38 20 24 15 19 3 22 26 19 20 15 17 22 17 20 10 31 33 15 19 12 28 18 14 16 18 29 28 18 25 0 16 14 23 10 21 14 27 41 22 35 12 18 28 19 22 30
43 23 27 44 52 31 38 20 11 19 28 38 33 36 29 24 36 18 36 24 36 49 12 11 28 41 7 20 23 6 43 42 20 22 16 0 20 35 19 36 28 37 55 19 49 13 32 25 33 19 46
27 3 12 40 47 11 36 29 28 14 36 38 17 29 27 4 20 31 26 11 45 40 27 28 18 21 16 28 3 17 38 40 32 38 14 20 0 15 4 30 26 39 50 35 47 25 30 41 31 35 37
13 12 10 36 42 4 39 37 42 21 43 41 7 26 31 12 8 40 20 13 51 32 38 42 16 6 31 36 12 32 34 42 40 48 23 35 15 0 16 27 30 42 45 45 46 35 30 51 35 45 30
25 6 9 36 43 12 32 25 26 10 32 34 15 25 23 7 18 27 22 7 41 36 24 26 14 22 17 24 6 18 34 36 28 35 10 19 4 16 0 26 22 35 46 32 43 22 26 38 27 32 33
22 29 20 10 17 28 12 21 32 18 21 14 20 1 7 30 19 24 7 20 25 13 28 32 13 27 39 20 29 39 8 15 24 34 21 36 30 27 26 0 8 15 20 31 19 25 4 36 8 31 10
29 28 20 16 24 28 10 13 24 12 14 12 23 9 1 29 24 16 14 19 21 21 20 24 14 32 32 12 28 32 15 14 16 26 14 28 26 30 22 8 0 13 27 23 21 17 4 28 5 23 18
37 41 33 14 20 41 3 17 30 25 11 1 35 16 12 42 34 21 22 32 10 24 26 30 27 42 44 17 41 43 15 5 19 27 27 37 39 42 35 15 13 0 22 26 12 24 13 26 8 26 21
35 49 40 11 3 47 20 38 51 38 33 21 39 21 26 50 37 42 26 40 32 14 47 51 33 43 59 38 49 59 12 17 40 49 41 55 50 45 46 20 27 22 0 48 11 44 23 48 23 48 15
50 38 35 38 46 42 28 11 8 25 15 27 41 32 24 39 44 7 37 32 21 44 8 8 33 50 26 11 38 25 38 31 8 3 22 19 35 45 32 31 23 26 48 0 38 10 27 6 26 0 41
39 48 39 10 11 47 11 29 42 33 23 11 39 20 20 49 38 33 26 39 21 20 38 42 32 46 53 29 48 53 12 7 31 39 35 49 47 46 43 19 21 12 11 38 0 36 19 38 16 38 18
41 28 25 33 41 32 25 7 7 15 15 25 31 26 18 29 34 6 29 22 24 38 3 7 24 40 20 7 28 19 32 29 8 13 12 13 25 35 22 25 17 24 44 10 36 0 21 16 21 10 35
26 29 21 12 20 29 10 17 28 16 17 12 23 5 3 30 23 20 11 20 22 17 24 28 14 31 36 16 29 36 11 14 20 30 18 32 30 30 26 4 4 13 23 27 19 21 0 32 5 27 14
55 44 41 39 46 48 28 15 14 31 15 27 47 37 29 45 49 12 42 38 19 48 14 14 38 56 32 16 44 31 40 31 12 3 28 25 41 51 38 36 28 26 48 6 38 16 32 0 28 6 45
30 33 25 12 20 33 5 15 28 17 13 7 28 9 4 34 27 19 15 24 17 20 24 28 19 35 37 15 33 37 12 9 18 28 19 33 31 35 27 8 5 8 23 26 16 21 5 28 0 26 17
50 38 35 38 46 42 28 11 8 25 15 27 41 32 24 39 44 7 37 32 21 44 8 8 33 50 26 11 38 25 38 31 8 3 22 19 35 45 32 31 23 26 48 0 38 10 27 6 26 0 41
21 35 26 8 12 32 18 31 42 27 30 20 24 10 17 36 22 34 11 26 31 3 38 42 19 28 48 30 35 48 6 18 34 44 30 46 37 30 33 10 18 21 15 41 18 35 14 45 17 41 0
0 464
246 292
40 86
251 297
391 437
215 261
180 226
106 152
157 203
250 296
143 189
153 199
268 314
349 395
413 459
325 371
394 440
310 356
413 459
317 363
35 81
188 234
307 353
286 332
200 246
57 103
163 209
316 362
83 129
44 90
219 265
351 397
307 353
138 184
286 332
144 190
69 115
43 89
355 401
202 248
94 140
319 365
4 50
102 148
11 57
371 417
405 451
364 410
409 455
136 182
136 182
0
78
72
72
66
78
41
22
76
81
25
21
19
40
42
46
70
80
20
42
47
84
37
18
28
71
31
77
34
45
46
38
72
68
50
37
43
66
29
39
27
25
68
76
46
58
34
54
49
89
23
