51
1624
0 34 37 28 42 12 29 26 34 32 41 1 39 29 22 25 17 7 26 29 13 25 22 34 22 12 28 44 33 13 12 8 30 31 19 34 35 29 28 23 14 12 34 21 26 16 12 43 3 5 17
34 0 61 12 36 43 47 24 0 3 43 33 33 45 33 48 40 28 42 45 22 22 38 14 22 39 29 45 3 44 25 33 46 54 48 53 63 41 53 40 24 41 18 36 11 18 22 47 33 35 36
37 61 0 50 44 41 15 38 61 58 37 36 43 19 28 14 22 44 21 19 50 40 23 53 39 25 35 38 59 39 49 31 19 7 20 11 5 24 9 21 38 25 49 25 50 45 41 35 34 41 26
28 12 50 0 24 40 36 12 12 9 31 27 21 34 22 37 30 25 31 34 22 10 27 6 11 32 17 33 10 41 25 26 35 43 41 42 53 29 42 29 16 34 7 25 2 12 16 35 27 32 26
42 36 44 24 0 54 29 16 36 33 9 41 3 25 21 33 31 41 24 25 41 18 24 22 20 36 14 10 33 54 43 35 25 37 44 33 47 20 36 26 28 39 18 24 26 31 31 13 39 47 27
12 43 41 40 54 0 38 38 43 43 53 13 51 39 34 33 26 15 36 39 21 37 34 46 34 21 40 56 44 2 19 20 40 38 21 42 38 40 35 33 26 19 46 33 38 28 24 54 15 8 29
29 47 15 36 29 38 0 24 47 44 22 28 28 4 14 5 12 34 6 4 39 26 9 39 25 17 20 24 45 36 39 21 5 8 19 6 18 9 7 7 26 19 35 11 36 33 29 22 26 34 13
26 24 38 12 16 38 24 0 24 21 19 25 13 22 10 25 20 25 19 22 25 2 15 15 4 24 5 22 22 39 27 20 23 31 33 30 41 17 30 17 12 27 11 13 13 15 15 23 24 31 16
34 0 61 12 36 43 47 24 0 3 43 33 33 45 33 48 40 28 42 45 22 22 38 14 22 39 29 45 3 44 25 33 46 54 48 53 63 41 53 40 24 41 18 36 11 18 22 47 33 35 36
32 3 58 9 33 43 44 21 3 0 40 31 30 42 30 45 38 28 39 42 22 19 35 11 19 37 26 42 1 44 25 31 43 51 46 50 61 38 50 37 22 39 15 33 8 16 20 44 31 35 34
41 43 37 31 9 53 22 19 43 40 0 40 11 18 19 26 27 44 17 18 44 21 20 29 23 32 14 3 40 52 46 33 18 30 39 26 40 13 29 20 30 35 25 20 32 34 34 4 38 46 24
1 33 36 27 41 13 28 25 33 31 40 0 38 28 21 24 16 8 25 28 14 24 21 33 21 11 27 43 32 14 13 7 29 30 18 33 34 28 27 22 13 11 33 20 25 15 11 42 2 6 16
39 33 43 21 3 51 28 13 33 30 11 38 0 24 18 32 28 38 23 24 38 15 22 19 17 33 11 12 30 51 40 32 25 36 41 33 46 19 35 24 25 36 15 21 23 28 28 15 36 44 24
29 45 19 34 25 39 4 22 45 42 18 28 24 0 12 8 13 34 3 0 38 24 7 37 23 18 17 20 43 38 39 21 1 12 22 9 22 5 11 6 24 21 33 9 34 31 28 18 26 34 12
22 33 28 22 21 34 14 10 33 30 19 21 18 12 0 15 10 26 9 12 27 12 5 25 11 15 7 22 31 34 29 14 13 21 23 20 31 10 20 7 13 18 21 3 22 19 17 22 19 27 6
25 48 14 37 33 33 5 25 48 45 26 24 32 8 15 0 9 31 9 8 37 27 10 40 26 13 22 28 46 31 36 18 9 7 14 9 16 13 5 8 25 14 36 12 37 32 28 26 22 30 12
17 40 22 30 31 26 12 20 40 38 27 16 28 13 10 9 0 22 10 13 28 21 8 34 19 5 17 30 39 25 27 9 14 16 13 18 23 14 13 7 16 8 31 8 30 23 19 28 14 22 4
7 28 44 25 41 15 34 25 28 28 44 8 38 34 26 31 22 0 31 34 6 24 27 31 21 19 30 47 29 16 5 13 35 38 26 40 42 34 35 28 14 19 32 26 23 13 10 47 10 7 22
26 42 21 31 24 36 6 19 42 39 17 25 23 3 9 9 10 31 0 3 35 21 4 34 20 15 14 20 40 35 36 18 4 14 22 12 24 4 13 3 21 18 30 6 31 28 25 18 23 31 9
29 45 19 34 25 39 4 22 45 42 18 28 24 0 12 8 13 34 3 0 38 24 7 37 23 18 17 20 43 38 39 21 1 12 22 9 22 5 11 6 24 21 33 9 34 31 28 18 26 34 12
13 22 50 22 41 21 39 25 22 22 44 14 38 38 27 37 28 6 35 38 0 24 31 28 21 25 30 47 23 22 3 19 39 44 32 45 48 37 41 32 14 25 29 29 20 10 10 48 16 13 26
25 22 40 10 18 37 26 2 22 19 21 24 15 24 12 27 21 24 21 24 24 0 17 13 3 25 7 24 20 38 26 20 25 33 34 32 43 19 32 19 11 28 10 15 11 14 14 25 23 30 17
22 38 23 27 24 34 9 15 38 35 20 21 22 7 5 10 8 27 4 7 31 17 0 30 16 13 12 23 36 33 32 14 8 16 21 15 26 7 15 2 17 16 26 2 27 24 21 21 19 27 5
34 14 53 6 22 46 39 15 14 11 29 33 19 37 25 40 34 31 34 37 28 13 30 0 15 37 20 31 11 47 31 32 38 46 47 45 56 32 45 32 22 40 4 28 8 18 22 33 33 38 30
22 22 39 11 20 34 25 4 22 19 23 21 17 23 11 26 19 21 20 23 21 3 16 15 0 22 9 26 20 35 23 17 24 32 32 31 42 20 31 18 8 25 13 14 11 11 11 27 20 27 15
12 39 25 32 36 21 17 24 39 37 32 11 33 18 15 13 5 19 15 18 25 25 13 37 22 0 22 35 38 20 24 6 19 19 10 22 24 19 16 12 16 3 35 13 30 21 17 33 9 17 9
28 29 35 17 14 40 20 5 29 26 14 27 11 17 7 22 17 30 14 17 30 7 12 20 9 22 0 17 27 40 32 21 18 28 30 26 38 12 27 14 16 25 16 10 18 20 20 18 25 33 13
44 45 38 33 10 56 24 22 45 42 3 43 12 20 22 28 30 47 20 20 47 24 23 31 26 35 17 0 42 55 49 36 20 32 42 27 42 16 31 23 33 38 27 23 35 37 37 3 41 49 27
33 3 59 10 33 44 45 22 3 1 40 32 30 43 31 46 39 29 40 43 23 20 36 11 20 38 27 42 0 45 26 32 44 52 47 51 62 39 51 38 23 40 15 34 9 17 21 44 32 36 35
13 44 39 41 54 2 36 39 44 44 52 14 51 38 34 31 25 16 35 38 22 38 33 47 35 20 40 55 45 0 21 20 39 36 19 40 36 39 34 32 27 17 47 32 39 29 25 53 15 9 28
12 25 49 25 43 19 39 27 25 25 46 13 40 39 29 36 27 5 36 39 3 26 32 31 23 24 32 49 26 21 0 18 40 43 31 45 47 39 40 33 16 24 32 31 23 13 12 50 15 12 27
8 33 31 26 35 20 21 20 33 31 33 7 32 21 14 18 9 13 18 21 19 20 14 32 17 6 21 36 32 20 18 0 22 25 15 27 30 21 22 15 10 8 30 13 24 15 11 35 5 13 9
30 46 19 35 25 40 5 23 46 43 18 29 25 1 13 9 14 35 4 1 39 25 8 38 24 19 18 20 44 39 40 22 0 12 23 8 23 6 12 7 25 22 34 10 35 32 29 17 27 35 13
31 54 7 43 37 38 8 31 54 51 30 30 36 12 21 7 16 38 14 12 44 33 16 46 32 19 28 32 52 36 43 25 12 0 17 5 11 17 3 14 32 20 42 18 43 39 35 29 28 36 19
19 48 20 41 44 21 19 33 48 46 39 18 41 22 23 14 13 26 22 22 32 34 21 47 32 10 30 42 47 19 31 15 23 17 0 22 17 26 15 19 25 7 44 21 39 30 26 40 17 22 17
34 53 11 42 33 42 6 30 53 50 26 33 33 9 20 9 18 40 12 9 45 32 15 45 31 22 26 27 51 40 45 27 8 5 22 0 15 14 7 13 32 23 41 17 42 39 35 24 31 39 19
35 63 5 53 47 38 18 41 63 61 40 34 46 22 31 16 23 42 24 22 48 43 26 56 42 24 38 42 62 36 47 30 23 11 17 15 0 27 11 24 39 23 52 28 53 45 41 39 33 39 27
29 41 24 29 20 40 9 17 41 38 13 28 19 5 10 13 14 34 4 5 37 19 7 32 20 19 12 16 39 39 39 21 6 17 26 14 27 0 16 7 23 22 28 9 30 29 27 14 26 34 12
28 53 9 42 36 35 7 30 53 50 29 27 35 11 20 5 13 35 13 11 41 32 15 45 31 16 27 31 51 34 40 22 12 3 15 7 11 16 0 13 29 17 41 17 42 36 32 29 25 33 17
23 40 21 29 26 33 7 17 40 37 20 22 24 6 7 8 7 28 3 6 32 19 2 32 18 12 14 23 38 32 33 15 7 14 19 13 24 7 13 0 19 15 28 4 29 26 22 21 20 28 6
14 24 38 16 28 26 26 12 24 22 30 13 25 24 13 25 16 14 21 24 14 11 17 22 8 16 16 33 23 27 16 10 25 32 25 32 39 23 29 19 0 18 20 15 14 7 4 34 12 19 13
12 41 25 34 39 19 19 27 41 39 35 11 36 21 18 14 8 19 18 21 25 28 16 40 25 3 25 38 40 17 24 8 22 20 7 23 23 22 17 15 18 0 38 16 32 23 19 36 10 16 12
34 18 49 7 18 46 35 11 18 15 25 33 15 33 21 36 31 32 30 33 29 10 26 4 13 35 16 27 15 47 32 30 34 42 44 41 52 28 41 28 20 38 0 24 9 19 22 29 32 38 27
21 36 25 25 24 33 11 13 36 33 20 20 21 9 3 12 8 26 6 9 29 15 2 28 14 13 10 23 34 32 31 13 10 18 21 17 28 9 17 4 15 16 24 0 25 22 19 22 18 26 4
26 11 50 2 26 38 36 13 11 8 32 25 23 34 22 37 30 23 31 34 20 11 27 8 11 30 18 35 9 39 23 24 35 43 39 42 53 30 42 29 14 32 9 25 0 10 14 36 25 30 26
16 18 45 12 31 28 33 15 18 16 34 15 28 31 19 32 23 13 28 31 10 14 24 18 11 21 20 37 17 29 13 15 32 39 30 39 45 29 36 26 7 23 19 22 10 0 4 38 15 20 20
12 22 41 16 31 24 29 15 22 20 34 11 28 28 17 28 19 10 25 28 10 14 21 22 11 17 20 37 21 25 12 11 29 35 26 35 41 27 32 22 4 19 22 19 14 4 0 38 11 16 16
43 47 35 35 13 54 22 23 47 44 4 42 15 18 22 26 28 47 18 18 48 25 21 33 27 33 18 3 44 53 50 35 17 29 40 24 39 14 29 21 34 36 29 22 36 38 38 0 40 48 26
3 33 34 27 39 15 26 24 33 31 38 2 36 26 19 22 14 10 23 26 16 23 19 33 20 9 25 41 32 15 15 5 27 28 17 31 33 26 25 20 12 10 32 18 25 15 11 40 0 8 14
5 35 41 32 47 8 34 31 35 35 46 6 44 34 27 30 22 7 31 34 13 30 27 38 27 17 33 49 36 9 12 13 35 36 22 39 39 34 33 28 19 16 38 26 30 20 16 48 8 0 22
17 36 26 26 27 29 13 16 36 34 24 16 24 12 6 12 4 22 9 12 26 17 5 30 15 9 13 27 35 28 27 9 13 19 17 19 27 12 17 6 13 12 27 4 26 20 16 26 14 22 0
0 437
95 95
23 23
67 67
340 340
110 110
121 121
303 303
152 152
95 95
113 113
88 88
369 369
249 249
219 219
73 73
422 422
100 100
211 211
181 181
48 48
281 281
388 388
35 35
261 261
122 122
125 125
111 111
253 253
359 359
178 178
45 45
189 189
204 204
343 343
104 104
226 226
153 153
379 379
166 166
170 170
292 292
235 235
144 144
125 125
432 432
400 400
69 69
300 300
147 147
64 64
0
49
30
64
84
46
33
77
66
60
36
38
46
50
45
69
77
63
42
20
54
66
27
59
40
72
21
59
40
32
45
76
56
76
29
46
83
15
51
86
46
64
50
29
38
11
60
81
14
22
55
