51
1625
0 26 21 23 14 5 16 21 33 13 23 21 33 12 18 17 32 21 36 29 8 29 32 30 14 25 19 7 28 9 29 21 14 25 40 14 20 25 29 9 16 9 31 20 25 12 25 25 32 3 21
26 0 20 27 12 29 30 20 21 38 3 20 11 15 28 18 12 20 12 37 32 32 7 8 12 24 29 19 22 27 3 18 13 40 17 21 8 1 25 34 28 25 17 28 7 14 20 37 23 23 7
21 20 0 35 17 26 35 0 12 25 17 0 17 20 33 26 14 0 32 43 29 41 27 16 17 4 34 20 37 14 23 2 14 45 37 26 20 19 39 22 9 28 35 33 13 19 4 42 11 22 21
23 27 35 0 18 22 10 35 44 36 24 35 36 15 5 9 36 35 27 10 23 6 28 33 18 39 6 18 9 31 27 33 21 18 27 9 19 26 8 32 37 14 17 3 29 16 38 11 44 20 20
14 12 17 18 0 17 18 17 26 26 9 17 20 3 16 9 19 17 22 26 20 24 18 17 0 21 17 7 20 17 15 15 3 28 26 9 6 11 22 22 21 13 20 16 12 2 20 25 26 11 7
5 29 26 22 17 0 13 26 38 14 26 26 37 15 17 19 36 26 39 26 3 28 35 34 17 30 17 10 29 14 32 26 18 20 43 15 23 28 30 11 21 8 33 19 29 15 30 22 37 6 24
16 30 35 10 18 13 0 35 44 27 27 35 38 15 5 14 37 35 36 13 14 15 35 35 18 39 4 15 19 25 32 33 21 10 36 10 23 29 18 24 32 7 26 7 30 16 38 9 44 13 24
21 20 0 35 17 26 35 0 12 25 17 0 17 20 33 26 14 0 32 43 29 41 27 16 17 4 34 20 37 14 23 2 14 45 37 26 20 19 39 22 9 28 35 33 13 19 4 42 11 22 21
33 21 12 44 26 38 44 12 0 37 20 12 12 29 42 35 9 12 32 52 41 50 27 13 26 12 43 31 42 26 23 13 23 54 37 35 25 21 45 34 21 39 38 42 15 28 8 51 2 34 25
13 38 25 36 26 14 27 25 37 0 35 25 42 25 31 30 39 25 48 40 13 42 44 39 26 27 31 20 41 12 41 27 25 31 52 27 32 37 42 4 17 22 44 33 34 25 29 35 36 16 33
23 3 17 24 9 26 27 17 20 35 0 17 12 12 25 15 12 17 15 34 29 30 10 9 9 21 26 16 22 24 6 15 10 37 20 18 5 2 25 31 25 22 18 25 5 11 18 34 21 20 5
21 20 0 35 17 26 35 0 12 25 17 0 17 20 33 26 14 0 32 43 29 41 27 16 17 4 34 20 37 14 23 2 14 45 37 26 20 19 39 22 9 28 35 33 13 19 4 42 11 22 21
33 11 17 36 20 37 38 17 12 42 12 17 0 23 36 27 3 17 20 46 40 42 15 3 20 19 37 27 33 30 12 16 19 48 25 29 17 11 36 38 26 33 27 36 8 22 15 45 14 31 17
12 15 20 15 3 15 15 20 29 25 12 20 23 0 13 6 22 20 25 23 18 21 21 20 3 24 14 5 17 18 18 18 6 25 28 6 9 14 19 21 23 10 20 13 15 1 23 22 29 9 10
18 28 33 5 16 17 5 33 42 31 25 33 36 13 0 10 35 33 31 11 18 11 31 33 16 37 1 15 14 27 29 31 19 14 31 7 20 27 13 27 34 9 21 2 28 14 36 9 42 15 21
17 18 26 9 9 19 14 26 35 30 15 26 27 6 10 0 27 26 22 19 22 15 21 24 9 30 11 11 11 24 19 24 12 24 24 4 10 17 13 26 29 11 14 10 20 7 29 19 35 14 11
32 12 14 36 19 36 37 14 9 39 12 14 3 22 35 27 0 14 23 45 39 42 18 4 19 16 36 26 34 27 14 13 18 47 28 28 17 12 37 35 23 32 29 35 7 21 12 44 11 30 17
21 20 0 35 17 26 35 0 12 25 17 0 17 20 33 26 14 0 32 43 29 41 27 16 17 4 34 20 37 14 23 2 14 45 37 26 20 19 39 22 9 28 35 33 13 19 4 42 11 22 21
36 12 32 27 22 39 36 32 32 48 15 32 20 25 31 22 23 32 0 37 42 29 5 19 22 36 32 29 19 38 9 30 24 45 5 26 16 13 22 44 40 33 11 30 19 24 32 38 34 33 15
29 37 43 10 26 26 13 43 52 40 34 43 46 23 11 19 45 43 37 0 27 8 38 43 26 47 10 26 18 38 37 41 29 12 35 17 29 36 15 37 45 20 26 10 38 24 46 5 52 26 30
8 32 29 23 20 3 14 29 41 13 29 29 40 18 18 22 39 29 42 27 0 29 38 37 20 33 18 13 32 17 35 29 21 18 46 18 26 31 31 12 24 11 36 20 32 18 33 22 40 9 27
29 32 41 6 24 28 15 41 50 42 30 41 42 21 11 15 42 41 29 8 29 0 31 39 24 45 11 24 10 37 32 39 27 19 27 15 25 31 7 38 43 20 18 9 35 22 44 12 50 26 25
32 7 27 28 18 35 35 27 27 44 10 27 15 21 31 21 18 27 5 38 38 31 0 14 18 31 32 25 21 34 4 25 20 45 10 25 12 8 24 40 35 31 13 29 14 20 27 38 29 29 11
30 8 16 33 17 34 35 16 13 39 9 16 3 20 33 24 4 16 19 43 37 39 14 0 17 19 34 24 30 27 10 14 16 45 24 26 14 8 33 35 25 30 25 33 5 19 15 42 15 28 14
14 12 17 18 0 17 18 17 26 26 9 17 20 3 16 9 19 17 22 26 20 24 18 17 0 21 17 7 20 17 15 15 3 28 26 9 6 11 22 22 21 13 20 16 12 2 20 25 26 11 7
25 24 4 39 21 30 39 4 12 27 21 4 19 24 37 30 16 4 36 47 33 45 31 19 21 0 38 24 41 17 27 6 18 49 41 30 24 23 43 25 10 32 39 37 17 23 4 46 10 26 25
19 29 34 6 17 17 4 34 43 31 26 34 37 14 1 11 36 34 32 10 18 11 32 34 17 38 0 16 15 28 30 32 20 13 32 8 21 28 14 28 35 10 22 3 29 15 37 8 43 16 22
7 19 20 18 7 10 15 20 31 20 16 20 27 5 15 11 26 20 29 26 13 24 25 24 7 24 16 0 22 13 22 19 8 25 33 9 13 18 24 16 19 8 25 16 19 5 24 24 31 4 14
28 22 37 9 20 29 19 37 42 41 22 37 33 17 14 11 34 37 19 18 32 10 21 30 20 41 15 22 0 35 22 35 23 27 18 14 18 23 3 37 40 21 8 12 27 18 40 20 43 25 17
9 27 14 31 17 14 25 14 26 12 24 14 30 18 27 24 27 14 38 38 17 37 34 27 17 17 28 13 35 0 30 15 14 34 42 22 22 26 37 8 7 18 37 29 22 17 18 34 25 12 23
29 3 23 27 15 32 32 23 23 41 6 23 12 18 29 19 14 23 9 37 35 32 4 10 15 27 30 22 22 30 0 21 16 42 14 22 9 4 25 37 31 28 15 29 10 17 23 38 25 26 8
21 18 2 33 15 26 33 2 13 27 15 2 16 18 31 24 13 2 30 41 29 39 25 14 15 6 32 19 35 15 21 0 12 43 35 24 18 17 37 23 11 27 33 31 11 17 5 40 12 21 19
14 13 14 21 3 18 21 14 23 25 10 14 19 6 19 12 18 14 24 29 21 27 20 16 3 18 20 8 23 14 16 12 0 31 28 12 8 12 25 21 18 16 23 19 11 5 17 28 24 12 9
25 40 45 18 28 20 10 45 54 31 37 45 48 25 14 24 47 45 45 12 18 19 45 45 28 49 13 25 27 34 42 43 31 0 45 20 33 39 25 30 41 17 35 16 40 26 48 7 54 23 34
40 17 37 27 26 43 36 37 37 52 20 37 25 28 31 24 28 37 5 35 46 27 10 24 26 41 32 33 18 42 14 35 28 45 0 28 20 18 20 48 45 35 10 30 24 28 37 38 39 37 19
14 21 26 9 9 15 10 26 35 27 18 26 29 6 7 4 28 26 26 17 18 15 25 26 9 30 8 9 14 22 22 24 12 20 28 0 13 20 15 23 28 7 18 7 21 7 29 16 35 11 14
20 8 20 19 6 23 23 20 25 32 5 20 17 9 20 10 17 20 16 29 26 25 12 14 6 24 21 13 18 22 9 18 8 33 20 13 0 7 20 28 26 19 15 20 10 8 23 29 26 17 1
25 1 19 26 11 28 29 19 21 37 2 19 11 14 27 17 12 19 13 36 31 31 8 8 11 23 28 18 23 26 4 17 12 39 18 20 7 0 26 33 27 24 18 27 6 13 19 36 22 22 6
29 25 39 8 22 30 18 39 45 42 25 39 36 19 13 13 37 39 22 15 31 7 24 33 22 43 14 24 3 37 25 37 25 25 20 15 20 26 0 38 42 22 11 11 30 20 42 18 46 26 20
9 34 22 32 22 11 24 22 34 4 31 22 38 21 27 26 35 22 44 37 12 38 40 35 22 25 28 16 37 8 37 23 21 30 48 23 28 33 38 0 15 18 40 29 30 21 26 33 33 12 29
16 28 9 37 21 21 32 9 21 17 25 9 26 23 34 29 23 9 40 45 24 43 35 25 21 10 35 19 40 7 31 11 18 41 45 28 26 27 42 15 0 25 41 35 21 22 13 41 20 19 27
9 25 28 14 13 8 7 28 39 22 22 28 33 10 9 11 32 28 33 20 11 20 31 30 13 32 10 8 21 18 28 27 16 17 35 7 19 24 22 18 25 0 25 11 25 11 32 16 39 6 20
31 17 35 17 20 33 26 35 38 44 18 35 27 20 21 14 29 35 11 26 36 18 13 25 20 39 22 25 8 37 15 33 23 35 10 18 15 18 11 40 41 25 0 20 23 20 36 28 39 28 14
20 28 33 3 16 19 7 33 42 33 25 33 36 13 2 10 35 33 30 10 20 9 29 33 16 37 3 16 12 29 29 31 19 16 30 7 20 27 11 29 35 11 20 0 28 14 36 9 42 17 21
25 7 13 29 12 29 30 13 15 34 5 13 8 15 28 20 7 13 19 38 32 35 14 5 12 17 29 19 27 22 10 11 11 40 24 21 10 6 30 30 21 25 23 28 0 14 13 37 16 23 10
12 14 19 16 2 15 16 19 28 25 11 19 22 1 14 7 21 19 24 24 18 22 20 19 2 23 15 5 18 17 17 17 5 26 28 7 8 13 20 21 22 11 20 14 14 0 22 23 28 9 9
25 20 4 38 20 30 38 4 8 29 18 4 15 23 36 29 12 4 32 46 33 44 27 15 20 4 37 24 40 18 23 5 17 48 37 29 23 19 42 26 13 32 36 36 13 22 0 45 7 26 23
25 37 42 11 25 22 9 42 51 35 34 42 45 22 9 19 44 42 38 5 22 12 38 42 25 46 8 24 20 34 38 40 28 7 38 16 29 36 18 33 41 16 28 9 37 23 45 0 51 22 30
32 23 11 44 26 37 44 11 2 36 21 11 14 29 42 35 11 11 34 52 40 50 29 15 26 10 43 31 43 25 25 12 24 54 39 35 26 22 46 33 20 39 39 42 16 28 7 51 0 33 26
3 23 22 20 11 6 13 22 34 16 20 22 31 9 15 14 30 22 33 26 9 26 29 28 11 26 16 4 25 12 26 21 12 23 37 11 17 22 26 12 19 6 28 17 23 9 26 22 33 0 18
21 7 21 20 7 24 24 21 25 33 5 21 17 10 21 11 17 21 15 30 27 25 11 14 7 25 22 14 17 23 8 19 9 34 19 14 1 6 20 29 27 20 14 21 10 9 23 30 26 18 0
0 792
355 513
81 239
358 516
195 353
619 777
461 619
505 663
415 573
34 192
158 316
599 757
336 494
168 326
610 768
586 744
272 430
180 338
599 757
532 690
581 739
153 311
268 426
39 197
51 209
456 614
465 623
521 679
52 210
113 271
171 329
228 386
631 789
42 200
216 374
417 575
516 674
376 534
630 788
583 741
102 260
416 574
526 684
4 162
323 481
170 328
596 754
591 749
587 745
185 343
526 684
0
70
63
13
30
38
61
74
88
80
22
48
54
39
53
37
35
46
77
45
23
42
69
52
65
62
27
24
27
57
42
45
30
53
42
52
74
51
56
17
50
44
71
21
57
69
86
64
41
76
37
