51
1625
0 26 31 7 18 28 31 20 35 5 25 11 23 40 30 39 45 32 40 37 35 16 22 43 9 27 18 31 26 15 42 37 12 10 11 33 22 46 34 28 43 41 43 51 24 39 32 27 28 19 24
26 0 13 19 35 37 46 6 37 22 9 20 3 25 32 23 26 39 18 23 14 14 27 39 24 30 19 40 1 39 20 43 21 22 29 7 33 37 43 43 17 41 39 49 44 41 14 46 31 16 40
31 13 0 26 34 30 40 15 27 29 6 29 14 12 23 10 14 32 10 10 5 15 21 28 33 23 30 33 14 40 12 34 22 31 30 10 27 24 36 37 13 30 28 38 43 31 1 44 24 28 34
7 19 26 0 22 30 35 13 35 3 20 6 16 36 30 35 40 34 35 33 30 12 22 43 7 27 13 33 19 22 37 39 11 6 15 26 24 44 36 32 36 41 43 51 30 39 27 33 28 13 28
18 35 34 22 0 13 13 29 24 22 30 28 32 36 20 37 44 17 44 34 39 21 14 32 27 17 35 16 35 9 46 22 14 27 7 40 9 37 17 11 47 30 32 40 9 26 35 11 17 35 7
28 37 30 30 13 0 11 32 11 31 28 36 35 28 8 29 36 4 40 26 35 24 10 19 36 7 42 4 38 22 40 9 19 36 17 39 6 25 7 8 43 17 19 27 18 13 30 18 6 42 8
31 46 40 35 13 11 0 40 19 35 37 41 43 39 19 40 47 10 50 37 45 32 19 27 40 18 48 9 46 20 51 13 26 40 20 48 13 33 7 3 53 24 27 33 13 19 40 11 17 48 7
20 6 15 13 29 32 40 0 35 16 10 14 3 27 30 25 29 36 23 24 18 8 22 39 18 27 15 36 6 33 25 40 15 16 23 13 27 38 39 37 23 40 39 49 38 39 16 40 28 13 34
35 37 27 35 24 11 19 35 0 37 28 41 36 21 5 23 29 9 35 20 32 27 13 8 42 8 47 10 38 33 35 9 24 41 26 37 15 14 13 18 39 6 8 16 29 4 27 29 8 46 19
5 22 29 3 22 31 35 16 37 0 23 6 19 39 32 38 43 35 38 36 33 15 24 45 5 29 13 34 22 20 40 40 13 5 15 29 25 47 37 32 39 43 45 53 28 41 30 31 30 14 28
25 9 6 20 30 28 37 10 28 23 0 23 9 17 23 15 20 30 15 14 10 9 18 30 27 21 25 31 10 34 17 34 16 25 24 11 24 28 34 34 18 32 30 40 39 32 7 41 22 23 31
11 20 29 6 28 36 41 14 41 6 23 0 17 40 36 38 43 40 37 37 32 16 28 49 4 33 7 39 20 26 39 45 17 2 21 27 30 49 42 38 37 47 49 57 34 45 30 37 34 8 34
23 3 14 16 32 35 43 3 36 19 9 17 0 26 31 24 28 38 20 23 16 11 25 39 21 29 17 39 3 36 22 42 18 19 26 10 30 37 42 40 20 41 39 49 41 40 15 43 30 14 37
40 25 12 36 36 28 39 27 21 39 17 40 26 0 20 2 8 29 15 3 13 24 22 18 43 21 42 30 26 45 14 30 29 41 35 21 28 13 33 36 19 21 18 27 45 25 11 45 22 40 35
30 32 23 30 20 8 19 30 5 32 23 36 31 20 0 21 28 9 33 18 28 22 8 13 37 3 42 10 33 29 33 11 19 36 21 33 11 17 13 16 36 11 13 21 26 9 23 26 3 41 16
39 23 10 35 37 29 40 25 23 38 15 38 24 2 21 0 7 30 13 3 11 23 23 20 42 22 40 31 24 45 12 32 28 40 35 19 29 15 34 37 17 23 20 29 46 27 9 46 23 38 36
45 26 14 40 44 36 47 29 29 43 20 43 28 8 28 7 0 37 11 10 12 29 30 25 47 29 44 38 27 52 9 38 35 45 42 20 36 18 41 44 15 28 25 32 53 32 13 53 30 42 43
32 39 32 34 17 4 10 36 9 35 30 40 38 29 9 30 37 0 42 27 37 28 14 17 40 9 46 1 40 26 42 5 23 40 21 41 10 23 4 9 45 14 17 23 21 9 32 20 8 46 11
40 18 10 35 44 40 50 23 35 38 15 37 20 15 33 13 11 42 0 15 5 24 31 33 41 33 37 43 18 49 2 44 31 39 39 11 37 28 46 47 4 36 33 42 53 39 10 54 34 34 44
37 23 10 33 34 26 37 24 20 36 14 37 23 3 18 3 10 27 15 0 13 21 20 18 40 19 39 28 24 42 15 29 26 38 32 20 26 14 31 34 19 21 18 28 43 24 9 43 20 37 33
35 14 5 30 39 35 45 18 32 33 10 32 16 13 28 11 12 37 5 13 0 19 26 31 36 28 33 38 15 44 7 39 26 34 34 8 32 26 41 42 8 34 31 40 48 36 5 49 29 30 39
16 14 15 12 21 24 32 8 27 15 9 16 11 24 22 23 29 28 24 21 19 0 14 33 19 19 21 28 14 25 26 32 7 17 15 19 19 33 31 29 27 33 33 43 30 31 16 32 20 19 26
22 27 21 22 14 10 19 22 13 24 18 28 25 22 8 23 30 14 31 20 26 14 0 21 29 5 34 14 28 23 32 18 11 28 13 29 6 24 17 16 34 19 21 29 23 17 21 23 6 33 13
43 39 28 43 32 19 27 39 8 45 30 49 39 18 13 20 25 17 33 18 31 33 21 0 50 16 54 18 40 41 32 16 32 49 34 38 23 7 21 26 37 4 0 10 37 9 27 37 16 52 27
9 24 33 7 27 36 40 18 42 5 27 4 21 43 37 42 47 40 41 40 36 19 29 50 0 34 10 39 24 24 43 45 18 2 20 31 30 51 42 37 41 48 50 58 32 46 34 35 35 12 33
27 30 23 27 17 7 18 27 8 29 21 33 29 21 3 22 29 9 33 19 28 19 5 16 34 0 39 10 31 26 33 13 16 33 18 32 8 20 13 15 36 14 16 24 25 12 23 25 1 38 15
18 19 30 13 35 42 48 15 47 13 25 7 17 42 42 40 44 46 37 39 33 21 34 54 10 39 0 45 19 33 39 51 23 9 28 26 36 53 48 45 36 53 54 63 41 51 31 44 40 3 41
31 40 33 33 16 4 9 36 10 34 31 39 39 30 10 31 38 1 43 28 38 28 14 18 39 10 45 0 41 25 43 6 22 39 20 42 9 24 3 8 46 15 18 24 20 10 33 19 9 45 10
26 1 14 19 35 38 46 6 38 22 10 20 3 26 33 24 27 40 18 24 15 14 28 40 24 31 19 41 0 39 20 44 21 22 29 7 33 38 44 43 17 42 40 50 44 42 15 46 32 16 40
15 39 40 22 9 22 20 33 33 20 34 26 36 45 29 45 52 26 49 42 44 25 23 41 24 26 33 25 39 0 51 31 18 25 11 44 18 46 25 18 52 39 41 49 9 35 41 12 26 34 15
42 20 12 37 46 40 51 25 35 40 17 39 22 14 33 12 9 42 2 15 7 26 32 32 43 33 39 43 20 51 0 44 33 41 41 13 38 27 46 48 6 35 32 41 55 39 11 55 34 36 45
37 43 34 39 22 9 13 40 9 40 34 45 42 30 11 32 38 5 44 29 39 32 18 16 45 13 51 6 44 31 44 0 28 45 26 44 15 23 6 13 47 12 16 20 25 7 34 24 12 51 16
12 21 22 11 14 19 26 15 24 13 16 17 18 29 19 28 35 23 31 26 26 7 11 32 18 16 23 22 21 18 33 28 0 17 8 26 13 34 25 23 34 30 32 40 23 28 23 25 17 23 19
10 22 31 6 27 36 40 16 41 5 25 2 19 41 36 40 45 40 39 38 34 17 28 49 2 33 9 39 22 25 41 45 17 0 20 29 30 50 42 37 39 47 49 57 33 45 32 36 34 10 33
11 29 30 15 7 17 20 23 26 15 24 21 26 35 21 35 42 21 39 32 34 15 13 34 20 18 28 20 29 11 41 26 8 20 0 34 11 37 23 17 42 32 34 42 16 29 30 18 18 28 13
33 7 10 26 40 39 48 13 37 29 11 27 10 21 33 19 20 41 11 20 8 19 29 38 31 32 26 42 7 44 13 44 26 29 34 0 35 34 45 45 10 40 38 48 49 41 11 51 33 23 42
22 33 27 24 9 6 13 27 15 25 24 30 30 28 11 29 36 10 37 26 32 19 6 23 30 8 36 9 33 18 38 15 13 30 11 35 0 28 12 10 40 21 23 31 17 18 27 17 8 36 7
46 37 24 44 37 25 33 38 14 47 28 49 37 13 17 15 18 23 28 14 26 33 24 7 51 20 53 24 38 46 27 23 34 50 37 34 28 0 27 32 32 11 7 14 43 16 23 43 20 51 33
34 43 36 36 17 7 7 39 13 37 34 42 42 33 13 34 41 4 46 31 41 31 17 21 42 13 48 3 44 25 46 6 25 42 23 45 12 27 0 7 49 18 21 26 19 13 36 18 12 48 10
28 43 37 32 11 8 3 37 18 32 34 38 40 36 16 37 44 9 47 34 42 29 16 26 37 15 45 8 43 18 48 13 23 37 17 45 10 32 7 0 50 23 26 32 12 18 37 11 14 45 4
43 17 13 36 47 43 53 23 39 39 18 37 20 19 36 17 15 45 4 19 8 27 34 37 41 36 36 46 17 52 6 47 34 39 42 10 40 32 49 50 0 40 37 46 56 43 13 57 37 33 47
41 41 30 41 30 17 24 40 6 43 32 47 41 21 11 23 28 14 36 21 34 33 19 4 48 14 53 15 42 39 35 12 30 47 32 40 21 11 18 23 40 0 4 10 35 5 29 34 14 52 25
43 39 28 43 32 19 27 39 8 45 30 49 39 18 13 20 25 17 33 18 31 33 21 0 50 16 54 18 40 41 32 16 32 49 34 38 23 7 21 26 37 4 0 10 37 9 27 37 16 52 27
51 49 38 51 40 27 33 49 16 53 40 57 49 27 21 29 32 23 42 28 40 43 29 10 58 24 63 24 50 49 41 20 40 57 42 48 31 14 26 32 46 10 10 0 44 14 37 43 24 62 34
24 44 43 30 9 18 13 38 29 28 39 34 41 45 26 46 53 21 53 43 48 30 23 37 32 25 41 20 44 9 55 25 23 33 16 49 17 43 19 12 56 35 37 44 0 30 44 3 24 42 10
39 41 31 39 26 13 19 39 4 41 32 45 40 25 9 27 32 9 39 24 36 31 17 9 46 12 51 10 42 35 39 7 28 45 29 41 18 16 13 18 43 5 9 14 30 0 31 29 12 50 20
32 14 1 27 35 30 40 16 27 30 7 30 15 11 23 9 13 32 10 9 5 16 21 27 34 23 31 33 15 41 11 34 23 32 30 11 27 23 36 37 13 29 27 37 44 31 0 44 24 29 34
27 46 44 33 11 18 11 40 29 31 41 37 43 45 26 46 53 20 54 43 49 32 23 37 35 25 44 19 46 12 55 24 25 36 18 51 17 43 18 11 57 34 37 43 3 29 44 0 24 45 10
28 31 24 28 17 6 17 28 8 30 22 34 30 22 3 23 30 8 34 20 29 20 6 16 35 1 40 9 32 26 34 12 17 34 18 33 8 20 12 14 37 14 16 24 24 12 24 24 0 39 14
19 16 28 13 35 42 48 13 46 14 23 8 14 40 41 38 42 46 34 37 30 19 33 52 12 38 3 45 16 34 36 51 23 10 28 23 36 51 48 45 33 52 52 62 42 50 29 45 39 0 41
24 40 34 28 7 8 7 34 19 28 31 34 37 35 16 36 43 11 44 33 39 26 13 27 33 15 41 10 40 15 45 16 19 33 13 42 7 33 10 4 47 25 27 34 10 20 34 10 14 41 0
0 546
303 412
209 318
256 365
305 414
81 190
299 408
66 175
66 175
75 184
307 416
316 425
231 340
205 314
107 216
36 145
358 467
382 491
357 466
186 295
201 310
73 182
223 332
264 373
415 524
36 145
8 117
221 330
138 247
216 325
148 257
349 458
301 410
402 511
290 399
39 148
185 294
254 363
88 197
185 294
185 294
119 228
264 373
100 209
394 503
419 528
267 376
184 293
330 439
186 295
311 420
0
49
72
64
31
37
41
79
49
64
68
19
19
53
59
59
47
41
16
41
48
50
23
76
26
69
37
60
39
39
48
66
54
43
78
51
58
72
58
40
64
56
35
68
61
39
39
42
40
61
51
