51
1624
0 25 15 15 29 6 29 14 14 26 32 20 28 30 26 21 6 18 26 14 26 11 10 12 9 21 23 12 12 28 30 15 17 8 10 12 12 15 20 40 37 21 14 39 29 25 7 13 25 37 37
25 0 22 36 52 21 45 36 38 49 53 43 42 46 24 44 19 12 29 26 2 35 34 32 31 45 2 24 23 46 43 11 38 18 18 32 24 38 44 44 56 22 26 62 45 41 20 37 41 58 41
15 22 0 30 32 17 24 16 19 29 33 35 21 25 11 24 11 10 12 5 24 18 25 12 24 27 22 4 4 25 22 11 18 15 5 12 4 18 25 27 36 6 6 42 24 20 8 20 20 38 24
15 36 30 0 32 15 38 20 19 31 37 7 37 39 41 26 21 31 41 29 37 16 6 23 6 22 34 27 27 36 39 28 22 18 25 23 27 20 23 55 42 36 29 43 38 34 22 17 34 42 52
29 52 32 32 0 35 20 17 15 4 7 29 23 21 43 8 35 42 39 30 54 18 26 20 30 10 52 28 29 16 24 41 14 37 34 20 28 15 9 44 12 38 29 11 19 20 33 17 20 11 42
6 21 17 15 35 0 35 20 20 32 38 22 34 36 28 27 6 16 29 19 22 17 13 18 10 27 19 17 16 34 36 13 23 3 12 18 17 21 26 44 43 23 19 45 35 31 9 19 31 43 41
29 45 24 38 20 35 0 18 21 16 14 41 3 1 28 17 31 34 21 20 47 22 32 17 35 23 45 21 22 4 4 34 18 35 27 17 21 20 21 24 14 26 19 21 1 4 28 23 4 17 22
14 36 16 20 17 20 18 0 3 14 19 23 17 19 27 9 18 26 25 14 38 4 14 4 17 11 35 12 13 16 19 25 3 21 18 4 12 2 9 37 23 22 13 27 18 14 16 5 14 25 34
14 38 19 19 15 20 21 3 0 12 18 20 20 22 30 7 20 29 28 17 40 3 13 7 16 8 37 15 16 17 22 27 3 22 21 7 15 1 6 40 23 25 16 25 20 17 18 2 17 23 37
26 49 29 31 4 32 16 14 12 0 6 29 19 17 40 5 32 39 35 27 51 15 25 17 28 10 49 25 26 12 20 38 11 34 31 17 25 12 8 40 11 35 26 13 15 16 30 14 16 11 38
32 53 33 37 7 38 14 19 18 6 0 35 17 15 42 11 37 43 35 29 55 21 31 21 34 16 53 29 30 10 18 42 16 40 35 21 29 18 14 38 5 38 28 9 13 15 34 20 15 6 36
20 43 35 7 29 22 41 23 20 29 35 0 40 42 46 25 26 38 45 33 44 19 10 26 12 19 41 31 31 37 42 35 23 25 30 26 31 21 21 59 40 41 33 40 40 37 27 18 37 40 56
28 42 21 37 23 34 3 17 20 19 17 40 0 4 25 18 29 31 18 17 44 21 31 16 34 24 42 18 19 7 2 31 17 33 24 16 18 19 22 22 17 23 16 24 4 3 26 22 3 20 19
30 46 25 39 21 36 1 19 22 17 15 42 4 0 29 18 32 35 22 21 48 23 33 18 36 24 46 22 23 5 4 35 19 36 28 18 22 21 22 24 15 27 20 22 2 5 29 24 5 18 22
26 24 11 41 43 28 28 27 30 40 42 46 25 29 0 35 22 13 7 15 26 29 36 23 35 38 25 15 15 32 25 16 29 26 16 23 15 29 36 20 42 5 15 49 29 27 19 31 27 45 18
21 44 24 26 8 27 17 9 7 5 11 25 18 18 35 0 27 34 32 22 46 10 20 12 23 6 44 20 21 13 20 33 6 29 26 12 20 7 4 40 16 30 21 18 16 15 25 9 15 16 37
6 19 11 21 35 6 31 18 20 32 37 26 29 32 22 27 0 12 23 13 20 17 16 16 15 27 17 11 10 32 30 9 21 4 6 16 11 20 26 38 41 17 13 45 31 27 3 19 27 43 35
18 12 10 31 42 16 34 26 29 39 43 38 31 35 13 34 12 0 17 15 14 26 28 22 26 36 12 14 13 35 32 3 28 13 8 22 14 28 35 32 46 10 16 52 34 30 11 28 30 48 29
26 29 12 41 39 29 21 25 28 35 35 45 18 22 7 32 23 17 0 12 31 28 35 21 35 36 29 14 15 25 18 20 27 27 17 21 14 27 34 15 35 7 12 42 22 20 20 29 20 38 12
14 26 5 29 30 19 20 14 17 27 29 33 17 21 15 22 13 15 12 0 28 16 23 10 23 25 26 2 3 21 18 15 16 17 8 10 2 16 23 26 32 10 1 38 20 16 10 18 16 34 23
26 2 24 37 54 22 47 38 40 51 55 44 44 48 26 46 20 14 31 28 0 37 35 34 32 47 3 26 25 48 45 13 40 19 20 34 26 40 46 46 58 24 28 64 47 43 22 39 43 60 43
11 35 18 16 18 17 22 4 3 15 21 19 21 23 29 10 17 26 28 16 37 0 10 7 13 10 34 14 15 20 23 24 6 19 18 7 14 4 9 41 26 24 16 28 22 18 15 2 18 26 38
10 34 25 6 26 13 32 14 13 25 31 10 31 33 36 20 16 28 35 23 35 10 0 17 4 16 32 21 21 30 33 25 16 16 20 17 21 14 17 49 36 31 23 37 32 28 17 11 28 36 46
12 32 12 23 20 18 17 4 7 17 21 26 16 18 23 12 16 22 21 10 34 7 17 0 18 15 32 8 9 16 18 21 6 19 14 0 8 6 13 34 25 18 9 30 17 13 13 8 13 27 31
9 31 24 6 30 10 35 17 16 28 34 12 34 36 35 23 15 26 35 23 32 13 4 18 0 20 29 21 21 33 36 23 19 13 19 18 21 17 21 49 39 30 23 41 35 31 16 14 31 39 46
21 45 27 22 10 27 23 11 8 10 16 19 24 24 38 6 27 36 36 25 47 10 16 15 20 0 44 23 24 19 26 34 9 29 28 15 23 9 2 46 21 33 24 21 22 21 25 8 21 21 43
23 2 22 34 52 19 45 35 37 49 53 41 42 46 25 44 17 12 29 26 3 34 32 32 29 44 0 24 23 46 43 11 38 16 18 32 24 37 43 44 56 22 26 62 45 41 19 36 41 58 41
12 24 4 27 28 17 21 12 15 25 29 31 18 22 15 20 11 14 14 2 26 14 21 8 21 23 24 0 1 22 19 13 14 15 6 8 0 14 21 28 32 10 2 38 21 17 8 16 17 34 25
12 23 4 27 29 16 22 13 16 26 30 31 19 23 15 21 10 13 15 3 25 15 21 9 21 24 23 1 0 23 20 12 15 14 5 9 1 15 22 29 33 10 3 39 22 18 7 17 18 35 26
28 46 25 36 16 34 4 16 17 12 10 37 7 5 32 13 32 35 25 21 48 20 30 16 33 19 46 22 23 0 8 35 14 35 28 16 22 16 17 28 11 28 20 18 3 5 29 19 5 14 26
30 43 22 39 24 36 4 19 22 20 18 42 2 4 25 20 30 32 18 18 45 23 33 18 36 26 43 19 20 8 0 32 19 34 25 18 19 21 24 20 18 23 17 25 5 5 27 24 5 21 18
15 11 11 28 41 13 34 25 27 38 42 35 31 35 16 33 9 3 20 15 13 24 25 21 23 34 11 13 12 35 32 0 27 10 7 21 13 27 33 35 45 13 15 51 34 30 9 26 30 47 32
17 38 18 22 14 23 18 3 3 11 16 23 17 19 29 6 21 28 27 16 40 6 16 6 19 9 38 14 15 14 19 27 0 24 20 6 14 2 7 38 21 24 15 24 17 14 19 5 14 22 35
8 18 15 18 37 3 35 21 22 34 40 25 33 36 26 29 4 13 27 17 19 19 16 19 13 29 16 15 14 35 34 10 24 0 10 19 15 23 28 42 44 21 17 47 35 31 7 21 31 45 39
10 18 5 25 34 12 27 18 21 31 35 30 24 28 16 26 6 8 17 8 20 18 20 14 19 28 18 6 5 28 25 7 20 10 0 14 6 20 27 32 38 11 8 44 27 23 3 20 23 40 29
12 32 12 23 20 18 17 4 7 17 21 26 16 18 23 12 16 22 21 10 34 7 17 0 18 15 32 8 9 16 18 21 6 19 14 0 8 6 13 34 25 18 9 30 17 13 13 8 13 27 31
12 24 4 27 28 17 21 12 15 25 29 31 18 22 15 20 11 14 14 2 26 14 21 8 21 23 24 0 1 22 19 13 14 15 6 8 0 14 21 28 32 10 2 38 21 17 8 16 17 34 25
15 38 18 20 15 21 20 2 1 12 18 21 19 21 29 7 20 28 27 16 40 4 14 6 17 9 37 14 15 16 21 27 2 23 20 6 14 0 7 39 23 24 15 25 19 16 18 3 16 23 36
20 44 25 23 9 26 21 9 6 8 14 21 22 22 36 4 26 35 34 23 46 9 17 13 21 2 43 21 22 17 24 33 7 28 27 13 21 7 0 44 19 31 22 20 20 19 24 8 19 19 41
40 44 27 55 44 44 24 37 40 40 38 59 22 24 20 40 38 32 15 26 46 41 49 34 49 46 44 28 29 28 20 35 38 42 32 34 28 39 44 0 38 22 26 45 25 25 35 42 25 41 3
37 56 36 42 12 43 14 23 23 11 5 40 17 15 42 16 41 46 35 32 58 26 36 25 39 21 56 32 33 11 18 45 21 44 38 25 32 23 19 38 0 39 31 7 13 16 38 25 16 3 36
21 22 6 36 38 23 26 22 25 35 38 41 23 27 5 30 17 10 7 10 24 24 31 18 30 33 22 10 10 28 23 13 24 21 11 18 10 24 31 22 39 0 10 46 27 23 14 26 23 42 19
14 26 6 29 29 19 19 13 16 26 28 33 16 20 15 21 13 16 12 1 28 16 23 9 23 24 26 2 3 20 17 15 15 17 8 9 2 15 22 26 31 10 0 37 19 15 10 17 15 33 23
39 62 42 43 11 45 21 27 25 13 9 40 24 22 49 18 45 52 42 38 64 28 37 30 41 21 62 38 39 18 25 51 24 47 44 30 38 25 20 45 7 46 37 0 20 23 43 27 23 4 43
29 45 24 38 19 35 1 18 20 15 13 40 4 2 29 16 31 34 22 20 47 22 32 17 35 22 45 21 22 3 5 34 17 35 27 17 21 19 20 25 13 27 19 20 0 4 28 22 4 16 23
25 41 20 34 20 31 4 14 17 16 15 37 3 5 27 15 27 30 20 16 43 18 28 13 31 21 41 17 18 5 5 30 14 31 23 13 17 16 19 25 16 23 15 23 4 0 24 19 0 19 22
7 20 8 22 33 9 28 16 18 30 34 27 26 29 19 25 3 11 20 10 22 15 17 13 16 25 19 8 7 29 27 9 19 7 3 13 8 18 24 35 38 14 10 43 28 24 0 17 24 40 32
13 37 20 17 17 19 23 5 2 14 20 18 22 24 31 9 19 28 29 18 39 2 11 8 14 8 36 16 17 19 24 26 5 21 20 8 16 3 8 42 25 26 17 27 22 19 17 0 19 25 39
25 41 20 34 20 31 4 14 17 16 15 37 3 5 27 15 27 30 20 16 43 18 28 13 31 21 41 17 18 5 5 30 14 31 23 13 17 16 19 25 16 23 15 23 4 0 24 19 0 19 22
37 58 38 42 11 43 17 25 23 11 6 40 20 18 45 16 43 48 38 34 60 26 36 27 39 21 58 34 35 14 21 47 22 45 40 27 34 23 19 41 3 42 33 4 16 19 40 25 19 0 39
37 41 24 52 42 41 22 34 37 38 36 56 19 22 18 37 35 29 12 23 43 38 46 31 46 43 41 25 26 26 18 32 35 39 29 31 25 36 41 3 36 19 23 43 23 22 32 39 22 39 0
0 327
187 317
112 242
186 316
26 156
124 254
133 263
67 197
188 318
76 206
33 163
13 143
178 308
57 187
125 255
111 241
168 298
162 292
115 245
11 141
116 246
30 160
4 134
196 326
159 289
20 150
169 299
110 240
49 179
10 140
182 312
32 162
8 138
101 231
29 159
147 277
140 270
174 304
183 313
178 308
60 190
171 301
38 168
135 265
61 191
184 314
37 167
189 319
51 181
93 223
71 201
0
58
44
17
83
42
40
82
66
48
70
50
41
42
38
25
42
70
47
58
55
14
43
23
52
29
46
55
22
77
32
83
63
58
30
27
58
55
45
38
67
55
55
31
23
64
63
50
78
80
63
