51
1627
0 2 34 23 25 15 33 38 20 5 5 35 36 34 17 14 5 31 33 24 23 6 22 34 26 2 25 28 41 21 21 17 28 36 45 32 26 16 29 28 39 20 10 27 38 17 25 29 21 12 35
2 0 35 21 26 16 34 37 20 6 5 36 36 34 19 16 7 30 32 22 21 5 22 35 24 4 26 26 40 23 19 18 30 34 44 33 24 18 27 26 39 21 12 25 37 19 23 30 19 14 36
34 35 0 53 10 45 10 28 20 38 39 4 24 19 19 21 33 33 37 50 53 40 20 3 47 32 9 38 30 13 45 20 9 43 38 11 47 40 55 50 26 14 25 55 37 19 55 7 51 23 1
23 21 53 0 43 32 48 42 33 24 22 54 44 44 40 37 28 33 33 6 0 19 35 53 14 25 44 26 45 41 11 33 50 30 45 47 14 36 7 12 46 39 33 4 38 40 2 46 2 35 53
25 26 10 43 0 37 9 24 11 29 30 12 20 15 11 13 24 26 30 41 43 31 11 11 38 23 2 29 26 5 36 10 9 36 34 9 38 32 46 41 22 5 17 46 32 11 45 4 41 15 11
15 16 45 32 37 0 46 53 34 10 12 44 51 48 26 24 13 46 48 36 32 14 36 43 39 17 36 42 56 32 34 31 37 50 60 46 39 6 39 41 54 32 20 36 53 26 34 41 31 22 46
33 34 10 48 9 46 0 18 15 38 38 14 14 9 20 22 33 23 27 44 48 39 13 13 40 31 10 29 20 14 39 16 15 33 28 1 40 41 49 43 16 14 26 49 27 20 50 5 46 24 9
38 37 28 42 24 53 18 0 20 43 42 32 4 9 34 35 41 9 11 36 42 42 18 31 28 37 26 16 3 29 31 23 33 17 10 17 28 52 38 31 4 27 35 41 9 34 43 23 40 35 27
20 20 20 33 11 34 15 20 0 25 25 23 17 14 15 15 21 16 20 30 33 25 2 22 27 18 13 19 23 11 25 3 20 26 29 14 27 32 35 30 20 9 15 35 23 15 35 13 31 15 20
5 6 38 24 29 10 38 43 25 0 2 38 41 39 20 17 5 36 38 26 24 5 27 37 30 7 29 32 46 25 25 22 31 40 50 37 30 12 31 32 44 24 13 28 43 20 26 33 22 15 39
5 5 39 22 30 12 38 42 25 2 0 39 41 39 21 18 7 35 37 24 22 3 27 38 28 7 30 31 45 26 23 22 32 39 49 37 28 14 29 30 44 25 14 26 42 21 24 34 20 16 40
35 36 4 54 12 44 14 32 23 38 39 0 28 23 18 21 33 36 40 52 54 41 23 1 49 33 10 41 34 14 47 21 7 46 42 15 49 39 57 52 30 15 25 57 41 18 56 10 52 23 5
36 36 24 44 20 51 14 4 17 41 41 28 0 5 30 32 38 12 15 38 44 41 15 27 31 35 22 19 6 25 33 20 29 21 14 13 31 49 41 34 3 23 32 43 13 30 45 19 42 32 23
34 34 19 44 15 48 9 9 14 39 39 23 5 0 25 27 35 15 19 39 44 39 12 22 34 32 17 22 11 20 34 17 24 25 19 8 34 45 44 37 7 18 29 44 18 25 46 14 42 28 18
17 19 19 40 11 26 20 34 15 20 21 18 30 25 0 3 15 31 35 40 40 23 17 17 38 15 10 34 36 6 35 12 11 41 44 20 38 21 45 41 32 7 7 44 38 0 42 15 38 5 20
14 16 21 37 13 24 22 35 15 17 18 21 32 27 3 0 12 31 35 37 37 20 17 20 36 12 12 33 38 8 33 12 14 41 44 22 36 19 42 39 34 9 4 41 38 3 39 17 35 2 22
5 7 33 28 24 13 33 41 21 5 7 33 38 35 15 12 0 34 37 29 28 10 23 32 31 4 24 32 44 20 26 18 26 40 48 33 31 11 34 33 41 19 8 32 41 15 30 28 26 10 34
31 30 33 33 26 46 23 9 16 36 35 36 12 15 31 31 34 0 4 27 33 35 15 35 19 30 28 7 12 27 22 19 35 10 14 22 19 45 29 22 13 25 31 32 7 31 34 26 31 31 32
33 32 37 33 30 48 27 11 20 38 37 40 15 19 35 35 37 4 0 27 33 37 19 39 19 33 32 7 14 31 22 23 39 6 12 26 19 48 29 22 15 29 35 32 5 35 34 30 31 35 36
24 22 50 6 41 36 44 36 30 26 24 52 38 39 40 37 29 27 27 0 6 22 31 51 8 26 42 20 39 39 5 31 48 24 39 43 8 38 5 6 40 37 33 5 32 40 7 43 5 35 50
23 21 53 0 43 32 48 42 33 24 22 54 44 44 40 37 28 33 33 6 0 19 35 53 14 25 44 26 45 41 11 33 50 30 45 47 14 36 7 12 46 39 33 4 38 40 2 46 2 35 53
6 5 40 19 31 14 39 42 25 5 3 41 41 39 23 20 10 35 37 22 19 0 27 40 25 8 31 30 45 27 20 23 34 38 49 38 25 17 26 27 44 26 16 23 42 23 21 35 17 18 41
22 22 20 35 11 36 13 18 2 27 27 23 15 12 17 17 23 15 19 31 35 27 0 22 27 20 13 18 21 12 26 5 20 25 27 12 27 34 36 30 18 10 17 36 22 17 37 13 33 17 20
34 35 3 53 11 43 13 31 22 37 38 1 27 22 17 20 32 35 39 51 53 40 22 0 48 32 9 40 33 13 46 20 6 45 41 14 48 38 56 51 29 14 24 56 40 17 55 9 51 22 4
26 24 47 14 38 39 40 28 27 30 28 49 31 34 38 36 31 19 19 8 14 25 27 48 0 27 39 12 31 36 5 28 45 16 31 39 0 42 10 3 32 34 33 13 24 38 15 40 13 35 47
2 4 32 25 23 17 31 37 18 7 7 33 35 32 15 12 4 30 33 26 25 8 20 32 27 0 23 28 40 19 22 15 26 36 44 30 27 15 31 29 38 18 8 29 37 15 27 27 23 10 33
25 26 9 44 2 36 10 26 13 29 30 10 22 17 10 12 24 28 32 42 44 31 13 9 39 23 0 31 28 4 37 11 7 38 36 11 39 31 47 42 24 5 16 47 34 10 46 5 42 14 10
28 26 38 26 29 42 29 16 19 32 31 41 19 22 34 33 32 7 7 20 26 30 18 40 12 28 31 0 19 30 15 22 38 8 19 28 12 43 22 15 20 28 31 25 12 34 27 31 24 32 38
41 40 30 45 26 56 20 3 23 46 45 34 6 11 36 38 44 12 14 39 45 45 21 33 31 40 28 19 0 31 34 26 35 19 9 19 31 55 41 34 4 29 38 44 10 36 46 25 43 38 29
21 23 13 41 5 32 14 29 11 25 26 14 25 20 6 8 20 27 31 39 41 27 12 13 36 19 4 30 31 0 34 8 9 37 39 14 36 27 44 39 27 2 12 44 34 6 43 9 39 10 14
21 19 45 11 36 34 39 31 25 25 23 47 33 34 35 33 26 22 22 5 11 20 26 46 5 22 37 15 34 34 0 26 43 21 34 38 5 37 10 7 35 32 29 10 27 35 12 38 9 31 45
17 18 20 33 10 31 16 23 3 22 22 21 20 17 12 12 18 19 23 31 33 23 5 20 28 15 11 22 26 8 26 0 17 29 32 15 28 29 36 31 23 6 12 36 26 12 35 13 31 12 20
28 30 9 50 9 37 15 33 20 31 32 7 29 24 11 14 26 35 39 48 50 34 20 6 45 26 7 38 35 9 43 17 0 45 43 16 45 32 53 48 31 11 18 53 41 11 52 10 48 16 10
36 34 43 30 36 50 33 17 26 40 39 46 21 25 41 41 40 10 6 24 30 38 25 45 16 36 38 8 19 37 21 29 45 0 15 32 16 51 26 19 21 35 39 29 9 41 31 36 29 40 42
45 44 38 45 34 60 28 10 29 50 49 42 14 19 44 44 48 14 12 39 45 49 27 41 31 44 36 19 9 39 34 32 43 15 0 27 31 59 41 34 13 37 44 44 7 44 46 33 43 44 37
32 33 11 47 9 46 1 17 14 37 37 15 13 8 20 22 33 22 26 43 47 38 12 14 39 30 11 28 19 14 38 15 16 32 27 0 39 41 48 42 15 14 26 48 26 20 49 6 45 24 10
26 24 47 14 38 39 40 28 27 30 28 49 31 34 38 36 31 19 19 8 14 25 27 48 0 27 39 12 31 36 5 28 45 16 31 39 0 42 10 3 32 34 33 13 24 38 15 40 13 35 47
16 18 40 36 32 6 41 52 32 12 14 39 49 45 21 19 11 45 48 38 36 17 34 38 42 15 31 43 55 27 37 29 32 51 59 41 42 0 43 44 52 27 17 40 52 21 38 36 34 17 41
29 27 55 7 46 39 49 38 35 31 29 57 41 44 45 42 34 29 29 5 7 26 36 56 10 31 47 22 41 44 10 36 53 26 41 48 10 43 0 7 42 42 38 3 34 45 6 48 9 40 55
28 26 50 12 41 41 43 31 30 32 30 52 34 37 41 39 33 22 22 6 12 27 30 51 3 29 42 15 34 39 7 31 48 19 34 42 3 44 7 0 35 37 36 10 27 41 13 43 11 38 50
39 39 26 46 22 54 16 4 20 44 44 30 3 7 32 34 41 13 15 40 46 44 18 29 32 38 24 20 4 27 35 23 31 21 13 15 32 52 42 35 0 25 35 45 13 32 47 21 44 35 25
20 21 14 39 5 32 14 27 9 24 25 15 23 18 7 9 19 25 29 37 39 26 10 14 34 18 5 28 29 2 32 6 11 35 37 14 34 27 42 37 25 0 12 42 32 7 41 9 37 10 15
10 12 25 33 17 20 26 35 15 13 14 25 32 29 7 4 8 31 35 33 33 16 17 24 33 8 16 31 38 12 29 12 18 39 44 26 33 17 38 36 35 12 0 37 38 7 35 21 31 2 26
27 25 55 4 46 36 49 41 35 28 26 57 43 44 44 41 32 32 32 5 4 23 36 56 13 29 47 25 44 44 10 36 53 29 44 48 13 40 3 10 45 42 37 0 37 44 3 48 6 39 55
38 37 37 38 32 53 27 9 23 43 42 41 13 18 38 38 41 7 5 32 38 42 22 40 24 37 34 12 10 34 27 26 41 9 7 26 24 52 34 27 13 32 38 37 0 38 39 31 36 38 36
17 19 19 40 11 26 20 34 15 20 21 18 30 25 0 3 15 31 35 40 40 23 17 17 38 15 10 34 36 6 35 12 11 41 44 20 38 21 45 41 32 7 7 44 38 0 42 15 38 5 20
25 23 55 2 45 34 50 43 35 26 24 56 45 46 42 39 30 34 34 7 2 21 37 55 15 27 46 27 46 43 12 35 52 31 46 49 15 38 6 13 47 41 35 3 39 42 0 48 4 37 55
29 30 7 46 4 41 5 23 13 33 34 10 19 14 15 17 28 26 30 43 46 35 13 9 40 27 5 31 25 9 38 13 10 36 33 6 40 36 48 43 21 9 21 48 31 15 48 0 44 19 7
21 19 51 2 41 31 46 40 31 22 20 52 42 42 38 35 26 31 31 5 2 17 33 51 13 23 42 24 43 39 9 31 48 29 43 45 13 34 9 11 44 37 31 6 36 38 4 44 0 33 51
12 14 23 35 15 22 24 35 15 15 16 23 32 28 5 2 10 31 35 35 35 18 17 22 35 10 14 32 38 10 31 12 16 40 44 24 35 17 40 38 35 10 2 39 38 5 37 19 33 0 24
35 36 1 53 11 46 9 27 20 39 40 5 23 18 20 22 34 32 36 50 53 41 20 4 47 33 10 38 29 14 45 20 10 42 37 10 47 41 55 50 25 15 26 55 36 20 55 7 51 24 0
0 382
274 350
3 79
67 143
65 141
271 347
259 335
62 138
145 221
10 86
289 365
272 348
105 181
226 302
34 110
128 204
89 165
279 355
219 295
161 237
164 240
123 199
99 175
290 366
239 315
142 218
118 194
286 362
67 143
165 241
83 159
259 335
34 110
110 186
219 295
239 315
197 273
7 83
148 224
12 88
9 85
288 364
196 272
187 263
179 255
264 340
55 131
217 293
9 85
22 98
201 277
0
45
63
49
18
14
24
46
63
55
36
40
40
45
15
66
80
31
73
41
47
28
40
55
57
50
73
38
59
55
60
65
66
45
54
32
53
32
54
80
44
77
65
65
67
57
74
19
43
76
28
