51
1625
0 38 36 28 41 26 34 25 43 34 27 38 19 15 25 36 18 40 22 41 26 37 22 36 23 21 49 45 31 50 29 13 41 16 10 40 18 26 19 41 12 23 23 36 26 33 28 36 37 12 27
38 0 26 30 23 12 26 32 8 32 13 1 23 24 22 37 28 40 17 41 23 28 39 20 27 20 14 7 32 14 19 49 6 36 47 7 27 13 30 13 26 17 26 33 14 6 10 7 3 38 16
36 26 0 9 6 26 2 13 23 7 30 25 20 24 14 11 40 14 21 15 42 2 21 6 14 18 28 33 51 30 38 39 24 23 39 33 18 20 18 17 27 33 13 7 29 23 24 33 23 44 35
28 30 9 0 15 23 7 4 29 6 27 29 14 18 10 10 35 14 17 15 38 10 12 12 7 14 34 37 47 36 35 30 29 14 30 37 12 19 9 23 21 29 7 8 26 25 24 35 27 38 32
41 23 6 15 0 25 8 19 19 13 29 22 23 27 17 17 42 20 22 20 41 7 27 6 19 21 22 29 50 24 37 45 20 29 45 30 23 19 23 12 30 32 18 13 28 21 24 30 20 47 34
26 12 26 23 25 0 24 22 17 29 4 12 12 12 13 33 18 37 6 38 16 27 28 20 17 9 23 19 25 24 12 37 15 25 35 15 16 6 19 19 14 7 17 31 3 7 2 12 11 27 9
34 26 2 7 8 24 0 11 23 6 28 25 18 22 12 11 38 14 19 15 40 3 19 6 12 16 28 33 49 30 36 37 24 21 37 33 16 18 16 17 25 31 11 7 27 23 23 33 23 42 33
25 32 13 4 19 22 11 0 32 10 26 31 13 16 10 11 33 15 16 16 36 14 8 16 5 13 38 39 45 39 34 26 32 10 26 37 9 19 6 27 18 28 6 12 25 26 23 34 29 35 31
43 8 23 29 19 17 23 32 0 29 20 7 26 29 23 34 35 37 21 38 31 25 40 17 28 23 6 10 40 7 27 52 2 38 51 15 30 17 32 7 31 24 27 30 20 10 15 15 6 44 24
34 32 7 6 13 29 6 10 29 0 33 31 20 24 16 5 41 9 23 10 44 6 17 12 13 20 34 39 53 36 41 36 30 20 36 39 18 23 15 23 27 35 13 2 32 29 28 39 29 44 38
27 13 30 27 29 4 28 26 20 33 0 14 16 15 17 37 15 41 10 42 12 31 32 24 21 13 26 20 21 27 8 39 18 29 37 13 20 10 23 23 16 4 21 35 2 11 6 9 14 25 5
38 1 25 29 22 12 25 31 7 31 14 0 22 24 21 36 29 39 16 40 24 27 38 19 26 19 13 8 33 13 20 48 5 35 47 8 26 12 29 12 26 18 25 32 14 5 10 8 2 39 17
19 23 20 14 23 12 18 13 26 20 16 22 0 4 6 24 21 28 6 29 24 21 16 17 8 3 32 30 33 33 23 26 25 13 25 27 4 10 7 23 7 16 7 22 14 17 13 24 21 24 20
15 24 24 18 27 12 22 16 29 24 15 24 4 0 10 27 17 31 8 32 20 25 19 21 12 6 35 31 29 36 20 25 27 14 23 27 7 12 10 26 3 13 11 26 13 19 14 24 23 20 17
25 22 14 10 17 13 12 10 23 16 17 21 6 10 0 20 26 24 7 25 28 15 17 11 5 4 29 29 37 30 25 30 22 15 30 27 7 9 9 19 13 19 4 18 16 16 14 25 19 30 22
36 37 11 10 17 33 11 11 34 5 37 36 24 27 20 0 44 4 27 5 47 10 16 17 16 24 39 44 56 41 45 35 35 21 36 44 20 28 17 28 29 39 17 4 36 34 33 44 34 46 42
18 28 40 35 42 18 38 33 35 41 15 29 21 17 26 44 0 48 20 49 8 41 35 36 29 22 41 35 13 42 12 31 33 29 28 27 24 23 27 37 15 11 28 43 15 25 20 23 29 11 13
40 40 14 14 20 37 14 15 37 9 41 39 28 31 24 4 48 0 31 1 51 13 20 20 20 28 42 47 60 44 49 39 38 25 40 47 24 32 21 31 33 43 21 7 40 37 37 47 37 50 46
22 17 21 17 22 6 19 16 21 23 10 16 6 8 7 27 20 31 0 32 21 22 22 16 11 3 27 24 30 28 18 32 19 19 31 21 10 4 13 19 10 12 11 25 9 11 7 18 15 27 15
41 41 15 15 20 38 15 16 38 10 42 40 29 32 25 5 49 1 32 0 52 13 21 21 21 29 42 48 61 44 50 40 39 26 41 48 25 33 22 32 34 44 22 8 41 38 38 48 38 51 47
26 23 42 38 41 16 40 36 31 44 12 24 24 20 28 47 8 51 21 52 0 43 39 36 32 24 37 28 9 37 5 39 29 34 36 20 27 22 30 34 20 9 31 46 13 22 18 17 26 19 7
37 28 2 10 7 27 3 14 25 6 31 27 21 25 15 10 41 13 22 13 43 0 22 8 15 19 29 35 52 31 39 40 26 24 40 35 19 21 19 19 28 34 14 6 30 25 26 35 25 45 36
22 39 21 12 27 28 19 8 40 17 32 38 16 19 17 16 35 20 22 21 39 22 0 24 12 19 46 46 48 47 39 19 39 6 20 43 12 26 9 35 20 32 13 19 30 33 29 40 36 34 36
36 20 6 12 6 20 6 16 17 12 24 19 17 21 11 17 36 20 16 21 36 8 24 0 14 15 22 27 45 24 32 40 18 24 40 27 18 14 18 11 24 27 13 13 23 17 18 27 17 41 29
23 27 14 7 19 17 12 5 28 13 21 26 8 12 5 16 29 20 11 21 32 15 12 14 0 8 34 34 41 35 29 26 27 10 26 32 5 14 4 23 14 23 1 15 20 21 18 29 24 31 26
21 20 18 14 21 9 16 13 23 20 13 19 3 6 4 24 22 28 3 29 24 19 19 15 8 0 29 27 33 30 21 29 22 16 28 24 7 7 10 20 9 15 8 22 12 14 10 21 18 26 18
49 14 28 34 22 23 28 38 6 34 26 13 32 35 29 39 41 42 27 42 37 29 46 22 34 29 0 11 46 2 33 58 8 44 57 19 36 23 38 11 37 30 33 35 26 16 21 21 12 50 30
45 7 33 37 29 19 33 39 10 39 20 8 30 31 29 44 35 47 24 48 28 35 46 27 34 27 11 0 36 10 23 56 9 43 54 8 34 20 37 17 33 24 33 40 21 13 17 12 10 45 22
31 32 51 47 50 25 49 45 40 53 21 33 33 29 37 56 13 60 30 61 9 52 48 45 41 33 46 36 0 46 13 44 38 42 41 28 36 31 39 43 28 18 40 55 22 31 27 25 34 20 16
50 14 30 36 24 24 30 39 7 36 27 13 33 36 30 41 42 44 28 44 37 31 47 24 35 30 2 10 46 0 33 59 9 45 58 18 37 24 39 13 38 31 34 37 27 17 22 21 13 51 30
29 19 38 35 37 12 36 34 27 41 8 20 23 20 25 45 12 49 18 50 5 39 39 32 29 21 33 23 13 33 0 42 25 34 39 15 27 18 30 30 20 7 29 43 9 18 14 12 21 23 3
13 49 39 30 45 37 37 26 52 36 39 48 26 25 30 35 31 39 32 40 39 40 19 40 26 29 58 56 44 59 42 0 51 16 3 52 23 36 22 49 23 36 27 38 37 43 39 48 47 24 40
41 6 24 29 20 15 24 32 2 30 18 5 25 27 22 35 33 38 19 39 29 26 39 18 27 22 8 9 38 9 25 51 0 37 50 13 28 15 31 8 29 22 26 31 18 8 13 13 4 42 22
16 36 23 14 29 25 21 10 38 20 29 35 13 14 15 21 29 25 19 26 34 24 6 24 10 16 44 43 42 45 34 16 37 0 16 40 9 23 6 33 14 27 11 22 27 30 26 37 34 28 31
10 47 39 30 45 35 37 26 51 36 37 47 25 23 30 36 28 40 31 41 36 40 20 40 26 28 57 54 41 58 39 3 50 16 0 50 23 35 22 48 21 33 27 38 35 42 37 46 46 21 37
40 7 33 37 30 15 33 37 15 39 13 8 27 27 27 44 27 47 21 48 20 35 43 27 32 24 19 8 28 18 15 52 13 40 50 0 31 18 34 20 29 17 31 40 15 12 14 4 10 37 14
18 27 18 12 23 16 16 9 30 18 20 26 4 7 7 20 24 24 10 25 27 19 12 18 5 7 36 34 36 37 27 23 28 9 23 31 0 14 3 26 9 20 5 20 18 21 17 28 25 26 24
26 13 20 19 19 6 18 19 17 23 10 12 10 12 9 28 23 32 4 33 22 21 26 14 14 7 23 20 31 24 18 36 15 23 35 18 14 0 17 15 14 13 13 25 9 7 5 16 11 31 15
19 30 18 9 23 19 16 6 32 15 23 29 7 10 9 17 27 21 13 22 30 19 9 18 4 10 38 37 39 39 30 22 31 6 22 34 3 17 0 27 12 23 5 17 21 24 20 31 28 29 27
41 13 17 23 12 19 17 27 7 23 23 12 23 26 19 28 37 31 19 32 34 19 35 11 23 20 11 17 43 13 30 49 8 33 48 20 26 15 27 0 29 26 22 24 22 12 17 20 10 46 27
12 26 27 21 30 14 25 18 31 27 16 26 7 3 13 29 15 33 10 34 20 28 20 24 14 9 37 33 28 38 20 23 29 14 21 29 9 14 12 29 0 13 14 29 14 21 16 25 25 17 17
23 17 33 29 32 7 31 28 24 35 4 18 16 13 19 39 11 43 12 44 9 34 32 27 23 15 30 24 18 31 7 36 22 27 33 17 20 13 23 26 13 0 23 37 4 14 9 13 18 21 4
23 26 13 7 18 17 11 6 27 13 21 25 7 11 4 17 28 21 11 22 31 14 13 13 1 8 33 33 40 34 29 27 26 11 27 31 5 13 5 22 14 23 0 15 20 20 18 29 23 31 26
36 33 7 8 13 31 7 12 30 2 35 32 22 26 18 4 43 7 25 8 46 6 19 13 15 22 35 40 55 37 43 38 31 22 38 40 20 25 17 24 29 37 15 0 34 30 30 40 30 46 40
26 14 29 26 28 3 27 25 20 32 2 14 14 13 16 36 15 40 9 41 13 30 30 23 20 12 26 21 22 27 9 37 18 27 35 15 18 9 21 22 14 4 20 34 0 10 5 11 14 25 6
33 6 23 25 21 7 23 26 10 29 11 5 17 19 16 34 25 37 11 38 22 25 33 17 21 14 16 13 31 17 18 43 8 30 42 12 21 7 24 12 21 14 20 30 10 0 5 11 4 34 15
28 10 24 24 24 2 23 23 15 28 6 10 13 14 14 33 20 37 7 38 18 26 29 18 18 10 21 17 27 22 14 39 13 26 37 14 17 5 20 17 16 9 18 30 5 5 0 11 9 29 11
36 7 33 35 30 12 33 34 15 39 9 8 24 24 25 44 23 47 18 48 17 35 40 27 29 21 21 12 25 21 12 48 13 37 46 4 28 16 31 20 25 13 29 40 11 11 11 0 10 33 10
37 3 23 27 20 11 23 29 6 29 14 2 21 23 19 34 29 37 15 38 26 25 36 17 24 18 12 10 34 13 21 47 4 34 46 10 25 11 28 10 25 18 23 30 14 4 9 10 0 38 19
12 38 44 38 47 27 42 35 44 44 25 39 24 20 30 46 11 50 27 51 19 45 34 41 31 26 50 45 20 51 23 24 42 28 21 37 26 31 29 46 17 21 31 46 25 34 29 33 38 0 23
27 16 35 32 34 9 33 31 24 38 5 17 20 17 22 42 13 46 15 47 7 36 36 29 26 18 30 22 16 30 3 40 22 31 37 14 24 15 27 27 17 4 26 40 6 15 11 10 19 23 0
0 327
94 257
42 205
151 314
79 242
105 268
67 230
38 201
94 257
136 299
135 298
102 265
129 292
80 243
77 240
76 239
135 298
6 169
59 222
76 239
141 304
148 311
45 208
79 242
60 223
79 242
21 184
7 170
4 167
101 264
143 306
101 264
87 250
146 309
29 192
12 175
45 208
158 321
88 251
8 171
95 258
159 322
127 290
123 286
38 201
146 309
54 217
40 203
162 325
146 309
141 304
0
30
59
45
43
83
46
51
35
35
42
69
59
69
32
21
26
56
55
41
34
35
25
58
57
63
38
70
80
39
71
80
54
41
41
49
30
26
47
57
53
46
54
56
44
59
23
68
69
67
68
