51
1624
0 31 33 15 28 10 27 17 31 40 38 20 39 36 23 35 36 35 3 15 38 12 19 23 27 21 11 34 24 40 34 27 39 30 28 40 24 12 9 20 39 22 20 31 20 22 29 28 9 15 39
31 0 5 27 34 40 13 35 18 12 15 38 14 7 29 7 10 26 34 30 15 29 38 9 4 35 28 3 43 18 6 17 17 6 7 21 18 29 33 36 11 41 11 29 20 43 25 30 25 17 11
33 5 0 26 32 43 18 34 15 15 19 42 9 3 27 10 14 23 36 29 19 28 37 12 8 33 32 4 42 13 1 15 12 11 5 16 23 33 34 35 14 40 15 27 25 47 23 28 29 18 6
15 27 26 0 14 25 29 8 18 38 38 33 29 29 8 33 34 20 18 3 38 3 11 19 24 9 23 30 16 27 27 14 26 28 21 27 30 24 9 9 37 14 19 16 28 37 14 13 19 11 32
28 34 32 14 0 38 41 13 17 46 48 47 29 34 6 41 44 13 31 13 48 16 16 30 33 8 37 36 20 26 31 17 25 38 27 23 42 38 21 10 45 18 31 7 40 50 9 4 33 23 33
10 40 43 25 38 0 33 25 41 47 44 15 49 46 33 43 43 45 7 25 44 22 26 32 36 30 13 43 29 50 44 37 49 38 38 50 29 12 17 28 47 28 29 41 25 14 39 38 15 25 49
27 13 18 29 41 33 0 37 29 14 11 26 27 18 35 12 10 36 30 32 11 30 40 11 11 38 20 14 45 31 19 25 30 7 18 34 5 21 33 38 14 43 10 37 8 32 33 37 18 18 22
17 35 34 8 13 25 37 0 26 46 46 37 37 37 11 41 42 24 18 5 46 8 3 27 32 5 28 38 8 35 35 22 34 36 29 33 38 29 8 3 45 6 27 19 35 39 18 15 25 19 40
31 18 15 18 17 41 29 26 0 30 33 44 12 17 15 25 28 8 34 21 33 21 29 18 18 21 34 19 34 9 14 4 8 23 11 9 33 35 27 23 29 32 21 12 32 49 8 13 30 17 16
40 12 15 38 46 47 14 46 30 0 6 40 23 14 41 5 4 38 43 41 6 39 49 19 14 46 34 11 54 28 16 29 27 10 19 31 18 35 43 47 1 52 20 41 22 46 37 42 32 27 18
38 15 19 38 48 44 11 46 33 6 0 37 28 19 42 9 5 41 41 41 0 39 49 19 15 47 31 15 54 32 20 31 31 10 22 35 15 32 43 47 7 52 20 43 19 43 39 44 29 27 23
20 38 42 33 47 15 26 37 44 40 37 0 49 44 41 38 36 51 20 34 37 31 39 30 34 40 10 40 43 51 43 40 50 33 38 53 22 9 29 40 40 41 27 49 18 6 46 46 14 27 48
39 14 9 29 29 49 27 37 12 23 28 49 0 9 27 19 23 18 42 32 28 32 40 19 17 33 39 13 45 5 8 15 4 20 11 8 32 40 38 35 22 43 22 23 33 54 20 25 36 24 6
36 7 3 29 34 46 18 37 17 14 19 44 9 0 30 10 14 25 39 32 19 31 40 15 10 36 34 4 45 14 3 18 13 11 8 17 23 35 37 38 13 43 17 29 26 49 25 30 31 21 4
23 29 27 8 6 33 35 11 15 41 42 41 27 30 0 36 38 13 26 8 42 11 14 24 27 6 31 31 19 24 27 12 23 32 22 22 36 32 16 8 40 17 25 8 34 45 7 5 27 17 30
35 7 10 33 41 43 12 41 25 5 9 38 19 10 36 0 4 33 38 36 9 34 44 14 9 41 31 6 49 23 11 24 22 5 14 26 17 32 38 42 4 47 15 36 20 44 32 37 28 22 14
36 10 14 34 44 43 10 42 28 4 5 36 23 14 38 4 0 36 39 37 5 35 45 15 11 43 30 10 50 27 15 27 26 6 17 30 14 31 39 43 4 48 16 39 18 42 35 40 28 23 18
35 26 23 20 13 45 36 24 8 38 41 51 18 25 13 33 36 0 38 21 41 23 27 25 26 19 41 27 32 13 22 11 14 31 19 10 40 42 29 21 37 30 28 6 39 56 6 10 37 24 23
3 34 36 18 31 7 30 18 34 43 41 20 42 39 26 38 39 38 0 18 41 15 19 26 30 23 13 37 23 43 37 30 42 33 31 43 27 13 10 21 42 21 23 34 23 21 32 31 12 18 42
15 30 29 3 13 25 32 5 21 41 41 34 32 32 8 36 37 21 18 0 41 3 8 22 27 6 24 33 13 30 30 17 29 31 24 30 33 25 8 6 40 11 22 16 30 37 15 13 21 14 35
38 15 19 38 48 44 11 46 33 6 0 37 28 19 42 9 5 41 41 41 0 39 49 19 15 47 31 15 54 32 20 31 31 10 22 35 15 32 43 47 7 52 20 43 19 43 39 44 29 27 23
12 29 28 3 16 22 30 8 21 39 39 31 32 31 11 34 35 23 15 3 39 0 11 20 25 9 21 32 16 30 29 17 29 29 23 30 30 22 6 9 38 14 20 19 27 34 17 16 18 12 34
19 38 37 11 16 26 40 3 29 49 49 39 40 40 14 44 45 27 19 8 49 11 0 30 35 8 30 41 5 38 38 25 37 39 32 36 41 31 10 6 48 3 30 22 38 40 21 18 27 22 43
23 9 12 19 30 32 11 27 18 19 19 30 19 15 24 14 15 25 26 22 19 20 30 0 5 28 20 12 35 21 13 14 20 9 8 24 15 21 24 28 18 33 3 26 14 35 22 26 17 8 18
27 4 8 24 33 36 11 32 18 14 15 34 17 10 27 9 11 26 30 27 15 25 35 5 0 32 24 7 40 20 9 16 19 5 7 23 16 25 29 33 13 38 7 28 17 39 24 29 21 13 14
21 35 33 9 8 30 38 5 21 46 47 40 33 36 6 41 43 19 23 6 47 9 8 28 32 0 30 37 13 30 33 18 29 37 28 28 39 31 13 2 45 11 28 14 36 43 13 10 27 20 36
11 28 32 23 37 13 20 28 34 34 31 10 39 34 31 31 30 41 13 24 31 21 30 20 24 30 0 31 35 41 33 30 40 26 28 43 16 1 20 30 34 33 17 39 12 15 36 36 4 17 38
34 3 4 30 36 43 14 38 19 11 15 40 13 4 31 6 10 27 37 33 15 32 41 12 7 37 31 0 46 17 5 19 16 7 9 20 19 32 36 39 10 44 14 31 22 46 27 32 28 20 8
24 43 42 16 20 29 45 8 34 54 54 43 45 45 19 49 50 32 23 13 54 16 5 35 40 13 35 46 0 43 43 30 42 44 37 41 46 36 15 11 53 2 35 27 43 43 26 23 32 27 48
40 18 13 27 26 50 31 35 9 28 32 51 5 14 24 23 27 13 43 30 32 30 38 21 20 30 41 17 43 0 12 13 1 24 13 3 35 42 36 32 27 41 24 19 35 56 17 22 38 25 11
34 6 1 27 31 44 19 35 14 16 20 43 8 3 27 11 15 22 37 30 20 29 38 13 9 33 33 5 43 12 0 15 11 12 6 15 24 34 35 35 15 41 16 26 26 48 22 27 30 19 5
27 17 15 14 17 37 25 22 4 29 31 40 15 18 12 24 27 11 30 17 31 17 25 14 16 18 30 19 30 13 15 0 12 21 10 13 29 31 23 20 28 28 17 12 28 45 8 13 26 13 18
39 17 12 26 25 49 30 34 8 27 31 50 4 13 23 22 26 14 42 29 31 29 37 20 19 29 40 16 42 1 11 12 0 23 12 4 34 41 35 31 26 40 23 19 34 55 16 21 37 24 10
30 6 11 28 38 38 7 36 23 10 10 33 20 11 32 5 6 31 33 31 10 29 39 9 5 37 26 7 44 24 12 21 23 0 12 27 12 27 33 37 9 42 10 33 15 39 29 34 23 17 15
28 7 5 21 27 38 18 29 11 19 22 38 11 8 22 14 17 19 31 24 22 23 32 8 7 28 28 9 37 13 6 10 12 12 0 16 22 29 29 30 18 35 11 22 22 43 18 23 25 13 11
40 21 16 27 23 50 34 33 9 31 35 53 8 17 22 26 30 10 43 30 35 30 36 24 23 28 43 20 41 3 15 13 4 27 16 0 38 44 36 30 30 39 27 16 38 58 15 20 39 26 14
24 18 23 30 42 29 5 38 33 18 15 22 32 23 36 17 14 40 27 33 15 30 41 15 16 39 16 19 46 35 24 29 34 12 22 38 0 17 32 39 18 44 12 41 4 28 37 40 15 19 27
12 29 33 24 38 12 21 29 35 35 32 9 40 35 32 32 31 42 13 25 32 22 31 21 25 31 1 32 36 42 34 31 41 27 29 44 17 0 21 31 35 34 18 40 13 14 37 37 5 18 39
9 33 34 9 21 17 33 8 27 43 43 29 38 37 16 38 39 29 10 8 43 6 10 24 29 13 20 36 15 36 35 23 35 33 29 36 32 21 0 11 42 13 24 24 28 31 23 21 17 16 40
20 36 35 9 10 28 38 3 23 47 47 40 35 38 8 42 43 21 21 6 47 9 6 28 33 2 30 39 11 32 35 20 31 37 30 30 39 31 11 0 46 9 28 16 36 42 15 12 27 20 38
39 11 14 37 45 47 14 45 29 1 7 40 22 13 40 4 4 37 42 40 7 38 48 18 13 45 34 10 53 27 15 28 26 9 18 30 18 35 42 46 0 51 19 40 22 46 36 41 32 26 17
22 41 40 14 18 28 43 6 32 52 52 41 43 43 17 47 48 30 21 11 52 14 3 33 38 11 33 44 2 41 41 28 40 42 35 39 44 34 13 9 51 0 33 25 41 42 24 21 30 25 46
20 11 15 19 31 29 10 27 21 20 20 27 22 17 25 15 16 28 23 22 20 20 30 3 7 28 17 14 35 24 16 17 23 10 11 27 12 18 24 28 19 33 0 29 11 32 25 28 14 8 21
31 29 27 16 7 41 37 19 12 41 43 49 23 29 8 36 39 6 34 16 43 19 22 26 28 14 39 31 27 19 26 12 19 33 22 16 41 40 24 16 40 25 29 0 40 53 4 4 35 23 28
20 20 25 28 40 25 8 35 32 22 19 18 33 26 34 20 18 39 23 30 19 27 38 14 17 36 12 22 43 35 26 28 34 15 22 38 4 13 28 36 22 41 11 40 0 24 36 38 11 17 30
22 43 47 37 50 14 32 39 49 46 43 6 54 49 45 44 42 56 21 37 43 34 40 35 39 43 15 46 43 56 48 45 55 39 43 58 28 14 31 42 46 42 32 53 24 0 51 50 19 32 53
29 25 23 14 9 39 33 18 8 37 39 46 20 25 7 32 35 6 32 15 39 17 21 22 24 13 36 27 26 17 22 8 16 29 18 15 37 37 23 15 36 24 25 4 36 51 0 5 32 19 24
28 30 28 13 4 38 37 15 13 42 44 46 25 30 5 37 40 10 31 13 44 16 18 26 29 10 36 32 23 22 27 13 21 34 23 20 40 37 21 12 41 21 28 4 38 50 5 0 32 21 29
9 25 29 19 33 15 18 25 30 32 29 14 36 31 27 28 28 37 12 21 29 18 27 17 21 27 4 28 32 38 30 26 37 23 25 39 15 5 17 27 32 30 14 35 11 19 32 32 0 13 35
15 17 18 11 23 25 18 19 17 27 27 27 24 21 17 22 23 24 18 14 27 12 22 8 13 20 17 20 27 25 19 13 24 17 13 26 19 18 16 20 26 25 8 23 17 32 19 21 13 0 24
39 11 6 32 33 49 22 40 16 18 23 48 6 4 30 14 18 23 42 35 23 34 43 18 14 36 38 8 48 11 5 18 10 15 11 14 27 39 40 38 17 46 21 28 30 53 24 29 35 24 0
0 628
81 269
75 263
337 525
215 403
292 480
18 206
138 326
384 572
381 569
140 328
251 439
400 588
46 234
71 259
64 252
92 280
204 392
22 210
398 586
2 190
119 307
173 361
233 421
103 291
318 506
106 294
303 491
160 348
249 437
131 319
387 575
116 304
205 393
79 267
437 625
265 453
273 461
31 219
43 231
45 233
189 377
411 599
248 436
100 288
337 525
184 372
389 577
290 478
170 358
95 283
0
32
52
47
61
47
64
69
71
22
26
61
58
71
81
45
52
45
80
40
24
54
39
51
73
31
72
38
13
52
81
41
72
60
45
79
72
62
35
22
62
41
20
34
37
19
39
55
60
20
71
