51
1627
0 32 19 47 10 41 17 39 44 12 17 12 40 7 16 22 5 38 29 22 28 36 48 17 9 30 19 27 21 4 39 9 36 13 31 18 42 39 30 19 26 49 29 38 26 23 36 24 7 7 30
32 0 13 16 29 10 22 9 13 30 43 25 14 29 35 12 34 13 25 29 31 5 18 15 34 14 31 34 34 36 9 30 17 33 6 14 11 8 4 31 25 19 6 19 10 11 22 20 25 30 24
19 13 0 29 16 23 14 21 26 19 32 14 22 16 25 7 21 20 21 22 27 18 30 2 23 14 20 28 26 23 21 17 20 20 13 1 24 21 12 20 22 31 11 24 8 6 25 14 12 18 22
47 16 29 0 43 14 38 16 6 46 59 41 11 44 51 28 49 13 33 45 47 11 2 30 50 23 42 50 50 51 16 44 20 46 17 29 5 8 17 42 41 3 22 30 23 27 34 31 40 46 38
10 29 16 43 0 39 22 37 40 20 27 17 34 3 25 22 7 32 19 28 34 32 43 15 19 22 9 34 29 14 37 1 27 4 26 15 38 35 26 9 31 44 27 39 20 22 40 15 8 15 35
41 10 23 14 39 0 28 2 8 36 50 32 18 38 41 19 43 18 35 33 33 8 16 25 41 24 41 37 39 43 2 40 25 43 16 24 9 7 14 41 28 17 12 16 20 18 20 30 34 37 24
17 22 14 38 22 28 0 26 35 8 22 5 34 19 13 10 21 32 34 8 14 27 40 14 14 28 30 14 12 16 26 21 34 25 25 15 33 30 24 30 9 41 17 21 22 11 19 27 14 10 13
39 9 21 16 37 2 26 0 10 34 48 30 19 36 39 17 41 19 34 31 31 9 18 23 39 23 40 35 37 41 0 38 26 41 15 22 11 9 13 40 26 19 10 14 19 16 18 29 32 35 22
44 13 26 6 40 8 35 10 0 43 56 38 12 41 48 25 46 14 34 41 41 8 8 27 47 23 41 45 47 48 10 41 21 43 15 26 2 5 14 41 36 9 19 24 20 24 28 30 37 43 32
12 30 19 46 20 36 8 34 43 0 14 5 41 17 6 18 16 39 37 10 16 35 48 19 6 33 29 15 9 11 34 19 39 23 32 20 41 38 31 29 15 49 25 29 27 19 27 30 13 5 20
17 43 32 59 27 50 22 48 56 14 0 18 54 24 10 31 21 52 46 21 25 48 61 31 9 44 36 22 15 13 48 26 50 29 45 32 54 51 44 36 26 62 38 42 40 32 38 40 22 14 31
12 25 14 41 17 32 5 30 38 5 18 0 36 14 11 13 16 34 32 11 17 30 43 14 9 28 26 17 13 11 30 16 34 20 27 15 36 33 26 26 14 44 20 26 22 14 24 25 9 5 18
40 14 22 11 34 18 34 19 12 41 54 36 0 35 47 24 40 2 22 41 45 10 10 23 45 12 31 47 46 44 19 34 9 36 9 22 10 11 11 31 39 11 20 32 14 23 36 20 33 40 38
7 29 16 44 3 38 19 36 41 17 24 14 35 0 22 21 5 33 22 25 31 33 44 14 16 23 12 31 26 11 36 2 29 6 27 15 39 36 27 12 28 45 26 38 21 21 38 17 5 12 32
16 35 25 51 25 41 13 39 48 6 10 11 47 22 0 23 21 45 42 11 16 40 53 25 7 39 34 13 6 13 39 24 45 28 38 26 46 43 37 34 16 54 30 32 33 24 28 36 18 10 21
22 12 7 28 22 19 10 17 25 18 31 13 24 21 23 0 25 22 28 17 21 17 30 8 22 19 27 23 22 24 17 22 25 26 15 8 23 20 14 27 15 31 7 17 13 1 18 21 16 18 15
5 34 21 49 7 43 21 41 46 16 21 16 40 5 21 25 0 38 26 26 32 38 49 19 14 28 16 31 25 8 41 6 34 8 32 20 44 41 32 16 30 50 31 42 26 25 40 22 9 11 34
38 13 20 13 32 18 32 19 14 39 52 34 2 33 45 22 38 0 20 39 43 10 12 21 43 10 29 45 44 42 19 32 7 34 7 20 12 12 9 29 37 13 18 32 12 21 35 18 31 38 36
29 25 21 33 19 35 34 34 34 37 46 32 22 22 42 28 26 20 0 42 48 27 32 20 37 11 11 48 45 33 34 20 13 19 19 20 32 30 21 11 42 33 29 44 17 27 46 7 24 32 43
22 29 22 45 28 33 8 31 41 10 21 11 41 25 11 17 26 39 42 0 6 34 47 22 16 36 37 6 6 21 31 27 42 31 32 23 40 37 31 37 5 48 23 21 30 18 17 35 20 15 10
28 31 27 47 34 33 14 31 41 16 25 17 45 31 16 21 32 43 48 6 0 36 49 28 22 40 43 4 10 27 31 33 46 37 36 28 42 39 34 43 6 50 25 20 34 22 16 41 26 21 9
36 5 18 11 32 8 27 9 8 35 48 30 10 33 40 17 38 10 27 34 36 0 13 19 39 16 33 39 39 40 9 33 17 35 8 18 6 3 6 33 30 14 11 22 12 16 26 22 29 35 28
48 18 30 2 43 16 40 18 8 48 61 43 10 44 53 30 49 12 32 47 49 13 0 31 52 22 41 52 52 52 18 44 19 46 17 30 7 10 18 41 43 1 24 32 23 29 36 30 41 48 40
17 15 2 30 15 25 14 23 27 19 31 14 23 14 25 8 19 21 20 22 28 19 31 0 22 14 19 28 26 21 23 15 20 18 14 1 25 22 13 19 22 32 13 25 9 8 26 13 10 17 23
9 34 23 50 19 41 14 39 47 6 9 9 45 16 7 22 14 43 37 16 22 39 52 22 0 35 28 20 13 6 39 18 41 22 36 23 45 42 35 28 21 53 29 35 31 23 33 31 13 5 26
30 14 14 23 22 24 28 23 23 33 44 28 12 23 39 19 28 10 11 36 40 16 22 14 35 0 19 42 40 34 23 22 6 24 8 13 21 19 10 19 34 23 18 33 6 18 35 8 23 30 34
19 31 20 42 9 41 30 40 41 29 36 26 31 12 34 27 16 29 11 37 43 33 41 19 28 19 0 43 38 23 40 10 23 8 26 19 39 36 27 0 39 42 31 44 21 26 45 11 17 24 42
27 34 28 50 34 37 14 35 45 15 22 17 47 31 13 23 31 45 48 6 4 39 52 28 20 42 43 0 7 26 35 33 48 37 38 29 45 42 37 43 9 53 28 24 36 24 20 41 26 20 13
21 34 26 50 29 39 12 37 47 9 15 13 46 26 6 22 25 44 45 6 10 39 52 26 13 40 38 7 0 19 37 28 46 32 37 27 45 42 36 38 11 53 29 27 34 23 23 38 22 14 16
4 36 23 51 14 43 16 41 48 11 13 11 44 11 13 24 8 42 33 21 27 40 52 21 6 34 23 26 19 0 41 13 40 16 35 22 46 43 34 23 25 53 31 37 30 25 35 28 11 6 29
39 9 21 16 37 2 26 0 10 34 48 30 19 36 39 17 41 19 34 31 31 9 18 23 39 23 40 35 37 41 0 38 26 41 15 22 11 9 13 40 26 19 10 14 19 16 18 29 32 35 22
9 30 17 44 1 40 21 38 41 19 26 16 34 2 24 22 6 32 20 27 33 33 44 15 18 22 10 33 28 13 38 0 28 4 27 16 39 36 27 10 30 45 28 39 21 22 40 16 7 14 34
36 17 20 20 27 25 34 26 21 39 50 34 9 29 45 25 34 7 13 42 46 17 19 20 41 6 23 48 46 40 26 28 0 29 11 19 19 19 13 23 40 20 22 36 12 24 39 13 29 36 40
13 33 20 46 4 43 25 41 43 23 29 20 36 6 28 26 8 34 19 31 37 35 46 18 22 24 8 37 32 16 41 4 29 0 29 19 41 38 29 8 34 47 31 43 23 26 44 16 11 18 38
31 6 13 17 26 16 25 15 15 32 45 27 9 27 38 15 32 7 19 32 36 8 17 14 36 8 26 38 37 35 15 27 11 29 0 13 13 11 2 26 30 18 11 25 6 14 28 15 24 31 29
18 14 1 29 15 24 15 22 26 20 32 15 22 15 26 8 20 20 20 23 28 18 30 1 23 13 19 29 27 22 22 16 19 19 13 0 24 21 12 19 23 31 12 25 8 7 26 13 11 18 23
42 11 24 5 38 9 33 11 2 41 54 36 10 39 46 23 44 12 32 40 42 6 7 25 45 21 39 45 45 46 11 39 19 41 13 24 0 3 12 39 36 8 17 25 18 22 29 28 35 41 33
39 8 21 8 35 7 30 9 5 38 51 33 11 36 43 20 41 12 30 37 39 3 10 22 42 19 36 42 42 43 9 36 19 38 11 21 3 0 9 36 33 11 14 23 15 19 27 25 32 38 30
30 4 12 17 26 14 24 13 14 31 44 26 11 27 37 14 32 9 21 31 34 6 18 13 35 10 27 37 36 34 13 27 13 29 2 12 12 9 0 27 28 19 9 23 6 13 26 16 23 30 27
19 31 20 42 9 41 30 40 41 29 36 26 31 12 34 27 16 29 11 37 43 33 41 19 28 19 0 43 38 23 40 10 23 8 26 19 39 36 27 0 39 42 31 44 21 26 45 11 17 24 42
26 25 22 41 31 28 9 26 36 15 26 14 39 28 16 15 30 37 42 5 6 30 43 22 21 34 39 9 11 25 26 30 40 34 30 23 36 33 28 39 0 44 19 16 28 16 12 35 23 19 5
49 19 31 3 44 17 41 19 9 49 62 44 11 45 54 31 50 13 33 48 50 14 1 32 53 23 42 53 53 53 19 45 20 47 18 31 8 11 19 42 44 0 25 33 24 30 37 31 42 49 41
29 6 11 22 27 12 17 10 19 25 38 20 20 26 30 7 31 18 29 23 25 11 24 13 29 18 31 28 29 31 10 28 22 31 11 12 17 14 9 31 19 25 0 15 12 6 17 22 22 25 18
38 19 24 30 39 16 21 14 24 29 42 26 32 38 32 17 42 32 44 21 20 22 32 25 35 33 44 24 27 37 14 39 36 43 25 25 25 23 23 44 16 33 15 0 27 18 4 37 33 31 11
26 10 8 23 20 20 22 19 20 27 40 22 14 21 33 13 26 12 17 30 34 12 23 9 31 6 21 36 34 30 19 21 12 23 6 8 18 15 6 21 28 24 12 27 0 12 29 10 19 26 28
23 11 6 27 22 18 11 16 24 19 32 14 23 21 24 1 25 21 27 18 22 16 29 8 23 18 26 24 23 25 16 22 24 26 14 7 22 19 13 26 16 30 6 18 12 0 19 20 16 19 16
36 22 25 34 40 20 19 18 28 27 38 24 36 38 28 18 40 35 46 17 16 26 36 26 33 35 45 20 23 35 18 40 39 44 28 26 29 27 26 45 12 37 17 4 29 19 0 39 33 29 7
24 20 14 31 15 30 27 29 30 30 40 25 20 17 36 21 22 18 7 35 41 22 30 13 31 8 11 41 38 28 29 16 13 16 15 13 28 25 16 11 35 31 22 37 10 20 39 0 18 26 36
7 25 12 40 8 34 14 32 37 13 22 9 33 5 18 16 9 31 24 20 26 29 41 10 13 23 17 26 22 11 32 7 29 11 24 11 35 32 23 17 23 42 22 33 19 16 33 18 0 8 27
7 30 18 46 15 37 10 35 43 5 14 5 40 12 10 18 11 38 32 15 21 35 48 17 5 30 24 20 14 6 35 14 36 18 31 18 41 38 30 24 19 49 25 31 26 19 29 26 8 0 23
30 24 22 38 35 24 13 22 32 20 31 18 38 32 21 15 34 36 43 10 9 28 40 23 26 34 42 13 16 29 22 34 40 38 29 23 33 30 27 42 5 41 18 11 28 16 7 36 27 23 0
0 600
238 538
195 495
176 476
132 432
100 400
117 417
209 509
258 558
74 374
126 426
57 357
242 542
23 323
177 477
257 557
129 429
210 510
146 446
216 516
114 414
179 479
128 428
117 417
288 588
220 520
125 425
42 342
122 422
207 507
180 480
157 457
88 388
134 434
177 477
45 345
246 546
297 597
281 581
194 494
198 498
162 462
218 518
230 530
3 303
119 419
129 429
221 521
4 304
204 504
261 561
0
64
55
20
28
48
47
35
79
79
28
18
67
23
68
63
40
76
26
55
63
59
52
57
36
46
47
38
31
41
69
56
80
79
38
18
51
20
35
74
37
56
80
83
71
56
32
23
53
81
21
