51
1625
0 37 17 6 12 20 30 23 20 38 28 32 19 7 23 8 35 41 6 26 27 20 8 11 5 27 33 33 17 26 14 5 8 39 27 14 36 18 42 41 30 29 32 37 32 12 11 30 24 7 18
37 0 32 43 46 17 24 32 55 5 16 7 45 32 33 29 2 11 32 45 17 32 36 39 35 33 22 22 20 11 24 42 35 6 46 32 5 19 11 10 11 24 7 0 14 34 46 15 13 43 19
17 32 0 23 17 23 38 36 37 31 31 32 36 20 36 16 30 30 13 13 31 3 24 27 12 40 39 39 19 22 20 20 23 31 14 3 29 16 31 30 33 13 32 32 21 5 28 19 22 19 21
6 43 23 0 12 26 33 24 15 44 32 38 16 11 23 14 41 47 12 29 31 26 9 10 11 27 36 36 23 32 19 3 10 45 30 20 42 24 48 47 36 35 38 43 38 18 6 36 30 5 24
12 46 17 12 0 30 42 35 26 46 38 42 28 19 35 18 44 46 14 17 37 20 20 22 11 39 45 45 27 35 24 9 20 47 18 15 44 27 47 46 40 30 42 46 37 13 18 35 33 7 28
20 17 23 26 30 0 15 19 38 20 8 12 29 15 20 12 16 24 16 36 8 25 19 22 19 22 16 16 4 8 7 25 18 21 37 21 18 7 25 24 10 24 12 17 18 22 29 17 5 27 2
30 24 38 33 42 15 0 12 39 29 8 17 26 23 13 24 25 35 28 51 7 40 24 24 31 11 3 3 19 23 19 34 23 30 52 36 28 22 35 34 13 39 17 24 33 36 33 32 20 36 17
23 32 36 24 35 19 12 0 27 37 16 25 14 16 1 20 33 43 23 47 15 39 15 14 26 4 15 15 21 27 17 26 15 38 48 33 36 24 43 42 21 41 25 32 37 32 23 36 24 28 20
20 55 37 15 26 38 39 27 0 57 41 50 13 23 26 28 53 61 26 43 40 40 19 17 25 30 42 42 35 45 31 18 20 58 44 34 55 37 62 61 46 49 50 55 52 32 9 50 42 20 36
38 5 31 44 46 20 29 37 57 0 21 12 49 34 38 30 4 6 33 43 22 30 38 41 36 38 27 27 22 12 26 43 37 1 44 32 2 20 6 5 16 21 12 5 11 33 48 13 15 44 21
28 16 31 32 38 8 8 16 41 21 0 9 29 21 17 20 17 27 24 44 1 33 23 24 27 17 9 9 12 15 14 33 22 22 45 29 20 15 27 26 5 31 9 16 25 30 33 24 12 35 10
32 7 32 38 42 12 17 25 50 12 9 0 38 27 26 24 8 18 28 45 10 33 31 33 31 26 15 15 16 11 19 37 30 13 46 31 11 16 18 17 4 27 0 7 18 32 41 19 10 39 14
19 45 36 16 28 29 26 14 13 49 29 38 0 16 13 21 45 53 23 45 28 39 12 9 24 17 29 29 27 37 23 19 13 50 46 33 47 30 54 53 34 44 38 45 45 31 12 43 34 21 28
7 32 20 11 19 15 23 16 23 34 21 27 16 0 17 5 30 38 7 31 20 23 4 7 10 20 26 26 12 22 8 12 3 35 32 17 32 14 39 38 25 28 27 32 29 16 14 27 19 14 13
23 33 36 23 35 20 13 1 26 38 17 26 13 17 0 20 34 44 24 48 16 39 15 13 27 4 16 16 22 28 18 26 15 39 49 33 37 25 44 43 22 42 26 33 38 33 22 37 25 28 21
8 29 16 14 18 12 24 20 28 30 20 24 21 5 20 0 27 34 4 28 19 19 9 12 7 24 27 27 9 18 6 13 8 31 29 13 28 10 35 34 22 23 24 29 25 13 19 23 16 15 10
35 2 30 41 44 16 25 33 53 4 17 8 45 30 34 27 0 10 30 43 18 30 34 37 33 34 23 23 18 9 22 40 33 5 44 30 3 17 10 9 12 22 8 2 12 32 44 13 11 41 17
41 11 30 47 46 24 35 43 61 6 27 18 53 38 44 34 10 0 35 41 28 28 42 45 37 44 33 33 26 16 30 45 41 5 41 31 8 24 1 1 22 18 18 11 9 33 52 11 19 46 25
6 32 13 12 14 16 28 23 26 33 24 28 23 7 24 4 30 35 0 24 23 16 11 14 3 27 31 31 13 21 10 10 10 34 25 10 31 13 36 35 26 23 28 32 26 9 17 24 19 11 14
26 45 13 29 17 36 51 47 43 43 44 45 45 31 48 28 43 41 24 0 44 13 34 37 22 51 52 52 32 35 32 26 34 42 1 16 41 29 42 41 46 23 45 45 32 15 35 30 35 24 34
27 17 31 31 37 8 7 15 40 22 1 10 28 20 16 19 18 28 23 44 0 33 22 23 26 16 8 8 12 16 13 32 21 23 45 29 21 15 28 27 6 32 10 17 26 30 32 25 13 34 10
20 32 3 26 20 25 40 39 40 30 33 33 39 23 39 19 30 28 16 13 33 0 27 30 15 43 41 41 21 22 22 23 26 29 14 6 28 18 29 28 34 10 33 32 19 8 31 17 23 22 23
8 36 24 9 20 19 24 15 19 38 23 31 12 4 15 9 34 42 11 34 22 27 0 3 13 19 27 27 16 26 12 11 1 39 35 21 36 18 43 42 28 32 31 36 33 20 10 31 23 13 17
11 39 27 10 22 22 24 14 17 41 24 33 9 7 13 12 37 45 14 37 23 30 3 0 16 17 27 27 19 29 15 13 4 42 38 24 39 21 46 45 29 35 33 39 36 23 9 34 26 15 20
5 35 12 11 11 19 31 26 25 36 27 31 24 10 27 7 33 37 3 22 26 15 13 16 0 30 34 34 16 24 13 8 12 37 23 9 34 16 38 37 29 24 31 35 28 7 16 26 22 9 17
27 33 40 27 39 22 11 4 30 38 17 26 17 20 4 24 34 44 27 51 16 43 19 17 30 0 14 14 24 30 21 30 19 39 52 37 37 27 44 43 22 44 26 33 40 36 26 39 27 32 23
33 22 39 36 45 16 3 15 42 27 9 15 29 26 16 27 23 33 31 52 8 41 27 27 34 14 0 0 20 24 21 37 26 28 53 37 26 23 33 32 11 40 15 22 33 38 36 33 21 39 18
33 22 39 36 45 16 3 15 42 27 9 15 29 26 16 27 23 33 31 52 8 41 27 27 34 14 0 0 20 24 21 37 26 28 53 37 26 23 33 32 11 40 15 22 33 38 36 33 21 39 18
17 20 19 23 27 4 19 21 35 22 12 16 27 12 22 9 18 26 13 32 12 21 16 19 16 24 20 20 0 10 4 22 15 23 33 17 20 3 27 26 14 20 16 20 18 18 26 16 7 24 2
26 11 22 32 35 8 23 27 45 12 15 11 37 22 28 18 9 16 21 35 16 22 26 29 24 30 24 24 10 0 14 31 25 13 36 21 10 8 17 16 14 16 11 11 10 23 36 9 3 32 9
14 24 20 19 24 7 19 17 31 26 14 19 23 8 18 6 22 30 10 32 13 22 12 15 13 21 21 21 4 14 0 19 11 27 33 17 24 7 31 30 17 24 19 24 22 17 22 20 11 21 5
5 42 20 3 9 25 34 26 18 43 33 37 19 12 26 13 40 45 10 26 32 23 11 13 8 30 37 37 22 31 19 0 11 44 27 17 41 23 46 45 35 32 37 42 36 15 9 34 29 2 23
8 35 23 10 20 18 23 15 20 37 22 30 13 3 15 8 33 41 10 34 21 26 1 4 12 19 26 26 15 25 11 11 0 38 35 20 35 17 42 41 27 31 30 35 32 19 11 30 22 13 16
39 6 31 45 47 21 30 38 58 1 22 13 50 35 39 31 5 5 34 42 23 29 39 42 37 39 28 28 23 13 27 44 38 0 43 32 3 21 5 4 17 20 13 6 10 34 49 12 16 45 22
27 46 14 30 18 37 52 48 44 44 45 46 46 32 49 29 44 41 25 1 45 14 35 38 23 52 53 53 33 36 33 27 35 43 0 17 42 30 42 42 47 23 46 46 33 16 36 31 36 25 35
14 32 3 20 15 21 36 33 34 32 29 31 33 17 33 13 30 31 10 16 29 6 21 24 9 37 37 37 17 21 17 17 20 32 17 0 30 15 32 31 31 15 31 32 22 2 25 20 21 16 19
36 5 29 42 44 18 28 36 55 2 20 11 47 32 37 28 3 8 31 41 21 28 36 39 34 37 26 26 20 10 24 41 35 3 42 30 0 18 8 7 15 19 11 5 9 31 46 11 13 42 19
18 19 16 24 27 7 22 24 37 20 15 16 30 14 25 10 17 24 13 29 15 18 18 21 16 27 23 23 3 8 7 23 17 21 30 15 18 0 25 24 17 17 16 19 15 16 28 13 6 24 5
42 11 31 48 47 25 35 43 62 6 27 18 54 39 44 35 10 1 36 42 28 29 43 46 38 44 33 33 27 17 31 46 42 5 42 32 8 25 0 1 22 19 18 11 10 34 53 12 20 47 26
41 10 30 47 46 24 34 42 61 5 26 17 53 38 43 34 9 1 35 41 27 28 42 45 37 43 32 32 26 16 30 45 41 4 42 31 7 24 1 0 21 19 17 10 9 33 52 11 19 46 25
30 11 33 36 40 10 13 21 46 16 5 4 34 25 22 22 12 22 26 46 6 34 28 29 29 22 11 11 14 14 17 35 27 17 47 31 15 17 22 21 0 30 4 11 22 32 38 22 11 37 12
29 24 13 35 30 24 39 41 49 21 31 27 44 28 42 23 22 18 23 23 32 10 32 35 24 44 40 40 20 16 24 32 31 20 23 15 19 17 19 19 30 0 27 24 10 17 40 9 19 31 22
32 7 32 38 42 12 17 25 50 12 9 0 38 27 26 24 8 18 28 45 10 33 31 33 31 26 15 15 16 11 19 37 30 13 46 31 11 16 18 17 4 27 0 7 18 32 41 19 10 39 14
37 0 32 43 46 17 24 32 55 5 16 7 45 32 33 29 2 11 32 45 17 32 36 39 35 33 22 22 20 11 24 42 35 6 46 32 5 19 11 10 11 24 7 0 14 34 46 15 13 43 19
32 14 21 38 37 18 33 37 52 11 25 18 45 29 38 25 12 9 26 32 26 19 33 36 28 40 33 33 18 10 22 36 32 10 33 22 9 15 10 9 22 10 18 14 0 24 43 2 13 37 19
12 34 5 18 13 22 36 32 32 33 30 32 31 16 33 13 32 33 9 15 30 8 20 23 7 36 38 38 18 23 17 15 19 34 16 2 31 16 34 33 32 17 32 34 24 0 23 22 22 14 20
11 46 28 6 18 29 33 23 9 48 33 41 12 14 22 19 44 52 17 35 32 31 10 9 16 26 36 36 26 36 22 9 11 49 36 25 46 28 53 52 38 40 41 46 43 23 0 41 33 11 27
30 15 19 36 35 17 32 36 50 13 24 19 43 27 37 23 13 11 24 30 25 17 31 34 26 39 33 33 16 9 20 34 30 12 31 20 11 13 12 11 22 9 19 15 2 22 41 0 12 35 17
24 13 22 30 33 5 20 24 42 15 12 10 34 19 25 16 11 19 19 35 13 23 23 26 22 27 21 21 7 3 11 29 22 16 36 21 13 6 20 19 11 19 10 13 13 22 33 12 0 30 6
7 43 19 5 7 27 36 28 20 44 35 39 21 14 28 15 41 46 11 24 34 22 13 15 9 32 39 39 24 32 21 2 13 45 25 16 42 24 47 46 37 31 39 43 37 14 11 35 30 0 25
18 19 21 24 28 2 17 20 36 21 10 14 28 13 21 10 17 25 14 34 10 23 17 20 17 23 18 18 2 9 5 23 16 22 35 19 19 5 26 25 12 22 14 19 19 20 27 17 6 25 0
0 546
238 401
380 543
0 163
5 168
9 172
165 328
104 267
204 367
248 411
374 537
180 343
219 382
356 519
2 165
63 226
106 269
313 476
197 360
247 410
43 206
54 217
259 422
158 321
331 494
339 502
78 241
342 505
39 202
109 272
291 454
351 514
252 415
57 220
95 258
6 169
289 452
8 171
249 412
216 379
76 239
98 261
251 414
37 200
172 335
9 172
129 292
36 199
178 341
203 366
145 308
0
61
70
78
68
41
86
48
78
77
78
46
51
30
63
29
40
33
64
45
60
38
57
59
52
71
48
19
37
39
19
62
20
28
16
83
45
21
68
38
46
38
75
83
16
59
67
35
29
31
54
