51
1626
0 4 29 34 10 9 32 20 35 10 18 17 28 22 34 15 38 19 23 13 27 13 10 11 14 15 5 28 9 39 9 34 15 31 19 24 21 29 2 26 22 21 25 19 14 7 15 18 18 11 20
4 0 25 33 6 6 30 22 33 13 17 16 24 20 32 15 34 17 19 17 25 15 14 11 10 15 9 24 5 37 13 30 13 27 15 26 17 25 6 22 20 20 27 15 13 7 13 15 20 15 21
29 25 0 34 19 23 16 34 19 35 26 26 14 14 23 38 19 17 10 40 12 34 39 35 17 37 34 3 22 18 36 6 28 17 10 37 14 7 31 17 14 24 36 17 25 31 18 23 34 40 31
34 33 34 0 32 39 20 18 21 28 16 17 46 20 12 48 53 21 40 32 22 24 37 44 37 48 37 31 38 27 30 40 46 49 33 17 42 41 34 47 20 14 14 43 20 40 24 47 20 38 16
10 6 19 32 0 7 25 23 28 17 16 15 20 15 27 21 30 12 14 21 20 17 20 17 6 21 15 18 6 32 17 24 14 23 9 26 13 20 12 18 15 18 27 12 12 13 8 16 21 21 20
9 6 23 39 7 0 32 28 35 19 23 22 19 22 34 15 29 19 15 22 27 21 18 12 6 14 12 23 1 38 18 26 7 22 13 32 12 21 11 17 22 25 33 10 19 8 15 9 26 19 27
32 30 16 20 25 32 0 28 3 32 21 22 30 10 8 45 35 13 25 37 6 30 41 41 28 45 37 13 31 8 34 22 39 33 21 31 29 23 34 32 10 18 29 32 21 37 17 38 29 42 25
20 22 34 18 23 28 28 0 31 11 8 8 40 20 25 33 50 17 34 14 25 7 20 29 29 33 22 31 27 36 13 40 35 43 27 4 36 38 19 41 20 10 5 35 11 26 17 37 2 21 3
35 33 19 21 28 35 3 31 0 35 24 25 33 13 9 48 37 16 28 40 9 33 44 44 31 48 40 16 34 6 37 23 42 36 24 34 32 26 37 35 13 21 32 35 24 40 20 41 32 45 28
10 13 35 28 17 19 32 11 35 0 14 13 36 22 32 22 46 19 31 5 27 4 9 18 22 22 11 32 18 39 2 41 25 39 26 15 29 37 8 34 22 17 16 28 11 15 17 28 9 10 12
18 17 26 16 16 23 21 8 24 14 0 1 33 12 18 32 43 9 27 19 17 10 23 28 22 32 21 23 22 29 16 32 30 36 20 11 29 31 18 34 12 3 12 28 4 24 10 32 9 24 5
17 16 26 17 15 22 22 8 25 13 1 0 32 12 19 31 42 9 26 18 17 9 22 27 21 31 20 23 21 29 15 32 29 35 19 11 28 30 17 33 12 4 12 27 3 23 9 31 8 23 5
28 24 14 46 20 19 30 40 33 36 33 32 0 26 37 32 10 25 6 40 26 37 37 31 14 31 31 17 19 31 36 12 21 3 13 43 7 7 30 4 26 33 44 10 30 27 23 15 40 38 37
22 20 14 20 15 22 10 20 13 22 12 12 26 0 12 35 33 3 20 27 5 20 31 31 19 35 27 11 21 17 24 20 29 29 13 23 22 21 24 27 0 10 22 24 11 27 7 29 20 32 17
34 32 23 12 27 34 8 25 9 32 18 19 37 12 0 47 42 15 31 37 11 28 41 43 31 47 38 20 33 15 34 29 41 40 25 26 34 30 35 38 12 15 23 36 21 39 19 41 26 42 22
15 15 38 48 21 15 45 33 48 22 32 31 32 35 47 0 41 32 29 21 40 26 15 4 21 1 11 38 16 52 20 40 11 34 28 37 25 35 14 28 35 35 38 22 28 8 28 17 31 14 33
38 34 19 53 30 29 35 50 37 46 43 42 10 33 42 41 0 34 16 50 31 47 47 41 24 40 41 22 29 34 46 14 30 7 23 53 17 12 40 13 33 42 54 20 40 37 33 24 50 48 47
19 17 17 21 12 19 13 17 16 19 9 9 25 3 15 32 34 0 19 24 8 17 28 28 17 32 24 14 18 20 21 23 26 28 12 20 21 22 21 26 3 8 20 23 8 24 4 27 17 29 14
23 19 10 40 14 15 25 34 28 31 27 26 6 20 31 29 16 19 0 35 20 31 32 27 9 28 26 12 14 27 31 11 18 9 7 37 4 6 25 7 20 27 38 7 24 23 17 13 34 33 31
13 17 40 32 21 22 37 14 40 5 19 18 40 27 37 21 50 24 35 0 32 9 6 18 26 22 11 37 22 44 4 45 27 43 30 18 33 41 11 38 27 22 19 32 16 17 22 31 12 7 16
27 25 12 22 20 27 6 25 9 27 17 17 26 5 11 40 31 8 20 32 0 25 36 36 22 40 32 9 26 12 29 18 34 29 15 28 24 19 29 27 5 15 27 26 16 32 12 32 25 37 22
13 15 34 24 17 21 30 7 33 4 10 9 37 20 28 26 47 17 31 9 25 0 13 22 23 26 15 31 20 37 6 40 28 40 25 11 30 36 12 35 20 13 12 29 9 19 16 30 5 14 8
10 14 39 37 20 18 41 20 44 9 23 22 37 31 41 15 47 28 32 6 36 13 0 12 23 16 6 38 18 48 7 43 22 40 29 24 30 38 8 35 31 26 25 28 20 12 24 27 18 1 21
11 11 35 44 17 12 41 29 44 18 28 27 31 31 43 4 41 28 27 18 36 22 12 0 18 4 7 35 13 48 16 38 12 34 25 33 24 33 10 28 31 31 34 22 24 4 24 18 27 11 29
14 10 17 37 6 6 28 29 31 22 22 21 14 19 31 21 24 17 9 26 22 23 23 18 0 20 17 17 5 32 22 20 12 17 7 32 7 15 16 12 19 23 33 6 18 14 13 10 27 24 26
15 15 37 48 21 14 45 33 48 22 32 31 31 35 47 1 40 32 28 22 40 26 16 4 20 0 11 37 15 52 20 39 10 33 27 37 24 34 14 27 35 35 38 21 28 8 28 16 31 15 33
5 9 34 37 15 12 37 22 40 11 21 20 31 27 38 11 41 24 26 11 32 15 6 7 17 11 0 33 12 44 9 37 16 34 24 26 24 32 3 29 27 24 27 22 17 6 20 21 20 7 22
28 24 3 31 18 23 13 31 16 32 23 23 17 11 20 38 22 14 12 37 9 31 38 35 17 37 33 0 22 15 34 9 29 20 10 34 16 10 30 19 11 21 33 19 22 31 15 25 31 39 28
9 5 22 38 6 1 31 27 34 18 22 21 19 21 33 16 29 18 14 22 26 20 18 13 5 15 12 22 0 37 18 25 8 22 12 31 12 20 11 17 21 24 32 10 18 9 14 10 25 19 26
39 37 18 27 32 38 8 36 6 39 29 29 31 17 15 52 34 20 27 44 12 37 48 48 32 52 44 15 37 0 41 20 44 34 25 39 31 24 41 34 17 26 37 34 28 44 24 40 37 49 33
9 13 36 30 17 18 34 13 37 2 16 15 36 24 34 20 46 21 31 4 29 6 7 16 22 20 9 34 18 41 0 41 24 39 26 17 29 37 7 34 24 19 18 28 13 14 19 27 11 8 14
34 30 6 40 24 26 22 40 23 41 32 32 12 20 29 40 14 23 11 45 18 40 43 38 20 39 37 9 25 20 41 0 29 14 15 43 15 5 36 16 20 30 42 18 31 34 24 24 40 44 37
15 13 28 46 14 7 39 35 42 25 30 29 21 29 41 11 30 26 18 27 34 28 22 12 12 10 16 29 8 44 24 29 0 23 19 39 14 24 17 17 29 32 40 11 26 10 22 6 33 22 34
31 27 17 49 23 22 33 43 36 39 36 35 3 29 40 34 7 28 9 43 29 40 40 34 17 33 34 20 22 34 39 14 23 0 16 46 10 10 33 6 29 36 47 13 33 30 26 17 43 41 40
19 15 10 33 9 13 21 27 24 26 20 19 13 13 25 28 23 12 7 30 15 25 29 25 7 27 24 10 12 25 26 15 19 16 0 30 9 11 21 14 13 20 31 11 17 21 10 17 27 30 24
24 26 37 17 26 32 31 4 34 15 11 11 43 23 26 37 53 20 37 18 28 11 24 33 32 37 26 34 31 39 17 43 39 46 30 0 39 41 23 44 23 13 3 38 14 30 20 41 6 25 6
21 17 14 42 13 12 29 36 32 29 29 28 7 22 34 25 17 21 4 33 24 30 30 24 7 24 24 16 12 31 29 15 14 10 9 39 0 10 23 5 22 29 40 3 25 20 19 9 34 31 33
29 25 7 41 20 21 23 38 26 37 31 30 7 21 30 35 12 22 6 41 19 36 38 33 15 34 32 10 20 24 37 5 24 10 11 41 10 0 31 11 21 30 42 13 28 29 21 19 38 39 35
2 6 31 34 12 11 34 19 37 8 18 17 30 24 35 14 40 21 25 11 29 12 8 10 16 14 3 30 11 41 7 36 17 33 21 23 23 31 0 28 24 21 24 21 14 7 17 20 17 9 19
26 22 17 47 18 17 32 41 35 34 34 33 4 27 38 28 13 26 7 38 27 35 35 28 12 27 29 19 17 34 34 16 17 6 14 44 5 11 28 0 27 34 45 7 30 25 24 11 39 36 38
22 20 14 20 15 22 10 20 13 22 12 12 26 0 12 35 33 3 20 27 5 20 31 31 19 35 27 11 21 17 24 20 29 29 13 23 22 21 24 27 0 10 22 24 11 27 7 29 20 32 17
21 20 24 14 18 25 18 10 21 17 3 4 33 10 15 35 42 8 27 22 15 13 26 31 23 35 24 21 24 26 19 30 32 36 20 13 29 30 21 34 10 0 12 29 7 27 10 33 11 27 7
25 27 36 14 27 33 29 5 32 16 12 12 44 22 23 38 54 20 38 19 27 12 25 34 33 38 27 33 32 37 18 42 40 47 31 3 40 42 24 45 22 12 0 39 15 31 21 42 7 26 7
19 15 17 43 12 10 32 35 35 28 28 27 10 24 36 22 20 23 7 32 26 29 28 22 6 21 22 19 10 34 28 18 11 13 11 38 3 13 21 7 24 29 39 0 24 18 19 6 33 29 32
14 13 25 20 12 19 21 11 24 11 4 3 30 11 21 28 40 8 24 16 16 9 20 24 18 28 17 22 18 28 13 31 26 33 17 14 25 28 14 30 11 7 15 24 0 20 7 28 10 21 8
7 7 31 40 13 8 37 26 40 15 24 23 27 27 39 8 37 24 23 17 32 19 12 4 14 8 6 31 9 44 14 34 10 30 21 30 20 29 7 25 27 27 31 18 20 0 20 15 24 12 26
15 13 18 24 8 15 17 17 20 17 10 9 23 7 19 28 33 4 17 22 12 16 24 24 13 28 20 15 14 24 19 24 22 26 10 20 19 21 17 24 7 10 21 19 7 20 0 23 17 25 14
18 15 23 47 16 9 38 37 41 28 32 31 15 29 41 17 24 27 13 31 32 30 27 18 10 16 21 25 10 40 27 24 6 17 17 41 9 19 20 11 29 33 42 6 28 15 23 0 35 27 36
18 20 34 20 21 26 29 2 32 9 9 8 40 20 26 31 50 17 34 12 25 5 18 27 27 31 20 31 25 37 11 40 33 43 27 6 34 38 17 39 20 11 7 33 10 24 17 35 0 19 4
11 15 40 38 21 19 42 21 45 10 24 23 38 32 42 14 48 29 33 7 37 14 1 11 24 15 7 39 19 49 8 44 22 41 30 25 31 39 9 36 32 27 26 29 21 12 25 27 19 0 22
20 21 31 16 20 27 25 3 28 12 5 5 37 17 22 33 47 14 31 16 22 8 21 29 26 33 22 28 26 33 14 37 34 40 24 6 33 35 19 38 17 7 7 32 8 26 14 36 4 22 0
0 682
59 127
310 378
210 278
465 533
64 132
362 430
573 641
3 71
137 205
402 470
74 142
203 271
429 497
434 502
564 632
171 239
255 323
298 366
523 591
569 637
431 499
228 296
98 166
610 678
559 627
165 233
363 431
219 287
299 367
77 145
217 285
181 249
515 583
485 553
284 352
497 565
128 196
298 366
202 270
381 449
50 118
49 117
53 121
221 289
547 615
161 229
335 403
490 558
27 95
344 412
0
60
33
64
44
33
83
79
18
57
48
37
47
61
51
69
46
22
44
83
53
16
33
24
43
37
55
20
66
52
23
58
67
32
69
82
35
80
80
22
58
45
23
90
36
62
70
36
27
77
51
