51
1624
0 15 16 34 51 21 42 25 37 28 47 27 26 33 27 48 18 25 36 6 36 30 40 40 46 5 29 38 51 47 32 24 45 5 41 47 22 38 47 48 36 52 37 54 17 57 5 24 52 50 10
15 0 6 27 36 12 30 11 26 13 32 14 17 20 19 34 5 13 21 18 26 16 33 26 31 11 17 25 36 32 17 17 33 15 28 34 14 26 34 33 21 37 24 39 12 42 11 9 37 35 5
16 6 0 33 39 18 26 17 21 12 37 20 23 17 13 32 11 9 24 17 21 14 39 31 30 11 23 22 39 35 18 23 38 14 25 31 20 32 31 36 24 38 21 42 6 45 11 12 40 36 8
34 27 33 0 32 15 51 20 50 33 27 18 10 41 46 50 22 38 29 40 51 37 6 21 45 33 15 46 38 31 33 10 21 37 49 55 13 13 54 35 29 43 45 35 39 39 33 27 37 42 28
51 36 39 32 0 32 40 26 41 29 5 25 29 33 43 27 33 34 15 54 43 30 34 12 23 47 23 34 7 4 23 33 13 51 38 41 33 19 32 5 15 13 34 3 45 7 47 28 5 14 41
21 12 18 15 32 0 38 8 37 20 27 8 6 28 31 39 7 24 21 26 37 24 21 20 35 19 9 33 36 29 21 5 25 23 36 42 2 17 42 32 21 37 32 35 24 39 19 14 36 36 13
42 30 26 51 40 38 0 31 5 18 40 34 41 10 15 15 33 17 28 40 7 14 56 39 18 37 37 6 35 37 21 43 46 38 2 5 40 45 11 35 28 30 6 43 25 42 37 24 37 28 34
25 11 17 20 26 8 31 0 30 13 22 3 10 21 27 31 7 18 13 28 31 17 25 15 27 21 6 26 28 22 13 13 22 25 29 35 10 15 34 25 13 29 25 29 23 33 21 7 29 28 15
37 26 21 50 41 37 5 30 0 17 41 33 40 9 10 19 30 13 28 35 2 13 55 39 20 32 36 8 37 38 20 42 46 33 5 10 39 44 16 36 28 32 7 44 20 44 32 23 39 30 29
28 13 12 33 29 20 18 13 17 0 27 16 23 8 14 21 15 5 14 29 18 4 38 23 18 23 19 13 28 25 6 25 30 26 16 22 22 28 22 25 14 26 12 32 17 34 23 6 29 24 18
47 32 37 27 5 27 40 22 41 27 0 20 24 32 41 29 29 32 13 50 42 28 29 7 24 43 18 34 11 4 21 28 8 47 38 42 28 14 34 8 13 16 34 8 43 12 43 25 10 17 37
27 14 20 18 25 8 34 3 33 16 20 0 8 24 30 34 9 21 13 30 34 20 22 13 29 23 3 29 28 21 16 11 19 27 32 38 9 12 37 24 13 29 28 28 26 32 23 10 28 28 17
26 17 23 10 29 6 41 10 40 23 24 8 0 31 36 41 12 28 20 31 41 27 16 17 36 24 6 36 33 26 23 4 20 28 39 45 4 12 44 29 20 36 35 32 29 36 24 17 33 35 19
33 20 17 41 33 28 10 21 9 8 32 24 31 0 13 15 23 8 19 34 10 4 46 30 14 28 27 5 29 29 11 33 37 31 8 14 30 35 14 28 19 25 4 36 20 36 28 14 31 23 25
27 19 13 46 43 31 15 27 10 14 41 30 36 13 0 27 24 9 28 25 9 13 52 37 27 22 33 16 42 39 20 36 44 23 15 20 33 42 25 39 28 38 15 46 10 48 22 20 43 36 21
48 34 32 50 27 39 15 31 19 21 29 34 41 15 27 0 35 23 21 49 21 18 54 31 5 43 35 11 21 26 18 44 37 46 14 14 41 39 5 22 21 15 12 29 35 27 43 26 23 13 39
18 5 11 22 33 7 33 7 30 15 29 9 12 23 24 35 0 17 20 21 30 19 28 22 31 14 12 28 35 29 17 12 28 18 31 37 9 21 37 32 20 36 27 36 17 40 14 9 36 35 8
25 13 9 38 34 24 17 18 13 5 32 21 28 8 9 23 17 0 19 26 13 5 43 28 21 20 24 13 33 30 11 29 35 23 16 22 26 33 22 30 19 31 12 37 12 39 20 11 34 29 17
36 21 24 29 15 21 28 13 28 14 13 13 20 19 28 21 20 19 0 39 29 15 33 11 16 32 14 22 15 11 8 24 18 36 26 31 22 18 25 12 0 16 22 18 30 21 32 13 16 15 26
6 18 17 40 54 26 40 28 35 29 50 30 31 34 25 49 21 26 39 0 34 31 46 43 47 7 33 39 54 50 35 30 49 3 40 45 27 42 48 51 39 55 38 57 15 60 7 27 55 53 13
36 26 21 51 43 37 7 31 2 18 42 34 41 10 9 21 30 13 29 34 0 14 56 40 22 31 37 10 39 39 21 42 47 32 7 12 39 45 18 38 29 34 9 46 19 46 31 24 41 32 29
30 16 14 37 30 24 14 17 13 4 28 20 27 4 13 18 19 5 15 31 14 0 42 26 16 25 23 9 29 26 7 29 33 28 12 18 26 31 18 26 15 26 8 33 17 35 25 10 30 24 21
40 33 39 6 34 21 56 25 55 38 29 22 16 46 52 54 28 43 33 46 56 42 0 23 49 39 20 51 40 32 38 16 21 43 54 60 19 15 58 36 33 44 50 35 45 41 39 32 39 44 34
40 26 31 21 12 20 39 15 39 23 7 13 17 30 37 31 22 28 11 43 40 26 23 0 26 36 11 33 18 10 19 21 7 40 37 42 21 8 36 14 11 22 33 15 37 19 36 19 17 21 30
46 31 30 45 23 35 18 27 20 18 24 29 36 14 27 5 31 21 16 47 22 16 49 26 0 41 30 12 17 21 14 40 32 44 16 18 37 34 10 18 16 12 13 25 33 24 41 22 19 10 36
5 11 11 33 47 19 37 21 32 23 43 23 24 28 22 43 14 20 32 7 31 25 39 36 41 0 26 33 47 43 28 23 42 4 36 42 20 35 42 44 32 48 32 50 12 53 0 20 48 46 6
29 17 23 15 23 9 37 6 36 19 18 3 6 27 33 35 12 24 14 33 37 23 20 11 30 26 0 32 27 20 18 10 16 30 35 41 10 9 39 23 14 30 31 26 29 30 26 13 27 29 20
38 25 22 46 34 33 6 26 8 13 34 29 36 5 16 11 28 13 22 39 10 9 51 33 12 33 32 0 29 31 15 38 40 36 4 9 35 39 9 29 22 24 1 37 25 36 33 19 31 22 30
51 36 39 38 7 36 35 28 37 28 11 28 33 29 42 21 35 33 15 54 39 29 40 18 17 47 27 29 0 8 22 37 19 51 33 35 37 25 26 4 15 6 30 8 45 7 47 28 2 8 41
47 32 35 31 4 29 37 22 38 25 4 21 26 29 39 26 29 30 11 50 39 26 32 10 21 43 20 31 8 0 19 30 12 47 35 39 30 18 31 4 11 12 31 7 41 11 43 24 7 13 37
32 17 18 33 23 21 21 13 20 6 21 16 23 11 20 18 17 11 8 35 21 7 38 19 14 28 18 15 22 19 0 26 26 32 19 24 23 24 21 19 8 20 15 26 23 28 28 8 23 18 22
24 17 23 10 33 5 43 13 42 25 28 11 4 33 36 44 12 29 24 30 42 29 16 21 40 23 10 38 37 30 26 0 24 27 41 47 3 15 47 33 24 40 37 36 29 40 23 19 37 39 18
45 33 38 21 13 25 46 22 46 30 8 19 20 37 44 37 28 35 18 49 47 33 21 7 32 42 16 40 19 12 26 24 0 46 44 49 24 9 42 16 18 24 40 14 44 20 42 26 18 25 36
5 15 14 37 51 23 38 25 33 26 47 27 28 31 23 46 18 23 36 3 32 28 43 40 44 4 30 36 51 47 32 27 46 0 38 43 24 39 45 48 36 52 35 54 13 57 4 24 52 50 10
41 28 25 49 38 36 2 29 5 16 38 32 39 8 15 14 31 16 26 40 7 12 54 37 16 36 35 4 33 35 19 41 44 38 0 6 38 43 11 33 26 28 4 41 25 40 36 22 35 26 33
47 34 31 55 41 42 5 35 10 22 42 38 45 14 20 14 37 22 31 45 12 18 60 42 18 42 41 9 35 39 24 47 49 43 6 0 44 48 9 36 31 29 10 43 30 41 42 28 37 27 39
22 14 20 13 33 2 40 10 39 22 28 9 4 30 33 41 9 26 22 27 39 26 19 21 37 20 10 35 37 30 23 3 24 24 38 44 0 16 44 33 22 38 34 36 26 40 20 16 37 37 15
38 26 32 13 19 17 45 15 44 28 14 12 12 35 42 39 21 33 18 42 45 31 15 8 34 35 9 39 25 18 24 15 9 39 43 48 16 0 43 22 18 30 39 22 38 26 35 22 24 29 29
47 34 31 54 32 42 11 34 16 22 34 37 44 14 25 5 37 22 25 48 18 18 58 36 10 42 39 9 26 31 21 47 42 45 11 9 44 43 0 27 25 20 10 34 34 32 42 28 28 18 39
48 33 36 35 5 32 35 25 36 25 8 24 29 28 39 22 32 30 12 51 38 26 36 14 18 44 23 29 4 4 19 33 16 48 33 36 33 22 27 0 12 8 29 8 42 9 44 25 4 9 38
36 21 24 29 15 21 28 13 28 14 13 13 20 19 28 21 20 19 0 39 29 15 33 11 16 32 14 22 15 11 8 24 18 36 26 31 22 18 25 12 0 16 22 18 30 21 32 13 16 15 26
52 37 38 43 13 37 30 29 32 26 16 29 36 25 38 15 36 31 16 55 34 26 44 22 12 48 30 24 6 12 20 40 24 52 28 29 38 30 20 8 16 0 25 14 43 12 48 28 8 2 42
37 24 21 45 34 32 6 25 7 12 34 28 35 4 15 12 27 12 22 38 9 8 50 33 13 32 31 1 30 31 15 37 40 35 4 10 34 39 10 29 22 25 0 37 24 37 32 18 32 23 29
54 39 42 35 3 35 43 29 44 32 8 28 32 36 46 29 36 37 18 57 46 33 35 15 25 50 26 37 8 7 26 36 14 54 41 43 36 22 34 8 18 14 37 0 48 6 50 31 6 16 44
17 12 6 39 45 24 25 23 20 17 43 26 29 20 10 35 17 12 30 15 19 17 45 37 33 12 29 25 45 41 23 29 44 13 25 30 26 38 34 42 30 43 24 48 0 51 12 18 46 41 12
57 42 45 39 7 39 42 33 44 34 12 32 36 36 48 27 40 39 21 60 46 35 41 19 24 53 30 36 7 11 28 40 20 57 40 41 40 26 32 9 21 12 37 6 51 0 53 34 5 14 47
5 11 11 33 47 19 37 21 32 23 43 23 24 28 22 43 14 20 32 7 31 25 39 36 41 0 26 33 47 43 28 23 42 4 36 42 20 35 42 44 32 48 32 50 12 53 0 20 48 46 6
24 9 12 27 28 14 24 7 23 6 25 10 17 14 20 26 9 11 13 27 24 10 32 19 22 20 13 19 28 24 8 19 26 24 22 28 16 22 28 25 13 28 18 31 18 34 20 0 29 26 14
52 37 40 37 5 36 37 29 39 29 10 28 33 31 43 23 36 34 16 55 41 30 39 17 19 48 27 31 2 7 23 37 18 52 35 37 37 24 28 4 16 8 32 6 46 5 48 29 0 10 42
50 35 36 42 14 36 28 28 30 24 17 28 35 23 36 13 35 29 15 53 32 24 44 21 10 46 29 22 8 13 18 39 25 50 26 27 37 29 18 9 15 2 23 16 41 14 46 26 10 0 40
10 5 8 28 41 13 34 15 29 18 37 17 19 25 21 39 8 17 26 13 29 21 34 30 36 6 20 30 41 37 22 18 36 10 33 39 15 29 39 38 26 42 29 44 12 47 6 14 42 40 0
0 710
656 656
683 683
680 680
652 652
406 406
201 201
551 551
569 569
30 30
260 260
334 334
341 341
268 268
606 606
167 167
109 109
158 158
25 25
657 657
499 499
513 513
147 147
595 595
612 612
269 269
337 337
611 611
638 638
677 677
510 510
32 32
580 580
243 243
690 690
673 673
79 79
338 338
1 1
405 405
392 392
646 646
9 9
308 308
145 145
419 419
57 57
143 143
535 535
323 323
285 285
0
29
43
47
25
77
89
41
42
60
60
35
76
81
35
40
67
24
47
53
54
32
32
53
52
30
17
47
63
31
45
58
71
18
65
35
75
12
47
65
64
68
81
28
87
34
17
43
62
71
70
