51
1627
0 51 20 24 48 16 11 12 33 38 30 50 12 12 11 40 37 41 17 27 27 35 5 18 34 36 42 44 42 38 20 43 38 46 16 42 32 45 31 24 39 3 3 29 3 20 6 45 39 27 32
51 0 42 29 5 47 40 46 18 40 23 3 47 44 41 25 16 43 48 33 32 18 55 37 43 42 9 23 9 19 32 23 17 14 51 17 35 37 22 30 27 52 48 37 54 39 48 8 24 32 32
20 42 0 14 37 5 17 8 28 18 28 43 9 9 13 43 26 21 6 34 10 33 21 27 14 16 35 27 35 25 24 26 26 33 9 29 12 25 30 28 44 22 17 9 23 31 24 34 22 33 13
24 29 14 0 24 18 15 17 14 22 14 29 18 15 13 29 13 26 20 23 7 19 28 20 21 22 21 20 21 14 15 19 14 22 22 18 14 25 16 17 30 26 21 13 27 24 24 21 15 22 11
48 5 37 24 0 42 37 41 15 35 20 7 42 39 37 25 11 38 43 30 27 15 52 34 38 37 6 18 6 14 29 18 12 10 46 12 30 32 19 27 27 49 45 32 51 36 45 3 19 29 27
16 47 5 18 42 0 15 4 32 23 30 47 4 6 11 44 31 26 2 34 15 36 16 25 19 21 39 32 39 30 24 31 31 38 4 34 17 30 32 28 45 18 13 14 18 29 20 39 27 33 18
11 40 17 15 37 15 0 11 22 34 19 39 12 9 4 30 27 38 17 19 19 25 15 10 31 33 31 35 31 29 10 34 29 37 17 33 26 38 21 14 31 12 8 24 14 14 9 35 30 19 24
12 46 8 17 41 4 11 0 30 26 28 46 1 3 8 41 30 29 6 30 16 34 13 21 22 24 38 34 38 31 21 33 31 39 6 35 20 33 30 25 42 14 9 17 15 25 16 38 28 30 21
33 18 28 14 15 32 22 30 0 34 5 17 31 27 23 16 10 38 34 15 21 5 37 19 34 35 9 23 9 16 14 23 13 20 36 18 26 35 4 12 18 34 30 27 36 21 30 14 21 14 23
38 40 18 22 35 23 34 26 34 0 36 42 27 27 30 50 27 4 23 45 15 39 39 41 5 3 36 19 36 21 36 18 24 28 26 24 8 8 37 39 52 40 35 10 41 45 42 32 16 44 11
30 23 28 14 20 30 19 28 5 36 0 22 29 25 20 15 15 40 32 11 21 6 34 14 35 36 14 28 14 21 10 28 18 25 34 23 28 38 2 7 16 31 27 27 32 16 26 19 24 10 25
50 3 43 29 7 47 39 46 17 42 22 0 47 44 40 22 18 45 49 31 34 16 54 35 45 44 8 25 8 21 31 25 19 17 51 19 37 39 20 28 24 51 47 39 53 37 47 10 26 30 34
12 47 9 18 42 4 12 1 31 27 29 47 0 4 9 42 31 30 5 31 17 35 12 22 23 25 39 35 39 32 22 34 32 40 5 36 21 34 31 26 43 14 9 18 14 26 16 39 29 31 22
12 44 9 15 39 6 9 3 27 27 25 44 4 0 5 38 28 30 8 28 15 31 14 19 23 25 36 33 36 29 18 32 29 37 9 33 20 33 27 22 39 14 9 17 15 23 15 36 27 27 20
11 41 13 13 37 11 4 8 23 30 20 40 9 5 0 33 26 34 13 23 16 26 15 14 27 29 32 33 32 27 13 32 27 35 14 31 22 35 22 17 34 13 8 20 14 18 12 34 28 22 21
40 25 43 29 25 44 30 41 16 50 15 22 42 38 33 0 26 54 46 13 36 12 45 22 50 51 19 39 19 32 20 39 29 32 47 33 42 51 13 16 2 40 38 42 42 22 35 24 37 13 39
37 16 26 13 11 31 27 30 10 27 15 18 31 28 26 26 0 30 32 25 16 14 41 27 27 28 10 13 10 6 22 13 3 11 35 8 19 25 14 21 28 39 34 21 40 30 36 8 11 24 16
41 43 21 26 38 26 38 29 38 4 40 45 30 30 34 54 30 0 25 49 19 43 42 45 7 5 39 22 39 24 40 21 27 31 28 27 12 7 41 43 56 43 38 14 44 49 45 35 19 48 15
17 48 6 20 43 2 17 6 34 23 32 49 5 8 13 46 32 25 0 36 16 38 17 27 18 20 41 33 41 31 26 32 32 39 3 35 18 30 34 30 47 19 14 15 19 31 21 40 28 35 19
27 33 34 23 30 34 19 30 15 45 11 31 31 28 23 13 25 49 36 0 30 15 32 9 44 45 24 38 24 31 10 38 28 35 36 33 37 48 11 6 12 27 26 36 29 9 22 29 35 1 34
27 32 10 7 27 15 19 16 21 15 21 34 17 15 16 36 16 19 16 30 0 26 29 26 14 15 26 18 26 15 21 17 16 23 19 19 7 19 23 24 37 29 24 6 30 30 28 24 12 29 5
35 18 33 19 15 36 25 34 5 39 6 16 35 31 26 12 14 43 38 15 26 0 40 19 39 40 9 27 9 20 15 27 17 22 40 22 31 39 4 12 14 36 33 32 37 21 31 14 25 14 28
5 55 21 28 52 16 15 13 37 39 34 54 12 14 15 45 41 42 17 32 29 40 0 23 35 37 46 47 46 42 25 46 42 50 15 46 33 46 36 29 44 6 7 30 4 25 11 49 41 32 34
18 37 27 20 34 25 10 21 19 41 14 35 22 19 14 22 27 45 27 9 26 19 23 0 40 41 28 39 28 32 5 38 30 38 27 35 33 45 15 7 21 18 17 32 20 4 13 33 34 9 31
34 43 14 21 38 19 31 22 34 5 35 45 23 23 27 50 27 7 18 44 14 39 35 40 0 2 37 23 37 24 35 22 26 31 21 27 8 13 37 38 51 36 31 8 37 44 38 35 19 43 11
36 42 16 22 37 21 33 24 35 3 36 44 25 25 29 51 28 5 20 45 15 40 37 41 2 0 38 22 38 23 36 21 26 30 23 26 9 11 38 39 52 38 33 9 39 45 40 34 18 44 12
42 9 35 21 6 39 31 38 9 36 14 8 39 36 32 19 10 39 41 24 26 9 46 28 37 38 0 20 0 15 23 20 12 13 43 14 29 34 13 21 21 43 39 31 45 30 39 5 20 23 26
44 23 27 20 18 32 35 34 23 19 28 25 35 33 33 39 13 22 33 38 18 27 47 39 23 22 20 0 20 7 34 1 10 9 36 6 16 15 27 34 41 46 41 19 47 43 44 15 6 37 14
42 9 35 21 6 39 31 38 9 36 14 8 39 36 32 19 10 39 41 24 26 9 46 28 37 38 0 20 0 15 23 20 12 13 43 14 29 34 13 21 21 43 39 31 45 30 39 5 20 23 26
38 19 25 14 14 30 29 31 16 21 21 21 32 29 27 32 6 24 31 31 15 20 42 32 24 23 15 7 15 0 27 7 3 8 34 4 16 19 20 27 34 40 35 18 41 36 38 11 5 30 13
20 32 24 15 29 24 10 21 14 36 10 31 22 18 13 20 22 40 26 10 21 15 25 5 35 36 23 34 23 27 0 33 25 33 27 30 28 40 11 4 21 21 18 27 22 9 16 28 29 9 26
43 23 26 19 18 31 34 33 23 18 28 25 34 32 32 39 13 21 32 38 17 27 46 38 22 21 20 1 20 7 33 0 10 10 35 6 15 14 27 34 41 45 40 18 46 42 43 15 5 37 13
38 17 26 14 12 31 29 31 13 24 18 19 32 29 27 29 3 27 32 28 16 17 42 30 26 26 12 10 12 3 25 10 0 8 35 5 18 22 17 24 31 40 35 20 41 33 38 9 8 27 15
46 14 33 22 10 38 37 39 20 28 25 17 40 37 35 32 11 31 39 35 23 22 50 38 31 30 13 9 13 8 33 10 8 0 42 4 23 24 24 32 34 48 43 26 49 41 46 8 12 34 21
16 51 9 22 46 4 17 6 36 26 34 51 5 9 14 47 35 28 3 36 19 40 15 27 21 23 43 36 43 34 27 35 35 42 0 38 21 33 36 31 48 19 14 18 18 31 21 43 31 36 22
42 17 29 18 12 34 33 35 18 24 23 19 36 33 31 33 8 27 35 33 19 22 46 35 27 26 14 6 14 4 30 6 5 4 38 0 19 20 22 29 35 44 39 22 45 38 42 9 8 32 17
32 35 12 14 30 17 26 20 26 8 28 37 21 20 22 42 19 12 18 37 7 31 33 33 8 9 29 16 29 16 28 15 18 23 21 19 0 13 29 31 44 34 29 3 35 37 34 27 11 36 3
45 37 25 25 32 30 38 33 35 8 38 39 34 33 35 51 25 7 30 48 19 39 46 45 13 11 34 15 34 19 40 14 22 24 33 20 13 0 39 42 53 47 42 16 48 49 47 29 14 47 14
31 22 30 16 19 32 21 30 4 37 2 20 31 27 22 13 14 41 34 11 23 4 36 15 37 38 13 27 13 20 11 27 17 24 36 22 29 39 0 8 15 32 29 29 33 17 27 18 25 10 26
24 30 28 17 27 28 14 25 12 39 7 28 26 22 17 16 21 43 30 6 24 12 29 7 38 39 21 34 21 27 4 34 24 32 31 29 31 42 8 0 17 24 22 30 26 9 19 26 30 5 28
39 27 44 30 27 45 31 42 18 52 16 24 43 39 34 2 28 56 47 12 37 14 44 21 51 52 21 41 21 34 21 41 31 34 48 35 44 53 15 17 0 39 38 43 41 21 34 26 39 13 41
3 52 22 26 49 18 12 14 34 40 31 51 14 14 13 40 39 43 19 27 29 36 6 18 36 38 43 46 43 40 21 45 40 48 19 44 34 47 32 24 39 0 5 31 2 19 5 47 41 27 34
3 48 17 21 45 13 8 9 30 35 27 47 9 9 8 38 34 38 14 26 24 33 7 17 31 33 39 41 39 35 18 40 35 43 14 39 29 42 29 22 38 5 0 26 6 19 7 42 36 26 29
29 37 9 13 32 14 24 17 27 10 27 39 18 17 20 42 21 14 15 36 6 32 30 32 8 9 31 19 31 18 27 18 20 26 18 22 3 16 29 30 43 31 26 0 32 36 32 29 14 35 5
3 54 23 27 51 18 14 15 36 41 32 53 14 15 14 42 40 44 19 29 30 37 4 20 37 39 45 47 45 41 22 46 41 49 18 45 35 48 33 26 41 2 6 32 0 21 7 48 42 29 35
20 39 31 24 36 29 14 25 21 45 16 37 26 23 18 22 30 49 31 9 30 21 25 4 44 45 30 43 30 36 9 42 33 41 31 38 37 49 17 9 21 19 19 36 21 0 14 35 38 9 35
6 48 24 24 45 20 9 16 30 42 26 47 16 15 12 35 36 45 21 22 28 31 11 13 38 40 39 44 39 38 16 43 38 46 21 42 34 47 27 19 34 5 7 32 7 14 0 43 39 22 33
45 8 34 21 3 39 35 38 14 32 19 10 39 36 34 24 8 35 40 29 24 14 49 33 35 34 5 15 5 11 28 15 9 8 43 9 27 29 18 26 26 47 42 29 48 35 43 0 16 28 24
39 24 22 15 19 27 30 28 21 16 24 26 29 27 28 37 11 19 28 35 12 25 41 34 19 18 20 6 20 5 29 5 8 12 31 8 11 14 25 30 39 41 36 14 42 38 39 16 0 34 9
27 32 33 22 29 33 19 30 14 44 10 30 31 27 22 13 24 48 35 1 29 14 32 9 43 44 23 37 23 30 9 37 27 34 36 32 36 47 10 5 13 27 26 35 29 9 22 28 34 0 33
32 32 13 11 27 18 24 21 23 11 25 34 22 20 21 39 16 15 19 34 5 28 34 31 11 12 26 14 26 13 26 13 15 21 22 17 3 14 26 28 41 34 29 5 35 35 33 24 9 33 0
0 519
223 326
45 148
384 487
396 499
70 173
282 385
157 260
129 232
347 450
142 245
42 145
40 143
42 145
31 134
244 347
295 398
47 150
13 116
131 234
327 430
95 198
39 142
202 305
230 333
20 123
146 249
130 233
8 111
65 168
250 353
375 478
266 369
213 316
23 126
8 111
192 295
53 156
294 397
49 152
211 314
279 382
362 465
110 213
334 437
352 455
233 336
344 447
33 136
266 369
225 328
0
76
55
47
29
25
72
51
42
22
59
58
56
47
37
76
60
35
85
63
17
65
66
52
25
50
36
61
64
41
46
51
41
40
57
31
26
65
52
44
37
27
46
44
35
53
71
58
75
71
61
