51
1625
0 31 25 4 37 34 20 9 30 2 22 12 38 39 16 16 32 30 22 23 32 7 30 11 20 36 11 43 20 31 35 34 25 29 53 43 25 50 27 14 21 13 22 19 11 43 26 40 17 13 34
31 0 9 30 19 11 24 31 23 32 15 24 32 8 15 19 14 25 13 17 29 35 16 32 17 5 20 13 27 13 25 11 34 23 23 21 14 22 17 35 16 31 30 17 24 27 9 17 21 20 7
25 9 0 25 14 19 15 23 28 26 18 22 24 17 10 18 22 17 4 9 21 29 23 24 18 14 14 18 18 7 17 19 26 15 28 19 6 25 22 26 7 22 22 8 16 22 1 16 20 18 9
4 30 25 0 37 31 22 13 26 6 19 8 40 37 15 13 29 32 22 24 34 11 27 15 17 34 11 43 23 31 36 31 29 31 53 43 25 50 24 18 21 17 25 19 13 43 26 40 13 10 34
37 19 14 37 0 29 21 33 42 37 32 36 16 24 24 32 33 15 17 15 19 39 35 33 32 21 26 18 23 7 10 29 27 13 22 6 12 18 36 35 16 31 25 18 26 8 13 5 34 32 13
34 11 19 31 29 0 33 38 15 36 12 23 43 8 22 18 4 36 23 28 40 41 8 39 14 8 27 17 36 24 36 0 44 34 27 30 25 26 11 42 26 38 40 26 31 37 20 26 19 21 16
20 24 15 22 21 33 0 13 38 19 28 24 18 32 14 24 35 10 11 7 12 19 35 12 27 29 12 32 3 16 15 33 11 9 40 27 10 37 33 14 8 10 7 7 9 25 15 25 26 21 23
9 31 23 13 33 38 13 0 36 7 27 19 31 39 16 21 37 23 19 18 24 6 35 2 25 36 11 41 12 27 28 38 16 22 51 39 21 48 32 5 17 4 13 15 7 38 24 36 23 18 32
30 23 28 26 42 15 38 36 0 32 10 18 51 23 24 15 11 43 29 34 47 37 7 38 11 23 27 32 40 35 45 15 48 41 42 44 34 41 6 41 32 39 44 31 32 50 29 40 13 18 30
2 32 26 6 37 36 19 7 32 0 24 14 37 40 17 18 34 29 23 23 31 5 32 9 22 37 12 44 19 31 34 36 23 28 54 43 25 51 29 12 21 11 20 19 11 43 27 40 19 15 35
22 15 18 19 32 12 28 27 10 24 0 11 41 19 14 6 10 33 19 24 37 29 8 29 2 17 18 26 30 25 35 12 38 31 36 36 24 35 5 32 22 30 34 21 23 40 19 32 7 9 22
12 24 22 8 36 23 24 19 18 14 11 0 42 30 13 5 21 34 20 25 36 19 19 21 9 28 12 37 26 29 36 23 33 32 47 41 25 46 16 24 22 22 29 20 16 43 23 38 5 4 30
38 32 24 40 16 43 18 31 51 37 41 42 0 38 29 39 46 8 22 17 7 36 47 29 41 35 30 34 19 19 7 43 18 10 38 21 18 34 46 29 20 27 18 22 27 13 23 21 41 38 27
39 8 17 37 24 8 32 39 23 40 19 30 38 0 23 25 12 33 21 25 37 43 16 40 21 3 28 9 35 19 31 8 42 31 19 24 22 18 19 43 24 39 38 25 32 31 17 20 26 27 11
16 15 10 15 24 22 14 16 24 17 14 13 29 23 0 10 23 21 7 12 25 20 22 17 13 20 5 28 16 17 23 22 24 19 38 29 12 35 19 20 9 16 20 7 9 30 11 26 12 9 19
16 19 18 13 32 18 24 21 15 18 6 5 39 25 10 0 16 31 17 22 35 23 14 23 4 23 12 32 26 25 33 18 33 29 42 37 22 41 11 26 19 24 29 17 17 40 19 34 2 3 25
32 14 22 29 33 4 35 37 11 34 10 21 46 12 23 16 0 39 25 30 43 39 4 39 12 12 27 21 38 27 39 4 46 37 31 34 28 30 8 42 28 39 42 28 32 41 23 30 17 19 20
30 25 17 32 15 36 10 23 43 29 33 34 8 33 21 31 39 0 14 9 4 29 39 22 33 30 22 31 11 15 6 36 13 2 37 21 11 33 38 23 12 20 12 14 19 16 16 20 33 30 23
22 13 4 22 17 23 11 19 29 23 19 20 22 21 7 17 25 14 0 5 18 25 25 20 19 18 11 22 14 10 16 23 22 12 32 22 5 29 24 22 3 18 18 4 12 23 5 19 19 16 13
23 17 9 24 15 28 7 18 34 23 24 25 17 25 12 22 30 9 5 0 13 24 30 18 24 22 13 25 10 9 12 28 17 7 33 21 3 30 29 21 3 17 13 5 12 20 8 18 24 21 16
32 29 21 34 19 40 12 24 47 31 37 36 7 37 25 35 43 4 18 13 0 29 43 22 37 34 24 35 12 19 9 40 11 6 41 24 15 37 42 22 16 20 11 18 21 18 20 24 37 33 27
7 35 29 11 39 41 19 6 37 5 29 19 36 43 20 23 39 29 25 24 29 0 37 7 27 40 15 47 18 33 34 41 20 28 57 45 27 54 34 8 23 9 18 21 13 44 30 42 24 20 38
30 16 23 27 35 8 35 35 7 32 8 19 47 16 22 14 4 39 25 30 43 37 0 37 10 16 26 25 38 29 40 8 46 37 35 37 29 34 4 40 28 38 42 28 31 43 24 33 15 17 23
11 32 24 15 33 39 12 2 38 9 29 21 29 40 17 23 39 22 20 18 22 7 37 0 27 37 13 42 11 27 27 39 14 21 51 39 21 48 34 3 18 2 11 16 8 37 25 36 25 20 33
20 17 18 17 32 14 27 25 11 22 2 9 41 21 13 4 12 33 19 24 37 27 10 27 0 19 16 28 29 25 35 14 37 31 38 37 24 37 7 30 22 28 33 20 21 40 19 34 5 7 24
36 5 14 34 21 8 29 36 23 37 17 28 35 3 20 23 12 30 18 22 34 40 16 37 19 0 25 9 32 16 28 8 39 28 19 22 19 18 18 40 21 36 35 22 29 29 14 18 24 24 8
11 20 14 11 26 27 12 11 27 12 18 12 30 28 5 12 27 22 11 13 24 15 26 13 16 25 0 32 14 20 25 27 21 20 42 32 14 39 23 16 10 12 17 8 5 32 15 29 14 9 23
43 13 18 43 18 17 32 41 32 44 26 37 34 9 28 32 21 31 22 25 35 47 25 42 28 9 32 0 35 16 27 17 42 29 10 16 22 9 27 44 25 40 38 26 34 24 18 13 33 33 9
20 27 18 23 23 36 3 12 40 19 30 26 19 35 16 26 38 11 14 10 12 18 38 11 29 32 14 35 0 19 16 36 8 10 43 29 13 40 35 12 11 9 4 10 10 26 18 28 28 23 26
31 13 7 31 7 24 16 27 35 31 25 29 19 19 17 25 27 15 10 9 19 33 29 27 25 16 20 16 19 0 12 24 26 13 24 12 6 21 29 30 10 26 22 12 20 15 6 9 27 25 8
35 25 17 36 10 36 15 28 45 34 35 36 7 31 23 33 39 6 16 12 9 34 40 27 35 28 25 27 16 12 0 36 19 6 32 15 11 28 39 28 15 25 18 17 24 10 16 15 35 32 20
34 11 19 31 29 0 33 38 15 36 12 23 43 8 22 18 4 36 23 28 40 41 8 39 14 8 27 17 36 24 36 0 44 34 27 30 25 26 11 42 26 38 40 26 31 37 20 26 19 21 16
25 34 26 29 27 44 11 16 48 23 38 33 18 42 24 33 46 13 22 17 11 20 46 14 37 39 21 42 8 26 19 44 0 14 49 33 20 45 43 12 19 12 4 18 17 29 25 32 35 30 33
29 23 15 31 13 34 9 22 41 28 31 32 10 31 19 29 37 2 12 7 6 28 37 21 31 28 20 29 10 13 6 34 14 0 35 19 9 31 36 22 10 19 12 12 18 16 14 18 31 28 21
53 23 28 53 22 27 40 51 42 54 36 47 38 19 38 42 31 37 32 33 41 57 35 51 38 19 42 10 43 24 32 27 49 35 0 18 30 4 37 54 34 50 46 36 44 26 28 17 43 43 19
43 21 19 43 6 30 27 39 44 43 36 41 21 24 29 37 34 21 22 21 24 45 37 39 37 22 32 16 29 12 15 30 33 19 18 0 18 14 38 41 22 37 31 24 32 8 18 4 39 37 14
25 14 6 25 12 25 10 21 34 25 24 25 18 22 12 22 28 11 5 3 15 27 29 21 24 19 14 22 13 6 11 25 20 9 30 18 0 27 28 24 4 20 16 6 14 18 5 15 24 21 13
50 22 25 50 18 26 37 48 41 51 35 46 34 18 35 41 30 33 29 30 37 54 34 48 37 18 39 9 40 21 28 26 45 31 4 14 27 0 36 51 31 47 43 33 41 22 25 13 42 42 16
27 17 22 24 36 11 33 32 6 29 5 16 46 19 19 11 8 38 24 29 42 34 4 34 7 18 23 27 35 29 39 11 43 36 37 38 28 36 0 37 27 35 39 26 28 44 23 34 11 14 24
14 35 26 18 35 42 14 5 41 12 32 24 29 43 20 26 42 23 22 21 22 8 40 3 30 40 16 44 12 30 28 42 12 22 54 41 24 51 37 0 20 4 11 18 11 38 27 39 28 23 35
21 16 7 21 16 26 8 17 32 21 22 22 20 24 9 19 28 12 3 3 16 23 28 18 22 21 10 25 11 10 15 26 19 10 34 22 4 31 27 20 0 16 15 2 10 22 7 19 21 18 16
13 31 22 17 31 38 10 4 39 11 30 22 27 39 16 24 39 20 18 17 20 9 38 2 28 36 12 40 9 26 25 38 12 19 50 37 20 47 35 4 16 0 9 14 7 35 23 35 26 21 31
22 30 22 25 25 40 7 13 44 20 34 29 18 38 20 29 42 12 18 13 11 18 42 11 33 35 17 38 4 22 18 40 4 12 46 31 16 43 39 11 15 9 0 14 13 28 21 30 31 26 29
19 17 8 19 18 26 7 15 31 19 21 20 22 25 7 17 28 14 4 5 18 21 28 16 20 22 8 26 10 12 17 26 18 12 36 24 6 33 26 18 2 14 14 0 8 24 9 21 19 16 17
11 24 16 13 26 31 9 7 32 11 23 16 27 32 9 17 32 19 12 12 21 13 31 8 21 29 5 34 10 20 24 31 17 18 44 32 14 41 28 11 10 7 13 8 0 32 17 29 19 14 25
43 27 22 43 8 37 25 38 50 43 40 43 13 31 30 40 41 16 23 20 18 44 43 37 40 29 32 24 26 15 10 37 29 16 26 8 18 22 44 38 22 35 28 24 32 0 21 11 42 39 21
26 9 1 26 13 20 15 24 29 27 19 23 23 17 11 19 23 16 5 8 20 30 24 25 19 14 15 18 18 6 16 20 25 14 28 18 5 25 23 27 7 23 21 9 17 21 0 15 21 19 9
40 17 16 40 5 26 25 36 40 40 32 38 21 20 26 34 30 20 19 18 24 42 33 36 34 18 29 13 28 9 15 26 32 18 17 4 15 13 34 39 19 35 30 21 29 11 15 0 36 34 10
17 21 20 13 34 19 26 23 13 19 7 5 41 26 12 2 17 33 19 24 37 24 15 25 5 24 14 33 28 27 35 19 35 31 43 39 24 42 11 28 21 26 31 19 19 42 21 36 0 5 27
13 20 18 10 32 21 21 18 18 15 9 4 38 27 9 3 19 30 16 21 33 20 17 20 7 24 9 33 23 25 32 21 30 28 43 37 21 42 14 23 18 21 26 16 14 39 19 34 5 0 26
34 7 9 34 13 16 23 32 30 35 22 30 27 11 19 25 20 23 13 16 27 38 23 33 24 8 23 9 26 8 20 16 33 21 19 14 13 16 24 35 16 31 29 17 25 21 9 10 27 26 0
0 737
160 454
223 517
429 723
296 590
398 692
134 428
29 323
428 722
323 617
412 706
313 607
15 309
49 343
21 315
440 734
187 481
78 372
436 730
378 672
316 610
388 682
42 336
136 430
432 726
395 689
421 715
426 720
356 650
85 379
384 678
83 377
238 532
8 302
65 359
0 294
141 435
319 613
217 511
221 515
42 336
244 538
4 298
373 667
328 622
375 669
114 408
24 318
256 550
174 468
360 654
0
71
70
37
52
52
71
18
53
61
49
32
62
32
37
30
59
40
46
75
58
75
71
52
41
60
55
73
29
36
25
27
38
51
45
71
59
42
47
76
27
47
68
46
34
54
58
39
57
35
57
