51
1624
0 19 28 23 17 22 12 22 13 1 30 12 23 36 25 41 31 7 23 27 5 7 29 24 20 4 25 17 22 32 10 22 40 33 33 38 28 39 26 16 26 8 25 32 32 25 31 24 25 24 15
19 0 41 24 29 38 17 13 29 19 35 19 11 25 7 34 20 20 13 42 18 18 25 39 24 16 12 2 28 21 25 15 36 25 23 36 32 30 13 24 16 19 40 14 15 26 13 10 41 25 12
28 41 0 25 12 9 24 49 16 27 15 22 50 42 48 40 42 35 35 4 33 24 30 5 20 27 39 41 16 41 18 33 36 35 39 32 21 40 53 44 37 23 4 50 56 25 54 50 8 24 29
23 24 25 0 16 27 12 36 22 22 13 11 35 18 28 18 17 30 11 28 28 16 6 25 5 19 15 25 9 16 19 9 17 11 15 15 8 16 37 39 13 15 26 26 36 2 33 34 29 1 12
17 29 12 16 0 11 12 37 7 16 14 10 38 33 36 33 32 24 24 13 22 12 21 10 11 15 28 29 7 32 7 22 30 26 30 27 16 31 41 33 27 11 11 38 44 16 42 38 14 15 17
22 38 9 27 11 0 22 44 9 21 21 20 45 44 45 44 43 28 35 7 27 20 32 4 22 22 38 37 18 43 13 33 41 37 41 37 26 42 48 37 38 19 5 48 52 27 51 45 3 26 27
12 17 24 12 12 22 0 27 13 11 20 2 27 26 24 30 22 19 14 25 17 5 18 22 10 8 17 17 12 23 10 12 29 21 23 27 18 27 29 28 17 4 23 27 32 14 30 26 25 13 6
22 13 49 36 37 44 27 0 35 23 47 29 3 38 12 47 33 18 26 49 18 25 38 46 36 22 25 11 39 34 31 28 49 38 36 49 44 43 6 17 29 26 47 21 12 38 14 4 47 37 24
13 29 16 22 7 9 13 35 0 12 21 12 36 39 36 39 35 20 27 14 18 11 27 11 17 13 30 28 14 36 4 25 37 32 36 34 23 37 39 29 30 10 12 40 43 22 42 36 12 21 19
1 19 27 22 16 21 11 23 12 0 29 11 24 35 25 40 30 8 22 26 6 6 28 23 19 3 24 17 21 31 9 21 39 32 32 37 27 38 27 17 25 7 24 32 32 24 31 24 24 23 14
30 35 15 13 14 21 20 47 21 29 0 18 46 29 41 25 30 37 24 19 35 23 17 18 11 26 28 36 8 29 21 22 21 22 26 17 6 25 48 46 26 22 18 39 49 13 46 45 22 12 23
12 19 22 11 10 20 2 29 12 11 18 0 29 27 26 29 23 19 15 23 17 5 17 20 8 8 18 19 10 24 8 13 28 22 24 26 16 27 31 28 18 4 21 28 34 13 32 28 23 12 7
23 11 50 35 38 45 27 3 36 24 46 29 0 35 9 45 30 21 24 50 20 26 36 47 35 23 22 10 39 31 32 26 47 36 34 47 43 41 3 20 27 27 48 18 9 37 11 1 48 36 23
36 25 42 18 33 44 26 38 39 35 29 27 35 0 26 11 5 42 13 45 40 31 12 42 22 32 14 27 26 4 35 14 16 7 3 18 23 7 35 49 10 30 43 20 32 17 29 34 46 18 21
25 7 48 28 36 45 24 12 36 25 41 26 9 26 0 36 21 26 17 49 24 25 29 46 31 23 14 8 35 22 32 19 40 28 25 40 36 32 9 29 19 26 47 9 8 30 6 8 48 29 19
41 34 40 18 33 44 30 47 39 40 25 29 45 11 36 0 15 48 21 44 46 34 12 42 22 37 23 36 26 14 37 20 6 9 11 9 19 4 45 57 18 33 42 30 42 17 39 44 46 18 27
31 20 42 17 32 43 22 33 35 30 30 23 30 5 21 15 0 37 8 45 35 26 13 42 22 27 9 22 26 1 31 10 19 8 4 20 24 11 30 44 5 26 43 15 27 17 24 29 46 18 16
7 20 35 30 24 28 19 18 20 8 37 19 21 42 26 48 37 0 29 34 2 14 36 31 27 11 30 18 29 38 17 28 47 39 39 45 35 45 24 9 32 15 32 34 30 32 31 22 31 31 21
23 13 35 11 24 35 14 26 27 22 24 15 24 13 17 21 8 29 0 37 27 18 12 34 15 19 4 15 19 9 23 2 23 12 10 23 19 17 26 37 3 18 35 15 25 13 22 23 38 12 8
27 42 4 28 13 7 25 49 14 26 19 23 50 45 49 44 45 34 37 0 32 24 33 3 23 27 41 41 19 44 18 35 40 38 42 36 25 43 53 43 40 23 2 51 56 28 55 50 5 27 30
5 18 33 28 22 27 17 18 18 6 35 17 20 40 24 46 35 2 27 32 0 12 34 29 25 9 28 16 27 36 15 26 45 37 37 43 33 43 23 11 30 13 30 32 29 30 30 21 30 29 19
7 18 24 16 12 20 5 25 11 6 23 5 26 31 25 34 26 14 18 24 12 0 22 21 13 3 21 17 15 27 7 17 33 26 28 31 21 32 29 23 21 1 22 30 32 18 31 26 23 17 10
29 25 30 6 21 32 18 38 27 28 17 17 36 12 29 12 13 36 12 33 34 22 0 30 10 25 16 27 14 12 25 10 12 5 9 11 11 10 38 45 11 21 31 26 37 5 34 35 34 6 16
24 39 5 25 10 4 22 46 11 23 18 20 47 42 46 42 42 31 34 3 29 21 30 0 20 24 38 38 16 41 15 32 38 35 39 34 23 40 50 40 37 20 1 48 53 25 52 47 4 24 27
20 24 20 5 11 22 10 36 17 19 11 8 35 22 31 22 22 27 15 23 25 13 10 20 0 16 19 25 4 21 15 13 20 15 19 18 8 20 37 36 17 12 21 30 39 5 37 34 24 4 12
4 16 27 19 15 22 8 22 13 3 26 8 23 32 23 37 27 11 19 27 9 3 25 24 16 0 21 15 18 28 9 18 36 29 29 34 24 35 26 20 22 4 25 30 30 21 29 23 25 20 11
25 12 39 15 28 38 17 25 30 24 28 18 22 14 14 23 9 30 4 41 28 21 16 38 19 21 0 14 23 10 26 6 26 14 12 26 23 19 23 36 5 21 39 11 21 17 18 21 41 16 11
17 2 41 25 29 37 17 11 28 17 36 19 10 27 8 36 22 18 15 41 16 17 27 38 25 15 14 0 29 23 24 17 38 27 25 38 33 32 12 22 18 18 39 16 15 27 14 9 40 26 13
22 28 16 9 7 18 12 39 14 21 8 10 39 26 35 26 26 29 19 19 27 15 14 16 4 18 23 29 0 25 13 17 23 19 23 20 9 24 41 38 21 14 17 34 43 9 41 38 20 8 16
32 21 41 16 32 43 23 34 36 31 29 24 31 4 22 14 1 38 9 44 36 27 12 41 21 28 10 23 25 0 32 11 18 7 3 19 23 10 31 45 6 27 42 16 28 16 25 30 45 17 17
10 25 18 19 7 13 10 31 4 9 21 8 32 35 32 37 31 17 23 18 15 7 25 15 15 9 26 24 13 32 0 21 35 30 32 33 22 35 35 26 26 6 16 36 39 20 38 32 16 19 15
22 15 33 9 22 33 12 28 25 21 22 13 26 14 19 20 10 28 2 35 26 17 10 32 13 18 6 17 17 11 21 0 22 11 11 21 17 17 28 37 5 16 33 17 27 11 24 25 36 10 7
40 36 36 17 30 41 29 49 37 39 21 28 47 16 40 6 19 47 23 40 45 33 12 38 20 36 26 38 23 18 35 22 0 12 15 4 15 9 49 56 21 32 38 34 46 15 43 46 42 16 28
33 25 35 11 26 37 21 38 32 32 22 22 36 7 28 9 8 39 12 38 37 26 5 35 15 29 14 27 19 7 30 11 12 0 4 12 16 6 37 48 9 25 36 23 35 10 32 35 39 11 18
33 23 39 15 30 41 23 36 36 32 26 24 34 3 25 11 4 39 10 42 37 28 9 39 19 29 12 25 23 3 32 11 15 4 0 16 20 7 34 47 7 27 40 19 31 14 28 33 43 15 18
38 36 32 15 27 37 27 49 34 37 17 26 47 18 40 9 20 45 23 36 43 31 11 34 18 34 26 38 20 19 33 21 4 12 16 0 11 11 49 54 21 30 34 35 47 13 44 46 38 14 26
28 32 21 8 16 26 18 44 23 27 6 16 43 23 36 19 24 35 19 25 33 21 11 23 8 24 23 33 9 23 22 17 15 16 20 11 0 19 45 44 21 20 23 34 44 7 41 42 27 7 20
39 30 40 16 31 42 27 43 37 38 25 27 41 7 32 4 11 45 17 43 43 32 10 40 20 35 19 32 24 10 35 17 9 6 7 11 19 0 41 54 14 31 41 26 38 15 35 40 44 16 24
26 13 53 37 41 48 29 6 39 27 48 31 3 35 9 45 30 24 26 53 23 29 38 50 37 26 23 12 41 31 35 28 49 37 34 49 45 41 0 23 28 30 51 17 6 39 8 3 51 38 25
16 24 44 39 33 37 28 17 29 17 46 28 20 49 29 57 44 9 37 43 11 23 45 40 36 20 36 22 38 45 26 37 56 48 47 54 44 54 23 0 40 24 41 38 29 41 31 21 40 40 30
26 16 37 13 27 38 17 29 30 25 26 18 27 10 19 18 5 32 3 40 30 21 11 37 17 22 5 18 21 6 26 5 21 9 7 21 21 14 28 40 0 21 38 15 26 14 23 26 41 14 11
8 19 23 15 11 19 4 26 10 7 22 4 27 30 26 33 26 15 18 23 13 1 21 20 12 4 21 18 14 27 6 16 32 25 27 30 20 31 30 24 21 0 21 31 33 17 32 27 22 16 10
25 40 4 26 11 5 23 47 12 24 18 21 48 43 47 42 43 32 35 2 30 22 31 1 21 25 39 39 17 42 16 33 38 36 40 34 23 41 51 41 38 21 0 49 54 26 53 48 4 25 28
32 14 50 26 38 48 27 21 40 32 39 28 18 20 9 30 15 34 15 51 32 30 26 48 30 30 11 16 34 16 36 17 34 23 19 35 34 26 17 38 15 31 49 0 12 28 9 17 51 27 21
32 15 56 36 44 52 32 12 43 32 49 34 9 32 8 42 27 30 25 56 29 32 37 53 39 30 21 15 43 28 39 27 46 35 31 47 44 38 6 29 26 33 54 12 0 38 3 9 55 37 27
25 26 25 2 16 27 14 38 22 24 13 13 37 17 30 17 17 32 13 28 30 18 5 25 5 21 17 27 9 16 20 11 15 10 14 13 7 15 39 41 14 17 26 28 38 0 35 36 29 1 14
31 13 54 33 42 51 30 14 42 31 46 32 11 29 6 39 24 31 22 55 30 31 34 52 37 29 18 14 41 25 38 24 43 32 28 44 41 35 8 31 23 32 53 9 3 35 0 10 54 34 25
24 10 50 34 38 45 26 4 36 24 45 28 1 34 8 44 29 22 23 50 21 26 35 47 34 23 21 9 38 30 32 25 46 35 33 46 42 40 3 21 26 27 48 17 9 36 10 0 48 35 22
25 41 8 29 14 3 25 47 12 24 22 23 48 46 48 46 46 31 38 5 30 23 34 4 24 25 41 40 20 45 16 36 42 39 43 38 27 44 51 40 41 22 4 51 55 29 54 48 0 28 30
24 25 24 1 15 26 13 37 21 23 12 12 36 18 29 18 18 31 12 27 29 17 6 24 4 20 16 26 8 17 19 10 16 11 15 14 7 16 38 40 14 16 25 27 37 1 34 35 28 0 13
15 12 29 12 17 27 6 24 19 14 23 7 23 21 19 27 16 21 8 30 19 10 16 27 12 11 11 13 16 17 15 7 28 18 18 26 20 24 25 30 11 10 28 21 27 14 25 22 30 13 0
0 409
230 270
115 155
258 298
149 189
24 64
235 275
114 154
188 228
168 208
196 236
273 313
135 175
138 178
269 309
156 196
292 332
152 192
270 310
291 331
57 97
222 262
260 300
321 361
220 260
224 264
39 79
155 195
135 175
38 78
240 280
345 385
113 153
69 109
97 137
111 151
276 316
164 204
349 389
294 334
350 390
31 71
23 63
133 173
288 328
162 202
352 392
187 227
72 112
312 352
7 47
0
66
40
79
70
38
27
43
65
20
55
12
67
54
68
22
60
54
58
65
62
67
23
61
74
68
29
36
42
61
18
76
47
38
71
14
31
15
51
19
59
73
61
38
66
75
47
73
58
20
61
