51
1626
0 40 32 3 41 40 38 18 5 15 31 8 42 29 34 3 20 23 26 5 50 27 24 35 35 34 17 37 31 0 14 34 12 29 28 12 43 29 27 44 25 19 18 29 10 25 18 31 30 4 34
40 0 26 43 24 41 29 27 37 52 23 45 2 32 26 37 20 34 31 43 13 34 19 32 22 9 28 37 28 40 29 23 31 13 14 46 45 13 28 7 20 31 35 30 33 15 28 26 30 43 26
32 26 0 35 9 15 6 14 34 38 40 34 28 8 2 31 27 14 42 32 25 10 14 6 5 29 15 11 3 32 34 4 20 16 17 31 19 15 40 23 32 16 19 6 22 25 14 1 5 32 2
3 43 35 0 44 42 41 21 6 15 32 9 45 32 37 6 23 25 27 6 53 30 27 38 38 37 20 40 34 3 15 37 15 32 31 13 45 32 28 47 27 22 20 32 13 28 21 34 33 5 37
41 24 9 44 0 22 7 23 43 47 44 43 26 16 7 40 33 23 48 41 19 18 21 13 6 31 24 18 11 41 41 7 29 20 21 40 26 19 45 18 36 25 28 14 31 29 23 10 13 41 7
40 41 15 42 22 0 15 23 42 39 54 37 43 11 15 39 41 17 56 37 39 13 28 9 19 44 23 4 13 40 44 18 28 31 32 33 4 30 54 37 46 21 22 13 30 39 22 15 13 37 15
38 29 6 41 7 15 0 20 40 43 46 39 31 12 4 37 33 19 48 38 26 14 20 6 7 34 21 11 8 38 40 7 26 22 23 36 19 21 46 25 38 22 24 11 28 31 20 7 10 38 4
18 27 14 21 23 23 20 0 20 26 32 20 29 12 16 17 19 7 34 18 34 10 8 17 17 26 1 20 13 18 22 16 6 14 13 19 27 14 32 29 24 4 8 11 8 19 1 13 12 18 16
5 37 34 6 43 42 40 20 0 20 26 13 39 31 36 3 17 25 21 10 48 29 23 37 37 31 19 39 33 5 9 36 14 27 26 17 45 28 22 42 21 21 21 31 12 22 20 33 32 9 36
15 52 38 15 47 39 43 26 20 0 46 7 54 31 40 18 35 24 41 10 60 29 33 38 42 48 25 39 36 15 29 41 21 39 38 7 40 39 42 54 40 23 19 33 19 39 25 37 34 11 40
31 23 40 32 44 54 46 32 26 46 0 39 23 43 42 28 13 39 9 36 36 42 26 46 39 14 32 50 42 31 17 39 30 24 23 43 58 25 6 30 8 35 38 41 31 15 33 40 41 35 42
8 45 34 9 43 37 39 20 13 7 39 0 47 27 36 11 28 20 34 3 53 25 26 34 37 41 19 35 32 8 22 36 14 32 31 5 39 32 35 47 33 19 15 29 12 32 20 33 30 4 36
42 2 28 45 26 43 31 29 39 54 23 47 0 34 28 39 22 36 31 45 13 36 21 34 24 9 30 39 30 42 31 25 33 15 16 48 47 15 28 8 20 33 37 32 35 17 30 28 32 45 28
29 32 8 32 16 11 12 12 31 31 43 27 34 0 9 28 30 7 45 27 32 2 17 7 12 34 12 8 5 29 33 11 17 21 21 24 15 20 43 30 35 10 12 2 19 28 11 7 3 27 9
34 26 2 37 7 15 4 16 36 40 42 36 28 9 0 33 29 16 44 34 24 11 16 6 4 30 17 11 4 34 36 3 22 18 19 33 19 17 42 22 34 18 21 7 24 27 16 3 6 34 0
3 37 31 6 40 39 37 17 3 18 28 11 39 28 33 0 17 22 23 8 47 26 21 34 34 31 16 36 30 3 11 33 11 26 25 15 42 26 24 41 22 18 18 28 9 22 17 30 29 7 33
20 20 27 23 33 41 33 19 17 35 13 28 22 30 29 17 0 26 15 25 32 29 13 33 28 14 19 37 29 20 9 27 17 13 12 31 45 14 13 26 5 22 25 28 18 5 20 27 28 24 29
23 34 14 25 23 17 19 7 25 24 39 20 36 7 16 22 26 0 41 20 38 5 15 14 18 33 7 15 12 23 28 17 11 21 20 17 20 21 39 35 31 4 5 9 13 26 6 13 10 20 16
26 31 42 27 48 56 48 34 21 41 9 34 31 45 44 23 15 41 0 31 44 44 28 48 43 22 34 52 44 26 13 42 30 28 27 38 60 29 3 38 12 37 38 43 29 19 35 42 43 30 44
5 43 32 6 41 37 38 18 10 10 36 3 45 27 34 8 25 20 31 0 51 25 24 34 35 38 17 35 31 5 19 34 12 30 29 7 40 30 32 45 30 18 15 29 10 29 18 31 30 1 34
50 13 25 53 19 39 26 34 48 60 36 53 13 32 24 47 32 38 44 51 0 34 27 30 20 22 35 35 27 50 41 21 39 21 22 53 43 21 41 6 33 38 42 30 41 27 35 25 29 51 24
27 34 10 30 18 13 14 10 29 29 42 25 36 2 11 26 29 5 44 25 34 0 17 9 14 35 10 10 7 27 31 13 15 22 22 22 17 21 42 32 34 8 10 4 17 28 9 9 5 25 11
24 19 14 27 21 28 20 8 23 33 26 26 21 17 16 21 13 15 28 24 27 17 0 20 15 18 9 24 16 24 20 14 12 6 5 27 32 6 26 21 18 12 16 15 14 11 9 14 15 24 16
35 32 6 38 13 9 6 17 37 38 46 34 34 7 6 34 33 14 48 34 30 9 20 0 10 35 18 5 5 35 39 9 23 22 23 31 13 21 46 28 38 17 19 6 25 31 17 7 6 34 6
35 22 5 38 6 19 7 17 37 42 39 37 24 12 4 34 28 18 43 35 20 14 15 10 0 27 18 15 7 35 35 1 23 15 16 35 23 14 40 18 31 20 23 10 25 24 18 5 9 35 4
34 9 29 37 31 44 34 26 31 48 14 41 9 34 30 31 14 33 22 38 22 35 18 35 27 0 27 40 31 34 23 27 28 13 13 42 48 14 19 16 11 30 34 32 29 9 27 29 32 37 30
17 28 15 20 24 23 21 1 19 25 32 19 30 12 17 16 19 7 34 17 35 10 9 18 18 27 0 20 14 17 21 17 5 15 14 18 27 15 32 30 24 3 7 12 7 20 1 14 13 17 17
37 37 11 40 18 4 11 20 39 39 50 35 39 8 11 36 37 15 52 35 35 10 24 5 15 40 20 0 9 37 41 14 25 27 28 32 8 26 50 33 42 18 20 9 27 35 19 11 9 35 11
31 28 3 34 11 13 8 13 33 36 42 32 30 5 4 30 29 12 44 31 27 7 16 5 7 31 14 9 0 31 35 6 19 18 19 29 17 17 42 25 34 14 17 3 21 27 13 2 2 31 4
0 40 32 3 41 40 38 18 5 15 31 8 42 29 34 3 20 23 26 5 50 27 24 35 35 34 17 37 31 0 14 34 12 29 28 12 43 29 27 44 25 19 18 29 10 25 18 31 30 4 34
14 29 34 15 41 44 40 22 9 29 17 22 31 33 36 11 9 28 13 19 41 31 20 39 35 23 21 41 35 14 0 34 17 21 20 26 48 22 13 35 12 24 25 33 16 14 22 33 34 18 36
34 23 4 37 7 18 7 16 36 41 39 36 25 11 3 33 27 17 42 34 21 13 14 9 1 27 17 14 6 34 34 0 22 15 16 34 22 14 40 19 31 19 22 9 24 24 17 4 8 34 3
12 31 20 15 29 28 26 6 14 21 30 14 33 17 22 11 17 11 30 12 39 15 12 23 23 28 5 25 19 12 17 22 0 18 17 15 31 18 29 33 22 7 8 17 2 19 6 19 18 12 22
29 13 16 32 20 31 22 14 27 39 24 32 15 21 18 26 13 21 28 30 21 22 6 22 15 13 15 27 18 29 21 15 18 0 1 33 35 1 25 15 16 18 22 19 20 9 15 16 19 30 18
28 14 17 31 21 32 23 13 26 38 23 31 16 21 19 25 12 20 27 29 22 22 5 23 16 13 14 28 19 28 20 16 17 1 0 32 36 2 24 16 15 17 21 19 19 8 14 17 19 29 19
12 46 31 13 40 33 36 19 17 7 43 5 48 24 33 15 31 17 38 7 53 22 27 31 35 42 18 32 29 12 26 34 15 33 32 0 34 33 39 48 36 16 12 26 13 33 18 30 27 8 33
43 45 19 45 26 4 19 27 45 40 58 39 47 15 19 42 45 20 60 40 43 17 32 13 23 48 27 8 17 43 48 22 31 35 36 34 0 34 58 41 50 24 25 17 33 43 26 19 17 40 19
29 13 15 32 19 30 21 14 28 39 25 32 15 20 17 26 14 21 29 30 21 21 6 21 14 14 15 26 17 29 22 14 18 1 2 33 34 0 26 15 17 18 22 18 20 10 15 15 18 30 17
27 28 40 28 45 54 46 32 22 42 6 35 28 43 42 24 13 39 3 32 41 42 26 46 40 19 32 50 42 27 13 40 29 25 24 39 58 26 0 35 9 35 37 41 29 16 33 40 41 31 42
44 7 23 47 18 37 25 29 42 54 30 47 8 30 22 41 26 35 38 45 6 32 21 28 18 16 30 33 25 44 35 19 33 15 16 48 41 15 35 0 27 33 37 28 35 21 30 23 27 45 22
25 20 32 27 36 46 38 24 21 40 8 33 20 35 34 22 5 31 12 30 33 34 18 38 31 11 24 42 34 25 12 31 22 16 15 36 50 17 9 27 0 27 30 33 23 7 25 32 33 29 34
19 31 16 22 25 21 22 4 21 23 35 19 33 10 18 18 22 4 37 18 38 8 12 17 20 30 3 18 14 19 24 19 7 18 17 16 24 18 35 33 27 0 4 11 9 23 3 15 12 18 18
18 35 19 20 28 22 24 8 21 19 38 15 37 12 21 18 25 5 38 15 42 10 16 19 23 34 7 20 17 18 25 22 8 22 21 12 25 22 37 37 30 4 0 14 9 27 7 18 15 15 21
29 30 6 32 14 13 11 11 31 33 41 29 32 2 7 28 28 9 43 29 30 4 15 6 10 32 12 9 3 29 33 9 17 19 19 26 17 18 41 28 33 11 14 0 19 26 11 5 1 29 7
10 33 22 13 31 30 28 8 12 19 31 12 35 19 24 9 18 13 29 10 41 17 14 25 25 29 7 27 21 10 16 24 2 20 19 13 33 20 29 35 23 9 9 19 0 20 8 21 20 10 24
25 15 25 28 29 39 31 19 22 39 15 32 17 28 27 22 5 26 19 29 27 28 11 31 24 9 20 35 27 25 14 24 19 9 8 33 43 10 16 21 7 23 27 26 20 0 20 25 26 28 27
18 28 14 21 23 22 20 1 20 25 33 20 30 11 16 17 20 6 35 18 35 9 9 17 18 27 1 19 13 18 22 17 6 15 14 18 26 15 33 30 25 3 7 11 8 20 0 13 12 18 16
31 26 1 34 10 15 7 13 33 37 40 33 28 7 3 30 27 13 42 31 25 9 14 7 5 29 14 11 2 31 33 4 19 16 17 30 19 15 40 23 32 15 18 5 21 25 13 0 4 31 3
30 30 5 33 13 13 10 12 32 34 41 30 32 3 6 29 28 10 43 30 29 5 15 6 9 32 13 9 2 30 34 8 18 19 19 27 17 18 41 27 33 12 15 1 20 26 12 4 0 30 6
4 43 32 5 41 37 38 18 9 11 35 4 45 27 34 7 24 20 30 1 51 25 24 34 35 37 17 35 31 4 18 34 12 30 29 8 40 30 31 45 29 18 15 29 10 28 18 31 30 0 34
34 26 2 37 7 15 4 16 36 40 42 36 28 9 0 33 29 16 44 34 24 11 16 6 4 30 17 11 4 34 36 3 22 18 19 33 19 17 42 22 34 18 21 7 24 27 16 3 6 34 0
0 437
252 295
260 303
342 385
7 50
182 225
49 92
346 389
109 152
55 98
71 114
29 72
252 295
40 83
314 357
202 245
188 231
334 377
97 140
249 292
194 237
385 428
95 138
45 88
282 325
206 249
306 349
215 258
112 155
177 220
154 197
268 311
31 74
347 390
346 389
117 160
273 316
197 240
231 274
78 121
144 187
127 170
25 68
33 76
388 431
315 358
177 220
53 96
67 110
10 53
330 373
0
20
54
50
82
74
45
10
22
50
44
76
62
61
25
52
78
68
44
39
62
28
22
51
65
41
68
25
57
51
57
44
61
53
57
53
47
39
58
73
63
72
63
71
35
49
31
35
48
40
26
