51
1627
0 16 24 20 15 25 31 28 30 19 26 26 8 34 24 24 30 18 19 8 11 19 24 24 14 10 6 34 5 10 23 0 6 10 17 25 13 35 43 17 31 20 17 38 8 25 12 19 13 17 28
16 0 38 32 7 10 39 43 45 34 36 42 8 27 8 33 45 33 23 23 27 35 39 8 29 16 22 32 13 19 38 16 22 26 32 27 28 43 40 29 28 35 13 35 13 30 18 8 23 33 12
24 38 0 6 39 39 10 10 12 8 4 15 32 32 43 6 9 6 17 16 17 13 3 43 10 34 18 24 26 34 9 24 18 15 7 15 11 12 31 9 25 8 27 29 25 12 36 33 35 27 47
20 32 6 0 34 34 13 14 16 5 7 14 26 31 38 6 14 3 12 12 13 11 8 38 6 30 14 23 20 30 9 20 14 11 3 14 7 16 31 3 24 6 22 28 19 11 32 28 31 23 42
15 7 39 34 0 17 43 43 45 34 39 41 8 34 13 36 45 33 27 23 26 34 39 13 29 10 21 38 14 13 38 15 21 25 32 33 28 47 46 31 34 35 19 41 15 34 12 15 17 32 17
25 10 39 34 17 0 38 47 49 38 36 47 17 19 5 33 48 36 22 28 33 40 42 5 34 26 27 27 20 29 42 25 27 31 35 26 33 42 34 31 22 39 12 29 17 29 28 6 33 42 8
31 39 10 13 43 38 0 20 22 17 6 25 35 28 42 7 17 15 16 23 26 23 13 42 19 41 25 16 30 41 19 31 25 24 16 12 20 4 21 14 20 18 26 21 28 9 43 32 43 36 46
28 43 10 14 43 47 20 0 2 9 14 9 36 42 50 16 4 11 26 20 21 12 7 50 14 38 22 34 30 38 5 28 22 19 12 25 15 20 41 16 35 8 35 39 31 22 40 41 39 27 54
30 45 12 16 45 49 22 2 0 11 16 9 38 44 52 18 6 13 28 22 22 13 9 52 16 40 24 36 32 40 7 30 24 21 14 27 17 22 43 18 37 10 37 41 33 24 42 43 41 27 56
19 34 8 5 34 38 17 9 11 0 11 9 27 36 41 11 12 2 17 11 12 6 6 41 5 29 13 28 21 29 4 19 13 10 3 19 6 20 36 7 29 1 26 33 22 16 31 32 30 21 45
26 36 4 7 39 36 6 14 16 11 0 19 31 29 40 3 12 9 14 18 20 17 7 40 13 36 20 20 26 36 13 26 20 18 10 12 14 9 27 9 22 12 24 25 24 9 38 30 38 30 44
26 42 15 14 41 47 25 9 9 9 19 0 34 45 49 20 13 11 26 19 16 7 12 49 14 36 20 37 29 35 6 26 20 16 12 28 14 27 45 16 38 8 35 42 30 25 37 41 34 19 53
8 8 32 26 8 17 35 36 38 27 31 34 0 31 16 28 38 26 19 16 19 27 32 16 22 10 14 33 6 12 31 8 14 18 25 25 21 39 41 23 29 28 14 36 7 26 12 12 16 25 20
34 27 32 31 34 19 28 42 44 36 29 45 31 0 24 26 41 34 19 34 40 41 35 24 35 41 35 12 29 43 40 34 35 37 33 17 35 30 17 29 8 37 17 11 26 20 43 19 47 50 26
24 8 43 38 13 5 42 50 52 41 40 49 16 24 0 37 51 39 26 30 35 42 45 0 36 23 29 32 21 26 45 24 29 33 38 30 35 46 39 35 27 42 16 34 19 33 25 10 30 41 4
24 33 6 6 36 33 7 16 18 11 3 20 28 26 37 0 15 9 11 16 19 17 9 37 12 34 18 18 23 34 15 24 18 17 9 9 13 11 25 7 19 12 21 23 21 6 36 27 36 29 41
30 45 9 14 45 48 17 4 6 12 12 13 38 41 51 15 0 12 26 22 23 16 6 51 16 40 24 32 32 40 9 30 24 21 13 24 17 17 38 17 34 11 36 37 32 21 42 42 41 31 55
18 33 6 3 33 36 15 11 13 2 9 11 26 34 39 9 12 0 15 10 11 8 6 39 4 28 12 26 20 28 6 18 12 9 1 17 5 18 34 5 27 3 24 31 20 14 30 30 29 21 43
19 23 17 12 27 22 16 26 28 17 14 26 19 19 26 11 26 15 0 15 21 22 20 26 16 28 16 15 15 29 21 19 16 18 14 6 16 20 24 10 14 18 10 19 12 7 30 16 32 31 30
8 23 16 12 23 28 23 20 22 11 18 19 16 34 30 16 22 10 15 0 6 12 16 30 6 18 2 30 10 18 15 8 2 3 9 21 5 27 39 9 29 12 19 34 11 19 20 22 20 16 34
11 27 17 13 26 33 26 21 22 12 20 16 19 40 35 19 23 11 21 6 0 9 17 35 7 21 6 35 15 19 16 11 6 3 10 26 6 29 44 13 35 13 25 40 16 24 21 27 19 10 39
19 35 13 11 34 40 23 12 13 6 17 7 27 41 42 17 16 8 22 12 9 0 11 42 7 29 13 34 22 28 7 19 13 9 8 25 7 25 42 12 35 5 29 39 23 22 30 34 28 15 46
24 39 3 8 39 42 13 7 9 6 7 12 32 35 45 9 6 6 20 16 17 11 0 45 10 34 18 27 26 34 6 24 18 15 7 18 11 15 34 11 28 6 30 32 26 15 36 36 35 26 49
24 8 43 38 13 5 42 50 52 41 40 49 16 24 0 37 51 39 26 30 35 42 45 0 36 23 29 32 21 26 45 24 29 33 38 30 35 46 39 35 27 42 16 34 19 33 25 10 30 41 4
14 29 10 6 29 34 19 14 16 5 13 14 22 35 36 12 16 4 16 6 7 7 10 36 0 24 8 28 16 24 9 14 8 5 3 19 1 22 37 6 29 6 23 33 17 17 26 28 25 17 40
10 16 34 30 10 26 41 38 40 29 36 36 10 41 23 34 40 28 28 18 21 29 34 23 24 0 16 42 13 3 33 10 16 20 27 34 23 45 51 27 39 30 24 46 16 35 2 22 7 22 27
6 22 18 14 21 27 25 22 24 13 20 20 14 35 29 18 24 12 16 2 6 13 18 29 8 16 0 31 9 16 17 6 0 4 11 22 7 29 40 11 30 14 19 35 10 21 18 21 18 15 33
34 32 24 23 38 27 16 34 36 28 20 37 33 12 32 18 32 26 15 30 35 34 27 32 28 42 31 0 29 43 32 34 31 32 26 9 29 18 9 22 5 29 19 5 26 12 44 24 47 45 35
5 13 26 20 14 20 30 30 32 21 26 29 6 29 21 23 32 20 15 10 15 22 26 21 16 13 9 29 0 14 25 5 9 13 19 21 15 34 38 17 26 22 12 33 3 22 15 14 18 22 25
10 19 34 30 13 29 41 38 40 29 36 35 12 43 26 34 40 28 29 18 19 28 34 26 24 3 16 43 14 0 33 10 16 20 27 35 23 45 52 27 40 30 26 47 17 35 2 24 4 19 30
23 38 9 9 38 42 19 5 7 4 13 6 31 40 45 15 9 6 21 15 16 7 6 45 9 33 17 32 25 33 0 23 17 14 7 23 10 21 40 11 33 3 30 37 26 20 35 36 34 22 49
0 16 24 20 15 25 31 28 30 19 26 26 8 34 24 24 30 18 19 8 11 19 24 24 14 10 6 34 5 10 23 0 6 10 17 25 13 35 43 17 31 20 17 38 8 25 12 19 13 17 28
6 22 18 14 21 27 25 22 24 13 20 20 14 35 29 18 24 12 16 2 6 13 18 29 8 16 0 31 9 16 17 6 0 4 11 22 7 29 40 11 30 14 19 35 10 21 18 21 18 15 33
10 26 15 11 25 31 24 19 21 10 18 16 18 37 33 17 21 9 18 3 3 9 15 33 5 20 4 32 13 20 14 10 4 0 8 23 4 27 41 11 32 11 22 37 14 21 22 25 20 13 37
17 32 7 3 32 35 16 12 14 3 10 12 25 33 38 9 13 1 14 9 10 8 7 38 3 27 11 26 19 27 7 17 11 8 0 17 4 19 34 4 27 4 23 31 19 14 29 29 28 20 42
25 27 15 14 33 26 12 25 27 19 12 28 25 17 30 9 24 17 6 21 26 25 18 30 19 34 22 9 21 35 23 25 22 23 17 0 20 16 18 13 10 20 14 14 18 3 36 20 38 36 34
13 28 11 7 28 33 20 15 17 6 14 14 21 35 35 13 17 5 16 5 6 7 11 35 1 23 7 29 15 23 10 13 7 4 4 20 0 23 38 7 29 7 22 34 16 18 25 27 24 16 39
35 43 12 16 47 42 4 20 22 20 9 27 39 30 46 11 17 18 20 27 29 25 15 46 22 45 29 18 34 45 21 35 29 27 19 16 23 0 22 18 23 20 30 22 32 13 47 36 47 39 50
43 40 31 31 46 34 21 41 43 36 27 45 41 17 39 25 38 34 24 39 44 42 34 39 37 51 40 9 38 52 40 43 40 41 34 18 38 22 0 31 12 37 27 6 35 20 53 32 56 54 42
17 29 9 3 31 31 14 16 18 7 9 16 23 29 35 7 17 5 10 9 13 12 11 35 6 27 11 22 17 27 11 17 11 11 4 13 7 18 31 0 23 8 19 27 16 11 29 25 29 23 39
31 28 25 24 34 22 20 35 37 29 22 38 29 8 27 19 34 27 14 29 35 35 28 27 29 39 30 5 26 40 33 31 30 32 27 10 29 23 12 23 0 30 15 7 23 13 41 20 44 45 30
20 35 8 6 35 39 18 8 10 1 12 8 28 37 42 12 11 3 18 12 13 5 6 42 6 30 14 29 22 30 3 20 14 11 4 20 7 20 37 8 30 0 27 34 23 17 32 33 31 20 46
17 13 27 22 19 12 26 35 37 26 24 35 14 17 16 21 36 24 10 19 25 29 30 16 23 24 19 19 12 26 30 17 19 22 23 14 22 30 27 19 15 27 0 22 9 17 26 6 30 34 20
38 35 29 28 41 29 21 39 41 33 25 42 36 11 34 23 37 31 19 34 40 39 32 34 33 46 35 5 33 47 37 38 35 37 31 14 34 22 6 27 7 34 22 0 30 17 48 27 51 50 36
8 13 25 19 15 17 28 31 33 22 24 30 7 26 19 21 32 20 12 11 16 23 26 19 17 16 10 26 3 17 26 8 10 14 19 18 16 32 35 16 23 23 9 30 0 19 18 11 21 25 23
25 30 12 11 34 29 9 22 24 16 9 25 26 20 33 6 21 14 7 19 24 22 15 33 17 35 21 12 22 35 20 25 21 21 14 3 18 13 20 11 13 17 17 17 19 0 37 23 38 34 37
12 18 36 32 12 28 43 40 42 31 38 37 12 43 25 36 42 30 30 20 21 30 36 25 26 2 18 44 15 2 35 12 18 22 29 36 25 47 53 29 41 32 26 48 18 37 0 24 6 21 29
19 8 33 28 15 6 32 41 43 32 30 41 12 19 10 27 42 30 16 22 27 34 36 10 28 22 21 24 14 24 36 19 21 25 29 20 27 36 32 25 20 33 6 27 11 23 24 0 28 36 14
13 23 35 31 17 33 43 39 41 30 38 34 16 47 30 36 41 29 32 20 19 28 35 30 25 7 18 47 18 4 34 13 18 20 28 38 24 47 56 29 44 31 30 51 21 38 6 28 0 17 34
17 33 27 23 32 42 36 27 27 21 30 19 25 50 41 29 31 21 31 16 10 15 26 41 17 22 15 45 22 19 22 17 15 13 20 36 16 39 54 23 45 20 34 50 25 34 21 36 17 0 45
28 12 47 42 17 8 46 54 56 45 44 53 20 26 4 41 55 43 30 34 39 46 49 4 40 27 33 35 25 30 49 28 33 37 42 34 39 50 42 39 30 46 20 36 23 37 29 14 34 45 0
0 546
260 478
136 354
223 441
97 315
211 429
255 473
72 290
264 482
255 473
284 502
307 525
308 526
60 278
94 312
122 340
229 447
53 271
269 487
203 421
243 461
166 384
158 376
209 427
20 238
53 271
310 528
74 292
12 230
10 228
103 321
248 466
121 339
272 490
206 424
104 322
85 303
199 417
140 358
267 485
260 478
135 353
67 285
270 488
262 480
250 468
230 448
283 501
267 485
98 316
295 513
0
39
74
38
67
23
60
64
64
40
56
23
43
28
50
28
57
43
71
73
28
59
52
61
19
52
23
58
75
46
16
39
51
37
43
59
62
16
44
72
55
73
42
69
45
53
64
61
59
70
58
