51
1625
0 29 12 25 36 37 33 12 26 29 44 16 3 7 12 34 8 31 23 24 6 24 10 43 25 23 25 39 17 19 34 38 26 18 8 23 20 7 26 11 38 13 24 28 10 32 19 17 33 20 18
29 0 17 9 13 9 16 41 18 36 15 34 26 36 24 8 22 34 6 17 33 6 28 14 31 33 8 10 32 12 37 10 19 14 36 34 14 36 4 37 10 27 7 19 31 32 31 32 6 36 31
12 17 0 14 25 25 22 24 16 28 32 20 9 19 13 22 5 28 11 17 16 12 15 31 26 26 14 27 19 8 31 26 19 7 19 27 9 19 14 20 26 16 12 21 15 27 19 19 21 23 19
25 9 14 0 22 13 23 37 21 38 23 34 22 32 17 17 19 37 7 8 27 4 21 22 22 24 1 19 33 6 40 19 10 14 33 25 16 31 5 34 14 20 3 10 29 35 32 33 15 37 32
36 13 25 22 0 19 5 47 14 29 16 34 33 43 35 5 28 27 16 30 40 18 39 15 44 46 21 12 32 23 29 7 32 18 41 47 16 43 17 40 20 38 19 32 34 24 30 32 7 35 31
37 9 25 13 19 0 22 49 27 45 11 43 34 44 29 14 30 43 15 20 39 13 33 10 33 36 12 8 41 18 46 12 20 23 44 37 23 43 11 45 1 32 13 19 39 41 40 41 13 45 40
33 16 22 23 5 22 0 44 9 24 21 29 30 40 34 8 25 22 16 31 37 19 37 20 45 47 22 17 27 23 24 12 33 15 38 47 13 40 18 36 23 37 20 33 30 19 25 27 10 30 26
12 41 24 37 47 49 44 0 35 31 56 17 15 5 23 45 20 33 35 35 12 36 19 55 34 32 37 51 19 31 36 49 37 29 6 31 31 8 38 9 50 22 36 39 14 34 21 19 44 21 20
26 18 16 21 14 27 9 35 0 18 27 20 23 32 28 14 18 16 14 29 30 17 31 26 41 41 21 23 18 19 19 18 31 9 29 42 7 33 18 27 28 31 18 31 21 14 16 18 15 22 17
29 36 28 38 29 45 24 31 18 0 45 14 30 30 39 32 26 3 31 44 35 34 39 44 53 52 38 41 12 34 5 36 46 24 26 52 22 35 35 22 46 41 35 48 19 6 10 12 33 11 11
44 15 32 23 16 11 21 56 27 45 0 47 41 51 39 13 37 43 21 31 48 21 43 1 44 47 22 5 45 27 45 9 31 28 51 48 27 51 19 51 10 42 22 30 45 40 43 45 13 49 44
16 34 20 34 34 43 29 17 20 14 47 0 17 16 27 34 16 16 29 37 22 31 26 46 41 39 34 42 2 28 19 38 39 21 12 39 20 21 33 8 44 29 32 41 6 17 4 2 34 4 3
3 26 9 22 33 34 30 15 23 30 41 17 0 10 10 31 5 32 20 21 7 21 9 40 24 22 22 36 18 16 35 35 23 15 11 22 17 10 23 14 35 12 21 25 11 31 20 18 30 21 19
7 36 19 32 43 44 40 5 32 30 51 16 10 0 19 41 15 32 30 31 8 31 15 50 30 28 32 46 18 26 35 45 33 25 4 27 27 5 33 8 45 18 31 35 12 33 20 18 40 20 19
12 24 13 17 35 29 34 23 28 39 39 27 10 19 0 31 13 41 19 12 11 18 4 38 14 13 17 34 28 12 44 34 14 19 20 14 21 15 20 23 30 3 17 16 21 39 30 28 29 31 29
34 8 22 17 5 14 8 45 14 32 13 34 31 41 31 0 26 30 12 25 38 13 35 12 39 41 16 9 32 19 32 4 27 16 39 42 15 41 12 39 15 34 14 27 33 27 30 32 2 36 31
8 22 5 19 28 30 25 20 18 26 37 16 5 15 13 26 0 28 16 21 12 17 14 36 27 26 19 32 16 13 31 30 23 10 14 26 12 15 19 15 31 15 17 25 10 27 17 16 25 20 16
31 34 28 37 27 43 22 33 16 3 43 16 32 32 41 30 28 0 30 44 37 33 41 42 54 54 37 39 14 34 3 34 46 24 28 54 22 37 34 24 44 43 34 47 21 3 12 14 31 14 13
23 6 11 7 16 15 16 35 14 31 21 29 20 30 19 12 16 30 0 15 27 3 23 20 29 31 7 16 27 7 33 15 17 8 30 31 9 30 4 31 16 22 4 17 25 28 26 27 10 31 26
24 17 17 8 30 20 31 35 29 44 31 37 21 31 12 25 21 44 15 0 23 12 16 30 14 16 9 27 36 10 47 27 2 20 32 17 22 27 13 35 21 14 11 4 31 42 36 36 23 40 36
6 33 16 27 40 39 37 12 30 35 48 22 7 8 11 38 12 37 27 23 0 27 7 47 22 20 27 43 23 21 40 42 25 22 12 19 24 4 29 16 40 10 26 27 16 38 25 23 37 26 24
24 6 12 4 18 13 19 36 17 34 21 31 21 31 18 13 17 33 3 12 27 0 22 20 26 28 4 16 29 6 36 16 14 10 31 29 12 31 2 32 14 21 1 14 26 31 28 29 11 33 28
10 28 15 21 39 33 37 19 31 39 43 26 9 15 4 35 14 41 23 16 7 22 0 42 15 13 21 38 27 16 44 38 18 22 18 13 24 11 24 21 34 3 21 20 20 40 29 27 33 30 28
43 14 31 22 15 10 20 55 26 44 1 46 40 50 38 12 36 42 20 30 47 20 42 0 43 46 21 4 44 26 44 8 30 27 50 47 26 50 18 50 9 41 21 29 44 39 42 44 12 48 43
25 31 26 22 44 33 45 34 41 53 44 41 24 30 14 39 27 54 29 14 22 26 15 43 0 3 23 41 42 22 57 41 13 32 33 4 34 26 27 36 34 12 25 15 35 53 44 42 37 45 43
23 33 26 24 46 36 47 32 41 52 47 39 22 28 13 41 26 54 31 16 20 28 13 46 3 0 25 43 40 24 57 43 16 32 31 1 34 24 29 34 37 11 27 18 33 52 42 40 39 43 41
25 8 14 1 21 12 22 37 21 38 22 34 22 32 17 16 19 37 7 9 27 4 21 21 23 25 0 18 33 6 40 18 11 14 33 26 16 31 4 34 13 20 3 11 29 35 32 33 14 37 32
39 10 27 19 12 8 17 51 23 41 5 42 36 46 34 9 32 39 16 27 43 16 38 4 41 43 18 0 40 22 41 5 28 23 46 44 22 46 14 46 8 37 17 27 40 36 38 40 8 44 39
17 32 19 33 32 41 27 19 18 12 45 2 18 18 28 32 16 14 27 36 23 29 27 44 42 40 33 40 0 27 17 36 38 19 14 40 18 23 31 10 42 30 30 40 7 15 2 0 32 4 1
19 12 8 6 23 18 23 31 19 34 27 28 16 26 12 19 13 34 7 10 21 6 16 26 22 24 6 22 27 0 37 22 12 10 27 24 12 25 8 28 19 15 5 14 23 32 27 27 17 31 27
34 37 31 40 29 46 24 36 19 5 45 19 35 35 44 32 31 3 33 47 40 36 44 44 57 57 40 41 17 37 0 36 49 27 31 57 25 40 37 27 46 46 37 50 24 5 15 17 33 16 16
38 10 26 19 7 12 12 49 18 36 9 38 35 45 34 4 30 34 15 27 42 16 38 8 41 43 18 5 36 22 36 0 29 20 43 44 19 45 14 43 13 37 17 29 37 31 34 36 5 40 35
26 19 19 10 32 20 33 37 31 46 31 39 23 33 14 27 23 46 17 2 25 14 18 30 13 16 11 28 38 12 49 29 0 22 34 17 24 29 15 37 21 16 13 2 33 44 38 38 25 42 38
18 14 7 14 18 23 15 29 9 24 28 21 15 25 19 16 10 24 8 20 22 10 22 27 32 32 14 23 19 10 27 20 22 0 23 33 2 25 12 23 24 22 11 24 17 22 18 19 15 23 18
8 36 19 33 41 44 38 6 29 26 51 12 11 4 20 39 14 28 30 32 12 31 18 50 33 31 33 46 14 27 31 43 34 23 0 31 25 9 33 4 45 21 31 36 8 29 16 14 38 16 15
23 34 27 25 47 37 47 31 42 52 48 39 22 27 14 42 26 54 31 17 19 29 13 47 4 1 26 44 40 24 57 44 17 33 31 0 35 23 30 34 38 11 28 19 33 53 42 40 40 43 41
20 14 9 16 16 23 13 31 7 22 27 20 17 27 21 15 12 22 9 22 24 12 24 26 34 34 16 22 18 12 25 19 24 2 25 35 0 27 13 24 24 24 13 26 18 20 17 18 14 22 17
7 36 19 31 43 43 40 8 33 35 51 21 10 5 15 41 15 37 30 27 4 31 11 50 26 24 31 46 23 25 40 45 29 25 9 23 27 0 33 13 44 14 30 31 16 38 25 23 40 25 24
26 4 14 5 17 11 18 38 18 35 19 33 23 33 20 12 19 34 4 13 29 2 24 18 27 29 4 14 31 8 37 14 15 12 33 30 13 33 0 34 12 23 3 15 28 32 30 31 10 35 30
11 37 20 34 40 45 36 9 27 22 51 8 14 8 23 39 15 24 31 35 16 32 21 50 36 34 34 46 10 28 27 43 37 23 4 34 24 13 34 0 46 24 32 39 6 25 12 10 38 12 11
38 10 26 14 20 1 23 50 28 46 10 44 35 45 30 15 31 44 16 21 40 14 34 9 34 37 13 8 42 19 46 13 21 24 45 38 24 44 12 46 0 33 14 20 40 41 41 42 13 46 41
13 27 16 20 38 32 37 22 31 41 42 29 12 18 3 34 15 43 22 14 10 21 3 41 12 11 20 37 30 15 46 37 16 22 21 11 24 14 23 24 33 0 20 18 23 42 32 30 32 33 31
24 7 12 3 19 13 20 36 18 35 22 32 21 31 17 14 17 34 4 11 26 1 21 21 25 27 3 17 30 5 37 17 13 11 31 28 13 30 3 32 14 20 0 13 27 32 29 30 12 34 29
28 19 21 10 32 19 33 39 31 48 30 41 25 35 16 27 25 47 17 4 27 14 20 29 15 18 11 27 40 14 50 29 2 24 36 19 26 31 15 39 20 18 13 0 35 45 40 40 25 44 40
10 31 15 29 34 39 30 14 21 19 45 6 11 12 21 33 10 21 25 31 16 26 20 44 35 33 29 40 7 23 24 37 33 17 8 33 18 16 28 6 40 23 27 35 0 22 9 7 32 10 8
32 32 27 35 24 41 19 34 14 6 40 17 31 33 39 27 27 3 28 42 38 31 40 39 53 52 35 36 15 32 5 31 44 22 29 53 20 38 32 25 41 42 32 45 22 0 13 15 28 16 14
19 31 19 32 30 40 25 21 16 10 43 4 20 20 30 30 17 12 26 36 25 28 29 42 44 42 32 38 2 27 15 34 38 18 16 42 17 25 30 12 41 32 29 40 9 13 0 2 30 6 1
17 32 19 33 32 41 27 19 18 12 45 2 18 18 28 32 16 14 27 36 23 29 27 44 42 40 33 40 0 27 17 36 38 19 14 40 18 23 31 10 42 30 30 40 7 15 2 0 32 4 1
33 6 21 15 7 13 10 44 15 33 13 34 30 40 29 2 25 31 10 23 37 11 33 12 37 39 14 8 32 17 33 5 25 15 38 40 14 40 10 38 13 32 12 25 32 28 30 32 0 36 31
20 36 23 37 35 45 30 21 22 11 49 4 21 20 31 36 20 14 31 40 26 33 30 48 45 43 37 44 4 31 16 40 42 23 16 43 22 25 35 12 46 33 34 44 10 16 6 4 36 0 5
18 31 19 32 31 40 26 20 17 11 44 3 19 19 29 31 16 13 26 36 24 28 28 43 43 41 32 39 1 27 16 35 38 18 15 41 17 24 30 11 41 31 29 40 8 14 1 1 31 5 0
0 327
302 302
131 131
18 18
209 209
195 195
13 13
221 221
49 49
26 26
100 100
192 192
316 316
153 153
7 7
118 118
219 219
39 39
74 74
13 13
101 101
1 1
254 254
102 102
160 160
235 235
294 294
139 139
125 125
317 317
262 262
113 113
271 271
108 108
155 155
56 56
222 222
13 13
12 12
125 125
209 209
82 82
156 156
41 41
299 299
264 264
47 47
250 250
116 116
47 47
213 213
0
65
75
29
38
38
52
52
57
81
44
44
39
57
28
56
85
55
40
51
41
39
44
22
67
19
53
39
72
70
83
48
59
42
13
19
22
22
34
47
61
62
72
76
70
72
59
81
11
38
56
